1820.0 963.4389999999996 19 3300.0 -1480.0 165 -237 242.50599999999991 158.85199999999998 208
1340.0 830.001 15 3180.0 -1840.0 167 -200 239.86199999999997 122.65400000000001 184
2230.0 854.6969999999998 16 3630.0 -1750.0 206 -204 221.652 167.17299999999994 175
820.0 645.2909999999998 13 2730.0 -2035.0 191 -152 183.27499999999992 118.22299999999997 316
1030.0 690.5739999999998 11 2910.0 -1970.0 179 -138 265.4189999999999 122.29899999999998 197
2310.0 918.56 15 4170.0 -1860.0 169 -205 286.98999999999995 178.76299999999998 186
3180.0 925.3879999999998 17 4410.0 -1340.0 172 -202 308.282 184.98499999999996 134
2670.0 921.7419999999997 17 3810.0 -1200.0 241 -222 230.18899999999996 170.769 120
2600.0 796.9219999999996 14 3390.0 -1300.0 209 -176 251.73099999999994 146.38999999999996 130
2240.0 825.539 15 3570.0 -1560.0 193 -188 227.3799999999999 137.671 156
2150.0 962.6909999999998 17 3090.0 -1120.0 189 -204 338.1889999999999 138.52399999999997 94
2230.0 875.8979999999998 15 4110.0 -2060.0 187 -197 265.00799999999987 174.69199999999992 206
1760.0 789.5529999999999 14 3660.0 -2010.0 183 -171 261.50399999999996 162.62399999999997 201
2160.0 953.0779999999997 17 3990.0 -1935.0 178 -227 279.43699999999995 157.44 204
4170.0 827.748 15 5520.0 -1650.0 200 -186 268.05699999999996 208.669 165
1640.0 835.542 16 3480.0 -1840.0 167 -194 249.74599999999992 149.547 184
790.0 531.1849999999997 10 2070.0 -1280.0 167 -130 146.7 69.627 128
720.0 458.5089999999999 7 2610.0 -2090.0 190 -107 142.49099999999996 89.025 308
1370.0 745.9069999999997 12 3270.0 -2080.0 210 -161 250.6929999999999 131.49199999999996 208
270.0 363.13899999999995 5 1260.0 -990.0 90 -86 99.43599999999998 54.457999999999984 99
2510.0 807.5009999999995 16 3840.0 -1330.0 172 -187 221.38199999999995 169.08099999999996 133
2160.0 913.2079999999999 16 3180.0 -1510.0 216 -206 285.7729999999999 141.55799999999996 210
2710.0 1164.5529999999997 21 4380.0 -1670.0 244 -260 337.289 219.07500000000002 167
730.0 644.3319999999998 11 2430.0 -1910.0 193 -141 226.44000000000003 108.42099999999996 269
960.0 796.682 14 2820.0 -2090.0 216 -178 245.69499999999994 130.19 209
1465.0 628.0979999999998 10 2850.0 -1385.0 193 -143 185.74299999999994 115.34399999999997 205
3880.0 1028.087 19 5460.0 -1640.0 246 -243 275.746 227.39599999999993 164
2180.0 1001.867 18 3660.0 -1480.0 171 -215 342.96 160.53799999999993 132
2240.0 932.3679999999998 16 4260.0 -2020.0 234 -227 232.13299999999995 191.03099999999998 202
3370.0 869.6559999999998 14 5130.0 -1880.0 171 -191 265.83099999999996 214.08700000000002 188
2010.0 930.9499999999996 16 3900.0 -2240.0 204 -197 332.5589999999999 146.19599999999994 224
2620.0 1048.1319999999998 20 4170.0 -1550.0 236 -266 238.59099999999998 182.156 155
1190.0 793.2079999999999 13 3120.0 -1990.0 183 -168 265.3879999999999 132.6 205
1575.0 945.0469999999998 17 3360.0 -1785.0 250 -219 278.04099999999994 138.81300000000002 162
2860.0 851.7349999999998 14 4770.0 -1910.0 174 -189 274.62199999999996 189.01799999999994 191
1890.0 819.8099999999998 15 3780.0 -2170.0 197 -187 238.81199999999995 159.77199999999996 217
345.0 546.8139999999996 10 1890.0 -1625.0 177 -124 162.4159999999999 90.14399999999998 226
2380.0 971.8270000000001 17 4500.0 -2120.0 218 -219 291.736 193.25799999999992 212
1440.0 900.0559999999998 17 3690.0 -2250.0 251 -225 245.89799999999994 129.862 225
2020.0 910.61 17 3900.0 -1880.0 171 -205 287.021 166.08299999999997 188
1180.0 803.7700000000002 14 3780.0 -2615.0 238 -198 189.83999999999997 168.04499999999996 263
4575.0 744.9739999999998 14 5610.0 -1405.0 215 -195 208.74300000000002 169.94599999999997 242
350.0 712.6399999999998 12 2370.0 -2020.0 199 -153 248.18 94.42199999999997 202
1310.0 639.616 12 3000.0 -1910.0 216 -153 198.55099999999993 102.12299999999999 261
2070.0 956.8199999999997 18 4320.0 -2250.0 248 -245 229.651 170.28199999999998 225
1690.0 975.5679999999996 18 3390.0 -1700.0 247 -224 286.521 160.82399999999998 170
3315.0 936.9099999999997 18 4380.0 -1625.0 215 -230 236.63899999999992 183.535 197
2500.0 728.1119999999999 13 4140.0 -1700.0 173 -176 177.45999999999998 179.054 248
1930.0 908.0840000000001 17 4020.0 -2090.0 241 -203 276.191 178.12599999999995 209
720.0 753.294 13 2580.0 -1950.0 177 -164 253.20699999999994 115.93299999999999 195
3790.0 938.8339999999997 15 4590.0 -1340.0 242 -207 293.45000000000005 167.53599999999997 188
1910.0 852.7029999999999 14 4140.0 -2230.0 259 -203 251.43999999999988 155.36399999999995 223
2545.0 629.8899999999999 10 3330.0 -785.0 91 -140 190.51199999999992 144.04599999999996 157
3360.0 892.8479999999997 16 5280.0 -2140.0 195 -214 238.657 205.166 214
1360.0 752.817 15 3270.0 -2120.0 193 -180 195.23 146.80299999999997 212
1960.0 494.4769999999999 9 3240.0 -1500.0 187 -135 102.77899999999997 104.282 150
1475.0 764.8659999999999 13 2640.0 -1355.0 187 -161 275.65799999999996 114.68299999999998 214
3030.0 863.5229999999998 16 4380.0 -1540.0 204 -202 236.792 184.97899999999998 154
3560.0 955.4529999999999 15 5310.0 -1750.0 248 -218 271.666 220.46799999999988 175
2550.0 854.1619999999998 16 4470.0 -2140.0 195 -192 277.1679999999999 188.17499999999995 214
985.0 770.1709999999996 14 2700.0 -1715.0 176 -170 249.87599999999986 120.72 251
2910.0 871.3889999999997 16 4200.0 -1290.0 168 -213 239.85800000000003 155.936 129
3030.0 905.568 16 4740.0 -2000.0 276 -211 221.97699999999995 220.35599999999997 200
2830.0 1017.0269999999997 18 4110.0 -1790.0 213 -235 287.46899999999994 186.11299999999997 179
10.0 559.0719999999998 10 1500.0 -1490.0 185 -128 170.56599999999992 73.852 149
1470.0 610.3289999999998 10 2460.0 -990.0 90 -132 190.37999999999997 117.23299999999998 99
1950.0 850.9339999999997 15 3330.0 -1590.0 188 -178 298.9279999999999 148.147 159
1650.0 965.1739999999999 17 3270.0 -1620.0 237 -220 276.27799999999996 147.41 162
2280.0 894.406 13 3570.0 -1290.0 168 -208 246.69299999999993 166.112 129
1230.0 389.1979999999999 6 1680.0 -450.0 93 -90 117.77699999999997 65.05699999999999 45
1050.0 563.156 9 2040.0 -990.0 90 -121 177.04399999999998 107.69199999999998 99
2090.0 848.1299999999998 16 3390.0 -1560.0 191 -185 276.7559999999999 148.32899999999998 156
1195.0 742.4259999999997 12 2910.0 -1875.0 190 -159 242.51099999999997 130.14199999999997 267
2680.0 1002.1639999999996 17 4140.0 -1645.0 195 -219 314.72299999999996 187.18199999999996 165
3160.0 833.0859999999998 15 4440.0 -1320.0 169 -195 239.28599999999992 174.713 132
740.0 448.78899999999993 7 1740.0 -1000.0 91 -112 113.28299999999997 68.71799999999999 100
720.0 786.7209999999997 16 2640.0 -2150.0 196 -202 172.942 112.01399999999998 215
460.0 443.89999999999975 6 1470.0 -1010.0 92 -97 141.82599999999996 68.42 101
2190.0 806.2419999999996 15 4410.0 -2220.0 252 -206 219.44199999999995 144.588 222
1060.0 518.2169999999999 8 2070.0 -1010.0 92 -114 172.45200000000003 80.89199999999997 101
1220.0 719.7119999999998 14 3060.0 -1940.0 176 -170 223.7839999999999 111.01499999999999 194
1455.0 775.1269999999997 13 3180.0 -1825.0 184 -173 240.91799999999995 142.98999999999998 256
2450.0 705.4049999999999 11 3810.0 -1360.0 175 -151 232.50999999999993 161.94099999999997 136
1810.0 835.5169999999997 15 3090.0 -1390.0 177 -188 268.19899999999996 128.51 139
2070.0 706.7220000000002 11 3420.0 -1540.0 191 -175 169.89799999999997 137.493 154
4600.0 1065.5680000000002 20 5400.0 -1420.0 222 -221 360.33799999999997 236.84999999999997 142
1855.0 650.5639999999999 11 3390.0 -1645.0 194 -162 178.607 112.79000000000002 230
1380.0 762.4689999999997 12 3270.0 -1940.0 182 -154 274.38199999999995 152.46899999999994 194
3080.0 941.4729999999998 17 4800.0 -1720.0 251 -211 278.726 208.93199999999993 172
870.0 579.9839999999997 10 2400.0 -1590.0 171 -131 173.34499999999994 78.277 213
420.0 450.986 8 1410.0 -990.0 90 -106 135.73699999999994 61.516000000000005 99
1700.0 812.0269999999996 13 3060.0 -1490.0 202 -177 260.29 142.80999999999997 149
1010.0 524.6209999999999 8 2010.0 -1000.0 91 -111 173.53999999999996 95.40799999999999 100
1060.0 787.8779999999998 15 2940.0 -1880.0 171 -195 194.9969999999999 120.01299999999995 188
2140.0 891.6249999999999 16 4380.0 -2240.0 246 -226 225.793 165.124 224
1890.0 779.3729999999998 15 3450.0 -1615.0 176 -174 253.00699999999995 142.16799999999998 224
1220.0 740.2589999999998 13 3030.0 -1810.0 165 -173 205.18699999999993 138.53599999999997 181
3730.0 1235.0690000000002 22 5010.0 -1465.0 192 -284 386.4329999999999 204.15500000000003 165
3655.0 948.1959999999998 17 4290.0 -1025.0 219 -201 319.7059999999999 192.468 135
3130.0 896.8210000000004 17 4410.0 -1980.0 230 -207 272.899 147.005 198
3140.0 709.0699999999999 12 3930.0 -1060.0 188 -146 251.352 161.27999999999997 106
3445.0 1006.1829999999997 17 4470.0 -1025.0 173 -238 266.455 192.25599999999997 161
3610.0 924.2779999999999 16 5460.0 -1850.0 168 -218 255.99199999999993 221.08499999999995 185
1630.0 699.2109999999997 12 3450.0 -1820.0 166 -159 194.1099999999999 157.94 182
0.0 527.5909999999999 8 2070.0 -2070.0 188 -126 140.58399999999997 95.36299999999996 207
2740.0 856.3469999999998 16 4110.0 -1990.0 224 -203 239.29199999999994 169.3 199
1250.0 730.5719999999995 14 3150.0 -2050.0 204 -162 241.7309999999999 131.891 205
1210.0 794.7289999999999 14 3120.0 -1910.0 242 -190 234.40300000000002 120.82699999999997 183
440.0 623.2389999999999 11 2460.0 -2020.0 196 -136 206.49699999999993 108.80999999999999 202
1160.0 670.093 13 3060.0 -2200.0 200 -159 189.25800000000004 129.13299999999998 220
3200.0 973.1579999999996 19 4590.0 -1390.0 251 -234 254.40399999999997 194.73600000000002 195
1680.0 466.417 7 2670.0 -990.0 90 -95 171.42099999999996 111.32600000000001 99
1940.0 724.6819999999999 13 3810.0 -2110.0 192 -175 213.93399999999994 137.29699999999997 211
3370.0 932.6689999999999 18 4200.0 -1380.0 222 -216 260.61899999999997 194.50799999999995 138
2520.0 988.634 19 3930.0 -1410.0 175 -230 264.638 179.64999999999998 141
800.0 468.92600000000004 7 1800.0 -1000.0 91 -108 140.706 77.30499999999996 100
770.0 564.7729999999999 10 2130.0 -1425.0 184 -126 186.14399999999995 87.00899999999997 149
2530.0 935.7159999999998 16 4170.0 -1370.0 168 -207 281.5939999999999 193.10500000000002 137
3240.0 926.7419999999998 13 4530.0 -1590.0 195 -181 356.1429999999999 188.61699999999996 159
2590.0 968.9529999999999 18 4500.0 -2010.0 194 -213 312.47399999999993 201.44199999999998 201
2090.0 836.395 15 3930.0 -1840.0 167 -191 246.78899999999996 155.85099999999997 184
2760.0 866.7429999999997 14 4110.0 -1350.0 174 -180 309.9219999999999 166.89599999999993 135
2890.0 843.976 15 4290.0 -1700.0 201 -186 271.258 167.09099999999998 170
1750.0 705.5609999999999 12 3120.0 -1420.0 171 -158 197.79399999999995 148.02199999999996 142
2870.0 882.0869999999999 14 4710.0 -1840.0 167 -188 284.0 211.26 184
2690.0 921.4909999999998 17 4590.0 -1900.0 173 -205 301.64499999999987 178.78199999999998 190
3590.0 986.249 18 4590.0 -1060.0 178 -203 342.5399999999999 203.2899999999999 168
1930.0 851.6529999999997 16 3780.0 -1860.0 168 -192 266.20899999999995 156.74099999999999 186
2000.0 775.2189999999998 13 3900.0 -1810.0 165 -172 256.601 148.04399999999998 181
3950.0 1053.294 18 4860.0 -910.0 167 -258 292.9789999999999 181.502 73
2020.0 959.101 18 3900.0 -1940.0 176 -213 280.60200000000003 182.30399999999995 194
2045.0 941.9079999999998 18 3600.0 -1555.0 169 -237 213.45699999999997 161.343 211
1640.0 826.7439999999998 16 2910.0 -1510.0 187 -195 256.63399999999996 113.05399999999997 151
2680.0 830.4539999999998 14 4560.0 -2060.0 187 -186 253.58899999999994 195.861 206
1730.0 812.0300000000001 12 3060.0 -1330.0 172 -164 298.58399999999995 136.952 133
1700.0 559.8499999999999 9 3240.0 -1590.0 171 -139 130.76600000000002 82.80000000000001 313
990.0 695.7519999999998 12 2790.0 -2050.0 186 -151 221.67200000000003 120.647 205
2060.0 1068.2899999999997 19 3870.0 -1810.0 242 -254 287.284 178.084 166
1770.0 751.2139999999997 15 3330.0 -1560.0 174 -165 243.31699999999992 148.59099999999998 220
2615.0 670.7529999999999 11 3780.0 -1245.0 176 -149 211.76000000000002 135.71899999999997 204
5080.0 899.6259999999995 18 5880.0 -1050.0 195 -223 242.70699999999997 181.75099999999998 130
2230.0 913.5609999999996 16 4500.0 -2270.0 255 -216 237.90199999999993 201.38400000000001 227
1850.0 884.0389999999999 15 3090.0 -1910.0 224 -185 314.44899999999996 141.00500000000002 191
1000.0 440.4219999999999 7 1440.0 -440.0 91 -92 161.51699999999997 61.30699999999999 44
2060.0 895.4269999999998 17 3330.0 -1540.0 189 -206 288.06999999999994 131.388 154
2740.0 1063.2789999999995 18 4620.0 -2100.0 216 -239 323.0329999999999 206.3739999999999 210
2520.0 879.9910000000002 15 4110.0 -2060.0 217 -195 264.62399999999997 180.15900000000002 265
2140.0 815.5409999999999 13 3510.0 -1390.0 170 -157 306.6229999999998 170.28799999999995 141
2550.0 862.3719999999998 15 3900.0 -1350.0 215 -190 281.8619999999999 168.29699999999994 205
4100.0 991.4119999999996 17 5100.0 -1060.0 178 -201 328.5179999999999 252.33700000000002 168
1190.0 794.123 16 2730.0 -1810.0 191 -193 217.43099999999995 116.20099999999996 235
2050.0 977.5060000000001 15 4080.0 -2030.0 253 -230 254.35799999999998 183.822 195
1960.0 438.892 7 2400.0 -440.0 91 -87 147.81999999999994 123.10799999999996 44
2530.0 976.6830000000001 17 4410.0 -2010.0 182 -215 314.98999999999995 186.62199999999996 201
2150.0 722.2199999999996 14 3630.0 -1680.0 184 -180 182.46199999999993 139.07799999999997 232
1400.0 697.0369999999997 12 2700.0 -1410.0 179 -150 247.75899999999993 107.84899999999999 141
2830.0 950.1739999999999 17 4140.0 -1345.0 173 -208 318.7389999999999 173.104 138
1520.0 916.3669999999997 15 3420.0 -1900.0 173 -212 279.83 133.45199999999997 190
-100.0 603.7599999999996 11 1830.0 -1930.0 176 -135 193.32899999999992 80.72 193
2830.0 987.6279999999998 18 4200.0 -1490.0 179 -224 282.49299999999994 191.94399999999996 149
1660.0 942.5789999999998 19 3870.0 -2210.0 251 -227 260.5369999999999 160.58599999999996 221
2590.0 796.5569999999998 13 4500.0 -1980.0 180 -183 234.34099999999995 187.80199999999996 198
700.0 636.7789999999998 10 2580.0 -1880.0 171 -144 183.71099999999998 123.32399999999998 188
1160.0 555.996 9 2160.0 -1000.0 91 -136 146.91199999999998 90.647 100
1830.0 1004.636 17 4080.0 -2250.0 250 -250 249.97799999999992 178.21999999999997 225
510.0 740.9709999999995 13 3210.0 -2700.0 245 -189 171.02199999999993 124.266 270
3920.0 920.5979999999997 16 5280.0 -1360.0 167 -232 236.57099999999994 183.75199999999998 136
1850.0 906.4659999999999 16 3720.0 -1870.0 170 -203 272.23999999999995 156.27499999999998 187
1300.0 798.3819999999997 15 3150.0 -1950.0 177 -182 244.3949999999999 140.35799999999995 195
1570.0 890.9109999999996 17 3450.0 -1880.0 171 -220 232.67999999999998 140.92099999999994 188
2100.0 853.2819999999997 17 3450.0 -1480.0 201 -198 255.89199999999994 146.403 148
2210.0 837.9919999999995 15 3570.0 -1580.0 187 -179 283.491 158.612 158
2930.0 907.0809999999997 16 4260.0 -1330.0 171 -187 320.8589999999999 197.41699999999997 133
2890.0 934.3219999999997 17 4170.0 -1515.0 199 -225 254.4919999999999 175.40999999999994 175
680.0 455.06699999999984 7 1680.0 -1000.0 91 -86 191.22599999999994 73.94500000000001 100
1870.0 802.9509999999998 14 3780.0 -2090.0 190 -168 293.89899999999983 155.22099999999995 209
900.0 867.058 15 3180.0 -2280.0 207 -203 249.23199999999997 139.873 228
2390.0 867.2489999999997 16 4230.0 -2220.0 246 -206 227.01899999999995 150.63899999999998 222
1740.0 709.8859999999999 13 3600.0 -1860.0 169 -167 202.921 154.27699999999993 186
2790.0 989.4379999999996 18 3630.0 -1080.0 224 -208 354.8729999999998 161.036 108
835.0 673.1309999999999 13 2730.0 -1895.0 172 -156 198.80099999999993 121.09599999999999 379
2740.0 965.5109999999996 17 4620.0 -2170.0 197 -227 267.707 196.24199999999996 217
630.0 427.83599999999984 7 1620.0 -990.0 90 -93 134.30399999999997 75.23899999999999 99
2150.0 701.4699999999996 15 2580.0 -430.0 89 -189 147.39600000000002 110.629 43
420.0 704.292 10 2550.0 -2130.0 219 -157 202.819 128.736 213
1940.0 859.4299999999998 17 3780.0 -2030.0 184 -200 274.473 140.24499999999998 203
2445.0 853.0129999999996 14 4080.0 -1635.0 168 -190 254.35599999999988 193.53199999999998 242
3290.0 841.6509999999997 16 4440.0 -1300.0 180 -188 274.4489999999999 180.33899999999997 208
1000.0 813.4959999999999 14 2820.0 -1820.0 166 -184 236.681 129.54999999999998 182
4200.0 1079.4769999999994 19 5040.0 -840.0 174 -257 307.4869999999999 194.57399999999996 84
1770.0 825.925 14 3120.0 -1410.0 178 -183 255.13599999999997 143.543 141
2840.0 971.7849999999996 15 4230.0 -1515.0 189 -205 320.35099999999994 188.43499999999995 164
1750.0 949.6819999999999 16 3630.0 -2000.0 182 -216 280.941 159.51000000000002 200
825.0 611.8720000000001 11 2370.0 -1855.0 201 -145 170.45399999999992 101.44899999999998 250
1805.0 832.2569999999997 16 3060.0 -1345.0 177 -177 287.84299999999996 138.39 225
2880.0 891.9629999999999 16 4800.0 -2540.0 231 -216 211.82499999999996 211.99699999999999 254
3660.0 1020.2999999999997 18 5310.0 -1650.0 243 -247 298.7449999999999 188.45200000000006 165
1970.0 997.8039999999999 17 4140.0 -2170.0 240 -213 353.27900000000005 176.754 217
2500.0 932.9699999999999 14 3720.0 -1220.0 170 -201 295.102 172.337 115
2720.0 913.6789999999997 17 4590.0 -2580.0 235 -218 244.58199999999997 193.95899999999995 258
3220.0 987.0159999999998 17 4050.0 -830.0 172 -213 316.75099999999986 189.75099999999995 83
2490.0 852.0559999999997 15 4350.0 -1860.0 169 -189 262.74299999999994 190.45899999999995 186
1610.0 815.7249999999997 15 3420.0 -1940.0 180 -194 229.4599999999999 141.029 207
3240.0 948.568 18 4530.0 -1450.0 181 -208 296.662 204.012 145
2800.0 853.4549999999996 17 4170.0 -1530.0 191 -197 262.582 166.618 153
2460.0 908.1449999999998 16 3840.0 -1550.0 185 -205 277.96599999999995 162.1369999999999 155
1835.0 850.5510000000002 15 3510.0 -1835.0 183 -177 317.5349999999999 146.24199999999996 251
1400.0 715.5349999999996 12 3240.0 -1840.0 167 -162 219.1839999999999 136.52899999999997 283
3740.0 942.1219999999998 17 5100.0 -1405.0 172 -189 336.8070000000001 232.421 145
3780.0 916.2259999999998 14 5370.0 -1650.0 244 -195 322.1539999999999 198.92299999999994 165
2630.0 589.57 10 3060.0 -1210.0 160 -108 241.59499999999997 145.46999999999997 121
1220.0 860.1359999999997 14 3390.0 -2170.0 240 -197 252.53899999999996 123.94300000000001 217
1400.0 794.8059999999998 12 3240.0 -1840.0 167 -172 267.1089999999999 146.24099999999999 184
2950.0 956.2819999999998 18 4290.0 -1340.0 173 -218 283.155 188.66199999999998 134
150.0 357.51399999999984 6 1140.0 -990.0 90 -86 92.03799999999998 52.708999999999996 99
3760.0 1107.9989999999996 19 5220.0 -1460.0 174 -233 381.71799999999996 243.128 128
3650.0 877.1979999999998 15 4980.0 -1450.0 188 -207 228.76299999999998 218.8439999999999 157
2355.0 890.1259999999999 16 3750.0 -1395.0 250 -212 244.015 162.77699999999993 198
3650.0 870.9799999999999 14 4470.0 -1280.0 212 -195 257.131 200.437 128
2930.0 907.7069999999998 17 4230.0 -1510.0 188 -207 266.2819999999999 180.37099999999995 151
2355.0 837.6299999999998 14 4020.0 -1935.0 195 -191 227.4559999999999 182.69899999999996 273
2780.0 903.5039999999998 16 4170.0 -1620.0 193 -205 253.183 195.85700000000003 162
1110.0 621.8949999999999 11 2790.0 -1680.0 183 -144 167.178 130.00799999999998 228
3330.0 1020.9219999999995 18 4560.0 -1230.0 162 -224 321.25199999999995 206.69799999999998 123
2360.0 867.8449999999999 16 4260.0 -1950.0 177 -212 232.05799999999996 154.31099999999998 195
450.0 554.8949999999996 10 1860.0 -1500.0 183 -134 137.46499999999995 82.49100000000001 150
920.0 513.9469999999998 9 1920.0 -1000.0 91 -116 175.17000000000002 81.13 100
4060.0 973.3869999999994 15 5400.0 -1550.0 251 -231 239.33699999999996 233.38 148
3270.0 1016.8739999999999 18 4470.0 -1460.0 272 -221 344.342 185.18399999999994 146
1770.0 820.6569999999999 14 3660.0 -2060.0 187 -171 281.86099999999993 162.851 206
2310.0 878.4749999999996 15 4170.0 -1860.0 169 -186 302.1139999999999 189.584 186
1560.0 701.1529999999999 12 3480.0 -1920.0 175 -161 213.52399999999997 137.97299999999998 192
1790.0 915.72 16 3660.0 -2130.0 193 -182 335.90799999999996 174.904 213
2820.0 1006.4089999999998 17 4500.0 -1500.0 175 -230 323.60299999999995 166.76799999999997 133
2330.0 857.367 14 4650.0 -2320.0 257 -212 215.385 176.444 232
2075.0 593.212 11 3660.0 -1725.0 176 -128 180.64999999999998 161.31599999999992 251
3900.0 934.5039999999999 17 5760.0 -2170.0 233 -238 184.286 252.76199999999994 217
2840.0 870.23 16 3810.0 -970.0 165 -201 243.41200000000003 174.89000000000001 151
1450.0 804.7809999999997 14 2850.0 -1520.0 199 -166 293.50299999999993 129.88100000000003 152
2330.0 1012.9889999999998 18 3900.0 -1570.0 171 -254 231.84799999999996 174.63299999999995 214
1970.0 749.0299999999997 14 3810.0 -2095.0 196 -190 201.37899999999996 131.31900000000002 235
1410.0 464.2159999999999 9 2400.0 -990.0 90 -108 122.12699999999997 106.44399999999997 99
1610.0 976.5260000000004 16 3480.0 -1660.0 244 -217 307.34999999999997 154.355 166
1090.0 773.9769999999999 14 3000.0 -1910.0 174 -167 271.52299999999997 122.807 191
2310.0 821.5109999999999 16 4200.0 -2100.0 191 -186 241.15099999999995 183.95299999999992 210
2500.0 866.1899999999996 17 3780.0 -1320.0 175 -209 222.9279999999999 157.96199999999996 132
1620.0 920.9479999999998 16 3540.0 -1920.0 175 -221 254.73499999999993 140.096 192
1530.0 826.0429999999998 16 3360.0 -1830.0 166 -199 218.35199999999992 153.19799999999998 183
1720.0 849.6899999999998 13 3540.0 -1820.0 166 -188 270.984 147.975 182
1675.0 676.6419999999998 12 3210.0 -1955.0 210 -158 211.60799999999995 114.40100000000001 261
2280.0 931.6499999999997 18 3750.0 -1830.0 202 -218 249.35399999999998 173.45099999999996 167
2880.0 1050.3159999999996 19 4170.0 -1290.0 167 -229 326.27799999999996 206.00199999999995 129
2390.0 858.4629999999999 17 4290.0 -1900.0 173 -218 221.26700000000002 151.303 190
-60.0 541.328 9 1830.0 -1890.0 172 -119 188.85699999999994 70.12199999999999 189
2070.0 768.7189999999999 13 3900.0 -1830.0 166 -182 221.45599999999996 153.922 183
1950.0 924.514 16 3870.0 -2005.0 184 -204 298.68499999999995 162.44199999999998 209
2280.0 931.1789999999996 15 3090.0 -810.0 168 -192 322.3769999999999 154.31299999999996 81
1370.0 711.6819999999996 12 3210.0 -1840.0 167 -154 236.851 143.32999999999998 184
870.0 663.5889999999997 13 2400.0 -1530.0 166 -160 188.46799999999996 99.572 207
690.0 469.0429999999999 9 1680.0 -990.0 90 -115 117.26200000000001 74.78699999999998 99
2790.0 1023.7269999999999 18 4080.0 -1325.0 250 -216 346.7369999999999 188.57 118
1050.0 370.31799999999987 6 1830.0 -780.0 90 -93 91.25399999999998 71.73599999999999 156
1690.0 839.2949999999996 15 3570.0 -1880.0 171 -202 223.27899999999997 127.00699999999998 188
3650.0 879.0049999999999 15 4950.0 -1510.0 187 -189 304.98299999999995 204.06299999999993 151
2520.0 825.2729999999998 15 3780.0 -1520.0 192 -177 251.61399999999992 179.32999999999996 216
1320.0 732.9039999999998 13 3240.0 -1980.0 180 -174 198.23299999999992 141.98399999999998 198
2100.0 724.6839999999997 13 4020.0 -1920.0 175 -164 209.61499999999995 176.15299999999996 192
1890.0 845.9439999999997 15 3210.0 -1320.0 170 -198 250.14699999999993 138.284 132
1880.0 569.5619999999999 11 2520.0 -640.0 90 -123 189.476 111.84100000000001 128
1820.0 935.7949999999996 17 3990.0 -2170.0 248 -226 233.332 166.963 217
2850.0 969.9789999999997 17 4680.0 -1830.0 258 -231 268.73099999999994 192.81599999999995 183
1590.0 747.5169999999999 14 3420.0 -1890.0 173 -170 229.75199999999998 110.823 195
4740.0 936.0070000000003 16 5550.0 -1505.0 188 -220 254.80500000000006 232.08599999999996 220
3610.0 867.8429999999997 14 4980.0 -1680.0 197 -188 278.18999999999994 208.50599999999997 168
2880.0 945.2229999999998 17 4200.0 -1320.0 171 -221 265.481 184.57699999999994 132
1945.0 825.456 14 3600.0 -1945.0 196 -190 248.954 140.746 273
2860.0 1048.898 22 4560.0 -1780.0 265 -268 227.13800000000003 195.85399999999998 178
1590.0 795.7589999999999 14 3450.0 -1860.0 169 -186 229.534 145.92799999999997 186
1600.0 778.6529999999998 15 3480.0 -1880.0 171 -179 238.623 131.13400000000001 188
2370.0 852.834 15 3660.0 -1480.0 184 -185 275.23899999999986 170.41199999999998 148
3010.0 901.4179999999998 15 4440.0 -1430.0 171 -185 346.49800000000005 176.53099999999998 125
1750.0 552.9899999999999 10 3300.0 -1550.0 169 -136 159.155 109.97 211
2270.0 923.3679999999998 17 4170.0 -2170.0 197 -197 303.05299999999994 183.372 217
2140.0 912.0909999999997 15 3480.0 -1500.0 188 -190 316.544 154.15699999999995 150
1990.0 784.438 15 3360.0 -1630.0 199 -193 222.9819999999999 127.73599999999999 189
1750.0 358.885 7 2190.0 -2585.0 155 -89 112.13899999999997 64.651 473
3610.0 874.5969999999995 14 4770.0 -1160.0 174 -190 262.09999999999997 219.47899999999993 108
3260.0 1039.6850000000002 17 4590.0 -1330.0 172 -227 337.7220000000001 175.69199999999998 133
1900.0 870.0409999999997 14 4110.0 -2210.0 241 -202 252.17399999999995 162.79999999999993 221
950.0 792.7519999999996 15 2640.0 -1690.0 173 -178 253.0019999999999 120.94 247
3460.0 909.2809999999997 14 4290.0 -990.0 205 -191 299.14599999999996 197.54 99
250.0 457.59299999999985 9 1260.0 -1010.0 92 -107 137.563 55.63899999999999 101
1640.0 781.7039999999996 12 3450.0 -2060.0 187 -169 246.50999999999993 150.47000000000003 206
2270.0 802.253 14 3090.0 -1080.0 193 -168 275.6599999999999 150.65000000000003 108
1710.0 889.48 16 3960.0 -2250.0 257 -236 175.83200000000002 163.561 225
2630.0 724.4719999999999 14 4530.0 -2090.0 212 -173 199.12699999999998 153.135 209
570.0 573.7209999999999 10 2220.0 -1650.0 169 -129 184.25499999999994 91.501 243
1490.0 868.0169999999998 16 3360.0 -1870.0 170 -200 245.84299999999996 156.412 187
2300.0 838.0089999999996 15 4200.0 -2230.0 203 -185 279.6569999999999 160.4869999999999 223
3075.0 861.1619999999997 15 4110.0 -1115.0 179 -184 277.9599999999999 190.86199999999997 176
1720.0 688.8149999999998 13 3630.0 -1980.0 188 -159 205.52499999999995 141.05799999999996 198
1190.0 793.2739999999999 14 3060.0 -1870.0 170 -177 240.92899999999995 139.594 187
1890.0 781.8809999999999 15 3750.0 -2020.0 183 -167 268.67 161.472 202
4585.0 1208.5039999999997 21 5910.0 -1410.0 261 -279 346.4049999999999 236.599 133
680.0 614.4159999999997 11 2550.0 -1895.0 173 -130 199.76999999999998 113.43699999999998 293
2630.0 1015.3409999999999 18 4530.0 -1900.0 253 -227 298.747 196.371 175
2510.0 1064.2249999999997 18 3870.0 -1370.0 167 -236 331.11399999999986 172.60999999999999 137
1950.0 853.4879999999999 16 3360.0 -1505.0 187 -184 270.99600000000004 159.64099999999996 160
270.0 614.983 11 2100.0 -1950.0 177 -140 196.858 91.70899999999997 195
1860.0 992.0280000000001 17 3750.0 -1890.0 172 -241 253.877 170.917 189
3350.0 952.9019999999999 16 4620.0 -1270.0 263 -213 310.3229999999999 182.558 127
3120.0 707.0239999999997 12 4410.0 -1590.0 194 -171 205.05399999999995 156.279 159
1450.0 984.8189999999998 18 3720.0 -2400.0 261 -242 226.80299999999997 180.59600000000006 240
4860.0 984.6749999999997 15 5700.0 -840.0 174 -217 314.366 230.2319999999999 84
2125.0 847.6119999999997 15 3690.0 -1775.0 194 -201 231.94299999999996 166.215 242
1880.0 702.0229999999999 13 3270.0 -1390.0 177 -151 219.5119999999999 155.52199999999996 278
2560.0 837.5030000000002 15 4470.0 -1970.0 179 -180 285.267 190.16699999999994 197
1340.0 735.5909999999998 13 2940.0 -1630.0 217 -164 232.20799999999997 125.304 263
2175.0 662.1269999999994 11 3330.0 -1165.0 173 -142 209.0999999999999 153.868 189
1220.0 600.0969999999998 12 3120.0 -2110.0 192 -159 146.98600000000002 102.933 211
3185.0 944.9529999999999 16 4110.0 -1235.0 199 -194 340.40499999999986 184.18899999999996 107
1305.0 673.4909999999999 12 3030.0 -1725.0 179 -139 240.38199999999995 126.95599999999999 250
3110.0 787.1349999999998 14 4470.0 -1830.0 210 -167 265.42699999999996 184.41299999999993 183
1420.0 900.0909999999999 17 3330.0 -2080.0 189 -204 257.6619999999999 160.05900000000003 208
2550.0 1008.0359999999998 19 3900.0 -1470.0 190 -237 288.7389999999999 174.71900000000002 147
3260.0 896.3809999999999 18 4410.0 -1390.0 195 -201 252.02899999999997 202.25299999999993 211
2120.0 977.7150000000001 18 3960.0 -1920.0 174 -221 306.837 174.60999999999999 192
630.0 833.9649999999997 16 2490.0 -1860.0 169 -198 233.3889999999999 107.52099999999999 186
1170.0 493.8369999999998 10 2160.0 -1740.0 158 -109 159.13699999999997 97.15700000000001 174
2690.0 867.7049999999999 17 4230.0 -1720.0 183 -195 277.507 178.18699999999998 226
1810.0 779.5699999999996 15 2970.0 -1400.0 197 -155 286.4429999999999 134.14699999999996 211
2830.0 867.2719999999995 16 4230.0 -1600.0 193 -193 253.57799999999992 191.79599999999996 160
1190.0 870.2799999999999 17 3000.0 -2095.0 205 -211 242.16699999999997 123.386 238
470.0 580.1289999999998 11 2040.0 -1680.0 181 -120 221.36599999999996 81.119 224
2280.0 816.7439999999997 14 3600.0 -1820.0 216 -195 222.36599999999996 130.129 182
3230.0 807.9239999999999 15 4590.0 -1510.0 180 -174 272.52199999999993 185.938 151
2150.0 497.8159999999999 9 3150.0 -1000.0 91 -121 111.15399999999998 117.18599999999998 100
1180.0 418.82899999999984 8 1620.0 -440.0 91 -95 127.01399999999992 75.37999999999998 44
1220.0 724.919 14 2610.0 -1390.0 193 -154 244.33599999999993 128.64699999999996 139
2330.0 987.3039999999996 15 3600.0 -1800.0 213 -205 342.6279999999999 172.93399999999997 180
2475.0 768.2039999999997 14 3780.0 -1545.0 189 -167 245.63299999999995 162.22899999999998 285
2630.0 972.7259999999994 19 3960.0 -1340.0 172 -228 263.43899999999996 153.86299999999997 134
1440.0 637.2379999999999 11 3120.0 -1840.0 184 -150 174.82999999999998 94.487 253
1305.0 766.808 13 2880.0 -1575.0 172 -167 262.14599999999996 123.25499999999997 216
2330.0 846.3979999999999 16 4140.0 -1810.0 165 -196 218.61 195.654 181
790.0 735.459 12 2700.0 -1910.0 174 -166 220.356 117.03499999999998 292
2780.0 857.4359999999997 14 4140.0 -1530.0 190 -192 287.743 155.454 153
2935.0 839.3149999999997 15 3960.0 -1460.0 224 -210 199.90199999999993 154.35599999999997 247
1640.0 903.5729999999998 16 3030.0 -1590.0 191 -190 322.68499999999995 136.517 159
690.0 374.1389999999999 6 1680.0 -990.0 90 -87 123.54799999999997 52.477999999999994 99
3730.0 894.3489999999997 14 4560.0 -940.0 182 -192 278.506 204.01999999999995 94
1520.0 483.10799999999983 9 1950.0 -430.0 89 -116 123.791 88.59999999999998 43
2265.0 998.5140000000001 15 3990.0 -1725.0 222 -235 262.608 181.89999999999998 157
2315.0 854.2359999999998 15 3570.0 -1435.0 201 -198 236.06 153.96 226
2820.0 1008.2889999999999 18 4140.0 -1450.0 197 -224 319.46199999999993 182.55799999999996 145
1670.0 1002.7339999999997 17 3330.0 -1660.0 256 -227 313.62899999999996 136.456 160
2450.0 945.7039999999995 15 4350.0 -2480.0 226 -210 287.3699999999999 182.797 248
330.0 677.7379999999997 12 2250.0 -2110.0 192 -152 210.69599999999997 99.97999999999999 211
2570.0 491.2479999999998 8 3000.0 -430.0 89 -106 165.378 125.85899999999995 43
2250.0 856.8759999999997 14 4140.0 -1940.0 182 -187 248.60799999999998 179.64 194
2290.0 710.4389999999995 12 4170.0 -1990.0 181 -175 177.54 122.587 199
2270.0 902.8389999999997 17 3630.0 -1360.0 175 -198 289.95199999999994 169.362 136
2320.0 715.1359999999996 14 4230.0 -1960.0 178 -142 248.38599999999997 197.659 196
2200.0 853.4779999999996 15 3540.0 -1620.0 198 -185 286.573 150.233 162
2400.0 838.2939999999999 14 3750.0 -1350.0 173 -183 267.22399999999993 169.89699999999996 135
2150.0 964.5649999999997 18 3660.0 -1650.0 198 -228 276.7 149.39700000000005 229
2300.0 466.09899999999993 8 2730.0 -430.0 89 -111 104.72300000000001 109.57399999999998 43
1750.0 819.8700000000001 13 3030.0 -1300.0 170 -165 298.3570000000001 141.27799999999996 130
1280.0 923.6869999999998 16 3480.0 -2200.0 242 -214 287.4449999999999 138.98399999999992 220
3010.0 927.0979999999997 17 4350.0 -1760.0 211 -207 288.49999999999994 192.38099999999994 176
1805.0 597.3769999999997 11 2820.0 -1255.0 189 -137 165.02299999999997 103.90599999999996 191
2850.0 942.3839999999996 19 4650.0 -1800.0 164 -238 196.721 216.67 180
2580.0 912.429 16 4020.0 -1350.0 173 -183 352.8739999999999 173.41799999999995 135
2250.0 817.6739999999998 13 4140.0 -1950.0 177 -174 263.37999999999994 182.63900000000004 195
3140.0 899.5639999999999 16 4530.0 -2160.0 242 -191 314.324 184.666 216
1355.0 613.6469999999999 10 3120.0 -1765.0 188 -129 202.82799999999995 146.75899999999996 331
2590.0 905.448 16 3960.0 -2010.0 226 -189 320.51 179.28099999999992 201
1070.0 500.21399999999994 9 2070.0 -1000.0 91 -113 154.60599999999997 95.46899999999997 100
2120.0 739.0709999999997 13 3510.0 -1790.0 209 -182 173.25899999999996 151.21499999999997 179
2630.0 881.306 16 3990.0 -1360.0 167 -186 301.118 177.86800000000002 136
550.0 454.0819999999999 7 2400.0 -1955.0 182 -105 141.71599999999998 82.78699999999998 291
780.0 680.7309999999999 11 2520.0 -1910.0 192 -144 226.44100000000003 116.60599999999998 263
810.0 701.3999999999995 12 2640.0 -1930.0 186 -151 219.85299999999992 86.123 193
2200.0 842.6419999999998 14 4140.0 -1950.0 177 -195 238.66099999999997 176.86499999999998 195
2680.0 833.8359999999999 17 4020.0 -1990.0 231 -205 238.30599999999987 141.98 199
2670.0 798.0719999999998 13 4470.0 -2100.0 191 -167 270.13199999999995 197.92399999999998 210
2940.0 928.2199999999998 16 4260.0 -1370.0 181 -210 286.501 186.26300000000003 137
940.0 809.5159999999996 14 2850.0 -1910.0 174 -186 244.26399999999995 123.609 191
1450.0 880.0919999999995 15 3330.0 -1985.0 183 -201 256.0959999999999 160.6529999999999 209
720.0 431.02299999999985 7 1710.0 -990.0 90 -97 135.29899999999998 77.776 99
1575.0 796.8099999999998 14 3060.0 -1565.0 174 -169 261.459 142.627 221
1720.0 743.7189999999998 13 3450.0 -1730.0 176 -177 207.02999999999994 143.31699999999995 245
3290.0 1017.4369999999999 17 4620.0 -1660.0 202 -224 303.5879999999999 205.17899999999997 166
1750.0 892.8859999999999 14 3060.0 -1325.0 171 -185 335.33599999999996 122.50099999999998 134
1915.0 790.7379999999999 15 3270.0 -1495.0 185 -185 213.48999999999995 142.348 285
1720.0 815.6089999999997 15 3630.0 -2150.0 196 -186 247.18699999999995 156.41399999999996 215
680.0 664.8849999999996 11 1980.0 -1375.0 177 -130 259.376 93.06199999999998 145
2890.0 886.9259999999996 16 4170.0 -1280.0 167 -204 259.38 180.73699999999997 128
1850.0 999.7989999999999 18 3750.0 -2165.0 197 -221 306.99099999999993 172.72699999999998 243
1470.0 742.2449999999998 12 3360.0 -2010.0 189 -173 198.258 149.436 213
3690.0 941.5049999999999 15 4500.0 -915.0 182 -190 361.6059999999999 177.468 102
1520.0 825.7689999999997 13 3420.0 -2000.0 193 -180 269.001 138.36100000000005 200
1900.0 766.0679999999998 16 3210.0 -1540.0 190 -182 203.91199999999995 144.29299999999998 154
2675.0 907.3379999999996 17 4200.0 -1525.0 171 -211 269.9419999999999 170.16500000000002 217
3245.0 912.8279999999996 17 4230.0 -985.0 167 -202 287.924 187.88 154
2540.0 964.5429999999999 17 3930.0 -1390.0 173 -211 326.98299999999995 164.6599999999999 139
2440.0 878.2489999999998 15 4590.0 -2190.0 254 -212 223.99499999999998 199.57299999999995 219
2200.0 986.3829999999997 17 4350.0 -2150.0 245 -218 314.691 193.55499999999998 215
2620.0 1054.2659999999998 21 4500.0 -2120.0 193 -260 271.136 187.289 212
1950.0 970.5599999999995 16 3870.0 -1920.0 175 -202 333.38699999999994 173.82699999999997 192
2800.0 916.0469999999999 15 4590.0 -1960.0 198 -202 275.9539999999999 199.53099999999995 196
1920.0 914.5949999999997 15 3810.0 -2070.0 188 -209 293.385 144.92299999999997 207
2650.0 895.5769999999999 16 4500.0 -1960.0 183 -205 293.95199999999994 155.285 207
2170.0 798.077 15 3990.0 -1890.0 180 -201 189.765 154.614 189
2040.0 922.0529999999995 16 3420.0 -1560.0 187 -198 317.7369999999999 147.589 156
1910.0 740.6349999999995 13 3810.0 -2020.0 184 -147 271.14699999999993 168.80899999999997 202
1500.0 774.4189999999999 15 3360.0 -1940.0 180 -165 268.26399999999995 149.714 202
2695.0 813.3599999999999 14 4350.0 -1905.0 192 -190 225.84799999999993 180.64599999999996 270
680.0 673.0749999999997 13 2580.0 -1900.0 173 -166 171.88499999999996 116.02799999999999 190
2000.0 715.163 13 3390.0 -1410.0 173 -140 281.28299999999996 145.32799999999997 143
1100.0 777.4709999999998 14 2970.0 -1870.0 170 -183 213.60999999999999 121.61499999999994 187
1880.0 838.2509999999999 13 3240.0 -1550.0 193 -181 279.294 140.28799999999998 155
3120.0 946.6789999999997 17 3960.0 -940.0 183 -205 315.4399999999999 171.73799999999994 94
2210.0 767.2740000000003 11 3600.0 -1430.0 181 -150 309.569 144.01399999999995 143
1420.0 914.8209999999997 17 3660.0 -2240.0 244 -214 250.14199999999994 168.738 224
3140.0 1138.834 21 4320.0 -1310.0 256 -261 330.2839999999999 192.75699999999998 131
2995.0 794.28 15 3990.0 -995.0 169 -188 211.37999999999997 184.55499999999995 155
2890.0 1014.4849999999996 21 4170.0 -1425.0 183 -236 285.727 190.83299999999994 157
1750.0 796.3049999999998 15 3000.0 -2010.0 233 -183 244.4489999999999 133.695 201
3940.0 1004.3139999999999 17 5100.0 -1610.0 210 -234 277.2539999999999 220.03000000000003 239
1900.0 811.1059999999998 16 3780.0 -2450.0 223 -190 245.02499999999998 154.80399999999997 245
2210.0 841.3619999999997 16 4050.0 -1990.0 188 -194 244.17999999999995 168.57799999999997 214
2360.0 858.637 14 3630.0 -1270.0 165 -205 216.9319999999999 170.656 127
2220.0 903.5969999999999 16 4050.0 -1890.0 171 -216 236.67599999999993 179.52599999999998 189
2810.0 1033.4689999999996 17 4020.0 -1400.0 268 -239 287.78399999999993 169.94099999999997 140
2740.0 905.0969999999998 17 4020.0 -1370.0 176 -199 276.80100000000004 189.07499999999996 146
3060.0 973.7549999999995 19 4410.0 -1640.0 199 -240 264.8419999999999 175.63499999999996 164
3005.0 925.8909999999997 17 3990.0 -1095.0 177 -205 306.54599999999994 169.13500000000002 165
1910.0 839.5589999999996 15 3720.0 -1810.0 165 -185 253.50699999999995 171.713 280
940.0 874.2230000000001 16 3540.0 -2600.0 237 -215 221.32999999999998 153.59799999999996 260
1750.0 828.6709999999997 15 3660.0 -2150.0 208 -191 236.7029999999999 156.01299999999998 239
3090.0 922.8610000000001 15 4980.0 -2080.0 189 -218 264.602 192.26899999999998 208
1120.0 652.9399999999998 11 2970.0 -1850.0 168 -137 230.47199999999998 122.45400000000002 185
2520.0 992.5539999999996 18 4380.0 -1860.0 250 -228 303.52299999999997 176.80200000000002 170
1740.0 825.0959999999998 15 3030.0 -2060.0 237 -188 273.39099999999996 109.791 206
2880.0 920.646 16 4140.0 -1300.0 170 -197 297.69699999999995 184.75999999999993 130
1180.0 703.7769999999999 12 2550.0 -1370.0 173 -156 216.61099999999993 110.651 274
800.0 651.1669999999997 11 2700.0 -2040.0 185 -142 209.646 94.211 204
320.0 636.8959999999997 11 2220.0 -1990.0 181 -139 222.03499999999994 95.639 298
1860.0 493.0369999999999 9 2850.0 -990.0 90 -104 178.44899999999993 110.68599999999996 198
4570.0 1032.298 18 5370.0 -800.0 166 -241 304.1719999999999 222.974 80
2425.0 854.015 15 4080.0 -1695.0 170 -187 283.2219999999999 161.309 236
2175.0 810.5999999999998 16 3900.0 -1945.0 195 -202 208.90099999999995 143.24099999999999 267
1800.0 800.7859999999997 14 3570.0 -2030.0 184 -177 254.62399999999997 148.62999999999997 203
1300.0 729.9589999999997 16 3210.0 -2100.0 191 -171 205.78299999999993 138.00899999999996 210
3290.0 865.0329999999999 16 5190.0 -1900.0 173 -212 238.5289999999999 189.47399999999996 190
4710.0 931.7650000000001 14 6090.0 -1640.0 205 -209 267.02099999999996 260.54 190
2160.0 957.3409999999997 18 3630.0 -1350.0 174 -224 281.5709999999999 145.923 135
2185.0 849.4619999999998 15 3660.0 -1655.0 206 -193 270.053 141.184 150
1760.0 879.3789999999996 17 3630.0 -1870.0 170 -197 261.94499999999994 163.84699999999998 187
1270.0 467.67299999999983 10 1710.0 -440.0 91 -119 116.52599999999995 68.33399999999999 44
2760.0 881.1739999999999 16 4080.0 -1320.0 171 -198 279.3229999999999 175.17199999999997 132
2230.0 859.735 14 4140.0 -1910.0 174 -210 209.07 172.78499999999997 191
2130.0 915.1839999999999 17 3960.0 -1830.0 166 -217 258.84999999999997 153.123 183
1200.0 684.5849999999998 12 3090.0 -1890.0 172 -169 192.016 106.82299999999998 189
1230.0 762.5039999999998 14 3090.0 -2050.0 186 -176 231.39199999999997 132.91500000000002 304
4550.0 1030.867 19 5820.0 -1770.0 210 -235 317.1119999999999 230.30799999999994 177
2300.0 824.1629999999998 15 3660.0 -2190.0 242 -179 265.6379999999999 169.861 219
1120.0 756.2639999999998 13 3030.0 -1910.0 174 -165 246.8129999999999 136.91599999999997 191
2520.0 782.03 12 4380.0 -1860.0 169 -165 256.11299999999994 162.95 186
1070.0 771.4379999999995 13 2880.0 -1810.0 165 -159 276.1459999999999 130.04599999999996 181
1060.0 716.3679999999998 13 2760.0 -1870.0 187 -167 209.48099999999997 111.42799999999998 256
2920.0 972.9629999999997 16 4320.0 -1550.0 206 -220 275.639 189.252 155
1760.0 526.3860000000001 8 2190.0 -430.0 89 -114 169.47899999999998 101.19300000000003 43
3375.0 875.7459999999996 15 4320.0 -1065.0 172 -202 257.71799999999996 180.81899999999996 158
2250.0 797.108 12 3600.0 -1530.0 181 -165 272.5619999999999 167.17 153
1490.0 771.544 13 2880.0 -1390.0 173 -157 282.5209999999999 130.43699999999995 139
2260.0 985.6819999999996 18 4230.0 -1970.0 266 -247 242.52799999999996 173.72599999999997 181
2720.0 917.9329999999998 16 4050.0 -1350.0 176 -213 270.94599999999997 155.71400000000003 135
1930.0 829.0509999999998 14 3840.0 -2370.0 216 -189 224.59099999999998 173.01199999999997 237
2925.0 969.3599999999998 18 4080.0 -1330.0 193 -229 278.594 172.62999999999997 223
3155.0 888.5309999999998 16 4170.0 -1215.0 190 -203 258.51699999999994 189.041 179
1920.0 913.2359999999994 18 3960.0 -1890.0 172 -218 255.21699999999998 148.51999999999998 189
2160.0 1003.0969999999998 19 3540.0 -1410.0 175 -225 312.599 147.359 144
2420.0 868.5189999999997 17 3780.0 -1590.0 195 -202 244.84399999999994 158.28199999999995 159
2700.0 938.0049999999997 17 3990.0 -1420.0 260 -207 307.88799999999986 158.00499999999997 127
3990.0 975.9169999999997 19 5280.0 -1550.0 222 -219 287.17999999999995 233.63799999999995 155
3870.0 1006.8369999999996 20 5220.0 -1410.0 180 -223 305.56499999999994 216.976 141
1650.0 768.7949999999998 13 3390.0 -1740.0 256 -191 188.79999999999998 137.04199999999997 174
2640.0 821.6059999999998 16 3900.0 -1360.0 175 -178 275.05099999999993 161.01199999999997 136
2990.0 832.3449999999998 14 3810.0 -850.0 172 -191 272.501 121.35799999999996 85
2390.0 978.1799999999996 14 4290.0 -1900.0 173 -216 289.9759999999999 194.70599999999996 190
3640.0 1067.501 19 5340.0 -1700.0 249 -251 277.42199999999997 236.06199999999995 170
1940.0 722.5279999999998 14 3810.0 -2110.0 192 -150 262.13199999999995 158.335 211
2320.0 841.4419999999999 14 3870.0 -1640.0 258 -184 287.79 143.05899999999997 157
2100.0 857.9869999999997 16 3990.0 -1890.0 172 -209 243.52199999999993 142.03299999999996 189
140.0 382.6629999999999 6 1140.0 -1000.0 91 -88 108.28199999999998 53.288000000000004 100
1400.0 745.6129999999998 14 3060.0 -1850.0 187 -175 203.60799999999995 134.95499999999998 263
1940.0 653.1700000000003 12 3300.0 -1390.0 177 -149 172.742 120.79199999999997 139
2140.0 934.8849999999994 20 3450.0 -1710.0 206 -220 253.22099999999995 158.19899999999996 171
2790.0 776.3449999999998 14 4140.0 -1750.0 201 -180 218.54199999999994 182.008 175
2890.0 913.8689999999996 17 4260.0 -1370.0 167 -217 272.79999999999995 150.89799999999997 137
1750.0 914.6569999999995 16 3660.0 -1910.0 174 -220 240.922 159.409 191
2200.0 679.623 11 3480.0 -1500.0 187 -122 285.83799999999997 154.56199999999998 150
2970.0 1001.575 17 5250.0 -2280.0 253 -231 263.17999999999995 244.009 228
1760.0 724.4009999999998 12 3120.0 -1370.0 176 -140 284.5059999999999 132.85099999999997 137
2610.0 988.8219999999998 18 3960.0 -1350.0 165 -210 356.50399999999996 163.74599999999995 135
1945.0 801.2909999999998 15 3930.0 -1985.0 232 -201 204.11699999999996 143.26199999999994 278
1250.0 611.837 10 3090.0 -1845.0 167 -129 217.36099999999996 125.69799999999998 284
1640.0 760.2259999999999 15 3480.0 -2130.0 193 -163 257.8849999999999 147.89499999999998 213
740.0 754.6789999999997 13 2850.0 -2110.0 214 -169 230.3159999999999 133.61099999999996 211
1370.0 909.0279999999997 17 3240.0 -2120.0 192 -200 290.10599999999994 146.22499999999997 212
2860.0 883.3169999999997 16 4260.0 -1490.0 182 -197 278.87299999999993 189.37899999999993 149
3470.0 982.0309999999998 17 4770.0 -1600.0 196 -228 275.49899999999997 202.66399999999993 160
3580.0 1055.2779999999998 20 4980.0 -1400.0 174 -262 246.47699999999995 210.71699999999998 140
3020.0 943.3779999999997 16 3870.0 -850.0 176 -217 266.0419999999999 169.49899999999997 85
910.0 767.4239999999996 14 2760.0 -1990.0 180 -165 249.26699999999997 127.52099999999999 199
2500.0 791.6349999999998 13 3810.0 -1310.0 170 -182 214.78499999999997 167.498 131
1790.0 834.0409999999998 15 3120.0 -1330.0 171 -182 288.73699999999997 127.013 133
3855.0 965.1300000000001 17 4860.0 -1475.0 210 -213 292.132 224.4589999999999 114
1980.0 698.4149999999998 12 3300.0 -1490.0 186 -145 245.67700000000002 143.57299999999998 149
3600.0 1157.7999999999997 21 5340.0 -1740.0 244 -266 355.0529999999999 223.95800000000003 156
3430.0 1143.3069999999996 21 5130.0 -1700.0 249 -273 312.7869999999999 213.39600000000002 170
2360.0 694.7499999999998 13 3750.0 -1570.0 189 -167 214.207 103.01 157
3320.0 932.3039999999997 15 5130.0 -1940.0 176 -179 340.311 239.94899999999998 194
3200.0 929.7569999999998 15 4530.0 -1430.0 181 -198 298.26099999999997 172.066 153
2540.0 827.6729999999997 15 3840.0 -1730.0 208 -188 256.0739999999999 162.29799999999997 173
1300.0 919.7369999999995 16 4020.0 -2730.0 247 -216 260.5019999999999 173.40900000000002 273
2270.0 1020.8699999999999 18 4230.0 -1960.0 246 -257 225.70099999999996 187.705 188
2580.0 962.1729999999998 16 4410.0 -2040.0 185 -204 320.4809999999999 196.34599999999998 204
1370.0 854.0259999999997 16 3270.0 -2120.0 193 -200 234.10799999999998 146.92399999999998 212
2490.0 849.8000000000001 14 3780.0 -1370.0 179 -167 328.27999999999986 165.56599999999997 145
1730.0 524.1769999999999 8 2160.0 -430.0 89 -130 128.93499999999997 89.57499999999997 43
2820.0 990.041 21 4350.0 -1660.0 177 -236 249.192 202.02399999999997 220
3500.0 1049.9519999999998 20 4590.0 -1235.0 183 -234 320.0049999999999 206.43999999999994 130
590.0 513.934 9 2490.0 -1900.0 173 -120 142.344 101.16599999999995 190
1600.0 737.3249999999999 12 3450.0 -1850.0 168 -173 210.03399999999996 139.13199999999998 185
2200.0 537.8449999999999 11 2640.0 -440.0 91 -117 167.11399999999998 122.40399999999998 44
2350.0 849.2609999999999 15 3630.0 -1350.0 180 -170 315.72099999999983 160.25900000000001 135
900.0 659.5699999999997 11 2820.0 -1920.0 175 -139 229.58499999999992 126.02599999999997 192
3420.0 1042.5979999999997 20 5280.0 -1990.0 180 -247 272.83799999999997 233.13200000000003 199
1480.0 794.7029999999999 12 3300.0 -2180.0 198 -178 223.92599999999996 154.718 218
200.0 451.0229999999999 7 1200.0 -1000.0 91 -106 126.743 53.635 100
870.0 849.2699999999995 15 3630.0 -2760.0 251 -210 199.48699999999997 159.732 276
2135.0 570.95 10 3480.0 -1435.0 188 -116 185.68599999999995 122.40699999999995 278
930.0 468.9899999999999 9 1920.0 -990.0 90 -113 127.50299999999999 84.22800000000001 99
3880.0 993.5489999999995 19 5220.0 -1500.0 187 -221 305.90099999999995 224.99299999999997 150
430.0 442.76599999999985 7 1440.0 -1010.0 92 -96 137.00699999999995 67.53899999999997 101
2250.0 766.8429999999998 15 4110.0 -1905.0 174 -182 232.27399999999992 126.45700000000001 195
2290.0 904.8649999999997 17 3660.0 -1630.0 192 -207 305.475 119.56899999999999 163
1190.0 924.6959999999998 17 3030.0 -1840.0 167 -210 292.17599999999993 130.515 184
1970.0 764.1359999999995 14 3360.0 -1600.0 191 -176 212.555 145.66199999999998 160
2530.0 865.5019999999996 13 4410.0 -1980.0 191 -195 241.50199999999992 191.74699999999996 198
1225.0 582.5759999999999 10 2940.0 -1845.0 191 -142 138.66699999999997 132.38299999999995 277
1610.0 789.8809999999999 15 2970.0 -1360.0 166 -181 229.51799999999994 135.35099999999994 136
3070.0 1013.5999999999997 19 4350.0 -2180.0 248 -250 248.977 196.61699999999993 218
3430.0 696.7589999999997 11 6150.0 -2720.0 248 -182 186.56699999999995 178.005 272
1390.0 885.4729999999995 17 3300.0 -1910.0 174 -200 278.1529999999999 140.45999999999995 191
920.0 755.9749999999999 14 2790.0 -2110.0 192 -175 228.63199999999995 115.905 211
1220.0 891.1779999999997 17 3150.0 -1930.0 176 -214 237.36099999999993 137.75400000000002 193
1560.0 845.6489999999999 14 3390.0 -2000.0 181 -170 308.55400000000003 151.501 200
3420.0 960.6979999999998 19 4800.0 -1680.0 197 -220 271.30199999999996 205.5409999999999 168
2520.0 984.6389999999996 15 3330.0 -810.0 168 -205 335.92999999999995 161.18299999999996 81
1290.0 654.1069999999999 10 3090.0 -1800.0 164 -151 197.96699999999996 118.09199999999998 180
1540.0 784.3529999999998 13 3390.0 -2060.0 211 -179 226.032 109.19699999999999 206
2570.0 959.0739999999996 15 4470.0 -1930.0 175 -205 313.87099999999987 197.902 193
1430.0 876.3589999999998 15 3270.0 -1840.0 167 -191 292.2119999999999 142.23999999999998 184
2920.0 849.3709999999998 12 4830.0 -1980.0 188 -192 231.41899999999993 206.701 198
1360.0 854.9529999999996 14 3240.0 -2480.0 226 -204 237.571 131.976 248
2700.0 801.7189999999997 14 4050.0 -1350.0 165 -181 254.47099999999992 160.20099999999996 135
2000.0 766.0559999999997 13 3840.0 -1840.0 167 -171 255.68300000000002 147.99699999999999 184
2010.0 1029.7699999999998 19 4170.0 -2160.0 253 -247 290.204 171.11499999999998 216
2000.0 967.4959999999998 18 3870.0 -2040.0 205 -217 303.9179999999999 166.47399999999996 204
880.0 732.1129999999998 13 2790.0 -2190.0 199 -158 238.36999999999995 128.03600000000003 219
2710.0 942.2670000000002 15 4590.0 -1880.0 264 -214 270.82000000000005 197.14499999999998 188
1700.0 677.2139999999999 11 2700.0 -1000.0 169 -162 166.886 127.78599999999997 157
610.0 922.7439999999996 17 2430.0 -2410.0 220 -212 281.317 107.54799999999999 241
2350.0 932.7280000000001 16 4410.0 -2060.0 239 -208 278.99799999999993 198.82499999999993 206
1420.0 814.3419999999996 16 3000.0 -1820.0 199 -198 212.648 135.00999999999996 248
2300.0 822.5389999999999 15 3690.0 -1670.0 198 -189 256.199 148.42299999999997 167
1040.0 798.5840000000001 13 2820.0 -1990.0 197 -165 286.643 122.24999999999999 192
1710.0 662.404 11 3540.0 -1970.0 178 -152 220.442 130.932 296
3210.0 937.2109999999997 19 4590.0 -1490.0 181 -225 214.92999999999992 191.716 149
1700.0 872.4429999999999 16 3600.0 -1985.0 182 -206 259.54499999999996 139.271 207
1180.0 382.7419999999999 6 1620.0 -440.0 91 -94 91.43499999999999 73.34299999999999 44
2795.0 949.8289999999997 16 3690.0 -895.0 166 -233 234.171 170.05799999999994 74
1840.0 766.8209999999996 14 3210.0 -1610.0 190 -167 266.49399999999997 124.01899999999996 161
3000.0 895.909 17 4020.0 -1310.0 232 -201 292.9549999999999 156.65300000000002 190
3450.0 935.4849999999999 18 4590.0 -1140.0 172 -220 249.936 208.66699999999994 184
2230.0 890.6379999999997 17 3780.0 -1550.0 168 -201 264.09799999999996 168.87399999999997 210
2860.0 786.2009999999998 14 4140.0 -1280.0 166 -189 249.29899999999995 132.60700000000003 128
3720.0 1183.4209999999994 21 5040.0 -1690.0 248 -264 345.749 234.50999999999996 169
3380.0 929.3559999999997 16 4200.0 -1590.0 240 -201 309.364 185.61799999999994 159
2240.0 766.4629999999997 12 4110.0 -1955.0 179 -168 250.6869999999999 176.06699999999998 204
490.0 721.5839999999998 14 2400.0 -1950.0 177 -175 189.87099999999995 107.23599999999999 195
2810.0 935.3299999999998 16 4140.0 -1330.0 172 -214 296.53799999999995 162.732 133
3040.0 883.4709999999997 16 4410.0 -1370.0 168 -200 265.3929999999999 194.44299999999998 137
1920.0 829.9009999999998 16 3210.0 -1385.0 181 -202 224.84999999999997 131.355 148
1910.0 884.2209999999999 14 3750.0 -1950.0 177 -180 313.0829999999999 173.72299999999998 195
1560.0 867.0199999999999 13 3240.0 -1680.0 249 -182 304.7709999999999 139.62700000000004 168
2240.0 927.0419999999995 19 3780.0 -1650.0 266 -239 215.157 152.609 213
2880.0 877.6399999999999 15 4200.0 -1480.0 184 -199 241.279 204.92399999999998 148
3110.0 784.4719999999999 13 4440.0 -1500.0 207 -177 208.46599999999998 208.215 150
2660.0 910.5009999999997 16 3960.0 -1580.0 193 -214 276.74999999999994 153.579 158
3660.0 884.2439999999998 15 4500.0 -1220.0 208 -207 255.88099999999997 176.22699999999998 122
1360.0 908.5849999999995 17 3660.0 -2180.0 249 -218 241.87799999999993 154.57299999999998 218
210.0 581.201 11 2070.0 -1860.0 169 -123 204.68099999999993 86.852 287
1610.0 910.7919999999999 17 3480.0 -2110.0 192 -202 294.97299999999996 140.37099999999995 211
1560.0 794.9809999999998 16 3120.0 -1790.0 195 -193 212.56199999999995 133.32899999999998 243
2420.0 826.6239999999998 15 4290.0 -1950.0 177 -195 241.11099999999993 167.18499999999997 195
1835.0 899.7169999999995 15 3390.0 -1605.0 178 -199 295.05099999999993 139.86399999999998 225
2200.0 909.801 16 3540.0 -1640.0 199 -205 286.50699999999995 147.324 164
2170.0 894.9519999999998 16 3510.0 -1510.0 187 -198 277.5779999999999 160.352 151
3000.0 917.9940000000001 16 4890.0 -2170.0 197 -218 241.42099999999994 197.91999999999996 217
2790.0 888.5529999999994 16 4110.0 -1630.0 199 -206 256.85799999999995 180.10899999999998 163
2620.0 928.785 16 4500.0 -1880.0 171 -222 248.46599999999995 189.421 287
2130.0 793.1419999999998 13 3780.0 -1650.0 227 -184 228.99700000000007 150.79899999999998 165
2460.0 833.1309999999999 14 4170.0 -1920.0 217 -178 235.67499999999998 214.61100000000002 264
1945.0 670.1539999999999 11 3450.0 -1645.0 186 -154 183.14 153.297 315
1720.0 749.9269999999997 14 3930.0 -2210.0 244 -185 183.79399999999995 167.65999999999994 221
1025.0 564.3269999999999 10 2610.0 -1585.0 173 -136 152.56699999999998 80.98000000000002 217
1370.0 754.2040000000001 14 3240.0 -2110.0 192 -174 226.21499999999995 129.17499999999995 211
2730.0 862.751 14 4800.0 -2070.0 240 -207 233.51399999999995 183.51199999999997 207
2080.0 880.1999999999998 15 3480.0 -1130.0 171 -200 257.199 159.489 182
2130.0 797.9819999999999 15 3450.0 -1320.0 170 -180 236.193 157.17200000000003 132
220.0 762.8359999999998 14 2130.0 -2090.0 190 -170 244.26299999999998 94.75099999999998 209
1360.0 489.3869999999999 9 1800.0 -440.0 91 -112 157.63099999999997 69.32400000000001 44
1890.0 830.4820000000001 15 3750.0 -2100.0 219 -179 254.728 179.09999999999997 210
1150.0 739.0199999999996 13 3000.0 -1975.0 182 -173 216.01499999999996 126.39699999999998 210
2780.0 940.6359999999997 17 4080.0 -1300.0 168 -199 321.827 192.57299999999995 130
2035.0 805.836 15 3540.0 -1985.0 213 -204 153.35399999999996 168.57299999999998 264
1910.0 672.031 12 3810.0 -1930.0 175 -146 223.96499999999997 152.83299999999997 193
1580.0 436.5829999999999 8 2580.0 -1000.0 91 -119 72.229 80.42699999999996 100
1125.0 741.7729999999998 13 2820.0 -2025.0 201 -157 251.13899999999995 125.46099999999997 270
2500.0 878.0919999999999 18 3810.0 -2110.0 243 -220 220.33800000000002 143.87899999999996 211
2530.0 916.8999999999996 17 3810.0 -1280.0 167 -195 296.2099999999999 174.86599999999996 128
1670.0 681.7199999999998 12 3540.0 -2130.0 193 -159 215.49900000000002 119.702 313
2615.0 948.9139999999998 17 3540.0 -1625.0 235 -213 296.396 156.656 146
2350.0 901.4269999999997 17 3660.0 -1620.0 214 -192 309.07899999999995 159.404 193
3160.0 970.0000000000001 19 4860.0 -1820.0 183 -232 264.305 193.85499999999996 251
3970.0 1001.954 18 4770.0 -1150.0 198 -198 368.627 214.26199999999994 115
1640.0 838.9069999999997 16 3510.0 -1960.0 178 -197 225.08800000000002 162.70799999999994 196
2810.0 865.8519999999997 14 4620.0 -1970.0 179 -183 288.7779999999999 192.84899999999993 197
1990.0 806.4189999999999 14 3810.0 -1820.0 166 -194 207.73499999999999 169.152 182
400.0 800.5619999999994 15 2280.0 -1980.0 180 -178 272.3299999999999 90.48599999999998 198
1990.0 741.0789999999997 15 3330.0 -1550.0 191 -166 217.12899999999993 159.26999999999992 155
3460.0 964.9469999999997 17 4290.0 -1480.0 247 -204 333.40299999999996 186.25799999999998 213
1160.0 820.4279999999998 15 3060.0 -2240.0 243 -195 220.33899999999994 135.30399999999997 224
1460.0 632.7649999999999 12 3360.0 -1940.0 176 -135 200.52799999999996 151.60199999999998 194
2335.0 852.223 15 3990.0 -1695.0 173 -205 207.71399999999997 141.424 249
980.0 657.6049999999997 11 3030.0 -2050.0 186 -131 238.65599999999995 146.00099999999995 305
1530.0 380.59499999999986 6 2520.0 -990.0 90 -108 68.858 80.36099999999999 99
615.0 692.804 11 2310.0 -1695.0 171 -147 246.10399999999998 99.71699999999998 238
2120.0 799.2659999999994 15 2940.0 -820.0 170 -191 249.98899999999992 105.14099999999998 82
2415.0 841.1689999999999 15 3420.0 -1285.0 196 -186 252.04799999999994 156.466 184
1290.0 656.0209999999998 11 3210.0 -1990.0 181 -132 240.14599999999996 135.361 299
2400.0 850.8609999999999 14 4230.0 -1830.0 166 -192 250.4819999999999 186.589 183
600.0 656.5429999999998 12 2220.0 -1950.0 196 -144 223.67499999999995 102.20100000000001 273
2630.0 1146.0639999999999 22 4500.0 -2090.0 190 -246 387.9620000000001 203.95299999999995 209
2450.0 878.2419999999998 17 3780.0 -1565.0 205 -197 282.47299999999996 155.982 180
2830.0 976.915 16 4200.0 -1570.0 186 -215 290.7189999999999 193.47899999999996 157
1440.0 769.9399999999998 15 3300.0 -1925.0 178 -173 239.66899999999998 138.96099999999996 199
3490.0 783.0739999999996 15 4620.0 -1260.0 181 -194 212.73399999999995 170.679 196
1210.0 723.739 13 3060.0 -1850.0 168 -174 210.255 117.79899999999998 185
200.0 774.3259999999999 14 2070.0 -1870.0 170 -181 235.54799999999992 93.392 187
2240.0 911.8769999999997 16 3540.0 -1830.0 217 -199 305.32000000000005 153.21599999999995 183
2700.0 973.7249999999998 17 4140.0 -1440.0 165 -229 266.399 186.14199999999994 129
1390.0 682.8539999999998 13 3120.0 -1730.0 176 -172 187.46099999999996 97.48499999999997 245
3080.0 762.5099999999999 12 4080.0 -1310.0 198 -163 261.9269999999999 165.08299999999994 187
2450.0 891.264 14 4260.0 -1960.0 178 -178 328.8859999999999 191.058 196
2400.0 822.6059999999999 13 4290.0 -1970.0 188 -166 308.36099999999993 161.924 197
2320.0 908.0389999999994 14 4560.0 -2240.0 254 -226 216.90999999999988 188.28200000000004 224
1460.0 780.5789999999998 13 3630.0 -2170.0 220 -172 231.15199999999993 165.95299999999997 207
3065.0 916.9099999999996 18 4680.0 -1895.0 192 -213 244.82399999999998 203.597 269
1430.0 729.1099999999999 12 3270.0 -1840.0 167 -164 221.74399999999997 145.27999999999997 184
820.0 802.3599999999996 15 2640.0 -2050.0 187 -169 289.28 119.53999999999998 205
2480.0 812.2329999999998 13 3780.0 -1300.0 169 -182 256.2399999999999 158.45200000000003 130
1440.0 800.0939999999997 14 3360.0 -1920.0 175 -185 227.58099999999993 143.21099999999996 192
1950.0 985.2509999999997 20 4140.0 -2190.0 249 -258 218.48899999999995 155.419 219
1370.0 521.305 7 2370.0 -1000.0 91 -123 128.50799999999998 114.19899999999997 100
1730.0 776.4399999999997 14 3630.0 -2230.0 228 -185 194.40099999999993 160.84799999999998 212
3610.0 943.3169999999997 16 4950.0 -1540.0 215 -206 280.15799999999996 219.91299999999995 154
2620.0 909.9439999999995 16 3900.0 -1280.0 167 -213 250.23199999999989 175.21699999999998 128
1660.0 706.9009999999998 13 3570.0 -2130.0 205 -170 170.845 149.35999999999999 235
110.0 792.7459999999999 14 1950.0 -2025.0 188 -178 266.3699999999999 82.37699999999998 221
2830.0 911.5209999999996 16 4500.0 -1670.0 246 -222 269.58899999999994 150.094 167
1660.0 945.1849999999997 16 3540.0 -1880.0 254 -207 310.61499999999995 157.78799999999995 172
2850.0 788.093 12 4380.0 -1740.0 190 -173 252.71600000000004 184.00699999999998 238
250.0 564.9729999999998 10 2160.0 -1950.0 177 -126 186.77399999999997 90.53199999999995 195
2370.0 941.0989999999999 17 3660.0 -1470.0 184 -203 320.639 160.12099999999998 147
1670.0 717.8990000000001 12 3030.0 -1450.0 184 -167 221.415 109.75199999999998 145
1390.0 755.1279999999996 13 3240.0 -1930.0 175 -151 281.97099999999995 140.44099999999997 193
3885.0 868.5229999999997 14 5160.0 -1275.0 245 -191 287.0249999999999 201.89099999999996 112
2030.0 888.3549999999998 17 3900.0 -1930.0 175 -209 243.288 167.12099999999998 193
1440.0 952.222 16 3330.0 -2040.0 185 -203 318.6909999999999 152.23800000000003 204
2210.0 970.8719999999996 19 3870.0 -1660.0 243 -227 287.668 157.10899999999998 166
1800.0 980.9369999999997 18 4080.0 -2280.0 256 -236 262.58199999999994 173.96099999999998 228
1620.0 792.0079999999997 14 2970.0 -1380.0 167 -179 236.068 139.178 138
1930.0 865.243 15 3840.0 -1980.0 188 -194 262.0299999999999 168.61199999999994 198
2360.0 804.5389999999996 14 4230.0 -2090.0 190 -161 297.39699999999993 183.69299999999996 209
1860.0 878.7029999999997 16 3720.0 -2000.0 198 -205 238.35899999999992 167.93099999999998 200
1230.0 815.0109999999996 16 3150.0 -2040.0 186 -184 254.806 141.462 204
1010.0 719.563 13 2880.0 -1870.0 170 -163 216.03799999999998 127.45399999999995 286
1980.0 524.8359999999999 10 2970.0 -990.0 90 -131 119.453 121.774 99
1030.0 596.9119999999999 10 2730.0 -1700.0 172 -123 208.07399999999993 122.90299999999998 340
2740.0 830.0709999999999 14 4050.0 -1950.0 227 -201 212.99199999999996 166.66699999999997 195
945.0 618.1590000000001 12 2640.0 -1835.0 186 -143 172.26600000000002 113.475 262
1815.0 772.0579999999998 14 3480.0 -1845.0 187 -173 233.671 146.577 263
2180.0 928.7120000000002 17 4080.0 -1940.0 176 -199 321.26500000000004 176.14600000000002 194
2520.0 784.3049999999997 15 3870.0 -1850.0 219 -176 243.09999999999997 165.58599999999998 185
2340.0 888.724 15 3660.0 -1470.0 184 -204 256.7129999999999 159.10500000000002 147
220.0 444.8129999999999 8 1230.0 -1010.0 92 -107 127.17899999999999 51.572 101
1195.0 712.4699999999997 13 2850.0 -1655.0 170 -172 184.93099999999998 119.51299999999998 244
2290.0 1016.0689999999996 17 4500.0 -2210.0 252 -233 274.03599999999994 216.22199999999995 221
1700.0 706.6169999999997 12 3570.0 -1870.0 170 -158 222.48599999999996 141.22599999999997 187
2310.0 919.9279999999995 18 4080.0 -1770.0 246 -220 254.081 172.9269999999999 162
1930.0 879.2769999999999 16 3750.0 -2240.0 204 -200 245.375 175.70499999999996 224
-520.0 535.262 10 1380.0 -1900.0 173 -123 179.74399999999994 53.072 190
2190.0 910.5279999999998 17 3540.0 -1350.0 173 -212 245.6619999999999 168.766 135
3290.0 842.2329999999997 16 4260.0 -970.0 165 -197 222.795 195.44199999999992 151
2000.0 889.7839999999997 17 3330.0 -1620.0 198 -204 259.07899999999995 149.90599999999998 162
2280.0 846.1040000000002 14 4080.0 -1800.0 164 -194 247.64899999999997 181.70099999999994 180
2645.0 796.4809999999999 15 3660.0 -1015.0 172 -164 272.561 153.948 159
840.0 774.3979999999998 15 2190.0 -1350.0 165 -173 257.342 90.226 135
2760.0 1059.2779999999998 19 4380.0 -1620.0 237 -254 286.43399999999997 180.68399999999994 162
3920.0 977.2529999999997 17 4860.0 -940.0 171 -241 250.78499999999994 183.741 156
2170.0 894.6899999999997 17 4050.0 -2000.0 196 -216 243.97899999999996 166.69199999999998 200
2300.0 862.9909999999996 17 3090.0 -790.0 164 -217 216.55599999999995 118.21799999999999 79
1650.0 869.5549999999996 16 3030.0 -1880.0 216 -198 267.0199999999999 133.825 188
3530.0 988.5619999999994 18 4860.0 -1760.0 211 -237 278.33399999999995 188.57400000000004 176
1175.0 777.7979999999998 13 2670.0 -1655.0 201 -164 267.5579999999999 122.27099999999994 230
1670.0 469.655 9 2100.0 -800.0 141 -112 142.575 72.90100000000001 117
2420.0 864.5269999999997 16 4290.0 -2430.0 221 -202 227.21399999999997 185.95 243
510.0 618.8249999999999 11 2370.0 -1860.0 169 -119 245.385 109.612 186
2780.0 850.3789999999995 15 3600.0 -880.0 175 -169 311.6909999999999 171.039 88
3275.0 1005.9389999999996 19 4290.0 -1115.0 191 -251 239.57499999999996 182.78900000000002 170
2210.0 840.6089999999996 15 3600.0 -1510.0 188 -194 247.9679999999999 152.12699999999998 163
1280.0 746.3969999999999 15 3180.0 -1900.0 173 -183 180.541 118.31399999999996 190
905.0 751.79 14 2550.0 -1715.0 175 -161 257.6489999999999 116.59399999999998 250
2530.0 963.2319999999999 19 4290.0 -1910.0 173 -227 261.5849999999999 192.91699999999997 191
1500.0 767.1379999999997 14 3210.0 -2000.0 233 -174 222.63199999999995 146.94799999999998 271
2400.0 839.7059999999999 14 4170.0 -1770.0 252 -212 224.67799999999997 141.166 177
2270.0 855.2659999999997 15 3600.0 -1330.0 171 -195 273.4509999999999 132.374 133
170.0 590.3869999999997 10 1950.0 -1780.0 191 -139 179.66899999999993 77.957 256
1440.0 762.0069999999997 14 3300.0 -2180.0 198 -177 217.71999999999994 132.208 218
1530.0 811.0669999999997 14 3360.0 -1830.0 167 -185 255.308 132.634 183
3280.0 921.494 17 4770.0 -1370.0 169 -219 248.79899999999998 198.06 137
1610.0 547.434 9 2040.0 -430.0 89 -127 161.23799999999994 88.82799999999999 43
1070.0 527.007 8 2070.0 -1000.0 91 -123 154.98499999999996 80.19099999999999 100
2425.0 863.2539999999996 17 3690.0 -1995.0 237 -209 231.89099999999993 148.65099999999993 262
3010.0 882.5199999999999 15 5250.0 -2240.0 254 -225 199.78299999999996 203.549 224
2290.0 553.0519999999999 8 2730.0 -440.0 91 -122 169.19899999999993 119.91199999999995 44
2580.0 995.6329999999997 17 4440.0 -1910.0 173 -231 277.3669999999999 198.515 191
580.0 603.5959999999999 12 2130.0 -1550.0 169 -131 203.32999999999993 96.58099999999997 211
1410.0 883.6819999999998 16 3240.0 -2145.0 218 -196 296.8809999999999 139.65699999999998 204
2110.0 994.1219999999996 18 3840.0 -1730.0 254 -224 310.84699999999987 169.06 173
2890.0 878.651 16 3720.0 -1160.0 202 -198 265.815 156.15199999999996 116
2730.0 955.3019999999998 16 4800.0 -2070.0 255 -225 270.1939999999999 181.412 199
2390.0 905.5499999999998 14 3930.0 -1300.0 168 -190 313.61899999999997 180.089 130
2330.0 930.3439999999998 16 4230.0 -2050.0 186 -220 231.7900000000001 141.63699999999997 205
2800.0 964.5869999999999 16 4920.0 -2160.0 246 -210 312.296 208.877 216
3070.0 998.8679999999995 18 4200.0 -1660.0 219 -224 298.58799999999997 191.94299999999998 158
1210.0 711.2799999999999 12 3090.0 -1910.0 173 -151 239.04900000000006 135.75799999999998 191
1100.0 773.7659999999997 15 2940.0 -1930.0 175 -180 220.26699999999994 114.65199999999999 193
2400.0 865.0479999999997 16 3840.0 -1770.0 233 -190 272.343 166.309 162
1440.0 886.9209999999999 14 3300.0 -2430.0 221 -193 280.2799999999999 146.492 243
3070.0 1040.552 20 4950.0 -1880.0 171 -245 273.212 220.19799999999998 188
3010.0 846.697 15 4860.0 -2040.0 207 -182 281.62999999999994 197.583 204
2190.0 873.8919999999998 17 3510.0 -1320.0 170 -203 252.3559999999999 158.36699999999996 132
2480.0 812.7619999999997 15 4350.0 -1940.0 184 -183 248.55399999999995 183.90499999999997 194
2000.0 700.9559999999999 11 3390.0 -1390.0 171 -150 230.00999999999993 141.39399999999998 139
635.0 716.7409999999998 13 2310.0 -1895.0 189 -151 263.4779999999999 96.99999999999999 257
2670.0 927.2929999999997 17 3510.0 -1460.0 230 -200 309.066 155.69399999999996 146
950.0 666.404 11 2790.0 -2110.0 191 -148 205.26799999999994 128.50499999999997 211
1970.0 778.8439999999997 13 3840.0 -2110.0 192 -177 233.7299999999999 160.81200000000007 211
1390.0 728.4419999999999 14 2970.0 -1580.0 224 -165 224.69599999999988 135.91799999999995 158
1775.0 789.2429999999998 12 3270.0 -1895.0 204 -166 260.00299999999993 146.44799999999995 255
4770.0 1057.104 20 6090.0 -1480.0 185 -245 296.1309999999999 259.20599999999996 148
2540.0 1075.8299999999992 19 4470.0 -1930.0 272 -250 310.638 194.04799999999997 193
3500.0 831.2179999999998 14 4560.0 -1890.0 241 -204 185.22299999999996 201.42299999999997 181
940.0 694.4619999999998 11 3210.0 -2270.0 206 -163 206.093 127.284 227
1715.0 708.5979999999997 13 2880.0 -1395.0 217 -170 182.73499999999999 124.64399999999999 218
1420.0 744.2649999999999 14 2820.0 -1720.0 203 -173 221.4069999999999 123.661 172
1570.0 848.6419999999997 14 3450.0 -1880.0 171 -194 261.068 141.419 188
2525.0 773.1519999999998 13 4170.0 -1645.0 169 -176 214.69999999999993 182.67599999999996 243
2650.0 865.7139999999999 14 4050.0 -1400.0 172 -207 218.475 183.68399999999997 140
2860.0 769.7649999999999 14 4710.0 -1970.0 179 -172 245.77299999999988 165.34599999999992 197
2360.0 893.18 16 3750.0 -1820.0 211 -196 278.02599999999995 165.29299999999998 182
410.0 468.3289999999999 8 1410.0 -1000.0 91 -102 154.30699999999996 62.65599999999999 100
4390.0 1116.993 19 6270.0 -1890.0 171 -261 298.19199999999995 267.68 189
1290.0 446.08299999999986 8 2280.0 -990.0 90 -123 91.49900000000001 81.559 99
1710.0 854.6319999999995 14 3060.0 -1350.0 174 -171 319.6149999999999 137.791 135
2780.0 1041.1269999999997 17 4140.0 -1360.0 167 -230 311.163 203.31999999999994 136
1490.0 725.1909999999997 14 2850.0 -1470.0 185 -168 234.3649999999999 111.047 147
820.0 552.9729999999998 9 2520.0 -1700.0 172 -123 171.84699999999995 100.52999999999999 241
990.0 824.5439999999995 14 2910.0 -1970.0 179 -178 271.74499999999995 141.731 197
3640.0 1057.5869999999995 21 4890.0 -1990.0 231 -244 312.34499999999997 205.549 199
1690.0 790.8599999999997 14 3240.0 -1550.0 169 -186 243.30399999999997 120.88599999999998 211
1270.0 615.8889999999998 11 3180.0 -1910.0 174 -141 177.65999999999997 141.62699999999995 191
3770.0 961.1959999999997 18 5040.0 -1270.0 165 -228 246.67199999999988 216.27099999999993 127
2070.0 761.9779999999997 14 3870.0 -1940.0 193 -181 214.20799999999997 143.54600000000002 194
1855.0 728.1089999999997 12 3210.0 -1465.0 195 -167 221.49599999999987 124.11400000000005 282
1880.0 912.5059999999997 19 3720.0 -2280.0 207 -219 236.853 171.90999999999997 228
1715.0 817.231 16 3420.0 -1765.0 180 -186 245.79599999999994 139.151 256
1010.0 428.1940000000001 6 1440.0 -550.0 100 -86 155.368 69.29599999999999 55
3750.0 1013.8049999999995 18 4770.0 -1020.0 173 -226 312.918 202.095 159
3130.0 872.1259999999999 15 4680.0 -1730.0 190 -199 242.24699999999996 193.923 239
1660.0 773.726 14 3510.0 -2140.0 228 -169 250.17599999999993 149.67999999999998 214
1870.0 784.9379999999996 14 3780.0 -1960.0 184 -169 259.128 166.91899999999998 196
2210.0 836.9789999999998 15 3600.0 -1450.0 181 -196 220.62199999999999 162.56699999999998 151
1190.0 924.8869999999998 17 3000.0 -1930.0 176 -209 292.887 132.99800000000002 193
2590.0 985.6340000000001 20 3870.0 -2040.0 236 -246 247.51999999999995 157.53399999999996 204
3570.0 940.8519999999999 18 4920.0 -1350.0 165 -221 263.606 202.82399999999996 135
1590.0 848.2189999999996 17 3480.0 -1920.0 174 -185 281.30099999999993 149.69799999999995 192
1495.0 840.049 16 3150.0 -1655.0 170 -190 264.292 137.23399999999998 245
1820.0 786.7149999999999 11 3930.0 -2110.0 224 -184 216.816 166.296 211
2680.0 867.6109999999995 14 4410.0 -1730.0 255 -206 207.039 169.64100000000002 173
1870.0 815.8560000000001 15 3240.0 -1635.0 199 -196 212.232 148.82199999999995 190
1980.0 824.027 16 3840.0 -2040.0 185 -206 185.54299999999998 173.69799999999998 204
1840.0 869.0879999999997 15 2880.0 -1090.0 254 -185 291.75 134.88199999999998 102
2955.0 960.5829999999997 18 4440.0 -1505.0 173 -219 292.1619999999999 194.14199999999997 134
2775.0 945.031 16 4350.0 -1720.0 192 -223 260.92099999999994 194.64199999999997 245
1230.0 680.1509999999996 13 3030.0 -2020.0 184 -147 230.1829999999999 129.681 301
3060.0 890.9609999999996 18 4320.0 -1260.0 166 -202 246.52899999999994 171.66099999999997 126
1360.0 901.5719999999997 16 3270.0 -1910.0 174 -203 258.0799999999999 160.36899999999994 191
1080.0 340.6559999999999 5 2070.0 -990.0 90 -92 65.737 72.257 99
1665.0 705.6239999999997 15 3300.0 -1845.0 187 -169 171.658 153.19199999999995 263
350.0 671.582 11 2310.0 -1960.0 178 -143 223.61099999999996 107.374 285
2590.0 1082.7359999999996 21 3870.0 -1280.0 246 -262 278.23199999999997 166.528 112
1880.0 445.78299999999996 7 2520.0 -1380.0 157 -102 153.00199999999995 83.69399999999999 202
960.0 877.2039999999997 16 3360.0 -2400.0 258 -209 243.20800000000006 140.41199999999998 240
1970.0 783.4729999999997 14 3870.0 -2100.0 191 -193 193.33900000000006 155.459 210
2670.0 736.9949999999999 13 4620.0 -1950.0 255 -196 191.174 132.14 259
2540.0 863.1649999999998 16 3810.0 -1270.0 165 -198 244.834 174.637 127
3350.0 1016.8819999999998 16 5160.0 -1840.0 169 -217 319.3299999999999 238.4019999999999 187
1020.0 408.462 6 1560.0 -540.0 90 -87 144.81099999999998 66.517 36
2870.0 966.7809999999996 16 4710.0 -1980.0 196 -204 324.5579999999998 219.86199999999997 198
1070.0 493.7289999999998 8 2070.0 -1000.0 91 -104 149.743 107.41499999999999 100
2150.0 914.9959999999999 17 3480.0 -2060.0 237 -204 295.4729999999999 149.573 206
570.0 471.4009999999999 8 1560.0 -990.0 90 -106 154.27799999999996 64.81499999999998 99
2780.0 777.893 15 4680.0 -2150.0 225 -186 230.456 152.178 215
2330.0 1016.8249999999997 18 4200.0 -2080.0 189 -251 227.903 198.122 208
950.0 773.5359999999997 13 2790.0 -1840.0 167 -185 219.432 112.06 184
2220.0 443.708 7 2760.0 -540.0 90 -108 124.21900000000001 101.989 36
1825.0 675.114 12 3000.0 -1335.0 190 -160 177.81799999999996 126.43599999999998 207
2930.0 706.591 12 4770.0 -1840.0 167 -170 175.149 202.81899999999996 184
2110.0 800.487 14 3960.0 -2690.0 244 -180 235.38799999999992 185.22099999999998 269
1230.0 836.9259999999998 16 3360.0 -2130.0 244 -198 222.4679999999999 149.90699999999995 213
2770.0 867.2549999999999 16 3960.0 -1190.0 247 -207 231.40799999999993 179.097 119
1130.0 786.27 13 3030.0 -1900.0 173 -173 250.01999999999998 140.75099999999995 190
1625.0 740.3409999999999 11 3450.0 -2075.0 218 -168 194.63799999999998 161.61199999999997 289
1920.0 850.0279999999998 15 3270.0 -1610.0 195 -184 284.44699999999995 142.047 187
2830.0 771.6659999999998 12 4200.0 -1720.0 200 -174 231.23999999999995 174.04899999999998 172
170.0 372.6539999999999 6 1170.0 -1000.0 91 -91 98.168 49.17099999999999 100
2580.0 669.8949999999999 10 3810.0 -1230.0 216 -167 187.29199999999997 124.01799999999994 180
1020.0 877.9749999999997 16 2880.0 -1980.0 180 -198 285.64 120.27499999999998 198
3370.0 879.9929999999998 15 4650.0 -1960.0 228 -196 273.37799999999993 197.29399999999998 196
1720.0 652.0529999999999 11 3420.0 -1820.0 183 -141 223.755 133.697 253
1920.0 724.306 12 3300.0 -1590.0 189 -167 221.23999999999995 135.28199999999998 159
1790.0 853.1419999999995 15 3600.0 -1920.0 175 -202 216.35499999999996 160.70699999999997 192
2540.0 819.1140000000001 16 3810.0 -2060.0 237 -191 241.90099999999998 156.86399999999998 206
1080.0 499.67199999999997 8 2070.0 -990.0 90 -114 124.15999999999994 112.52199999999999 99
380.0 423.8249999999999 8 1380.0 -1090.0 103 -94 149.569 49.77099999999997 118
1560.0 787.5369999999998 14 3450.0 -2180.0 198 -163 281.64599999999996 153.413 218
720.0 463.1439999999999 8 1710.0 -990.0 90 -108 131.41500000000002 76.826 99
1150.0 680.4969999999998 12 3060.0 -2100.0 191 -145 228.012 134.25199999999995 210
1500.0 875.4229999999999 16 3360.0 -2420.0 220 -212 220.035 154.75499999999997 242
1340.0 877.1279999999997 15 3480.0 -2140.0 234 -206 239.79699999999997 153.041 214
520.0 673.5279999999998 12 2220.0 -1890.0 189 -151 219.15499999999992 89.568 259
3190.0 1226.8879999999997 21 5100.0 -2030.0 185 -283 349.00199999999995 230.36399999999998 203
2420.0 865.2429999999996 16 3570.0 -1290.0 185 -197 242.0979999999999 160.16399999999996 200
1550.0 855.2139999999995 18 3480.0 -1980.0 180 -196 255.0979999999999 157.08 198
2865.0 1008.2699999999996 17 4140.0 -1385.0 255 -218 325.779 185.70999999999998 133
1085.0 796.3929999999998 15 2760.0 -1725.0 176 -173 272.793 116.81600000000002 252
3710.0 875.2229999999997 16 5040.0 -1640.0 200 -209 220.549 211.08499999999998 164
1670.0 779.8460000000002 16 3600.0 -1970.0 179 -167 254.77099999999993 160.23099999999997 197
2540.0 1115.3629999999994 20 3720.0 -1180.0 245 -262 303.5939999999999 174.14799999999997 118
4940.0 987.6999999999997 17 5760.0 -1290.0 213 -225 298.527 222.118 129
2390.0 1036.0579999999998 17 3750.0 -1530.0 254 -247 272.77899999999994 162.50200000000004 217
1090.0 461.357 8 2070.0 -1780.0 162 -96 167.86700000000002 91.26399999999998 178
3060.0 838.8049999999998 14 4350.0 -1290.0 167 -186 280.23099999999994 174.42000000000002 129
530.0 499.9959999999998 9 1530.0 -1000.0 91 -104 184.385 65.86999999999999 200
1690.0 885.7159999999999 15 3270.0 -1580.0 173 -201 270.011 145.346 217
1165.0 705.9549999999997 12 2820.0 -1725.0 176 -152 225.587 127.91000000000001 252
1410.0 440.9329999999998 7 2190.0 -780.0 90 -99 141.40199999999996 87.43799999999997 156
2110.0 549.1089999999998 9 3120.0 -1010.0 92 -129 137.63499999999996 135.332 101
1050.0 697.4829999999998 13 2940.0 -1890.0 172 -164 197.58799999999997 127.60099999999998 189
1170.0 699.6459999999997 13 3030.0 -1860.0 169 -162 201.54099999999997 135.459 186
1640.0 929.0319999999996 18 3780.0 -2140.0 245 -231 226.37499999999997 160.97599999999997 214
1090.0 460.26999999999975 8 1530.0 -440.0 91 -97 164.045 68.291 44
2220.0 886.0889999999998 15 3570.0 -1560.0 217 -195 273.78599999999994 163.87399999999997 156
1915.0 776.272 14 3600.0 -1685.0 173 -198 176.27300000000002 145.74400000000003 248
3375.0 865.4999999999999 15 4680.0 -1305.0 209 -195 280.22899999999987 184.20899999999997 197
3130.0 964.4260000000002 17 5010.0 -1880.0 171 -236 249.38199999999992 197.64499999999998 188
1290.0 808.1099999999997 15 2670.0 -1380.0 171 -197 209.75499999999994 118.39299999999999 138
1875.0 794.3239999999998 15 3390.0 -1645.0 197 -193 191.76 148.309 230
1690.0 929.2409999999995 17 3570.0 -1990.0 181 -220 270.924 142.735 199
2720.0 855.1519999999997 15 4140.0 -2070.0 229 -192 262.63199999999995 170.78399999999996 189
1605.0 996.5149999999998 19 3900.0 -2295.0 243 -249 236.51899999999992 175.478 214
2120.0 883.1249999999998 15 3990.0 -1985.0 186 -187 294.536 177.26199999999997 210
2640.0 863.3299999999995 15 3900.0 -1530.0 190 -197 232.44499999999996 182.39799999999997 153
4220.0 1065.829 19 5520.0 -1450.0 201 -231 331.18699999999995 245.24799999999993 145
2600.0 942.871 17 3930.0 -1330.0 172 -215 295.7589999999999 159.24700000000004 133
3150.0 846.7709999999995 14 4440.0 -1360.0 175 -191 245.0249999999999 196.61799999999997 143
1975.0 731.8199999999998 12 3570.0 -2015.0 212 -166 208.288 145.159 260
1960.0 867.3889999999998 16 3300.0 -1340.0 172 -205 237.56199999999998 148.68699999999995 134
510.0 451.38599999999997 7 1500.0 -990.0 90 -92 167.927 68.33399999999997 99
2550.0 907.5879999999996 17 3840.0 -1390.0 176 -198 282.61400000000003 175.79699999999994 139
1355.0 771.4799999999999 16 3030.0 -1905.0 193 -182 199.09399999999997 135.734 270
3170.0 842.9219999999996 16 4440.0 -1310.0 168 -209 218.61299999999994 166.34299999999996 131
1880.0 821.1329999999997 14 3780.0 -1900.0 173 -192 247.168 145.995 190
1545.0 425.53999999999996 7 2190.0 -645.0 91 -96 122.326 97.213 129
1070.0 598.2269999999999 10 2430.0 -1360.0 175 -141 155.66799999999998 109.64999999999998 136
3950.0 896.4259999999996 17 5760.0 -1830.0 169 -211 232.38099999999997 220.99599999999992 183
2150.0 903.0819999999998 16 4020.0 -1870.0 170 -222 228.69299999999998 170.159 187
3310.0 887.3769999999997 16 4470.0 -1340.0 191 -180 302.66899999999987 203.779 206
925.0 617.5279999999997 11 2670.0 -1885.0 189 -126 213.72099999999998 118.25700000000002 262
3210.0 1000.9649999999998 19 4530.0 -1710.0 205 -215 324.52299999999997 202.8 171
1820.0 843.0509999999996 15 3150.0 -1540.0 190 -179 281.82799999999986 148.30699999999996 154
2060.0 943.2659999999995 16 3810.0 -1750.0 257 -222 276.01499999999993 154.376 175
1230.0 571.8019999999999 9 2220.0 -1850.0 168 -120 202.81599999999995 99.061 185
2020.0 710.9559999999997 12 3270.0 -1370.0 175 -165 209.78699999999998 130.52599999999995 137
2720.0 1005.8359999999997 19 4620.0 -1910.0 173 -239 260.42400000000004 209.72600000000003 191
2720.0 783.8069999999999 13 4200.0 -1500.0 172 -171 243.7519999999999 181.767 134
2485.0 955.5519999999997 17 3510.0 -1285.0 192 -215 289.23299999999995 159.664 194
1375.0 732.6529999999999 11 3060.0 -1795.0 183 -158 221.85799999999995 136.93099999999998 258
2560.0 884.1319999999996 16 4410.0 -1850.0 168 -209 240.40300000000005 185.909 185
770.0 381.13299999999987 7 1200.0 -430.0 89 -87 119.77599999999998 57.30999999999999 43
1770.0 641.71 11 3360.0 -1620.0 176 -140 217.21499999999997 126.44299999999998 221
3280.0 917.0429999999996 14 4770.0 -1490.0 245 -222 234.06499999999994 196.657 142
2680.0 860.6889999999996 16 3840.0 -1420.0 198 -194 240.69799999999995 177.04399999999998 214
1660.0 728.611 14 3000.0 -1560.0 182 -168 210.732 131.74 156
3220.0 962.7999999999997 17 5040.0 -1820.0 262 -226 278.554 204.69699999999992 182
2470.0 700.5539999999997 15 3870.0 -1550.0 186 -176 178.30399999999997 110.20299999999999 155
3420.0 797.5880000000001 13 4740.0 -1790.0 214 -199 220.35699999999994 145.92000000000002 179
3510.0 875.0189999999999 14 5070.0 -1635.0 178 -210 214.59999999999994 211.537 228
3290.0 944.4719999999999 16 4860.0 -1570.0 171 -213 271.77799999999996 220.70100000000002 214
2520.0 877.7559999999996 17 3330.0 -810.0 168 -207 239.15299999999993 146.15299999999996 81
3630.0 1172.8449999999998 21 5010.0 -1620.0 220 -260 376.9549999999999 216.02999999999994 162
3440.0 908.0349999999997 17 4290.0 -1040.0 215 -218 245.32699999999997 182.46800000000002 104
2060.0 823.9459999999998 15 3900.0 -1840.0 167 -206 200.927 155.639 184
3160.0 915.6219999999997 17 4290.0 -1530.0 207 -210 261.08 194.679 222
1910.0 883.1669999999998 17 3330.0 -2100.0 239 -214 232.47399999999996 137.494 210
2390.0 1082.3929999999998 18 4650.0 -2260.0 249 -232 357.268 211.58399999999992 226
2690.0 960.7379999999997 17 4050.0 -1810.0 216 -229 246.5859999999999 179.052 181
2670.0 862.4839999999998 14 4560.0 -1890.0 172 -196 265.162 188.09699999999995 189
1520.0 669.149 11 2970.0 -1550.0 173 -152 206.98699999999997 116.508 219
810.0 439.585 7 1800.0 -990.0 90 -98 132.60599999999994 78.77599999999998 99
4565.0 1110.4539999999993 18 5550.0 -1045.0 172 -226 391.8129999999999 254.96400000000003 160
10.0 521.2629999999999 8 1920.0 -1910.0 174 -113 179.99199999999996 78.44000000000003 191
1340.0 749.6599999999996 12 3210.0 -1875.0 170 -151 280.6549999999999 136.77300000000002 188
570.0 614.4999999999998 11 2430.0 -1860.0 169 -142 183.99799999999993 108.989 285
3300.0 909.4419999999999 17 4320.0 -1050.0 175 -219 251.7389999999999 167.408 167
3080.0 969.0570000000002 20 4950.0 -2090.0 215 -235 233.866 214.20899999999997 209
1955.0 828.9959999999998 13 3780.0 -1825.0 166 -183 249.372 177.86600000000004 265
3670.0 973.0519999999999 19 5070.0 -1400.0 175 -235 247.2069999999999 183.64499999999995 140
3290.0 927.4579999999997 17 4560.0 -1290.0 166 -220 260.5369999999999 149.34699999999998 129
1715.0 766.3359999999998 14 3270.0 -1555.0 169 -168 244.73299999999995 151.333 211
1660.0 814.7749999999999 14 3510.0 -1890.0 171 -163 298.80399999999986 164.862 189
370.0 602.4529999999999 11 2280.0 -1910.0 174 -136 177.765 112.57200000000002 191
2350.0 973.127 18 3720.0 -1690.0 206 -213 324.2559999999999 161.42 169
1310.0 889.3179999999998 18 3180.0 -2240.0 203 -202 281.54299999999995 138.00500000000002 224
1490.0 768.4399999999999 12 3390.0 -1900.0 173 -196 174.95599999999993 133.31799999999998 190
1980.0 941.0309999999997 17 4110.0 -2130.0 244 -239 218.72099999999998 169.62599999999998 213
1980.0 804.9739999999997 13 3330.0 -1350.0 165 -177 255.67099999999996 149.409 135
1735.0 781.1639999999995 14 3420.0 -1845.0 187 -168 269.48499999999996 138.898 263
2370.0 769.5149999999999 14 3600.0 -1230.0 162 -191 189.48299999999998 153.75 123
1860.0 980.1610000000002 15 4110.0 -2250.0 248 -236 247.31999999999996 177.29700000000003 225
1830.0 882.0799999999996 17 3660.0 -2160.0 196 -205 260.10999999999996 156.058 216
3380.0 995.2119999999999 17 4290.0 -1255.0 209 -216 320.84299999999985 182.88300000000004 144
640.0 668.2199999999999 11 2040.0 -1650.0 196 -138 241.78399999999993 92.94 165
2220.0 757.819 13 3630.0 -1580.0 191 -163 234.84499999999994 168.19599999999994 158
1580.0 834.3469999999999 15 3450.0 -2060.0 187 -189 254.18899999999996 151.69499999999994 206
2110.0 827.2849999999997 15 3990.0 -2040.0 185 -189 275.43499999999995 133.47400000000002 204
3230.0 816.2 15 4620.0 -1480.0 182 -174 272.3419999999999 180.87099999999998 157
2530.0 931.9559999999998 20 3780.0 -1510.0 200 -223 251.5489999999999 176.51299999999995 177
840.0 708.5919999999996 12 2790.0 -1950.0 187 -151 228.97299999999993 133.623 195
2430.0 948.324 16 3690.0 -1260.0 166 -234 234.13399999999996 163.999 126
2030.0 770.83 13 3870.0 -1840.0 167 -154 267.9419999999999 184.592 184
420.0 690.8259999999999 12 2280.0 -1860.0 169 -151 237.808 87.732 272
4040.0 863.8979999999995 14 5430.0 -1590.0 191 -194 241.2699999999999 238.3169999999999 258
4690.0 903.2189999999997 17 5520.0 -1540.0 237 -200 290.734 232.79799999999997 154
920.0 554.8199999999998 10 2820.0 -1900.0 172 -118 180.77499999999992 124.95599999999996 289
3610.0 905.8469999999999 15 5520.0 -2050.0 186 -211 265.6119999999999 224.541 205
1130.0 446.59499999999997 6 1560.0 -430.0 89 -104 126.14899999999997 70.17800000000003 43
1430.0 917.3459999999997 17 3330.0 -2070.0 188 -213 251.75899999999996 158.43799999999996 207
2320.0 943.383 17 3600.0 -1280.0 167 -223 272.159 148.284 128
2240.0 769.0889999999997 15 4110.0 -2200.0 200 -183 210.619 171.965 220
2450.0 838.9559999999998 14 3270.0 -820.0 170 -174 286.7659999999999 160.416 82
880.0 710.8199999999999 13 2790.0 -2140.0 195 -164 216.4179999999999 117.11700000000002 214
1055.0 771.8659999999998 14 2730.0 -1815.0 181 -169 249.60199999999998 125.609 250
2170.0 873.387 15 3210.0 -1200.0 190 -195 283.135 132.17399999999998 180
2530.0 729.9409999999998 12 4410.0 -2510.0 228 -184 181.34599999999995 161.29099999999994 251
1420.0 779.8399999999998 13 2670.0 -1595.0 213 -181 206.908 138.13899999999998 194
620.0 900.3739999999997 17 2970.0 -2350.0 241 -217 232.53099999999995 136.355 289
2255.0 863.6739999999996 17 3630.0 -1375.0 176 -190 274.578 162.60299999999995 231
1200.0 786.0309999999998 13 3120.0 -1920.0 175 -178 228.17600000000002 141.66699999999994 192
2070.0 779.8209999999999 14 3390.0 -1500.0 187 -179 239.74499999999998 140.47699999999998 150
1170.0 774.3239999999995 15 2970.0 -2140.0 195 -179 248.69400000000005 107.766 214
1640.0 758.2079999999999 13 3480.0 -2050.0 210 -177 206.30799999999996 152.53499999999997 205
