1350.0 173.154 9 1350.0 0.0 0 -45 38.437 56.706 0
1830.0 226.56599999999995 12 1830.0 -940.0 62 -55 81.75399999999998 63.116999999999976 188
1230.0 221.03499999999997 16 1230.0 0.0 0 -56 71.47599999999998 45.95399999999999 0
1380.0 204.494 17 1380.0 0.0 0 -57 63.796999999999976 45.623000000000005 0
1830.0 240.4039999999999 18 1830.0 0.0 0 -60 85.76099999999997 66.52199999999999 0
1920.0 250.55099999999996 13 1920.0 0.0 0 -60 86.43700000000001 69.41299999999998 0
1470.0 245.48399999999998 15 1470.0 0.0 0 -57 90.90299999999998 54.74899999999998 0
1620.0 244.06599999999997 18 1620.0 0.0 0 -57 86.09600000000002 67.75299999999999 0
2070.0 221.249 16 2070.0 0.0 0 -57 74.38100000000001 69.28999999999996 0
1590.0 306.31000000000006 18 1830.0 -250.0 80 -69 104.847 66.85999999999999 18
1410.0 268.1449999999999 18 1410.0 -595.0 39 -65 93.10799999999998 55.79399999999999 119
1410.0 224.27700000000002 18 1410.0 0.0 0 -59 62.78599999999999 45.253 0
1620.0 227.32799999999997 14 1620.0 -410.0 27 -55 82.695 52.86800000000001 82
1320.0 199.87900000000002 19 1320.0 0.0 0 -50 68.25099999999998 49.981 0
1800.0 229.248 15 1800.0 0.0 0 -59 78.077 56.848 0
1110.0 192.119 15 1110.0 0.0 0 -51 69.764 36.163 0
1680.0 278.75699999999995 22 1680.0 -280.0 18 -70 104.52999999999994 67.523 56
1260.0 254.975 17 1260.0 -590.0 29 -63 91.51499999999997 49.398999999999994 118
1980.0 220.7559999999999 13 1980.0 -1260.0 84 -57 74.395 62.36799999999999 252
1290.0 263.8889999999999 19 1920.0 -630.0 84 -68 79.66299999999998 64.338 126
1380.0 243.89900000000003 16 1380.0 0.0 0 -55 87.81600000000002 53.266999999999996 0
1140.0 259.34599999999995 14 1770.0 -630.0 84 -63 83.553 65.91800000000002 126
1380.0 231.478 21 1380.0 0.0 0 -55 74.974 58.225 0
2010.0 246.26600000000002 20 2010.0 0.0 0 -58 95.549 75.72099999999998 0
1620.0 299.5220000000001 18 1620.0 -505.0 33 -63 121.73499999999997 69.72499999999998 101
1800.0 235.3839999999999 20 1800.0 -240.0 20 -56 86.84299999999996 64.11399999999999 48
1470.0 240.02999999999997 18 1470.0 0.0 0 -59 79.38299999999997 44.875 0
1650.0 235.53100000000006 16 1650.0 0.0 0 -55 79.26400000000002 65.06699999999998 0
2160.0 238.81099999999995 17 2160.0 -105.0 2 -57 87.12599999999999 73.36399999999999 21
1590.0 250.041 18 1590.0 -555.0 46 -62 69.15999999999998 57.10299999999999 111
1860.0 213.86799999999997 14 1860.0 -805.0 53 -56 60.446999999999996 69.056 161
1560.0 245.1659999999999 13 1560.0 0.0 0 -59 63.08 73.88999999999997 0
1710.0 293.68299999999994 21 1710.0 -200.0 13 -64 123.58899999999996 68.00499999999998 40
1620.0 224.30399999999997 15 1620.0 -260.0 17 -57 77.84 55.05899999999999 52
1830.0 235.09100000000004 17 1830.0 0.0 0 -59 83.345 58.23499999999998 0
1560.0 278.616 15 1560.0 -460.0 53 -66 104.73999999999998 56.444 92
2130.0 249.71099999999998 16 2130.0 -555.0 37 -57 93.95900000000002 77.17899999999997 111
2040.0 301.50199999999995 21 2040.0 -550.0 36 -66 115.13999999999999 75.91199999999995 110
1710.0 251.62400000000002 20 1710.0 -865.0 72 -64 79.40299999999998 56.082 173
1560.0 220.2059999999999 18 1560.0 -20.0 1 -56 73.53299999999997 47.82599999999999 4
1500.0 273.04499999999996 19 1740.0 -240.0 80 -63 89.71900000000001 67.96199999999997 16
1380.0 238.46999999999994 17 1380.0 0.0 0 -57 82.36499999999998 54.982 0
1740.0 225.503 18 1740.0 -740.0 37 -56 75.76799999999999 63.254999999999995 148
1800.0 308.3920000000001 17 1800.0 0.0 0 -64 125.59500000000001 74.12100000000001 0
1635.0 314.67899999999986 21 1890.0 -255.0 85 -81 97.935 60.864 17
1920.0 236.07499999999996 18 1920.0 -15.0 1 -58 86.00100000000002 52.40199999999999 3
1770.0 263.23100000000005 15 1770.0 0.0 0 -66 87.76800000000001 54.296 0
2430.0 418.1879999999998 25 2670.0 -240.0 80 -98 128.00700000000003 89.93499999999999 16
1560.0 290.94399999999996 17 1560.0 -610.0 15 -69 110.513 57.61399999999999 122
2070.0 243.78000000000003 14 2070.0 -1045.0 26 -63 80.867 61.30499999999998 209
1470.0 287.1579999999999 19 1470.0 0.0 0 -65 102.93399999999995 59.177 0
1440.0 251.71400000000006 16 1440.0 -150.0 10 -55 92.65600000000003 57.955999999999996 30
1255.0 264.2099999999999 13 2250.0 -1025.0 92 -67 64.56000000000003 95.89199999999995 201
1390.0 291.044 17 2010.0 -620.0 82 -71 104.27900000000001 54.97099999999998 124
1680.0 211.25699999999998 13 1680.0 0.0 0 -55 65.86400000000002 53.37599999999998 0
1380.0 249.2079999999999 21 1380.0 0.0 0 -55 86.96899999999998 59.202000000000005 0
1740.0 247.44499999999994 16 1740.0 0.0 0 -57 97.46100000000001 65.68500000000002 0
2190.0 265.683 17 2190.0 -80.0 6 -67 86.74000000000001 63.783999999999985 16
2220.0 226.84799999999998 14 2220.0 0.0 0 -52 89.028 77.50599999999997 0
1680.0 199.74700000000007 11 1680.0 0.0 0 -56 59.061000000000014 51.419000000000004 0
2010.0 280.11400000000003 19 2250.0 -240.0 80 -70 85.89200000000001 73.15899999999999 16
1770.0 211.63199999999995 16 1770.0 -545.0 45 -56 64.35699999999999 56.703999999999986 109
1140.0 202.47899999999998 12 1140.0 -1650.0 41 -52 56.879999999999974 43.913 330
1470.0 227.40599999999992 16 1470.0 -865.0 57 -61 73.76199999999997 42.656 173
1500.0 205.74500000000003 17 1500.0 -240.0 20 -59 55.07199999999999 58.44000000000002 48
1650.0 246.969 17 1650.0 0.0 0 -58 77.47999999999999 77.33300000000003 0
1380.0 209.90599999999998 18 1380.0 0.0 0 -54 70.51299999999998 58.287000000000006 0
1320.0 217.65599999999992 18 1320.0 -590.0 39 -61 66.71499999999997 41.169999999999995 118
1860.0 238.57600000000005 16 1860.0 0.0 0 -57 78.49900000000001 74.50399999999996 0
1680.0 286.3239999999999 18 1680.0 0.0 0 -66 108.47899999999994 56.55799999999998 0
2310.0 389.05199999999996 18 2550.0 -240.0 80 -94 121.15599999999999 97.84599999999999 16
1830.0 226.25899999999996 13 1830.0 -660.0 44 -55 79.37699999999998 64.17899999999999 132
1410.0 215.50799999999998 16 1410.0 -875.0 58 -54 66.85499999999999 56.59199999999999 175
1440.0 213.36399999999998 19 1440.0 0.0 0 -57 61.353 50.999 0
1530.0 225.41899999999995 19 1530.0 0.0 0 -59 78.63999999999999 48.37100000000001 0
1620.0 219.30099999999993 19 1620.0 -535.0 35 -56 75.29599999999999 61.59999999999999 107
1830.0 228.916 22 1830.0 0.0 0 -61 87.25699999999998 55.342999999999996 0
1230.0 227.98600000000005 17 1230.0 -625.0 52 -56 80.98299999999998 51.370999999999995 125
1860.0 264.85299999999984 19 1860.0 -20.0 2 -61 100.393 60.26799999999999 4
1890.0 272.46999999999997 15 1890.0 0.0 0 -56 111.55600000000003 73.68199999999997 0
1830.0 257.45699999999994 12 1830.0 0.0 0 -56 91.315 83.23199999999999 0
2130.0 341.6210000000001 19 2130.0 -730.0 48 -75 124.74900000000002 89.59399999999998 146
1650.0 231.06999999999994 17 1650.0 -280.0 37 -59 69.18799999999996 62.929 56
1590.0 260.1139999999999 22 1590.0 0.0 0 -59 97.69599999999997 69.014 0
2130.0 258.94000000000017 15 2130.0 -1425.0 35 -59 85.083 90.34799999999997 285
1200.0 216.07799999999995 18 1200.0 0.0 0 -53 77.52799999999998 39.435 0
1350.0 275.784 15 1350.0 0.0 0 -55 101.089 67.55699999999997 0
1560.0 229.114 13 1560.0 0.0 0 -57 73.19900000000001 57.11699999999998 0
2100.0 271.2759999999999 17 2100.0 -10.0 1 -65 103.455 75.80899999999997 2
1410.0 214.82199999999995 15 1410.0 -695.0 46 -54 75.69099999999999 51.138000000000005 139
1500.0 252.92999999999998 17 1500.0 0.0 0 -62 94.49699999999999 52.941 0
1470.0 202.39999999999995 17 1470.0 -670.0 16 -56 70.32000000000001 38.58699999999999 134
1950.0 248.99699999999993 13 1950.0 -720.0 48 -59 80.34899999999996 69.836 144
1695.0 255.29 15 1950.0 -255.0 85 -64 65.43799999999999 68.78400000000002 17
1680.0 214.78499999999997 13 1680.0 0.0 0 -56 54.462 54.33099999999999 0
1200.0 208.08399999999997 18 1200.0 0.0 0 -58 64.11399999999998 40.095 0
1620.0 237.05599999999995 16 1620.0 -375.0 50 -58 68.04200000000003 61.557999999999986 75
1950.0 242.37600000000003 13 2010.0 0.0 0 -56 84.042 81.56099999999999 0
1710.0 241.95199999999988 13 1710.0 -205.0 13 -57 81.47999999999999 55.708 41
1290.0 217.98699999999997 20 1290.0 0.0 0 -56 71.696 44.891999999999996 0
1530.0 257.67 24 1530.0 0.0 0 -66 101.279 48.85199999999999 0
1860.0 272.47 21 1860.0 0.0 0 -58 101.74299999999998 72.967 0
1230.0 166.31099999999998 14 1230.0 0.0 0 -48 46.660999999999994 37.295 0
1830.0 206.96500000000003 15 1830.0 -325.0 35 -54 63.55000000000001 65.091 65
1440.0 216.70799999999994 18 1440.0 -270.0 18 -57 58.292999999999985 43.142 54
1170.0 156.65600000000003 14 1170.0 0.0 0 -42 38.03399999999999 33.232000000000006 0
1680.0 252.91699999999992 15 1680.0 -1325.0 66 -60 91.38199999999998 67.966 265
1830.0 235.783 17 1830.0 0.0 0 -58 80.62899999999996 67.687 0
990.0 195.21599999999995 13 990.0 0.0 0 -46 65.99799999999996 41.955 0
1800.0 268.0559999999999 17 1800.0 0.0 0 -60 92.991 75.33099999999999 0
1530.0 233.02999999999997 16 1530.0 -835.0 55 -58 76.84699999999998 51.737999999999985 167
1290.0 205.04600000000002 14 1290.0 0.0 0 -50 60.68900000000001 43.097 0
1680.0 236.67799999999994 17 1680.0 -940.0 78 -61 75.52299999999998 65.81199999999998 188
1080.0 206.12899999999993 16 1080.0 0.0 0 -51 76.47899999999998 29.958 0
1200.0 235.19100000000003 16 1200.0 0.0 0 -56 74.76400000000001 50.007000000000005 0
1620.0 243.2769999999999 21 1620.0 0.0 0 -61 84.76399999999998 42.348 0
2130.0 243.114 18 2130.0 0.0 0 -60 85.71099999999997 73.434 0
1890.0 256.76099999999985 15 1890.0 -105.0 35 -61 80.49599999999997 63.652 7
1710.0 234.41299999999998 16 1710.0 0.0 0 -61 72.561 65.88099999999999 0
1590.0 210.52799999999996 18 1590.0 0.0 0 -54 62.57399999999999 59.863999999999976 0
2040.0 307.4809999999999 20 2280.0 -240.0 80 -72 92.11699999999999 90.18799999999997 16
1560.0 258.53 18 1560.0 -405.0 33 -64 81.32300000000001 63.609999999999985 81
1470.0 269.30899999999986 17 1470.0 0.0 0 -55 100.22399999999995 62.55699999999999 0
1560.0 230.06999999999996 17 1560.0 0.0 0 -59 92.09699999999997 52.52499999999999 0
1350.0 224.68699999999993 17 1350.0 0.0 0 -55 68.85299999999998 57.096 0
2220.0 275.239 21 2220.0 -340.0 22 -69 97.63899999999995 66.88499999999999 68
1920.0 251.85299999999992 17 1920.0 -65.0 4 -61 94.61200000000001 57.620000000000005 13
1920.0 225.12799999999996 13 1920.0 0.0 0 -60 62.014 68.032 0
1690.0 266.50800000000004 18 2310.0 -620.0 82 -71 97.86099999999996 63.89000000000001 124
1710.0 218.616 15 1710.0 -755.0 62 -58 63.85599999999999 62.24999999999998 151
1140.0 198.13899999999995 17 1140.0 -555.0 74 -54 57.87699999999999 40.657 111
1740.0 280.3709999999999 16 1740.0 0.0 0 -63 102.86099999999996 78.62399999999997 0
785.0 257.475 15 1560.0 -775.0 83 -57 82.86299999999999 71.80899999999998 155
2010.0 238.58099999999988 16 2010.0 0.0 0 -58 73.011 77.19399999999999 0
1800.0 282.0559999999999 19 1800.0 -735.0 61 -67 100.01 61.72699999999997 147
2190.0 293.33700000000005 18 2190.0 -75.0 6 -62 113.86400000000002 81.657 15
2550.0 258.1380000000001 13 2550.0 -1110.0 27 -65 73.579 97.29599999999999 222
1350.0 239.60199999999998 17 1350.0 0.0 0 -54 86.66499999999999 48.868 0
2130.0 236.672 16 2130.0 -80.0 2 -55 68.59299999999999 80.33200000000002 16
1500.0 257.11799999999994 17 1500.0 -575.0 38 -63 83.70699999999995 52.569 115
1290.0 185.075 16 1290.0 0.0 0 -56 47.52 45.60999999999999 0
1140.0 253.45100000000002 16 1140.0 0.0 0 -57 99.73599999999998 48.77299999999999 0
1770.0 243.37200000000004 17 1770.0 -420.0 10 -59 82.84099999999998 69.68500000000002 84
1350.0 214.47199999999995 15 1350.0 -1085.0 27 -55 81.637 42.832 217
1650.0 235.78399999999993 16 1650.0 0.0 0 -54 85.05599999999998 63.490999999999985 0
1475.0 280.849 15 2250.0 -775.0 83 -69 104.35700000000003 67.961 155
1680.0 234.63099999999997 16 1680.0 -65.0 1 -60 75.17499999999998 57.231999999999985 13
1650.0 246.7249999999999 17 1650.0 -20.0 1 -54 85.08699999999996 76.30699999999999 4
1950.0 246.22199999999992 20 1950.0 0.0 0 -65 84.76199999999999 64.41199999999999 0
1710.0 235.68299999999996 22 1710.0 -315.0 21 -58 83.08399999999996 64.47400000000002 63
1710.0 250.49499999999995 22 1710.0 -130.0 3 -58 92.51999999999998 65.732 26
1500.0 229.755 19 1500.0 0.0 0 -60 75.82000000000001 43.38 0
1110.0 198.062 18 1110.0 0.0 0 -55 60.39299999999999 37.722 0
1350.0 178.56799999999993 15 1350.0 0.0 0 -45 59.076 45.06399999999999 0
1830.0 213.59599999999995 14 1830.0 -370.0 24 -56 64.26499999999999 64.41700000000002 74
1920.0 271.72199999999987 12 1920.0 -670.0 44 -61 87.19599999999997 83.13299999999998 134
1650.0 245.69099999999995 19 1650.0 0.0 0 -58 87.189 60.855999999999995 0
1815.0 283.5649999999999 20 2070.0 -255.0 85 -70 93.27099999999997 82.676 17
2040.0 262.7840000000001 16 2040.0 0.0 0 -57 92.70800000000001 84.74699999999997 0
1170.0 216.45499999999996 18 1170.0 0.0 0 -55 77.89599999999999 42.202 0
1440.0 245.0779999999999 18 1440.0 -810.0 54 -58 95.16099999999994 54.55399999999999 162
1320.0 211.17999999999995 16 1320.0 -1075.0 71 -54 63.185999999999986 49.21399999999999 215
1860.0 289.66200000000003 20 1860.0 0.0 0 -64 97.68999999999997 86.41499999999998 0
1410.0 208.773 16 1410.0 -190.0 12 -57 66.78999999999999 43.85799999999999 38
1260.0 226.676 17 1260.0 -350.0 23 -56 76.06599999999997 46.57899999999999 70
1530.0 207.835 16 1530.0 -155.0 10 -52 70.65100000000001 41.870999999999995 31
1470.0 209.52199999999996 19 1470.0 0.0 0 -55 67.90599999999998 55.16499999999999 0
875.0 279.83099999999985 16 1650.0 -775.0 83 -74 90.49099999999996 57.968 155
1350.0 234.42499999999993 20 1350.0 0.0 0 -58 84.53099999999998 49.336 0
1830.0 205.88899999999998 13 1830.0 -1035.0 69 -56 60.964999999999996 56.71400000000001 207
1890.0 252.00299999999993 14 1890.0 -75.0 25 -60 80.55499999999995 65.90600000000002 5
2160.0 288.096 15 2160.0 -430.0 10 -67 93.91500000000003 77.839 86
105.0 205.40199999999993 15 1110.0 -1005.0 83 -57 53.72499999999999 32.907000000000004 201
1500.0 256.20999999999987 17 1500.0 -955.0 63 -64 92.63099999999996 50.95399999999999 191
2400.0 306.1779999999999 17 2400.0 0.0 0 -67 114.95799999999998 88.01499999999999 0
1590.0 189.67499999999995 16 1590.0 -10.0 1 -54 46.31999999999999 45.95899999999999 2
1620.0 227.63299999999998 15 1620.0 0.0 0 -63 63.322999999999986 51.64899999999999 0
1620.0 200.16299999999998 17 1620.0 0.0 0 -56 65.97599999999998 42.876999999999995 0
1950.0 224.932 15 1950.0 -390.0 26 -59 70.34199999999998 67.25899999999999 78
1620.0 247.043 21 1620.0 -330.0 27 -63 85.066 54.942 66
2310.0 325.33599999999984 17 2310.0 -910.0 22 -68 127.58399999999997 99.43399999999998 182
660.0 235.49599999999995 17 1920.0 -1260.0 84 -70 51.48499999999999 70.46899999999998 252
1350.0 208.94899999999993 18 1350.0 0.0 0 -61 68.759 40.533 0
1830.0 168.29500000000002 10 1830.0 -1325.0 33 -53 35.19099999999999 43.591 265
1710.0 230.97000000000006 14 1710.0 -250.0 16 -54 83.83500000000001 65.03599999999999 50
1170.0 242.7239999999999 19 1170.0 0.0 0 -54 84.19799999999998 41.81799999999999 0
1050.0 237.03599999999994 19 1050.0 0.0 0 -52 77.101 44.449 0
2220.0 251.14299999999992 15 2220.0 0.0 0 -51 95.30099999999997 88.07499999999999 0
1290.0 203.09499999999994 17 1290.0 -625.0 41 -56 63.587999999999994 42.44499999999999 125
1500.0 263.77699999999993 23 1500.0 -425.0 28 -66 92.41899999999997 55.419 85
1440.0 242.44699999999995 19 1440.0 0.0 0 -53 99.798 55.65400000000001 0
1320.0 229.36199999999994 19 1320.0 -790.0 39 -58 69.23499999999997 49.62999999999999 158
1680.0 251.73299999999986 17 1680.0 0.0 0 -58 87.62699999999995 57.49899999999999 0
1680.0 261.981 19 1680.0 -330.0 27 -61 97.00699999999996 57.044 66
1680.0 272.84 13 1920.0 -240.0 80 -65 73.58299999999998 81.10000000000002 16
1320.0 236.5289999999999 18 1320.0 -155.0 10 -58 82.72099999999998 56.32299999999999 31
1260.0 164.82399999999998 14 1260.0 0.0 0 -40 49.87899999999999 49.64 0
1740.0 211.82599999999996 18 1740.0 -530.0 35 -57 60.97499999999998 60.11799999999999 106
1680.0 272.47799999999984 22 1680.0 -135.0 11 -69 95.26199999999996 54.01599999999999 27
1410.0 205.104 18 1410.0 -5.0 0 -54 62.095 40.728 1
1320.0 184.9149999999999 16 1320.0 0.0 0 -48 59.27199999999998 50.72799999999999 0
1500.0 211.45899999999997 14 1500.0 0.0 0 -54 65.96600000000001 42.017999999999965 0
1920.0 252.70100000000002 16 1920.0 -120.0 8 -58 86.87900000000002 79.16999999999999 24
1380.0 226.71799999999996 16 1380.0 0.0 0 -56 86.01400000000001 42.646999999999984 0
1590.0 229.541 18 1590.0 0.0 0 -56 71.50299999999999 58.21599999999998 0
1350.0 240.47499999999994 23 1350.0 0.0 0 -63 76.92799999999997 47.11 0
1410.0 240.48999999999998 20 1410.0 0.0 0 -60 79.16099999999999 63.388999999999996 0
1530.0 239.347 13 1530.0 -1505.0 75 -55 89.84200000000001 55.137999999999984 301
2070.0 243.36200000000005 16 2070.0 -430.0 46 -60 82.33100000000002 77.85599999999998 86
1710.0 275.02399999999994 15 1710.0 -1165.0 77 -62 113.75399999999999 52.38999999999999 233
690.0 232.917 17 1320.0 -630.0 84 -62 70.84699999999998 41.178 126
1530.0 249.85399999999993 17 1530.0 -300.0 20 -60 97.15599999999995 55.60999999999999 60
1440.0 286.9299999999999 24 1440.0 0.0 0 -69 103.388 51.24699999999999 0
1500.0 208.05599999999998 20 1500.0 0.0 0 -56 76.326 48.71400000000001 0
1740.0 221.65699999999998 13 1740.0 -1240.0 62 -60 42.96600000000001 69.906 248
1350.0 199.49899999999994 14 1350.0 -995.0 49 -58 56.599999999999994 38.98599999999999 199
1860.0 296.6289999999999 18 2190.0 -240.0 80 -76 80.02699999999999 71.14799999999998 16
1380.0 268.328 17 1380.0 0.0 0 -60 110.29299999999999 57.65499999999999 0
2580.0 255.44200000000006 17 2580.0 -225.0 30 -57 103.15100000000004 90.76999999999995 45
1950.0 281.8469999999999 17 1950.0 0.0 0 -65 97.00899999999997 82.16899999999998 0
1740.0 238.37400000000005 14 1740.0 0.0 0 -54 94.92700000000002 55.24500000000001 0
1620.0 195.33399999999997 17 1620.0 -570.0 38 -58 61.38899999999998 47.373 114
2310.0 261.3 17 2310.0 0.0 0 -62 95.62100000000001 78.87299999999999 0
1170.0 236.209 16 1800.0 -655.0 85 -66 62.68999999999998 55.86099999999998 131
1200.0 204.08399999999995 15 1200.0 0.0 0 -55 62.15799999999998 44.18799999999999 0
1560.0 238.91 21 1560.0 -225.0 30 -64 79.16199999999999 56.513 45
1740.0 252.14000000000001 18 1740.0 -580.0 77 -59 94.42699999999999 54.94899999999997 116
1650.0 209.527 12 1650.0 -875.0 58 -54 51.16599999999998 63.56700000000001 175
1890.0 307.2069999999999 17 2130.0 -245.0 80 -80 78.737 72.74199999999999 17
1560.0 183.43200000000004 12 1560.0 -1140.0 28 -53 44.002 57.60900000000001 228
1830.0 258.60500000000013 17 1830.0 -635.0 42 -59 90.45499999999997 76.363 127
1200.0 216.52200000000002 12 1200.0 -1030.0 25 -56 69.311 39.939 206
1350.0 255.18799999999996 15 1590.0 -240.0 80 -57 76.07999999999998 45.61599999999998 16
2070.0 287.002 16 2070.0 -340.0 36 -65 99.68699999999998 82.504 68
1590.0 269.072 16 2610.0 -1020.0 85 -75 66.92499999999998 90.69999999999997 204
2010.0 234.64600000000004 15 2010.0 -195.0 16 -56 80.13800000000006 68.434 39
2280.0 288.472 16 2280.0 -430.0 28 -64 99.83499999999995 92.30000000000001 86
2160.0 270.3890000000001 15 2160.0 0.0 0 -63 110.67700000000005 67.094 0
1110.0 219.59999999999994 13 1740.0 -630.0 84 -59 54.931 69.56 126
1680.0 262.37999999999994 20 1680.0 -460.0 30 -61 94.98199999999997 65.36899999999997 92
1620.0 199.70599999999993 18 1620.0 0.0 0 -54 62.593999999999994 43.718999999999994 0
1440.0 236.41400000000002 16 1440.0 -1015.0 67 -65 79.10599999999997 52.18399999999999 203
1290.0 234.8419999999999 16 1290.0 -580.0 38 -54 92.98899999999996 52.007999999999996 116
765.0 290.478 20 1770.0 -1025.0 83 -73 102.264 64.85700000000001 205
1740.0 228.25699999999992 15 1740.0 0.0 0 -56 82.06 53.63899999999999 0
1680.0 229.51499999999987 15 1680.0 -665.0 44 -60 74.93299999999998 62.44 133
1740.0 249.285 22 1740.0 0.0 0 -61 95.65599999999998 66.43099999999998 0
1410.0 196.71499999999992 14 1410.0 -575.0 47 -54 53.062 52.549000000000014 115
1620.0 223.41500000000002 17 1620.0 0.0 0 -51 78.85199999999998 64.01099999999998 0
3000.0 310.7169999999999 12 3000.0 -310.0 20 -64 120.40800000000006 112.00999999999998 62
1860.0 227.93599999999998 14 1860.0 0.0 0 -61 58.451999999999984 70.29 0
1560.0 235.03199999999993 18 1560.0 -385.0 51 -59 80.72899999999998 49.215 77
2010.0 255.27600000000007 19 2010.0 -245.0 20 -61 87.00299999999999 72.49899999999998 49
1470.0 264.53900000000004 19 1470.0 0.0 0 -59 96.82499999999996 61.873 0
1920.0 250.927 18 1920.0 -1040.0 69 -66 74.82799999999999 68.93800000000002 208
1650.0 218.36799999999997 13 1650.0 0.0 0 -55 58.24700000000002 49.589999999999954 0
1710.0 228.87999999999997 18 1710.0 -800.0 53 -59 61.009 55.74600000000001 160
1650.0 253.665 19 1650.0 -500.0 66 -62 86.90599999999998 69.31900000000002 100
2070.0 305.51199999999994 17 2070.0 0.0 0 -63 116.15800000000002 93.45199999999996 0
1980.0 259.64 16 1980.0 -725.0 48 -59 93.24100000000001 78.16499999999998 145
1620.0 212.08599999999996 20 1620.0 -295.0 39 -60 64.06499999999998 48.37299999999999 59
1500.0 203.76699999999994 14 1500.0 0.0 0 -50 72.56199999999998 49.812 0
1470.0 201.528 20 1470.0 -185.0 24 -55 68.43099999999997 42.739 37
1890.0 222.56599999999995 15 1890.0 -20.0 1 -59 69.59500000000001 62.856999999999964 4
2190.0 268.27699999999993 18 2190.0 0.0 0 -63 86.80999999999997 86.103 0
1560.0 224.60699999999997 21 1560.0 -285.0 19 -59 75.59299999999999 53.947 57
1830.0 235.0889999999999 19 1830.0 -150.0 10 -58 86.81099999999996 66.71199999999997 30
1410.0 225.379 19 1410.0 0.0 0 -56 75.52399999999999 51.804999999999986 0
1470.0 223.3659999999999 18 1470.0 0.0 0 -57 73.26399999999998 45.274 0
1980.0 276.02599999999995 12 1980.0 0.0 0 -60 115.52900000000002 73.53800000000001 0
1530.0 237.143 15 1530.0 0.0 0 -52 89.453 62.46099999999999 0
2310.0 267.5149999999999 21 2310.0 0.0 0 -62 94.248 76.73799999999997 0
1680.0 265.17799999999994 15 1680.0 0.0 0 -55 103.99099999999997 74.03599999999997 0
1620.0 242.46499999999986 20 1620.0 0.0 0 -59 76.66799999999999 60.394 0
1200.0 222.60299999999995 16 1200.0 0.0 0 -62 66.603 38.291999999999994 0
1320.0 235.63699999999994 20 1320.0 0.0 0 -62 72.89099999999999 50.107 0
1290.0 251.373 20 1290.0 -20.0 1 -63 85.28399999999998 51.23199999999999 4
2415.0 291.324 15 2670.0 -255.0 85 -70 84.45600000000003 85.96999999999997 17
1495.0 242.928 15 2130.0 -635.0 84 -62 81.63600000000001 78.64499999999998 127
1770.0 282.081 16 1770.0 -640.0 53 -61 110.74099999999999 66.25999999999996 128
1680.0 240.88499999999996 15 1680.0 0.0 0 -57 79.994 69.197 0
1800.0 262.47200000000004 19 1800.0 -545.0 36 -64 85.85999999999999 67.26899999999999 109
1500.0 243.39799999999988 17 1500.0 -575.0 38 -63 62.42999999999999 57.97899999999999 115
1980.0 294.12099999999987 12 1980.0 -2050.0 51 -67 125.57899999999998 49.151999999999994 410
1650.0 310.3299999999999 20 1650.0 -165.0 11 -72 115.13299999999998 61.950999999999986 33
1620.0 297.405 14 1620.0 -640.0 42 -60 125.30099999999999 67.102 128
1230.0 240.1819999999999 18 1470.0 -240.0 80 -65 69.72299999999998 42.650999999999996 16
1500.0 220.72299999999998 14 1500.0 0.0 0 -58 75.27500000000002 53.321 0
1800.0 217.26500000000001 18 1800.0 0.0 0 -52 78.681 66.36499999999997 0
1500.0 232.0639999999999 17 1500.0 0.0 0 -60 71.95399999999997 60.74099999999999 0
2100.0 302.27000000000004 18 2100.0 -575.0 62 -74 91.74499999999995 81.52600000000001 115
1590.0 236.37599999999992 17 1590.0 0.0 0 -56 83.02899999999997 59.556 0
1740.0 270.71700000000004 14 1740.0 0.0 0 -60 106.76300000000005 59.839999999999975 0
1740.0 263.57899999999995 14 1740.0 -1050.0 26 -61 76.49499999999998 72.343 210
195.0 265.797 14 1470.0 -1275.0 85 -62 90.004 58.614 255
1860.0 285.49699999999996 21 1860.0 -215.0 14 -61 101.56800000000001 75.24999999999997 43
1350.0 221.344 14 1350.0 -210.0 5 -57 60.398999999999994 62.607000000000006 42
1170.0 212.00400000000002 18 1230.0 0.0 0 -50 65.828 51.37499999999999 0
1530.0 255.44299999999998 18 1530.0 -320.0 26 -65 94.17999999999996 54.94399999999999 64
1200.0 177.97699999999995 16 1200.0 0.0 0 -41 75.21699999999998 42.986000000000004 0
2070.0 244.18800000000005 17 2070.0 -530.0 44 -61 89.50900000000003 76.13199999999996 106
1560.0 287.1269999999999 16 1560.0 -25.0 1 -63 115.92799999999994 58.74499999999999 5
1440.0 263.104 20 1440.0 0.0 0 -62 93.31099999999995 52.077999999999996 0
450.0 257.34099999999995 15 1470.0 -1020.0 85 -68 81.29999999999998 50.29999999999999 204
1860.0 217.514 18 1860.0 0.0 0 -55 78.68900000000001 54.64499999999996 0
1350.0 189.313 14 1350.0 -1380.0 34 -57 43.85399999999999 41.698 276
1770.0 237.45399999999998 19 1770.0 0.0 0 -58 84.91699999999997 49.22 0
1140.0 239.696 17 1770.0 -630.0 84 -59 85.84099999999998 64.942 126
1890.0 249.65799999999984 14 1890.0 -1085.0 72 -58 101.86399999999998 56.226 217
945.0 275.0279999999999 17 1950.0 -1015.0 84 -67 96.93799999999996 70.03100000000002 203
1650.0 247.373 20 1650.0 0.0 0 -62 87.89999999999998 60.987999999999985 0
1860.0 220.64299999999997 14 1860.0 -395.0 26 -60 56.907 66.76700000000002 79
1530.0 172.39999999999995 13 1530.0 0.0 0 -56 43.063999999999986 38.383 0
1740.0 227.36699999999996 14 1740.0 0.0 0 -55 77.443 69.50699999999998 0
1740.0 215.04500000000004 19 1740.0 -965.0 80 -56 71.90800000000004 61.30099999999999 193
1090.0 266.11899999999997 18 1710.0 -620.0 82 -68 87.63699999999999 69.66499999999998 124
2235.0 350.01099999999997 18 2490.0 -255.0 85 -75 119.136 113.83999999999995 17
1260.0 210.02599999999993 19 1260.0 0.0 0 -55 67.87699999999998 41.008 0
1830.0 245.294 15 1830.0 -1210.0 80 -57 93.721 65.15199999999997 242
1980.0 275.425 17 1980.0 -55.0 7 -61 106.823 76.46900000000001 11
1650.0 235.85299999999995 19 1650.0 -405.0 33 -56 83.68699999999998 57.712 81
1620.0 287.03999999999996 14 1620.0 0.0 0 -56 106.84700000000001 73.57100000000001 0
1230.0 266.5379999999999 19 1230.0 0.0 0 -64 87.15499999999997 37.34 0
1590.0 202.9809999999999 19 1590.0 0.0 0 -56 60.10199999999999 41.272999999999996 0
2220.0 328.95700000000005 17 2220.0 -220.0 14 -65 137.92199999999997 96.64499999999997 44
1380.0 237.708 19 1380.0 -30.0 2 -50 84.48699999999997 67.38799999999998 6
1560.0 244.67299999999994 17 1560.0 0.0 0 -61 77.20599999999999 53.89 0
1080.0 193.2529999999999 16 1080.0 0.0 0 -53 71.33999999999997 34.248 0
1170.0 244.60599999999994 18 1170.0 -705.0 47 -61 96.31499999999998 35.93399999999999 141
1350.0 216.88099999999997 11 1350.0 0.0 0 -55 63.48600000000001 46.432 0
1770.0 283.7009999999999 17 2010.0 -240.0 80 -69 75.91399999999997 76.48400000000004 16
1500.0 228.67499999999998 14 1500.0 -910.0 60 -58 59.04899999999998 43.89999999999999 182
1860.0 265.8150000000001 18 1860.0 -420.0 27 -61 94.47999999999998 79.17699999999999 84
480.0 279.42199999999985 14 1740.0 -1265.0 84 -68 104.844 55.02699999999999 253
630.0 243.049 19 1260.0 -630.0 84 -61 91.00899999999999 46.344 126
2010.0 245.95699999999997 21 2010.0 -25.0 1 -58 93.54899999999998 72.236 5
1380.0 208.885 12 1380.0 -1570.0 39 -52 59.66399999999998 53.475 314
1650.0 229.17000000000004 19 1650.0 -565.0 14 -58 72.15999999999998 63.72099999999999 113
1860.0 228.86399999999998 12 1860.0 0.0 0 -61 62.596 68.30200000000002 0
1440.0 279.86599999999993 18 1440.0 -585.0 39 -65 99.06799999999996 59.32999999999999 117
1830.0 233.39 20 1830.0 -135.0 11 -60 82.20799999999998 63.358999999999995 27
2370.0 328.4429999999999 19 2370.0 -285.0 19 -68 114.21499999999999 112.892 57
1170.0 179.59499999999994 15 1170.0 0.0 0 -41 63.710999999999984 46.21399999999999 0
1590.0 254.41299999999993 13 1590.0 -5.0 0 -59 83.49199999999999 69.566 1
1170.0 203.46399999999994 17 1170.0 -800.0 66 -59 70.54499999999999 35.256 160
2310.0 276.399 15 2310.0 -550.0 36 -64 104.63199999999999 83.03599999999999 110
2250.0 237.84299999999996 12 2250.0 -920.0 46 -58 72.006 87.08899999999997 184
1500.0 222.36399999999992 10 1500.0 0.0 0 -55 67.38299999999998 46.873999999999995 0
1440.0 204.16299999999998 17 1440.0 0.0 0 -58 63.804 33.48 0
1560.0 258.07500000000005 21 1560.0 0.0 0 -65 89.785 51.413999999999994 0
1860.0 322.67900000000003 15 2100.0 -240.0 80 -72 90.50099999999998 103.92599999999999 16
1320.0 227.77999999999992 19 1320.0 0.0 0 -65 80.04199999999994 34.413999999999994 0
570.0 246.50400000000002 19 1590.0 -1020.0 85 -68 74.83099999999999 53.775000000000006 204
1680.0 240.361 19 1740.0 0.0 0 -55 94.08000000000001 55.75600000000001 0
1500.0 210.41500000000008 15 1500.0 -1005.0 67 -54 70.53400000000002 55.31699999999999 201
1830.0 244.64799999999994 20 1830.0 -105.0 5 -57 91.89900000000002 70.62799999999996 21
2250.0 254.783 17 2250.0 0.0 0 -66 91.56099999999995 68.95299999999999 0
1350.0 209.0589999999999 14 1350.0 -1095.0 73 -58 53.37799999999999 49.233 219
1170.0 195.1859999999999 13 1170.0 0.0 0 -50 69.041 38.602 0
1680.0 252.575 18 1680.0 -395.0 26 -65 91.80499999999999 68.566 79
2190.0 319.04099999999994 20 2190.0 -275.0 18 -66 128.203 90.27999999999997 55
1800.0 189.79000000000002 10 1800.0 0.0 0 -55 45.381 51.583 0
1800.0 240.53599999999994 10 1800.0 0.0 0 -55 94.04100000000003 61.73499999999997 0
1560.0 247.08400000000003 19 1560.0 -50.0 3 -60 86.58500000000001 51.88299999999997 10
1275.0 247.40400000000005 11 1920.0 -645.0 86 -60 70.15500000000002 71.89799999999997 129
1290.0 260.49 21 1290.0 0.0 0 -58 98.32999999999997 55.751 0
1350.0 223.23299999999998 15 1350.0 -95.0 4 -56 74.05899999999998 55.633999999999986 19
1830.0 276.0089999999999 16 1830.0 -15.0 1 -62 111.267 69.976 3
960.0 189.34900000000005 15 960.0 0.0 0 -50 58.98 42.599999999999994 0
1650.0 233.849 17 1650.0 -995.0 24 -55 73.17499999999997 71.50200000000001 199
755.0 215.78599999999994 14 1530.0 -775.0 83 -62 64.57099999999998 50.09799999999999 155
1380.0 237.10899999999995 14 1380.0 0.0 0 -56 77.56799999999997 43.757 0
1230.0 182.07999999999998 15 1230.0 0.0 0 -44 67.17599999999997 42.331999999999994 0
1920.0 228.50899999999987 14 1920.0 -425.0 56 -58 77.82499999999999 62.67399999999999 85
1710.0 284.53999999999985 16 1950.0 -240.0 80 -64 93.801 74.261 16
1770.0 313.5759999999999 18 2010.0 -240.0 80 -72 103.14699999999998 79.81400000000001 16
690.0 131.132 10 690.0 0.0 0 -35 46.251999999999995 19.230999999999998 0
1710.0 245.57499999999993 18 1710.0 -250.0 20 -64 79.73099999999997 57.61899999999997 50
2370.0 260.14 15 2370.0 -105.0 8 -63 84.43200000000002 90.57999999999997 21
1140.0 290.8310000000001 19 1920.0 -785.0 84 -78 86.027 54.614999999999995 157
1890.0 250.5879999999999 16 1890.0 -180.0 15 -58 77.75799999999997 76.349 36
1770.0 229.366 12 1770.0 -1635.0 81 -56 78.20599999999996 59.116 327
1380.0 188.71899999999997 13 1380.0 -1445.0 36 -51 56.36699999999999 45.15299999999999 289
1470.0 235.5849999999999 19 1470.0 -375.0 25 -57 77.94999999999999 64.05699999999999 75
1710.0 244.892 17 1710.0 0.0 0 -60 84.73899999999999 63.290000000000006 0
1110.0 252.3799999999998 15 1110.0 -420.0 27 -60 97.13799999999998 33.741 84
2040.0 254.11099999999993 14 2040.0 0.0 0 -56 99.37500000000001 76.696 0
1380.0 223.86199999999994 18 1380.0 0.0 0 -60 70.235 52.01600000000002 0
1530.0 209.25799999999995 15 1530.0 0.0 0 -60 51.76399999999999 47.93699999999999 0
2010.0 286.083 17 2010.0 -735.0 61 -64 106.65100000000001 78.821 147
2070.0 280.49 18 2070.0 -580.0 38 -63 92.09599999999995 83.08099999999999 116
1890.0 252.32799999999992 16 1890.0 -395.0 32 -59 96.28500000000001 71.09299999999998 79
1620.0 255.6859999999999 20 1620.0 -195.0 16 -60 90.817 68.75699999999999 39
2220.0 257.66599999999994 12 2220.0 -620.0 41 -63 87.857 78.491 124
1560.0 231.15699999999995 17 1560.0 0.0 0 -55 83.59499999999997 55.67699999999998 0
1500.0 216.24999999999997 20 1500.0 0.0 0 -54 78.05699999999999 50.499 0
1380.0 220.10299999999995 16 1380.0 0.0 0 -60 58.519 48.532000000000004 0
1980.0 272.893 15 1980.0 0.0 0 -58 102.51600000000005 81.96199999999996 0
1740.0 248.247 17 1740.0 0.0 0 -54 98.04199999999999 67.73599999999999 0
1410.0 217.008 19 1410.0 0.0 0 -62 67.58999999999999 42.98399999999998 0
845.0 244.66699999999994 13 1620.0 -775.0 83 -59 78.04100000000003 65.78899999999999 155
1440.0 260.5559999999999 18 1440.0 -435.0 28 -65 88.08799999999997 57.530000000000015 87
1800.0 222.599 13 1800.0 -675.0 45 -57 60.861999999999995 66.47999999999999 135
1440.0 155.42899999999995 11 1440.0 0.0 0 -37 50.478999999999985 50.60299999999998 0
1560.0 198.759 11 1560.0 -975.0 24 -55 41.752999999999986 59.13099999999999 195
1350.0 271.2579999999999 15 2610.0 -1260.0 84 -76 77.30699999999997 79.63300000000001 252
2100.0 312.60699999999997 18 2100.0 -820.0 68 -69 120.46599999999998 82.82999999999998 164
1260.0 206.16799999999995 17 1260.0 0.0 0 -46 78.22799999999998 54.02599999999999 0
1620.0 314.2300000000001 16 1620.0 -1250.0 62 -67 132.15699999999998 64.01399999999998 250
2280.0 257.494 15 2280.0 -325.0 21 -57 98.28300000000002 84.86999999999999 65
1500.0 240.90399999999994 17 1500.0 -950.0 63 -58 78.97699999999999 66.85000000000001 190
1860.0 224.6289999999999 15 1860.0 -360.0 24 -54 73.89799999999997 72.989 72
1710.0 286.1509999999999 18 1710.0 0.0 0 -64 104.64699999999995 67.86999999999998 0
1890.0 228.548 17 1890.0 0.0 0 -58 82.80799999999999 66.38399999999999 0
1800.0 293.07499999999993 18 1800.0 0.0 0 -65 117.15799999999996 63.54699999999998 0
1770.0 224.6689999999999 12 1770.0 0.0 0 -55 77.27099999999999 62.689 0
1710.0 230.84599999999995 15 1710.0 -855.0 21 -54 81.53199999999997 71.37299999999999 171
1410.0 227.8170000000001 15 1410.0 -950.0 63 -58 80.58800000000001 55.036999999999985 190
2370.0 336.7399999999999 19 2610.0 -270.0 80 -76 105.83799999999998 107.22600000000001 22
2190.0 273.74699999999984 14 2190.0 -770.0 19 -65 93.85299999999995 86.74700000000009 154
1710.0 272.074 17 1710.0 -585.0 14 -62 97.786 69.17899999999999 117
1800.0 258.5009999999999 18 1800.0 -105.0 6 -68 89.20099999999996 65.02799999999999 21
2340.0 218.62900000000005 13 2340.0 0.0 0 -54 69.29499999999999 77.71799999999999 0
1590.0 257.907 19 1590.0 0.0 0 -65 85.97999999999998 44.251 0
1830.0 244.24999999999991 19 2070.0 -240.0 80 -63 66.17599999999999 70.481 16
1020.0 203.986 16 1020.0 0.0 0 -58 49.763 32.501 0
2130.0 235.79700000000003 12 2130.0 -730.0 48 -52 80.37900000000002 85.66599999999997 146
1750.0 264.204 11 2370.0 -620.0 82 -67 82.444 88.22099999999999 124
1800.0 217.23999999999995 11 1800.0 -1020.0 25 -53 73.959 61.91799999999997 204
1830.0 252.55999999999997 18 1830.0 0.0 0 -57 98.174 68.02799999999996 0
1195.0 243.17499999999993 16 1920.0 -725.0 84 -67 82.63500000000002 56.69699999999998 145
1560.0 266.885 20 1560.0 -440.0 10 -57 89.32299999999998 78.067 88
1620.0 290.659 16 1620.0 0.0 0 -59 124.61800000000004 64.89399999999996 0
1560.0 163.88199999999992 12 1560.0 0.0 0 -49 33.07899999999999 46.403999999999996 0
1710.0 237.47499999999994 20 1710.0 -265.0 13 -61 82.49199999999998 53.011 53
1440.0 224.21299999999997 13 1440.0 0.0 0 -49 91.56899999999996 57.49099999999998 0
1320.0 283.81299999999993 17 1560.0 -240.0 80 -71 82.90199999999997 54.87500000000001 16
1620.0 229.278 14 1620.0 0.0 0 -58 72.77099999999999 60.08399999999997 0
1860.0 265.91299999999995 20 1860.0 -530.0 35 -59 109.355 72.823 106
1320.0 211.71800000000002 18 1320.0 -25.0 1 -52 76.68599999999998 51.99399999999999 5
1830.0 215.09400000000002 14 1830.0 -1135.0 75 -55 63.47299999999999 62.680999999999976 227
2010.0 261.97599999999994 16 2010.0 -625.0 41 -66 79.631 78.99499999999999 125
1560.0 235.637 15 1560.0 0.0 0 -56 85.085 63.824000000000005 0
2070.0 226.86299999999994 18 2070.0 -505.0 33 -54 80.542 76.13499999999998 101
1530.0 245.36499999999995 15 1530.0 -1235.0 82 -59 85.861 56.51999999999999 247
2130.0 247.403 14 2130.0 0.0 0 -64 71.25299999999999 64.856 0
2040.0 285.26199999999983 14 2040.0 -505.0 54 -56 93.511 107.748 101
1770.0 310.604 17 1770.0 -255.0 85 -68 110.474 70.87700000000001 17
1410.0 233.161 20 1410.0 0.0 0 -61 71.626 41.371999999999986 0
1740.0 217.158 16 1740.0 -235.0 5 -56 64.05899999999998 61.655 47
1290.0 220.07000000000005 16 1290.0 0.0 0 -50 78.67299999999997 51.441 0
1560.0 224.23799999999997 19 1560.0 -170.0 4 -57 81.17999999999999 51.865 34
1350.0 223.0849999999999 14 1350.0 0.0 0 -49 80.09399999999998 49.642 0
1170.0 284.5129999999998 18 1800.0 -630.0 84 -77 78.37599999999999 63.99599999999999 126
1530.0 266.648 17 1530.0 0.0 0 -61 99.912 58.876000000000005 0
1560.0 214.1049999999999 20 1560.0 0.0 0 -60 61.318 49.07399999999999 0
1800.0 215.56899999999987 15 1800.0 -350.0 8 -62 65.55699999999997 47.113 70
1170.0 224.82699999999997 18 1170.0 0.0 0 -58 68.85499999999999 51.967 0
1950.0 238.64899999999994 18 1950.0 -230.0 19 -61 70.72899999999998 69.96399999999998 46
2160.0 238.06299999999993 13 2160.0 -810.0 54 -58 78.20099999999998 78.97499999999998 162
1110.0 220.56099999999992 16 1110.0 0.0 0 -55 73.825 42.76100000000001 0
1290.0 234.35399999999984 16 1290.0 -1065.0 71 -59 85.334 46.936 213
1140.0 188.74299999999997 17 1200.0 0.0 0 -47 46.09499999999999 46.402999999999984 0
1860.0 237.04300000000003 14 1860.0 0.0 0 -56 80.00200000000001 59.874999999999986 0
1800.0 235.11399999999992 19 1800.0 -120.0 8 -61 75.85699999999997 63.162 24
1530.0 228.41699999999997 19 1530.0 0.0 0 -57 64.67599999999997 65.024 0
1320.0 229.49499999999995 17 1320.0 0.0 0 -58 73.13299999999998 44.86999999999999 0
1620.0 264.8939999999999 18 1620.0 0.0 0 -61 75.41599999999998 70.155 0
2040.0 283.9579999999999 23 2040.0 0.0 0 -68 105.10300000000001 67.49799999999999 0
1680.0 252.54699999999997 19 1680.0 -280.0 23 -59 88.99499999999998 61.483000000000004 56
1380.0 225.11899999999994 17 1380.0 -735.0 61 -58 72.48099999999998 46.35 147
2010.0 248.96 19 2010.0 -520.0 43 -65 84.026 66.58999999999999 104
1410.0 189.79999999999998 13 1410.0 0.0 0 -48 55.732 58.247000000000014 0
1740.0 242.70699999999994 19 1740.0 0.0 0 -63 80.062 58.844999999999985 0
1800.0 225.62999999999994 16 1800.0 -480.0 64 -61 80.78999999999998 47.34899999999999 96
360.0 321.438 15 1380.0 -1020.0 85 -72 125.47899999999994 51.10400000000002 204
1800.0 282.06200000000007 15 2040.0 -240.0 80 -64 106.67900000000003 68.65699999999998 16
660.0 204.34099999999998 12 1920.0 -1260.0 84 -57 56.892 64.74299999999998 252
1230.0 192.20399999999995 14 1230.0 0.0 0 -54 52.29999999999999 27.363 0
1530.0 247.6029999999999 16 1530.0 0.0 0 -57 80.182 61.219999999999985 0
2160.0 246.04500000000002 15 2160.0 0.0 0 -66 76.681 70.99099999999999 0
2340.0 270.804 13 2340.0 0.0 0 -57 97.165 94.267 0
1980.0 270.58900000000006 12 1980.0 -840.0 20 -64 74.26299999999999 77.19300000000001 168
1770.0 257.32199999999995 14 1770.0 0.0 0 -57 89.35200000000002 76.55699999999999 0
1980.0 226.92100000000005 14 1980.0 -110.0 2 -60 75.132 58.55199999999999 22
1500.0 224.3599999999999 15 1500.0 0.0 0 -58 76.00899999999999 52.115999999999985 0
1380.0 229.505 14 1380.0 -1490.0 37 -56 67.731 49.975 298
1650.0 222.72799999999998 18 1650.0 0.0 0 -62 62.03099999999997 53.54800000000001 0
1590.0 204.831 18 1590.0 0.0 0 -56 71.71699999999998 47.566 0
585.0 228.01699999999997 13 1590.0 -1005.0 83 -57 74.36200000000002 51.99600000000001 201
2010.0 291.496 20 2250.0 -250.0 80 -74 89.11499999999998 83.14300000000001 18
1890.0 308.24099999999993 11 1890.0 0.0 0 -64 116.82199999999997 84.05299999999998 0
1710.0 229.53000000000003 15 1710.0 0.0 0 -53 74.07700000000001 67.87099999999998 0
495.0 284.08099999999996 15 1770.0 -1275.0 85 -74 87.788 57.880999999999986 255
1860.0 264.331 16 1860.0 -10.0 0 -53 108.52500000000003 75.06399999999996 2
1710.0 247.25500000000002 21 1710.0 -25.0 3 -59 85.58100000000002 64.14899999999999 5
1440.0 286.53599999999994 16 2220.0 -780.0 84 -69 97.67800000000001 79.54699999999997 156
1980.0 283.95400000000006 16 1980.0 -170.0 11 -62 97.30900000000001 72.919 34
2340.0 275.296 15 2340.0 0.0 0 -58 101.10599999999998 90.72399999999999 0
2250.0 269.0249999999999 18 2250.0 -225.0 18 -61 93.07999999999998 82.46599999999997 45
1290.0 266.4870000000001 20 1290.0 -630.0 42 -61 99.30899999999997 60.646000000000015 126
1260.0 189.91299999999998 17 1260.0 0.0 0 -51 58.874999999999986 45.04400000000001 0
1530.0 276.9369999999999 21 1770.0 -240.0 80 -71 88.98000000000002 60.03299999999999 16
1110.0 219.06599999999995 17 1110.0 -1270.0 31 -58 67.75500000000001 40.906 254
1740.0 228.60299999999995 16 1740.0 0.0 0 -52 85.46599999999995 68.85100000000001 0
420.0 214.7979999999999 12 1680.0 -1260.0 84 -61 63.33700000000002 51.861000000000004 252
1530.0 205.44200000000004 15 1530.0 0.0 0 -55 72.44599999999998 48.72899999999999 0
825.0 275.179 10 2100.0 -1275.0 85 -73 70.002 81.63200000000002 255
2070.0 338.3409999999999 14 2070.0 -980.0 65 -71 137.39000000000001 73.74199999999999 196
1440.0 247.96299999999994 19 1440.0 -790.0 52 -68 78.97599999999997 48.023 158
2160.0 269.998 12 2160.0 -1145.0 76 -66 86.84399999999997 85.485 229
1770.0 292.23600000000016 18 1770.0 -310.0 20 -63 119.15400000000001 71.08699999999999 62
1680.0 260.1989999999999 17 1680.0 0.0 0 -68 85.53799999999998 56.132999999999996 0
1830.0 219.66499999999994 16 1830.0 0.0 0 -57 68.38799999999999 49.16899999999999 0
1500.0 235.99300000000002 19 1560.0 0.0 0 -53 87.71999999999997 67.20799999999997 0
1800.0 254.04699999999994 22 1800.0 0.0 0 -53 95.89099999999998 73.59999999999998 0
1440.0 249.10599999999997 21 1440.0 -15.0 0 -53 77.21 67.258 3
1590.0 202.088 17 1590.0 0.0 0 -53 67.37599999999999 44.26699999999999 0
1200.0 229.957 17 1200.0 0.0 0 -61 69.315 36.866 0
1530.0 220.83800000000002 16 1530.0 0.0 0 -60 60.352 50.340999999999994 0
1590.0 234.18899999999996 16 1590.0 0.0 0 -55 86.69799999999998 61.81499999999999 0
1410.0 281.6949999999999 16 1410.0 0.0 0 -62 102.41799999999996 51.155 0
1290.0 251.206 14 1530.0 -240.0 80 -58 94.478 59.94 16
1860.0 271.218 18 1860.0 -190.0 15 -61 109.34799999999998 67.67199999999998 38
1950.0 268.8299999999999 15 1950.0 -115.0 9 -64 87.53199999999995 64.17099999999999 23
1620.0 246.64499999999998 18 1620.0 -125.0 8 -60 89.03499999999998 55.49799999999998 25
1890.0 220.28799999999998 17 1890.0 0.0 0 -51 77.92499999999997 71.19999999999999 0
1140.0 180.44699999999997 18 1140.0 0.0 0 -50 51.715 40.872 0
2070.0 250.992 13 2070.0 0.0 0 -56 92.06800000000001 81.34199999999997 0
2070.0 332.1569999999999 19 2070.0 0.0 0 -76 127.14500000000002 79.84499999999998 0
1500.0 245.78699999999998 19 1500.0 0.0 0 -57 95.57199999999999 58.99999999999999 0
1110.0 175.74799999999996 14 1110.0 0.0 0 -49 45.11699999999999 34.97299999999999 0
1800.0 272.0329999999998 16 1800.0 0.0 0 -58 111.809 69.81599999999999 0
1620.0 248.8019999999999 19 1620.0 0.0 0 -65 90.18899999999994 55.159000000000006 0
1350.0 232.76699999999997 14 1350.0 0.0 0 -55 78.61899999999997 56.46700000000001 0
1560.0 266.25999999999993 15 1560.0 0.0 0 -65 87.80599999999997 60.41 0
1830.0 239.20200000000003 16 1830.0 -20.0 0 -57 77.012 62.840999999999966 4
1830.0 241.77000000000007 15 1830.0 -775.0 38 -57 100.40900000000002 64.94099999999999 155
1710.0 210.16899999999998 13 1710.0 0.0 0 -53 74.25099999999999 65.21699999999997 0
1530.0 205.33700000000002 13 1530.0 0.0 0 -52 65.67000000000002 52.45499999999999 0
1950.0 216.33599999999996 15 1950.0 -560.0 46 -56 54.58399999999999 52.502999999999986 112
1590.0 223.143 15 1590.0 -640.0 42 -53 77.65200000000002 57.48299999999996 128
1380.0 210.38299999999995 15 1380.0 -555.0 46 -55 54.43199999999999 40.815000000000005 111
1620.0 226.89699999999993 9 1620.0 -1135.0 28 -53 68.93600000000004 61.68000000000001 227
1800.0 237.14399999999998 19 1800.0 0.0 0 -58 85.12099999999998 64.28799999999998 0
1620.0 225.09799999999987 16 1620.0 -610.0 81 -56 77.61000000000001 53.984999999999985 122
1080.0 144.753 12 1080.0 0.0 0 -44 39.417 26.140999999999995 0
1230.0 295.9829999999999 19 1860.0 -630.0 84 -72 113.04399999999998 55.786 126
1740.0 254.58699999999993 18 1740.0 0.0 0 -59 99.97699999999999 61.08099999999999 0
1530.0 249.173 16 1530.0 -580.0 14 -62 84.59699999999998 49.852999999999994 116
1590.0 232.35499999999996 10 1590.0 0.0 0 -56 66.64000000000001 58.545 0
1770.0 284.095 19 1770.0 -45.0 2 -64 107.58899999999997 71.73200000000001 9
1290.0 188.38399999999996 21 1290.0 0.0 0 -48 64.794 42.004000000000005 0
765.0 244.9999999999999 12 1770.0 -1005.0 83 -66 69.374 40.57699999999999 201
1195.0 229.56199999999998 13 1830.0 -635.0 84 -64 54.117999999999995 57.702 127
1980.0 261.84000000000003 20 1980.0 -290.0 19 -64 88.08899999999996 75.47299999999998 58
1140.0 201.12199999999999 19 1140.0 0.0 0 -54 60.091 37.969 0
1890.0 273.09099999999995 16 1890.0 -105.0 2 -58 104.98700000000001 74.27099999999999 21
1500.0 236.48300000000003 17 1500.0 -240.0 16 -58 74.18500000000002 47.325999999999986 48
1410.0 203.27099999999996 17 1410.0 -975.0 48 -57 54.595 46.64500000000001 195
1440.0 225.05599999999995 18 1440.0 0.0 0 -54 68.65599999999998 57.215999999999994 0
660.0 172.4059999999999 14 660.0 0.0 0 -47 46.397 18.741 0
1350.0 230.137 23 1350.0 0.0 0 -55 86.45499999999998 48.711 0
1890.0 273.3629999999999 16 1890.0 0.0 0 -61 87.55 87.572 0
1500.0 266.4289999999999 19 1500.0 -620.0 82 -63 102.77100000000002 53.92999999999999 124
1860.0 276.376 18 1860.0 -280.0 6 -64 111.58499999999995 68.77300000000001 56
1590.0 251.04799999999994 17 1590.0 0.0 0 -61 87.02499999999998 61.79499999999996 0
1860.0 259.263 20 1860.0 -125.0 8 -61 77.15899999999998 62.839999999999996 25
1740.0 241.18799999999996 15 1740.0 -475.0 31 -53 93.05099999999997 69.448 95
1920.0 293.04799999999994 16 1920.0 0.0 0 -65 116.38699999999996 74.041 0
2220.0 273.066 17 2220.0 -115.0 7 -59 97.52700000000002 87.28399999999996 23
1830.0 206.395 19 1830.0 -160.0 13 -56 69.348 56.789999999999985 32
2040.0 330.995 17 2040.0 0.0 0 -68 131.98399999999995 91.74099999999999 0
1770.0 244.01399999999992 15 1770.0 -320.0 26 -58 83.919 64.84299999999998 64
1920.0 251.83000000000004 14 1920.0 0.0 0 -60 71.02699999999999 75.14199999999998 0
585.0 249.2829999999999 13 1590.0 -1005.0 83 -64 84.16599999999995 48.358 201
2580.0 282.47800000000007 15 2580.0 0.0 0 -57 113.65200000000004 88.05399999999997 0
1380.0 175.72399999999996 14 1380.0 0.0 0 -45 60.95199999999999 49.304 0
1620.0 297.68699999999995 19 1620.0 0.0 0 -68 110.353 54.06700000000001 0
1260.0 225.16400000000002 14 1260.0 0.0 0 -51 85.24199999999999 51.00399999999999 0
1410.0 236.8409999999999 15 2040.0 -630.0 84 -64 58.664999999999985 67.65 126
1560.0 225.53199999999993 17 1560.0 0.0 0 -55 71.85099999999997 64.511 0
1920.0 255.458 14 1920.0 0.0 0 -57 97.379 76.57799999999997 0
1200.0 218.08899999999994 19 1200.0 0.0 0 -55 67.17299999999999 45.387 0
1440.0 200.616 16 1440.0 0.0 0 -55 60.09199999999998 49.754999999999995 0
2040.0 230.47199999999998 12 2040.0 -5.0 0 -49 92.92399999999999 78.63299999999995 1
1440.0 210.91900000000004 14 1440.0 -685.0 74 -54 61.473 62.64800000000001 137
1500.0 231.646 17 1500.0 -265.0 17 -61 75.45 50.993 53
1500.0 238.46199999999993 19 1500.0 0.0 0 -58 79.14499999999998 61.45199999999999 0
1410.0 205.09699999999995 17 1410.0 0.0 0 -51 69.22199999999998 58.40499999999997 0
1650.0 278.9379999999999 18 1650.0 -100.0 6 -64 113.97499999999997 60.32099999999997 20
1170.0 198.3419999999999 20 1170.0 0.0 0 -49 69.84299999999998 39.38700000000001 0
1860.0 279.10099999999994 14 1860.0 0.0 0 -59 112.39799999999997 74.87099999999998 0
1920.0 240.1129999999999 20 1920.0 0.0 0 -61 66.44 74.51599999999998 0
1350.0 244.94100000000003 17 1350.0 0.0 0 -61 88.76299999999999 43.688999999999986 0
1410.0 194.731 16 1410.0 0.0 0 -47 65.169 54.869 0
1350.0 210.54499999999993 16 1350.0 -955.0 63 -57 69.1 41.15799999999999 191
1710.0 212.56300000000005 13 1710.0 -1195.0 79 -55 60.38499999999999 58.598 239
865.0 208.57299999999998 16 1500.0 -635.0 84 -56 70.54699999999998 53.140999999999984 127
1920.0 279.2709999999999 15 1920.0 -875.0 72 -67 104.284 66.23999999999997 175
1350.0 192.13499999999996 16 1350.0 0.0 0 -47 66.67 50.429999999999986 0
1440.0 220.1659999999999 14 1440.0 -765.0 63 -53 80.36999999999999 51.741 153
1290.0 225.26199999999992 16 1290.0 0.0 0 -56 77.08599999999998 36.081999999999994 0
2130.0 330.67299999999994 23 2130.0 0.0 0 -69 130.99099999999999 97.00300000000001 0
1830.0 191.24599999999995 15 1830.0 0.0 0 -48 59.700999999999986 60.15699999999999 0
1585.0 316.2830000000001 17 2220.0 -635.0 84 -74 82.633 106.65499999999997 127
1290.0 216.84999999999994 17 1290.0 0.0 0 -50 76.99799999999999 48.657 0
1980.0 278.42699999999996 16 1980.0 0.0 0 -58 112.43699999999994 81.42099999999998 0
1920.0 238.99999999999997 15 1920.0 -260.0 34 -61 72.32799999999999 67.942 52
1065.0 310.7089999999999 15 2070.0 -1005.0 83 -69 92.47699999999999 101.94399999999999 201
1530.0 277.221 17 1770.0 -255.0 80 -69 73.05399999999997 63.134000000000036 19
1320.0 255.53099999999995 18 1320.0 -520.0 43 -57 87.786 56.82800000000003 104
1890.0 269.09799999999996 17 1890.0 -415.0 55 -64 98.85499999999993 66.98599999999998 83
1410.0 217.3609999999999 16 1410.0 -10.0 0 -56 70.72099999999998 53.58799999999999 2
1560.0 216.19800000000006 16 1560.0 -450.0 30 -56 78.95400000000001 54.86999999999998 90
1800.0 317.1199999999999 17 1800.0 -330.0 44 -65 126.78 65.73999999999997 66
1470.0 235.33599999999996 14 1470.0 -800.0 66 -58 76.65099999999998 60.977999999999994 160
1590.0 220.41099999999992 17 1590.0 0.0 0 -56 64.94300000000001 46.962999999999994 0
1225.0 258.30800000000005 17 1830.0 -605.0 80 -64 76.131 70.64299999999999 121
465.0 221.22299999999996 14 1740.0 -1275.0 85 -63 55.28499999999998 62.566999999999986 255
1950.0 242.13899999999998 14 1950.0 -985.0 24 -57 93.12999999999998 72.41099999999997 197
1890.0 297.6999999999999 16 1890.0 -10.0 1 -61 122.24699999999994 75.02699999999997 2
1200.0 213.3919999999999 18 1200.0 -985.0 65 -54 70.43699999999998 42.485 197
1710.0 226.34299999999993 21 1710.0 0.0 0 -53 81.30799999999998 60.55999999999999 0
1470.0 223.07199999999997 17 1470.0 0.0 0 -59 65.17499999999998 50.18099999999999 0
2025.0 291.175 15 2280.0 -255.0 85 -64 86.52699999999997 92.882 17
1680.0 306.95099999999996 17 1680.0 0.0 0 -64 127.17000000000002 68.19400000000003 0
2010.0 255.50699999999983 15 2010.0 -160.0 10 -63 84.75699999999999 72.44200000000001 32
1830.0 257.7439999999999 15 1830.0 0.0 0 -59 96.625 68.81 0
1680.0 255.97799999999992 10 1680.0 -1685.0 42 -59 80.55299999999995 72.108 337
1650.0 257.826 20 1650.0 0.0 0 -63 81.11399999999999 54.476 0
1710.0 308.99100000000004 20 1710.0 -245.0 26 -69 123.10399999999998 60.082999999999984 49
1710.0 281.155 22 1710.0 -1015.0 67 -66 105.12499999999993 75.07900000000001 203
1560.0 195.6679999999999 12 1560.0 0.0 0 -48 61.01699999999999 55.588 0
1830.0 231.80500000000004 13 1830.0 0.0 0 -55 83.00600000000003 59.01699999999999 0
930.0 232.1339999999999 17 1560.0 -630.0 84 -59 62.46499999999999 65.203 126
1260.0 210.09799999999993 16 1260.0 0.0 0 -57 57.99199999999998 41.974999999999994 0
1680.0 230.54499999999996 15 1680.0 0.0 0 -59 60.40599999999999 69.63600000000001 0
1530.0 228.4 17 1530.0 0.0 0 -58 78.47799999999998 63.36100000000001 0
2100.0 284.05600000000004 13 2100.0 -990.0 24 -63 88.156 86.68599999999999 198
1530.0 213.69099999999997 13 1530.0 -310.0 20 -57 48.91899999999999 61.62499999999999 62
1680.0 238.975 13 1680.0 -525.0 35 -55 78.66199999999998 70.86999999999999 105
2310.0 311.567 16 2310.0 -760.0 50 -65 117.363 104.92899999999997 152
1860.0 243.77499999999995 16 1860.0 0.0 0 -61 72.78099999999998 48.156 0
105.0 223.69399999999996 18 1350.0 -1245.0 83 -63 69.63799999999998 42.93899999999999 249
1080.0 182.95499999999998 15 1080.0 0.0 0 -47 58.07199999999998 37.541000000000004 0
1950.0 201.271 15 1950.0 0.0 0 -52 60.953999999999986 64.794 0
2070.0 246.24999999999994 16 2070.0 -550.0 36 -59 83.665 80.30599999999997 110
1920.0 304.7779999999999 21 1920.0 0.0 0 -70 105.99000000000001 74.499 0
1770.0 215.555 12 1770.0 -1365.0 34 -53 73.12400000000001 59.78699999999996 273
1800.0 254.32199999999995 16 1800.0 -210.0 13 -60 73.80099999999999 75.24899999999998 42
1650.0 235.78400000000005 12 1650.0 0.0 0 -56 81.24800000000002 59.87500000000001 0
1560.0 257.698 17 1560.0 0.0 0 -59 72.36099999999999 81.42199999999997 0
1530.0 200.438 14 1530.0 0.0 0 -53 68.26000000000002 43.321999999999996 0
510.0 237.7149999999999 15 1530.0 -1020.0 85 -62 64.47899999999998 55.916999999999994 204
1680.0 269.97899999999987 15 1680.0 0.0 0 -65 96.59199999999997 55.06599999999998 0
1290.0 205.146 13 1290.0 -660.0 16 -54 57.63900000000001 46.353999999999985 132
1470.0 242.75599999999997 21 1470.0 0.0 0 -57 90.87799999999996 58.914 0
3300.0 357.903 16 3540.0 -300.0 100 -79 104.108 130.18800000000002 20
2250.0 334.73600000000005 17 2490.0 -240.0 80 -84 82.65199999999997 99.67700000000004 16
1860.0 218.628 19 1860.0 -275.0 36 -61 69.212 50.228999999999985 55
1620.0 252.353 15 2250.0 -630.0 84 -68 63.100999999999985 83.03199999999998 126
2610.0 275.71599999999995 14 2610.0 -385.0 9 -59 105.20200000000004 98.46699999999994 77
2010.0 254.334 13 2010.0 0.0 0 -51 97.54100000000004 86.71699999999997 0
1605.0 247.04999999999995 14 1920.0 -255.0 85 -66 55.532000000000004 72.89099999999999 17
1650.0 229.91699999999997 16 1650.0 0.0 0 -66 66.30799999999998 45.28099999999999 0
2010.0 324.237 19 2010.0 0.0 0 -64 133.02500000000003 86.62399999999997 0
1440.0 203.85999999999996 18 1440.0 0.0 0 -58 54.973000000000006 49.213 0
1770.0 221.943 13 1770.0 0.0 0 -55 79.971 57.763999999999996 0
1440.0 223.93899999999988 18 1440.0 0.0 0 -55 68.005 54.858000000000004 0
2370.0 278.1959999999999 15 2370.0 -265.0 17 -60 104.01699999999997 87.33899999999997 53
1470.0 223.76999999999995 16 1470.0 0.0 0 -58 60.38700000000001 59.398999999999994 0
1230.0 257.85399999999987 20 1230.0 0.0 0 -62 89.12799999999999 51.483999999999995 0
1530.0 244.10299999999995 17 1530.0 -420.0 10 -63 78.782 62.273 84
1530.0 216.70299999999995 17 1530.0 -515.0 42 -56 58.03199999999998 54.342999999999996 103
1650.0 268.0949999999999 17 1650.0 0.0 0 -64 99.82000000000001 56.521 0
1200.0 216.15699999999998 15 1200.0 0.0 0 -49 75.77499999999998 57.90899999999998 0
900.0 254.788 14 1680.0 -780.0 84 -68 83.74699999999997 58.37300000000001 156
1590.0 221.22599999999997 13 1590.0 0.0 0 -54 69.145 70.75099999999999 0
1410.0 217.96699999999998 15 1410.0 0.0 0 -56 66.54199999999999 48.63400000000001 0
1350.0 222.92199999999994 19 1350.0 0.0 0 -58 74.01499999999999 41.62799999999999 0
1200.0 214.68899999999996 17 1200.0 -420.0 27 -56 67.59599999999999 47.565 84
1800.0 255.67500000000004 19 1800.0 0.0 0 -63 92.986 63.483 0
1620.0 209.274 11 1620.0 0.0 0 -45 83.72099999999998 54.80200000000001 0
1650.0 209.04299999999998 11 1650.0 -1190.0 29 -57 51.129 51.94199999999999 238
1560.0 213.515 13 1560.0 0.0 0 -58 58.41 47.928 0
2340.0 263.91700000000003 17 2340.0 -115.0 9 -56 103.421 81.11399999999998 23
1410.0 274.17199999999997 20 1410.0 0.0 0 -67 99.37999999999995 54.217999999999996 0
1890.0 319.5689999999999 20 1890.0 -15.0 1 -67 136.035 70.68899999999996 3
1170.0 291.5709999999999 19 1800.0 -630.0 84 -73 112.81599999999997 55.266 126
1470.0 194.44400000000005 14 1470.0 -840.0 20 -51 55.687999999999995 56.612999999999985 168
1560.0 247.58999999999997 17 1560.0 0.0 0 -60 87.559 50.62399999999999 0
990.0 195.424 14 990.0 0.0 0 -49 63.65999999999999 33.172 0
1920.0 252.81199999999998 13 1920.0 0.0 0 -59 83.92599999999997 78.88300000000001 0
1680.0 290.62299999999993 19 1680.0 0.0 0 -64 103.18599999999995 67.56599999999999 0
1320.0 222.99499999999995 20 1320.0 -100.0 6 -57 72.288 53.44 20
1920.0 269.98699999999997 13 1920.0 -640.0 53 -67 80.13999999999999 58.55600000000001 128
1350.0 207.10799999999995 18 1350.0 -590.0 39 -54 73.35999999999997 52.669999999999995 118
1740.0 223.23100000000002 17 1740.0 0.0 0 -57 73.37999999999998 60.37799999999997 0
1800.0 254.68299999999988 15 1800.0 -5.0 0 -61 91.454 70.57599999999996 1
1470.0 240.952 14 1470.0 0.0 0 -56 88.74500000000002 59.65599999999998 0
1800.0 248.18499999999997 17 1800.0 -455.0 11 -58 83.17699999999998 60.48699999999999 91
2370.0 254.602 13 2370.0 -540.0 13 -54 104.42900000000002 91.72499999999998 108
1650.0 266.0969999999999 19 1650.0 -250.0 20 -68 88.82199999999997 57.53 50
1710.0 257.75499999999994 20 1710.0 0.0 0 -64 90.61699999999996 55.078999999999986 0
840.0 323.1739999999999 17 1860.0 -1020.0 85 -77 111.79499999999999 79.46200000000003 204
2550.0 253.469 16 2550.0 -460.0 30 -61 99.93299999999999 81.14799999999997 92
1620.0 220.1459999999999 19 1620.0 0.0 0 -58 70.00599999999999 50.382 0
1710.0 224.34599999999992 17 1710.0 -830.0 55 -61 74.29499999999999 58.496999999999986 166
1290.0 214.70299999999997 21 1290.0 0.0 0 -59 64.51799999999999 44.677 0
1530.0 234.307 15 1530.0 -330.0 44 -60 67.86599999999999 53.47699999999999 66
1860.0 248.16399999999993 16 1860.0 -1180.0 29 -62 74.85599999999998 65.332 236
1350.0 217.13799999999995 15 1350.0 -430.0 28 -54 73.27 43.06099999999999 86
2130.0 279.045 18 2130.0 -325.0 27 -68 89.66899999999998 83.985 65
1830.0 254.22099999999992 15 1830.0 -1005.0 67 -64 81.40199999999999 62.92 201
1140.0 237.02299999999997 17 1140.0 0.0 0 -58 87.43899999999998 38.775999999999996 0
1620.0 190.009 10 1620.0 0.0 0 -50 43.401999999999994 60.703999999999986 0
1650.0 239.058 17 1650.0 0.0 0 -55 91.63799999999998 55.168 0
1350.0 228.63999999999996 17 1350.0 -20.0 1 -53 94.96099999999994 48.97199999999999 4
1355.0 251.94899999999996 13 2130.0 -775.0 83 -58 84.765 92.20299999999995 155
1620.0 229.62699999999998 21 1620.0 0.0 0 -58 88.73699999999997 57.30099999999999 0
1380.0 211.02400000000003 16 1380.0 -255.0 34 -57 62.57299999999999 42.419999999999995 51
1860.0 258.68 17 1860.0 0.0 0 -56 82.12500000000001 79.29999999999994 0
1800.0 261.4619999999999 19 1800.0 -235.0 31 -62 92.006 73.644 47
1890.0 247.3049999999999 14 1890.0 0.0 0 -58 94.68599999999995 60.104 0
1215.0 254.45800000000003 15 2220.0 -1005.0 83 -64 86.81199999999997 67.37400000000001 201
1860.0 239.80299999999997 14 1860.0 -855.0 71 -57 71.928 72.776 171
1590.0 240.73499999999993 18 1590.0 -630.0 42 -64 81.52499999999999 54.517999999999994 126
1500.0 160.485 14 1500.0 -5.0 0 -44 45.80799999999999 40.297999999999995 1
1470.0 203.20399999999998 20 1470.0 0.0 0 -55 64.81999999999998 38.43000000000001 0
1140.0 207.71699999999987 18 1140.0 -25.0 1 -53 69.448 40.419 5
1650.0 244.82899999999998 17 1650.0 -870.0 57 -58 86.17599999999999 72.60799999999998 174
1530.0 207.37499999999994 14 1530.0 -1435.0 35 -57 51.041 54.70399999999999 287
1770.0 258.61899999999997 18 1770.0 -485.0 40 -62 80.62599999999998 70.665 97
1170.0 197.70099999999996 17 1170.0 -5.0 0 -54 71.01099999999998 40.934 1
2100.0 302.43100000000004 18 2100.0 -240.0 16 -69 100.60999999999999 70.00299999999999 48
1770.0 214.15899999999996 13 1770.0 -325.0 43 -59 56.46000000000001 54.457 65
2100.0 264.1249999999999 18 2100.0 0.0 0 -63 76.93999999999997 83.768 0
2100.0 278.93999999999994 14 2100.0 -1370.0 34 -62 118.69499999999998 56.608999999999995 274
2070.0 241.94899999999998 15 2070.0 -685.0 17 -65 71.93999999999998 68.765 137
1800.0 257.36199999999997 16 1800.0 -1010.0 67 -62 84.22399999999999 70.37700000000002 202
325.0 265.46199999999993 17 1320.0 -995.0 82 -68 85.11299999999997 49.399999999999984 199
1620.0 255.99999999999997 16 1620.0 0.0 0 -65 87.39000000000001 61.326999999999984 0
1890.0 212.913 16 1890.0 0.0 0 -53 64.588 64.90600000000002 0
1770.0 216.164 21 1770.0 0.0 0 -55 76.34599999999998 55.374999999999986 0
1860.0 235.00900000000007 14 1860.0 -1185.0 29 -58 71.323 61.053000000000004 237
1590.0 247.85599999999997 18 1590.0 -680.0 45 -61 88.32399999999996 57.596 136
1740.0 278.04800000000006 14 1740.0 0.0 0 -63 101.915 71.931 0
1620.0 214.88799999999995 17 1620.0 -355.0 8 -55 80.60499999999996 46.46099999999999 71
1380.0 254.46899999999988 15 1380.0 -1625.0 40 -63 81.25099999999998 51.651 325
1650.0 224.42899999999995 19 1650.0 0.0 0 -60 67.31499999999998 53.950999999999986 0
2580.0 322.79399999999987 15 2820.0 -240.0 80 -75 121.339 91.83099999999996 16
1590.0 275.8939999999999 18 1590.0 0.0 0 -67 85.87399999999995 59.033 0
1500.0 269.9099999999999 17 1500.0 0.0 0 -65 100.31899999999996 52.83899999999999 0
1740.0 268.9699999999999 15 1740.0 -630.0 15 -59 75.73599999999998 89.399 126
1320.0 205.843 14 1320.0 0.0 0 -56 64.69399999999999 43.54199999999999 0
1860.0 260.06199999999995 17 1860.0 0.0 0 -67 89.729 55.93600000000001 0
1950.0 193.0539999999999 12 1950.0 -990.0 65 -56 46.561 58.475 198
1980.0 283.7239999999999 21 1980.0 -365.0 48 -66 110.00199999999994 68.262 73
1710.0 203.16399999999993 15 1710.0 0.0 0 -52 58.242 61.28699999999999 0
1320.0 243.456 19 1320.0 -400.0 53 -59 84.38599999999998 54.302 80
1620.0 250.44199999999998 25 1620.0 -250.0 20 -61 88.96999999999997 63.789 50
970.0 314.61699999999985 23 1590.0 -620.0 82 -74 118.64199999999995 74.55499999999998 124
1530.0 215.15199999999996 16 1530.0 -485.0 12 -56 72.702 54.14000000000001 97
1680.0 258.17199999999997 19 1680.0 0.0 0 -56 94.54899999999995 66.98400000000001 0
2370.0 401.746 23 2610.0 -240.0 80 -93 153.81000000000006 98.65200000000002 16
1410.0 276.3909999999999 14 1410.0 0.0 0 -63 92.77699999999994 66.37499999999999 0
1470.0 225.4459999999999 16 1470.0 0.0 0 -55 62.196 58.70600000000001 0
1710.0 246.91400000000002 20 1710.0 0.0 0 -57 98.17900000000002 64.84199999999998 0
1530.0 202.339 14 1530.0 0.0 0 -51 72.833 38.03499999999999 0
1920.0 251.693 17 1920.0 -265.0 35 -57 89.17700000000004 78.79799999999994 53
515.0 242.57699999999997 18 1290.0 -775.0 83 -64 75.69 44.703999999999986 155
1920.0 238.22 16 1920.0 0.0 0 -54 93.325 65.47200000000001 0
2160.0 288.5829999999999 17 2160.0 -420.0 55 -75 96.11299999999997 75.68100000000001 84
150.0 259.405 12 1410.0 -1260.0 84 -63 74.01500000000001 64.19600000000001 252
960.0 235.8239999999999 21 1740.0 -780.0 84 -61 77.86399999999998 51.335999999999984 156
1830.0 213.30999999999995 15 1830.0 0.0 0 -59 57.386999999999986 50.146 0
1500.0 226.25300000000001 15 1500.0 -415.0 27 -59 66.13299999999998 52.36799999999999 83
1500.0 217.88999999999996 14 1500.0 0.0 0 -49 70.13399999999997 64.35700000000001 0
2160.0 233.13399999999996 13 2160.0 -975.0 65 -55 85.22300000000001 75.50499999999997 195
1800.0 204.828 16 1800.0 -5.0 0 -53 65.68899999999998 65.37499999999999 1
1710.0 270.34999999999997 19 1710.0 -535.0 57 -69 94.97599999999997 65.768 107
1140.0 178.47099999999998 17 1140.0 0.0 0 -44 57.36299999999999 40.480000000000004 0
1620.0 181.337 10 1620.0 -785.0 19 -50 40.4 63.318999999999996 157
1860.0 230.94699999999997 16 1860.0 -370.0 24 -60 80.65999999999998 62.79799999999999 74
1085.0 241.36999999999998 18 1860.0 -775.0 83 -63 74.20599999999997 71.44699999999997 155
1650.0 245.59799999999996 18 1650.0 -470.0 23 -58 85.45599999999996 62.39600000000001 94
1920.0 239.98699999999997 16 1920.0 0.0 0 -60 64.32399999999998 71.92999999999998 0
1710.0 217.10399999999996 17 1770.0 0.0 0 -54 70.24799999999998 65.669 0
1530.0 237.26199999999994 15 1530.0 -960.0 48 -58 76.89699999999996 55.062000000000005 192
1470.0 225.844 14 1470.0 -670.0 55 -54 61.777000000000015 42.187000000000005 134
1560.0 240.01899999999998 13 1560.0 0.0 0 -62 75.76900000000002 56.908999999999985 0
980.0 251.71299999999994 16 1590.0 -610.0 81 -70 68.49099999999999 44.18699999999999 122
1890.0 251.51999999999998 19 1890.0 0.0 0 -62 91.17699999999998 67.43 0
1830.0 258.12700000000007 19 1830.0 -300.0 40 -58 95.30199999999999 73.39199999999998 60
1320.0 224.34699999999998 16 1320.0 0.0 0 -54 65.60799999999999 53.862 0
1260.0 240.37199999999993 15 1260.0 0.0 0 -54 93.09299999999998 52.306 0
1590.0 285.97899999999987 20 1590.0 -5.0 0 -64 100.237 66.539 1
1650.0 275.82 15 1650.0 0.0 0 -67 89.77399999999996 56.782 0
1890.0 245.975 20 1890.0 -265.0 6 -58 86.48699999999998 66.366 53
2190.0 292.441 16 2190.0 -30.0 0 -67 94.77499999999998 85.708 6
1860.0 217.41 12 1860.0 -540.0 13 -56 62.788999999999994 58.61499999999999 108
1950.0 280.97800000000007 13 1950.0 -755.0 18 -55 113.03900000000002 84.78099999999995 151
1830.0 249.94599999999994 17 1830.0 -225.0 30 -59 91.327 62.877999999999986 45
1860.0 202.48299999999998 13 1860.0 -905.0 60 -57 50.010999999999996 45.00999999999999 181
1800.0 283.11899999999986 18 1800.0 -280.0 23 -66 103.28399999999996 71.66 56
1860.0 263.60799999999995 13 1860.0 0.0 0 -59 88.63599999999998 77.59700000000001 0
1500.0 281.79399999999987 19 1500.0 0.0 0 -66 100.79199999999994 55.78999999999999 0
1410.0 207.5449999999999 14 1410.0 0.0 0 -54 62.081 37.966000000000015 0
1230.0 213.389 12 1230.0 -1405.0 35 -53 62.09899999999999 52.34100000000001 281
1620.0 219.51800000000003 17 1620.0 -505.0 42 -61 66.45299999999999 48.24299999999999 101
1470.0 291.0409999999999 19 1470.0 0.0 0 -68 96.80600000000003 58.695999999999984 0
2130.0 284.71999999999986 19 2130.0 -325.0 27 -70 101.72499999999998 73.267 65
1440.0 227.40399999999994 20 1440.0 -450.0 30 -56 76.06599999999997 44.061 90
1560.0 257.97899999999987 14 1560.0 0.0 0 -58 93.39399999999999 58.157 0
1350.0 242.8509999999999 20 1350.0 0.0 0 -62 76.88799999999998 49.522000000000006 0
1230.0 217.33999999999995 20 1230.0 0.0 0 -56 72.78999999999999 44.851 0
1200.0 245.85099999999994 20 1440.0 -240.0 80 -63 75.94299999999998 49.4 16
1560.0 277.7249999999999 20 1560.0 -580.0 38 -59 99.53199999999998 76.822 116
1680.0 220.32699999999994 16 1680.0 0.0 0 -55 73.91700000000002 55.16700000000001 0
1980.0 235.92899999999997 14 1980.0 0.0 0 -60 64.56899999999999 56.33200000000001 0
2400.0 271.9609999999999 9 2400.0 0.0 0 -65 73.83699999999999 87.93800000000002 0
1650.0 303.0369999999999 16 1890.0 -240.0 80 -74 85.52799999999998 55.532999999999994 16
1020.0 150.88799999999998 14 1020.0 0.0 0 -42 35.40199999999999 30.666999999999987 0
1410.0 202.16599999999997 17 1410.0 0.0 0 -44 83.69099999999999 57.23799999999999 0
1440.0 202.34499999999997 14 1440.0 0.0 0 -57 50.50099999999998 53.26599999999999 0
1680.0 223.82799999999992 14 1680.0 -1170.0 29 -57 64.617 66.18399999999998 234
1530.0 290.57499999999993 22 1530.0 0.0 0 -68 115.58999999999999 60.14200000000001 0
2070.0 198.21999999999994 9 2070.0 -705.0 17 -55 29.943999999999996 67.017 141
1620.0 278.4259999999999 25 1620.0 -80.0 5 -67 101.97999999999998 66.46800000000002 16
2100.0 237.50599999999997 17 2100.0 0.0 0 -61 71.971 66.526 0
1650.0 232.3299999999999 16 1650.0 0.0 0 -59 84.699 59.59699999999999 0
1530.0 219.99499999999986 14 1530.0 0.0 0 -56 64.83499999999997 47.577999999999996 0
1980.0 209.38999999999996 12 1980.0 -210.0 27 -55 57.07099999999999 69.319 42
1860.0 236.19699999999997 16 1860.0 0.0 0 -58 77.443 66.63499999999996 0
1650.0 229.63899999999995 14 1650.0 -200.0 21 -57 77.98499999999997 66.13699999999999 40
2280.0 263.27500000000003 15 2280.0 0.0 0 -59 98.44699999999997 78.86199999999995 0
1560.0 187.16199999999998 11 1560.0 0.0 0 -54 42.599999999999994 51.732 0
2370.0 311.056 14 2370.0 0.0 0 -60 137.50199999999998 93.23399999999998 0
1110.0 176.84899999999996 13 1110.0 0.0 0 -46 55.173999999999985 35.828 0
1770.0 246.409 18 1770.0 -605.0 30 -63 74.58499999999998 66.67500000000001 121
1620.0 242.10999999999999 19 1620.0 -20.0 2 -64 78.68999999999996 53.962 4
1890.0 247.56400000000005 13 1890.0 0.0 0 -57 92.60300000000004 71.71099999999998 0
1350.0 217.58699999999993 18 1350.0 0.0 0 -51 65.60899999999998 49.53 0
1800.0 244.64100000000002 16 1800.0 -190.0 12 -57 86.384 63.99899999999999 38
825.0 244.05800000000002 14 2100.0 -1275.0 85 -61 79.76600000000002 74.55600000000001 255
2220.0 313.0969999999998 21 2460.0 -245.0 80 -74 90.94199999999998 95.08899999999997 17
1710.0 290.5949999999998 16 1710.0 0.0 0 -69 99.21199999999992 67.653 0
1350.0 205.3589999999999 16 1350.0 -90.0 6 -57 65.17099999999999 41.97799999999999 18
930.0 234.386 16 1710.0 -780.0 84 -58 69.87799999999999 53.09399999999999 156
390.0 208.74599999999992 12 1650.0 -1260.0 84 -60 53.661999999999985 57.50499999999999 252
1590.0 240.4289999999999 15 1590.0 -655.0 43 -60 80.52900000000002 49.27900000000001 131
1080.0 281.5259999999999 20 1860.0 -780.0 84 -71 87.37399999999997 72.45399999999998 156
1800.0 267.7370000000001 14 1800.0 -880.0 43 -59 105.44800000000002 69.73299999999998 176
1260.0 217.29799999999994 19 1260.0 0.0 0 -58 75.91199999999998 46.657999999999994 0
1245.0 263.9829999999999 14 2250.0 -1005.0 83 -67 86.40099999999998 67.97999999999999 201
1800.0 310.4619999999998 21 2040.0 -240.0 80 -81 84.79299999999999 60.057 16
1680.0 236.29399999999993 16 1680.0 0.0 0 -60 77.505 61.148999999999994 0
1380.0 217.418 16 1380.0 0.0 0 -51 73.91199999999998 54.94399999999999 0
1620.0 267.23800000000006 17 2250.0 -640.0 84 -65 91.42799999999997 76.74499999999998 128
1905.0 248.71500000000003 15 2160.0 -255.0 85 -70 64.76599999999998 61.98300000000001 17
1740.0 227.37699999999992 19 1740.0 -65.0 4 -61 70.38499999999998 60.180999999999976 13
1290.0 247.42399999999995 15 1290.0 0.0 0 -57 85.89099999999996 52.165 0
1980.0 300.336 17 2610.0 -630.0 84 -75 99.01200000000001 93.53099999999996 126
1380.0 208.1179999999999 15 1380.0 -300.0 20 -57 60.02599999999999 48.51599999999999 60
1950.0 257.3499999999999 15 1950.0 0.0 0 -56 93.22599999999997 76.881 0
-75.0 237.5509999999999 18 1200.0 -1275.0 85 -63 80.73899999999998 40.952 255
1620.0 209.204 17 1620.0 -320.0 26 -57 64.50499999999998 58.670999999999985 64
1470.0 280.068 22 1470.0 -15.0 1 -66 105.42599999999999 55.094999999999985 3
2130.0 262.412 10 2130.0 0.0 0 -56 95.70400000000005 86.92899999999995 0
1530.0 212.8659999999999 14 1530.0 0.0 0 -51 71.56999999999995 53.61500000000001 0
1470.0 211.92899999999995 17 1470.0 0.0 0 -56 74.77699999999999 46.07 0
1920.0 272.238 17 1920.0 0.0 0 -57 102.05699999999999 78.58199999999997 0
2340.0 343.05899999999997 21 2580.0 -240.0 80 -93 83.92999999999998 89.72400000000003 16
1680.0 233.5840000000001 14 1680.0 0.0 0 -55 80.91 60.19600000000001 0
2160.0 274.74800000000005 14 2160.0 0.0 0 -56 103.27600000000005 94.238 0
1200.0 211.713 16 1200.0 0.0 0 -55 74.14599999999999 42.683 0
1650.0 238.28899999999993 14 1650.0 -265.0 13 -60 74.13999999999997 64.38499999999999 53
1170.0 223.56299999999993 15 1170.0 -50.0 3 -55 72.92299999999997 43.20299999999999 10
1710.0 231.87899999999996 19 1710.0 -5.0 0 -60 78.115 58.88699999999999 1
1830.0 252.57499999999996 17 1830.0 -5.0 0 -57 86.79399999999995 74.581 1
2160.0 232.61300000000003 17 2160.0 -515.0 12 -55 72.12400000000001 81.325 103
1620.0 227.57099999999994 22 1620.0 -10.0 0 -56 76.25599999999997 60.811999999999976 2
1320.0 203.53799999999995 16 1320.0 -895.0 22 -57 49.30099999999998 31.877000000000006 179
1440.0 259.924 17 1440.0 -180.0 12 -62 106.66799999999998 45.012 36
1020.0 229.26199999999994 20 1020.0 -15.0 1 -55 86.11999999999999 40.20399999999999 3
1800.0 250.8539999999999 13 1800.0 -1330.0 66 -54 88.24600000000001 74.03999999999999 266
1710.0 229.26499999999993 18 1710.0 0.0 0 -58 78.759 65.41499999999999 0
1560.0 276.0649999999999 18 1560.0 0.0 0 -65 82.94899999999998 71.70399999999998 0
1500.0 201.094 19 1500.0 -235.0 15 -57 65.59599999999999 39.201 47
1680.0 256.096 19 1680.0 -175.0 18 -61 87.43199999999999 70.845 35
1410.0 229.72899999999996 20 1410.0 0.0 0 -57 70.88799999999999 59.023999999999994 0
1260.0 247.17199999999994 21 1260.0 -595.0 39 -62 84.99199999999996 35.701000000000015 119
1485.0 243.19399999999993 13 1740.0 -255.0 85 -67 50.62299999999999 59.331 17
1920.0 227.33200000000002 11 1920.0 0.0 0 -56 79.32600000000001 66.67099999999999 0
1740.0 227.178 19 1740.0 -90.0 7 -58 64.66299999999998 62.307 18
1770.0 229.48099999999997 18 1770.0 0.0 0 -61 71.925 69.02999999999999 0
1590.0 218.05000000000007 15 1590.0 0.0 0 -57 78.24199999999998 61.99699999999998 0
1860.0 251.79599999999994 14 1860.0 0.0 0 -59 95.52299999999998 66.64800000000001 0
1500.0 208.948 15 1500.0 -800.0 66 -55 73.50699999999998 59.74399999999999 160
1980.0 318.75 21 2220.0 -245.0 80 -79 105.40699999999995 75.22800000000001 17
1350.0 242.39699999999996 18 1350.0 -880.0 58 -58 80.17399999999998 55.808 176
1680.0 263.715 18 1680.0 0.0 0 -63 95.27199999999996 61.184 0
1740.0 212.08299999999994 9 1740.0 -1395.0 34 -55 56.069999999999986 61.98200000000001 279
1560.0 286.808 18 1560.0 0.0 0 -62 112.88000000000002 60.547 0
1830.0 288.0440000000001 21 1830.0 0.0 0 -54 121.09499999999997 87.39699999999998 0
1110.0 215.5889999999999 12 1110.0 0.0 0 -56 68.24899999999997 36.16300000000001 0
1165.0 303.07099999999986 20 1800.0 -635.0 84 -80 102.54199999999997 64.41799999999998 127
1380.0 196.32899999999995 15 1380.0 -330.0 27 -56 51.051 43.711999999999996 66
1170.0 183.3609999999999 15 1170.0 0.0 0 -57 52.526999999999994 36.019999999999996 0
1050.0 189.66799999999998 14 1050.0 0.0 0 -42 73.35599999999998 39.08599999999999 0
1920.0 249.88499999999996 13 1920.0 0.0 0 -63 69.25999999999996 62.95700000000001 0
1680.0 239.10799999999992 17 1680.0 0.0 0 -56 72.61699999999999 69.436 0
2130.0 302.65799999999996 16 2130.0 0.0 0 -66 110.209 93.14600000000002 0
1710.0 244.63600000000002 17 1710.0 0.0 0 -54 98.26300000000002 64.275 0
1710.0 234.35700000000003 18 1710.0 -475.0 31 -53 98.62899999999998 62.271999999999984 95
1530.0 237.74 15 1530.0 -545.0 72 -59 79.439 60.47099999999999 109
1590.0 216.71700000000004 20 1590.0 -80.0 5 -60 71.44899999999998 42.638 16
1560.0 220.32900000000004 22 1560.0 -155.0 10 -63 72.74399999999999 53.23699999999998 31
300.0 205.41200000000003 11 1560.0 -1260.0 84 -57 46.853 51.206999999999994 252
2220.0 309.7669999999999 17 2460.0 -240.0 80 -77 105.88199999999995 90.591 16
1920.0 254.04799999999997 17 1920.0 -460.0 38 -57 98.69899999999998 75.16199999999999 92
510.0 253.1589999999999 17 1530.0 -1020.0 85 -64 73.24399999999999 64.55199999999999 204
1285.0 232.4929999999999 15 1920.0 -635.0 84 -60 78.62499999999997 68.132 127
1530.0 203.40200000000004 12 1530.0 0.0 0 -54 64.033 54.743999999999986 0
1890.0 260.04900000000004 16 1890.0 -540.0 72 -57 98.02 77.74199999999998 108
1470.0 247.74599999999995 21 1470.0 0.0 0 -58 96.65599999999999 52.206999999999994 0
1290.0 217.01699999999994 19 1290.0 -1075.0 71 -59 61.25900000000001 54.928 215
1500.0 239.70099999999994 15 1500.0 -125.0 10 -58 70.22699999999999 68.782 25
1800.0 218.1929999999999 13 1800.0 0.0 0 -54 71.403 58.78599999999999 0
1290.0 233.38100000000003 12 1290.0 0.0 0 -58 83.213 42.78500000000001 0
1710.0 246.909 14 1710.0 -740.0 37 -58 92.06599999999999 60.26799999999996 148
1800.0 254.03700000000006 17 1800.0 0.0 0 -62 93.85099999999997 58.989000000000004 0
1050.0 245.50499999999994 18 1050.0 0.0 0 -57 99.64399999999999 46.392999999999994 0
1650.0 244.05200000000002 19 1650.0 0.0 0 -59 88.09100000000002 56.24099999999999 0
1290.0 228.313 19 1290.0 0.0 0 -58 64.357 42.739999999999995 0
1260.0 199.067 20 1260.0 0.0 0 -48 75.75099999999998 52.597 0
1350.0 207.53699999999998 11 1350.0 0.0 0 -56 61.940999999999995 45.68500000000001 0
2010.0 251.237 14 2010.0 -135.0 9 -59 86.06299999999997 71.199 27
1830.0 250.49999999999991 17 1830.0 0.0 0 -64 83.046 69.558 0
1320.0 237.005 21 1320.0 0.0 0 -58 80.35199999999998 55.15999999999999 0
1445.0 295.93399999999997 19 2220.0 -775.0 83 -74 99.40999999999998 77.39 155
1260.0 237.241 21 1260.0 -620.0 41 -53 89.78099999999999 57.513 124
1530.0 277.40399999999994 16 1530.0 0.0 0 -58 103.38400000000001 68.72099999999996 0
1800.0 243.93599999999998 18 1800.0 0.0 0 -56 88.64200000000004 70.41799999999998 0
1845.0 347.7699999999999 19 2130.0 -285.0 95 -81 115.65499999999996 88.92600000000002 19
120.0 241.33799999999988 20 1380.0 -1260.0 84 -64 79.90999999999998 51.94799999999999 252
1740.0 255.32299999999998 19 1740.0 -295.0 39 -62 90.05000000000001 71.56599999999999 59
1890.0 214.45999999999998 17 1890.0 -745.0 62 -61 52.285 57.277 149
1650.0 250.36999999999986 18 1650.0 -395.0 26 -64 87.04099999999998 44.74099999999999 79
195.0 242.8399999999999 17 1470.0 -1275.0 85 -64 70.25499999999998 55.16799999999999 255
1560.0 243.31400000000008 16 1560.0 0.0 0 -55 96.15100000000001 67.26399999999998 0
1290.0 231.97699999999998 17 1290.0 -305.0 40 -59 72.17199999999998 46.865 61
1260.0 200.75899999999996 18 1260.0 0.0 0 -49 67.344 42.869 0
1290.0 210.05 16 1290.0 -845.0 70 -55 60.84199999999998 44.829999999999984 169
1740.0 290.24399999999997 18 1980.0 -255.0 80 -67 90.55400000000002 80.766 19
1620.0 319.6099999999999 19 1620.0 0.0 0 -72 121.94699999999997 64.041 0
1395.0 287.89999999999986 20 1650.0 -255.0 85 -72 77.875 49.208999999999996 17
1050.0 210.00099999999986 20 1050.0 0.0 0 -49 74.83399999999997 45.225 0
1980.0 233.28899999999993 14 1980.0 -440.0 36 -56 74.44999999999999 75.91199999999999 88
2220.0 243.039 11 2220.0 -565.0 37 -56 81.68900000000002 74.65599999999995 113
1470.0 186.099 15 1470.0 0.0 0 -50 55.682999999999986 40.56599999999999 0
1440.0 228.69199999999995 13 1440.0 0.0 0 -56 69.13599999999998 51.538 0
1520.0 310.652 13 2130.0 -610.0 81 -75 92.14400000000003 81.49500000000002 122
1110.0 248.93099999999995 20 1110.0 -915.0 61 -56 82.20999999999998 56.591999999999985 183
1710.0 248.59600000000003 16 1710.0 -165.0 4 -57 81.33000000000003 73.406 33
1710.0 256.35299999999995 13 1710.0 -935.0 23 -65 85.20299999999995 65.06899999999999 187
935.0 283.4929999999998 14 1710.0 -805.0 85 -70 93.24999999999996 69.702 161
1680.0 242.88399999999987 18 1680.0 0.0 0 -60 74.23499999999997 63.083 0
1980.0 249.52099999999996 20 1980.0 -300.0 7 -62 83.31999999999998 70.24600000000001 60
1860.0 197.81799999999996 18 1860.0 0.0 0 -56 52.85799999999999 45.619 0
1950.0 229.62999999999997 14 1950.0 0.0 0 -59 70.359 69.291 0
2100.0 308.9429999999999 19 2100.0 -140.0 9 -69 113.67899999999996 91.646 28
2370.0 248.74599999999998 15 2370.0 -640.0 16 -63 71.50799999999998 75.499 128
1320.0 251.78599999999994 16 1560.0 -240.0 80 -64 62.45099999999998 60.539000000000016 16
1800.0 207.67099999999996 16 1800.0 0.0 0 -45 80.17599999999997 67.08099999999997 0
1890.0 255.213 17 1890.0 -5.0 0 -64 75.52600000000002 63.321999999999974 1
2385.0 336.99600000000004 15 2640.0 -255.0 85 -79 108.11800000000005 102.87100000000001 17
1680.0 229.89800000000002 15 1680.0 0.0 0 -59 70.07499999999999 66.31999999999998 0
880.0 272.31899999999996 15 1500.0 -620.0 82 -66 105.72399999999998 60.92900000000001 124
1350.0 256.41599999999994 19 1350.0 0.0 0 -59 95.70699999999997 57.24699999999999 0
1320.0 222.68200000000007 16 1320.0 -10.0 1 -57 82.42699999999998 47.393 2
1260.0 210.74300000000002 19 1260.0 0.0 0 -48 66.826 49.37499999999999 0
1230.0 238.92399999999992 16 1230.0 0.0 0 -56 73.07899999999998 54.309999999999995 0
1620.0 242.16299999999998 18 1620.0 0.0 0 -59 88.544 60.79199999999999 0
1800.0 210.25799999999995 18 1800.0 0.0 0 -46 77.85600000000001 76.65999999999997 0
1920.0 235.95199999999997 12 1920.0 0.0 0 -59 68.37899999999999 72.31400000000001 0
1770.0 268.28899999999993 18 1770.0 -15.0 0 -64 97.39200000000004 72.93999999999998 3
1980.0 240.00700000000006 12 1980.0 0.0 0 -55 82.70400000000005 72.82799999999992 0
1380.0 225.93399999999994 18 1380.0 -330.0 22 -58 74.57499999999997 50.196000000000005 66
2220.0 265.1019999999999 14 2220.0 -155.0 10 -61 83.15700000000001 81.14199999999998 31
1650.0 307.533 18 1890.0 -240.0 80 -71 105.14299999999997 65.99699999999999 16
1170.0 199.00599999999994 16 1170.0 -1075.0 26 -54 61.225999999999985 29.994 215
1860.0 279.40399999999994 17 1860.0 -155.0 10 -64 103.74699999999996 78.53400000000002 31
1380.0 209.32199999999995 19 1380.0 0.0 0 -51 69.23299999999999 47.647 0
2100.0 295.6139999999999 20 2100.0 -240.0 16 -70 116.85399999999997 73.899 48
2040.0 235.9399999999999 17 2040.0 -295.0 24 -60 81.06399999999998 71.90699999999998 59
1050.0 183.53699999999995 15 1050.0 0.0 0 -48 62.95399999999999 39.676 0
1920.0 233.12699999999995 18 1920.0 0.0 0 -57 69.84899999999999 71.83699999999999 0
1350.0 211.99399999999991 19 1350.0 0.0 0 -54 70.26599999999999 47.647 0
