-320.0 157.48599999999996 12 780.0 -1100.0 91 -35 50.01999999999999 36.998000000000005 220
1450.0 245.753 15 2070.0 -620.0 82 -63 75.90199999999997 65.13400000000001 124
-3260.0 45.97899999999998 1 60.0 -3320.0 83 -13 5.744999999999998 4.74 664
910.0 217.68499999999995 17 1530.0 -620.0 82 -58 63.08599999999998 46.12299999999999 124
-3440.0 50.77699999999997 0 0.0 -3440.0 86 -12 0.0 0.0 688
570.0 227.708 14 1200.0 -630.0 84 -53 88.81099999999999 38.626999999999995 126
-3125.0 49.07399999999998 2 150.0 -3275.0 81 -13 13.617999999999997 5.922000000000001 655
-3300.0 75.79699999999995 1 60.0 -3360.0 83 -18 19.741000000000017 3.155 672
0.0 10.585999999999999 0 0.0 0.0 0 -4 0.0 0.0 0
-3400.0 47.233000000000004 0 0.0 -3400.0 85 -11 0.0 0.0 680
-3320.0 33.57699999999999 0 0.0 -3320.0 83 -10 0.0 0.0 664
-770.0 124.664 10 930.0 -1700.0 85 -31 41.949 35.007999999999996 340
-3320.0 32.04199999999999 0 0.0 -3320.0 83 -9 0.0 0.0 664
-3235.0 31.19399999999999 0 0.0 -3235.0 80 -11 0.0 0.0 647
-2635.0 65.30699999999999 2 600.0 -3235.0 80 -16 17.158999999999995 22.436999999999976 647
75.0 230.71499999999995 15 1320.0 -1245.0 83 -53 85.18899999999998 53.959999999999994 249
-315.0 149.026 12 960.0 -1275.0 85 -39 44.00899999999999 27.717 255
-3360.0 49.55199999999998 0 0.0 -3360.0 83 -14 0.0 0.0 672
-3065.0 48.400999999999996 2 210.0 -3275.0 81 -12 8.533 9.885999999999997 655
-3215.0 68.21000000000001 1 60.0 -3275.0 81 -14 25.848000000000013 1.9500000000000002 655
-3235.0 21.776 0 0.0 -3235.0 80 -7 0.0 0.0 647
0.0 9.165 0 0.0 0.0 0 -4 0.0 0.0 0
-3125.0 77.82299999999995 2 150.0 -3280.0 81 -17 28.94899999999999 4.947000000000001 656
-3215.0 44.68099999999998 1 60.0 -3275.0 81 -9 14.211000000000002 2.06 655
-390.0 195.823 9 900.0 -1290.0 86 -46 44.75299999999998 34.42100000000002 258
-3175.0 60.124999999999964 1 60.0 -3235.0 80 -14 20.53399999999999 2.9780000000000006 647
-3170.0 88.14899999999993 2 150.0 -3320.0 83 -18 32.75799999999998 4.693999999999999 664
880.0 204.52500000000003 18 1500.0 -620.0 82 -55 69.739 45.119 124
-3260.0 44.851999999999975 1 60.0 -3320.0 83 -14 5.365999999999997 1.411 664
-3360.0 39.863 0 0.0 -3360.0 83 -11 0.0 0.0 672
1530.0 274.2010000000001 16 1770.0 -240.0 80 -62 92.28900000000002 73.78600000000002 16
-3185.0 39.739 2 90.0 -3275.0 81 -13 4.548 3.1270000000000007 655
-3155.0 57.28199999999998 3 150.0 -3275.0 81 -12 17.688 6.121 655
-3205.0 26.576999999999998 1 30.0 -3235.0 80 -8 0.0 0.0 647
-3215.0 32.937 1 60.0 -3275.0 81 -11 1.4550000000000005 2.0029999999999992 655
1140.0 279.282 21 1380.0 -240.0 80 -73 83.29899999999996 47.138 16
895.0 233.234 14 1890.0 -995.0 82 -53 80.38000000000001 67.292 199
1290.0 236.46899999999994 18 1530.0 -240.0 80 -57 76.08999999999997 63.647 16
-105.0 135.98399999999998 11 1170.0 -1275.0 85 -33 41.027999999999984 31.512999999999987 255
-3185.0 44.22099999999999 1 90.0 -3275.0 81 -13 5.289999999999999 3.416999999999999 655
-3275.0 19.341999999999995 0 0.0 -3275.0 81 -7 0.0 0.0 655
-3440.0 48.86499999999998 0 0.0 -3440.0 86 -12 0.0 0.0 688
0.0 11.638999999999994 0 0.0 0.0 0 -4 0.0 0.0 0
0.0 9.670999999999994 0 0.0 0.0 0 -4 0.0 0.0 0
0.0 10.257999999999997 0 0.0 0.0 0 -4 0.0 0.0 0
1500.0 274.272 19 1740.0 -255.0 81 -70 77.15199999999999 67.563 19
-3095.0 48.657 2 180.0 -3275.0 81 -12 9.163999999999998 8.130999999999998 655
-3175.0 32.845 1 60.0 -3235.0 80 -9 2.6600000000000006 4.784000000000001 647
30.0 24.993999999999993 1 30.0 0.0 0 -6 7.708000000000003 2.9770000000000003 0
60.0 24.802000000000003 1 60.0 0.0 0 -6 9.730000000000002 1.8479999999999999 0
-3125.0 88.35799999999998 3 150.0 -3290.0 82 -18 33.36499999999999 10.846999999999996 658
-3330.0 46.135 1 30.0 -3365.0 83 -11 5.096 1.058 673
-3230.0 71.11599999999997 1 90.0 -3320.0 83 -17 19.220999999999997 2.088 664
-3270.0 46.40399999999997 1 90.0 -3360.0 83 -12 7.247999999999997 3.0929999999999995 672
-3310.0 50.21799999999998 1 90.0 -3400.0 85 -14 0.9420000000000001 3.757999999999999 680
345.0 206.84699999999998 15 1590.0 -1245.0 83 -59 60.443 52.812000000000005 249
-3270.0 90.20799999999994 1 90.0 -3360.0 83 -18 27.386999999999976 4.2719999999999985 672
0.0 9.175999999999997 0 0.0 0.0 0 -4 0.0 0.0 0
-3360.0 46.339999999999975 0 0.0 -3360.0 83 -14 0.0 0.0 672
-3185.0 35.083999999999996 1 90.0 -3275.0 81 -12 0.916 3.929999999999999 655
-3185.0 35.443 1 90.0 -3275.0 81 -11 3.481 2.834999999999999 655
-3300.0 58.19999999999995 1 60.0 -3360.0 83 -11 15.80299999999999 5.374 672
1230.0 247.91199999999992 21 1470.0 -240.0 80 -58 85.58299999999996 57.52999999999999 16
-3440.0 50.514999999999986 0 0.0 -3440.0 86 -12 0.0 0.0 688
-3370.0 56.50699999999999 1 30.0 -3430.0 87 -12 6.967999999999996 1.5679999999999998 686
-3290.0 44.105000000000004 1 30.0 -3320.0 83 -12 2.725 1.1670000000000003 664
730.0 260.3759999999999 16 1350.0 -620.0 82 -63 85.46599999999997 50.07600000000001 124
-3215.0 36.77499999999999 1 60.0 -3275.0 81 -10 4.650999999999999 2.193 655
80.0 210.34300000000007 15 1050.0 -970.0 80 -52 72.566 47.802 194
450.0 203.703 15 1080.0 -630.0 84 -49 67.14300000000001 54.402000000000015 126
150.0 38.13699999999998 2 150.0 0.0 0 -8 15.969000000000001 5.372999999999999 0
-690.0 116.62399999999995 11 570.0 -1260.0 84 -27 44.609999999999985 24.610999999999997 252
-3440.0 48.511 0 0.0 -3440.0 86 -12 0.0 0.0 688
-3360.0 49.38999999999997 0 0.0 -3360.0 83 -14 0.0 0.0 672
90.0 22.497999999999998 2 90.0 0.0 0 -4 6.467999999999996 7.242999999999997 0
-3240.0 91.99699999999996 2 120.0 -3360.0 83 -20 32.21899999999997 3.1270000000000007 672
-3240.0 85.89899999999997 1 120.0 -3360.0 83 -16 29.72000000000001 4.487999999999999 672
2280.0 316.1139999999999 15 2520.0 -240.0 80 -68 113.38200000000005 90.73099999999997 16
-3260.0 57.38699999999998 1 60.0 -3320.0 83 -17 5.041999999999997 2.685 664
-3290.0 43.392999999999994 1 30.0 -3320.0 83 -12 2.723 1.5170000000000001 664
-3025.0 54.123999999999995 3 210.0 -3245.0 80 -13 16.721999999999994 7.599999999999998 649
-3025.0 60.46699999999998 3 210.0 -3235.0 80 -15 22.706000000000007 6.2829999999999995 647
1435.0 225.61500000000004 16 2040.0 -610.0 80 -57 81.862 69.59099999999998 122
0.0 9.464999999999996 0 0.0 0.0 0 -4 0.0 0.0 0
0.0 9.813999999999995 0 0.0 0.0 0 -4 0.0 0.0 0
-3480.0 53.86899999999999 0 0.0 -3480.0 86 -13 0.0 0.0 696
-3400.0 44.66099999999999 0 0.0 -3400.0 85 -11 0.0 0.0 680
-3180.0 51.753 1 180.0 -3360.0 83 -14 10.324999999999996 1.265 672
-3300.0 61.03199999999997 1 60.0 -3360.0 83 -11 15.172999999999996 7.079999999999998 672
-3120.0 43.24599999999999 1 240.0 -3360.0 83 -13 2.251 4.894000000000001 672
60.0 31.135 1 60.0 0.0 0 -7 11.099999999999996 2.7159999999999997 0
-3245.0 34.815 1 30.0 -3275.0 81 -9 3.1730000000000005 1.838 655
-3275.0 21.861999999999995 0 0.0 -3275.0 81 -8 0.0 0.0 655
-285.0 165.5449999999999 10 990.0 -1275.0 85 -41 49.533999999999985 31.712000000000003 255
-3125.0 54.19299999999997 3 150.0 -3275.0 81 -16 11.266999999999996 5.212 655
-3215.0 35.411999999999985 1 60.0 -3275.0 81 -11 2.725 2.8649999999999998 655
710.0 234.48899999999995 14 1680.0 -970.0 80 -53 88.43899999999996 62.33999999999998 194
-3175.0 61.16699999999998 1 60.0 -3235.0 80 -14 21.152999999999995 2.142 647
0.0 9.151 0 0.0 0.0 0 -4 0.0 0.0 0
-3440.0 47.983 0 0.0 -3440.0 86 -12 0.0 0.0 688
-3440.0 52.460999999999984 0 0.0 -3440.0 86 -12 0.0 0.0 688
-3080.0 80.22299999999996 1 240.0 -3320.0 83 -16 29.478000000000005 7.242999999999997 664
490.0 210.58199999999994 11 1470.0 -980.0 81 -53 58.47399999999999 52.52 196
2040.0 231.779 18 2280.0 -255.0 85 -64 68.711 72.415 17
-3260.0 76.36599999999996 1 60.0 -3320.0 83 -17 22.010999999999992 1.613999999999999 664
-3270.0 84.33499999999997 1 90.0 -3360.0 83 -18 29.45199999999997 1.2630000000000001 672
-3170.0 88.34699999999994 2 150.0 -3320.0 83 -19 30.78599999999998 5.1690000000000005 664
860.0 220.566 18 1470.0 -610.0 81 -63 61.320999999999984 42.047 122
-3245.0 27.751999999999992 1 30.0 -3275.0 81 -9 0.0 0.0 655
1260.0 298.197 19 2040.0 -780.0 84 -63 112.063 80.508 156
1530.0 271.5689999999999 22 1770.0 -245.0 80 -70 94.07699999999996 66.392 17
-3240.0 73.25299999999997 3 120.0 -3360.0 83 -17 13.057999999999996 8.188 672
-3155.0 40.746999999999986 1 120.0 -3275.0 81 -12 3.8829999999999996 4.507999999999998 655
-960.0 115.95599999999996 5 330.0 -1290.0 86 -26 30.545999999999996 9.123999999999999 258
0.0 11.585000000000006 0 0.0 0.0 0 -4 0.0 0.0 0
-3260.0 39.88799999999999 1 60.0 -3320.0 83 -10 2.525 4.894000000000001 664
-3215.0 43.64399999999999 2 150.0 -3275.0 81 -11 7.384999999999998 7.031000000000001 655
445.0 183.22799999999995 10 1440.0 -995.0 82 -45 43.047 57.406 199
-3360.0 49.16199999999997 0 0.0 -3360.0 83 -14 0.0 0.0 672
-75.0 187.75299999999993 13 1200.0 -1275.0 85 -44 60.614999999999995 43.784 255
-3360.0 39.90899999999999 0 0.0 -3360.0 83 -10 0.0 0.0 672
-3145.0 44.38999999999999 2 90.0 -3235.0 80 -13 9.970999999999997 3.0260000000000002 647
-3360.0 35.713 0 0.0 -3360.0 83 -9 0.0 0.0 672
-3185.0 53.548999999999985 2 90.0 -3275.0 81 -12 13.125 4.967999999999999 655
-3260.0 59.274 1 60.0 -3320.0 83 -15 12.904 2.485 664
955.0 199.87099999999998 15 1590.0 -635.0 84 -60 54.065999999999995 50.506 127
-3360.0 47.37799999999996 0 0.0 -3360.0 83 -14 0.0 0.0 672
-3300.0 77.34199999999996 1 60.0 -3360.0 83 -17 23.541999999999998 1.8979999999999997 672
-3125.0 93.99699999999997 3 150.0 -3275.0 81 -20 35.793 4.582 655
735.0 271.276 15 1980.0 -1275.0 83 -64 90.56099999999998 71.07800000000002 255
-3170.0 39.01899999999999 2 150.0 -3320.0 83 -13 5.510999999999999 3.1949999999999994 664
-3085.0 89.95499999999998 2 150.0 -3235.0 80 -17 39.85499999999999 9.023999999999997 647
-3170.0 91.78099999999995 3 150.0 -3320.0 83 -22 32.107999999999976 4.993 664
-3320.0 27.11099999999999 0 0.0 -3320.0 83 -8 0.0 0.0 664
-3360.0 46.385999999999996 0 0.0 -3360.0 83 -14 0.0 0.0 672
240.0 214.62199999999996 17 1260.0 -1020.0 85 -59 66.17299999999997 39.275 204
-3245.0 31.357999999999993 1 30.0 -3275.0 81 -9 1.8479999999999999 2.9070000000000005 655
-3320.0 32.17699999999999 0 0.0 -3320.0 83 -10 0.0 0.0 664
0.0 10.946999999999992 0 0.0 0.0 0 -4 0.0 0.0 0
-3300.0 66.45899999999997 1 60.0 -3380.0 84 -16 14.689 2.088 676
-460.0 143.305 11 1200.0 -1660.0 83 -39 50.16099999999999 32.535999999999994 332
-125.0 141.94699999999995 11 870.0 -995.0 82 -37 43.26999999999998 26.156 199
-3440.0 53.80099999999998 0 0.0 -3440.0 86 -12 0.0 0.0 688
-3055.0 56.59399999999999 2 180.0 -3270.0 82 -14 9.127999999999997 13.455999999999992 654
0.0 10.892999999999994 0 0.0 0.0 0 -4 0.0 0.0 0
1650.0 333.22999999999996 25 1890.0 -240.0 80 -79 113.03299999999997 76.30199999999999 16
-3300.0 78.91299999999995 1 60.0 -3360.0 83 -17 26.952999999999985 1.569 672
0.0 9.511999999999997 0 0.0 0.0 0 -4 0.0 0.0 0
-3200.0 55.77099999999997 1 120.0 -3320.0 83 -15 10.204999999999991 3.6360000000000006 664
-3300.0 60.04299999999998 1 60.0 -3360.0 83 -13 15.221999999999996 1.4080000000000001 672
-3185.0 46.79699999999998 2 90.0 -3295.0 82 -11 11.110999999999994 2.5240000000000005 659
-3080.0 58.483999999999995 2 240.0 -3360.0 85 -16 10.960999999999997 6.205 672
-3170.0 87.79499999999997 2 150.0 -3320.0 83 -19 30.096999999999987 6.834999999999997 664
-3145.0 29.620999999999995 1 90.0 -3235.0 80 -10 0.0 0.0 647
-3085.0 51.044 2 150.0 -3235.0 80 -15 10.382000000000005 5.649999999999999 647
-3330.0 57.07599999999998 1 30.0 -3360.0 83 -16 3.2479999999999998 2.9770000000000003 672
1440.0 283.99299999999994 20 1680.0 -240.0 80 -58 112.08299999999998 71.93499999999999 16
-3245.0 45.74199999999998 1 30.0 -3275.0 81 -13 1.753 1.1020000000000003 655
1120.0 292.525 14 2100.0 -980.0 81 -69 101.66700000000002 78.65500000000002 196
-3260.0 50.690999999999995 1 60.0 -3320.0 83 -13 12.926 1.7349999999999997 664
-3205.0 27.566999999999993 1 30.0 -3235.0 80 -9 4.067999999999999 0.7700000000000001 647
0.0 10.369999999999996 0 0.0 0.0 0 -4 0.0 0.0 0
0.0 10.123000000000001 0 0.0 0.0 0 -4 0.0 0.0 0
-3360.0 50.38199999999998 0 0.0 -3360.0 83 -14 0.0 0.0 672
-2945.0 58.735 1 330.0 -3275.0 81 -15 12.924999999999999 12.232999999999992 655
-3310.0 107.87600000000003 1 90.0 -3400.0 85 -22 34.322999999999986 5.1049999999999995 680
-3260.0 46.78999999999998 2 60.0 -3320.0 83 -13 5.096 1.1080000000000003 664
-3230.0 60.682 2 90.0 -3320.0 83 -15 9.976999999999999 5.715000000000001 664
90.0 15.105999999999991 1 90.0 0.0 0 -5 3.4569999999999985 2.0029999999999992 0
-3245.0 44.01799999999998 1 30.0 -3275.0 81 -9 13.747999999999992 2.725 655
-3085.0 42.130999999999986 2 150.0 -3235.0 80 -12 9.749 5.527000000000001 647
-3270.0 30.699999999999985 2 90.0 -3360.0 83 -7 10.702000000000002 6.063999999999998 672
-3155.0 41.172 2 120.0 -3275.0 81 -14 7.749 1.1080000000000005 655
-3170.0 95.11499999999995 2 150.0 -3320.0 83 -19 36.49099999999997 9.384999999999998 664
120.0 10.239 1 120.0 0.0 0 -4 2.6600000000000006 1.211 0
-3125.0 37.92299999999999 2 150.0 -3290.0 82 -9 8.293 7.606999999999998 658
-3210.0 63.32599999999999 1 150.0 -3360.0 83 -15 11.696999999999994 4.5329999999999995 672
0.0 11.969999999999994 0 0.0 0.0 0 -4 0.0 0.0 0
-3320.0 42.26599999999998 0 0.0 -3320.0 83 -13 0.0 0.0 664
-3275.0 28.859999999999996 0 0.0 -3275.0 81 -9 0.0 0.0 655
-3230.0 57.37799999999999 2 90.0 -3320.0 83 -15 5.714000000000001 5.193000000000001 664
-3360.0 38.29099999999999 0 0.0 -3360.0 83 -10 0.0 0.0 672
655.0 169.71599999999998 15 1290.0 -635.0 84 -40 60.85799999999999 46.45899999999998 127
0.0 11.594999999999994 0 0.0 0.0 0 -4 0.0 0.0 0
935.0 185.21400000000003 14 1710.0 -775.0 83 -43 60.367 71.25399999999999 155
1230.0 254.76300000000003 18 1470.0 -240.0 80 -62 76.00699999999999 49.578999999999986 16
-3360.0 63.07299999999998 0 0.0 -3360.0 83 -18 0.0 0.0 672
0.0 9.278999999999996 0 0.0 0.0 0 -4 0.0 0.0 0
-3320.0 45.29199999999997 0 0.0 -3320.0 83 -13 0.0 0.0 664
260.0 161.79499999999993 12 870.0 -610.0 81 -39 49.09599999999999 33.74699999999999 122
60.0 12.373999999999999 1 60.0 0.0 0 -4 1.753 2.4309999999999996 0
1530.0 322.28 20 1770.0 -240.0 80 -76 109.17900000000002 65.54499999999999 16
-3115.0 68.62299999999998 2 120.0 -3235.0 80 -22 9.332 3.536 647
-3370.0 51.04399999999998 1 30.0 -3400.0 85 -11 2.9100000000000006 3.991 680
0.0 10.709999999999996 0 0.0 0.0 0 -4 0.0 0.0 0
-165.0 191.8419999999999 10 1110.0 -1275.0 85 -51 46.58299999999999 38.62799999999999 255
-3215.0 75.63999999999996 2 60.0 -3275.0 81 -15 25.28199999999999 4.6659999999999995 655
-3320.0 33.73299999999999 0 0.0 -3320.0 83 -10 0.0 0.0 664
-3145.0 28.552999999999994 2 90.0 -3235.0 80 -8 5.096 5.142999999999998 647
-3320.0 33.51699999999999 0 0.0 -3320.0 83 -9 0.0 0.0 664
0.0 11.275000000000004 0 0.0 0.0 0 -4 0.0 0.0 0
-3320.0 82.16699999999997 1 420.0 -3320.0 83 -14 30.851999999999983 16.50799999999999 664
-3320.0 31.222999999999992 0 0.0 -3320.0 83 -10 0.0 0.0 664
-3125.0 75.69599999999998 3 210.0 -3275.0 81 -14 25.458 11.375999999999998 655
700.0 170.955 16 1320.0 -620.0 82 -48 46.54799999999999 31.019 124
-3095.0 81.01199999999996 3 180.0 -3275.0 81 -17 32.823999999999984 7.664999999999999 655
-2665.0 53.626999999999995 2 570.0 -3235.0 80 -17 14.71 12.254999999999997 647
-3215.0 29.048999999999996 1 60.0 -3275.0 81 -11 1.753 1.1920000000000002 655
-3230.0 51.59499999999999 1 90.0 -3320.0 83 -14 6.467999999999996 2.4419999999999993 664
90.0 15.297 1 90.0 -3330.0 83 -5 2.6600000000000006 4.343999999999999 666
1740.0 279.50299999999993 20 1980.0 -240.0 80 -72 78.52099999999999 66.39099999999999 16
-3360.0 37.669 0 0.0 -3360.0 83 -11 0.0 0.0 672
-3400.0 42.58699999999998 0 0.0 -3400.0 85 -11 0.0 0.0 680
-3480.0 54.06299999999999 0 0.0 -3480.0 86 -13 0.0 0.0 696
0.0 10.682000000000002 0 0.0 0.0 0 -4 0.0 0.0 0
-3170.0 43.053999999999995 1 150.0 -3345.0 84 -12 5.365999999999997 3.3609999999999993 669
0.0 10.064999999999998 0 0.0 0.0 0 -4 0.0 0.0 0
225.0 221.92 12 1500.0 -1275.0 85 -47 66.53000000000002 50.255999999999965 255
-3215.0 33.135999999999996 1 60.0 -3275.0 81 -9 6.967999999999996 1.4789999999999994 655
165.0 213.63599999999994 12 1410.0 -1270.0 86 -49 65.16399999999997 52.21600000000001 254
-465.0 144.77199999999993 12 810.0 -1275.0 85 -40 45.76899999999999 33.06099999999999 255
-3065.0 66.39099999999996 1 210.0 -3275.0 81 -15 17.910999999999994 6.310999999999997 655
795.0 201.1709999999999 14 1050.0 -255.0 85 -45 86.424 33.22699999999999 17
-3290.0 55.54899999999997 1 30.0 -3320.0 83 -16 6.332999999999999 1.1730000000000005 664
-3230.0 85.00699999999998 2 120.0 -3320.0 83 -16 29.49699999999999 7.381999999999998 664
-3400.0 44.748999999999995 0 0.0 -3400.0 85 -11 0.0 0.0 680
-3480.0 54.21899999999998 0 0.0 -3480.0 86 -13 0.0 0.0 696
-3270.0 66.51299999999995 1 90.0 -3360.0 83 -13 17.43999999999998 4.784000000000001 672
-105.0 142.05099999999996 11 1170.0 -1275.0 85 -42 29.982999999999993 26.869 255
0.0 9.986999999999997 0 0.0 0.0 0 -4 0.0 0.0 0
0.0 11.230999999999995 0 0.0 0.0 0 -4 0.0 0.0 0
-1080.0 111.66299999999998 8 600.0 -1680.0 83 -32 27.31499999999999 13.676999999999998 336
-3300.0 28.114999999999988 2 60.0 -3360.0 83 -6 9.908 4.26 672
830.0 251.82799999999995 18 1440.0 -610.0 81 -63 81.32899999999998 45.94799999999999 122
-3170.0 55.12099999999999 3 150.0 -3320.0 83 -16 9.860999999999995 5.960999999999999 664
1580.0 247.16599999999997 16 2190.0 -610.0 81 -61 74.48599999999999 74.87199999999999 122
-3360.0 51.75599999999996 0 0.0 -3360.0 83 -14 0.0 0.0 672
-3260.0 52.02899999999999 1 60.0 -3320.0 83 -14 7.8119999999999985 1.6570000000000003 664
1200.0 265.17199999999997 15 1830.0 -630.0 84 -68 72.63999999999999 60.43299999999996 126
1410.0 273.04200000000003 17 1650.0 -240.0 80 -69 98.55700000000002 47.80499999999999 16
2700.0 374.84500000000014 17 2940.0 -240.0 80 -83 125.52800000000003 113.871 16
-3035.0 53.89099999999998 2 240.0 -3275.0 81 -17 7.146999999999997 6.117000000000001 655
-3215.0 32.70499999999999 1 60.0 -3275.0 81 -11 4.067999999999999 2.4939999999999993 655
1530.0 204.87799999999993 18 1770.0 -240.0 80 -56 67.33999999999999 55.011999999999986 16
-3230.0 59.83499999999998 3 150.0 -3320.0 83 -16 11.852999999999996 6.449 664
-3155.0 77.32699999999996 1 120.0 -3275.0 81 -17 23.10999999999999 4.2940000000000005 655
-465.0 117.53899999999997 11 810.0 -1275.0 85 -31 41.529999999999994 25.988 255
-3320.0 35.318999999999996 0 0.0 -3320.0 83 -9 0.0 0.0 664
-3155.0 31.883999999999986 1 120.0 -3290.0 82 -10 0.0 0.0 658
-3290.0 69.88599999999995 1 30.0 -3320.0 83 -15 18.997999999999987 1.088 664
680.0 195.13 18 1290.0 -610.0 81 -54 47.287 35.16200000000001 122
0.0 10.957999999999995 0 0.0 0.0 0 -4 0.0 0.0 0
135.0 202.94599999999997 9 1440.0 -1305.0 86 -51 41.862999999999985 48.33600000000002 261
-3260.0 53.762999999999984 1 60.0 -3320.0 83 -12 15.882999999999997 1.753 664
0.0 11.690999999999997 0 0.0 0.0 0 -4 0.0 0.0 0
0.0 177.18499999999997 9 1260.0 -1260.0 84 -43 49.553999999999995 57.07100000000001 252
-3185.0 41.44799999999999 1 90.0 -3275.0 81 -13 2.6600000000000006 4.343999999999999 655
530.0 193.04000000000002 15 1140.0 -610.0 81 -49 56.74799999999998 38.769 122
-3440.0 51.83899999999998 0 0.0 -3440.0 86 -12 0.0 0.0 688
-3400.0 47.638999999999996 0 0.0 -3400.0 85 -11 0.0 0.0 680
-3400.0 55.73599999999997 0 0.0 -3400.0 85 -15 0.0 0.0 680
-3215.0 27.823999999999987 1 60.0 -3295.0 83 -9 3.481 0.7710000000000001 659
-3340.0 67.499 1 60.0 -3400.0 85 -14 15.564999999999994 0.7710000000000001 680
1110.0 289.979 16 1350.0 -240.0 80 -71 86.756 45.90399999999999 16
2010.0 347.91899999999987 22 2250.0 -240.0 80 -92 100.60299999999995 73.24799999999999 16
-3145.0 41.864999999999995 2 90.0 -3235.0 80 -11 9.940999999999995 5.231999999999998 647
1710.0 271.1349999999998 19 1950.0 -240.0 80 -68 80.84399999999995 77.625 16
-3155.0 88.38099999999994 2 120.0 -3275.0 81 -19 31.632999999999996 4.48 655
625.0 231.29100000000003 11 1620.0 -995.0 82 -54 76.629 58.439000000000014 199
1410.0 239.92300000000003 18 1650.0 -240.0 80 -63 80.55499999999999 60.75499999999999 16
1180.0 235.464 16 1800.0 -620.0 82 -62 66.13799999999998 51.95499999999997 124
-3290.0 46.15899999999999 1 30.0 -3320.0 83 -12 4.225999999999998 1.7630000000000003 664
-3300.0 86.38799999999996 1 60.0 -3360.0 83 -18 27.494000000000003 1.8210000000000004 672
-3230.0 71.58499999999997 1 90.0 -3320.0 83 -16 21.800999999999988 2.8239999999999985 664
-3400.0 55.151999999999994 1 90.0 -3400.0 85 -12 7.711 2.566 680
-3400.0 52.847999999999985 1 30.0 -3400.0 85 -11 1.8479999999999999 3.9370000000000003 680
0.0 10.285000000000002 0 0.0 0.0 0 -4 0.0 0.0 0
0.0 11.415999999999988 0 0.0 0.0 0 -4 0.0 0.0 0
-3360.0 58.93299999999998 0 0.0 -3360.0 83 -18 0.0 0.0 672
-3320.0 30.974999999999994 0 0.0 -3320.0 83 -10 0.0 0.0 664
-3215.0 33.83399999999999 1 60.0 -3275.0 81 -11 6.032999999999998 1.054 655
-3330.0 90.68299999999992 1 30.0 -3360.0 83 -18 21.95099999999997 6.362999999999999 672
1190.0 231.36999999999995 17 1800.0 -610.0 81 -57 65.27599999999998 64.176 122
-3240.0 111.269 1 120.0 -3395.0 85 -20 33.15899999999999 10.300999999999993 679
-3340.0 55.02099999999998 1 60.0 -3400.0 85 -13 7.759999999999997 1.8680000000000003 680
-3260.0 44.70599999999999 1 60.0 -3320.0 83 -13 3.8030000000000004 1.849 664
1215.0 255.75699999999995 17 1860.0 -645.0 86 -57 88.34900000000002 59.470000000000006 129
-3300.0 77.42499999999994 2 90.0 -3360.0 83 -15 24.333999999999985 5.513 672
-3260.0 49.10499999999999 2 60.0 -3320.0 83 -14 2.133 4.911000000000001 664
-3230.0 40.16599999999999 1 90.0 -3320.0 83 -11 4.9259999999999975 3.4289999999999985 664
-3240.0 101.26799999999994 3 240.0 -3360.0 83 -19 33.341999999999985 10.424 672
1680.0 272.00599999999986 18 1920.0 -240.0 80 -68 77.832 72.39099999999999 16
-3320.0 52.196999999999974 0 0.0 -3320.0 83 -17 0.0 0.0 664
-3370.0 91.51099999999994 1 30.0 -3400.0 85 -17 29.089999999999986 1.2630000000000003 680
-60.0 138.32600000000002 9 1200.0 -1260.0 84 -31 52.00400000000002 45.475999999999985 252
0.0 9.093999999999994 0 0.0 0.0 0 -4 0.0 0.0 0
0.0 11.004999999999992 0 0.0 0.0 0 -4 0.0 0.0 0
-3340.0 67.98599999999999 1 60.0 -3400.0 85 -15 15.734000000000002 1.867 680
-3245.0 36.43699999999999 1 30.0 -3275.0 81 -10 5.505999999999999 2.058 655
255.0 187.47399999999996 13 1500.0 -1245.0 83 -49 62.45300000000002 47.204999999999984 249
-830.0 141.36800000000005 8 870.0 -1700.0 85 -34 40.630000000000024 25.67699999999999 340
-3185.0 42.012 1 90.0 -3275.0 81 -12 3.757999999999999 2.748 655
685.0 237.05100000000002 15 1680.0 -995.0 82 -49 87.54 71.75699999999998 199
-3300.0 53.17600000000001 1 60.0 -3360.0 83 -14 8.052 1.5020000000000002 672
0.0 9.865000000000002 0 0.0 0.0 0 -4 0.0 0.0 0
-3215.0 43.78199999999999 2 60.0 -3290.0 83 -11 9.573999999999998 2.668 658
-3260.0 51.68399999999998 1 60.0 -3320.0 83 -15 5.041999999999997 1.4879999999999998 664
-3360.0 51.531999999999954 0 0.0 -3360.0 83 -14 0.0 0.0 672
-3320.0 40.36999999999998 0 0.0 -3320.0 83 -13 0.0 0.0 664
225.0 148.33499999999998 13 1230.0 -1005.0 83 -45 36.28399999999999 33.13399999999999 201
195.0 255.75199999999998 16 1470.0 -1275.0 85 -55 92.002 61.898999999999994 255
-3330.0 47.44199999999997 1 30.0 -3360.0 83 -11 3.757999999999999 1.2860000000000003 672
-3205.0 35.020999999999994 1 30.0 -3235.0 80 -10 3.757999999999999 3.3469999999999995 647
-3185.0 46.55699999999998 1 90.0 -3275.0 81 -13 3.757999999999999 3.427 655
-435.0 173.291 12 840.0 -1275.0 85 -45 39.01999999999999 24.274 255
1200.0 268.85499999999996 16 1830.0 -630.0 84 -58 102.88700000000001 87.67399999999998 126
885.0 239.171 13 2160.0 -1275.0 85 -58 78.15499999999996 84.03099999999999 255
-3320.0 42.13799999999998 0 0.0 -3320.0 83 -13 0.0 0.0 664
-3275.0 23.416999999999994 0 0.0 -3275.0 81 -7 0.0 0.0 655
-3055.0 51.278999999999996 2 180.0 -3235.0 80 -15 6.636000000000001 8.992999999999999 647
-3155.0 57.483 2 120.0 -3275.0 81 -14 15.157000000000004 5.666999999999999 655
-3005.0 83.55099999999996 2 270.0 -3275.0 81 -17 33.400999999999996 7.163999999999999 655
-3115.0 77.88799999999996 2 120.0 -3235.0 80 -18 33.86699999999999 4.629999999999999 647
-3410.0 61.63299999999998 1 30.0 -3440.0 86 -14 3.5360000000000005 3.8030000000000004 688
-3115.0 46.309999999999995 3 120.0 -3235.0 80 -10 11.971000000000002 12.573999999999998 647
840.0 214.16899999999998 15 1620.0 -780.0 84 -58 52.853 72.916 156
-3410.0 62.16199999999999 1 30.0 -3460.0 88 -13 11.360999999999999 1.058 692
1190.0 199.94999999999996 15 1680.0 -490.0 81 -51 57.80999999999999 53.96199999999998 49
2280.0 355.97499999999997 19 2520.0 -240.0 80 -88 113.95099999999998 63.14899999999998 16
-3215.0 73.92699999999996 1 60.0 -3275.0 81 -15 25.946999999999992 2.9689999999999976 655
-3200.0 93.49299999999992 2 120.0 -3320.0 83 -19 31.407999999999966 5.327 664
-3360.0 34.64199999999998 0 0.0 -3360.0 83 -9 0.0 0.0 672
0.0 11.024999999999995 0 0.0 0.0 0 -4 0.0 0.0 0
0.0 11.197999999999992 0 0.0 0.0 0 -4 0.0 0.0 0
-3400.0 52.67599999999998 0 0.0 -3400.0 85 -15 0.0 0.0 680
-3065.0 53.88599999999999 3 210.0 -3275.0 81 -17 12.002999999999997 3.71 655
-3155.0 65.47799999999998 2 120.0 -3275.0 81 -13 21.867999999999984 4.583 655
-3215.0 31.561 1 60.0 -3275.0 81 -10 2.6600000000000006 2.9770000000000003 655
-3260.0 83.755 1 60.0 -3320.0 83 -17 29.72000000000001 1.53 664
1210.0 257.7939999999999 16 1830.0 -620.0 82 -59 94.07499999999996 71.59899999999998 124
-3275.0 28.720999999999993 0 0.0 -3275.0 81 -9 0.0 0.0 655
-3155.0 72.85199999999996 2 150.0 -3275.0 81 -13 29.36899999999998 4.237 655
-150.0 191.084 12 1110.0 -1260.0 84 -45 59.837999999999994 44.87599999999998 252
-405.0 171.27300000000002 13 840.0 -1245.0 83 -45 58.758999999999986 32.148 249
0.0 11.406999999999993 0 0.0 0.0 0 -4 0.0 0.0 0
-3320.0 33.455 0 0.0 -3320.0 83 -10 0.0 0.0 664
-3300.0 45.221999999999994 1 60.0 -3360.0 83 -14 0.7300000000000001 2.9780000000000006 672
-3230.0 69.60899999999998 2 90.0 -3320.0 83 -14 21.82799999999999 5.695 664
-3320.0 33.32499999999999 0 0.0 -3320.0 83 -9 0.0 0.0 664
0.0 10.072 0 0.0 0.0 0 -4 0.0 0.0 0
535.0 166.838 14 1170.0 -635.0 84 -39 59.539999999999985 44.94399999999999 127
-3275.0 38.42799999999998 0 0.0 -3275.0 81 -12 0.0 0.0 655
-3400.0 47.447 0 0.0 -3400.0 85 -11 0.0 0.0 680
355.0 198.19699999999995 15 990.0 -635.0 84 -49 53.396 34.75900000000001 127
1860.0 261.01699999999994 18 2100.0 -240.0 80 -69 53.71399999999999 72.92599999999999 16
-3275.0 22.917999999999996 0 0.0 -3275.0 81 -8 0.0 0.0 655
-3320.0 40.98999999999998 0 0.0 -3320.0 83 -13 0.0 0.0 664
-3115.0 73.18899999999996 2 120.0 -3235.0 80 -15 30.353999999999974 3.4849999999999994 647
-3215.0 38.18299999999999 1 60.0 -3275.0 81 -12 3.8030000000000004 1.207 655
960.0 250.14199999999994 21 1230.0 -240.0 80 -57 90.58699999999996 44.53199999999999 16
-2965.0 87.33099999999996 5 270.0 -3235.0 80 -20 31.589999999999982 11.975999999999999 647
-3400.0 56.00599999999997 0 0.0 -3400.0 85 -15 0.0 0.0 680
-150.0 203.20799999999994 13 1140.0 -1290.0 86 -49 55.355999999999995 36.373999999999995 258
285.0 185.345 11 1560.0 -1275.0 85 -42 70.299 63.12799999999999 255
-3055.0 63.74999999999995 3 180.0 -3235.0 80 -15 25.502999999999993 7.289999999999999 647
0.0 10.360000000000003 0 0.0 0.0 0 -4 0.0 0.0 0
-3170.0 51.03599999999999 2 150.0 -3320.0 83 -13 11.958999999999994 5.184000000000001 664
-3320.0 41.76499999999999 1 90.0 -3320.0 83 -11 4.225999999999998 3.576 664
-3300.0 83.82699999999996 1 60.0 -3360.0 83 -17 28.983999999999977 2.841 672
-3260.0 47.434 1 60.0 -3320.0 83 -13 7.638000000000001 4.002999999999999 664
-3010.0 80.42799999999995 1 390.0 -3400.0 85 -20 13.275999999999987 12.048 680
-3215.0 34.64999999999999 1 60.0 -3275.0 81 -11 0.0 0.0 655
-3360.0 51.68199999999998 0 0.0 -3360.0 83 -14 0.0 0.0 672
830.0 201.205 12 1440.0 -610.0 81 -47 65.97700000000003 48.988999999999955 122
-3230.0 53.88999999999998 1 90.0 -3320.0 83 -14 9.722999999999997 3.725999999999999 664
0.0 10.836000000000002 0 0.0 0.0 0 -4 0.0 0.0 0
0.0 11.450999999999993 0 0.0 0.0 0 -4 0.0 0.0 0
-3260.0 83.36899999999997 1 60.0 -3320.0 83 -17 30.552000000000003 1.53 664
-3270.0 78.93599999999998 1 90.0 -3360.0 83 -16 26.89899999999999 1.753 672
-90.0 167.558 15 1170.0 -1260.0 84 -45 58.874 39.304 252
-3275.0 22.406999999999996 0 0.0 -3275.0 81 -7 0.0 0.0 655
-3360.0 37.93699999999999 0 0.0 -3360.0 83 -10 0.0 0.0 672
-3200.0 48.81799999999999 2 120.0 -3320.0 83 -14 12.396000000000003 3.6029999999999998 664
-2755.0 67.15199999999999 2 480.0 -3235.0 80 -16 16.993 20.46800000000001 647
0.0 9.079999999999997 0 0.0 0.0 0 -4 0.0 0.0 0
-3020.0 97.33299999999993 3 300.0 -3330.0 84 -21 35.79599999999998 11.113999999999995 666
-3330.0 46.275000000000006 1 30.0 -3360.0 83 -12 2.196 1.3189999999999997 672
-3370.0 89.08399999999996 1 30.0 -3400.0 85 -18 28.93799999999999 0.792 680
-3230.0 43.027999999999984 1 90.0 -3320.0 83 -13 0.916 4.54 664
-3330.0 77.89699999999992 1 30.0 -3360.0 83 -16 26.699999999999967 1.477 672
-75.0 182.78699999999998 7 1200.0 -1275.0 85 -44 33.693999999999996 50.559000000000005 255
-3170.0 50.259999999999984 2 150.0 -3320.0 83 -14 7.995000000000001 5.556 664
60.0 11.176999999999996 1 60.0 0.0 0 -4 1.753 1.424 0
150.0 34.204999999999984 2 150.0 0.0 0 -8 13.229 4.1160000000000005 0
-3275.0 30.33899999999999 0 0.0 -3275.0 81 -9 0.0 0.0 655
-3025.0 74.60099999999998 4 210.0 -3235.0 80 -17 23.985999999999997 9.451 647
-3125.0 44.15999999999999 2 150.0 -3295.0 83 -11 6.824999999999997 5.415999999999999 659
-3185.0 61.773999999999965 1 90.0 -3275.0 81 -14 19.33599999999999 4.538000000000001 655
1285.0 231.92300000000003 15 1920.0 -635.0 84 -55 86.57100000000003 72.93099999999998 127
-3140.0 80.58399999999995 2 180.0 -3335.0 84 -19 24.170999999999985 3.995 667
-3440.0 50.606999999999985 0 0.0 -3440.0 86 -12 0.0 0.0 688
-3440.0 48.711 0 0.0 -3440.0 86 -12 0.0 0.0 688
2070.0 314.72499999999985 20 2310.0 -405.0 135 -77 84.75199999999998 92.201 27
-3245.0 48.711999999999996 1 30.0 -3275.0 81 -10 13.747999999999992 3.8030000000000004 655
2310.0 325.2469999999999 20 2550.0 -285.0 84 -86 83.502 90.833 25
-3260.0 48.383999999999986 1 60.0 -3320.0 83 -15 0.0 0.0 664
-3480.0 55.77299999999999 0 0.0 -3480.0 86 -13 0.0 0.0 696
490.0 193.05599999999995 14 1470.0 -990.0 81 -46 71.40899999999996 61.29500000000001 198
-3215.0 69.41699999999997 1 60.0 -3275.0 81 -15 22.079999999999984 5.096 655
-3275.0 20.563999999999993 0 0.0 -3275.0 81 -7 0.0 0.0 655
-3320.0 35.91099999999999 0 0.0 -3320.0 83 -10 0.0 0.0 664
0.0 9.947999999999997 0 0.0 0.0 0 -4 0.0 0.0 0
-3215.0 47.487999999999985 1 60.0 -3275.0 81 -14 6.252000000000001 2.725 655
-3275.0 37.09599999999998 0 0.0 -3275.0 81 -12 0.0 0.0 655
1800.0 279.85999999999996 17 2040.0 -240.0 80 -65 86.70200000000001 77.68799999999996 16
-3400.0 44.77499999999999 0 0.0 -3400.0 85 -11 0.0 0.0 680
-230.0 110.68199999999999 10 750.0 -980.0 81 -30 33.007999999999996 25.993 196
-3440.0 50.89099999999998 0 0.0 -3440.0 86 -12 0.0 0.0 688
-3330.0 61.25399999999999 1 30.0 -3360.0 83 -14 16.088000000000005 1.2120000000000004 672
-3300.0 50.190999999999995 1 60.0 -3360.0 83 -13 3.757999999999999 2.748 672
0.0 9.67 0 0.0 0.0 0 -4 0.0 0.0 0
-3170.0 69.43199999999999 3 150.0 -3320.0 83 -18 9.04 9.257 664
-3215.0 30.407999999999994 1 60.0 -3275.0 81 -11 0.0 0.0 655
-3145.0 29.555999999999994 1 90.0 -3235.0 80 -11 1.753 2.9459999999999997 647
-3085.0 65.83299999999998 2 150.0 -3235.0 80 -16 19.58999999999999 8.559999999999993 647
-3320.0 45.51399999999998 0 0.0 -3320.0 83 -13 0.0 0.0 664
-3290.0 50.85299999999999 1 30.0 -3330.0 83 -14 5.096 1.613 666
-3215.0 43.70699999999999 1 60.0 -3275.0 81 -14 5.289999999999999 1.054 655
-3400.0 52.485999999999976 0 0.0 -3400.0 85 -15 0.0 0.0 680
-3005.0 76.73599999999999 2 270.0 -3275.0 81 -18 18.618999999999993 14.744999999999997 655
1710.0 273.825 17 1950.0 -240.0 80 -65 91.67500000000001 69.61300000000001 16
-3230.0 46.20099999999999 1 90.0 -3320.0 83 -11 4.122 6.405999999999998 664
-3400.0 43.64299999999999 0 0.0 -3400.0 85 -11 0.0 0.0 680
145.0 185.31299999999996 13 1140.0 -995.0 82 -45 57.431 35.763999999999996 199
-615.0 92.24099999999999 8 660.0 -1275.0 85 -24 28.924999999999994 27.163 255
225.0 197.72899999999996 13 1470.0 -1245.0 83 -50 79.87499999999997 46.71499999999998 249
-3230.0 44.29799999999998 2 90.0 -3330.0 84 -13 6.454999999999997 3.139999999999999 666
-45.0 197.799 11 1230.0 -1275.0 85 -47 56.880000000000024 47.69199999999999 255
-3440.0 50.968999999999994 0 0.0 -3440.0 86 -12 0.0 0.0 688
-3440.0 59.71599999999995 0 0.0 -3440.0 86 -16 0.0 0.0 688
435.0 200.38499999999993 14 1440.0 -1015.0 83 -50 65.49099999999997 44.75799999999998 203
165.0 170.93499999999995 13 1440.0 -1275.0 85 -47 53.593 49.94999999999999 255
-3400.0 46.95299999999999 0 0.0 -3400.0 85 -11 0.0 0.0 680
90.0 18.240999999999993 1 90.0 0.0 0 -4 5.572 5.374 0
1740.0 257.37 12 1980.0 -240.0 80 -56 81.57199999999997 83.093 16
-3200.0 50.77399999999999 2 120.0 -3320.0 83 -11 12.911999999999992 6.2490000000000006 664
0.0 11.819999999999993 0 0.0 0.0 0 -4 0.0 0.0 0
0.0 9.470999999999997 0 0.0 0.0 0 -4 0.0 0.0 0
135.0 192.522 11 1410.0 -1275.0 85 -40 64.62100000000002 54.24299999999999 255
-3260.0 81.13999999999997 1 60.0 -3320.0 83 -16 28.16799999999999 3.8030000000000004 664
0.0 11.057999999999991 0 0.0 0.0 0 -4 0.0 0.0 0
-3360.0 36.41899999999999 0 0.0 -3360.0 83 -10 0.0 0.0 672
-3400.0 47.82499999999999 0 0.0 -3400.0 85 -11 0.0 0.0 680
0.0 11.992000000000008 0 0.0 0.0 0 -4 0.0 0.0 0
30.0 14.313999999999997 1 30.0 0.0 0 -4 4.225999999999998 1.2120000000000004 0
-3275.0 27.550999999999988 0 0.0 -3275.0 81 -9 0.0 0.0 655
40.0 182.28199999999993 15 1020.0 -995.0 81 -40 68.76499999999999 37.446999999999996 199
205.0 215.32099999999994 16 1200.0 -1010.0 83 -54 67.87499999999999 32.792 202
-3270.0 86.64899999999994 1 90.0 -3360.0 83 -17 27.386999999999976 3.835 672
-30.0 213.328 12 1260.0 -1310.0 88 -53 50.13499999999999 28.722 262
-555.0 189.373 14 840.0 -1305.0 86 -48 56.22899999999999 27.808 261
-3235.0 25.055 1 60.0 -3235.0 80 -8 0.0 0.0 647
0.0 11.015999999999991 0 0.0 0.0 0 -4 0.0 0.0 0
-3095.0 53.27099999999999 2 180.0 -3275.0 81 -14 12.473999999999997 4.934999999999999 655
-3260.0 38.04699999999999 1 60.0 -3320.0 83 -11 4.067999999999999 1.0570000000000002 664
0.0 9.762000000000002 0 0.0 0.0 0 -4 0.0 0.0 0
-3155.0 44.285999999999994 2 120.0 -3275.0 81 -11 9.073 5.374 655
-3230.0 44.748 2 90.0 -3320.0 83 -13 7.083 2.865 664
225.0 219.43099999999998 12 1500.0 -1275.0 85 -52 70.786 54.370999999999995 255
0.0 9.426999999999998 0 0.0 0.0 0 -4 0.0 0.0 0
1410.0 205.517 12 1650.0 -240.0 80 -54 51.37599999999999 59.973 16
105.0 193.72699999999998 14 1380.0 -1275.0 85 -50 64.571 49.559000000000005 255
0.0 11.172000000000004 0 0.0 0.0 0 -4 0.0 0.0 0
-3320.0 34.90699999999999 0 0.0 -3320.0 83 -9 0.0 0.0 664
-3320.0 42.73999999999999 0 0.0 -3320.0 83 -13 0.0 0.0 664
-2965.0 56.581999999999994 2 270.0 -3250.0 81 -13 15.336999999999996 11.456999999999999 650
0.0 10.855000000000004 0 0.0 0.0 0 -4 0.0 0.0 0
0.0 9.138999999999998 0 0.0 0.0 0 -4 0.0 0.0 0
-3170.0 60.591999999999985 2 150.0 -3320.0 83 -16 10.302999999999995 4.821999999999999 664
-3215.0 37.64199999999998 1 60.0 -3275.0 81 -10 5.365999999999997 2.11 655
1525.0 234.30300000000003 9 2130.0 -605.0 80 -57 70.51800000000006 81.88799999999998 121
-3360.0 38.257 0 0.0 -3360.0 83 -11 0.0 0.0 672
315.0 189.90299999999996 13 1320.0 -1005.0 83 -41 65.51100000000001 58.177 201
-3300.0 77.98299999999996 1 60.0 -3360.0 83 -15 24.190999999999995 3.466 672
90.0 27.756999999999998 2 90.0 0.0 0 -8 9.136 3.0300000000000002 0
-3155.0 47.88299999999999 2 120.0 -3275.0 81 -14 2.725 2.9780000000000006 655
0.0 10.207999999999997 0 0.0 0.0 0 -4 0.0 0.0 0
-3145.0 57.687999999999995 2 90.0 -3235.0 80 -15 19.823 3.0250000000000004 647
680.0 235.91399999999993 18 1290.0 -610.0 81 -59 69.41299999999997 45.96399999999999 122
-3215.0 49.987999999999985 1 60.0 -3275.0 81 -15 5.508000000000001 1.6150000000000004 655
-3360.0 49.685999999999964 0 0.0 -3360.0 83 -14 0.0 0.0 672
-3260.0 41.350999999999985 1 60.0 -3320.0 83 -11 4.067999999999999 4.2379999999999995 664
-3185.0 52.662 2 90.0 -3275.0 81 -12 9.709 8.996999999999996 655
-3155.0 79.90899999999998 2 120.0 -3275.0 81 -16 34.675 2.902 655
-2915.0 66.58999999999997 1 360.0 -3335.0 82 -18 9.112 9.893999999999993 667
-3055.0 75.52599999999998 4 180.0 -3240.0 80 -17 20.82699999999999 9.43 648
1050.0 217.11999999999995 15 1290.0 -240.0 80 -58 62.82399999999999 44.315999999999995 16
-3440.0 51.21699999999999 0 0.0 -3440.0 86 -12 0.0 0.0 688
30.0 143.71100000000004 10 1290.0 -1260.0 84 -32 60.558000000000014 47.529 252
-3215.0 39.261999999999986 1 60.0 -3275.0 81 -12 6.967999999999996 1.0630000000000004 655
400.0 163.543 9 1380.0 -980.0 81 -48 29.517999999999997 37.142 196
-3095.0 44.794 2 180.0 -3275.0 81 -13 7.018 8.014 655
-3170.0 38.136999999999986 2 150.0 -3320.0 83 -10 4.719 4.742 664
-3275.0 23.535999999999998 0 0.0 -3275.0 81 -8 0.0 0.0 655
-3275.0 34.93999999999998 0 0.0 -3275.0 81 -12 0.0 0.0 655
-3260.0 44.453999999999986 1 60.0 -3320.0 83 -13 4.067999999999999 2.269 664
1260.0 214.35300000000004 14 1500.0 -240.0 80 -49 57.036999999999985 52.58799999999999 16
-3270.0 112.747 2 90.0 -3360.0 83 -21 40.00000000000003 7.871000000000001 672
60.0 30.496999999999986 1 60.0 0.0 0 -8 13.896999999999991 0.862 0
1530.0 289.048 20 1770.0 -240.0 80 -66 91.75399999999999 72.749 16
0.0 10.042999999999997 0 0.0 0.0 0 -4 0.0 0.0 0
-3280.0 90.75099999999992 1 120.0 -3400.0 85 -16 27.374000000000006 7.8569999999999975 680
-315.0 193.17699999999994 14 960.0 -1275.0 85 -48 42.782000000000004 42.429999999999986 255
-3290.0 53.335999999999984 1 30.0 -3320.0 83 -15 7.069 1.1520000000000004 664
-3055.0 88.05599999999995 3 180.0 -3260.0 83 -18 39.61299999999998 7.2269999999999985 652
-3240.0 76.40799999999994 1 120.0 -3360.0 83 -16 23.521999999999988 2.666 672
-3290.0 57.19499999999999 1 30.0 -3320.0 83 -15 5.589000000000002 1.0570000000000002 664
-2935.0 93.009 4 300.0 -3235.0 80 -20 29.147000000000002 18.41299999999999 647
-3260.0 45.606999999999985 1 60.0 -3320.0 83 -12 7.147999999999998 5.1049999999999995 664
30.0 14.074999999999998 1 30.0 0.0 0 -4 1.0170000000000001 3.8030000000000004 0
-300.0 185.20599999999996 12 960.0 -1260.0 84 -45 59.86999999999998 45.440999999999995 252
-3440.0 49.69899999999999 0 0.0 -3440.0 86 -12 0.0 0.0 688
-3340.0 60.29899999999999 1 60.0 -3400.0 85 -15 6.970999999999997 1.5069999999999997 680
2190.0 282.72900000000004 17 2430.0 -240.0 80 -69 86.35500000000003 94.45699999999995 16
-3085.0 44.233 2 150.0 -3235.0 80 -14 6.039999999999997 5.677999999999998 647
-3360.0 58.564999999999976 0 0.0 -3360.0 83 -18 0.0 0.0 672
-180.0 196.70199999999997 12 1110.0 -1290.0 86 -49 48.850999999999985 31.03999999999999 258
0.0 11.165999999999991 0 0.0 0.0 0 -4 0.0 0.0 0
-3215.0 28.652999999999988 1 60.0 -3290.0 82 -8 6.281999999999998 2.0999999999999996 658
-3400.0 55.247999999999976 0 0.0 -3400.0 85 -15 0.0 0.0 680
0.0 10.153999999999995 0 0.0 0.0 0 -4 0.0 0.0 0
60.0 28.799999999999983 1 60.0 0.0 0 -7 9.557999999999987 2.9289999999999994 0
370.0 193.58699999999996 14 1350.0 -980.0 81 -55 50.983999999999995 43.770999999999994 196
-3320.0 40.77399999999998 0 0.0 -3320.0 83 -13 0.0 0.0 664
-3170.0 84.73499999999999 2 150.0 -3320.0 83 -21 25.957000000000015 3.1080000000000005 664
-3320.0 30.615999999999993 0 0.0 -3320.0 83 -9 0.0 0.0 664
-3175.0 26.034 1 60.0 -3235.0 80 -10 0.0 0.0 647
-3240.0 85.20299999999997 1 120.0 -3360.0 83 -18 20.058000000000003 5.221999999999998 672
-3055.0 62.01199999999999 4 180.0 -3235.0 80 -16 15.264999999999995 12.005999999999998 647
-3180.0 93.80399999999993 1 180.0 -3360.0 83 -21 25.659999999999982 4.521999999999994 672
-3260.0 39.80999999999998 1 60.0 -3320.0 83 -13 1.753 3.0929999999999995 664
-3300.0 82.35599999999994 1 60.0 -3360.0 83 -18 21.570999999999984 2.831 672
-3205.0 26.284 1 30.0 -3235.0 80 -8 1.8430000000000002 2.9770000000000003 647
0.0 11.77699999999999 0 0.0 0.0 0 -4 0.0 0.0 0
-3170.0 61.30199999999998 2 150.0 -3320.0 83 -18 3.9919999999999987 9.203999999999999 664
-3320.0 22.474999999999987 0 0.0 -3320.0 83 -7 0.0 0.0 664
-270.0 179.202 10 1020.0 -1290.0 86 -44 38.047 37.044999999999995 258
0.0 11.759999999999996 0 0.0 0.0 0 -4 0.0 0.0 0
0.0 11.286999999999994 0 0.0 0.0 0 -4 0.0 0.0 0
1470.0 259.477 20 1710.0 -240.0 80 -63 74.84299999999999 60.60799999999999 16
-3360.0 59.114999999999974 0 0.0 -3360.0 83 -18 0.0 0.0 672
-3340.0 100.16799999999995 1 60.0 -3400.0 85 -21 31.330999999999957 1.9469999999999998 680
-3400.0 43.158999999999985 0 0.0 -3400.0 85 -11 0.0 0.0 680
-3240.0 66.083 2 120.0 -3360.0 83 -16 12.63 6.388999999999999 672
-3360.0 39.06899999999999 0 0.0 -3360.0 83 -11 0.0 0.0 672
0.0 11.677999999999988 0 0.0 0.0 0 -4 0.0 0.0 0
-555.0 114.702 8 720.0 -1275.0 85 -23 46.703 34.79899999999999 255
-3170.0 44.95899999999998 2 150.0 -3325.0 83 -13 9.812999999999997 4.565 665
885.0 256.58999999999986 15 1530.0 -645.0 86 -61 70.871 56.212 129
1350.0 221.97200000000004 13 1800.0 -240.0 80 -46 71.47999999999999 75.597 16
1290.0 270.575 12 2310.0 -1025.0 85 -63 85.949 72.772 205
1590.0 195.707 14 1830.0 -240.0 80 -52 50.40499999999999 63.02499999999999 16
210.0 218.44099999999997 13 1500.0 -1290.0 86 -50 60.193 53.31499999999998 258
-675.0 108.994 10 570.0 -1245.0 83 -30 40.31699999999999 31.232999999999997 249
1740.0 236.449 17 1980.0 -240.0 80 -55 76.81900000000002 67.008 16
2130.0 291.965 21 2370.0 -240.0 80 -72 100.59199999999998 75.45699999999998 16
-3320.0 45.319999999999986 0 0.0 -3320.0 83 -13 0.0 0.0 664
460.0 200.74399999999997 17 1080.0 -620.0 82 -50 48.322 41.42 124
-3200.0 59.523999999999994 3 120.0 -3340.0 85 -16 12.517 4.111000000000001 668
1615.0 239.86699999999996 17 2250.0 -740.0 119 -63 63.253 76.05800000000002 134
1350.0 266.2689999999999 19 1590.0 -240.0 80 -67 62.28499999999999 56.56500000000001 16
-3200.0 72.61099999999999 3 120.0 -3355.0 85 -14 23.748999999999988 7.385000000000001 671
-3025.0 31.899999999999988 1 210.0 -3235.0 80 -10 3.757999999999999 3.427 647
-3085.0 42.09099999999999 1 150.0 -3235.0 80 -14 5.508000000000001 5.001 647
-285.0 114.63899999999998 10 720.0 -1005.0 83 -33 34.591999999999985 26.486999999999995 201
-3275.0 35.83399999999998 0 0.0 -3275.0 81 -12 0.0 0.0 655
-3400.0 47.663 0 0.0 -3400.0 85 -11 0.0 0.0 680
-3125.0 38.912 1 150.0 -3275.0 81 -12 1.809 4.291 655
-3320.0 36.589 0 0.0 -3320.0 83 -10 0.0 0.0 664
-3230.0 66.57799999999999 2 90.0 -3320.0 83 -14 16.847999999999992 8.547999999999996 664
-3200.0 75.78399999999995 1 120.0 -3320.0 83 -14 28.218999999999973 3.427 664
165.0 224.66899999999993 13 1950.0 -1275.0 85 -57 64.59299999999999 69.02700000000002 255
-2995.0 67.19199999999998 4 300.0 -3235.0 80 -16 17.761999999999993 15.49899999999999 647
-3300.0 83.05699999999996 1 60.0 -3360.0 83 -17 25.063999999999993 2.6600000000000006 672
-3360.0 61.54099999999998 0 0.0 -3360.0 83 -18 0.0 0.0 672
-3230.0 49.218999999999994 1 90.0 -3320.0 83 -12 10.774000000000003 2.3550000000000004 664
-3155.0 54.95499999999999 2 120.0 -3305.0 83 -13 17.902 3.903999999999999 661
2100.0 263.9889999999999 22 2340.0 -240.0 80 -69 80.03999999999999 76.061 16
-3155.0 55.46299999999998 2 120.0 -3275.0 81 -16 10.840999999999998 4.449 655
-3200.0 49.435999999999986 2 120.0 -3320.0 83 -12 6.910999999999998 4.713 664
-3360.0 50.899999999999984 0 0.0 -3360.0 83 -14 0.0 0.0 672
-1020.0 88.89799999999998 8 660.0 -1680.0 83 -25 23.597 22.465999999999998 336
0.0 10.681999999999995 0 0.0 0.0 0 -4 0.0 0.0 0
-3410.0 59.688999999999986 1 30.0 -3460.0 87 -13 7.990999999999997 1.5909999999999997 692
355.0 178.73699999999994 10 1350.0 -995.0 82 -43 54.27999999999998 47.713 199
-3360.0 52.00199999999997 0 0.0 -3360.0 83 -14 0.0 0.0 672
0.0 11.730999999999991 0 0.0 0.0 0 -4 0.0 0.0 0
-3215.0 50.390999999999984 1 60.0 -3275.0 81 -15 5.505999999999999 1.611 655
-3260.0 44.69399999999998 1 60.0 -3320.0 83 -13 3.8430000000000004 1.849 664
-3320.0 34.405 0 0.0 -3320.0 83 -9 0.0 0.0 664
-3330.0 73.66499999999996 1 30.0 -3360.0 83 -16 15.124999999999996 1.1080000000000003 672
-15.0 187.1779999999999 12 1260.0 -1275.0 85 -45 45.809 43.974 255
0.0 9.05 0 0.0 0.0 0 -4 0.0 0.0 0
-285.0 198.09099999999995 12 990.0 -1275.0 85 -48 80.61099999999999 31.161999999999995 255
-3155.0 80.52099999999996 1 120.0 -3275.0 81 -17 24.353999999999985 6.536999999999997 655
-3200.0 38.60599999999998 1 120.0 -3320.0 83 -9 5.946000000000001 5.52 664
285.0 188.20399999999992 12 930.0 -660.0 86 -48 48.15499999999999 28.956 132
-3230.0 86.919 3 90.0 -3320.0 83 -14 31.467000000000006 8.559000000000001 664
-765.0 81.38199999999998 7 510.0 -1275.0 85 -20 25.724 18.775 255
-3245.0 36.36699999999999 1 30.0 -3275.0 81 -10 4.875999999999999 1.1920000000000002 655
1200.0 235.96399999999997 17 1440.0 -240.0 80 -59 67.535 59.495 16
-3095.0 78.39899999999996 1 180.0 -3275.0 81 -16 29.276999999999983 6.204999999999998 655
195.0 187.49599999999998 13 1200.0 -1015.0 83 -48 55.177 41.05899999999999 203
-3060.0 97.40199999999996 2 300.0 -3360.0 83 -20 32.489999999999995 9.706999999999997 672
-3320.0 32.385 0 0.0 -3320.0 83 -10 0.0 0.0 664
790.0 204.48799999999994 15 1770.0 -980.0 81 -53 69.51199999999999 53.481999999999985 196
-3320.0 42.71799999999999 0 0.0 -3320.0 83 -13 0.0 0.0 664
-3400.0 54.235999999999976 0 0.0 -3400.0 85 -15 0.0 0.0 680
-3215.0 66.45999999999997 1 60.0 -3275.0 81 -14 26.719999999999978 1.3189999999999997 655
-3270.0 60.86699999999999 2 90.0 -3360.0 83 -17 7.784999999999997 3.255 672
-2905.0 55.16400000000001 1 330.0 -3235.0 80 -12 21.839000000000002 13.00299999999999 647
-3370.0 49.77899999999998 1 30.0 -3400.0 85 -13 2.725 1.1080000000000005 680
-3260.0 44.480999999999995 1 60.0 -3320.0 83 -13 0.0 0.0 664
325.0 203.444 19 1320.0 -995.0 82 -51 66.39899999999997 49.032 199
-3270.0 96.39999999999992 2 150.0 -3360.0 83 -19 34.06799999999997 6.791999999999997 672
-3095.0 69.901 4 180.0 -3275.0 81 -15 22.745999999999995 7.183 655
-3140.0 70.02699999999997 1 180.0 -3320.0 83 -16 22.931999999999984 4.991999999999999 664
0.0 11.154000000000003 0 0.0 0.0 0 -4 0.0 0.0 0
285.0 247.71 16 1290.0 -1005.0 83 -56 99.066 44.344 201
-3360.0 40.958999999999975 0 0.0 -3360.0 83 -10 0.0 0.0 672
2010.0 240.43599999999998 12 2250.0 -240.0 80 -68 62.84999999999999 80.45199999999998 16
-3245.0 28.03999999999999 1 30.0 -3305.0 83 -9 0.0 0.0 661
900.0 245.20899999999997 16 1140.0 -240.0 80 -64 78.37399999999998 41.96000000000002 16
260.0 168.08400000000003 11 1230.0 -970.0 80 -40 57.52100000000001 41.40199999999998 194
-3300.0 48.529999999999994 1 60.0 -3375.0 84 -12 4.9259999999999975 1.3190000000000002 675
-3155.0 46.736 2 120.0 -3275.0 81 -13 5.289999999999999 4.478999999999998 655
-2815.0 88.26199999999997 2 420.0 -3235.0 80 -17 36.163 18.049999999999997 647
-3175.0 28.568999999999992 1 60.0 -3235.0 80 -10 3.481 2.2920000000000003 647
1620.0 280.08999999999986 19 1860.0 -255.0 81 -66 107.634 69.50999999999999 19
-3085.0 33.12599999999999 1 150.0 -3240.0 80 -11 5.365999999999997 4.914000000000001 648
-3145.0 57.75099999999996 2 90.0 -3235.0 80 -10 24.982999999999976 5.093 647
-3320.0 27.189999999999984 0 0.0 -3320.0 83 -8 0.0 0.0 664
-3360.0 50.22999999999996 0 0.0 -3360.0 83 -14 0.0 0.0 672
-3215.0 45.42199999999998 1 60.0 -3275.0 81 -10 10.935999999999998 4.2379999999999995 655
1740.0 217.31800000000004 17 1980.0 -240.0 80 -61 62.89599999999998 65.16000000000001 16
0.0 11.951999999999996 0 0.0 0.0 0 -4 0.0 0.0 0
-3065.0 89.667 3 210.0 -3275.0 81 -20 29.92800000000001 5.513 655
1920.0 261.95399999999995 17 2220.0 -240.0 80 -64 87.72500000000002 78.88799999999996 16
0.0 11.677999999999992 0 0.0 0.0 0 -4 0.0 0.0 0
0.0 11.222999999999995 0 0.0 0.0 0 -4 0.0 0.0 0
-3200.0 80.07599999999996 2 120.0 -3320.0 83 -16 28.44099999999999 7.187999999999999 664
-3155.0 56.53499999999998 2 120.0 -3275.0 81 -14 12.969999999999995 4.708 655
-3330.0 39.006999999999984 1 30.0 -3360.0 83 -9 4.200999999999999 3.806000000000001 672
-3360.0 37.25099999999999 0 0.0 -3360.0 83 -11 0.0 0.0 672
-3185.0 39.62199999999999 1 90.0 -3275.0 81 -12 0.0 0.0 655
240.0 244.23000000000002 15 1530.0 -1290.0 86 -61 67.95599999999999 55.792 258
375.0 194.94899999999998 10 1380.0 -1005.0 83 -48 53.13499999999998 43.667999999999985 201
-3440.0 48.28299999999999 0 0.0 -3440.0 86 -12 0.0 0.0 688
-3320.0 45.53199999999998 0 0.0 -3320.0 83 -13 0.0 0.0 664
-3270.0 85.32899999999995 1 90.0 -3360.0 83 -15 29.72000000000001 7.8569999999999975 672
715.0 219.25599999999991 15 1350.0 -635.0 84 -54 52.68999999999999 40.708999999999996 127
-3035.0 94.25499999999998 2 240.0 -3275.0 81 -25 27.118999999999993 4.101999999999999 655
-3400.0 53.181999999999974 0 0.0 -3400.0 85 -15 0.0 0.0 680
-3050.0 64.372 1 270.0 -3320.0 83 -14 13.484 14.281999999999995 664
-3085.0 54.108999999999995 4 210.0 -3235.0 80 -16 14.418999999999997 7.6240000000000006 647
60.0 26.809 1 60.0 0.0 0 -7 9.054 3.481 0
-3320.0 36.32499999999999 0 0.0 -3320.0 83 -10 0.0 0.0 664
-3065.0 40.509999999999984 2 210.0 -3275.0 81 -13 5.041999999999997 5.161 655
-3330.0 80.40199999999996 1 30.0 -3360.0 83 -17 23.46899999999999 1.8729999999999996 672
2340.0 368.8729999999999 21 2580.0 -240.0 80 -96 93.30999999999997 98.744 16
0.0 10.967999999999996 0 0.0 0.0 0 -4 0.0 0.0 0
-3330.0 74.71499999999999 1 30.0 -3360.0 83 -16 20.236999999999995 2.842999999999999 672
-3215.0 37.28999999999999 1 60.0 -3275.0 81 -12 1.955 3.3469999999999995 655
-3245.0 39.67099999999999 1 30.0 -3275.0 81 -10 8.856999999999996 1.849 655
1710.0 272.313 14 1950.0 -240.0 80 -59 92.12900000000003 81.75899999999996 16
-3300.0 87.19199999999996 1 60.0 -3380.0 85 -20 22.145999999999976 2.7449999999999997 676
0.0 10.971999999999996 0 0.0 0.0 0 -4 0.0 0.0 0
-2930.0 56.114000000000004 1 390.0 -3320.0 83 -14 10.409000000000002 15.565000000000001 664
-3340.0 51.013 1 60.0 -3400.0 85 -13 1.8479999999999999 1.9500000000000002 680
-3360.0 37.56499999999999 0 0.0 -3360.0 83 -10 0.0 0.0 672
0.0 9.895000000000003 0 0.0 0.0 0 -4 0.0 0.0 0
625.0 169.29799999999997 13 1230.0 -605.0 80 -41 47.1 54.31699999999999 121
-3360.0 38.44899999999999 0 0.0 -3360.0 83 -10 0.0 0.0 672
-3300.0 101.31299999999993 1 60.0 -3360.0 83 -21 35.65299999999994 1.1080000000000005 672
-3175.0 31.89399999999999 1 60.0 -3235.0 80 -8 5.508000000000001 3.342 647
775.0 216.902 14 1410.0 -635.0 84 -47 85.93 56.41 127
1915.0 338.348 14 2910.0 -995.0 82 -84 83.47200000000004 114.8 199
0.0 9.843999999999998 0 0.0 0.0 0 -4 0.0 0.0 0
-3270.0 67.63699999999997 1 90.0 -3360.0 83 -16 7.657999999999994 7.1109999999999935 672
-3360.0 50.87399999999997 0 0.0 -3360.0 83 -14 0.0 0.0 672
-3145.0 28.782999999999994 1 90.0 -3235.0 80 -9 3.481 1.3189999999999997 647
0.0 9.079999999999998 0 0.0 0.0 0 -4 0.0 0.0 0
-3290.0 50.849999999999994 1 30.0 -3320.0 83 -12 7.952000000000001 1.1690000000000003 664
-3260.0 45.36199999999998 1 60.0 -3320.0 83 -11 8.900999999999996 1.424 664
-3205.0 38.050999999999995 1 30.0 -3235.0 80 -13 2.6600000000000006 1.477 647
-3320.0 49.16899999999999 1 90.0 -3320.0 83 -14 4.200999999999999 2.733999999999999 664
-3340.0 21.219999999999995 1 60.0 -3400.0 85 -7 6.087999999999998 3.3099999999999996 680
-3065.0 56.89099999999998 1 210.0 -3275.0 81 -14 16.900999999999993 4.981999999999999 655
-3185.0 65.33699999999999 1 90.0 -3275.0 81 -14 24.832000000000008 1.1020000000000003 655
-3115.0 49.17899999999999 2 120.0 -3235.0 80 -13 12.93099999999999 4.7139999999999995 647
-3055.0 57.18799999999998 2 180.0 -3235.0 80 -12 17.215000000000007 11.629999999999995 647
-3185.0 40.90799999999999 2 90.0 -3275.0 81 -11 3.757999999999999 1.2860000000000003 655
-3275.0 36.225999999999985 0 0.0 -3275.0 81 -12 0.0 0.0 655
-3230.0 63.353999999999985 2 90.0 -3320.0 83 -14 19.401999999999997 4.063 664
980.0 210.00900000000001 14 1590.0 -610.0 81 -49 72.57099999999998 58.24499999999999 122
-3125.0 45.81399999999998 2 150.0 -3275.0 81 -12 16.150999999999993 2.96 655
-3260.0 79.999 2 60.0 -3325.0 83 -15 34.047000000000004 1.8590000000000002 665
-3300.0 76.64599999999993 1 60.0 -3360.0 83 -15 22.25899999999999 6.3569999999999975 672
-3110.0 57.61499999999999 1 210.0 -3320.0 83 -15 9.027999999999997 8.136999999999997 664
30.0 179.33599999999998 12 1350.0 -1260.0 84 -42 66.27599999999998 52.752999999999986 252
-3360.0 49.41199999999995 0 0.0 -3360.0 83 -14 0.0 0.0 672
-3145.0 71.50799999999998 1 90.0 -3235.0 80 -16 26.560999999999993 4.392 647
-3300.0 45.47399999999999 1 60.0 -3360.0 83 -13 3.8030000000000004 1.849 672
-3065.0 75.22899999999997 3 210.0 -3275.0 81 -17 28.30699999999999 6.111000000000001 655
-3360.0 47.39799999999997 0 0.0 -3360.0 83 -14 0.0 0.0 672
320.0 175.45699999999994 17 990.0 -610.0 81 -48 59.832999999999984 32.535 122
960.0 205.91799999999992 18 1200.0 -240.0 80 -47 71.193 50.22599999999999 16
-3275.0 23.422 0 0.0 -3275.0 81 -8 0.0 0.0 655
-1010.0 120.964 10 690.0 -1700.0 85 -31 44.761 27.589999999999996 340
-3240.0 55.89899999999999 2 120.0 -3360.0 83 -15 11.868999999999996 2.746 672
-3360.0 47.923999999999964 0 0.0 -3360.0 83 -14 0.0 0.0 672
-2995.0 58.313999999999965 3 240.0 -3240.0 80 -15 20.44599999999999 6.154999999999998 648
-3215.0 27.764999999999993 1 60.0 -3275.0 81 -8 2.725 2.7830000000000004 655
-3170.0 49.87899999999998 1 150.0 -3320.0 83 -13 9.183999999999996 3.8030000000000004 664
-3200.0 50.686 2 120.0 -3320.0 83 -14 3.5970000000000004 5.316000000000001 664
-3260.0 45.32999999999999 1 60.0 -3320.0 83 -13 3.152999999999999 3.1149999999999993 664
-345.0 213.007 15 930.0 -1275.0 85 -44 67.74799999999998 40.854000000000006 255
-3110.0 47.814 2 210.0 -3320.0 83 -14 5.654 5.298 664
-3230.0 88.95299999999993 2 90.0 -3320.0 83 -18 31.685999999999964 2.912 664
520.0 214.68599999999998 13 1500.0 -980.0 81 -53 58.51 68.01999999999998 196
-3230.0 52.69199999999998 1 90.0 -3320.0 83 -14 8.136999999999997 3.725999999999999 664
-3200.0 56.34199999999999 2 120.0 -3320.0 83 -14 14.026 5.042000000000001 664
-3205.0 23.382999999999996 1 30.0 -3255.0 82 -7 5.096 1.058 651
1290.0 207.884 18 1530.0 -275.0 84 -56 59.56699999999998 42.23699999999998 23
-3115.0 41.196 2 120.0 -3250.0 80 -12 7.949999999999999 5.872000000000001 650
-360.0 167.87799999999996 11 930.0 -1290.0 86 -40 48.233000000000004 34.053000000000004 258
-3245.0 53.82299999999998 1 30.0 -3275.0 81 -15 5.505999999999999 2.779 655
-3360.0 38.17099999999999 0 0.0 -3360.0 83 -11 0.0 0.0 672
-3400.0 46.181 0 0.0 -3400.0 85 -11 0.0 0.0 680
90.0 17.628000000000004 1 90.0 0.0 0 -4 5.946000000000001 3.3689999999999998 0
-3170.0 97.64600000000002 2 150.0 -3320.0 83 -20 36.219000000000015 3.689 664
-3230.0 46.99099999999998 1 90.0 -3335.0 84 -10 6.967999999999996 7.005999999999993 667
-3270.0 53.090999999999994 1 90.0 -3360.0 83 -13 10.078000000000001 1.211 672
-3260.0 48.42999999999999 2 90.0 -3320.0 83 -13 5.289999999999999 1.7349999999999997 664
-3215.0 53.11099999999998 1 60.0 -3275.0 81 -15 9.695 3.847 655
-3320.0 45.946 0 0.0 -3320.0 83 -13 0.0 0.0 664
-3275.0 37.323999999999984 0 0.0 -3275.0 81 -12 0.0 0.0 655
1575.0 278.2439999999999 20 1830.0 -255.0 85 -76 69.02499999999999 52.54299999999999 17
-3480.0 53.84499999999999 0 0.0 -3480.0 86 -13 0.0 0.0 696
-2960.0 88.07099999999997 2 360.0 -3320.0 83 -19 21.861999999999973 19.74999999999999 664
-210.0 146.85999999999996 14 1050.0 -1270.0 84 -39 55.99199999999999 34.912 254
-3410.0 67.64399999999999 1 30.0 -3440.0 86 -15 10.720999999999995 0.524 688
-3310.0 88.09299999999992 1 90.0 -3400.0 85 -17 28.971999999999955 1.5500000000000005 680
-3260.0 41.99199999999998 1 60.0 -3320.0 83 -12 3.757999999999999 2.8879999999999995 664
-3290.0 42.71499999999999 1 30.0 -3320.0 83 -12 5.508000000000001 2.032 664
120.0 24.737999999999996 1 120.0 0.0 0 -6 8.017000000000001 3.404 0
0.0 9.355999999999998 0 0.0 0.0 0 -4 0.0 0.0 0
1080.0 222.42699999999996 19 1320.0 -240.0 80 -55 79.20799999999998 43.199 16
-3300.0 84.86299999999993 1 60.0 -3360.0 83 -15 29.45199999999997 6.3569999999999975 672
-1070.0 121.68299999999998 9 630.0 -1700.0 85 -29 44.65599999999999 24.188999999999997 340
-3300.0 82.44399999999996 1 60.0 -3360.0 83 -17 26.081999999999987 3.2289999999999988 672
-3280.0 82.04399999999995 1 120.0 -3425.0 86 -17 24.765999999999995 2.701999999999999 685
-3330.0 56.295 1 30.0 -3360.0 83 -14 6.3950000000000005 1.5930000000000004 672
0.0 11.330999999999989 0 0.0 0.0 0 -4 0.0 0.0 0
365.0 191.43900000000002 15 1140.0 -775.0 83 -49 63.01599999999998 37.64699999999999 155
-2995.0 74.31899999999995 1 360.0 -3355.0 87 -19 18.409999999999975 8.663999999999994 671
-3320.0 40.207999999999984 0 0.0 -3320.0 83 -13 0.0 0.0 664
-3185.0 42.09599999999999 2 90.0 -3275.0 81 -11 5.385000000000001 5.712 655
2330.0 337.934 19 2940.0 -610.0 81 -71 142.12700000000004 103.94399999999996 122
0.0 11.691999999999995 0 0.0 0.0 0 -4 0.0 0.0 0
-3215.0 41.97 2 60.0 -3280.0 81 -12 7.681999999999999 3.1260000000000003 656
-615.0 126.582 10 660.0 -1275.0 85 -32 35.565999999999995 25.488 255
-3260.0 70.441 2 60.0 -3325.0 83 -13 25.025999999999993 1.8690000000000002 665
-3200.0 53.36599999999999 2 120.0 -3320.0 83 -15 11.696999999999996 4.97 664
0.0 9.382999999999996 0 0.0 0.0 0 -4 0.0 0.0 0
-3300.0 94.97899999999997 2 60.0 -3360.0 83 -21 25.751999999999995 4.834999999999999 672
-2935.0 43.06899999999998 2 300.0 -3250.0 81 -13 6.227 13.748999999999999 650
-3260.0 44.545 1 60.0 -3320.0 83 -13 5.041999999999997 1.9120000000000001 664
-3400.0 42.010999999999996 0 0.0 -3400.0 85 -11 0.0 0.0 680
-360.0 165.91999999999996 12 900.0 -1260.0 84 -38 56.057999999999986 47.71499999999999 252
1380.0 279.8889999999999 17 1830.0 -240.0 80 -71 95.79299999999996 54.417999999999985 16
-3360.0 51.09799999999998 0 0.0 -3360.0 83 -14 0.0 0.0 672
0.0 11.227999999999993 0 0.0 0.0 0 -4 0.0 0.0 0
-3480.0 55.08499999999999 0 0.0 -3480.0 86 -13 0.0 0.0 696
-3290.0 45.50099999999999 1 30.0 -3320.0 83 -13 5.505999999999999 1.4880000000000004 664
-2975.0 109.8169999999999 2 300.0 -3275.0 81 -23 29.611999999999988 20.215 655
510.0 214.36999999999995 17 1140.0 -630.0 84 -50 64.02299999999998 46.569 126
-3200.0 45.86599999999999 2 120.0 -3320.0 83 -15 3.920999999999999 1.2980000000000003 664
-3290.0 51.26899999999998 1 30.0 -3335.0 84 -14 3.757999999999999 1.503 667
55.0 177.93399999999994 16 1050.0 -995.0 82 -37 63.98799999999999 50.954999999999984 199
-3320.0 40.28999999999998 0 0.0 -3320.0 83 -13 0.0 0.0 664
-3260.0 51.79099999999998 1 60.0 -3320.0 83 -10 13.790999999999999 3.991 664
-3260.0 64.90299999999996 1 60.0 -3320.0 83 -16 14.309999999999981 1.477 664
-3260.0 76.73299999999996 1 60.0 -3320.0 83 -16 28.210999999999977 1.8979999999999997 664
-3215.0 51.797999999999966 1 60.0 -3275.0 81 -12 15.155999999999985 3.4719999999999995 655
-3275.0 25.62299999999999 0 0.0 -3275.0 81 -8 0.0 0.0 655
-30.0 161.06699999999995 12 1230.0 -1260.0 84 -36 57.61099999999999 50.767999999999994 252
-2945.0 92.28399999999986 1 330.0 -3275.0 81 -20 21.271000000000004 24.037999999999993 655
-3065.0 74.484 3 210.0 -3275.0 81 -15 26.634000000000004 13.225999999999997 655
0.0 9.169999999999993 0 0.0 0.0 0 -4 0.0 0.0 0
-3215.0 38.626999999999995 1 60.0 -3275.0 81 -12 5.966000000000002 1.569 655
85.0 179.264 13 1080.0 -995.0 82 -40 61.81499999999999 46.981999999999985 199
-3155.0 35.56099999999999 2 120.0 -3275.0 81 -12 4.4140000000000015 3.4679999999999995 655
75.0 208.373 12 1350.0 -1300.0 86 -46 68.77399999999997 53.54099999999999 260
805.0 236.07099999999994 20 1410.0 -605.0 80 -61 75.779 48.509 121
-3145.0 69.10900000000004 1 90.0 -3235.0 80 -16 22.713000000000026 1.42 647
40.0 173.77900000000002 12 1020.0 -980.0 81 -45 49.55499999999999 36.071 196
120.0 19.41299999999999 2 120.0 0.0 0 -4 7.515999999999998 6.854 0
240.0 176.794 7 1500.0 -1260.0 84 -49 33.32599999999999 55.884000000000015 252
-3210.0 103.16699999999997 2 150.0 -3365.0 83 -22 32.908 4.965000000000001 673
-3330.0 72.159 1 90.0 -3420.0 86 -16 12.806999999999992 2.8620000000000005 684
45.0 177.05700000000002 10 1320.0 -1275.0 85 -39 70.08600000000001 53.823 255
1065.0 321.0649999999998 12 2340.0 -1275.0 85 -71 106.24199999999996 100.87100000000001 255
-3155.0 43.22199999999998 1 120.0 -3275.0 81 -12 2.6600000000000006 5.102999999999999 655
-3120.0 88.121 1 240.0 -3360.0 83 -18 27.386999999999993 12.042999999999997 672
-3275.0 25.71299999999999 0 0.0 -3275.0 81 -7 0.0 0.0 655
-3235.0 23.656999999999993 0 0.0 -3235.0 80 -8 0.0 0.0 647
-3200.0 34.90699999999999 2 120.0 -3320.0 83 -12 1.394 1.3189999999999997 664
-3200.0 49.87699999999998 2 120.0 -3320.0 83 -12 3.196999999999999 3.1809999999999996 664
-3270.0 62.44499999999995 1 90.0 -3365.0 83 -16 6.653999999999999 4.1850000000000005 673
-3320.0 45.51199999999998 0 0.0 -3320.0 83 -13 0.0 0.0 664
-420.0 129.783 12 840.0 -1260.0 84 -34 42.13799999999999 24.471 252
-120.0 191.793 15 1140.0 -1260.0 84 -44 66.165 60.701999999999984 252
-3320.0 56.06399999999999 1 30.0 -3320.0 83 -13 5.946000000000001 5.52 664
-770.0 108.36199999999995 8 930.0 -1700.0 85 -35 30.722999999999992 17.394000000000002 340
675.0 276.81000000000006 17 1740.0 -1005.0 83 -57 111.58900000000001 71.78299999999996 201
-3400.0 52.697999999999965 0 0.0 -3400.0 85 -15 0.0 0.0 680
-3085.0 39.64099999999999 2 150.0 -3235.0 80 -8 13.893999999999998 4.942 647
1015.0 199.70199999999997 13 1650.0 -635.0 84 -51 54.45299999999999 53.65600000000001 127
0.0 10.326999999999996 0 0.0 0.0 0 -4 0.0 0.0 0
-2995.0 47.896999999999984 1 240.0 -3235.0 80 -14 3.196999999999999 11.676 647
-3400.0 53.59999999999998 0 0.0 -3400.0 85 -15 0.0 0.0 680
45.0 229.1289999999999 15 1320.0 -1275.0 85 -59 85.80899999999997 39.00299999999999 255
-3215.0 38.562 1 60.0 -3275.0 81 -10 8.811000000000003 2.7859999999999996 655
-3230.0 53.643999999999984 2 90.0 -3320.0 83 -15 8.974 5.089 664
0.0 9.011 0 0.0 0.0 0 -4 0.0 0.0 0
-3330.0 42.826999999999984 1 30.0 -3360.0 83 -11 2.6600000000000006 2.9989999999999997 672
-3170.0 83.56599999999995 2 150.0 -3320.0 83 -19 25.576999999999988 6.713000000000001 664
-3200.0 46.41499999999999 2 120.0 -3320.0 83 -15 6.195 3.915999999999999 664
-3115.0 42.738 2 120.0 -3235.0 80 -12 11.775000000000002 5.8100000000000005 647
0.0 11.960999999999991 0 0.0 0.0 0 -4 0.0 0.0 0
1620.0 281.7399999999999 18 1860.0 -240.0 80 -70 86.52999999999999 72.585 16
-3175.0 25.269999999999996 1 60.0 -3235.0 80 -9 1.753 3.4469999999999996 647
-3115.0 64.35599999999997 3 120.0 -3235.0 80 -14 26.948999999999995 6.1739999999999995 647
-3230.0 74.81999999999996 1 90.0 -3320.0 83 -16 23.69399999999998 2.1339999999999995 664
-3275.0 27.485 0 0.0 -3275.0 81 -9 0.0 0.0 655
-3245.0 33.309999999999995 1 30.0 -3275.0 81 -10 3.196999999999999 1.8500000000000003 655
-3275.0 30.65099999999999 0 0.0 -3275.0 81 -9 0.0 0.0 655
-3085.0 70.92399999999999 2 150.0 -3235.0 80 -15 32.122 3.1049999999999995 647
-3340.0 61.18099999999997 1 60.0 -3400.0 85 -15 10.617999999999997 0.8930000000000001 680
1430.0 340.1319999999999 21 2040.0 -610.0 81 -77 114.32499999999999 82.59899999999996 122
-45.0 218.41499999999994 12 1230.0 -1275.0 85 -57 46.98199999999999 44.711000000000006 255
1220.0 250.39600000000004 15 1830.0 -625.0 82 -55 79.54100000000001 67.22500000000001 125
-3125.0 52.72399999999999 2 150.0 -3275.0 81 -14 15.340999999999996 4.162000000000001 655
-3440.0 63.30899999999998 1 60.0 -3440.0 86 -13 8.514 2.3560000000000003 688
-3115.0 59.36699999999998 3 210.0 -3235.0 80 -15 20.96399999999999 6.965 647
-3290.0 40.825999999999986 1 30.0 -3320.0 83 -10 8.823999999999998 1.613 664
0.0 10.499000000000002 0 0.0 0.0 0 -4 0.0 0.0 0
-3230.0 74.85899999999995 1 90.0 -3320.0 83 -17 25.117999999999984 2.195 664
1200.0 291.25699999999983 19 1440.0 -240.0 80 -67 105.79199999999997 55.58299999999999 16
-585.0 111.037 11 660.0 -1265.0 85 -30 38.24199999999999 21.209 253
-3370.0 86.99999999999994 1 30.0 -3400.0 85 -17 27.708999999999975 1.1690000000000003 680
1290.0 229.22399999999993 14 1530.0 -240.0 80 -54 68.657 56.19499999999999 16
-3440.0 52.90699999999998 0 0.0 -3440.0 86 -12 0.0 0.0 688
-3275.0 23.86499999999999 0 0.0 -3275.0 81 -8 0.0 0.0 655
-285.0 161.49900000000002 14 990.0 -1275.0 85 -40 55.04600000000001 37.455 255
1690.0 273.33599999999996 13 2310.0 -620.0 82 -62 100.09700000000002 80.12899999999998 124
-3150.0 87.47499999999997 3 210.0 -3360.0 83 -19 22.63099999999999 12.327999999999994 672
2280.0 260.026 17 2520.0 -240.0 80 -62 90.98400000000001 87.80899999999998 16
1020.0 240.1399999999999 19 1260.0 -240.0 80 -63 71.11699999999996 37.05 16
-465.0 105.369 9 810.0 -1275.0 85 -29 36.678 27.342 255
-3140.0 63.564999999999976 2 180.0 -3320.0 83 -15 18.924999999999994 5.732999999999999 664
0.0 11.361000000000004 0 0.0 0.0 0 -4 0.0 0.0 0
-3215.0 35.705999999999996 1 60.0 -3275.0 81 -11 2.725 1.673 655
1345.0 257.2389999999999 12 1980.0 -635.0 84 -66 52.306000000000004 74.23599999999998 127
450.0 225.55699999999996 15 1470.0 -1020.0 85 -58 73.23499999999999 62.596000000000004 204
-3185.0 39.553 2 90.0 -3275.0 81 -13 1.753 1.8680000000000003 655
465.0 197.58799999999994 12 1740.0 -1275.0 85 -49 72.40700000000002 58.96599999999998 255
-3275.0 30.298999999999992 0 0.0 -3275.0 81 -9 0.0 0.0 655
3090.0 414.26200000000006 16 3330.0 -240.0 80 -92 147.949 114.969 16
-3360.0 49.815999999999974 0 0.0 -3360.0 83 -14 0.0 0.0 672
-3145.0 47.051999999999985 2 90.0 -3235.0 80 -12 11.364999999999997 5.1899999999999995 647
2490.0 367.7479999999998 20 2730.0 -280.0 85 -91 118.43999999999994 102.16200000000002 24
30.0 20.533999999999995 1 30.0 0.0 0 -4 5.096 5.142999999999998 0
-3440.0 50.262999999999984 0 0.0 -3440.0 86 -12 0.0 0.0 688
-3320.0 44.147999999999996 0 0.0 -3320.0 83 -13 0.0 0.0 664
-3230.0 95.35599999999997 2 90.0 -3320.0 83 -19 36.357999999999976 4.266000000000001 664
-3185.0 37.15299999999999 1 90.0 -3295.0 81 -11 0.0 0.0 659
2130.0 291.698 17 2370.0 -240.0 80 -76 77.19099999999999 87.138 16
-3095.0 43.16499999999999 2 180.0 -3275.0 81 -13 7.064999999999999 5.66 655
-3245.0 84.86200000000007 1 30.0 -3275.0 81 -8 36.34800000000003 22.581000000000003 655
150.0 30.474999999999994 2 150.0 0.0 0 -9 9.601999999999997 4.479000000000001 0
295.0 211.79899999999998 15 1290.0 -995.0 82 -53 69.704 49.91399999999999 199
-3240.0 83.37799999999994 1 120.0 -3360.0 83 -16 26.441999999999993 2.393 672
-3320.0 35.79899999999999 0 0.0 -3320.0 83 -9 0.0 0.0 664
-3310.0 74.81399999999998 2 90.0 -3410.0 85 -15 20.21399999999999 4.364000000000001 682
2400.0 297.6289999999999 19 2640.0 -240.0 80 -76 81.01599999999998 106.15499999999997 16
-220.0 155.093 13 750.0 -970.0 80 -41 51.92199999999998 24.117 194
-3275.0 23.965999999999994 0 0.0 -3275.0 81 -8 0.0 0.0 655
345.0 227.056 11 1620.0 -1275.0 85 -58 47.41 63.800999999999995 255
1200.0 283.976 20 1440.0 -255.0 80 -62 101.44600000000001 59.926999999999985 19
1530.0 237.551 15 1770.0 -240.0 80 -59 87.64999999999998 52.888 16
0.0 11.560000000000006 0 0.0 0.0 0 -4 0.0 0.0 0
-3170.0 70.67999999999998 2 150.0 -3320.0 83 -17 20.04099999999999 6.566000000000001 664
-3320.0 34.240999999999985 0 0.0 -3320.0 83 -10 0.0 0.0 664
-3215.0 45.681999999999995 2 60.0 -3305.0 81 -11 8.025999999999998 4.994 661
-3215.0 52.660999999999966 1 60.0 -3275.0 81 -14 9.729999999999992 2.9910000000000005 655
-3215.0 34.87799999999999 1 60.0 -3275.0 81 -10 3.757999999999999 3.427 655
-2945.0 57.450999999999986 2 330.0 -3275.0 81 -16 14.038 8.657999999999996 655
-3440.0 52.032999999999994 0 0.0 -3440.0 86 -12 0.0 0.0 688
-3400.0 53.317999999999984 0 0.0 -3400.0 85 -15 0.0 0.0 680
-3065.0 54.363 2 210.0 -3290.0 82 -16 11.026 6.2219999999999995 658
-3400.0 44.41899999999999 0 0.0 -3400.0 85 -11 0.0 0.0 680
-2975.0 47.09699999999998 2 300.0 -3275.0 81 -14 8.668999999999999 9.333999999999998 655
-200.0 136.91699999999994 10 780.0 -980.0 81 -35 31.365000000000002 31.658 196
0.0 10.859000000000004 0 0.0 0.0 0 -4 0.0 0.0 0
-3275.0 22.78199999999999 0 0.0 -3275.0 81 -7 0.0 0.0 655
-3300.0 96.88699999999999 1 60.0 -3360.0 83 -21 28.54200000000002 1.8979999999999997 672
530.0 209.43099999999998 15 1140.0 -610.0 81 -56 69.44499999999998 40.460000000000015 122
650.0 197.24200000000002 16 1260.0 -610.0 81 -52 66.622 46.802 122
-3320.0 29.148999999999983 0 0.0 -3320.0 83 -8 0.0 0.0 664
-15.0 184.12599999999998 10 1260.0 -1275.0 85 -44 50.00600000000003 46.20999999999998 255
-3210.0 95.08399999999995 2 150.0 -3360.0 83 -20 36.17499999999997 4.340000000000001 672
-3320.0 32.31499999999999 0 0.0 -3320.0 83 -10 0.0 0.0 664
-3360.0 48.56199999999998 0 0.0 -3360.0 83 -14 0.0 0.0 672
-3155.0 47.67599999999999 2 120.0 -3275.0 81 -12 8.090999999999998 7.776 655
-3440.0 51.76299999999998 0 0.0 -3440.0 86 -12 0.0 0.0 688
595.0 194.06199999999995 13 1200.0 -605.0 80 -50 51.339999999999996 47.21800000000001 121
1330.0 356.467 24 1950.0 -620.0 82 -83 125.61000000000001 78.42799999999998 124
0.0 10.349999999999993 0 0.0 0.0 0 -4 0.0 0.0 0
-3400.0 45.915 0 0.0 -3400.0 85 -11 0.0 0.0 680
-3200.0 80.16099999999993 2 120.0 -3345.0 84 -17 30.433999999999973 4.748 669
1350.0 219.27399999999992 16 1590.0 -240.0 80 -55 72.85899999999998 52.85999999999999 16
-3115.0 31.786999999999992 1 120.0 -3235.0 80 -8 11.363 3.3310000000000013 647
615.0 184.41200000000003 10 1890.0 -1275.0 85 -47 51.61100000000003 74.94 255
310.0 223.14699999999993 19 1290.0 -980.0 81 -57 76.28199999999998 46.38499999999999 196
-2930.0 100.43999999999994 1 390.0 -3320.0 83 -22 28.384999999999987 13.325999999999995 664
-3320.0 42.64599999999998 0 0.0 -3320.0 83 -13 0.0 0.0 664
-3185.0 75.86699999999996 2 90.0 -3275.0 81 -18 26.382999999999996 3.6010000000000004 655
450.0 247.43899999999988 13 1740.0 -1290.0 86 -54 83.96899999999998 66.28399999999998 258
-3215.0 41.373 2 60.0 -3275.0 81 -10 11.026000000000003 2.4210000000000003 655
-3125.0 29.934999999999995 1 150.0 -3275.0 81 -11 0.0 0.0 655
1110.0 233.536 16 1740.0 -630.0 84 -56 79.72999999999999 70.491 126
1100.0 236.35499999999996 14 1590.0 -515.0 84 -57 75.699 62.38600000000002 54
-3400.0 43.41099999999999 0 0.0 -3400.0 85 -11 0.0 0.0 680
-45.0 145.51099999999997 11 960.0 -1005.0 83 -38 47.33999999999999 41.69199999999999 201
1290.0 300.04299999999995 22 1530.0 -260.0 81 -75 93.69299999999996 62.58299999999998 20
-3175.0 44.32399999999999 1 60.0 -3275.0 82 -13 6.967999999999996 2.3 655
-3240.0 115.59199999999997 2 120.0 -3360.0 83 -25 39.494000000000014 4.66 672
1105.0 207.04500000000004 15 1710.0 -605.0 80 -44 67.27700000000002 61.298999999999985 121
0.0 9.902999999999997 0 0.0 0.0 0 -4 0.0 0.0 0
-2965.0 44.637 2 270.0 -3235.0 80 -13 9.086999999999996 8.397999999999996 647
-3170.0 100.63199999999996 3 150.0 -3330.0 83 -20 41.65599999999997 7.614999999999999 666
-3290.0 45.93999999999999 1 30.0 -3320.0 83 -12 5.365999999999997 1.5220000000000002 664
-3320.0 43.579999999999984 0 0.0 -3320.0 83 -13 0.0 0.0 664
60.0 16.233 1 60.0 0.0 0 -4 5.435999999999998 4.605999999999998 0
-3330.0 46.861999999999995 1 30.0 -3365.0 83 -12 5.365999999999997 1.961 673
-3170.0 71.83199999999998 2 150.0 -3320.0 83 -17 21.428 6.6789999999999985 664
-2990.0 92.90699999999994 2 330.0 -3325.0 83 -18 30.203999999999986 16.171999999999993 665
-3290.0 69.22299999999996 1 30.0 -3320.0 83 -15 23.069999999999983 1.5170000000000001 664
-3300.0 41.946999999999996 1 60.0 -3360.0 83 -11 5.505999999999999 2.058 672
-3290.0 51.03799999999999 1 30.0 -3320.0 83 -15 3.757999999999999 3.3469999999999995 664
0.0 10.048999999999998 0 0.0 0.0 0 -4 0.0 0.0 0
-3185.0 37.192999999999984 2 90.0 -3275.0 81 -11 2.725 2.7830000000000004 655
1740.0 296.5059999999999 22 1980.0 -240.0 80 -72 91.45699999999998 80.76699999999997 16
430.0 216.312 18 1410.0 -1000.0 82 -55 68.205 38.728 200
85.0 214.48799999999994 15 1080.0 -995.0 82 -55 69.34799999999998 41.583 199
-3275.0 36.30399999999999 0 0.0 -3275.0 81 -12 0.0 0.0 655
675.0 261.33700000000005 10 1980.0 -1305.0 86 -61 78.74500000000003 65.60199999999999 261
1560.0 272.061 19 1800.0 -250.0 80 -65 103.02999999999997 74.269 18
120.0 26.769 1 120.0 0.0 0 -7 8.940000000000001 3.757999999999999 0
-3410.0 52.262999999999984 1 30.0 -3440.0 86 -13 3.2039999999999997 0.44700000000000006 688
-225.0 156.633 10 1050.0 -1275.0 85 -36 47.702999999999996 41.261999999999986 255
-3230.0 45.130999999999986 1 90.0 -3320.0 83 -13 2.725 2.612 664
-3125.0 51.11499999999998 2 150.0 -3275.0 81 -15 7.587000000000001 3.4939999999999998 655
-3215.0 49.26999999999999 2 60.0 -3275.0 81 -13 9.433999999999996 3.091 655
0.0 11.647000000000006 0 0.0 0.0 0 -4 0.0 0.0 0
60.0 31.12999999999998 1 60.0 0.0 0 -7 10.854999999999992 4.067999999999999 0
-3245.0 67.59299999999995 1 30.0 -3275.0 81 -14 26.719999999999978 1.838 655
-3230.0 44.066999999999986 1 90.0 -3320.0 83 -12 5.096 4.538000000000001 664
1250.0 228.29099999999997 14 1860.0 -610.0 81 -57 73.323 65.557 122
-3270.0 50.553999999999995 1 90.0 -3360.0 83 -13 6.495999999999999 2.2960000000000003 672
2280.0 312.543 17 2520.0 -240.0 80 -76 99.52500000000002 85.635 16
-3320.0 34.63299999999998 0 0.0 -3320.0 83 -10 0.0 0.0 664
0.0 9.245999999999999 0 0.0 0.0 0 -4 0.0 0.0 0
-3145.0 25.88499999999999 1 90.0 -3235.0 80 -9 1.753 3.4469999999999996 647
-90.0 157.98299999999992 11 1170.0 -1260.0 84 -39 45.689999999999976 42.51400000000001 252
-3320.0 41.448999999999984 1 90.0 -3320.0 83 -11 5.508000000000001 3.342 664
900.0 204.12499999999994 14 1140.0 -250.0 81 -47 69.624 47.25099999999998 18
-3360.0 59.35299999999997 0 0.0 -3360.0 83 -18 0.0 0.0 672
-3270.0 61.248 2 90.0 -3360.0 83 -15 12.376999999999999 3.1040000000000005 672
-3280.0 84.57899999999994 1 120.0 -3400.0 85 -17 28.190999999999967 2.666 680
0.0 11.034999999999997 0 0.0 0.0 0 -4 0.0 0.0 0
-170.0 173.03600000000003 12 1530.0 -1700.0 85 -40 66.421 63.93999999999997 340
-3340.0 60.830999999999996 2 60.0 -3400.0 85 -14 6.129 3.5170000000000003 680
0.0 10.075999999999997 0 0.0 0.0 0 -4 0.0 0.0 0
-3360.0 48.73199999999997 0 0.0 -3360.0 83 -14 0.0 0.0 672
-3145.0 37.952999999999996 2 90.0 -3235.0 80 -10 6.184999999999995 1.897 647
-3125.0 86.36999999999996 3 150.0 -3275.0 81 -18 30.092999999999996 8.701999999999998 655
15.0 215.232 16 1020.0 -1005.0 83 -50 73.97099999999996 43.297 201
