-820.0 173.15100000000004 10 840.0 -1660.0 83 -38 67.90200000000002 34.31899999999999 332
180.0 43.59399999999998 3 180.0 0.0 0 -14 10.816999999999998 5.4030000000000005 0
180.0 49.399999999999984 3 180.0 -3025.0 75 -15 14.295999999999996 5.828999999999999 605
390.0 85.91499999999998 4 390.0 0.0 0 -20 21.727999999999987 23.268 0
150.0 149.80399999999992 11 780.0 -630.0 84 -41 41.32799999999999 23.011000000000003 126
-520.0 169.14499999999998 12 1140.0 -1660.0 83 -42 62.36299999999998 40.529 332
750.0 91.87199999999999 6 750.0 -755.0 37 -24 26.553999999999995 25.125999999999998 151
1650.0 302.06699999999984 20 1890.0 -240.0 80 -80 75.75 55.80599999999999 16
2280.0 310.5089999999999 19 2520.0 -240.0 80 -77 89.96900000000002 95.853 16
270.0 47.308 3 270.0 -3165.0 79 -16 10.232999999999999 10.811999999999996 633
330.0 56.31999999999998 4 330.0 -2565.0 64 -15 18.833999999999996 11.652000000000001 513
180.0 50.518 4 180.0 0.0 0 -14 12.752999999999995 5.978000000000001 0
1500.0 277.60099999999983 21 1740.0 -240.0 80 -74 86.28599999999999 56.503999999999984 16
565.0 256.46700000000004 18 1560.0 -995.0 82 -62 78.707 71.57300000000001 199
445.0 221.32799999999995 15 1440.0 -995.0 82 -58 85.03699999999998 42.559000000000005 199
1950.0 290.93399999999997 24 2190.0 -240.0 80 -72 94.269 85.30300000000001 16
-850.0 133.25799999999995 9 810.0 -1680.0 85 -36 38.372 23.403999999999993 336
-1150.0 91.368 7 510.0 -1665.0 83 -25 22.788999999999998 16.992 333
690.0 218.99300000000005 15 1290.0 -600.0 85 -56 58.776999999999994 54.394999999999996 120
-165.0 204.23899999999998 15 1170.0 -1275.0 85 -49 72.704 49.51500000000001 255
150.0 197.2979999999999 11 1410.0 -1260.0 84 -46 70.613 52.92999999999999 252
180.0 74.37199999999994 4 180.0 0.0 0 -18 27.744999999999983 7.6110000000000015 0
420.0 49.73899999999998 5 420.0 0.0 0 -14 16.658999999999995 13.008999999999997 0
1620.0 212.20300000000006 15 1860.0 -240.0 80 -59 46.139 52.17700000000001 16
180.0 43.43699999999999 3 180.0 0.0 0 -14 8.609000000000002 4.708 0
-240.0 141.96999999999994 11 1020.0 -1260.0 84 -30 58.74099999999998 36.74199999999999 252
145.0 164.36899999999997 9 1140.0 -995.0 82 -43 44.099999999999994 49.222000000000016 199
1605.0 277.9859999999999 17 1860.0 -255.0 85 -69 95.39199999999998 55.556 17
240.0 231.59400000000002 12 1500.0 -1260.0 84 -55 85.424 55.666000000000025 252
300.0 74.92199999999998 7 300.0 0.0 0 -16 27.993999999999993 15.723 0
270.0 49.59499999999999 3 270.0 0.0 0 -14 11.927999999999999 7.940999999999997 0
1360.0 217.20099999999994 14 1860.0 -500.0 83 -58 65.54099999999998 59.454 50
2130.0 337.8449999999999 16 2760.0 -630.0 84 -74 131.23300000000006 101.08999999999996 126
-375.0 141.84699999999998 12 900.0 -1275.0 85 -34 50.11899999999999 36.55299999999999 255
150.0 53.825999999999986 3 150.0 0.0 0 -14 18.513999999999996 4.329999999999999 0
30.0 158.28299999999996 13 1290.0 -1260.0 84 -39 53.26199999999999 47.852000000000004 252
-240.0 97.44999999999999 10 780.0 -1020.0 85 -31 27.877999999999993 16.564999999999998 204
120.0 54.076999999999984 2 120.0 0.0 0 -14 16.276999999999997 3.2249999999999996 0
615.0 203.375 10 1890.0 -1275.0 85 -47 71.73300000000002 71.69199999999998 255
-510.0 105.58099999999997 9 750.0 -1260.0 84 -27 35.636 25.467 252
450.0 49.00299999999999 4 450.0 -3195.0 79 -15 12.594999999999997 13.022000000000002 639
390.0 61.386 6 390.0 -2490.0 62 -17 22.737000000000002 13.634 498
-1200.0 96.91699999999997 9 480.0 -1680.0 83 -25 32.758 23.635999999999996 336
510.0 210.99800000000002 15 1530.0 -1020.0 85 -50 74.146 59.142999999999994 204
145.0 180.21199999999993 13 1140.0 -995.0 82 -42 65.23499999999999 43.42899999999998 199
1365.0 264.692 21 1620.0 -255.0 85 -65 90.458 58.82499999999999 17
210.0 47.60799999999999 3 210.0 0.0 0 -14 10.459 8.253 0
870.0 265.367 13 1890.0 -1020.0 85 -62 78.59099999999998 83.68 204
-10.0 169.27199999999993 10 1020.0 -1030.0 85 -41 68.952 33.84499999999999 206
345.0 225.79299999999998 14 1620.0 -1275.0 85 -56 77.16500000000002 60.72499999999999 255
480.0 55.323 4 480.0 -2160.0 54 -14 18.252000000000002 15.563999999999993 432
360.0 61.68699999999998 4 360.0 0.0 0 -14 17.075999999999993 18.823999999999998 0
15.0 189.47599999999997 12 1020.0 -1005.0 83 -51 60.609999999999985 32.78999999999999 201
325.0 175.0469999999999 15 960.0 -635.0 84 -48 57.68099999999998 37.758 127
385.0 158.27599999999998 16 1020.0 -635.0 84 -44 51.79199999999999 36.58 127
495.0 205.92699999999996 14 1770.0 -1275.0 85 -52 70.53699999999999 52.288999999999994 255
480.0 204.95300000000003 12 1500.0 -1020.0 85 -47 83.80600000000003 53.61699999999997 204
210.0 61.181 4 210.0 -2985.0 74 -15 20.189999999999998 11.154 597
-75.0 148.88099999999997 11 1200.0 -1290.0 86 -34 47.68999999999999 40.662 258
85.0 173.07699999999994 13 1080.0 -995.0 82 -43 59.66399999999999 38.090999999999994 199
60.0 136.16099999999997 11 1080.0 -1020.0 85 -38 39.69999999999999 32.747 204
-270.0 148.054 7 990.0 -1260.0 84 -40 30.09399999999999 45.57300000000001 252
-285.0 143.158 11 990.0 -1315.0 86 -38 39.42999999999999 35.410999999999994 263
925.0 193.22599999999997 14 1560.0 -635.0 84 -44 70.45900000000002 56.80799999999998 127
-1120.0 118.65299999999998 9 540.0 -1660.0 83 -30 37.398999999999994 19.448 332
-120.0 155.17599999999996 14 1140.0 -1260.0 84 -42 45.60799999999998 39.441 252
630.0 168.999 16 1260.0 -635.0 84 -44 58.46999999999999 37.929 127
1075.0 234.06899999999987 17 1710.0 -635.0 84 -65 67.514 61.41999999999999 127
510.0 78.503 5 510.0 0.0 0 -16 31.130000000000003 20.533999999999992 0
420.0 89.92699999999998 5 420.0 0.0 0 -20 35.448999999999984 15.816 0
600.0 69.49999999999999 5 600.0 0.0 0 -15 27.069 21.88699999999999 0
205.0 163.04099999999997 10 1200.0 -995.0 82 -45 49.02499999999999 44.397999999999996 199
360.0 61.054999999999964 4 360.0 -2440.0 61 -14 19.526999999999994 17.896999999999995 488
270.0 43.66899999999998 3 270.0 0.0 0 -15 12.203999999999997 5.592 0
510.0 88.69500000000001 5 510.0 -2690.0 67 -18 32.977 29.137999999999984 538
360.0 69.73299999999999 5 360.0 -2570.0 64 -17 23.767999999999994 15.762999999999998 514
540.0 88.315 3 540.0 -3250.0 81 -18 42.86099999999998 11.369000000000003 650
330.0 72.03499999999997 5 330.0 -3040.0 76 -17 23.409000000000002 12.004 608
1500.0 221.745 15 1740.0 -240.0 80 -63 55.545999999999985 59.327000000000005 16
1455.0 206.405 18 1710.0 -255.0 85 -53 56.631999999999984 48.52799999999999 17
240.0 40.097999999999985 2 240.0 0.0 0 -14 3.3670000000000004 6.513999999999999 0
-255.0 198.42299999999997 18 1020.0 -1275.0 85 -56 62.61699999999998 34.014 255
90.0 238.32399999999993 13 1110.0 -1020.0 85 -54 74.13499999999998 63.233 204
30.0 180.95699999999997 11 1290.0 -1260.0 84 -48 54.07999999999999 46.16799999999999 252
495.0 216.34900000000002 13 1740.0 -1245.0 83 -57 57.51900000000002 51.40200000000001 249
1095.0 226.42200000000005 12 2040.0 -955.0 79 -63 48.001999999999995 78.973 191
360.0 79.11199999999998 4 360.0 0.0 0 -16 28.27699999999999 17.799000000000003 0
450.0 56.12599999999999 3 450.0 0.0 0 -14 14.960999999999995 20.424999999999994 0
-225.0 181.98099999999994 12 1050.0 -1275.0 85 -41 63.79599999999999 48.870999999999995 255
-3050.0 103.19 3 150.0 -3200.0 80 -22 27.791999999999987 16.96399999999999 640
330.0 53.27499999999999 4 330.0 0.0 0 -17 10.854999999999997 6.698 0
-120.0 155.201 10 1140.0 -1260.0 84 -38 47.84 45.02399999999999 252
355.0 192.188 13 1350.0 -1005.0 82 -44 70.035 57.262999999999984 201
180.0 51.10899999999999 3 180.0 0.0 0 -14 15.727999999999994 7.369999999999999 0
180.0 47.28499999999999 3 180.0 -3235.0 80 -14 13.758 6.241999999999999 647
240.0 64.27799999999999 3 240.0 0.0 0 -14 22.165000000000003 16.508 0
740.0 246.34199999999996 16 1350.0 -610.0 81 -49 92.51600000000002 64.387 122
345.0 231.59799999999998 14 1350.0 -1005.0 83 -57 78.84500000000003 55.332 201
-285.0 179.64099999999996 10 1050.0 -1275.0 85 -46 47.42199999999999 47.35600000000001 255
655.0 221.28699999999992 13 1650.0 -995.0 82 -50 76.86199999999997 67.16599999999997 199
210.0 78.68499999999999 6 210.0 0.0 0 -18 28.952999999999996 10.396 0
-510.0 137.76799999999997 11 780.0 -1260.0 84 -39 48.85799999999999 20.514 252
510.0 50.81399999999999 5 510.0 0.0 0 -15 14.238999999999999 16.319999999999997 0
30.0 209.46000000000004 15 1290.0 -1260.0 84 -52 72.49000000000002 36.528 252
1105.0 268.99999999999994 15 1740.0 -635.0 84 -66 79.79300000000002 67.30999999999999 127
180.0 44.083999999999996 3 180.0 0.0 0 -14 10.082999999999998 7.591 0
-165.0 143.032 9 1110.0 -1275.0 85 -39 32.532 42.930000000000014 255
645.0 244.09699999999995 15 1920.0 -1295.0 86 -56 84.61800000000002 75.04600000000002 259
2130.0 340.2449999999998 20 2370.0 -240.0 80 -80 111.43799999999997 97.44499999999996 16
330.0 80.37599999999998 5 330.0 0.0 0 -18 26.451999999999995 18.272999999999993 0
300.0 40.14899999999998 2 300.0 0.0 0 -14 3.196999999999999 2.9040000000000004 0
600.0 179.49099999999993 13 1320.0 -630.0 84 -46 55.61799999999999 34.231 126
2430.0 409.82099999999997 22 2670.0 -240.0 80 -99 114.26099999999997 93.51700000000002 16
165.0 178.977 12 1440.0 -1275.0 85 -36 70.71400000000003 57.84400000000001 255
300.0 49.242999999999974 1 300.0 0.0 0 -14 12.817 7.450999999999997 0
-870.0 139.581 12 810.0 -1680.0 83 -37 48.973 22.307 336
420.0 35.30099999999999 1 420.0 -3130.0 78 -11 0.0 0.0 626
240.0 59.30899999999999 4 240.0 0.0 0 -14 18.601000000000003 10.14 0
-1050.0 123.62999999999995 10 630.0 -1680.0 83 -29 45.98399999999999 26.204000000000004 336
570.0 195.94100000000003 8 1830.0 -1260.0 84 -42 75.30500000000005 64.36499999999998 252
420.0 80.52799999999999 6 420.0 0.0 0 -21 26.061 16.293 0
210.0 59.24799999999998 4 210.0 0.0 0 -16 13.113999999999994 9.597 0
360.0 65.136 6 360.0 0.0 0 -15 23.871999999999996 15.413999999999996 0
505.0 247.777 17 1140.0 -635.0 84 -55 77.586 70.663 127
660.0 69.64799999999997 3 660.0 -2970.0 74 -17 24.66900000000002 21.838 594
360.0 47.923 2 360.0 0.0 0 -14 11.125 12.017999999999995 0
295.0 201.76099999999997 14 1290.0 -995.0 82 -52 70.41400000000002 35.388999999999996 199
85.0 163.26699999999997 12 1080.0 -995.0 82 -39 61.23199999999999 43.004 199
510.0 69.011 4 510.0 0.0 0 -15 26.454000000000004 21.45199999999999 0
480.0 53.980999999999995 4 480.0 -3020.0 75 -16 21.253999999999998 10.109999999999998 604
210.0 179.50999999999996 12 1230.0 -1020.0 85 -45 58.34599999999999 43.297999999999995 204
390.0 45.971000000000004 3 390.0 -2900.0 72 -14 8.289000000000001 4.607 580
405.0 174.76500000000001 9 1680.0 -1275.0 85 -38 66.83500000000005 64.44499999999995 255
570.0 165.067 13 1590.0 -1020.0 85 -43 53.64600000000002 47.202 204
300.0 48.292 5 300.0 -3135.0 78 -15 14.870999999999997 9.083 627
300.0 44.84199999999998 2 300.0 0.0 0 -14 9.320999999999998 6.509999999999997 0
360.0 47.626 5 360.0 -2800.0 70 -14 12.855 10.602 560
510.0 84.98999999999998 4 510.0 0.0 0 -23 22.931000000000008 18.532999999999987 0
-1000.0 115.19899999999998 10 660.0 -1660.0 83 -30 31.979 20.133 332
330.0 70.68999999999998 6 330.0 0.0 0 -19 21.847999999999995 13.141 0
285.0 170.37799999999996 12 1530.0 -1245.0 83 -43 58.09200000000003 52.684999999999995 249
390.0 73.92899999999999 6 390.0 -2570.0 64 -15 27.981999999999992 20.689999999999998 514
-615.0 112.72499999999997 8 660.0 -1275.0 85 -28 39.954 26.453999999999997 255
330.0 53.519999999999975 3 330.0 0.0 0 -16 13.832 8.074999999999998 0
360.0 76.07199999999996 6 360.0 -2290.0 57 -20 27.17099999999999 12.518 458
625.0 251.84899999999993 15 1620.0 -995.0 82 -61 90.451 68.25099999999999 199
240.0 41.210999999999984 3 240.0 0.0 0 -14 7.609999999999999 9.082999999999998 0
2100.0 377.2869999999999 19 2580.0 -480.0 80 -90 117.62400000000005 99.10499999999998 48
1555.0 311.172 16 2190.0 -635.0 84 -78 101.00800000000002 68.49400000000001 127
1470.0 272.62199999999996 18 1710.0 -240.0 80 -62 92.598 61.12700000000001 16
240.0 56.87599999999998 4 240.0 0.0 0 -15 14.040999999999997 6.415 0
420.0 70.45399999999998 6 420.0 0.0 0 -14 25.97 22.538999999999998 0
540.0 54.091 4 540.0 0.0 0 -14 20.793999999999993 13.318999999999997 0
210.0 46.125 3 210.0 0.0 0 -14 6.795999999999999 6.197000000000001 0
330.0 43.196 3 330.0 0.0 0 -14 13.932999999999996 5.202 0
450.0 190.75800000000004 17 1050.0 -600.0 85 -54 66.55699999999999 36.251 120
1410.0 300.2420000000001 18 2040.0 -630.0 84 -72 109.12699999999998 75.55099999999997 126
955.0 234.42999999999995 16 1590.0 -635.0 84 -62 68.35399999999998 60.248999999999995 127
120.0 45.09699999999997 3 120.0 -3135.0 78 -14 6.2090000000000005 3.7040000000000006 627
240.0 49.624 4 240.0 0.0 0 -14 11.847 9.569 0
30.0 138.49199999999996 12 1050.0 -1020.0 85 -37 52.18799999999999 35.211 204
690.0 60.355999999999966 4 690.0 -2290.0 57 -16 24.164999999999992 17.127 458
390.0 56.55599999999998 2 390.0 0.0 0 -14 16.493 14.723999999999991 0
360.0 78.41199999999996 5 360.0 -2955.0 73 -19 28.384999999999998 14.863999999999995 591
375.0 235.89900000000011 16 1620.0 -1245.0 83 -57 85.438 62.02799999999999 249
1890.0 362.14799999999997 25 2130.0 -265.0 81 -87 117.69399999999995 86.22900000000003 21
270.0 232.42999999999992 17 1290.0 -1020.0 85 -61 59.23299999999998 53.28499999999999 204
2790.0 375.313 23 3030.0 -240.0 80 -91 116.15899999999996 110.02300000000001 16
-225.0 140.32599999999996 11 780.0 -1010.0 83 -35 45.15599999999999 35.303 202
570.0 82.838 4 570.0 0.0 0 -15 36.73 23.534999999999997 0
30.0 184.41 14 1290.0 -1260.0 84 -42 67.576 51.022 252
360.0 51.429 6 360.0 -2825.0 70 -14 17.136 11.027000000000001 565
570.0 211.04 8 1830.0 -1260.0 84 -51 64.98400000000002 68.981 252
85.0 139.20299999999995 11 720.0 -635.0 84 -33 52.72899999999999 30.647 127
1875.0 286.8539999999999 15 2130.0 -265.0 85 -74 86.94999999999997 54.95300000000001 19
240.0 41.619999999999976 3 240.0 0.0 0 -14 6.756999999999998 6.334999999999999 0
210.0 52.444 4 210.0 -2975.0 74 -14 15.218000000000002 6.318000000000001 595
-90.0 169.974 13 1170.0 -1260.0 84 -46 48.82199999999999 40.245 252
390.0 69.51599999999999 5 390.0 -2510.0 62 -18 19.863999999999997 11.148 502
450.0 80.66899999999998 7 450.0 -2040.0 51 -20 29.25099999999999 14.375 408
540.0 66.21700000000003 1 540.0 0.0 0 -14 22.715000000000025 23.788000000000007 0
525.0 220.06299999999996 13 1800.0 -1275.0 85 -53 76.242 58.176999999999985 255
2730.0 336.1630000000001 17 2970.0 -255.0 82 -83 101.84100000000001 107.03699999999998 19
-300.0 188.16199999999998 15 960.0 -1270.0 84 -53 57.30499999999999 34.028 254
175.0 136.84799999999998 11 1170.0 -995.0 82 -42 31.717999999999996 32.569 199
270.0 55.456 5 270.0 -2515.0 62 -14 16.458 16.473 503
2400.0 322.694 16 2640.0 -240.0 80 -75 111.31700000000002 103.06400000000002 16
1140.0 200.812 17 1770.0 -630.0 84 -60 50.144999999999996 54.28700000000002 126
345.0 175.83800000000002 9 1350.0 -1035.0 85 -38 61.92599999999999 56.44799999999999 207
180.0 39.165 3 180.0 0.0 0 -14 6.681999999999998 2.716 0
-15.0 187.77999999999994 13 1260.0 -1275.0 85 -48 59.745999999999995 50.84499999999998 255
-2640.0 85.04500000000006 1 720.0 -3360.0 83 -21 22.715000000000025 25.792999999999992 672
210.0 65.29699999999997 5 210.0 -2640.0 66 -18 19.658999999999995 7.595000000000001 528
300.0 68.68299999999998 5 300.0 0.0 0 -15 24.169999999999998 11.183 0
270.0 49.38999999999999 4 270.0 0.0 0 -16 15.702999999999996 5.4239999999999995 0
180.0 60.36699999999998 5 180.0 0.0 0 -14 18.486 11.890999999999998 0
240.0 47.87999999999999 4 240.0 0.0 0 -14 11.541 6.163999999999999 0
1755.0 326.75399999999996 22 2010.0 -255.0 85 -77 101.48499999999999 76.84899999999999 17
330.0 226.74299999999997 13 1590.0 -1260.0 84 -54 89.12500000000003 60.765 252
2310.0 385.40199999999993 21 2550.0 -240.0 80 -92 143.84599999999998 91.68799999999997 16
270.0 61.06999999999999 5 270.0 0.0 0 -14 24.210999999999995 13.268999999999998 0
210.0 47.983999999999995 4 210.0 0.0 0 -14 14.441999999999997 9.655999999999999 0
1635.0 230.97299999999998 11 1890.0 -255.0 85 -61 61.659999999999975 76.15799999999999 17
240.0 90.31200000000001 5 240.0 0.0 0 -22 31.557999999999993 13.477999999999996 0
510.0 54.51799999999998 3 510.0 -2810.0 70 -16 10.303999999999998 16.352 562
-550.0 135.58899999999994 11 1110.0 -1660.0 83 -38 31.336000000000002 39.357 332
465.0 230.594 14 1710.0 -1245.0 83 -58 74.43500000000002 65.21600000000001 249
120.0 40.30299999999999 2 120.0 0.0 0 -14 4.0699999999999985 2.1480000000000006 0
870.0 257.40100000000007 17 1500.0 -630.0 84 -58 93.69899999999998 68.588 126
330.0 78.86800000000001 5 330.0 0.0 0 -14 30.002 21.767999999999997 0
30.0 203.22699999999998 18 1290.0 -1260.0 84 -55 66.55799999999999 51.084999999999994 252
-970.0 116.06599999999995 7 690.0 -1660.0 83 -32 36.649999999999984 20.725999999999996 332
-200.0 213.98399999999992 12 1500.0 -1700.0 85 -52 76.87899999999998 50.28899999999998 340
120.0 209.52900000000005 10 1380.0 -1260.0 84 -51 67.614 49.03100000000002 252
360.0 53.853999999999985 3 360.0 0.0 0 -14 16.626 11.997 0
270.0 51.116 3 270.0 0.0 0 -15 12.161999999999999 11.488999999999999 0
240.0 58.29699999999999 4 240.0 0.0 0 -15 14.443999999999996 7.954999999999999 0
-360.0 155.02799999999993 13 900.0 -1260.0 84 -41 48.05499999999999 34.050000000000004 252
300.0 59.47200000000002 3 300.0 -2950.0 73 -13 28.101000000000028 7.665 590
-970.0 110.68899999999995 10 690.0 -1660.0 83 -30 39.94999999999999 22.393 332
-585.0 120.16399999999996 10 690.0 -1280.0 85 -31 40.17999999999999 27.572999999999997 256
450.0 51.91999999999998 6 450.0 -2260.0 56 -14 16.328 18.217999999999996 452
745.0 212.27999999999992 16 1380.0 -635.0 84 -61 64.54599999999998 38.657 127
2685.0 353.072 19 2970.0 -255.0 85 -87 110.72299999999998 110.185 17
210.0 66.08399999999997 5 210.0 0.0 0 -14 25.147 12.357000000000001 0
1735.0 321.6529999999999 17 2730.0 -995.0 82 -80 109.79899999999998 84.02399999999999 199
840.0 221.87099999999998 15 1470.0 -630.0 84 -60 69.19899999999998 56.480999999999995 126
-920.0 126.03399999999998 9 780.0 -1700.0 85 -29 53.17 32.01299999999999 340
690.0 61.645999999999994 1 690.0 0.0 0 -14 22.715000000000025 25.017000000000007 0
330.0 58.73099999999999 3 330.0 -3045.0 76 -16 12.506999999999996 17.208999999999996 609
180.0 53.54099999999998 3 180.0 0.0 0 -14 17.230999999999995 5.773999999999999 0
180.0 51.46399999999999 2 180.0 0.0 0 -15 10.658000000000001 6.705999999999998 0
415.0 212.764 14 1410.0 -995.0 82 -56 66.95199999999998 54.86800000000001 199
510.0 88.79799999999994 5 510.0 0.0 0 -21 30.567 13.634999999999991 0
405.0 213.27199999999996 15 1410.0 -1020.0 84 -53 86.08299999999997 51.129 204
270.0 149.98999999999995 10 1290.0 -1020.0 85 -44 38.18999999999999 34.69799999999999 204
240.0 55.600999999999985 4 240.0 0.0 0 -14 15.979999999999999 9.713000000000001 0
270.0 46.753999999999984 3 270.0 0.0 0 -15 12.774999999999999 6.693999999999999 0
225.0 157.621 10 1230.0 -1005.0 83 -36 61.224999999999994 50.25099999999998 201
270.0 35.79599999999999 3 270.0 0.0 0 -14 5.179999999999999 1.1500000000000001 0
375.0 164.21200000000002 13 1380.0 -1005.0 83 -40 52.73800000000002 46.20199999999998 201
270.0 56.61499999999999 4 270.0 0.0 0 -14 14.884999999999994 10.992999999999997 0
480.0 101.68999999999998 2 480.0 0.0 0 -23 31.71099999999997 20.663000000000004 0
270.0 60.89399999999997 2 270.0 0.0 0 -15 22.911999999999985 7.266000000000001 0
-810.0 165.87299999999996 11 870.0 -1680.0 83 -42 49.92999999999999 33.305 336
300.0 43.235 5 300.0 -3050.0 76 -14 11.868999999999996 4.276000000000001 610
-225.0 123.84999999999998 11 1050.0 -1275.0 85 -31 40.156 33.61500000000001 255
150.0 44.312999999999995 2 150.0 0.0 0 -15 6.055000000000001 3.7260000000000004 0
-95.0 119.12699999999998 10 540.0 -640.0 84 -28 44.10299999999999 27.960999999999995 128
655.0 244.30900000000003 14 1650.0 -995.0 82 -62 72.02699999999999 63.995000000000005 199
330.0 41.232999999999976 2 330.0 -3060.0 76 -15 6.484999999999999 8.407999999999994 612
535.0 167.97199999999995 15 1170.0 -635.0 84 -38 60.00599999999999 48.99299999999999 127
750.0 214.18499999999997 17 1380.0 -630.0 84 -55 82.89799999999995 44.275000000000006 126
120.0 160.80999999999997 12 1380.0 -1260.0 84 -48 52.60099999999999 43.10299999999999 252
-540.0 147.0399999999999 12 720.0 -1260.0 84 -40 48.78899999999999 28.305999999999997 252
270.0 66.11499999999997 3 270.0 0.0 0 -16 23.035999999999994 13.07 0
-210.0 190.82099999999994 14 1050.0 -1260.0 84 -40 78.03799999999997 46.688999999999986 252
210.0 48.46899999999997 3 210.0 0.0 0 -15 11.460999999999997 6.7090000000000005 0
750.0 87.106 3 750.0 -3045.0 76 -17 42.70100000000002 21.23 609
390.0 76.91699999999997 3 390.0 0.0 0 -19 25.147999999999985 14.937000000000001 0
210.0 52.06299999999999 3 210.0 -3130.0 78 -14 14.699999999999998 6.323999999999998 626
300.0 46.56099999999999 4 300.0 0.0 0 -15 11.822 7.405999999999996 0
330.0 41.443 2 330.0 0.0 0 -14 5.923 11.553 0
360.0 52.09699999999998 6 360.0 -2415.0 60 -14 14.960999999999999 10.804 483
1500.0 272.93699999999995 18 1740.0 -240.0 80 -58 97.371 79.86899999999999 16
345.0 187.73000000000002 12 1350.0 -1005.0 83 -50 63.47199999999999 46.322999999999986 201
630.0 75.851 3 630.0 -3005.0 75 -17 21.42599999999999 27.909999999999997 601
690.0 207.11399999999995 10 1950.0 -1260.0 84 -53 67.87 66.44899999999998 252
270.0 218.38399999999993 17 1530.0 -1260.0 84 -58 64.51799999999999 51.13199999999999 252
570.0 65.59599999999999 5 570.0 0.0 0 -14 20.79 22.559000000000005 0
390.0 44.818 2 390.0 -3105.0 77 -14 6.982999999999999 14.463999999999999 621
105.0 173.522 13 1440.0 -1275.0 85 -47 58.01399999999999 43.852 255
360.0 56.84699999999999 4 360.0 0.0 0 -14 16.187 15.111999999999998 0
390.0 45.78499999999999 5 390.0 0.0 0 -14 11.538000000000002 11.715 0
150.0 42.48799999999999 3 150.0 0.0 0 -14 9.631999999999998 2.5420000000000003 0
345.0 204.26599999999993 17 1350.0 -1005.0 83 -46 79.89299999999997 46.948999999999984 201
300.0 52.08099999999998 3 300.0 0.0 0 -14 13.114999999999998 11.520999999999999 0
-165.0 169.44399999999996 13 1110.0 -1275.0 85 -40 60.336 50.97400000000001 255
790.0 232.352 14 1770.0 -980.0 81 -54 87.87800000000003 64.838 196
600.0 89.24799999999998 4 600.0 0.0 0 -22 34.229000000000006 15.677999999999995 0
-285.0 155.75699999999995 12 990.0 -1275.0 85 -40 51.664999999999985 37.35199999999999 255
240.0 60.64599999999997 3 240.0 0.0 0 -14 19.723 8.861999999999998 0
-330.0 168.733 12 930.0 -1260.0 84 -41 56.347000000000016 38.452 252
-760.0 128.98599999999993 9 900.0 -1660.0 83 -37 33.30199999999999 26.324999999999996 332
2310.0 343.67699999999985 19 2550.0 -255.0 82 -89 105.21199999999997 92.07499999999999 19
210.0 45.00599999999998 2 210.0 0.0 0 -14 11.897999999999996 5.4529999999999985 0
-120.0 158.5219999999999 9 1140.0 -1260.0 84 -42 33.05599999999999 40.130999999999986 252
210.0 53.341 4 210.0 -2200.0 55 -14 18.757999999999996 7.176 440
-390.0 171.54400000000004 12 1290.0 -1685.0 83 -42 56.03999999999999 44.858999999999995 337
690.0 79.57900000000002 2 690.0 -3320.0 83 -18 25.13700000000001 25.740999999999993 664
1050.0 262.248 17 1620.0 -570.0 80 -59 104.82900000000002 66.75799999999998 114
330.0 78.52799999999996 5 330.0 0.0 0 -19 31.76199999999999 14.468 0
-1100.0 118.14799999999998 8 600.0 -1700.0 85 -34 29.461 20.205999999999996 340
240.0 62.45699999999998 4 240.0 0.0 0 -15 24.750999999999998 11.158999999999995 0
445.0 150.96 14 1080.0 -635.0 84 -41 48.45999999999998 38.742000000000004 127
270.0 40.85199999999999 4 270.0 0.0 0 -14 6.846 5.842999999999999 0
330.0 56.05399999999999 4 330.0 0.0 0 -15 18.331999999999994 12.358999999999998 0
60.0 197.02800000000002 16 1320.0 -1260.0 84 -56 51.86099999999999 41.90299999999999 252
-585.0 149.45899999999997 11 690.0 -1275.0 85 -41 50.710999999999984 23.203999999999994 255
355.0 132.004 10 1350.0 -995.0 82 -36 46.78400000000002 42.23899999999999 199
2550.0 347.261 19 2790.0 -240.0 80 -81 102.689 100.66799999999995 16
570.0 117.74499999999996 7 570.0 0.0 0 -20 48.29999999999999 33.087999999999994 0
360.0 58.26799999999999 5 360.0 0.0 0 -18 16.603999999999996 10.366 0
390.0 54.41100000000001 6 390.0 -2970.0 74 -18 14.888000000000002 8.007 594
360.0 72.54999999999997 5 360.0 0.0 0 -16 25.266 16.898999999999994 0
-330.0 139.20099999999996 12 930.0 -1260.0 84 -41 41.92399999999999 29.57 252
240.0 154.11999999999995 15 1260.0 -1020.0 85 -41 52.54899999999999 44.04899999999999 204
1045.0 259.32499999999993 13 2040.0 -995.0 82 -66 84.32900000000002 68.469 199
240.0 47.43 3 240.0 0.0 0 -14 14.111 6.9689999999999985 0
1320.0 263.7759999999999 18 1560.0 -240.0 80 -67 86.27599999999998 55.92199999999999 16
115.0 151.04399999999998 13 1110.0 -995.0 82 -41 42.434999999999995 39.232 199
0.0 199.30299999999994 15 1260.0 -1260.0 84 -49 60.714000000000006 52.00399999999999 252
1710.0 284.935 21 1950.0 -240.0 80 -67 82.78200000000001 76.31200000000001 16
-120.0 174.647 13 1140.0 -1260.0 84 -50 46.98999999999999 41.508999999999986 252
110.0 194.27399999999997 15 1140.0 -1030.0 85 -53 47.87499999999999 44.972999999999985 206
300.0 46.97600000000001 4 300.0 -2215.0 55 -14 9.236999999999998 10.147999999999996 443
600.0 85.31 3 600.0 0.0 0 -17 34.01200000000002 24.87799999999998 0
475.0 171.478 13 1110.0 -635.0 84 -46 45.388000000000005 36.33599999999999 127
810.0 65.207 2 810.0 0.0 0 -14 26.518000000000026 26.954999999999988 0
360.0 43.97499999999999 3 360.0 0.0 0 -14 12.028 10.280999999999997 0
510.0 71.47099999999998 6 510.0 0.0 0 -14 23.149999999999995 25.765999999999995 0
480.0 89.94699999999997 4 480.0 -2655.0 66 -20 30.57499999999998 19.15499999999999 531
0.0 147.303 12 1020.0 -1020.0 85 -37 51.025999999999996 29.807999999999996 204
180.0 48.65899999999999 3 180.0 0.0 0 -14 7.3809999999999985 3.788999999999997 0
-570.0 143.53999999999994 11 1110.0 -1680.0 83 -25 62.30699999999998 46.242 336
375.0 222.00900000000004 11 1650.0 -1275.0 85 -58 71.45500000000001 56.63200000000001 255
270.0 66.40399999999995 2 270.0 0.0 0 -18 21.291999999999987 6.640999999999998 0
-150.0 179.10099999999994 13 1110.0 -1260.0 84 -49 54.24299999999998 41.47 252
210.0 41.21799999999999 4 210.0 0.0 0 -14 7.575999999999999 4.19 0
-375.0 135.62199999999996 13 900.0 -1275.0 85 -35 50.61099999999998 35.983 255
210.0 54.96099999999999 4 210.0 0.0 0 -14 16.237999999999996 13.068999999999996 0
390.0 37.37699999999999 3 390.0 0.0 0 -14 7.117999999999998 2.3670000000000004 0
690.0 282.077 15 1830.0 -1020.0 85 -63 94.85 73.19100000000003 204
300.0 67.38199999999999 6 300.0 -2985.0 74 -18 16.439999999999998 8.577 597
240.0 79.38499999999998 4 240.0 0.0 0 -18 31.076999999999984 10.711999999999996 0
-75.0 142.62499999999997 10 1200.0 -1275.0 85 -38 49.123 35.383999999999986 255
210.0 51.10299999999999 3 210.0 0.0 0 -14 14.820999999999994 9.298999999999998 0
-1010.0 122.61799999999997 10 690.0 -1700.0 85 -36 37.43599999999999 23.557999999999996 340
-375.0 157.509 12 870.0 -1245.0 83 -36 55.15099999999999 38.99099999999999 249
-1180.0 114.825 10 480.0 -1660.0 83 -26 39.62199999999999 21.935 332
390.0 66.29299999999998 4 390.0 -3150.0 78 -20 18.391999999999996 12.721999999999996 630
270.0 43.685999999999986 3 270.0 0.0 0 -14 8.683 8.832999999999998 0
720.0 84.03299999999999 3 720.0 0.0 0 -17 33.16300000000002 27.844000000000012 0
390.0 86.96799999999993 4 390.0 0.0 0 -21 33.69799999999998 13.578999999999999 0
1740.0 320.4049999999999 19 1980.0 -240.0 80 -71 99.54599999999999 73.87699999999998 16
225.0 160.01699999999997 15 1230.0 -1005.0 83 -47 49.21299999999998 34.631 201
660.0 167.95300000000003 9 1290.0 -630.0 84 -47 43.815 44.05400000000002 126
210.0 40.386999999999986 2 210.0 0.0 0 -14 5.856999999999999 8.597999999999999 0
270.0 57.89299999999999 5 270.0 -2515.0 62 -14 14.589 8.806000000000001 503
300.0 73.11399999999998 5 300.0 -2690.0 67 -19 25.074999999999996 9.780999999999999 538
175.0 147.19099999999997 10 1170.0 -995.0 82 -40 42.08600000000003 30.41299999999998 199
840.0 210.895 18 1470.0 -630.0 84 -57 78.78499999999998 45.875 126
510.0 51.87999999999999 4 510.0 -2755.0 68 -15 11.294 6.082000000000001 551
360.0 52.79599999999999 4 360.0 0.0 0 -17 15.136999999999997 9.318999999999996 0
-345.0 116.25299999999997 8 930.0 -1275.0 85 -32 36.21999999999999 37.20599999999999 255
135.0 204.07099999999994 13 1380.0 -1245.0 83 -51 63.98099999999998 48.15399999999999 249
-5.0 190.884 12 990.0 -995.0 82 -39 70.91700000000002 47.67899999999998 199
210.0 55.505999999999986 4 210.0 0.0 0 -16 17.731999999999996 8.482 0
210.0 67.55099999999997 3 210.0 0.0 0 -14 26.673000000000002 11.942999999999996 0
540.0 191.441 18 1170.0 -630.0 84 -51 61.76899999999998 40.751999999999995 126
450.0 57.588999999999984 3 450.0 0.0 0 -16 13.020999999999999 13.415000000000001 0
225.0 187.84199999999996 10 1500.0 -1275.0 85 -40 74.76100000000001 58.45599999999999 255
-15.0 155.82199999999992 13 990.0 -1005.0 83 -49 36.45799999999999 22.476000000000003 201
330.0 56.53099999999999 7 330.0 -2100.0 52 -17 17.857 6.091000000000002 420
450.0 67.17299999999997 6 450.0 0.0 0 -20 16.299999999999997 14.667999999999997 0
-490.0 181.99599999999998 11 1170.0 -1660.0 83 -47 49.657 44.881999999999984 332
-210.0 169.5089999999999 15 1050.0 -1270.0 84 -43 58.08699999999999 38.451 254
-360.0 138.62699999999995 13 900.0 -1260.0 84 -35 46.929999999999986 27.471 252
150.0 51.30499999999998 3 150.0 0.0 0 -15 12.656 5.071 0
660.0 188.92799999999997 15 1290.0 -630.0 84 -49 64.063 54.23099999999998 126
30.0 205.36799999999997 15 1290.0 -1260.0 84 -50 75.344 52.094999999999985 252
-525.0 107.278 11 480.0 -1005.0 83 -23 39.632999999999996 27.812999999999995 201
270.0 46.916 3 270.0 -3270.0 81 -14 13.046 8.043 654
-15.0 150.078 15 990.0 -1005.0 83 -42 40.82599999999999 30.054000000000002 201
240.0 65.088 3 240.0 0.0 0 -16 21.241 10.948 0
360.0 74.50999999999998 4 360.0 0.0 0 -19 28.123999999999995 10.396 0
75.0 198.756 12 1350.0 -1275.0 85 -44 77.70400000000001 57.53699999999997 255
330.0 57.33199999999998 3 330.0 0.0 0 -17 9.965999999999998 13.500999999999996 0
-360.0 140.92999999999998 12 900.0 -1260.0 84 -31 60.891000000000005 34.191 252
-1000.0 129.381 11 660.0 -1660.0 83 -33 43.68299999999999 28.340999999999994 332
540.0 84.54199999999997 2 540.0 0.0 0 -19 20.464999999999996 26.948 0
330.0 54.883999999999986 2 330.0 -3315.0 82 -14 13.736 14.426 663
765.0 227.39199999999997 12 1770.0 -1005.0 83 -56 85.52900000000002 63.18699999999999 201
-300.0 133.71499999999997 13 960.0 -1260.0 84 -36 46.374 29.572000000000003 252
330.0 61.38299999999998 5 330.0 0.0 0 -15 20.447999999999993 12.496 0
450.0 77.37099999999995 5 450.0 0.0 0 -17 30.301000000000005 18.979 0
-940.0 131.55599999999998 9 720.0 -1660.0 83 -32 43.12799999999998 29.394 332
360.0 67.71599999999997 5 360.0 0.0 0 -14 26.704999999999988 16.680999999999994 0
300.0 58.995999999999995 5 300.0 -2510.0 62 -15 22.139 12.687 502
570.0 61.70699999999998 2 570.0 0.0 0 -16 16.118999999999996 18.266 0
780.0 176.01100000000002 10 1410.0 -630.0 84 -38 60.77400000000003 54.03999999999998 126
480.0 75.27699999999999 7 480.0 -2450.0 61 -16 29.38499999999999 20.684 490
450.0 54.046999999999976 3 450.0 0.0 0 -14 12.672999999999998 17.940999999999995 0
300.0 46.66499999999999 3 300.0 -2965.0 74 -14 9.974 8.072 593
1920.0 261.245 16 2160.0 -240.0 80 -67 76.95900000000002 78.518 16
-1360.0 84.80899999999998 7 300.0 -1660.0 83 -19 29.155 13.402000000000001 332
510.0 64.12500000000001 3 510.0 -3240.0 81 -15 24.49899999999999 11.102000000000004 648
1020.0 222.53699999999998 17 1260.0 -240.0 80 -62 70.21499999999997 43.649 16
45.0 219.38799999999998 12 1320.0 -1275.0 85 -47 69.78399999999998 64.30799999999999 255
270.0 64.31899999999997 4 270.0 0.0 0 -15 25.919999999999995 10.582 0
195.0 183.548 12 1470.0 -1275.0 85 -46 71.85200000000002 50.28699999999998 255
510.0 56.29099999999998 5 510.0 -2915.0 72 -17 12.552999999999999 12.75 583
910.0 243.92000000000002 14 1890.0 -980.0 81 -61 75.09399999999998 69.652 196
690.0 191.67499999999998 14 1710.0 -1020.0 85 -55 60.239999999999995 58.10900000000001 204
90.0 48.69099999999999 2 90.0 0.0 0 -14 11.692999999999994 1.8060000000000005 0
630.0 75.437 3 630.0 -3025.0 75 -15 31.087000000000025 24.953999999999976 605
390.0 49.50599999999999 4 390.0 0.0 0 -14 15.630999999999997 12.423999999999996 0
240.0 42.30599999999998 2 240.0 0.0 0 -14 3.4180000000000006 10.430999999999996 0
330.0 48.50699999999999 4 330.0 0.0 0 -15 15.236999999999998 4.898 0
210.0 50.63099999999999 3 210.0 -2350.0 58 -15 9.955999999999998 6.856999999999999 470
420.0 49.044 5 420.0 0.0 0 -14 10.944999999999999 9.612999999999994 0
510.0 148.11699999999996 13 1140.0 -630.0 84 -41 50.07399999999999 39.943000000000005 126
-110.0 185.26199999999997 13 870.0 -980.0 81 -45 60.06899999999998 39.17199999999998 196
715.0 190.86899999999997 17 1350.0 -635.0 84 -49 62.618999999999986 48.459999999999994 127
390.0 80.03799999999997 6 390.0 0.0 0 -16 26.676999999999992 19.334999999999994 0
540.0 204.648 15 1170.0 -630.0 84 -50 66.43999999999998 37.788999999999994 126
210.0 46.49199999999998 3 210.0 0.0 0 -14 13.801999999999996 8.238999999999999 0
270.0 82.05499999999998 5 270.0 -3320.0 83 -21 25.46 10.946 664
330.0 56.288999999999994 6 330.0 0.0 0 -14 20.677 13.710000000000003 0
-240.0 129.92499999999998 10 780.0 -1020.0 85 -34 36.979 27.192999999999994 204
-215.0 135.23499999999996 13 780.0 -995.0 82 -39 39.21199999999999 31.305999999999997 199
-420.0 122.81999999999998 10 840.0 -1260.0 84 -31 45.490999999999985 29.165999999999997 252
240.0 49.05999999999999 3 240.0 0.0 0 -14 11.572 11.132999999999997 0
1105.0 246.87600000000003 17 1740.0 -635.0 84 -58 87.85200000000003 64.82399999999998 127
270.0 49.580999999999996 3 270.0 0.0 0 -14 14.481999999999996 10.444999999999997 0
210.0 208.04199999999997 16 1470.0 -1260.0 84 -49 72.46499999999997 60.103 252
585.0 257.72900000000004 11 1980.0 -1395.0 125 -68 66.89600000000002 70.277 263
300.0 39.294999999999995 4 300.0 0.0 0 -14 10.437999999999999 7.062000000000001 0
450.0 87.102 5 450.0 -2770.0 69 -17 39.318000000000026 18.043 554
720.0 226.9339999999999 16 1350.0 -630.0 84 -56 74.469 46.61999999999999 126
390.0 205.45199999999994 19 1020.0 -630.0 84 -48 74.59699999999998 35.756 126
810.0 76.47799999999997 3 810.0 -2860.0 71 -20 25.241999999999997 17.898999999999997 572
300.0 49.406 4 300.0 0.0 0 -14 12.604999999999999 9.878999999999998 0
300.0 57.632000000000005 2 300.0 0.0 0 -14 20.392 10.858999999999993 0
240.0 47.469 3 240.0 -2815.0 70 -15 13.694999999999997 4.321 563
-50.0 185.71800000000002 10 1650.0 -1700.0 85 -44 68.67200000000003 51.659 340
270.0 57.58 4 270.0 -3115.0 77 -17 16.923 10.198 623
300.0 43.606999999999985 4 300.0 0.0 0 -14 10.594999999999999 7.385000000000002 0
240.0 125.67199999999997 12 870.0 -630.0 84 -33 40.611 31.238 126
420.0 240.026 14 1440.0 -1020.0 85 -60 85.298 49.23599999999999 204
360.0 70.97099999999999 6 360.0 0.0 0 -19 24.128999999999994 11.624 0
600.0 58.628999999999984 4 600.0 0.0 0 -19 13.964999999999996 17.353999999999992 0
600.0 100.89099999999998 5 600.0 -2840.0 71 -22 31.407999999999998 30.968999999999998 568
540.0 44.757 2 540.0 -3190.0 79 -11 16.726 14.931999999999993 638
420.0 52.541 2 420.0 -2735.0 68 -14 15.583 16.15899999999999 547
330.0 53.82299999999999 5 330.0 0.0 0 -14 18.444999999999993 12.646 0
150.0 44.22799999999998 3 150.0 -3255.0 81 -14 6.8859999999999975 4.696000000000001 651
-195.0 160.51199999999994 13 1080.0 -1275.0 85 -44 52.04499999999999 35.151999999999994 255
300.0 53.752 4 300.0 -2760.0 69 -15 12.988999999999997 11.911999999999999 552
330.0 53.947 3 330.0 -2440.0 61 -15 16.170999999999992 9.168999999999997 488
1615.0 313.7440000000001 19 2190.0 -575.0 81 -76 110.92399999999999 82.25099999999999 115
385.0 216.00399999999996 15 1380.0 -995.0 82 -52 86.269 52.68899999999999 199
2310.0 378.1679999999998 19 2550.0 -240.0 80 -87 125.61099999999999 104.179 16
-195.0 140.085 8 1080.0 -1275.0 85 -34 50.86700000000002 38.47999999999999 255
390.0 197.35700000000003 10 1650.0 -1280.0 85 -40 82.98000000000005 66.65499999999999 256
-15.0 214.82399999999996 12 1260.0 -1275.0 85 -49 80.18 48.10799999999999 255
690.0 181.55599999999995 16 1320.0 -630.0 84 -44 63.672999999999995 43.24099999999999 126
-525.0 117.848 9 750.0 -1275.0 85 -33 38.907 27.145999999999994 255
-3035.0 85.18400000000001 2 240.0 -3275.0 81 -19 29.537000000000024 7.407000000000002 655
240.0 60.478999999999985 4 240.0 0.0 0 -18 14.852999999999998 12.014 0
600.0 88.64500000000002 4 600.0 -2445.0 61 -17 37.26200000000002 25.673999999999992 489
510.0 53.53500000000001 4 510.0 -2655.0 66 -15 16.429 16.40199999999999 531
600.0 66.77699999999997 4 600.0 -2355.0 58 -15 22.604999999999997 24.183 471
0.0 198.966 13 1020.0 -1020.0 85 -50 69.60799999999998 35.883999999999986 204
270.0 228.08599999999987 19 1290.0 -1020.0 85 -55 81.86299999999997 42.55499999999999 204
330.0 96.20199999999996 5 330.0 -2845.0 71 -21 41.84899999999999 7.729 569
180.0 213.082 15 1440.0 -1260.0 84 -49 80.473 65.41199999999998 252
445.0 189.62600000000006 11 1440.0 -995.0 82 -49 42.99099999999999 54.796000000000014 199
325.0 210.47799999999995 12 1320.0 -995.0 82 -53 54.07999999999999 60.34700000000001 199
1105.0 232.63399999999996 17 1740.0 -635.0 84 -64 76.13700000000003 52.07799999999999 127
225.0 163.326 16 1230.0 -1005.0 83 -48 46.84099999999998 32.236 201
300.0 91.65499999999997 5 300.0 0.0 0 -17 38.58999999999999 19.037999999999997 0
270.0 58.53399999999998 4 270.0 -2910.0 72 -15 17.964000000000002 7.032 582
270.0 48.72699999999999 4 270.0 -2805.0 70 -14 14.024999999999995 9.313000000000002 561
-270.0 170.76999999999998 12 990.0 -1285.0 86 -40 57.27299999999998 40.420999999999985 257
-675.0 140.52699999999996 11 600.0 -1275.0 85 -33 46.30199999999999 20.689999999999998 255
565.0 213.21800000000005 16 1200.0 -635.0 84 -52 82.965 46.741 127
570.0 63.35600000000001 4 570.0 -2895.0 72 -15 22.615000000000002 20.856999999999992 579
300.0 55.22699999999998 4 300.0 0.0 0 -16 19.815999999999995 10.762999999999998 0
240.0 47.480999999999995 3 240.0 0.0 0 -14 13.823999999999995 6.7499999999999964 0
-135.0 176.36399999999995 13 1140.0 -1275.0 85 -46 59.45499999999998 35.863 255
300.0 75.11999999999998 6 300.0 0.0 0 -17 25.626999999999995 14.283999999999999 0
570.0 45.804 4 570.0 -2485.0 62 -15 14.566 16.037999999999997 497
180.0 46.28699999999999 3 180.0 0.0 0 -14 11.250999999999998 6.226 0
925.0 203.004 16 1560.0 -645.0 84 -50 76.96000000000002 51.270999999999994 129
-315.0 133.17699999999996 10 960.0 -1275.0 85 -37 31.289999999999996 26.815999999999995 255
450.0 73.312 4 450.0 0.0 0 -18 18.938999999999997 19.890999999999995 0
-450.0 111.47499999999998 11 570.0 -1020.0 85 -29 33.43699999999999 25.904999999999994 204
1015.0 228.547 14 1650.0 -635.0 84 -54 83.909 57.56000000000002 127
1975.0 326.242 17 2610.0 -650.0 86 -71 111.71400000000006 105.578 130
210.0 50.242999999999995 2 210.0 -2965.0 74 -14 16.328999999999994 8.024999999999997 593
1020.0 219.29199999999994 14 1710.0 -630.0 84 -55 65.65499999999997 65.454 126
300.0 69.70299999999997 4 300.0 -2315.0 57 -15 25.123999999999995 14.759 463
235.0 147.90799999999996 7 1230.0 -995.0 82 -36 46.55800000000003 44.119 199
240.0 55.30899999999998 3 240.0 0.0 0 -15 14.389999999999993 9.496 0
-910.0 126.88 11 750.0 -1660.0 83 -33 44.41999999999999 22.648999999999997 332
-180.0 204.23699999999988 14 1170.0 -1260.0 84 -45 78.76899999999999 44.443999999999996 252
315.0 220.531 11 1560.0 -1245.0 83 -55 66.53399999999999 68.566 249
90.0 153.36799999999997 12 1350.0 -1260.0 84 -44 38.845 36.157999999999994 252
-860.0 128.61199999999997 10 840.0 -1700.0 85 -36 44.89099999999999 24.615999999999996 340
450.0 81.54499999999996 5 450.0 0.0 0 -16 30.860999999999997 20.937999999999995 0
-240.0 156.47099999999992 13 780.0 -1020.0 85 -44 41.324999999999996 25.921 204
270.0 49.275999999999996 3 270.0 0.0 0 -14 11.972000000000001 10.114999999999998 0
270.0 59.037999999999954 3 270.0 -2715.0 67 -14 16.250999999999998 10.505999999999998 543
390.0 82.55899999999997 5 390.0 0.0 0 -16 32.35899999999999 17.201 0
1015.0 224.825 14 1590.0 -575.0 81 -54 83.593 65.88400000000001 115
180.0 49.531 4 180.0 -2965.0 74 -13 21.648999999999994 5.6080000000000005 593
330.0 52.827999999999975 3 330.0 -3050.0 76 -15 13.889999999999995 14.152000000000001 610
-45.0 189.885 16 1230.0 -1275.0 85 -45 68.957 49.82799999999999 255
-90.0 172.39699999999996 12 1170.0 -1260.0 84 -46 52.365999999999985 45.665 252
360.0 74.567 6 360.0 -1785.0 44 -18 27.209999999999997 13.818999999999997 357
-225.0 134.53399999999996 13 1050.0 -1285.0 85 -38 44.33299999999999 31.81 257
405.0 193.24499999999992 9 1410.0 -1005.0 83 -42 69.76500000000001 58.292 201
1470.0 230.05800000000005 19 1710.0 -240.0 80 -59 75.95299999999997 63.837999999999994 16
1140.0 268.34100000000007 17 1740.0 -600.0 85 -65 93.43499999999997 61.80699999999999 120
-90.0 169.53299999999996 9 1170.0 -1260.0 84 -39 57.99399999999999 49.19199999999999 252
1035.0 231.35699999999997 11 2280.0 -1245.0 83 -55 85.43700000000003 76.69199999999998 249
270.0 85.52300000000001 5 270.0 0.0 0 -19 21.018 10.230999999999998 0
180.0 62.53599999999997 4 180.0 0.0 0 -15 22.531 9.750999999999998 0
1755.0 240.849 14 2010.0 -255.0 85 -59 80.67500000000003 68.05499999999999 17
330.0 57.421 5 330.0 0.0 0 -14 18.022000000000002 13.298 0
420.0 181.87399999999994 14 1440.0 -1020.0 85 -47 72.14 50.23899999999998 204
1075.0 224.4110000000001 13 1710.0 -635.0 84 -54 74.11700000000003 62.83399999999999 127
225.0 206.18499999999995 16 1230.0 -1005.0 83 -50 68.46399999999997 51.29399999999999 201
210.0 44.19599999999999 3 210.0 0.0 0 -14 5.890999999999998 1.143 0
900.0 108.64699999999996 5 900.0 -2945.0 73 -20 38.955999999999996 42.158 589
120.0 171.24599999999995 15 1140.0 -1020.0 85 -37 67.83399999999999 50.88799999999999 204
450.0 88.979 5 450.0 -2860.0 71 -22 34.955 13.905000000000001 572
-465.0 111.85000000000001 5 810.0 -1295.0 86 -28 32.53799999999999 33.203 259
210.0 202.65499999999994 13 1470.0 -1260.0 84 -56 64.288 44.631 252
720.0 105.84799999999996 6 720.0 0.0 0 -27 36.35299999999998 22.924 0
270.0 45.33099999999999 3 270.0 0.0 0 -14 6.955999999999998 6.454999999999998 0
595.0 202.91000000000005 16 1230.0 -635.0 84 -52 50.29999999999998 57.22300000000001 127
240.0 45.89699999999999 5 240.0 0.0 0 -14 16.755999999999993 7.330000000000001 0
480.0 75.26599999999993 3 480.0 -3005.0 75 -18 28.241999999999987 15.568999999999996 601
-255.0 132.69099999999995 11 1020.0 -1290.0 85 -35 30.005999999999997 46.283999999999985 258
240.0 49.416999999999994 4 240.0 0.0 0 -14 17.552 8.056999999999999 0
420.0 67.30299999999998 7 420.0 0.0 0 -17 22.197999999999993 18.349 0
270.0 46.97199999999999 4 270.0 0.0 0 -14 11.248 10.894 0
345.0 205.62799999999993 16 1350.0 -1005.0 83 -46 72.41199999999998 58.711 201
330.0 49.45699999999998 4 330.0 0.0 0 -15 10.989999999999998 7.027999999999999 0
115.0 189.28600000000006 11 1110.0 -995.0 82 -46 66.97500000000001 39.53399999999999 199
540.0 65.73700000000001 3 540.0 -2920.0 72 -14 23.198999999999998 23.544000000000004 584
1800.0 269.71400000000006 18 2040.0 -240.0 80 -58 94.56600000000003 78.45400000000004 16
120.0 51.01899999999999 3 120.0 -3110.0 77 -14 5.5089999999999995 0.9640000000000005 622
300.0 53.84299999999998 3 300.0 0.0 0 -14 11.737 14.473999999999995 0
60.0 193.135 12 1320.0 -1260.0 84 -46 61.557000000000016 55.89599999999998 252
420.0 163.61899999999997 9 1440.0 -1020.0 85 -46 42.87799999999999 49.41 204
390.0 58.37399999999999 2 390.0 0.0 0 -15 15.6 15.23 0
300.0 55.596999999999994 5 300.0 0.0 0 -15 19.098999999999997 13.512 0
690.0 75.32799999999997 3 690.0 -2710.0 67 -19 24.622999999999998 25.151000000000003 542
540.0 210.672 19 1800.0 -1260.0 84 -50 69.11400000000002 66.74699999999999 252
300.0 47.69499999999998 3 300.0 0.0 0 -16 8.005999999999998 8.504999999999999 0
810.0 97.29599999999999 4 810.0 0.0 0 -22 38.741000000000035 28.129999999999978 0
2205.0 305.8960000000001 14 2460.0 -255.0 85 -78 77.38699999999999 97.98800000000004 17
505.0 180.32599999999996 15 1140.0 -635.0 84 -50 56.309 31.966999999999995 127
420.0 60.88299999999998 6 420.0 0.0 0 -16 19.401 11.74 0
300.0 95.04600000000002 4 300.0 0.0 0 -20 40.46499999999999 13.746999999999998 0
475.0 222.01200000000006 12 1470.0 -995.0 82 -57 64.95299999999997 47.971000000000004 199
360.0 64.701 5 360.0 0.0 0 -15 22.898 16.330999999999996 0
1920.0 263.4339999999999 16 2160.0 -255.0 81 -59 93.83699999999999 81.57199999999999 19
345.0 179.72199999999998 13 1350.0 -1005.0 83 -48 61.49999999999998 49.55999999999999 201
-510.0 200.56899999999993 11 1170.0 -1680.0 83 -47 70.707 44.20899999999999 336
435.0 184.91000000000005 11 1440.0 -1005.0 83 -53 45.467 50.17800000000001 201
240.0 46.66199999999999 4 240.0 0.0 0 -15 12.962000000000003 5.6960000000000015 0
690.0 224.344 14 1710.0 -1020.0 85 -53 86.03999999999999 63.092000000000006 204
1240.0 278.49299999999994 14 1830.0 -590.0 83 -69 95.463 62.41600000000002 118
-390.0 148.34499999999997 11 870.0 -1315.0 85 -37 58.41399999999998 30.18 263
1465.0 229.03499999999994 9 2100.0 -635.0 84 -57 64.46399999999998 77.33599999999998 127
300.0 47.499999999999986 4 300.0 -3045.0 76 -14 10.966999999999995 9.590999999999998 609
180.0 50.144000000000005 3 180.0 0.0 0 -14 12.238999999999997 9.059999999999999 0
60.0 167.97199999999998 10 1320.0 -1260.0 84 -45 41.977999999999994 43.502 252
330.0 58.678999999999974 2 330.0 0.0 0 -14 12.627999999999993 19.975999999999992 0
180.0 48.75999999999997 4 180.0 -3135.0 78 -14 12.119999999999997 7.1739999999999995 627
450.0 168.783 14 1080.0 -630.0 84 -44 48.69499999999999 39.842999999999996 126
-135.0 128.56299999999996 8 1140.0 -1275.0 85 -32 40.870999999999995 44.641999999999996 255
360.0 49.96999999999998 5 360.0 0.0 0 -14 15.096999999999996 10.303999999999997 0
300.0 55.649 4 300.0 0.0 0 -14 21.307999999999996 7.739000000000001 0
270.0 41.67099999999999 3 270.0 0.0 0 -14 9.693999999999999 7.100999999999999 0
390.0 63.381 5 390.0 0.0 0 -21 19.596000000000004 11.147999999999998 0
300.0 58.80199999999999 4 300.0 0.0 0 -14 19.323999999999998 14.830999999999998 0
195.0 162.15199999999996 13 1470.0 -1275.0 85 -46 51.047 34.888 255
210.0 49.32999999999998 3 210.0 -3185.0 79 -15 9.625000000000002 7.017000000000001 637
360.0 46.66799999999999 1 360.0 0.0 0 -14 4.203999999999999 14.196 0
-285.0 220.73199999999994 16 990.0 -1275.0 85 -52 80.43899999999998 40.235 255
-600.0 135.897 10 660.0 -1260.0 84 -35 36.334999999999994 24.156999999999996 252
180.0 49.39200000000001 3 180.0 0.0 0 -14 16.098 9.573 0
300.0 44.64399999999999 4 300.0 0.0 0 -14 10.793999999999997 8.236999999999998 0
465.0 214.50600000000003 13 1470.0 -1005.0 83 -51 65.59500000000001 52.32399999999999 201
270.0 54.54499999999998 5 270.0 0.0 0 -14 18.721 12.0 0
-315.0 152.785 12 690.0 -1005.0 83 -43 50.725999999999985 27.28100000000001 201
195.0 232.324 17 1200.0 -1005.0 83 -64 80.52199999999998 33.550999999999995 201
480.0 198.601 16 1110.0 -630.0 84 -45 72.06399999999998 46.44199999999999 126
805.0 227.545 16 1800.0 -995.0 82 -60 74.56499999999998 65.68200000000002 199
240.0 51.91299999999998 4 240.0 -2655.0 66 -14 18.041999999999994 9.430000000000001 531
240.0 66.13499999999999 5 240.0 0.0 0 -14 22.96599999999999 10.549 0
360.0 75.47299999999997 5 360.0 0.0 0 -20 25.409999999999997 12.387999999999998 0
465.0 215.56 8 1830.0 -1365.0 115 -56 56.239000000000026 68.32400000000001 261
-105.0 131.24199999999993 9 1140.0 -1255.0 83 -32 48.38799999999999 42.239999999999995 251
-15.0 188.242 10 1260.0 -1275.0 85 -50 49.74899999999998 51.106 255
180.0 46.15899999999999 3 180.0 0.0 0 -14 12.778999999999996 5.989 0
240.0 52.256 4 240.0 -3105.0 77 -15 16.826999999999998 6.472000000000001 621
330.0 56.25299999999998 4 330.0 0.0 0 -17 8.126999999999999 10.319999999999997 0
300.0 63.945999999999984 5 300.0 -2585.0 64 -15 24.450999999999993 16.480999999999998 517
630.0 108.44599999999998 6 630.0 -2555.0 63 -22 44.84199999999999 28.75399999999999 511
780.0 86.67700000000002 3 780.0 -2775.0 69 -18 27.442 34.302 555
360.0 62.66799999999998 4 360.0 -3005.0 75 -15 19.416 11.870999999999999 601
180.0 42.68299999999998 3 180.0 0.0 0 -14 8.318999999999996 3.9939999999999998 0
270.0 50.45499999999997 4 270.0 0.0 0 -15 10.818 6.793000000000001 0
15.0 166.596 12 1020.0 -1005.0 83 -45 59.374999999999986 38.632 201
1770.0 291.751 20 2010.0 -240.0 80 -75 99.82699999999998 77.42800000000003 16
630.0 246.37599999999995 11 1650.0 -1020.0 85 -56 77.86899999999997 73.307 204
1890.0 298.7840000000001 19 2130.0 -240.0 80 -74 84.335 80.32399999999998 16
300.0 54.329999999999984 5 300.0 0.0 0 -15 8.910999999999998 11.632999999999997 0
1150.0 236.61199999999994 12 1770.0 -620.0 82 -58 78.263 56.95300000000001 124
270.0 51.948999999999984 4 270.0 -2800.0 70 -14 14.809999999999999 7.4350000000000005 560
870.0 240.79299999999998 17 1500.0 -630.0 84 -56 87.11800000000001 55.146 126
-125.0 83.08699999999997 7 510.0 -635.0 84 -23 28.830999999999996 15.327 127
150.0 48.066999999999986 3 150.0 0.0 0 -14 15.927999999999997 5.143000000000001 0
420.0 86.61499999999998 7 420.0 0.0 0 -19 24.810999999999996 17.423 0
120.0 49.921 2 120.0 0.0 0 -14 11.242999999999999 6.017999999999999 0
-435.0 154.22199999999992 11 840.0 -1285.0 86 -41 47.591999999999985 33.24999999999999 257
420.0 60.27199999999999 5 420.0 0.0 0 -17 15.302000000000003 14.434 0
510.0 171.91599999999994 12 1140.0 -630.0 84 -41 61.77200000000003 45.523999999999994 126
175.0 172.12800000000004 13 1170.0 -995.0 82 -45 51.15300000000001 43.75500000000001 199
300.0 57.14099999999999 5 300.0 0.0 0 -14 24.137999999999998 9.018 0
210.0 55.28099999999998 2 210.0 0.0 0 -15 22.353999999999996 4.982999999999998 0
-320.0 205.15200000000007 11 1380.0 -1700.0 85 -48 64.89099999999999 63.31400000000001 340
600.0 234.39500000000004 13 1620.0 -1020.0 85 -54 88.75200000000001 62.29599999999996 204
270.0 55.56100000000001 3 270.0 0.0 0 -14 20.384 8.249 0
360.0 63.77700000000002 2 360.0 -3270.0 81 -13 29.71100000000002 7.832999999999999 654
-330.0 189.88599999999994 14 930.0 -1260.0 84 -48 67.15199999999997 29.036 252
450.0 53.42299999999999 4 450.0 0.0 0 -15 9.634999999999998 12.508999999999997 0
330.0 49.282 3 330.0 0.0 0 -14 14.651999999999997 9.343999999999998 0
600.0 99.73599999999996 6 600.0 0.0 0 -26 32.60499999999999 23.248999999999995 0
90.0 44.41699999999997 2 90.0 0.0 0 -14 3.483 1.5020000000000002 0
210.0 72.08399999999999 4 210.0 0.0 0 -17 21.256 13.976999999999995 0
240.0 48.580999999999975 3 240.0 0.0 0 -14 13.446999999999997 6.613 0
240.0 49.18299999999998 4 240.0 0.0 0 -14 13.572999999999993 6.7059999999999995 0
240.0 48.13900000000001 4 240.0 0.0 0 -14 15.911999999999997 5.090999999999999 0
330.0 45.02399999999998 4 330.0 0.0 0 -14 7.597999999999998 6.251 0
300.0 56.15599999999999 5 300.0 0.0 0 -16 14.818999999999996 11.98 0
600.0 195.80700000000002 17 1230.0 -630.0 84 -50 62.639999999999986 48.27899999999999 126
930.0 177.41199999999998 15 1560.0 -630.0 84 -42 66.76400000000001 55.52399999999999 126
270.0 46.658999999999985 3 270.0 0.0 0 -14 5.295000000000001 6.353 0
1105.0 246.1060000000001 16 1740.0 -635.0 84 -59 80.46300000000001 61.269 127
850.0 230.01099999999988 16 1440.0 -590.0 83 -57 81.58099999999996 52.394 118
270.0 46.601000000000006 4 270.0 -2365.0 59 -15 12.519 7.144 473
135.0 195.77200000000002 14 1410.0 -1275.0 85 -54 58.093999999999994 55.625 255
-405.0 131.74699999999999 11 870.0 -1275.0 85 -29 48.65199999999999 37.024 255
-180.0 170.20799999999994 12 1080.0 -1260.0 84 -44 49.30499999999999 41.19899999999999 252
-135.0 209.81299999999993 12 1140.0 -1275.0 85 -49 79.70999999999998 45.40099999999999 255
420.0 46.53399999999999 2 420.0 0.0 0 -14 6.68 15.863999999999997 0
600.0 167.733 9 1230.0 -630.0 84 -35 57.58300000000002 49.95499999999999 126
270.0 70.34299999999998 4 270.0 0.0 0 -15 27.06999999999999 16.756 0
420.0 79.82299999999996 6 420.0 0.0 0 -19 32.03699999999999 19.142 0
865.0 227.666 14 1500.0 -635.0 84 -49 100.17899999999999 57.379999999999995 127
480.0 45.571 4 480.0 0.0 0 -15 5.071000000000001 12.224999999999996 0
480.0 53.99599999999996 3 480.0 -2845.0 71 -15 16.559999999999988 9.017000000000003 569
-95.0 182.44000000000003 15 900.0 -995.0 82 -47 58.66699999999998 34.245000000000005 199
300.0 73.742 2 300.0 -2945.0 73 -14 28.465000000000025 14.535 589
595.0 220.67999999999995 13 1590.0 -995.0 82 -54 77.98499999999997 61.70899999999998 199
355.0 192.78599999999997 15 1350.0 -995.0 82 -44 79.17299999999999 46.699000000000005 199
210.0 52.213999999999984 4 210.0 -2715.0 67 -16 8.011999999999999 8.181000000000001 543
300.0 53.09999999999998 4 300.0 0.0 0 -14 19.549999999999994 10.866999999999999 0
-315.0 168.01899999999992 11 960.0 -1275.0 85 -39 62.20999999999999 34.806999999999995 255
270.0 44.59299999999999 3 270.0 -3215.0 80 -15 12.047999999999996 6.149999999999998 643
180.0 60.55499999999999 3 180.0 0.0 0 -14 18.625999999999998 8.189 0
180.0 107.73599999999999 4 180.0 -2325.0 58 -18 12.251999999999999 34.09299999999999 465
180.0 41.85299999999999 3 180.0 0.0 0 -14 4.413 3.6390000000000002 0
-990.0 151.23899999999998 11 690.0 -1680.0 83 -36 50.326999999999984 29.94599999999999 336
300.0 52.797000000000004 4 300.0 0.0 0 -14 16.648 11.508000000000001 0
210.0 50.07299999999999 4 210.0 0.0 0 -14 10.910999999999996 6.575999999999999 0
270.0 46.33799999999999 3 270.0 -2895.0 72 -15 14.134999999999994 8.229000000000001 579
240.0 48.54799999999999 3 240.0 0.0 0 -14 10.875 9.457999999999997 0
-15.0 149.69599999999994 14 1230.0 -1255.0 83 -47 35.599999999999994 21.207 251
390.0 59.19699999999999 6 390.0 0.0 0 -14 20.726999999999997 15.492 0
420.0 168.40999999999997 15 1050.0 -630.0 84 -41 57.563999999999986 50.604 126
-120.0 226.33299999999994 14 1230.0 -1260.0 84 -53 72.781 54.663999999999994 252
360.0 44.218999999999994 4 360.0 -2650.0 66 -14 11.062999999999999 12.392999999999997 530
450.0 177.899 15 1230.0 -630.0 84 -45 62.183999999999976 44.821999999999996 126
105.0 205.33099999999988 14 1380.0 -1275.0 85 -51 68.90700000000002 49.75699999999998 255
-630.0 156.12800000000004 12 1050.0 -1690.0 83 -39 60.715999999999994 39.089 338
420.0 83.74800000000002 5 420.0 -3050.0 76 -16 36.60800000000001 9.523000000000001 610
345.0 238.933 13 1350.0 -1005.0 83 -50 92.847 57.827 201
810.0 227.7919999999999 13 1830.0 -1025.0 85 -57 61.98899999999998 75.42699999999998 205
1110.0 95.37099999999995 2 1110.0 -2830.0 70 -18 35.76000000000002 44.08899999999999 566
210.0 57.493999999999986 2 210.0 0.0 0 -14 13.254000000000001 12.366 0
540.0 90.13400000000003 5 540.0 -3010.0 75 -20 40.05200000000002 17.171 602
-1070.0 98.32399999999997 10 630.0 -1700.0 85 -32 19.625 11.209000000000001 340
330.0 63.18299999999999 6 330.0 -2680.0 67 -14 23.382999999999996 14.780999999999997 536
270.0 59.91700000000004 3 270.0 -2260.0 56 -14 25.441000000000024 3.7320000000000007 452
-930.0 90.51099999999997 8 750.0 -1680.0 83 -32 16.578 19.517 336
-930.0 116.80599999999998 11 750.0 -1680.0 83 -33 36.70499999999999 21.315999999999995 336
190.0 243.52099999999987 15 1170.0 -980.0 81 -64 81.53899999999997 37.562999999999995 196
660.0 76.37899999999998 3 660.0 0.0 0 -15 29.512 25.91799999999999 0
-375.0 165.14799999999997 14 900.0 -1275.0 85 -48 40.43999999999999 28.420999999999992 255
-675.0 124.61599999999994 9 600.0 -1275.0 85 -35 45.896999999999984 15.008999999999999 255
-105.0 213.37 11 1170.0 -1285.0 85 -46 90.548 44.96900000000001 257
390.0 49.987 4 390.0 -2840.0 71 -14 12.326999999999996 10.841 568
390.0 86.04599999999998 6 390.0 -2435.0 60 -20 34.011 10.527000000000001 487
1700.0 315.31899999999996 18 2190.0 -490.0 81 -78 93.72300000000003 77.11500000000002 49
-210.0 158.45899999999995 14 810.0 -1020.0 85 -39 53.577999999999996 41.184000000000005 204
270.0 60.63599999999999 4 270.0 -2865.0 71 -15 26.677 8.39 573
-510.0 141.929 12 750.0 -1270.0 85 -33 50.983 33.721 254
300.0 214.84700000000004 11 1560.0 -1260.0 84 -46 88.75200000000001 61.454999999999984 252
-980.0 121.10999999999997 10 720.0 -1700.0 85 -32 35.554999999999986 29.371000000000006 340
1050.0 256.133 17 1680.0 -665.0 84 -61 87.07000000000002 64.70500000000001 133
180.0 40.94999999999999 3 180.0 0.0 0 -14 8.581 3.9379999999999993 0
210.0 58.737999999999985 3 210.0 0.0 0 -14 20.357999999999997 8.222000000000001 0
375.0 193.212 10 1380.0 -1005.0 83 -44 69.68099999999997 56.71799999999999 201
180.0 44.74899999999998 3 180.0 0.0 0 -14 12.192 4.2700000000000005 0
3285.0 411.705 20 3540.0 -255.0 85 -101 115.66300000000003 133.511 17
450.0 57.339 6 450.0 -2330.0 58 -15 14.775000000000002 13.888999999999998 466
-970.0 110.052 11 690.0 -1660.0 83 -30 33.988 24.48 332
480.0 83.95099999999998 6 480.0 0.0 0 -18 32.324 17.098 0
240.0 56.811999999999976 4 240.0 0.0 0 -15 21.581 8.648000000000001 0
-210.0 176.69699999999997 13 810.0 -1020.0 85 -46 57.218999999999994 32.202999999999996 204
2205.0 315.40999999999997 14 2460.0 -255.0 85 -70 104.54299999999999 98.458 17
180.0 39.76599999999997 2 180.0 0.0 0 -14 1.753 3.773999999999999 0
390.0 96.38399999999996 7 390.0 0.0 0 -21 37.37299999999999 19.719999999999995 0
840.0 163.44999999999996 14 1470.0 -630.0 84 -49 56.19399999999999 37.62400000000001 126
180.0 174.06299999999996 12 1440.0 -1260.0 84 -38 68.33100000000002 59.467999999999975 252
-120.0 190.91299999999995 15 1140.0 -1260.0 84 -49 68.06299999999999 38.047 252
-260.0 155.73899999999995 11 780.0 -980.0 81 -39 42.30399999999999 29.373 196
-30.0 141.20899999999995 11 600.0 -630.0 84 -35 43.08399999999998 20.420999999999996 126
330.0 48.998999999999995 1 330.0 0.0 0 -14 6.183999999999996 14.242000000000003 0
390.0 47.32599999999999 4 390.0 -2790.0 69 -14 15.988 11.037999999999998 558
-135.0 176.75699999999998 14 1110.0 -1245.0 83 -43 75.80799999999996 37.364000000000004 249
-570.0 134.914 12 690.0 -1260.0 84 -36 38.66699999999999 19.514 252
240.0 50.31899999999999 4 240.0 0.0 0 -15 11.298000000000002 9.779 0
1885.0 311.50099999999986 17 2520.0 -635.0 84 -73 113.034 95.69699999999995 127
150.0 188.4959999999999 15 1170.0 -1020.0 85 -50 56.87099999999998 42.13899999999999 204
420.0 54.52999999999999 5 420.0 0.0 0 -16 19.582999999999995 13.643999999999998 0
1680.0 277.70399999999995 14 1920.0 -240.0 80 -65 95.33799999999997 69.69299999999998 16
300.0 57.69799999999998 5 300.0 0.0 0 -14 17.619000000000003 16.084000000000003 0
-855.0 122.58999999999999 9 780.0 -1640.0 81 -32 40.37299999999999 29.351999999999997 328
210.0 40.70699999999999 2 210.0 0.0 0 -14 5.506999999999999 6.661999999999999 0
415.0 174.99299999999997 18 1050.0 -635.0 84 -46 53.20599999999999 35.596 127
55.0 142.18400000000003 9 1050.0 -995.0 82 -42 32.150999999999996 33.60999999999999 199
570.0 177.42699999999994 12 1590.0 -1030.0 85 -45 49.81999999999999 62.52999999999997 206
300.0 77.74099999999996 5 300.0 0.0 0 -20 31.086999999999996 8.741 0
-165.0 138.47199999999995 8 840.0 -1020.0 84 -34 58.718999999999966 29.849999999999994 204
210.0 59.63999999999999 5 210.0 0.0 0 -14 20.128999999999998 9.797 0
520.0 228.27399999999997 12 1500.0 -980.0 81 -56 70.738 53.61399999999999 196
1830.0 290.6599999999999 21 2070.0 -240.0 80 -76 88.56799999999998 78.439 16
240.0 262.818 14 1500.0 -1290.0 86 -59 93.75599999999999 64.02799999999999 258
975.0 258.21599999999995 17 1980.0 -1010.0 83 -65 77.39799999999998 69.23500000000003 202
255.0 163.011 10 1260.0 -1005.0 83 -38 60.45300000000002 46.22099999999997 201
210.0 47.112999999999985 3 210.0 0.0 0 -14 5.334 8.011999999999999 0
-330.0 186.474 12 1350.0 -1680.0 83 -44 64.22800000000002 52.74199999999997 336
270.0 39.40699999999999 2 270.0 -3265.0 81 -13 10.447999999999999 5.747999999999998 653
300.0 57.109999999999985 4 300.0 0.0 0 -15 17.453999999999994 11.044999999999998 0
300.0 50.60399999999999 4 300.0 0.0 0 -15 14.974999999999998 11.508999999999999 0
-940.0 157.07 12 720.0 -1660.0 83 -39 55.455000000000005 28.93099999999999 332
180.0 52.29799999999999 3 180.0 -3290.0 82 -15 16.271999999999995 7.009000000000001 658
480.0 62.248000000000005 4 480.0 0.0 0 -18 19.058999999999997 11.107999999999997 0
300.0 55.24499999999999 4 300.0 -3015.0 75 -15 15.738999999999994 9.619999999999997 603
390.0 50.851999999999975 3 390.0 -3000.0 75 -13 18.409 12.833999999999996 600
720.0 79.10900000000002 4 720.0 0.0 0 -17 30.556999999999988 26.629999999999978 0
360.0 64.19699999999999 5 360.0 0.0 0 -17 11.672999999999996 17.544999999999987 0
300.0 53.883 4 300.0 -2660.0 66 -17 16.309999999999995 8.335 532
-165.0 160.84899999999996 11 1110.0 -1310.0 87 -38 55.32199999999999 45.287 262
-820.0 183.10999999999999 12 840.0 -1660.0 83 -45 65.88100000000001 26.767 332
-15.0 154.45600000000002 14 990.0 -1005.0 83 -46 45.68399999999998 23.133 201
1135.0 220.16599999999997 14 1710.0 -575.0 81 -59 75.86799999999998 56.619 115
1935.0 308.12399999999985 20 2190.0 -255.0 85 -76 101.10599999999997 75.18599999999999 17
150.0 56.319999999999986 4 150.0 0.0 0 -14 19.151 5.596 0
-705.0 141.863 12 570.0 -1275.0 85 -37 45.93199999999999 32.065999999999995 255
300.0 37.303 3 300.0 -2905.0 72 -13 8.825999999999997 9.77 581
-285.0 129.91999999999996 12 990.0 -1275.0 85 -30 41.35199999999998 31.900999999999993 255
-645.0 90.83699999999999 8 630.0 -1275.0 85 -28 26.81199999999999 16.569 255
75.0 226.11200000000002 11 1320.0 -1245.0 83 -49 92.36 45.495 249
-90.0 173.499 13 1170.0 -1260.0 84 -47 54.19699999999999 38.916000000000004 252
210.0 49.81899999999999 4 210.0 0.0 0 -14 14.189999999999994 5.496999999999999 0
405.0 205.01599999999996 16 1410.0 -1005.0 83 -49 66.93799999999999 57.75000000000001 201
-5.0 118.50599999999997 11 990.0 -995.0 82 -35 36.975 27.359999999999996 199
-390.0 166.00700000000006 12 1290.0 -1680.0 83 -50 35.27299999999999 22.709999999999997 336
270.0 171.064 16 900.0 -630.0 84 -47 53.960999999999984 25.421000000000006 126
180.0 47.082999999999984 2 180.0 0.0 0 -14 11.897999999999996 7.1259999999999994 0
-130.0 205.81 10 1530.0 -1660.0 83 -50 67.302 57.91600000000001 332
150.0 55.04299999999999 3 150.0 0.0 0 -15 17.723 5.562000000000001 0
1350.0 260.16 17 1980.0 -630.0 84 -64 99.44800000000001 71.84199999999998 126
1110.0 279.613 18 1740.0 -630.0 84 -71 91.76199999999996 47.91099999999999 126
-75.0 180.49400000000003 14 1200.0 -1275.0 85 -43 61.350999999999985 46.207 255
450.0 68.222 6 450.0 -2470.0 61 -14 27.167 20.368 494
615.0 204.0849999999999 13 1890.0 -1275.0 85 -53 65.96199999999999 58.28299999999997 255
240.0 148.03099999999995 10 1500.0 -1260.0 84 -44 37.47499999999998 29.575999999999997 252
-480.0 135.95 11 780.0 -1260.0 84 -40 40.92699999999999 20.645 252
270.0 56.493999999999986 4 270.0 0.0 0 -14 15.231 13.231000000000002 0
135.0 162.91699999999992 9 1410.0 -1275.0 85 -42 55.193999999999974 35.29399999999999 255
450.0 212.85899999999998 16 1710.0 -1275.0 85 -54 70.15800000000003 63.48199999999998 255
-680.0 145.22500000000002 9 1020.0 -1700.0 85 -33 49.541 40.53099999999998 340
1770.0 239.928 13 2280.0 -510.0 85 -57 87.516 70.60700000000001 51
240.0 40.64199999999999 3 240.0 0.0 0 -14 0.916 3.1379999999999995 0
480.0 57.96699999999998 6 480.0 -1695.0 42 -14 21.759999999999994 15.037999999999998 339
750.0 90.74000000000001 5 750.0 -2200.0 55 -17 33.257000000000026 34.710999999999984 440
270.0 175.31099999999998 14 900.0 -645.0 85 -38 69.08500000000001 46.36899999999999 129
600.0 75.55199999999999 6 600.0 -2720.0 68 -17 27.393 24.828000000000003 544
-45.0 167.59399999999994 10 960.0 -1005.0 83 -38 56.97299999999998 38.32399999999999 201
720.0 72.27900000000004 3 720.0 0.0 0 -15 29.774000000000026 26.65199999999999 0
1515.0 260.4049999999999 18 1770.0 -265.0 85 -64 88.33399999999999 55.942 19
120.0 45.002999999999986 3 120.0 0.0 0 -14 11.893999999999998 4.540000000000001 0
180.0 48.41099999999998 3 180.0 0.0 0 -14 12.865999999999993 6.958999999999999 0
90.0 45.506 2 90.0 -3085.0 77 -14 9.265999999999998 3.637 617
15.0 163.64499999999998 10 1020.0 -1005.0 83 -43 53.361000000000004 39.064 201
1285.0 266.008 18 1920.0 -635.0 84 -58 108.84599999999998 80.73399999999995 127
330.0 59.402 4 330.0 -2855.0 71 -15 22.528999999999996 11.224 571
360.0 65.05599999999998 5 360.0 0.0 0 -16 20.814999999999994 17.499 0
210.0 50.393999999999984 3 210.0 0.0 0 -14 12.608999999999995 8.329999999999998 0
615.0 214.26699999999994 12 1620.0 -1005.0 83 -55 64.54999999999997 53.57799999999998 201
210.0 42.18399999999998 3 210.0 0.0 0 -14 5.749999999999998 4.7410000000000005 0
-255.0 151.14600000000002 11 1020.0 -1275.0 85 -34 51.3 42.210999999999984 255
300.0 41.68699999999997 2 300.0 0.0 0 -14 12.271999999999993 7.215999999999999 0
1590.0 245.653 14 1830.0 -240.0 80 -62 48.64 80.003 16
1410.0 221.938 18 1650.0 -240.0 80 -60 63.459999999999994 58.173 16
480.0 64.42399999999999 3 480.0 -3125.0 78 -17 17.519999999999996 16.429999999999996 625
90.0 54.92599999999999 2 90.0 0.0 0 -14 16.534 5.133999999999999 0
-210.0 144.26199999999997 13 1050.0 -1260.0 84 -42 41.215999999999994 30.113999999999994 252
150.0 47.196999999999996 3 150.0 -3210.0 80 -14 14.567999999999998 4.537000000000001 642
405.0 244.8619999999999 17 1410.0 -1005.0 83 -58 92.06199999999998 53.65899999999999 201
715.0 206.77799999999993 15 1350.0 -640.0 84 -51 74.39199999999998 48.516000000000005 128
1080.0 257.086 18 1860.0 -630.0 84 -61 81.46299999999997 75.057 126
-470.0 176.06399999999996 11 1230.0 -1700.0 85 -44 63.31800000000001 41.058 340
60.0 216.15499999999994 18 1080.0 -1020.0 85 -58 78.50699999999999 32.334 204
330.0 212.92099999999994 14 1350.0 -1020.0 85 -51 82.00299999999999 44.452999999999996 204
540.0 209.582 17 1170.0 -630.0 84 -56 73.01699999999998 45.98 126
600.0 52.713999999999984 1 600.0 0.0 0 -14 12.923 20.296000000000003 0
105.0 175.19799999999998 10 1380.0 -1275.0 85 -48 36.47699999999999 37.053000000000004 255
345.0 235.61499999999992 14 1350.0 -1005.0 83 -58 75.356 54.67599999999999 201
-660.0 144.009 11 600.0 -1260.0 84 -38 47.782 23.081999999999997 252
360.0 49.46299999999998 6 360.0 -2725.0 68 -15 18.634999999999998 9.692 545
270.0 46.10099999999999 4 270.0 0.0 0 -14 13.568999999999999 8.719999999999999 0
1680.0 273.93699999999995 18 1920.0 -240.0 80 -63 93.74999999999999 77.64399999999998 16
180.0 44.30199999999999 3 180.0 0.0 0 -14 9.041999999999998 5.443 0
390.0 64.74600000000001 4 390.0 0.0 0 -16 14.941999999999998 17.168999999999993 0
-1040.0 105.47399999999999 11 660.0 -1700.0 85 -25 37.81400000000001 24.622 340
805.0 255.466 15 1800.0 -995.0 82 -61 103.49400000000004 47.97199999999997 199
420.0 59.838999999999984 4 420.0 -2905.0 72 -15 20.310999999999993 17.554999999999993 581
660.0 95.644 3 660.0 -2295.0 57 -21 38.606000000000016 26.734 459
420.0 78.57500000000005 3 420.0 0.0 0 -17 29.599000000000025 17.484999999999992 0
240.0 57.63499999999996 3 240.0 0.0 0 -15 21.008999999999993 7.722 0
360.0 69.02299999999998 5 360.0 0.0 0 -17 23.363999999999994 15.806999999999999 0
420.0 97.08199999999997 6 420.0 -2025.0 50 -21 43.17399999999998 16.038 405
330.0 59.978 2 330.0 0.0 0 -14 13.420999999999998 16.497000000000003 0
180.0 52.54900000000001 3 180.0 0.0 0 -17 9.189 6.910999999999999 0
-225.0 176.33399999999997 14 780.0 -1005.0 83 -43 66.07599999999998 25.290999999999997 201
540.0 69.458 2 540.0 0.0 0 -14 25.095000000000006 25.159999999999986 0
180.0 56.07699999999998 3 180.0 0.0 0 -15 19.533999999999992 5.083 0
240.0 55.316 4 240.0 -3125.0 78 -15 19.891 9.884 625
2640.0 318.75 16 2880.0 -240.0 80 -73 112.47000000000003 102.10799999999996 16
-510.0 137.084 11 750.0 -1265.0 84 -32 36.911 33.29299999999999 253
-315.0 183.07299999999992 15 930.0 -1245.0 83 -49 62.626 28.218 249
300.0 67.16799999999999 6 300.0 -2280.0 56 -16 23.964999999999993 13.904999999999998 456
-180.0 179.72400000000002 12 1080.0 -1265.0 84 -49 48.769 42.27600000000001 253
540.0 223.10299999999998 19 1170.0 -650.0 85 -56 75.35599999999998 40.662000000000006 130
240.0 82.10299999999998 6 240.0 -2510.0 62 -20 26.586 10.703 502
270.0 62.21499999999999 4 270.0 0.0 0 -14 21.237999999999992 13.210999999999995 0
1080.0 260.40100000000007 19 1320.0 -240.0 80 -59 78.99999999999999 72.912 16
475.0 172.82300000000004 13 1470.0 -995.0 82 -36 68.54600000000002 65.91299999999997 199
180.0 53.24799999999998 3 180.0 -2940.0 73 -14 15.776999999999997 7.185999999999999 588
240.0 47.96699999999999 4 240.0 0.0 0 -14 11.125999999999996 6.404000000000002 0
330.0 213.78599999999997 10 1590.0 -1260.0 84 -53 61.786999999999985 68.013 252
300.0 67.119 5 300.0 0.0 0 -16 27.743000000000002 12.934 0
2100.0 325.585 19 2340.0 -240.0 80 -76 92.09199999999998 101.37899999999999 16
-600.0 161.22099999999998 11 1080.0 -1680.0 83 -42 43.99099999999999 40.264999999999986 336
435.0 212.66299999999987 12 1710.0 -1275.0 85 -51 73.56 58.969999999999985 255
150.0 51.24699999999998 3 150.0 0.0 0 -14 15.455000000000002 7.278 0
270.0 56.54699999999999 4 270.0 0.0 0 -14 19.507999999999996 15.000999999999998 0
-1210.0 80.67599999999997 5 450.0 -1660.0 83 -23 26.01899999999999 11.467 332
360.0 68.416 6 360.0 0.0 0 -18 22.548000000000002 12.852 0
-15.0 170.34799999999993 14 1260.0 -1275.0 85 -44 53.67499999999998 47.135 255
625.0 184.59600000000006 12 1260.0 -635.0 84 -46 52.56600000000002 47.837999999999994 127
240.0 42.36099999999998 4 240.0 0.0 0 -14 11.024999999999997 4.46 0
0.0 128.87699999999998 10 1020.0 -1020.0 85 -33 36.791 32.69599999999999 204
300.0 77.07399999999996 5 300.0 0.0 0 -16 28.773999999999983 10.771999999999998 0
660.0 227.94299999999996 15 1680.0 -1020.0 85 -61 77.98299999999996 56.56299999999999 204
-490.0 167.394 9 1170.0 -1660.0 83 -44 50.171 45.83300000000001 332
1165.0 225.35899999999998 11 1800.0 -635.0 84 -59 69.50899999999999 63.65300000000003 127
120.0 62.289999999999985 2 120.0 0.0 0 -15 21.228999999999985 4.644 0
480.0 69.98700000000001 6 480.0 -1850.0 46 -15 26.496000000000002 22.606 370
360.0 39.09899999999999 3 360.0 0.0 0 -14 8.533 5.317 0
1680.0 265.827 18 1920.0 -240.0 80 -68 76.25299999999996 49.408999999999985 16
180.0 52.830999999999996 4 180.0 0.0 0 -16 14.916 6.778 0
-90.0 198.219 18 1170.0 -1275.0 85 -53 73.63799999999999 39.164 255
300.0 99.36399999999998 6 300.0 -2675.0 66 -22 39.41199999999999 11.283999999999999 535
-620.0 141.983 10 1080.0 -1700.0 85 -36 38.288999999999994 37.175 340
210.0 59.39699999999998 3 210.0 0.0 0 -17 17.635999999999996 6.889999999999999 0
-280.0 152.63899999999998 6 1380.0 -1660.0 83 -41 41.98399999999999 38.00999999999997 332
330.0 63.91299999999998 6 330.0 0.0 0 -14 24.996999999999993 15.904 0
240.0 35.37 3 240.0 0.0 0 -14 2.7260000000000004 2.9790000000000005 0
510.0 76.237 5 510.0 0.0 0 -19 28.784999999999993 10.508 0
415.0 165.38699999999994 14 1050.0 -635.0 84 -44 55.387999999999984 31.678999999999995 127
1245.0 183.92800000000003 15 1500.0 -255.0 85 -45 56.255999999999986 47.812999999999995 17
240.0 46.85399999999999 3 240.0 -3205.0 80 -16 5.125 4.763 641
1560.0 279.31399999999996 23 1800.0 -240.0 80 -76 80.33499999999998 59.11000000000003 16
-560.0 185.58199999999994 12 1140.0 -1715.0 85 -47 64.661 42.913 343
325.0 209.57599999999994 15 960.0 -635.0 84 -51 85.02199999999998 33.434999999999995 127
240.0 53.358999999999995 2 240.0 -3220.0 80 -14 13.567999999999998 7.643999999999996 644
1255.0 295.36 15 2250.0 -995.0 82 -68 108.68700000000007 82.50199999999998 199
180.0 67.521 3 180.0 -3080.0 77 -15 22.134999999999994 11.649999999999995 616
360.0 48.322 2 360.0 -3060.0 76 -14 11.931999999999999 9.827999999999996 612
555.0 163.8549999999999 12 1560.0 -1005.0 83 -45 48.37499999999998 48.444999999999986 201
1545.0 255.18599999999984 17 1800.0 -270.0 86 -64 81.23899999999998 68.05400000000002 20
360.0 52.91900000000001 3 360.0 0.0 0 -16 9.870999999999999 11.325 0
210.0 49.934 5 210.0 0.0 0 -14 11.893999999999998 12.969000000000001 0
450.0 68.91099999999999 6 450.0 0.0 0 -20 19.857999999999997 16.652999999999995 0
300.0 63.73199999999998 4 300.0 0.0 0 -15 24.153 12.069999999999997 0
540.0 64.94500000000001 4 540.0 -2970.0 74 -15 32.227000000000025 9.689000000000002 594
2190.0 342.77000000000004 23 2430.0 -240.0 80 -83 114.31099999999998 93.05300000000001 16
-650.0 178.53699999999995 15 1050.0 -1700.0 85 -51 52.071 30.422999999999995 340
-65.0 163.708 12 930.0 -995.0 82 -44 56.25999999999996 31.195999999999994 199
1440.0 226.467 15 1680.0 -240.0 80 -53 75.05899999999998 57.237 16
270.0 56.566 4 270.0 0.0 0 -16 18.622999999999998 10.836 0
150.0 43.841999999999985 3 150.0 0.0 0 -14 11.144999999999998 4.776000000000001 0
210.0 46.05299999999998 4 210.0 -2870.0 71 -14 5.044999999999999 5.131 574
175.0 194.8889999999999 15 1170.0 -995.0 82 -50 56.946000000000005 42.011 199
465.0 224.79900000000004 17 1710.0 -1245.0 83 -61 64.40100000000001 61.608000000000004 249
480.0 88.72999999999998 8 480.0 0.0 0 -14 35.330999999999996 33.221 0
925.0 196.743 12 1560.0 -635.0 84 -45 80.56300000000005 58.472999999999985 127
420.0 67.18099999999998 3 420.0 -2790.0 69 -15 24.357000000000006 21.182999999999996 558
415.0 152.63799999999998 13 1050.0 -635.0 84 -39 43.17399999999999 39.346999999999994 127
360.0 61.793 4 360.0 -2680.0 67 -15 22.73099999999999 12.032999999999998 536
1725.0 252.92300000000003 18 1980.0 -255.0 85 -66 72.245 64.42199999999997 17
-480.0 136.33099999999996 12 780.0 -1260.0 84 -34 45.29399999999998 32.353 252
330.0 59.361 5 330.0 -2300.0 57 -16 23.121999999999996 13.907999999999998 460
-100.0 192.469 9 1560.0 -1660.0 83 -49 59.329 58.91099999999999 332
360.0 69.61599999999999 6 360.0 0.0 0 -17 28.246999999999996 11.525 0
870.0 53.57000000000003 1 870.0 0.0 0 -14 22.715000000000025 23.372999999999987 0
330.0 184.05799999999994 16 960.0 -630.0 84 -53 57.409 32.197 126
790.0 237.811 13 1770.0 -980.0 81 -64 60.018000000000015 65.15500000000003 196
270.0 61.65799999999997 4 270.0 -2880.0 72 -14 19.506999999999994 16.831999999999994 576
360.0 58.133999999999986 4 360.0 0.0 0 -16 14.326999999999998 13.957999999999998 0
810.0 112.741 5 810.0 -1835.0 45 -22 48.66900000000002 29.173999999999975 367
420.0 45.288 3 420.0 0.0 0 -14 11.159999999999997 15.156999999999998 0
-210.0 169.23400000000004 13 1050.0 -1260.0 84 -38 68.094 48.105000000000004 252
300.0 56.26399999999998 4 300.0 0.0 0 -14 15.341999999999999 11.508 0
1545.0 253.2 19 1800.0 -255.0 85 -63 80.97400000000002 61.74799999999999 17
330.0 55.380999999999986 4 330.0 -2705.0 67 -14 18.393 16.150000000000002 541
-435.0 168.66699999999997 14 840.0 -1275.0 85 -41 61.141999999999996 35.391 255
240.0 46.93099999999999 4 240.0 0.0 0 -14 11.184999999999997 8.291 0
660.0 193.713 15 1290.0 -635.0 84 -39 82.59899999999998 60.18899999999999 127
-495.0 162.48299999999998 11 780.0 -1275.0 85 -39 65.30099999999997 27.66 255
775.0 185.75399999999996 17 1410.0 -635.0 84 -55 49.24199999999999 46.50799999999998 127
300.0 57.10199999999998 4 300.0 0.0 0 -14 19.703 9.333999999999998 0
445.0 189.24699999999996 11 1440.0 -1010.0 84 -48 53.20900000000002 43.55999999999999 202
810.0 265.66099999999994 18 1440.0 -630.0 84 -63 92.02499999999998 63.884999999999984 126
-330.0 189.322 16 930.0 -1260.0 84 -53 59.85599999999998 24.616999999999997 252
300.0 85.276 6 300.0 0.0 0 -19 31.921 13.181000000000001 0
180.0 49.38399999999997 3 180.0 0.0 0 -14 13.747999999999998 6.228999999999998 0
420.0 58.271 2 420.0 -2790.0 69 -14 19.014000000000003 18.272999999999993 558
510.0 47.634999999999984 3 510.0 -2710.0 67 -15 5.923 7.377999999999999 542
300.0 50.17099999999999 4 300.0 0.0 0 -14 12.838999999999999 10.058 0
-405.0 165.27399999999997 11 870.0 -1275.0 85 -44 49.13499999999999 34.781 255
210.0 39.035 3 210.0 0.0 0 -14 7.73 4.919000000000001 0
-270.0 136.98099999999997 7 990.0 -1260.0 84 -34 43.770999999999994 37.43300000000001 252
-490.0 140.31099999999998 11 1170.0 -1660.0 83 -41 45.67499999999999 25.147 332
-430.0 201.37499999999997 11 1230.0 -1660.0 83 -45 66.40399999999998 48.13799999999999 332
720.0 184.00399999999993 16 1350.0 -630.0 84 -48 62.984999999999985 41.221000000000004 126
420.0 53.003 4 420.0 -2645.0 66 -15 15.225999999999996 12.286999999999997 529
-2830.0 116.29 4 330.0 -3160.0 79 -23 56.037000000000006 10.887999999999998 632
450.0 52.97900000000001 1 450.0 -3270.0 81 -12 22.715000000000025 8.182999999999993 654
-710.0 184.31999999999994 12 990.0 -1700.0 85 -44 60.034 46.46299999999999 340
1470.0 266.93800000000005 17 2100.0 -635.0 84 -64 89.536 77.24299999999997 127
-255.0 127.68999999999998 8 1020.0 -1275.0 85 -31 44.922 36.688999999999986 255
630.0 206.55300000000003 13 1650.0 -1020.0 85 -49 81.82000000000001 58.848999999999975 204
-600.0 120.65699999999998 11 660.0 -1260.0 84 -25 44.287000000000006 34.80599999999999 252
-225.0 187.39999999999998 18 1050.0 -1275.0 85 -51 61.61299999999999 37.109 255
180.0 48.871999999999986 3 180.0 0.0 0 -14 12.879000000000001 9.408999999999999 0
480.0 54.12899999999998 2 480.0 0.0 0 -14 13.861000000000002 17.934999999999995 0
65.0 219.46199999999996 15 1290.0 -1255.0 82 -57 57.355999999999995 48.851000000000006 251
210.0 203.71099999999998 13 840.0 -630.0 84 -46 77.46499999999999 40.312999999999995 126
175.0 181.36899999999994 14 1170.0 -995.0 82 -51 53.93399999999999 33.897999999999996 199
960.0 298.66799999999995 20 1590.0 -630.0 84 -75 108.768 66.51299999999998 126
510.0 63.45 5 510.0 -2695.0 67 -14 26.884999999999994 21.781999999999993 539
385.0 165.98799999999991 13 1020.0 -635.0 84 -46 51.578999999999986 38.028000000000006 127
15.0 149.56399999999996 16 1020.0 -1005.0 83 -45 42.175999999999995 28.111 201
240.0 49.34199999999998 3 240.0 0.0 0 -15 14.120999999999999 5.284 0
120.0 53.71299999999997 3 120.0 0.0 0 -14 17.754999999999995 5.522 0
270.0 43.86899999999999 4 270.0 -2910.0 72 -14 19.523999999999994 5.744 582
360.0 75.81099999999998 5 360.0 0.0 0 -17 30.07499999999999 14.919999999999998 0
900.0 284.742 14 1920.0 -1020.0 85 -73 70.85 71.96100000000001 204
1350.0 236.618 13 1860.0 -510.0 85 -54 84.663 69.472 51
195.0 222.3409999999999 13 1470.0 -1275.0 85 -52 76.42 53.306 255
450.0 63.51999999999999 3 450.0 0.0 0 -14 21.217999999999996 19.927 0
1020.0 231.774 15 1650.0 -630.0 84 -57 77.96299999999998 67.99800000000002 126
-240.0 119.45499999999998 11 780.0 -1020.0 85 -35 42.16699999999999 25.841000000000005 204
-560.0 174.57599999999994 12 1140.0 -1700.0 85 -41 58.143999999999984 45.727999999999994 340
-705.0 117.01499999999999 11 570.0 -1275.0 85 -31 42.78399999999999 22.451999999999998 255
-585.0 123.16899999999997 7 690.0 -1275.0 85 -33 31.271999999999988 26.249000000000002 255
390.0 49.57199999999998 3 390.0 0.0 0 -15 13.485999999999997 12.753999999999996 0
300.0 57.93699999999998 5 300.0 0.0 0 -15 19.182999999999996 10.78 0
-390.0 158.29099999999994 11 870.0 -1260.0 84 -42 53.329999999999984 29.871 252
-285.0 135.02599999999995 10 990.0 -1275.0 85 -36 44.953999999999986 32.959999999999994 255
955.0 253.67499999999998 17 1950.0 -995.0 82 -66 85.26499999999999 67.98299999999999 199
975.0 250.955 14 1560.0 -585.0 82 -66 71.52399999999997 58.417000000000016 117
360.0 184.87500000000003 13 1620.0 -1260.0 84 -44 71.53600000000003 59.84699999999996 252
270.0 70.07999999999997 5 270.0 0.0 0 -16 18.41 13.551999999999996 0
90.0 64.10299999999997 2 90.0 0.0 0 -15 9.621999999999995 16.026999999999997 0
240.0 51.215999999999994 4 240.0 0.0 0 -15 15.486999999999995 7.832000000000001 0
