540.0 82.08399999999997 7 540.0 -2515.0 62 -19 29.660999999999998 19.531 503
360.0 68.93399999999998 6 360.0 0.0 0 -21 22.600999999999992 9.602000000000004 0
480.0 76.30399999999997 7 480.0 0.0 0 -19 26.262999999999998 19.662 0
-390.0 111.36099999999996 10 690.0 -1085.0 90 -32 40.18299999999999 20.084999999999997 217
810.0 89.132 4 810.0 -2565.0 64 -21 21.029999999999994 35.009 513
750.0 91.31199999999997 6 750.0 0.0 0 -19 34.804 32.751999999999995 0
690.0 106.413 8 690.0 -2320.0 57 -24 45.085 26.064 464
-165.0 147.77899999999997 14 1170.0 -1335.0 89 -41 45.11899999999999 34.648 267
105.0 170.99000000000007 13 1440.0 -1335.0 89 -40 60.04200000000001 53.16399999999999 267
480.0 66.56599999999999 7 480.0 0.0 0 -19 22.089999999999993 12.35 0
-1200.0 120.09600000000002 9 600.0 -1805.0 90 -23 50.749000000000024 25.424 361
165.0 181.39799999999994 12 1590.0 -1335.0 89 -42 69.91200000000002 55.59399999999997 267
-770.0 127.785 8 990.0 -1760.0 87 -35 40.64699999999999 33.254999999999995 352
480.0 71.863 8 480.0 -2275.0 56 -19 23.857 16.086 455
1830.0 252.589 18 2100.0 -270.0 90 -63 86.24300000000001 75.47899999999998 18
390.0 196.775 14 1470.0 -1080.0 90 -49 82.40700000000001 49.93199999999998 216
1505.0 338.2679999999999 21 2130.0 -625.0 88 -71 127.87499999999997 90.037 125
810.0 98.54499999999996 5 810.0 -2735.0 68 -23 32.644 25.625999999999994 547
450.0 78.63399999999999 8 450.0 0.0 0 -19 27.099999999999998 18.764 0
1045.0 216.60799999999992 16 1710.0 -665.0 88 -56 72.24100000000001 59.70799999999998 133
750.0 116.40299999999999 6 750.0 -2375.0 59 -24 38.59199999999999 40.708999999999996 475
1285.0 247.60299999999998 18 1950.0 -665.0 88 -66 75.94799999999998 63.27499999999998 133
445.0 202.28699999999998 15 1500.0 -1055.0 87 -56 61.913 53.76799999999999 211
570.0 76.64199999999998 5 570.0 0.0 0 -21 21.781999999999993 24.811999999999998 0
720.0 93.89899999999999 8 720.0 0.0 0 -24 28.58599999999999 25.729999999999997 0
600.0 81.249 4 600.0 0.0 0 -19 24.91 27.299 0
540.0 73.80699999999999 7 540.0 0.0 0 -22 21.620999999999995 17.439999999999998 0
450.0 79.95599999999996 3 450.0 0.0 0 -19 20.631999999999998 25.608999999999998 0
360.0 70.962 6 360.0 -2320.0 57 -19 23.283999999999992 12.695999999999998 464
180.0 230.717 12 1530.0 -1350.0 90 -52 91.72599999999998 54.15900000000001 270
600.0 79.67099999999998 6 600.0 0.0 0 -20 22.76199999999999 15.195999999999996 0
750.0 70.80399999999999 9 750.0 0.0 0 -23 16.41 13.384000000000002 0
-600.0 112.54999999999998 9 750.0 -1350.0 90 -28 39.903 28.333 270
630.0 89.01399999999998 6 630.0 0.0 0 -21 31.45799999999999 23.19699999999999 0
900.0 106.29400000000004 6 900.0 -2515.0 62 -24 37.87200000000002 36.57000000000001 503
-180.0 145.07299999999995 9 1170.0 -1350.0 90 -35 52.47999999999999 43.59 270
540.0 86.378 6 540.0 0.0 0 -20 30.656 20.748000000000005 0
540.0 77.60299999999998 5 540.0 0.0 0 -22 15.852999999999998 21.117 0
555.0 176.683 9 1890.0 -1335.0 89 -50 30.048999999999996 66.67500000000001 267
510.0 78.61399999999999 8 510.0 0.0 0 -21 22.685 18.944000000000003 0
-90.0 137.82799999999997 11 990.0 -1080.0 90 -38 42.857 34.361 216
775.0 209.44600000000005 14 1440.0 -665.0 88 -51 61.24599999999999 57.68400000000001 133
570.0 77.26599999999998 9 570.0 0.0 0 -19 27.574999999999996 18.962000000000003 0
795.0 191.42500000000004 14 1470.0 -675.0 90 -53 49.172000000000004 38.227000000000004 135
-165.0 154.25299999999996 14 1170.0 -1335.0 89 -38 55.94199999999998 42.522999999999996 267
1345.0 227.9159999999999 14 2010.0 -665.0 88 -58 69.446 72.59699999999998 133
-370.0 147.03900000000002 8 1410.0 -1780.0 89 -33 58.44300000000002 52.65499999999999 356
780.0 101.475 8 780.0 -1700.0 42 -19 45.04899999999999 31.832999999999984 340
540.0 92.11500000000001 10 540.0 -1530.0 76 -23 33.033 25.218999999999998 306
540.0 97.94199999999998 10 540.0 -1650.0 41 -22 37.361999999999995 20.362 330
-270.0 176.74999999999997 14 1080.0 -1350.0 90 -50 51.76099999999999 37.74799999999999 270
-300.0 130.05299999999994 9 780.0 -1080.0 90 -36 38.76299999999999 18.953999999999997 216
-660.0 119.08399999999995 10 690.0 -1350.0 90 -33 39.61799999999999 21.584999999999997 270
360.0 86.38199999999998 8 360.0 0.0 0 -19 30.891 22.007 0
765.0 222.575 19 1440.0 -675.0 90 -58 84.94399999999999 37.007000000000005 135
-125.0 144.895 10 930.0 -1055.0 87 -36 44.895999999999994 35.086 211
-165.0 155.289 13 900.0 -1065.0 88 -43 54.43499999999999 31.301000000000002 213
420.0 63.58499999999999 6 420.0 0.0 0 -19 21.516999999999996 9.936 0
565.0 155.28 12 1230.0 -665.0 88 -38 45.562 34.22599999999999 133
225.0 219.81599999999995 16 1290.0 -1065.0 88 -58 74.093 42.82799999999999 213
-1190.0 96.198 9 570.0 -1760.0 87 -25 40.27299999999999 14.040000000000003 352
-890.0 168.308 12 870.0 -1760.0 87 -35 67.49999999999999 45.297 352
390.0 63.37099999999998 6 390.0 0.0 0 -19 17.203999999999994 6.126000000000001 0
-1110.0 115.21399999999997 10 690.0 -1800.0 90 -29 40.611999999999995 24.555999999999997 360
480.0 109.75299999999997 8 480.0 0.0 0 -26 39.63399999999999 22.151 0
-690.0 116.738 10 660.0 -1350.0 90 -31 38.895999999999994 23.044999999999998 270
855.0 224.002 16 1830.0 -675.0 90 -54 72.98199999999999 77.823 135
780.0 86.31599999999999 4 780.0 -2515.0 62 -20 35.624000000000024 29.80599999999999 503
-1330.0 101.611 8 450.0 -1780.0 89 -26 36.831 12.77 356
1135.0 227.874 15 1800.0 -675.0 88 -54 88.168 72.60999999999996 135
660.0 83.61399999999999 9 660.0 0.0 0 -19 32.519 21.075000000000003 0
315.0 216.66099999999994 17 1650.0 -1335.0 89 -54 79.55499999999999 54.71900000000001 267
750.0 78.88999999999999 5 750.0 0.0 0 -19 26.052 31.544999999999995 0
450.0 101.02899999999997 8 450.0 0.0 0 -24 32.72399999999999 19.259999999999994 0
450.0 92.29599999999998 7 450.0 0.0 0 -21 33.022999999999996 14.463999999999999 0
390.0 73.208 6 390.0 0.0 0 -19 25.065999999999995 13.434999999999999 0
-270.0 133.74 13 1080.0 -1350.0 90 -38 36.85699999999999 32.911 270
480.0 79.58399999999997 6 480.0 -2565.0 64 -19 30.990999999999985 20.951999999999998 513
810.0 97.09599999999996 10 810.0 -1675.0 83 -22 35.76999999999999 33.928999999999995 335
720.0 81.84599999999999 6 720.0 0.0 0 -20 27.227999999999994 29.887000000000004 0
-720.0 78.223 7 630.0 -1350.0 90 -22 23.513999999999996 20.607 270
0.0 178.251 15 1350.0 -1350.0 90 -49 64.38599999999998 44.633 270
-390.0 135.39000000000001 12 960.0 -1350.0 90 -35 41.244 36.94 270
1020.0 97.37800000000001 6 1020.0 -2510.0 62 -20 43.47700000000002 35.704999999999984 502
630.0 84.606 5 630.0 0.0 0 -20 19.875000000000007 23.56699999999999 0
570.0 73.92199999999998 6 570.0 0.0 0 -22 16.701999999999998 18.051999999999996 0
660.0 98.999 11 660.0 -2060.0 51 -19 42.29599999999999 32.099 412
1620.0 245.025 17 1890.0 -270.0 90 -67 66.68499999999997 68.13699999999999 18
360.0 79.91799999999998 7 360.0 0.0 0 -19 32.096999999999994 18.438999999999993 0
480.0 93.43600000000005 5 480.0 -2645.0 66 -19 38.22600000000001 19.567 529
480.0 92.94199999999998 8 480.0 0.0 0 -19 36.039 23.542 0
630.0 87.883 7 630.0 0.0 0 -24 26.540999999999997 23.73399999999999 0
25.0 104.03300000000003 11 690.0 -665.0 88 -28 39.595 28.639999999999997 133
1045.0 254.825 16 2100.0 -1055.0 87 -64 97.79899999999999 67.38399999999999 211
-225.0 159.38499999999996 12 1110.0 -1345.0 89 -41 48.992 36.944 269
810.0 124.34399999999997 7 810.0 -2715.0 67 -21 55.85400000000002 36.273 543
1215.0 234.99299999999994 17 1470.0 -255.0 85 -62 79.70099999999995 55.177 17
70.0 162.21399999999997 10 1110.0 -1065.0 86 -34 66.457 45.11299999999999 213
630.0 86.595 9 630.0 0.0 0 -24 26.223999999999997 21.019000000000002 0
330.0 76.82399999999998 7 330.0 0.0 0 -19 27.927999999999987 12.549 0
925.0 244.21799999999993 13 1980.0 -1055.0 87 -56 81.42800000000001 75.678 211
-525.0 131.51799999999997 11 810.0 -1335.0 89 -30 41.501 30.82399999999999 267
510.0 66.18799999999999 6 510.0 0.0 0 -19 26.509 15.921999999999999 0
-615.0 111.27399999999996 11 720.0 -1335.0 89 -33 30.668 24.497999999999998 267
750.0 75.03099999999998 8 750.0 0.0 0 -21 25.044999999999995 17.496 0
510.0 72.68199999999999 7 510.0 0.0 0 -20 24.098999999999997 16.477999999999998 0
510.0 82.13 8 510.0 0.0 0 -20 33.66499999999999 13.015999999999998 0
-15.0 164.146 12 1050.0 -1065.0 88 -41 58.11799999999999 42.892 213
450.0 86.68900000000001 8 450.0 0.0 0 -21 33.26 22.012 0
570.0 81.259 10 570.0 0.0 0 -20 22.870999999999995 17.813999999999993 0
-705.0 113.07999999999998 11 630.0 -1335.0 89 -30 29.705999999999996 31.05599999999999 267
-375.0 150.00199999999998 13 690.0 -1065.0 88 -33 56.70599999999999 36.01699999999999 213
415.0 135.748 9 1080.0 -665.0 88 -36 33.60999999999999 32.02 133
375.0 156.33799999999997 13 1050.0 -675.0 90 -35 56.12099999999999 46.284 135
350.0 150.393 10 1440.0 -1100.0 90 -44 49.15600000000003 36.747 220
360.0 66.054 4 360.0 -2790.0 69 -19 7.588999999999999 10.643999999999998 558
780.0 77.91299999999998 8 780.0 -1330.0 88 -20 30.972999999999995 25.671 266
105.0 144.46200000000002 12 840.0 -675.0 90 -39 42.31799999999999 25.033 135
-530.0 176.961 12 1230.0 -1760.0 87 -41 65.84500000000001 53.30399999999999 352
930.0 99.02500000000003 5 930.0 0.0 0 -21 35.39400000000002 38.20399999999998 0
510.0 72.62599999999999 9 510.0 0.0 0 -21 28.237999999999992 18.741 0
600.0 94.50699999999998 9 600.0 0.0 0 -23 39.79999999999998 21.886000000000003 0
-1250.0 106.47499999999997 9 510.0 -1760.0 87 -29 34.007999999999996 23.572000000000003 352
535.0 163.44399999999996 8 1590.0 -1055.0 87 -42 50.35900000000002 53.86499999999997 211
775.0 196.204 20 1440.0 -680.0 89 -52 61.08099999999999 52.032000000000004 136
510.0 75.801 7 510.0 0.0 0 -22 18.214 15.038999999999998 0
570.0 82.66799999999998 8 570.0 0.0 0 -19 26.918999999999993 20.176000000000002 0
240.0 67.04599999999998 5 240.0 -2690.0 67 -19 13.852999999999998 6.986999999999999 538
540.0 85.60899999999997 6 540.0 0.0 0 -19 33.16499999999999 18.704999999999995 0
30.0 193.15799999999996 15 1380.0 -1350.0 90 -50 62.62399999999999 59.63299999999999 270
450.0 81.18199999999999 7 450.0 0.0 0 -21 30.933 17.394000000000002 0
570.0 106.25000000000006 5 570.0 -2990.0 74 -20 43.67600000000002 26.203999999999997 598
570.0 70.17699999999999 5 570.0 0.0 0 -21 17.283999999999995 18.420999999999996 0
-215.0 114.78099999999996 12 840.0 -1055.0 87 -34 34.657 23.193999999999996 211
510.0 64.32 4 510.0 -2420.0 60 -19 18.126999999999995 14.248999999999995 484
210.0 178.70500000000007 10 1560.0 -1350.0 90 -49 36.60599999999999 38.087000000000025 270
1675.0 301.2879999999999 21 2340.0 -665.0 88 -73 106.89799999999998 72.94399999999997 133
-830.0 158.91399999999993 10 960.0 -1760.0 87 -33 56.989000000000026 40.893000000000015 352
-420.0 155.43199999999996 13 900.0 -1320.0 88 -42 51.36499999999999 41.06699999999999 264
420.0 73.19199999999998 6 420.0 0.0 0 -20 23.384999999999998 17.244999999999997 0
255.0 180.056 12 1590.0 -1335.0 89 -50 62.39500000000001 49.02899999999999 267
630.0 77.61399999999998 5 630.0 0.0 0 -20 24.836999999999996 22.383999999999993 0
540.0 81.782 9 540.0 0.0 0 -20 22.972999999999995 21.522999999999996 0
1035.0 266.93100000000004 19 1710.0 -675.0 90 -64 97.30499999999999 70.455 135
450.0 91.19399999999999 6 450.0 0.0 0 -21 34.57299999999999 17.558 0
690.0 72.87399999999997 5 690.0 0.0 0 -19 26.809999999999988 18.88 0
510.0 80.511 8 510.0 0.0 0 -21 28.232999999999997 16.119 0
240.0 82.46199999999997 6 240.0 0.0 0 -19 27.416999999999994 13.054 0
-315.0 165.29899999999995 14 1020.0 -1335.0 89 -47 48.79299999999999 32.236000000000004 267
240.0 220.02100000000004 8 1980.0 -1740.0 86 -47 93.39600000000003 71.48299999999996 348
510.0 83.603 10 510.0 0.0 0 -24 22.858999999999995 17.206 0
925.0 267.16499999999996 21 1590.0 -690.0 89 -63 107.51200000000001 61.239999999999995 138
375.0 241.76799999999992 14 1710.0 -1335.0 89 -56 88.771 63.76400000000001 267
360.0 63.99799999999999 6 360.0 0.0 0 -20 22.545999999999992 13.030999999999999 0
870.0 76.303 7 870.0 0.0 0 -22 25.148999999999997 24.311 0
720.0 101.83299999999997 10 720.0 0.0 0 -23 40.934999999999995 29.057 0
-195.0 154.79699999999997 15 1140.0 -1355.0 90 -42 63.69399999999999 33.641 271
765.0 199.56400000000002 14 1500.0 -675.0 90 -50 60.925999999999995 65.78999999999999 135
-435.0 151.31599999999995 11 900.0 -1335.0 89 -36 57.011999999999986 33.653 267
510.0 83.65599999999999 10 510.0 0.0 0 -20 34.45299999999999 19.983999999999998 0
570.0 61.928 6 570.0 -2055.0 51 -20 14.915999999999995 7.535999999999998 411
630.0 69.00199999999998 6 630.0 0.0 0 -19 22.118999999999996 21.622999999999994 0
600.0 77.52499999999999 4 600.0 0.0 0 -19 34.07100000000002 17.663 0
420.0 81.691 3 420.0 0.0 0 -19 31.714000000000024 13.624 0
505.0 138.66100000000006 11 1170.0 -665.0 88 -41 28.160999999999994 44.64200000000002 133
-270.0 155.03199999999998 13 1080.0 -1350.0 90 -36 46.90899999999999 42.43699999999999 270
15.0 168.21499999999997 12 1350.0 -1335.0 89 -42 55.84800000000001 47.194000000000024 267
685.0 162.53200000000004 12 1350.0 -665.0 88 -39 56.23699999999999 51.599 133
-195.0 179.16999999999993 16 1140.0 -1335.0 89 -44 56.48999999999999 40.238 267
-270.0 175.58700000000002 18 1080.0 -1350.0 90 -45 60.22999999999999 46.629999999999995 270
540.0 74.64699999999999 6 540.0 0.0 0 -19 31.10199999999999 21.231999999999996 0
2670.0 263.64099999999996 17 2940.0 -270.0 90 -74 80.50200000000002 73.50499999999997 18
630.0 79.55199999999999 8 630.0 0.0 0 -19 31.48499999999999 20.194999999999997 0
390.0 65.00399999999999 7 390.0 0.0 0 -19 16.802999999999994 6.284000000000001 0
660.0 89.673 5 660.0 -2265.0 56 -20 32.94599999999999 27.952999999999985 453
930.0 92.58699999999999 5 930.0 0.0 0 -20 36.69899999999999 34.59599999999999 0
840.0 84.99999999999999 5 840.0 -2185.0 54 -23 25.831999999999997 26.062999999999995 437
-780.0 80.45700000000001 9 570.0 -1350.0 90 -21 22.551 14.955 270
510.0 90.544 8 510.0 -2195.0 54 -22 36.42099999999999 17.194000000000003 439
600.0 64.90599999999999 4 600.0 0.0 0 -19 15.848999999999997 21.05 0
510.0 72.68999999999998 4 510.0 0.0 0 -21 20.750999999999998 18.212000000000003 0
540.0 71.563 7 540.0 0.0 0 -21 24.632 16.146 0
-65.0 145.84699999999992 11 990.0 -1080.0 88 -35 52.38499999999999 38.216999999999985 216
735.0 203.65499999999997 13 1410.0 -675.0 90 -58 62.498999999999974 48.11400000000001 135
-45.0 191.81199999999998 13 1290.0 -1335.0 89 -51 57.48299999999997 41.88000000000001 267
480.0 91.45699999999998 9 480.0 0.0 0 -21 30.398 24.472 0
105.0 153.80000000000004 12 1440.0 -1335.0 89 -39 59.849999999999994 46.81399999999999 267
630.0 65.70299999999999 8 630.0 0.0 0 -20 19.124 17.546999999999997 0
-840.0 109.984 12 510.0 -1350.0 90 -28 35.267999999999994 18.239 270
660.0 98.38599999999997 8 660.0 0.0 0 -28 31.568999999999996 20.197999999999993 0
390.0 68.80199999999999 5 390.0 -2570.0 64 -19 23.353999999999992 13.447999999999997 514
510.0 78.15899999999999 6 510.0 0.0 0 -21 22.549 19.295999999999996 0
480.0 88.27399999999999 7 480.0 0.0 0 -23 27.554 18.223999999999997 0
510.0 97.94000000000001 9 510.0 -2195.0 54 -23 41.514 22.949999999999996 439
360.0 69.90099999999998 6 360.0 0.0 0 -19 22.77199999999999 9.850999999999999 0
-90.0 177.37099999999992 12 1260.0 -1350.0 90 -45 59.57100000000002 46.102000000000004 270
-360.0 154.16199999999995 14 990.0 -1350.0 90 -43 45.13699999999999 31.965 270
30.0 148.521 11 1110.0 -1080.0 90 -39 47.146 35.551 216
570.0 83.32099999999998 7 570.0 0.0 0 -21 28.942999999999998 14.575 0
540.0 70.29399999999997 6 540.0 -2460.0 61 -19 21.554999999999996 21.011999999999997 492
510.0 73.245 5 510.0 0.0 0 -19 20.877 21.233999999999995 0
745.0 195.40299999999993 12 1410.0 -665.0 88 -45 74.92599999999999 59.331999999999994 133
630.0 67.45999999999998 4 630.0 -2705.0 67 -19 12.884999999999996 15.845999999999998 541
660.0 78.36999999999999 7 660.0 -1795.0 44 -19 30.864999999999995 23.834 359
195.0 214.70999999999995 14 1530.0 -1335.0 89 -58 70.27600000000002 56.526999999999994 267
1225.0 269.12399999999997 18 2280.0 -1055.0 87 -64 95.98800000000001 82.01799999999996 211
-210.0 164.54999999999993 13 1140.0 -1350.0 90 -49 50.30299999999998 37.589000000000006 270
360.0 61.83099999999999 5 360.0 0.0 0 -19 16.982999999999997 10.055 0
885.0 205.83099999999996 17 1560.0 -675.0 90 -56 62.888999999999974 53.43999999999999 135
555.0 223.87599999999992 16 1620.0 -1065.0 88 -58 66.97099999999999 60.51699999999998 213
660.0 83.152 8 660.0 0.0 0 -24 28.412999999999997 21.985999999999997 0
390.0 54.74500000000001 6 390.0 0.0 0 -19 20.798000000000002 8.975 0
-90.0 196.82999999999996 13 1260.0 -1350.0 90 -47 71.091 44.16399999999999 270
600.0 87.86399999999998 6 600.0 0.0 0 -21 29.412999999999997 24.984999999999992 0
2250.0 306.2460000000001 22 2490.0 -245.0 80 -78 102.05399999999997 92.07700000000001 17
720.0 103.95199999999997 11 720.0 0.0 0 -21 47.16599999999999 31.578999999999994 0
450.0 74.01099999999998 7 450.0 0.0 0 -21 20.271 13.406999999999998 0
-600.0 106.61899999999999 9 750.0 -1350.0 90 -32 27.267999999999997 16.060000000000002 270
570.0 95.62199999999996 7 570.0 0.0 0 -21 38.22499999999999 22.044999999999995 0
420.0 234.708 12 1920.0 -1350.0 90 -53 72.929 82.42699999999999 270
630.0 75.615 5 630.0 0.0 0 -20 28.506999999999998 22.419999999999987 0
405.0 172.228 15 1470.0 -1070.0 88 -56 42.126 41.211 214
780.0 95.65399999999998 4 780.0 -2415.0 60 -17 42.75800000000002 31.47299999999999 483
720.0 92.53299999999999 8 720.0 0.0 0 -21 33.663999999999994 30.848999999999997 0
-195.0 158.813 10 1140.0 -1335.0 89 -41 49.388999999999996 43.989000000000004 267
435.0 179.409 14 1500.0 -1065.0 88 -47 53.256 48.01599999999999 213
420.0 69.97799999999998 7 420.0 0.0 0 -21 25.773999999999994 14.738000000000003 0
540.0 81.66899999999998 7 540.0 0.0 0 -19 24.572 19.660999999999994 0
-990.0 116.04999999999998 10 810.0 -1800.0 90 -30 35.87299999999999 24.631999999999998 360
-195.0 126.73799999999996 12 1140.0 -1335.0 89 -38 34.61999999999999 24.322999999999993 267
-90.0 170.94199999999995 15 990.0 -1080.0 90 -41 62.33499999999998 37.275 216
890.0 260.98299999999995 20 1410.0 -520.0 86 -62 93.93499999999997 49.78099999999999 52
-1020.0 113.887 8 780.0 -1800.0 90 -28 42.065999999999995 27.368999999999986 360
900.0 93.66900000000003 6 900.0 0.0 0 -23 34.773 29.942 0
205.0 185.91500000000005 15 1260.0 -1055.0 87 -47 68.61599999999999 44.381 211
345.0 188.13999999999996 10 1650.0 -1305.0 86 -44 61.00500000000002 52.78699999999999 261
330.0 76.33699999999996 6 330.0 0.0 0 -20 25.37299999999999 12.270000000000001 0
2355.0 305.36800000000005 16 2610.0 -255.0 85 -71 97.72299999999997 89.855 17
630.0 97.27499999999998 9 630.0 -1765.0 44 -19 42.06999999999999 32.80199999999999 353
15.0 179.52600000000004 14 1350.0 -1335.0 89 -46 67.87000000000002 53.05999999999997 267
555.0 190.35299999999995 15 1230.0 -675.0 90 -50 67.835 41.07699999999999 135
1365.0 292.8959999999999 22 1620.0 -255.0 85 -74 99.03099999999999 65.164 17
-540.0 149.12599999999995 10 810.0 -1350.0 90 -36 60.19799999999997 27.976999999999997 270
450.0 74.156 5 450.0 -2590.0 64 -20 22.591999999999995 16.766999999999996 518
420.0 70.451 6 420.0 0.0 0 -22 19.383999999999993 14.787999999999998 0
360.0 80.12599999999995 4 360.0 -2995.0 74 -16 26.282999999999987 17.89999999999999 599
-240.0 143.015 10 840.0 -1105.0 92 -38 38.92499999999999 25.773999999999997 221
570.0 85.04799999999997 7 570.0 0.0 0 -20 30.100999999999992 24.241999999999997 0
360.0 65.43199999999999 7 360.0 0.0 0 -19 16.821999999999996 7.4140000000000015 0
690.0 90.05699999999999 5 690.0 0.0 0 -21 35.755000000000024 25.176999999999985 0
300.0 76.41499999999999 7 300.0 0.0 0 -21 21.483000000000004 14.313999999999998 0
1335.0 257.459 18 1590.0 -255.0 85 -59 105.78999999999999 55.584999999999994 17
480.0 72.32099999999997 3 480.0 -3130.0 78 -15 25.105999999999995 19.823999999999995 626
-660.0 105.256 10 690.0 -1350.0 90 -32 26.046999999999997 18.721000000000004 270
115.0 196.086 12 1170.0 -1055.0 87 -46 78.804 31.096999999999994 211
60.0 165.38699999999994 12 1140.0 -1080.0 90 -40 57.08099999999999 46.48399999999998 216
540.0 73.926 6 540.0 0.0 0 -21 17.714 17.224999999999998 0
825.0 209.361 15 1500.0 -675.0 90 -48 81.19700000000003 53.861999999999995 135
15.0 151.309 15 1080.0 -1065.0 88 -39 49.742 46.862 213
1280.0 246.13899999999998 14 1890.0 -615.0 86 -62 77.48900000000002 71.88900000000001 123
450.0 83.76999999999997 6 450.0 0.0 0 -22 31.833999999999993 14.036000000000001 0
480.0 155.16299999999995 11 1140.0 -660.0 88 -43 50.18699999999999 37.74799999999999 132
480.0 84.75999999999998 7 480.0 0.0 0 -21 33.09799999999999 18.662999999999997 0
450.0 79.749 8 450.0 0.0 0 -21 32.279 12.877 0
535.0 188.24299999999994 17 1230.0 -665.0 88 -51 54.595 37.80799999999999 133
750.0 67.21799999999996 3 750.0 0.0 0 -19 13.379999999999999 29.71899999999999 0
-120.0 172.445 14 1230.0 -1350.0 90 -43 57.48100000000001 43.132999999999974 270
840.0 84.53399999999999 8 840.0 0.0 0 -19 38.04599999999999 28.020999999999997 0
720.0 90.80099999999999 6 720.0 0.0 0 -19 35.508 35.90999999999999 0
-90.0 165.83899999999994 13 1260.0 -1350.0 90 -46 43.69399999999999 41.066 270
645.0 232.873 11 1710.0 -1095.0 90 -55 85.45699999999998 40.461 219
660.0 70.81700000000001 3 660.0 -2955.0 73 -20 15.432000000000004 25.101 591
480.0 78.388 8 480.0 0.0 0 -22 27.536000000000005 19.036999999999995 0
600.0 87.90399999999998 9 600.0 0.0 0 -23 31.282999999999994 22.390000000000004 0
-360.0 120.91399999999999 10 990.0 -1350.0 90 -32 40.50999999999999 32.845 270
-150.0 166.47599999999994 15 930.0 -1080.0 90 -35 57.97899999999998 44.43299999999999 216
830.0 254.123 16 1440.0 -610.0 86 -57 96.53200000000001 61.72399999999999 122
-645.0 110.19399999999997 8 690.0 -1335.0 89 -29 34.99699999999999 20.218 267
540.0 76.19599999999998 6 540.0 0.0 0 -19 28.42199999999999 21.940999999999995 0
-390.0 153.30899999999997 11 690.0 -1080.0 90 -42 43.62599999999999 31.186999999999994 216
450.0 207.33799999999994 14 1530.0 -1080.0 90 -51 74.52500000000002 57.11600000000001 216
540.0 77.49099999999997 7 540.0 0.0 0 -20 14.732999999999997 19.304999999999996 0
390.0 82.32399999999997 7 390.0 0.0 0 -21 21.483 18.523 0
795.0 223.80099999999993 10 1860.0 -1065.0 88 -58 70.154 61.352999999999994 213
1465.0 255.90000000000006 16 2130.0 -675.0 89 -62 85.237 76.17600000000002 135
540.0 78.639 7 540.0 0.0 0 -21 20.305999999999997 15.157999999999996 0
450.0 80.27399999999999 7 450.0 0.0 0 -19 33.454 17.808999999999997 0
510.0 69.447 7 510.0 0.0 0 -22 19.940999999999992 14.550999999999998 0
540.0 65.17599999999999 4 540.0 0.0 0 -19 14.825999999999993 18.728 0
810.0 76.98499999999997 5 810.0 0.0 0 -20 20.222 28.50099999999999 0
-880.0 114.78899999999996 8 900.0 -1780.0 89 -30 28.861999999999995 33.00199999999998 356
510.0 81.75199999999998 8 510.0 -2170.0 54 -20 25.842999999999996 24.254999999999995 434
690.0 92.27099999999999 8 690.0 0.0 0 -24 32.509 25.259999999999994 0
660.0 90.35899999999998 7 660.0 -2300.0 57 -21 30.220999999999997 22.274 460
600.0 81.84299999999998 8 600.0 0.0 0 -23 22.252999999999993 14.363999999999999 0
925.0 201.339 17 1590.0 -665.0 88 -53 73.874 56.03299999999998 133
360.0 78.10600000000001 7 360.0 -1630.0 40 -20 23.322999999999997 16.778 326
840.0 101.49599999999998 4 840.0 0.0 0 -23 36.393 30.955999999999996 0
960.0 56.94999999999999 7 960.0 0.0 0 -21 8.891 12.027999999999999 0
-735.0 105.24399999999996 12 600.0 -1335.0 89 -30 30.289999999999992 15.96 267
745.0 188.98999999999998 15 1410.0 -665.0 88 -47 79.14499999999998 46.916 133
-790.0 112.29799999999997 10 990.0 -1780.0 89 -34 28.792999999999992 31.362999999999992 356
540.0 63.086 4 540.0 -2590.0 64 -20 12.033999999999999 19.429999999999996 518
585.0 216.44 17 1260.0 -675.0 90 -55 66.387 43.864 135
540.0 99.797 9 540.0 -2700.0 67 -22 38.64099999999999 27.793 540
135.0 178.96599999999998 15 1260.0 -1065.0 88 -43 69.90099999999998 46.31199999999999 213
-345.0 155.89399999999998 10 990.0 -1335.0 89 -33 64.68200000000003 38.31699999999998 267
330.0 87.08299999999997 6 330.0 0.0 0 -19 28.147999999999993 15.992999999999993 0
-285.0 128.903 12 1140.0 -1335.0 89 -39 38.294 32.452999999999996 267
595.0 221.88499999999996 16 1260.0 -665.0 88 -51 77.491 43.882 133
420.0 71.96400000000001 6 420.0 0.0 0 -19 26.026 17.709999999999997 0
1245.0 248.238 20 1920.0 -675.0 90 -69 75.78999999999998 72.20400000000001 135
-90.0 173.41899999999998 13 1260.0 -1350.0 90 -44 55.41699999999999 44.992999999999995 270
510.0 68.93599999999998 6 510.0 -2550.0 63 -20 17.885999999999996 16.173000000000002 510
1315.0 272.514 14 2370.0 -1055.0 87 -65 97.28500000000001 87.53599999999999 211
705.0 186.24400000000003 15 1380.0 -680.0 90 -50 56.96899999999999 36.415 136
390.0 71.82099999999998 7 390.0 0.0 0 -20 16.202999999999996 16.459999999999997 0
570.0 94.59099999999998 6 570.0 -2505.0 62 -22 35.804 21.945999999999994 501
895.0 203.84199999999996 15 1560.0 -665.0 88 -46 78.65499999999999 56.554999999999986 133
720.0 82.68799999999997 5 720.0 0.0 0 -21 27.024 26.001000000000005 0
510.0 76.66199999999998 9 510.0 -1960.0 49 -18 29.005999999999997 20.013 392
810.0 87.22899999999997 5 810.0 -2625.0 65 -22 32.01800000000001 28.91999999999999 525
870.0 96.63399999999997 6 870.0 0.0 0 -20 38.47299999999999 36.20099999999999 0
540.0 78.56399999999998 5 540.0 0.0 0 -19 16.364999999999995 30.338 0
325.0 139.76299999999998 13 990.0 -665.0 88 -38 39.958999999999996 34.95399999999999 133
600.0 81.05999999999997 6 600.0 -2340.0 58 -20 28.527 22.23299999999999 468
570.0 72.06799999999998 7 570.0 0.0 0 -19 23.500999999999998 22.308999999999997 0
1575.0 284.955 22 1830.0 -255.0 85 -66 108.13899999999995 73.37800000000003 17
570.0 84.04699999999998 6 570.0 0.0 0 -19 34.18599999999999 25.642999999999997 0
600.0 80.07699999999996 5 600.0 0.0 0 -21 23.757999999999996 17.349 0
565.0 196.45800000000006 14 1620.0 -1055.0 87 -43 84.83300000000004 57.584999999999994 211
540.0 96.08499999999998 9 540.0 0.0 0 -23 34.00099999999999 16.264 0
-495.0 117.06899999999999 12 840.0 -1335.0 89 -29 41.79099999999999 29.366 267
690.0 221.78499999999988 12 1770.0 -1080.0 90 -58 60.88799999999999 62.36399999999999 216
600.0 73.09799999999998 5 600.0 0.0 0 -19 20.202999999999996 22.357999999999993 0
-465.0 124.80899999999994 9 870.0 -1335.0 89 -34 42.126999999999995 30.291 267
750.0 104.07700000000007 6 750.0 -2730.0 68 -20 41.419000000000025 30.73499999999999 546
75.0 198.20599999999996 15 1410.0 -1335.0 89 -50 71.05299999999997 49.12299999999998 267
445.0 211.35799999999995 17 1500.0 -1055.0 87 -51 73.69599999999998 55.43899999999997 211
805.0 174.814 12 1470.0 -665.0 88 -40 71.33400000000003 54.310999999999986 133
1495.0 315.854 19 2160.0 -665.0 88 -70 110.182 91.12199999999997 133
145.0 157.60699999999997 14 1200.0 -1060.0 87 -36 57.144999999999996 45.86899999999999 212
390.0 76.106 7 390.0 -2035.0 50 -22 24.828999999999997 17.976999999999997 407
510.0 89.43099999999998 6 510.0 0.0 0 -22 31.10799999999999 22.357 0
-450.0 124.29899999999998 11 900.0 -1350.0 90 -33 48.92699999999999 27.801 270
1710.0 254.236 19 1980.0 -270.0 90 -70 66.847 69.17700000000004 18
30.0 155.78000000000003 12 1380.0 -1350.0 90 -38 55.157000000000025 46.58100000000001 270
720.0 66.27000000000005 4 720.0 -2645.0 66 -21 5.386000000000001 24.201000000000022 529
835.0 200.29000000000002 19 1500.0 -665.0 88 -53 71.16399999999999 59.26499999999998 133
165.0 146.611 11 1500.0 -1335.0 89 -41 42.43 51.149999999999984 267
-555.0 104.873 10 780.0 -1335.0 89 -26 38.651999999999994 23.738999999999994 267
810.0 88.32300000000002 7 810.0 0.0 0 -19 25.673 34.537000000000006 0
690.0 78.28200000000002 3 690.0 0.0 0 -21 16.581999999999994 26.31300000000003 0
510.0 68.938 6 510.0 0.0 0 -20 19.484999999999996 16.343000000000004 0
330.0 183.42000000000002 17 1650.0 -1320.0 88 -48 61.631000000000014 52.893000000000015 264
1050.0 100.69800000000005 6 1050.0 0.0 0 -22 37.39300000000002 38.194999999999986 0
1605.0 280.13800000000003 21 2280.0 -675.0 90 -77 75.252 61.315000000000026 135
90.0 181.76999999999992 15 1440.0 -1350.0 90 -50 41.24499999999999 50.687999999999995 270
1340.0 251.77300000000002 20 1950.0 -610.0 86 -64 89.85199999999999 61.23799999999999 122
480.0 88.81899999999997 7 480.0 0.0 0 -22 24.528 20.542999999999992 0
825.0 171.731 12 1500.0 -675.0 90 -43 60.96600000000002 56.61499999999998 135
510.0 82.49299999999998 8 510.0 0.0 0 -19 32.63699999999999 18.457000000000004 0
630.0 57.59599999999999 7 630.0 0.0 0 -19 11.207 11.611999999999998 0
120.0 181.62199999999996 15 1470.0 -1350.0 90 -41 66.51899999999999 57.254 270
660.0 81.625 7 660.0 -2685.0 67 -23 29.918999999999997 17.677 537
25.0 182.32500000000002 15 1080.0 -1055.0 87 -49 57.714 41.060999999999986 211
1905.0 307.29499999999985 20 2160.0 -255.0 85 -69 122.904 72.05499999999998 17
780.0 88.03800000000001 6 780.0 0.0 0 -21 25.479000000000003 27.020999999999987 0
345.0 171.04199999999997 11 1410.0 -1065.0 88 -43 66.36199999999998 50.153999999999996 213
420.0 68.47 8 420.0 0.0 0 -19 21.405999999999995 11.476999999999999 0
15.0 149.72699999999998 13 1380.0 -1335.0 89 -37 54.101999999999975 31.80499999999999 267
190.0 180.51999999999995 12 1230.0 -1040.0 86 -41 61.611999999999995 52.738 208
-405.0 145.00699999999998 12 930.0 -1335.0 89 -37 49.414999999999985 32.184999999999995 267
-1050.0 112.01999999999997 8 750.0 -1800.0 90 -30 38.56699999999999 26.767999999999994 360
390.0 77.67599999999999 8 390.0 -2405.0 60 -19 33.132 18.381999999999998 481
955.0 207.56199999999995 18 1620.0 -665.0 88 -61 66.84299999999998 50.342000000000006 133
-720.0 115.25499999999995 11 630.0 -1350.0 90 -31 41.25799999999999 19.655 270
-490.0 158.05899999999997 10 1290.0 -1780.0 89 -44 45.408 44.27499999999999 356
-950.0 123.84299999999996 9 810.0 -1760.0 87 -29 47.27999999999999 32.649 352
805.0 192.31599999999995 13 1860.0 -1055.0 87 -50 67.04300000000002 53.419 211
570.0 78.32500000000005 4 570.0 0.0 0 -19 17.328 26.51700000000001 0
-1010.0 183.48999999999995 15 750.0 -1760.0 87 -45 58.524999999999984 28.480999999999998 352
1080.0 232.997 12 2160.0 -1080.0 90 -61 75.05000000000001 80.86500000000001 216
690.0 220.9409999999999 14 1710.0 -1020.0 85 -49 83.55399999999999 61.24599999999999 204
135.0 194.84099999999992 17 1470.0 -1355.0 90 -55 62.207999999999984 49.62099999999999 271
-540.0 112.18499999999999 12 810.0 -1350.0 90 -35 24.803999999999995 23.464 270
895.0 178.15800000000007 15 1560.0 -665.0 88 -56 36.080999999999996 25.432000000000002 133
1770.0 266.9249999999999 17 2040.0 -270.0 90 -59 106.198 76.993 18
480.0 202.65500000000006 12 1830.0 -1360.0 90 -58 49.87599999999999 60.57800000000002 272
780.0 88.30699999999997 8 780.0 -1910.0 47 -21 35.05799999999999 23.154999999999998 382
600.0 66.42699999999999 6 600.0 0.0 0 -19 19.386 19.602999999999998 0
570.0 53.30799999999999 7 570.0 -2045.0 51 -21 14.359 12.674999999999999 409
480.0 82.454 3 480.0 0.0 0 -19 34.48200000000002 12.577 0
1620.0 296.95699999999994 20 1890.0 -280.0 90 -72 93.20200000000003 74.56599999999996 20
660.0 90.99399999999999 8 660.0 -1955.0 48 -20 35.81699999999999 26.441999999999997 391
-180.0 154.47199999999998 13 1170.0 -1350.0 90 -44 41.495999999999995 42.507000000000005 270
1545.0 278.3629999999999 23 2220.0 -675.0 90 -70 84.39899999999997 87.941 135
-420.0 146.75499999999994 12 900.0 -1335.0 89 -38 44.205 26.945999999999994 267
255.0 209.07399999999996 15 1320.0 -1065.0 88 -48 65.47299999999998 57.78 213
345.0 228.58000000000004 12 1680.0 -1335.0 89 -47 93.60400000000004 58.782 267
480.0 74.11799999999998 7 480.0 0.0 0 -21 25.51299999999999 16.127 0
450.0 89.51899999999996 7 450.0 -2610.0 65 -20 36.78199999999999 21.748 522
40.0 152.07799999999997 13 1080.0 -1040.0 86 -43 36.415 29.163999999999994 208
-60.0 197.55499999999998 12 1260.0 -1320.0 88 -45 65.72800000000001 57.40999999999999 264
450.0 98.93599999999999 9 450.0 -2315.0 57 -24 38.05799999999999 19.242 463
690.0 76.15999999999995 5 690.0 0.0 0 -21 22.102 24.078999999999994 0
1195.0 237.48499999999999 18 1860.0 -665.0 88 -62 89.462 61.01899999999999 133
720.0 70.18599999999998 6 720.0 -2265.0 56 -19 24.608 17.373 453
-570.0 127.256 11 780.0 -1350.0 90 -30 51.02999999999999 27.082000000000008 270
-1210.0 116.79 9 570.0 -1780.0 89 -28 43.08299999999999 30.153999999999996 356
510.0 69.045 6 510.0 -2325.0 58 -19 25.186999999999998 17.054999999999996 465
-1210.0 114.28599999999997 10 570.0 -1780.0 89 -30 34.510999999999996 22.522 356
420.0 85.34799999999998 8 420.0 -2270.0 56 -21 34.035 16.149 454
450.0 65.20099999999998 6 450.0 0.0 0 -20 18.569999999999997 13.292 0
-15.0 150.11300000000003 9 1320.0 -1345.0 89 -41 46.33399999999999 38.425 269
450.0 82.047 8 450.0 -1610.0 40 -19 33.66599999999999 17.905999999999995 322
-375.0 97.758 10 960.0 -1335.0 89 -28 33.24099999999999 27.749999999999993 267
420.0 73.36799999999998 6 420.0 -2270.0 56 -21 25.309999999999995 15.259 454
540.0 82.23199999999999 7 540.0 0.0 0 -21 26.805999999999994 24.895999999999997 0
480.0 86.90599999999999 5 480.0 0.0 0 -20 30.83 25.601999999999993 0
-150.0 153.14699999999996 12 1200.0 -1355.0 90 -39 48.90399999999999 40.632 271
1195.0 292.905 18 2250.0 -1055.0 87 -65 106.42100000000005 89.86699999999996 211
-270.0 153.45400000000004 8 1080.0 -1350.0 90 -39 50.37300000000002 48.608 270
-210.0 207.68899999999996 12 1140.0 -1350.0 90 -47 67.565 62.624999999999986 270
630.0 85.48299999999998 8 630.0 0.0 0 -19 32.605 28.695999999999994 0
765.0 218.51999999999995 20 1440.0 -675.0 90 -55 80.24599999999997 54.249999999999986 135
1155.0 251.23499999999996 22 1830.0 -685.0 90 -64 79.29399999999998 58.52899999999999 137
570.0 85.30499999999998 8 570.0 -2400.0 60 -21 31.611 23.531999999999996 480
-315.0 162.09200000000004 13 1110.0 -1335.0 89 -40 72.31200000000001 28.117000000000004 267
420.0 73.63099999999999 7 420.0 0.0 0 -20 20.006 12.6 0
870.0 100.48999999999998 6 870.0 0.0 0 -28 24.680999999999994 27.976 0
1890.0 292.514 22 2130.0 -255.0 81 -81 76.76399999999997 62.60899999999998 19
600.0 85.10900000000001 7 600.0 -2370.0 59 -22 29.4 26.465999999999998 474
90.0 193.88199999999998 10 1440.0 -1350.0 90 -47 66.21199999999996 55.827999999999996 270
1815.0 284.8919999999999 15 2070.0 -255.0 85 -76 82.64199999999998 68.32000000000002 17
385.0 190.03299999999996 16 1050.0 -665.0 88 -47 65.02099999999999 43.647000000000006 133
450.0 81.86199999999998 5 450.0 0.0 0 -19 24.183 16.464999999999996 0
-105.0 151.03199999999998 14 960.0 -1065.0 88 -29 59.405999999999985 47.393999999999984 213
-700.0 131.624 10 1080.0 -1780.0 89 -35 40.485 40.41699999999999 356
515.0 199.60600000000005 14 1140.0 -625.0 88 -43 79.45300000000002 47.31 125
390.0 71.56 6 390.0 -1840.0 46 -19 18.557000000000002 10.084 368
480.0 85.19399999999997 8 480.0 0.0 0 -21 25.729999999999997 21.476999999999997 0
1705.0 268.9169999999999 22 2370.0 -675.0 88 -67 103.72199999999998 75.39599999999999 135
1980.0 259.531 18 2250.0 -270.0 90 -66 81.71500000000002 80.30999999999999 18
1075.0 231.717 18 1740.0 -665.0 88 -57 86.93 58.236999999999995 133
625.0 232.42399999999992 11 1680.0 -1080.0 88 -55 81.226 76.79199999999999 216
-285.0 137.40600000000003 10 1050.0 -1335.0 89 -41 34.90899999999999 38.140000000000015 267
450.0 74.62599999999998 7 450.0 0.0 0 -19 26.093999999999994 13.381 0
750.0 93.36399999999999 4 750.0 0.0 0 -21 33.898999999999994 32.57299999999999 0
840.0 95.69199999999996 6 840.0 -2880.0 72 -27 33.56699999999999 22.314 576
85.0 188.3959999999999 11 1140.0 -1055.0 87 -46 64.34899999999998 37.01299999999999 211
690.0 72.81599999999997 7 690.0 0.0 0 -21 26.768999999999988 22.541999999999998 0
720.0 71.77000000000001 6 720.0 -2210.0 55 -20 25.828 24.754999999999995 442
-165.0 170.237 15 900.0 -1065.0 88 -44 65.113 34.341 213
-1040.0 85.38699999999999 8 720.0 -1760.0 87 -25 27.09599999999999 20.500999999999998 352
270.0 85.67199999999997 6 270.0 0.0 0 -23 30.05099999999999 8.778000000000002 0
660.0 74.33500000000004 4 660.0 -2810.0 70 -19 14.329999999999995 29.589000000000013 562
235.0 192.2469999999999 13 1290.0 -1055.0 87 -53 53.75499999999998 44.20999999999999 211
900.0 221.47699999999992 14 1560.0 -660.0 88 -51 73.82100000000001 64.69799999999998 132
480.0 76.04299999999998 6 480.0 0.0 0 -21 25.18499999999999 13.174 0
870.0 94.784 5 870.0 0.0 0 -21 40.48700000000002 31.026999999999994 0
-1090.0 95.07000000000001 10 690.0 -1785.0 89 -27 26.26899999999999 14.552999999999997 357
510.0 73.04799999999997 5 510.0 0.0 0 -19 29.690999999999995 12.603000000000002 0
720.0 95.22899999999997 6 720.0 -2105.0 52 -20 36.04899999999999 29.308 421
540.0 71.91299999999998 7 540.0 0.0 0 -19 27.099999999999994 16.333 0
-555.0 118.32899999999998 10 780.0 -1340.0 89 -28 43.851 27.433999999999987 268
540.0 90.032 8 540.0 -2645.0 66 -23 34.52499999999999 23.905000000000005 529
405.0 178.58200000000005 13 1470.0 -1080.0 88 -42 73.412 49.72799999999999 216
675.0 222.63000000000002 15 1740.0 -1065.0 88 -53 77.89399999999998 58.800999999999995 213
-735.0 111.77499999999998 11 600.0 -1335.0 89 -28 39.33 23.108999999999998 267
360.0 83.36699999999998 7 360.0 0.0 0 -22 22.345999999999997 11.335 0
-540.0 149.18900000000002 14 810.0 -1350.0 90 -39 52.377999999999986 28.895 270
-45.0 145.56899999999993 12 1020.0 -1070.0 88 -37 55.976999999999975 32.782999999999994 214
510.0 96.986 9 510.0 -2260.0 56 -20 31.567 24.533999999999995 452
-180.0 211.01199999999997 16 1170.0 -1350.0 90 -43 86.24899999999998 60.035000000000004 270
-840.0 149.60000000000002 11 960.0 -1800.0 90 -30 57.35100000000001 46.664 360
1260.0 273.182 21 1530.0 -270.0 90 -63 94.23199999999997 62.99899999999999 18
15.0 170.578 15 1350.0 -1335.0 89 -41 58.160000000000004 52.55899999999999 267
600.0 101.12399999999998 6 600.0 0.0 0 -26 33.53499999999999 23.336 0
450.0 70.06799999999998 6 450.0 0.0 0 -21 18.392 17.912999999999997 0
-525.0 116.53999999999999 14 810.0 -1335.0 89 -30 40.312999999999995 28.098 267
570.0 100.19399999999996 7 570.0 0.0 0 -19 41.33699999999999 31.197999999999993 0
750.0 113.84099999999998 9 750.0 -2410.0 60 -23 47.86999999999998 31.947999999999986 482
-390.0 142.89299999999997 13 960.0 -1350.0 90 -37 44.95399999999999 35.49199999999999 270
540.0 86.94499999999998 6 540.0 0.0 0 -19 35.885 28.116999999999994 0
465.0 185.02100000000002 14 1530.0 -1065.0 88 -50 57.60699999999999 48.32299999999999 213
630.0 87.45499999999996 5 630.0 -2785.0 69 -21 32.516 21.997 557
-30.0 162.33399999999997 11 1290.0 -1325.0 88 -39 51.05199999999999 56.37499999999998 265
1105.0 240.661 21 1770.0 -680.0 89 -64 73.938 60.974 136
-495.0 157.71599999999995 13 840.0 -1335.0 89 -43 57.11099999999998 20.545 267
360.0 70.50399999999998 5 360.0 0.0 0 -19 21.105999999999995 16.671 0
-60.0 165.22599999999997 15 1020.0 -1100.0 91 -43 53.59499999999999 40.49199999999999 220
600.0 90.44 7 600.0 -2125.0 53 -23 31.46799999999999 19.548999999999996 425
0.0 163.611 11 1320.0 -1320.0 88 -49 50.10899999999999 36.67099999999999 264
660.0 71.76999999999998 6 660.0 -2440.0 61 -20 20.643 22.928999999999995 488
630.0 148.866 11 630.0 0.0 0 -34 60.251 25.162 0
780.0 98.95999999999998 8 780.0 -1665.0 41 -20 44.79899999999999 30.530999999999995 333
570.0 92.36899999999996 8 570.0 0.0 0 -25 25.923 18.839 0
445.0 163.27499999999995 16 1110.0 -665.0 88 -43 54.37399999999998 37.580999999999996 133
465.0 157.909 10 1140.0 -675.0 90 -40 56.860000000000014 34.93999999999999 135
1875.0 294.437 16 2130.0 -255.0 85 -65 107.75199999999998 79.22800000000001 17
675.0 173.80099999999996 14 1350.0 -675.0 90 -48 61.70899999999999 48.603 135
-135.0 166.374 13 1200.0 -1335.0 89 -38 63.106999999999985 46.94499999999999 267
870.0 84.906 7 870.0 0.0 0 -21 38.871999999999986 22.650999999999986 0
120.0 166.87400000000002 13 1470.0 -1350.0 90 -47 54.74799999999998 36.67099999999999 270
925.0 242.439 20 1590.0 -665.0 88 -60 73.59299999999999 61.32099999999999 133
-555.0 102.133 9 780.0 -1335.0 89 -30 29.28799999999999 17.854000000000003 267
1480.0 255.998 16 2010.0 -530.0 88 -64 72.097 79.32200000000002 53
-760.0 128.32199999999997 10 1020.0 -1780.0 89 -37 39.232 31.944000000000003 356
225.0 138.664 13 900.0 -675.0 90 -38 45.812 36.373999999999995 135
780.0 90.89800000000002 6 780.0 -2060.0 51 -19 36.443000000000026 34.07199999999999 412
540.0 85.46299999999997 8 540.0 -1410.0 35 -20 32.15799999999999 25.274999999999995 282
780.0 83.41799999999998 8 780.0 -2195.0 54 -20 31.550999999999995 30.497999999999994 439
1035.0 177.16799999999998 13 1710.0 -675.0 90 -44 63.457 56.55099999999999 135
-540.0 139.295 12 810.0 -1350.0 90 -40 39.59899999999999 22.575999999999997 270
540.0 55.176 5 540.0 -2770.0 69 -18 13.558 18.403999999999996 554
175.0 184.32099999999997 12 1230.0 -1055.0 87 -42 66.22099999999999 46.124999999999986 211
90.0 145.97399999999993 8 1440.0 -1350.0 90 -34 53.025999999999996 51.77799999999999 270
55.0 146.91700000000006 12 1110.0 -1055.0 87 -40 50.346000000000004 36.788999999999994 211
-1180.0 121.97599999999997 11 600.0 -1780.0 89 -29 45.74699999999999 23.126 356
925.0 186.36300000000003 12 1590.0 -665.0 88 -51 53.743999999999986 49.99900000000002 133
390.0 81.86399999999998 6 390.0 0.0 0 -21 28.923 13.924 0
540.0 68.569 8 540.0 -2240.0 55 -19 23.173999999999996 19.913 448
-360.0 140.78799999999998 11 990.0 -1350.0 90 -35 44.326999999999984 37.641999999999996 270
385.0 174.95299999999997 12 1050.0 -665.0 88 -36 73.985 47.00299999999999 133
-465.0 109.99 10 870.0 -1335.0 89 -25 27.618000000000002 28.717000000000002 267
570.0 72.37299999999996 5 570.0 0.0 0 -19 25.078999999999997 19.11 0
990.0 103.39699999999999 4 990.0 -2080.0 52 -22 39.00200000000002 39.84199999999999 416
480.0 133.723 6 480.0 0.0 0 -28 56.30100000000001 20.628999999999994 0
570.0 109.72299999999997 7 570.0 0.0 0 -22 46.618999999999986 25.750000000000004 0
990.0 105.573 9 990.0 0.0 0 -24 44.14699999999999 34.55399999999999 0
510.0 91.08399999999997 7 510.0 -2660.0 66 -21 34.993 22.107000000000003 532
-30.0 179.90399999999997 14 1320.0 -1350.0 90 -41 71.55399999999999 50.133999999999986 270
720.0 102.10199999999998 8 720.0 0.0 0 -24 27.475999999999992 33.714999999999996 0
540.0 79.119 7 540.0 0.0 0 -22 23.934 18.435999999999993 0
1580.0 269.825 21 2100.0 -520.0 86 -68 82.97499999999998 74.034 52
1200.0 222.946 16 1530.0 -270.0 90 -50 71.71799999999999 66.58399999999999 18
450.0 84.64799999999998 7 450.0 -2215.0 55 -22 31.434999999999985 16.509999999999998 443
750.0 80.94000000000003 4 750.0 0.0 0 -19 28.572000000000024 27.730000000000008 0
235.0 181.99499999999998 11 1290.0 -1055.0 87 -45 61.609000000000016 52.908000000000015 211
-1000.0 124.20699999999998 9 780.0 -1780.0 89 -32 42.38199999999999 33.539 356
810.0 75.27899999999997 4 810.0 0.0 0 -20 22.606999999999992 23.95199999999999 0
225.0 206.09399999999997 13 1560.0 -1335.0 89 -49 75.46500000000002 61.14199999999997 267
390.0 97.059 6 390.0 0.0 0 -19 40.916999999999994 22.282999999999994 0
690.0 78.404 6 690.0 -2415.0 60 -20 30.119999999999997 21.635 483
-5.0 115.36500000000001 7 1050.0 -1055.0 87 -26 43.967999999999996 40.708 211
690.0 81.905 5 690.0 0.0 0 -19 27.848999999999997 29.71299999999999 0
510.0 68.845 6 510.0 0.0 0 -19 27.092999999999996 16.83 0
-330.0 157.731 14 1020.0 -1350.0 90 -38 55.429999999999986 37.11 270
205.0 182.53299999999996 16 870.0 -665.0 88 -49 63.337999999999994 30.685 133
525.0 189.70200000000008 18 1200.0 -675.0 90 -50 59.328999999999986 40.958 135
-120.0 139.72899999999987 9 1230.0 -1365.0 91 -35 45.351000000000006 43.13300000000002 273
1455.0 293.185 21 1710.0 -255.0 85 -70 109.67399999999999 61.042999999999985 17
660.0 82.05899999999997 4 660.0 0.0 0 -21 17.728999999999996 28.933999999999997 0
300.0 58.349999999999994 5 300.0 -2770.0 69 -20 13.524999999999999 6.3580000000000005 554
1065.0 181.65299999999996 14 1320.0 -255.0 85 -46 74.44999999999997 43.233 17
1045.0 225.87100000000004 15 1710.0 -670.0 88 -56 73.79000000000002 65.295 134
360.0 186.85799999999995 12 1440.0 -1080.0 90 -45 59.00200000000002 56.26699999999999 216
-15.0 151.30199999999994 14 1050.0 -1065.0 88 -27 67.56599999999997 50.78 213
600.0 90.58999999999999 6 600.0 0.0 0 -19 33.00599999999999 24.324 0
-555.0 126.00999999999995 9 780.0 -1335.0 89 -33 40.955 27.383 267
630.0 75.86999999999999 7 630.0 -1685.0 42 -20 25.944999999999993 18.051999999999996 337
1905.0 290.8849999999999 20 2160.0 -255.0 85 -71 95.98899999999998 71.62199999999997 17
-255.0 136.36499999999995 12 1080.0 -1335.0 89 -39 46.66399999999999 23.941000000000003 267
955.0 205.69900000000004 13 1620.0 -665.0 88 -52 73.55600000000001 60.474000000000004 133
-405.0 153.295 12 930.0 -1335.0 89 -35 57.10999999999999 37.17299999999999 267
780.0 80.02099999999996 3 780.0 -2310.0 57 -19 24.08999999999999 28.91299999999999 462
960.0 98.87000000000002 8 960.0 0.0 0 -22 33.35899999999999 36.703 0
-195.0 152.34899999999993 10 1140.0 -1335.0 89 -40 45.40199999999999 41.76400000000001 267
-645.0 173.14099999999993 13 690.0 -1335.0 89 -45 53.57799999999998 25.46 267
660.0 79.379 7 660.0 0.0 0 -19 27.214999999999996 23.136999999999993 0
255.0 173.48 13 1320.0 -1065.0 88 -47 53.42599999999999 44.00299999999999 213
-105.0 159.78399999999996 12 960.0 -1065.0 88 -37 48.06899999999999 51.157999999999994 213
325.0 168.57799999999995 14 990.0 -665.0 88 -46 52.72799999999998 33.120999999999995 133
1215.0 238.86100000000005 20 1470.0 -255.0 85 -60 82.76799999999999 58.105999999999995 17
585.0 159.296 15 1260.0 -675.0 90 -43 54.77699999999999 44.713 135
420.0 183.89100000000005 14 1500.0 -1080.0 90 -40 73.04400000000001 59.800000000000004 216
840.0 61.07499999999999 4 840.0 -2815.0 70 -17 8.549 30.472999999999995 563
780.0 71.76199999999999 5 780.0 0.0 0 -20 20.94 19.206 0
-330.0 160.539 13 1020.0 -1350.0 90 -41 51.36799999999998 37.928 270
270.0 225.1329999999999 15 1350.0 -1080.0 90 -54 64.037 43.83699999999999 216
0.0 131.24599999999998 10 1320.0 -1320.0 88 -35 37.928999999999995 43.48699999999999 264
-270.0 118.43 11 810.0 -1080.0 90 -28 43.505999999999986 32.016 216
1570.0 286.4949999999999 19 2100.0 -530.0 88 -71 95.55999999999999 84.18999999999998 53
150.0 186.90999999999994 11 1500.0 -1350.0 90 -47 58.259999999999984 57.300999999999995 270
720.0 84.63699999999997 9 720.0 -2470.0 61 -23 25.022999999999996 26.404 494
360.0 70.11999999999999 7 360.0 0.0 0 -19 28.527999999999995 10.197 0
70.0 162.52199999999996 14 1110.0 -1040.0 86 -41 55.335999999999984 43.34199999999999 208
420.0 100.09199999999998 8 420.0 -2815.0 70 -24 30.920999999999992 22.162999999999997 563
480.0 78.78199999999998 6 480.0 -2720.0 68 -21 28.99199999999999 14.304000000000002 544
-240.0 143.00400000000002 12 840.0 -1080.0 90 -40 46.80599999999998 25.234 216
-570.0 123.57099999999996 10 780.0 -1350.0 90 -31 45.345 29.075999999999997 270
750.0 112.41699999999999 8 750.0 -2215.0 55 -26 39.18799999999998 26.115000000000006 443
420.0 77.74299999999997 6 420.0 0.0 0 -21 23.734 17.089 0
690.0 66.95000000000003 3 690.0 0.0 0 -19 6.463000000000001 7.148 0
390.0 63.511999999999986 6 390.0 -2750.0 68 -21 14.758000000000001 4.8260000000000005 550
-370.0 202.225 13 1410.0 -1780.0 89 -51 73.50900000000001 51.36300000000001 356
1105.0 210.16 16 1770.0 -665.0 88 -54 71.45899999999999 54.489999999999995 133
-820.0 98.60699999999999 10 960.0 -1785.0 89 -30 24.935999999999996 17.217 357
240.0 203.42599999999993 13 1560.0 -1320.0 88 -48 72.83799999999998 62.428999999999995 264
75.0 185.15 16 1410.0 -1335.0 89 -41 66.25699999999999 58.20199999999999 267
510.0 79.88699999999999 6 510.0 0.0 0 -21 25.546000000000003 21.040999999999997 0
-880.0 121.44999999999999 10 900.0 -1780.0 89 -34 36.837999999999994 32.242999999999995 356
660.0 85.002 8 660.0 0.0 0 -22 24.288999999999994 25.707999999999995 0
510.0 64.46499999999999 6 510.0 0.0 0 -19 17.071999999999996 9.100999999999996 0
450.0 68.21000000000001 8 450.0 0.0 0 -19 20.759999999999998 13.509 0
1635.0 282.664 18 1890.0 -255.0 85 -63 91.50299999999999 85.67400000000004 17
570.0 76.703 6 570.0 0.0 0 -21 25.669999999999995 19.999000000000002 0
630.0 100.96599999999998 7 630.0 0.0 0 -22 27.66499999999999 28.358999999999988 0
390.0 77.681 5 390.0 0.0 0 -19 23.433999999999994 21.381 0
330.0 199.719 12 1410.0 -1085.0 90 -41 75.41000000000001 66.196 217
660.0 67.802 7 660.0 -2165.0 54 -19 16.742 15.856999999999996 433
-225.0 133.305 13 840.0 -1065.0 88 -34 41.699 30.043999999999997 213
85.0 185.17799999999994 13 1140.0 -1055.0 87 -47 67.55299999999998 41.89099999999999 211
180.0 227.48300000000006 16 1500.0 -1320.0 88 -58 83.51000000000002 56.057999999999986 264
600.0 88.93699999999995 6 600.0 0.0 0 -21 30.464999999999996 23.36899999999999 0
390.0 93.10899999999997 9 390.0 0.0 0 -20 39.206 20.127 0
630.0 99.34900000000002 9 630.0 -1705.0 85 -25 41.84999999999999 21.607999999999997 341
300.0 77.27799999999999 7 300.0 -2045.0 51 -19 30.638999999999992 12.914 409
570.0 80.24499999999999 7 570.0 -2580.0 64 -22 24.993999999999993 22.086999999999996 516
-75.0 136.39999999999998 12 990.0 -1065.0 88 -37 46.13399999999999 31.104999999999997 213
445.0 217.86099999999993 13 1500.0 -1055.0 87 -52 71.21800000000002 57.498000000000005 211
15.0 182.60499999999996 16 1080.0 -1065.0 88 -45 66.40799999999999 43.202999999999996 213
-240.0 123.34399999999998 12 840.0 -1080.0 90 -30 47.37999999999999 34.322 216
660.0 68.02199999999999 4 660.0 0.0 0 -19 22.604999999999997 20.241 0
-1390.0 107.63400000000001 8 390.0 -1780.0 89 -28 42.27899999999999 13.652000000000001 356
540.0 70.625 7 540.0 -2125.0 53 -21 18.38 17.363999999999994 425
-480.0 146.78399999999993 8 840.0 -1320.0 88 -37 49.11999999999999 29.118 264
1800.0 254.999 18 2070.0 -270.0 90 -65 85.665 71.37700000000001 18
510.0 171.054 14 1590.0 -1080.0 90 -40 70.36499999999998 57.81399999999999 216
420.0 63.72699999999999 6 420.0 -2485.0 62 -21 13.989 11.392 497
1695.0 288.068 24 1950.0 -255.0 85 -66 93.19299999999998 80.03 17
660.0 92.66400000000002 4 660.0 0.0 0 -21 26.40799999999999 30.50300000000002 0
420.0 70.62 6 420.0 -2575.0 64 -19 23.822 14.998999999999995 515
1980.0 259.35699999999997 18 2250.0 -270.0 90 -72 54.80699999999999 47.441 18
810.0 108.663 8 810.0 0.0 0 -19 45.42999999999999 42.47199999999999 0
660.0 72.56299999999999 8 660.0 0.0 0 -19 28.533999999999995 13.818999999999999 0
1740.0 283.31 20 2010.0 -270.0 90 -70 85.73199999999997 84.29899999999998 18
1815.0 240.78 18 2070.0 -255.0 85 -66 62.219999999999985 68.45499999999998 17
660.0 89.20399999999998 7 660.0 0.0 0 -22 30.414999999999996 24.22399999999999 0
510.0 80.84799999999997 9 510.0 0.0 0 -19 30.607 20.610999999999997 0
420.0 103.80599999999998 9 420.0 0.0 0 -24 36.257999999999996 21.570999999999998 0
630.0 85.315 6 630.0 -2790.0 69 -23 25.194999999999993 22.44899999999999 558
-560.0 147.48700000000002 7 1200.0 -1760.0 87 -32 58.88400000000002 48.881999999999984 352
805.0 183.59499999999994 15 1470.0 -665.0 88 -41 62.07099999999999 58.12199999999999 133
360.0 72.37599999999998 7 360.0 0.0 0 -19 27.61799999999999 13.507999999999997 0
450.0 93.367 6 450.0 0.0 0 -19 38.026999999999994 21.87599999999999 0
540.0 61.59499999999999 7 540.0 0.0 0 -19 15.794 11.799999999999999 0
600.0 208.607 12 1680.0 -1080.0 90 -44 89.05400000000002 63.42499999999998 216
480.0 68.49699999999999 6 480.0 -2590.0 64 -19 19.915999999999997 16.075999999999993 518
675.0 189.73300000000006 15 1350.0 -680.0 90 -43 63.20400000000004 61.74199999999998 136
945.0 207.41899999999998 18 1620.0 -715.0 93 -46 68.19800000000001 67.42599999999999 143
-680.0 139.57199999999997 10 1080.0 -1760.0 87 -34 46.010999999999974 43.668 352
450.0 85.16699999999997 7 450.0 0.0 0 -19 31.493 19.211999999999996 0
735.0 225.25599999999997 10 1800.0 -1065.0 88 -51 86.26100000000004 63.54999999999997 213
1005.0 247.20000000000002 19 1680.0 -675.0 90 -59 101.109 57.818999999999996 135
-670.0 119.57599999999998 7 1110.0 -1780.0 89 -29 44.458 33.52999999999999 356
480.0 247.25299999999996 16 1560.0 -1080.0 90 -63 91.91499999999999 45.99499999999999 216
1050.0 250.296 15 1560.0 -510.0 85 -59 80.19499999999998 49.229 51
570.0 95.12399999999997 7 570.0 0.0 0 -20 39.345 29.14499999999999 0
315.0 210.011 14 1380.0 -1065.0 88 -51 77.166 58.645 213
690.0 81.619 6 690.0 0.0 0 -19 34.058 25.522999999999993 0
-330.0 129.25199999999998 9 1020.0 -1350.0 90 -28 54.95000000000003 40.847999999999985 270
330.0 67.59199999999998 6 330.0 0.0 0 -20 22.985 11.917000000000002 0
1380.0 230.10099999999994 17 1650.0 -270.0 90 -60 68.98299999999998 61.321000000000005 18
810.0 94.099 7 810.0 -1905.0 47 -22 34.114999999999995 31.542999999999992 381
105.0 179.66200000000006 10 1440.0 -1335.0 89 -45 64.04200000000002 49.67799999999998 267
480.0 89.391 8 480.0 -2665.0 66 -20 40.01299999999999 13.888 533
600.0 75.63499999999998 7 600.0 -2295.0 57 -19 27.187999999999995 18.433999999999997 459
-165.0 125.81399999999998 11 1170.0 -1335.0 89 -34 40.295999999999985 38.70499999999999 267
930.0 75.08200000000002 4 930.0 -2605.0 65 -20 21.416000000000004 21.360000000000003 521
960.0 96.72200000000001 5 960.0 -1650.0 41 -19 41.11000000000002 38.24399999999997 330
570.0 66.808 6 570.0 -2645.0 66 -20 21.726999999999997 16.730999999999998 529
2265.0 340.534 18 2520.0 -255.0 85 -78 123.468 97.13299999999997 17
-690.0 85.98199999999999 9 630.0 -1320.0 88 -28 29.858999999999995 15.049999999999999 264
840.0 99.60599999999998 7 840.0 -2555.0 63 -20 38.124 31.28199999999999 511
535.0 219.573 17 1590.0 -1055.0 87 -58 74.52099999999997 48.45299999999999 211
750.0 85.92300000000002 5 750.0 0.0 0 -19 28.929999999999996 30.948 0
720.0 94.93100000000004 5 720.0 0.0 0 -20 37.655000000000015 26.001000000000012 0
1260.0 245.386 18 1920.0 -690.0 90 -56 87.76299999999998 72.99799999999999 138
450.0 71.503 6 450.0 -2615.0 65 -20 26.135999999999996 13.346999999999998 523
720.0 70.86699999999999 5 720.0 0.0 0 -21 18.252000000000002 23.80499999999999 0
420.0 79.02699999999996 5 420.0 -2730.0 68 -21 30.753999999999984 13.927999999999994 546
720.0 95.78999999999999 9 720.0 -1270.0 84 -20 42.25099999999999 26.506999999999994 254
-405.0 169.636 16 930.0 -1335.0 89 -35 72.22299999999998 49.524999999999984 267
630.0 118.27000000000001 6 630.0 -2605.0 65 -22 45.12900000000001 28.155 521
175.0 150.96699999999998 11 1230.0 -1055.0 87 -39 47.808 37.207999999999984 211
900.0 80.32900000000001 5 900.0 -2115.0 52 -20 31.175 32.53699999999999 423
2205.0 286.802 16 2460.0 -255.0 85 -69 93.781 90.712 17
660.0 78.68199999999999 7 660.0 -2225.0 55 -21 31.266 21.816 445
-180.0 133.93399999999997 10 1170.0 -1350.0 90 -40 35.18899999999999 25.535999999999998 270
360.0 64.27799999999999 7 360.0 0.0 0 -19 16.491 14.072999999999999 0
720.0 94.94499999999998 7 720.0 0.0 0 -19 34.769999999999996 35.126999999999995 0
510.0 68.69799999999998 6 510.0 -2680.0 67 -22 11.515 16.177 536
90.0 149.31700000000006 13 1410.0 -1320.0 88 -36 55.629000000000005 50.12899999999999 264
-150.0 155.13199999999995 10 1170.0 -1320.0 88 -41 48.72999999999999 44.523 264
510.0 79.86299999999999 6 510.0 0.0 0 -20 23.370999999999995 25.418999999999993 0
450.0 85.76099999999998 9 450.0 -1755.0 43 -20 33.74499999999999 17.770999999999997 351
325.0 222.36700000000005 13 990.0 -665.0 88 -50 80.624 50.75900000000001 133
480.0 87.36999999999998 9 480.0 0.0 0 -24 28.436999999999998 13.696000000000002 0
2460.0 308.1850000000001 14 2730.0 -270.0 90 -76 85.19600000000004 111.48500000000001 18
195.0 138.926 11 870.0 -675.0 90 -36 50.50499999999999 27.198999999999995 135
75.0 163.31599999999997 13 1410.0 -1335.0 89 -46 51.661 38.522999999999996 267
1365.0 270.69599999999997 17 2040.0 -675.0 90 -64 100.252 74.17999999999999 135
270.0 256.26399999999995 19 1350.0 -1080.0 90 -65 87.942 48.03400000000001 216
600.0 68.247 7 600.0 0.0 0 -19 20.821999999999996 14.544000000000002 0
895.0 229.04799999999994 18 1560.0 -665.0 88 -56 83.57199999999999 62.579 133
420.0 79.666 7 420.0 -2030.0 50 -19 33.83699999999999 17.02 406
355.0 166.38699999999994 14 1410.0 -1055.0 87 -46 58.01 50.416 211
600.0 87.92199999999998 6 600.0 -2565.0 64 -22 25.542999999999996 21.333999999999996 513
1305.0 273.9869999999999 12 2370.0 -1070.0 88 -60 89.96100000000004 93.55300000000001 214
-570.0 136.33799999999997 13 780.0 -1350.0 90 -35 43.55999999999999 28.334999999999997 270
-795.0 114.936 8 540.0 -1335.0 89 -24 46.547 25.695000000000004 267
300.0 72.27999999999997 5 300.0 0.0 0 -19 26.97099999999999 10.672 0
780.0 82.87999999999998 9 780.0 -1780.0 44 -19 29.504999999999995 26.981999999999996 356
720.0 132.17899999999995 9 720.0 -2470.0 61 -25 50.605999999999995 39.514999999999986 494
-255.0 154.25500000000002 11 1080.0 -1335.0 89 -33 61.33900000000001 43.900999999999975 267
-555.0 145.77399999999997 12 780.0 -1335.0 89 -38 48.601000000000006 30.994 267
60.0 220.61599999999996 13 1380.0 -1320.0 88 -47 87.51999999999998 60.98799999999998 264
570.0 61.995 5 570.0 -2660.0 66 -19 16.799999999999997 19.555 532
1180.0 279.24399999999997 12 2220.0 -1040.0 86 -68 85.162 77.673 208
690.0 77.865 5 690.0 0.0 0 -19 26.112000000000002 28.131999999999994 0
450.0 67.471 7 450.0 0.0 0 -19 21.169999999999995 15.902000000000001 0
-375.0 129.66699999999997 11 960.0 -1335.0 89 -36 34.10499999999999 20.660999999999994 267
600.0 62.84099999999999 6 600.0 0.0 0 -19 18.492999999999995 10.666999999999998 0
1165.0 195.298 16 1830.0 -675.0 88 -54 74.61500000000001 55.475999999999985 135
45.0 140.94299999999998 10 1380.0 -1335.0 89 -34 40.286 43.342 267
120.0 172.81299999999996 13 1470.0 -1350.0 90 -50 52.04399999999999 37.35499999999999 270
-330.0 147.166 11 1020.0 -1350.0 90 -33 55.14700000000001 37.55199999999997 270
810.0 113.43599999999995 7 810.0 0.0 0 -25 36.54499999999999 36.57900000000001 0
325.0 170.66299999999998 16 990.0 -665.0 88 -54 53.40899999999999 27.397000000000002 133
420.0 72.601 7 420.0 0.0 0 -20 28.86399999999999 12.647000000000004 0
175.0 169.65199999999996 13 840.0 -665.0 88 -39 66.33699999999997 38.468 133
600.0 68.30799999999999 8 600.0 -140.0 9 -20 26.498999999999995 15.641999999999994 28
870.0 81.94 6 870.0 -2050.0 51 -21 33.160999999999994 26.11699999999999 410
1045.0 215.84300000000007 23 1710.0 -665.0 88 -54 79.535 60.964 133
1105.0 231.1340000000001 16 1770.0 -665.0 88 -55 84.12499999999997 74.462 133
1375.0 262.148 15 2040.0 -665.0 88 -59 102.921 80.46199999999999 133
570.0 119.4399999999999 8 570.0 0.0 0 -24 50.416 26.051000000000002 0
325.0 207.63999999999996 16 1380.0 -1055.0 87 -48 67.204 56.321 211
1065.0 200.293 16 1320.0 -255.0 85 -53 61.60699999999999 42.28 17
1455.0 245.29700000000008 20 1710.0 -255.0 85 -59 82.44099999999997 65.71100000000001 17
-75.0 167.51899999999998 13 1440.0 -1065.0 88 -44 56.953999999999986 34.82799999999999 213
450.0 65.46799999999998 6 450.0 0.0 0 -20 17.775999999999996 9.846999999999998 0
480.0 72.35899999999998 7 480.0 0.0 0 -19 30.749 16.655 0
1035.0 253.27800000000002 13 1710.0 -675.0 90 -60 89.55399999999999 65.83099999999999 135
655.0 254.64199999999994 15 1710.0 -1055.0 87 -66 66.89599999999999 67.042 211
660.0 96.33899999999998 8 660.0 0.0 0 -21 35.812999999999995 26.801000000000005 0
-645.0 122.97200000000001 13 690.0 -1335.0 89 -31 47.06199999999999 30.680999999999997 267
505.0 229.26099999999997 15 1560.0 -1055.0 87 -54 81.66099999999999 60.239999999999995 211
330.0 70.34099999999998 6 330.0 0.0 0 -19 19.797999999999995 11.239 0
150.0 167.45499999999998 11 1500.0 -1350.0 90 -44 49.68 57.257000000000005 270
390.0 82.626 5 390.0 -2980.0 74 -17 41.95500000000001 13.155000000000001 596
1075.0 217.1140000000001 15 1740.0 -665.0 88 -47 94.43700000000004 65.326 133
145.0 179.094 14 1200.0 -1055.0 87 -42 60.533 49.291999999999994 211
-690.0 119.36299999999996 11 660.0 -1350.0 90 -33 29.966999999999995 17.427999999999997 270
805.0 172.406 15 1470.0 -665.0 88 -45 61.163 54.617000000000004 133
2055.0 308.6560000000001 20 2310.0 -255.0 85 -78 93.50200000000001 82.634 17
-1130.0 114.78499999999998 10 630.0 -1760.0 87 -23 45.23299999999998 31.943999999999992 352
570.0 91.96600000000001 7 570.0 -2380.0 59 -22 38.583 19.675999999999995 476
115.0 184.51399999999995 11 1170.0 -1055.0 87 -38 72.60100000000003 50.99499999999998 211
300.0 79.67099999999995 4 300.0 0.0 0 -19 29.863999999999997 11.916999999999998 0
-90.0 171.35099999999994 13 1230.0 -1320.0 88 -47 55.933 37.022 264
390.0 80.55899999999998 6 390.0 0.0 0 -22 20.649999999999995 10.473999999999997 0
390.0 60.52299999999998 4 390.0 0.0 0 -19 7.872999999999999 12.266 0
-345.0 130.43499999999997 12 990.0 -1335.0 89 -38 29.591 24.22 267
150.0 169.16499999999996 13 1230.0 -1085.0 90 -51 46.088999999999984 34.03199999999998 217
510.0 83.04799999999999 9 510.0 0.0 0 -20 26.382999999999996 23.381 0
420.0 100.90699999999998 8 420.0 0.0 0 -25 36.32999999999999 18.737 0
390.0 81.41 6 390.0 -2875.0 71 -20 31.740000000000002 15.466 575
1275.0 237.883 16 1530.0 -255.0 85 -61 57.364000000000004 58.975999999999985 17
210.0 181.54499999999993 9 1530.0 -1320.0 88 -42 65.23500000000001 61.64899999999998 264
765.0 220.76700000000005 17 1440.0 -680.0 90 -58 68.39199999999998 55.77100000000002 136
-210.0 160.842 16 1140.0 -1350.0 90 -41 55.81699999999999 36.82699999999999 270
360.0 76.22199999999998 6 360.0 0.0 0 -19 25.517999999999994 15.619999999999997 0
540.0 81.11699999999999 5 540.0 0.0 0 -19 29.497 25.294000000000004 0
-1120.0 102.23299999999995 8 660.0 -1790.0 89 -24 39.84599999999998 21.964999999999996 358
900.0 109.22199999999995 10 900.0 -845.0 56 -20 45.02999999999999 41.175 169
780.0 95.38699999999997 9 780.0 0.0 0 -22 37.12199999999999 30.598999999999997 0
540.0 75.568 7 540.0 0.0 0 -19 30.379 20.035 0
1245.0 234.40700000000004 11 1920.0 -675.0 90 -49 94.86500000000004 75.50099999999998 135
-270.0 213.34900000000013 14 1050.0 -1320.0 88 -54 71.59500000000001 33.841 264
295.0 140.33199999999997 12 960.0 -705.0 90 -31 50.50899999999999 32.37899999999999 141
420.0 77.95099999999998 6 420.0 -2325.0 58 -20 29.34 16.467 465
540.0 87.84799999999998 8 540.0 0.0 0 -19 34.59799999999999 23.887999999999998 0
-390.0 130.44099999999997 10 960.0 -1350.0 90 -33 48.725999999999985 38.210999999999984 270
-1170.0 122.66999999999997 8 630.0 -1830.0 91 -31 41.37899999999999 26.152999999999995 366
510.0 77.877 4 510.0 -2790.0 69 -15 36.145000000000024 16.836999999999996 558
-440.0 172.44899999999998 12 1320.0 -1760.0 87 -42 63.747 39.675999999999995 352
420.0 190.711 14 1770.0 -1350.0 90 -51 66.80900000000003 57.394000000000005 270
330.0 201.83500000000004 14 1410.0 -1080.0 90 -48 74.624 48.564000000000014 216
660.0 225.125 14 1740.0 -1080.0 90 -58 67.922 64.015 216
-420.0 151.91199999999995 14 900.0 -1320.0 88 -37 56.389999999999986 35.829 264
2715.0 279.068 15 2970.0 -255.0 85 -73 60.157 102.105 17
570.0 77.33899999999997 5 570.0 0.0 0 -21 19.958999999999996 19.81799999999999 0
315.0 188.18699999999998 14 1650.0 -1335.0 89 -53 62.44399999999999 38.18999999999998 267
540.0 83.36499999999998 7 540.0 0.0 0 -21 27.93399999999999 22.807 0
780.0 100.08099999999996 9 780.0 0.0 0 -23 32.24799999999999 28.24299999999999 0
840.0 89.75600000000003 4 840.0 0.0 0 -19 32.33000000000003 37.33199999999997 0
540.0 63.708 4 540.0 -2700.0 67 -19 12.584999999999999 20.951000000000004 540
390.0 83.54299999999999 8 390.0 -2075.0 51 -21 25.668 12.797 415
345.0 209.90800000000002 12 1680.0 -1335.0 89 -47 75.22900000000001 68.35799999999999 267
1515.0 286.172 22 1830.0 -255.0 85 -66 99.101 86.044 17
840.0 81.19600000000004 5 840.0 0.0 0 -19 26.432999999999996 27.888 0
60.0 160.15999999999994 16 1140.0 -1090.0 90 -45 56.97099999999999 41.184 218
-360.0 137.77499999999995 12 990.0 -1350.0 90 -38 48.582999999999984 27.144000000000002 270
-640.0 138.28799999999998 11 1140.0 -1780.0 89 -36 41.69599999999999 39.521 356
570.0 67.663 6 570.0 -2590.0 64 -22 14.160999999999998 6.5489999999999995 518
780.0 95.36600000000001 9 780.0 -1735.0 86 -22 33.47599999999999 31.380999999999997 347
450.0 75.01499999999997 6 450.0 -2615.0 65 -19 17.506999999999998 15.899999999999999 523
-460.0 202.97199999999995 11 1260.0 -1720.0 86 -43 70.449 55.163 344
-360.0 161.53500000000003 12 990.0 -1350.0 90 -35 54.94000000000004 45.965 270
780.0 109.04599999999999 6 780.0 -2155.0 53 -21 46.733999999999995 35.128999999999984 431
1065.0 236.0039999999999 15 1740.0 -675.0 90 -68 67.99899999999998 61.76200000000002 135
690.0 81.35699999999997 10 690.0 0.0 0 -21 23.064999999999994 18.831999999999997 0
1250.0 229.0189999999999 18 1770.0 -520.0 86 -59 65.824 52.559 52
-65.0 146.71299999999994 14 990.0 -1055.0 87 -36 55.713999999999984 35.702 211
1995.0 274.409 14 2670.0 -675.0 90 -65 99.32100000000003 88.461 135
795.0 184.389 12 1470.0 -675.0 90 -45 66.43700000000001 47.02199999999998 135
450.0 67.16000000000001 7 450.0 -2255.0 56 -21 21.032999999999998 13.937000000000003 451
-850.0 151.719 13 930.0 -1780.0 89 -38 51.28099999999999 30.251 356
-750.0 132.31999999999996 10 600.0 -1350.0 90 -27 55.04199999999999 32.352 270
-105.0 164.64000000000001 12 960.0 -1085.0 89 -40 57.22700000000002 35.24399999999999 217
510.0 79.416 9 510.0 0.0 0 -20 32.642999999999994 19.598 0
1995.0 316.65399999999994 21 2250.0 -255.0 85 -76 110.76199999999999 82.37199999999999 17
-345.0 160.89 13 990.0 -1350.0 90 -41 46.92799999999999 44.873999999999995 270
810.0 103.17299999999999 9 810.0 0.0 0 -25 35.584999999999994 28.00999999999999 0
750.0 89.88499999999998 5 750.0 0.0 0 -19 37.029000000000025 28.298999999999978 0
630.0 72.55000000000001 7 630.0 0.0 0 -20 22.163999999999998 21.72 0
855.0 207.37599999999998 15 1530.0 -675.0 90 -54 75.12299999999996 46.685999999999986 135
-315.0 101.50199999999998 10 750.0 -1065.0 88 -27 32.56199999999999 23.336999999999996 213
420.0 80.38599999999997 6 420.0 0.0 0 -20 28.604 16.704 0
540.0 70.04599999999998 5 540.0 0.0 0 -19 15.092999999999995 19.256000000000004 0
2025.0 296.263 18 2280.0 -255.0 85 -77 94.201 60.09299999999999 17
630.0 89.99599999999997 8 630.0 0.0 0 -21 32.79699999999998 21.361999999999995 0
-300.0 168.61900000000003 10 1050.0 -1350.0 90 -42 58.14699999999996 43.183000000000035 270
390.0 93.428 3 390.0 0.0 0 -20 22.073 29.598999999999993 0
-90.0 221.804 11 1650.0 -1740.0 86 -53 76.61600000000001 61.45299999999998 348
420.0 202.49499999999998 15 1770.0 -1365.0 95 -50 66.37599999999999 73.63700000000001 271
690.0 126.78199999999998 11 690.0 -2385.0 59 -32 42.618999999999986 35.95399999999999 477
2145.0 302.3299999999999 20 2400.0 -255.0 85 -73 80.92900000000003 80.90099999999998 17
720.0 86.61999999999999 9 720.0 0.0 0 -22 32.25 27.427999999999997 0
480.0 84.45399999999998 6 480.0 -2560.0 64 -21 28.945999999999994 18.272 512
895.0 207.13599999999994 18 1560.0 -665.0 88 -56 58.81899999999998 47.413 133
-645.0 122.45399999999997 10 690.0 -1335.0 89 -32 47.378999999999984 27.126 267
660.0 105.239 5 660.0 -2495.0 62 -20 49.16199999999999 24.925000000000004 499
-375.0 153.43299999999994 11 960.0 -1335.0 89 -38 51.21899999999999 32.78999999999999 267
120.0 166.04599999999996 12 1470.0 -1350.0 90 -40 59.13900000000002 45.57999999999996 270
660.0 61.56999999999997 4 660.0 0.0 0 -19 13.415 18.504999999999992 0
-185.0 166.55699999999996 16 870.0 -1055.0 87 -44 54.161999999999985 34.777 211
15.0 126.22199999999998 11 690.0 -675.0 90 -32 46.535 25.858 135
115.0 154.228 13 1170.0 -1055.0 87 -44 42.55899999999999 37.021 211
1170.0 63.07999999999997 3 1170.0 -2850.0 71 -19 14.886000000000001 26.474999999999984 570
-1020.0 115.70499999999998 7 780.0 -1800.0 90 -30 38.270999999999994 25.101999999999997 360
660.0 95.62799999999997 10 660.0 -1220.0 30 -21 35.68799999999999 25.778 244
2205.0 301.7409999999999 15 2460.0 -255.0 85 -68 100.15 104.619 17
390.0 94.66299999999998 5 390.0 0.0 0 -19 42.742 16.180999999999997 0
-60.0 182.98199999999994 15 1290.0 -1350.0 90 -49 51.566999999999986 42.284 270
150.0 189.48299999999998 11 1500.0 -1370.0 91 -44 63.44600000000002 56.93200000000001 274
630.0 82.11499999999998 6 630.0 -1920.0 48 -20 29.986999999999995 27.003999999999994 384
840.0 112.454 7 840.0 -2265.0 56 -26 42.028999999999975 32.05499999999999 453
1075.0 224.19500000000008 15 1740.0 -665.0 88 -50 78.14300000000001 68.72399999999999 133
505.0 208.1670000000001 13 1560.0 -1055.0 87 -46 74.43500000000002 65.32199999999997 211
510.0 66.724 7 510.0 0.0 0 -21 14.938999999999998 13.426999999999998 0
-210.0 174.81899999999996 13 870.0 -1080.0 90 -40 63.781999999999975 40.08999999999999 216
630.0 80.73499999999999 5 630.0 -2395.0 59 -20 27.305999999999997 22.230999999999995 479
825.0 203.87800000000001 16 1500.0 -675.0 90 -59 52.26399999999999 56.276000000000025 135
1135.0 288.483 13 1800.0 -665.0 88 -64 107.53800000000001 68.14600000000002 133
630.0 66.369 6 630.0 0.0 0 -19 20.489 21.941999999999997 0
450.0 71.34599999999998 6 450.0 0.0 0 -20 19.05599999999999 11.562000000000001 0
510.0 59.470999999999975 6 510.0 0.0 0 -19 16.659 15.612000000000002 0
510.0 83.75599999999996 6 510.0 0.0 0 -22 31.718000000000004 16.561 0
450.0 75.15599999999998 5 450.0 0.0 0 -19 20.72999999999999 14.251999999999994 0
420.0 77.80799999999998 7 420.0 0.0 0 -21 29.11899999999999 13.420000000000002 0
105.0 182.75300000000004 12 1440.0 -1335.0 89 -48 37.924 61.07400000000001 267
630.0 73.97099999999999 4 630.0 0.0 0 -20 22.862 21.319 0
690.0 78.99600000000001 5 690.0 0.0 0 -20 23.265 26.955 0
510.0 95.652 6 510.0 -2490.0 62 -22 24.474999999999998 18.772999999999996 498
-135.0 139.50099999999998 10 1200.0 -1335.0 89 -34 56.062999999999995 41.381999999999984 267
1020.0 178.712 14 1290.0 -270.0 90 -48 45.074999999999996 42.588999999999984 18
15.0 179.33799999999997 15 1080.0 -1065.0 88 -44 65.69299999999997 32.634 213
-435.0 143.386 11 900.0 -1335.0 89 -37 45.46399999999999 28.055999999999994 267
780.0 104.39399999999998 8 780.0 -2460.0 61 -22 43.53100000000002 36.177000000000014 492
630.0 77.813 6 630.0 0.0 0 -19 29.171000000000003 26.626000000000005 0
445.0 168.348 16 1110.0 -665.0 88 -46 56.40799999999999 43.403999999999996 133
-630.0 167.80199999999996 11 1110.0 -1740.0 86 -43 49.838 43.120999999999995 348
720.0 92.405 8 720.0 0.0 0 -22 33.413999999999994 31.379999999999995 0
690.0 84.94399999999999 8 690.0 -2435.0 60 -25 21.416999999999998 24.176999999999992 487
-970.0 126.219 10 810.0 -1780.0 89 -29 46.537 36.00999999999999 356
390.0 71.13999999999997 6 390.0 0.0 0 -19 21.176999999999996 14.129999999999999 0
510.0 71.83699999999999 6 510.0 0.0 0 -19 22.319999999999993 15.331999999999997 0
-210.0 128.50099999999992 9 1140.0 -1350.0 90 -27 50.71899999999999 46.03299999999999 270
480.0 65.73499999999997 5 480.0 0.0 0 -20 12.681 10.322999999999999 0
420.0 214.49199999999993 15 1500.0 -1080.0 90 -48 87.81200000000001 58.735999999999976 216
-135.0 163.49999999999997 10 1230.0 -1380.0 91 -39 57.55900000000001 40.945 276
870.0 92.77899999999997 8 870.0 -1920.0 48 -22 34.288 31.192 384
865.0 239.068 14 1530.0 -665.0 88 -55 77.17900000000002 57.161999999999985 133
-60.0 143.577 12 1020.0 -1080.0 90 -41 53.890999999999984 31.557999999999993 216
2715.0 397.1259999999999 23 2970.0 -255.0 85 -93 127.65899999999999 115.16499999999998 17
655.0 163.16299999999998 11 1320.0 -665.0 88 -41 47.727999999999994 54.919 133
-700.0 136.86300000000003 8 1080.0 -1780.0 89 -37 37.904999999999994 37.45800000000003 356
30.0 212.19499999999996 12 1830.0 -1800.0 90 -48 80.062 62.425 360
300.0 158.42899999999992 12 1380.0 -1080.0 90 -40 45.81599999999999 43.030999999999985 216
-30.0 156.60899999999992 13 1050.0 -1080.0 90 -40 49.022999999999996 40.36599999999999 216
-180.0 170.321 14 900.0 -1080.0 90 -39 61.812999999999995 36.23299999999998 216
-1280.0 115.35199999999998 10 480.0 -1760.0 87 -27 38.81399999999999 20.618 352
330.0 67.71600000000001 4 330.0 -2640.0 66 -22 11.894999999999996 10.789999999999997 528
0.0 214.15600000000003 13 1410.0 -1350.0 90 -49 77.20600000000003 53.823999999999984 270
360.0 77.972 7 360.0 0.0 0 -19 29.68799999999999 16.615000000000002 0
-585.0 124.17799999999998 11 750.0 -1335.0 89 -33 43.658 23.680999999999997 267
840.0 76.95400000000001 4 840.0 0.0 0 -19 28.76700000000002 28.013999999999978 0
510.0 80.95899999999999 7 510.0 0.0 0 -21 30.756999999999998 16.101 0
720.0 81.26699999999998 5 720.0 0.0 0 -20 35.184999999999995 18.97699999999999 0
475.0 195.53899999999996 18 1140.0 -665.0 88 -53 65.39899999999999 32.942 133
555.0 151.651 14 1230.0 -675.0 90 -38 45.49899999999999 47.86099999999999 135
1470.0 258.469 18 2130.0 -660.0 88 -69 77.82599999999998 77.879 132
330.0 80.619 7 330.0 0.0 0 -19 30.135999999999996 16.612 0
540.0 83.579 6 540.0 0.0 0 -19 33.265 16.537999999999997 0
540.0 76.95799999999998 4 540.0 0.0 0 -19 23.516 21.839999999999996 0
-300.0 121.32199999999997 12 1050.0 -1350.0 90 -35 38.99999999999999 29.60899999999999 270
165.0 190.40699999999995 16 1230.0 -1065.0 88 -48 53.92099999999999 53.69099999999999 213
-30.0 129.068 8 1290.0 -1320.0 88 -34 41.247 43.192 264
-480.0 158.07499999999993 13 870.0 -1350.0 90 -39 59.91099999999998 34.934 270
-30.0 146.331 11 1050.0 -1095.0 92 -40 40.004999999999995 38.91800000000002 219
205.0 161.62499999999994 14 870.0 -685.0 89 -39 68.82699999999998 27.128 137
600.0 86.71399999999998 8 600.0 0.0 0 -19 31.33699999999999 22.314 0
700.0 182.52900000000005 14 1350.0 -650.0 86 -46 67.82700000000003 42.97100000000001 130
330.0 202.46800000000002 9 1680.0 -1350.0 90 -40 80.80600000000003 73.02299999999997 270
450.0 67.87299999999999 7 450.0 0.0 0 -21 16.869 18.578000000000003 0
-300.0 138.491 12 780.0 -1080.0 90 -37 41.13299999999999 25.944999999999993 216
-330.0 140.83399999999997 12 1020.0 -1350.0 90 -34 47.03899999999998 39.584999999999994 270
720.0 95.60799999999998 6 720.0 0.0 0 -20 32.91199999999999 31.31499999999998 0
420.0 88.024 8 420.0 -1830.0 45 -19 35.64799999999999 21.551 366
630.0 65.02300000000004 2 630.0 0.0 0 -19 8.995000000000003 3.0120000000000005 0
720.0 80.336 5 720.0 -1975.0 49 -20 27.452999999999996 26.256999999999984 395
-375.0 124.93399999999998 11 960.0 -1335.0 89 -36 37.07499999999999 33.40599999999999 267
600.0 80.48399999999998 5 600.0 -2645.0 66 -19 33.87099999999999 16.090999999999994 529
-585.0 121.80899999999998 11 750.0 -1335.0 89 -31 40.412 26.668 267
450.0 70.36799999999998 6 450.0 0.0 0 -19 24.141999999999992 13.405999999999999 0
390.0 66.121 7 390.0 0.0 0 -20 15.722999999999999 15.204999999999998 0
480.0 82.951 7 480.0 -2810.0 70 -22 30.918999999999993 20.15 562
615.0 251.209 18 1740.0 -1065.0 88 -55 103.62199999999999 68.93199999999999 213
365.0 144.41099999999997 13 990.0 -625.0 88 -39 56.87699999999999 33.971000000000004 125
300.0 104.67199999999997 7 300.0 -2745.0 68 -21 40.31199999999999 11.626999999999999 549
480.0 70.54899999999998 4 480.0 0.0 0 -19 20.965 14.909999999999997 0
2265.0 300.723 18 2520.0 -315.0 105 -66 105.49899999999998 101.12599999999998 21
390.0 67.876 7 390.0 -2445.0 61 -19 21.647 11.085 489
-255.0 144.43599999999998 9 1080.0 -1335.0 89 -37 43.75100000000001 35.524 267
630.0 60.25099999999998 5 630.0 0.0 0 -19 19.324999999999996 13.521999999999998 0
595.0 131.59299999999996 14 1260.0 -665.0 88 -37 44.117000000000004 31.005 133
280.0 213.60099999999997 14 1320.0 -1040.0 86 -52 80.012 49.39199999999999 208
690.0 76.23599999999999 7 690.0 -1745.0 43 -19 27.18299999999999 17.606999999999996 349
985.0 166.17099999999996 10 1650.0 -665.0 88 -45 46.062 52.540999999999976 133
-240.0 136.10799999999995 9 1080.0 -1320.0 88 -34 51.179999999999986 34.53999999999999 264
555.0 181.84799999999998 16 1350.0 -675.0 90 -47 64.65300000000002 39.436 135
900.0 94.40699999999998 5 900.0 0.0 0 -21 37.81700000000002 34.546999999999976 0
-345.0 146.941 11 990.0 -1335.0 89 -36 56.891999999999996 31.85600000000001 267
450.0 92.24699999999997 7 450.0 -2310.0 57 -23 35.044999999999995 17.044 462
1275.0 217.99099999999993 15 1530.0 -255.0 85 -45 87.46200000000002 62.894999999999975 17
-135.0 111.06899999999996 10 1200.0 -1335.0 89 -30 44.85299999999999 33.08699999999999 267
510.0 65.24099999999999 6 510.0 0.0 0 -19 15.681999999999993 6.487000000000001 0
-525.0 111.70599999999999 10 810.0 -1335.0 89 -34 24.517999999999994 25.238999999999997 267
-60.0 125.788 11 1290.0 -1350.0 90 -30 42.537 47.74399999999999 270
540.0 74.76899999999998 5 540.0 -2670.0 66 -15 31.04 23.04499999999999 534
-15.0 178.74499999999995 13 1320.0 -1335.0 89 -43 58.00699999999999 51.285999999999994 267
660.0 73.827 5 660.0 0.0 0 -19 21.391999999999996 22.110000000000007 0
780.0 84.22899999999998 8 780.0 -1180.0 59 -22 24.97799999999999 21.076999999999995 236
1080.0 110.49400000000001 7 1080.0 -1785.0 44 -24 34.456999999999994 49.614000000000004 357
-65.0 133.50099999999998 11 990.0 -1055.0 87 -37 37.452 32.85000000000001 211
2025.0 326.8449999999998 20 2280.0 -255.0 85 -77 98.95799999999996 102.13499999999999 17
75.0 162.90699999999998 13 1140.0 -1065.0 88 -41 54.822999999999986 41.590999999999994 213
1080.0 93.82199999999999 5 1080.0 0.0 0 -20 41.270000000000024 36.280999999999985 0
315.0 216.564 17 1380.0 -1065.0 88 -62 55.45299999999998 58.227999999999994 213
750.0 89.29899999999998 6 750.0 0.0 0 -24 26.737999999999996 25.163999999999998 0
570.0 220.89599999999993 14 1650.0 -1080.0 90 -60 76.46899999999998 43.20899999999999 216
660.0 65.24499999999999 4 660.0 0.0 0 -19 14.258999999999999 25.528 0
360.0 73.25999999999999 6 360.0 0.0 0 -21 20.072 13.420000000000002 0
720.0 105.77599999999995 8 720.0 0.0 0 -20 42.05799999999999 32.649 0
570.0 95.19300000000003 5 570.0 0.0 0 -21 40.677000000000014 18.625 0
1470.0 260.914 18 1740.0 -270.0 90 -59 91.28699999999996 75.75299999999999 18
570.0 89.41699999999999 6 570.0 0.0 0 -23 37.83099999999998 16.270999999999997 0
870.0 76.25000000000001 4 870.0 0.0 0 -19 26.678 30.537999999999997 0
-390.0 131.82499999999993 8 960.0 -1350.0 90 -32 48.66500000000001 35.81000000000001 270
1890.0 260.63999999999993 17 2160.0 -270.0 90 -66 76.55099999999999 83.32900000000001 18
690.0 101.36000000000001 8 690.0 0.0 0 -21 40.819 29.307999999999996 0
975.0 205.4779999999999 13 1650.0 -680.0 90 -51 60.741 64.83200000000001 136
-30.0 196.633 13 1320.0 -1350.0 90 -44 73.38300000000002 48.38599999999999 270
2100.0 336.5959999999999 20 2340.0 -240.0 80 -74 116.948 107.44100000000002 16
-840.0 97.91599999999998 8 600.0 -1350.0 90 -27 34.99599999999998 13.741999999999999 270
-555.0 104.25200000000001 7 780.0 -1335.0 89 -24 34.702999999999996 33.082 267
165.0 186.10899999999995 11 1500.0 -1335.0 89 -38 79.032 54.65099999999997 267
600.0 66.71799999999999 2 600.0 0.0 0 -19 6.463000000000001 26.965999999999998 0
-300.0 188.35499999999993 15 1050.0 -1350.0 90 -46 74.06499999999996 37.59 270
2355.0 295.0499999999998 17 2610.0 -275.0 86 -67 101.20299999999997 93.83099999999997 21
780.0 91.824 5 780.0 0.0 0 -19 31.115000000000002 37.88499999999999 0
540.0 82.47699999999993 5 540.0 0.0 0 -21 33.02799999999999 16.088999999999995 0
235.0 174.93599999999995 16 900.0 -665.0 88 -39 62.00999999999999 45.61899999999999 133
315.0 239.57600000000002 12 1650.0 -1335.0 89 -54 94.54700000000003 66.99899999999998 267
-500.0 134.97400000000002 8 1260.0 -1760.0 87 -26 58.59800000000002 51.40099999999999 352
420.0 87.75399999999999 7 420.0 0.0 0 -19 36.666999999999994 23.135999999999996 0
