1750.0 794.0729999999998 13 2670.0 -1080.0 98 -162 283.42699999999996 129.023 108
2610.0 767.7759999999998 15 3180.0 -1200.0 137 -165 264.62800000000004 134.09599999999995 177
4475.0 949.6479999999999 16 5160.0 -985.0 114 -213 294.78499999999997 209.189 197
2630.0 922.3669999999994 16 3510.0 -1490.0 135 -204 295.847 165.782 149
2690.0 842.2319999999996 14 3540.0 -1285.0 90 -170 313.7019999999999 157.32100000000003 172
1120.0 503.1379999999998 9 2040.0 -920.0 84 -124 136.649 74.171 92
1140.0 382.8189999999999 7 1140.0 0.0 0 -85 124.94299999999997 54.169000000000004 0
3100.0 790.7029999999997 13 3960.0 -860.0 78 -176 262.372 154.13099999999997 86
2070.0 794.0579999999994 13 3330.0 -1260.0 160 -174 257.799 141.475 126
1290.0 347.3179999999999 7 1290.0 0.0 0 -91 88.92299999999996 45.49099999999999 0
1530.0 438.94099999999986 6 1530.0 0.0 0 -89 166.24999999999994 66.783 0
3350.0 856.1459999999998 12 4260.0 -910.0 83 -185 316.899 142.764 91
3270.0 987.0939999999996 18 4140.0 -1600.0 145 -229 275.426 184.46399999999997 160
4310.0 893.3109999999999 15 5700.0 -1390.0 186 -210 265.46599999999995 212.567 139
3070.0 901.2740000000001 14 3990.0 -1050.0 95 -184 315.797 181.81300000000002 105
3890.0 1025.7729999999997 19 5160.0 -1270.0 162 -225 327.07199999999995 223.9639999999999 127
1000.0 579.06 9 1920.0 -1130.0 103 -116 219.75399999999996 87.156 113
2170.0 1016.3209999999999 20 3630.0 -1460.0 175 -229 335.236 154.082 146
1890.0 418.6819999999998 7 1890.0 0.0 0 -106 89.42599999999999 85.89699999999999 0
2390.0 1149.5999999999995 22 3780.0 -1480.0 173 -263 341.222 176.962 205
2660.0 862.1909999999999 15 4380.0 -1720.0 157 -209 231.86099999999993 171.668 172
4350.0 871.2119999999999 17 5160.0 -1430.0 130 -190 266.25100000000003 227.10100000000003 143
1725.0 896.8849999999998 16 3270.0 -1545.0 157 -217 234.045 148.98799999999997 220
1790.0 785.7269999999996 15 2700.0 -910.0 83 -179 255.0019999999999 115.49 91
1950.0 834.5099999999996 14 2550.0 -630.0 87 -188 280.865 109.622 123
2920.0 823.7499999999999 14 4230.0 -1395.0 175 -194 211.634 188.13999999999996 148
3000.0 985.9019999999996 19 4260.0 -1260.0 159 -230 305.353 168.46299999999997 126
2950.0 877.3559999999995 17 4800.0 -1850.0 182 -223 199.182 191.83999999999997 185
2900.0 880.483 15 3780.0 -1040.0 94 -192 293.10799999999995 160.51799999999997 104
2835.0 818.3219999999997 16 4380.0 -1645.0 166 -197 211.2379999999999 177.18399999999997 231
3760.0 1128.5769999999995 20 5070.0 -1310.0 166 -273 329.3179999999999 198.857 131
1220.0 895.5680000000001 16 3000.0 -1830.0 166 -186 334.7009999999999 132.69499999999996 183
3470.0 973.4179999999999 15 5220.0 -1750.0 174 -203 317.87699999999995 232.05699999999993 175
2020.0 908.2089999999997 17 2910.0 -890.0 81 -203 300.01099999999997 124.27899999999997 89
3470.0 935.9269999999996 16 4290.0 -1290.0 118 -194 328.05399999999986 189.02999999999994 129
1910.0 787.6099999999997 15 2730.0 -1410.0 129 -182 230.53999999999996 117.92599999999997 141
4530.0 872.8289999999996 15 5400.0 -1220.0 111 -201 249.93699999999995 217.61999999999992 122
2670.0 676.601 12 3930.0 -900.0 82 -155 223.2059999999999 136.64099999999993 90
2870.0 821.3299999999997 15 3720.0 -890.0 80 -182 259.52699999999993 161.36499999999998 174
3570.0 879.2619999999998 13 4290.0 -1360.0 142 -193 260.679 204.22699999999995 208
2580.0 891.5619999999999 16 3870.0 -1440.0 177 -195 305.242 159.49499999999995 144
2290.0 911.4499999999996 18 3240.0 -980.0 162 -201 306.328 132.96699999999998 154
1000.0 493.8639999999999 9 2130.0 -1010.0 92 -114 144.57399999999996 89.37500000000001 101
3280.0 827.6099999999997 15 3660.0 -670.0 105 -175 291.8319999999999 159.891 67
2800.0 847.6419999999998 16 3810.0 -1180.0 162 -210 211.92699999999996 156.899 193
2440.0 932.01 17 3300.0 -1380.0 151 -225 269.19199999999995 126.893 190
2130.0 1002.5359999999995 20 3960.0 -1900.0 173 -236 277.03399999999993 182.452 190
2650.0 948.8279999999996 19 4410.0 -1760.0 160 -239 219.67 188.62599999999995 176
3130.0 848.2659999999998 16 3690.0 -850.0 105 -198 230.61100000000002 167.537 141
3370.0 1025.37 17 5100.0 -1730.0 157 -246 261.34099999999995 224.38900000000004 173
2360.0 864.34 18 3060.0 -1330.0 138 -209 229.36799999999994 137.38499999999996 203
5790.0 1287.0169999999996 23 7080.0 -1440.0 174 -283 386.71399999999994 311.4749999999999 144
3220.0 998.7999999999997 20 4440.0 -1490.0 177 -234 280.686 198.951 149
2430.0 383.03299999999996 6 2430.0 0.0 0 -86 113.17899999999997 99.29499999999999 0
3230.0 993.0299999999999 18 4140.0 -1580.0 144 -222 307.51099999999997 183.71699999999993 158
2170.0 806.2379999999995 14 3030.0 -1780.0 162 -181 251.869 131.487 178
2210.0 779.1159999999998 15 3060.0 -850.0 77 -184 192.86999999999992 143.984 85
4010.0 1163.4310000000003 21 5760.0 -1750.0 159 -257 379.87699999999995 239.37299999999996 175
3680.0 939.7049999999997 17 4590.0 -910.0 83 -210 293.944 201.672 91
2560.0 799.9150000000001 15 3480.0 -1010.0 102 -174 259.69800000000004 155.517 101
3520.0 797.7879999999999 12 3900.0 -380.0 79 -189 208.43899999999996 172.788 38
2150.0 771.6809999999999 13 3060.0 -910.0 83 -185 215.58599999999996 126.69800000000001 91
1850.0 767.8439999999996 13 3090.0 -1240.0 159 -171 243.83999999999997 111.26 124
2240.0 829.1469999999997 16 3390.0 -1150.0 145 -194 231.69999999999996 144.04299999999998 115
4540.0 1019.1809999999996 19 5820.0 -1280.0 162 -198 386.50999999999993 260.3279999999999 128
1380.0 370.26399999999995 6 1380.0 0.0 0 -95 95.097 49.858 0
3480.0 840.8809999999999 15 4260.0 -780.0 71 -193 251.8309999999999 185.36799999999994 78
3870.0 902.3849999999996 16 4770.0 -1345.0 145 -182 342.7459999999999 199.18699999999995 179
5770.0 1076.015 17 6510.0 -970.0 174 -245 302.8309999999999 267.493 97
2970.0 900.1879999999999 16 3870.0 -1430.0 130 -188 306.828 176.24499999999998 143
2860.0 800.285 15 3720.0 -1485.0 150 -186 245.29799999999992 146.69799999999998 211
2680.0 822.3989999999997 13 3600.0 -1120.0 102 -153 319.7189999999999 183.96600000000004 112
3380.0 1102.0529999999999 20 4560.0 -1420.0 190 -254 354.92399999999986 175.27700000000002 134
2925.0 1192.022 21 3870.0 -1035.0 165 -268 367.68 188.79299999999998 162
2980.0 904.1019999999999 15 4230.0 -1250.0 160 -199 275.03999999999996 196.61999999999998 125
3360.0 1070.4179999999997 20 5280.0 -1920.0 174 -285 197.17 230.7059999999999 192
2870.0 920.5489999999994 16 3690.0 -1630.0 149 -190 330.36599999999993 155.58200000000002 163
2890.0 999.6389999999997 18 4080.0 -1190.0 146 -245 266.13 164.16499999999996 119
2065.0 836.627 14 3480.0 -1475.0 171 -192 264.11199999999997 108.597 131
1670.0 879.2269999999997 16 3150.0 -1480.0 163 -202 279.38199999999995 128.47899999999998 205
3220.0 1036.4609999999998 19 4500.0 -1280.0 160 -231 327.559 194.747 128
3430.0 918.5719999999998 17 4350.0 -1110.0 101 -197 303.144 203.79099999999994 111
3710.0 858.6419999999995 15 4620.0 -1240.0 113 -181 280.6799999999999 209.27399999999997 124
4520.0 1001.5629999999998 17 6150.0 -1705.0 158 -249 284.7479999999999 202.71699999999998 178
3650.0 1027.6709999999996 19 4890.0 -1240.0 155 -242 281.12599999999986 211.33300000000003 124
4220.0 962.2029999999997 15 4620.0 -400.0 83 -210 297.2440000000001 219.50699999999998 40
1750.0 707.2759999999998 13 2670.0 -1150.0 105 -148 248.72999999999993 119.303 115
3020.0 819.8639999999996 14 3900.0 -1710.0 156 -175 264.44599999999997 173.11700000000002 171
1360.0 944.0919999999998 17 3210.0 -1850.0 180 -219 270.19499999999994 144.51499999999996 185
2890.0 917.5229999999998 15 4710.0 -1700.0 155 -194 292.495 217.95499999999993 170
1975.0 737.8429999999997 12 3150.0 -1175.0 126 -156 270.86699999999996 124.25099999999999 109
2345.0 837.6299999999999 16 3030.0 -1005.0 108 -184 275.839 132.828 169
1520.0 826.334 13 2790.0 -1270.0 158 -187 225.032 142.40599999999998 127
3685.0 918.4449999999998 15 4830.0 -1145.0 161 -201 309.05999999999995 195.50399999999996 229
2820.0 949.4629999999995 18 4560.0 -1740.0 158 -236 215.9559999999999 207.859 174
4010.0 952.356 16 5670.0 -1660.0 151 -227 243.36199999999997 248.22099999999998 166
3810.0 849.2789999999999 13 4650.0 -840.0 76 -190 266.5359999999999 191.24399999999994 84
3520.0 864.1769999999997 16 3900.0 -830.0 131 -184 294.8549999999999 174.75099999999995 128
4220.0 1109.7939999999999 18 5130.0 -1090.0 99 -236 357.864 239.07999999999998 109
3350.0 896.7589999999999 15 4230.0 -1640.0 149 -187 294.082 198.90799999999996 164
3440.0 877.2039999999997 16 4350.0 -950.0 91 -198 277.1189999999999 177.902 95
2620.0 931.5939999999998 17 3540.0 -1165.0 112 -211 284.221 164.23899999999998 141
3320.0 919.63 14 3870.0 -1120.0 129 -197 302.3009999999999 183.51199999999997 167
2690.0 849.0349999999999 14 4470.0 -1880.0 171 -179 288.34799999999996 189.84799999999996 188
2360.0 844.0209999999997 15 3780.0 -1420.0 156 -200 250.464 155.817 196
2600.0 1000.4789999999997 18 4410.0 -1830.0 166 -230 293.21199999999993 189.27099999999996 183
2620.0 771.9619999999998 14 3480.0 -1080.0 123 -170 242.40999999999994 156.2 108
3630.0 894.2559999999997 17 4530.0 -1700.0 155 -210 248.15899999999993 198.38600000000002 170
3160.0 1088.8189999999995 22 4350.0 -1400.0 174 -264 280.155 196.22699999999998 140
2760.0 771.0969999999999 14 3660.0 -1340.0 122 -173 236.80699999999993 154.714 134
2925.0 853.9459999999999 15 3840.0 -1085.0 102 -185 288.921 157.97699999999998 217
1470.0 931.3439999999996 17 3270.0 -1890.0 182 -209 272.135 160.672 189
2230.0 1060.5710000000001 21 3930.0 -1750.0 158 -243 316.2079999999999 175.10599999999997 175
3330.0 922.8429999999996 17 4170.0 -850.0 77 -205 285.15 190.45600000000002 86
3190.0 874.237 16 4050.0 -1360.0 123 -212 233.66499999999996 169.10899999999998 136
4325.0 968.4429999999998 16 5010.0 -685.0 79 -204 321.7689999999999 220.81299999999996 137
3140.0 894.7129999999996 17 4470.0 -1330.0 145 -230 200.164 189.9269999999999 182
1980.0 852.0579999999999 16 2850.0 -870.0 79 -202 252.41199999999998 122.87199999999999 87
3895.0 844.2449999999998 14 4470.0 -660.0 93 -172 305.15199999999993 175.62999999999997 132
3670.0 887.2609999999994 15 4860.0 -1270.0 161 -176 317.3539999999999 222.825 135
1810.0 912.9829999999998 16 3570.0 -1760.0 160 -202 291.5789999999999 160.31299999999996 176
2470.0 756.5509999999999 13 3390.0 -960.0 87 -154 284.6079999999999 147.04399999999998 96
3380.0 811.6149999999998 16 3780.0 -1215.0 157 -196 207.74599999999992 142.26899999999998 203
1990.0 769.5419999999998 13 2850.0 -860.0 78 -176 229.08399999999995 128.09999999999997 86
4190.0 853.7049999999998 14 5100.0 -1450.0 132 -181 291.0479999999999 212.14699999999993 145
2370.0 766.2039999999997 14 3210.0 -840.0 76 -151 297.29499999999996 145.521 84
2540.0 841.4219999999996 15 3390.0 -1070.0 122 -193 254.32899999999992 152.422 192
2480.0 892.4669999999996 15 3330.0 -850.0 77 -194 292.87299999999993 147.743 85
2920.0 948.8799999999995 17 4230.0 -1310.0 162 -226 251.46299999999994 174.27499999999998 131
4160.0 1001.4429999999995 18 5430.0 -1490.0 178 -229 275.8739999999999 229.76500000000001 149
1530.0 363.1239999999999 6 1530.0 0.0 0 -94 81.74999999999999 57.77699999999999 0
2850.0 952.8759999999999 17 4620.0 -1770.0 161 -216 289.30699999999996 204.146 177
3220.0 1041.406 21 4410.0 -1490.0 180 -247 271.754 198.184 149
2810.0 999.6940000000001 16 4470.0 -1770.0 161 -221 327.0909999999999 185.37899999999996 177
3170.0 1047.6949999999997 16 4560.0 -1390.0 166 -236 306.89199999999994 203.83900000000003 139
2000.0 962.4359999999999 17 3780.0 -1780.0 162 -205 325.434 174.63899999999995 178
3530.0 870.3190000000001 17 3930.0 -1150.0 151 -202 242.54000000000002 177.60899999999995 115
4460.0 988.0439999999994 17 5160.0 -770.0 150 -225 294.1969999999999 215.89 77
4250.0 1050.4209999999998 17 5970.0 -1970.0 178 -237 302.685 258.83 197
2230.0 926.6229999999998 17 3990.0 -1860.0 169 -207 289.1599999999999 184.02899999999997 186
4180.0 935.746 16 5100.0 -1600.0 146 -205 305.60999999999996 204.81599999999995 160
2390.0 829.1539999999999 14 2760.0 -370.0 77 -186 271.2349999999999 114.55199999999999 37
2620.0 955.8879999999997 18 4530.0 -1910.0 174 -226 254.29299999999995 201.65699999999998 191
2715.0 1059.8959999999997 20 4170.0 -1495.0 164 -235 345.1499999999999 179.836 207
3890.0 1002.9649999999998 20 4770.0 -1130.0 102 -225 301.378 219.20199999999997 113
3260.0 971.8659999999999 19 4710.0 -1450.0 178 -229 275.16399999999993 193.98000000000002 145
930.0 898.514 17 2670.0 -1740.0 158 -204 285.5780000000001 119.748 174
2365.0 960.8269999999997 18 3750.0 -1385.0 172 -236 255.01600000000002 166.663 145
2070.0 740.3229999999999 12 2460.0 -390.0 81 -159 251.243 88.483 39
3130.0 886.5949999999999 17 4050.0 -1710.0 156 -204 245.118 181.377 171
1930.0 928.1099999999994 16 3690.0 -1760.0 160 -207 313.54199999999986 151.94599999999997 176
3980.0 1068.3269999999995 18 4860.0 -880.0 80 -230 355.3819999999999 215.96199999999993 88
2490.0 825.0339999999999 14 3330.0 -900.0 81 -169 306.16099999999994 145.188 90
3825.0 880.5059999999999 15 5190.0 -1365.0 161 -206 251.58499999999992 202.697 120
2400.0 543.2639999999999 9 2400.0 0.0 0 -110 188.01799999999994 116.785 0
2820.0 844.755 15 3660.0 -1470.0 133 -189 256.23300000000006 165.1 147
3450.0 894.5539999999999 17 3840.0 -830.0 121 -207 264.054 167.24599999999998 83
2000.0 894.7229999999996 17 2850.0 -850.0 77 -187 308.39799999999985 138.54899999999995 85
2760.0 923.3439999999997 19 3240.0 -980.0 138 -210 298.652 134.802 132
3085.0 987.0769999999998 18 3660.0 -575.0 81 -234 248.00899999999996 199.313 115
4290.0 1255.918 21 5460.0 -1240.0 155 -290 327.5139999999999 254.076 124
2250.0 967.6089999999995 18 3960.0 -1710.0 155 -229 253.9679999999999 183.70199999999997 171
3510.0 821.4239999999996 14 4320.0 -1530.0 139 -162 303.5 193.808 153
1400.0 890.6669999999997 18 3210.0 -1810.0 165 -220 239.96399999999994 134.023 181
2880.0 937.9319999999997 15 4680.0 -1800.0 164 -210 287.16599999999994 197.28399999999993 180
3030.0 1030.5179999999996 20 4260.0 -1250.0 155 -241 309.6829999999998 168.17699999999996 125
3050.0 924.126 14 4740.0 -1800.0 164 -202 279.507 212.66099999999997 180
4060.0 970.2779999999997 16 4920.0 -1780.0 162 -210 315.94199999999995 214.10999999999996 178
2900.0 876.9659999999998 16 4740.0 -1840.0 168 -208 259.758 177.147 184
1550.0 929.9319999999999 18 3360.0 -1810.0 165 -239 228.53899999999996 138.216 181
3370.0 839.0829999999999 14 4080.0 -710.0 82 -175 296.2839999999999 175.176 142
4190.0 1062.2670000000003 18 5100.0 -1040.0 94 -239 311.22399999999993 231.00499999999994 104
2770.0 897.8469999999999 14 4140.0 -1370.0 169 -212 287.21299999999997 147.43599999999998 120
2420.0 982.9069999999998 17 4170.0 -1750.0 159 -228 274.282 182.95799999999997 175
2100.0 843.0899999999997 14 2910.0 -930.0 99 -170 309.5629999999999 140.72099999999998 93
2950.0 967.4219999999998 18 3690.0 -830.0 162 -222 269.644 172.77599999999998 83
3205.0 895.5239999999995 17 3780.0 -575.0 81 -199 280.69899999999996 172.54700000000003 115
4000.0 909.3889999999999 16 4890.0 -1360.0 124 -198 280.32499999999993 191.88199999999998 136
2160.0 804.7769999999997 14 2790.0 -1390.0 142 -178 262.8399999999999 119.80200000000002 202
1490.0 955.0269999999997 17 2850.0 -1360.0 183 -222 287.74699999999996 115.17599999999996 136
3720.0 952.359 17 4560.0 -1230.0 111 -204 306.536 204.99399999999994 123
4140.0 1043.1819999999998 18 4890.0 -870.0 167 -248 298.5159999999999 196.01799999999997 87
1780.0 871.0539999999997 16 3180.0 -1600.0 172 -206 242.98899999999998 141.93999999999997 214
3790.0 932.9080000000001 18 4710.0 -970.0 88 -203 279.6379999999999 234.45299999999997 97
2910.0 871.7909999999998 16 3270.0 -360.0 75 -214 221.073 145.12800000000001 36
4280.0 994.9160000000002 16 5160.0 -1540.0 140 -199 359.2909999999999 232.00899999999993 154
4050.0 1068.0829999999996 19 4800.0 -750.0 156 -246 303.06399999999985 209.81999999999996 75
1760.0 862.1369999999997 15 2640.0 -1345.0 145 -185 298.871 120.63099999999997 181
3210.0 1010.4849999999997 16 4050.0 -1345.0 147 -222 316.876 187.14299999999994 185
4740.0 877.2069999999999 17 5100.0 -610.0 110 -197 288.24799999999993 198.86899999999994 86
5605.0 1119.9249999999997 21 6480.0 -975.0 170 -271 343.7729999999999 208.23099999999997 81
1640.0 588.0979999999998 10 2550.0 -910.0 83 -131 184.29799999999997 110.75899999999999 91
3240.0 829.4889999999999 15 3630.0 -390.0 81 -203 202.62699999999998 158.88599999999994 39
5150.0 1005.577 17 5910.0 -890.0 169 -220 335.0069999999999 217.11399999999998 89
2780.0 621.5009999999999 9 3180.0 -490.0 101 -116 246.31099999999995 142.35299999999995 49
2895.0 886.9649999999998 17 3870.0 -1085.0 173 -220 229.12700000000004 158.533 167
2010.0 788.5239999999999 13 2700.0 -1540.0 157 -178 246.05099999999996 121.15700000000004 223
2910.0 812.0329999999998 13 4110.0 -1200.0 151 -182 248.427 178.49099999999999 120
2690.0 960.6429999999998 17 4470.0 -1790.0 165 -228 265.599 181.29299999999995 179
2980.0 945.839 15 3840.0 -1560.0 142 -191 346.18699999999995 169.77100000000002 156
1830.0 428.9419999999998 7 1830.0 0.0 0 -92 139.12099999999995 87.94999999999997 0
3710.0 982.1669999999997 18 4620.0 -1260.0 115 -224 291.8699999999999 191.06499999999994 126
4190.0 919.1089999999997 15 5970.0 -1780.0 162 -218 275.7579999999999 214.118 178
2570.0 1008.0829999999999 20 3810.0 -1330.0 166 -232 315.09399999999994 157.988 142
3950.0 925.7569999999996 16 4350.0 -400.0 83 -190 318.9699999999999 191.80399999999992 40
1350.0 330.453 5 1350.0 0.0 0 -76 99.288 60.709 0
3960.0 786.8109999999996 16 4830.0 -1710.0 155 -192 215.06099999999998 167.811 171
3020.0 808.6379999999999 13 3900.0 -880.0 80 -193 238.8469999999999 147.58399999999997 88
1420.0 888.6439999999997 17 3210.0 -1790.0 163 -203 271.435 137.417 179
2735.0 895.8069999999997 17 3420.0 -685.0 79 -208 264.98199999999997 148.21399999999997 137
2250.0 970.6369999999997 17 3840.0 -1590.0 144 -227 264.50600000000003 139.50400000000002 159
3680.0 908.3009999999996 16 5130.0 -1270.0 159 -211 267.40099999999995 200.128 127
2990.0 890.7909999999998 15 4260.0 -1360.0 170 -208 254.11499999999987 179.28999999999996 145
3570.0 1018.1419999999999 19 4740.0 -1360.0 168 -245 273.86499999999995 196.688 136
2360.0 1029.7569999999998 20 4110.0 -1815.0 166 -250 275.07899999999995 174.12599999999998 188
3160.0 818.4319999999998 16 3750.0 -590.0 83 -184 256.06499999999994 161.90399999999994 118
2740.0 1004.6709999999998 18 3660.0 -920.0 84 -212 343.75699999999995 164.27100000000002 92
1660.0 896.329 16 3390.0 -1730.0 156 -201 285.2009999999999 148.525 173
2540.0 903.1450000000001 17 4320.0 -1780.0 162 -206 283.53799999999995 169.58899999999994 178
3800.0 981.0789999999997 17 5040.0 -1310.0 164 -242 251.37599999999992 198.732 131
3010.0 836.5489999999996 13 3930.0 -1210.0 110 -172 286.48899999999986 181.93499999999995 121
2485.0 659.6019999999997 11 3210.0 -745.0 85 -137 254.8779999999999 117.24999999999999 147
1830.0 1001.4119999999992 21 3540.0 -1940.0 176 -261 211.64799999999997 154.77599999999998 194
3020.0 767.2069999999998 13 3870.0 -850.0 77 -179 219.50799999999995 162.812 85
2580.0 558.9889999999997 9 2580.0 0.0 0 -130 156.39599999999996 112.25999999999999 0
2600.0 950.1219999999996 17 4290.0 -1720.0 160 -203 315.06199999999995 185.45999999999995 260
2650.0 977.8789999999993 18 3930.0 -1280.0 162 -225 304.13499999999993 155.85399999999998 128
3410.0 940.3109999999997 17 4320.0 -910.0 83 -213 292.57 180.331 91
2580.0 812.9479999999999 15 3420.0 -1730.0 157 -196 229.72199999999995 137.915 173
1650.0 411.3729999999999 7 1650.0 0.0 0 -82 154.18699999999998 76.02399999999999 0
2505.0 999.5039999999995 17 3330.0 -825.0 75 -215 299.66199999999986 192.45600000000002 165
2685.0 826.0629999999998 16 3240.0 -785.0 99 -173 293.856 143.629 134
5060.0 1004.9409999999997 17 5460.0 -400.0 83 -232 290.047 223.07200000000003 40
3000.0 954.5590000000001 16 3900.0 -1150.0 104 -218 273.441 179.52700000000002 115
4270.0 994.8919999999993 17 4650.0 -520.0 91 -194 377.329 217.135 52
2480.0 783.1949999999999 14 3330.0 -1265.0 135 -188 213.08399999999995 135.17999999999998 168
2830.0 949.8849999999999 18 4590.0 -1760.0 160 -213 282.519 202.53799999999995 176
2500.0 880.0159999999998 15 3210.0 -710.0 82 -192 293.98599999999993 137.257 142
4710.0 1111.1399999999999 20 5430.0 -890.0 184 -246 363.505 218.31400000000005 89
3200.0 975.4710000000003 16 4920.0 -1720.0 156 -199 336.69500000000005 228.57699999999994 172
4120.0 956.4119999999999 17 5340.0 -1280.0 156 -196 325.724 248.10999999999996 128
2620.0 922.3019999999999 16 3540.0 -1020.0 104 -213 273.2999999999999 152.927 102
3350.0 1066.4199999999998 19 4680.0 -1330.0 176 -245 306.30899999999986 214.56500000000003 133
2300.0 801.7810000000001 12 3210.0 -1260.0 132 -165 303.712 134.64999999999998 161
3010.0 897.5479999999998 16 3600.0 -1030.0 134 -197 303.59799999999996 146.01299999999995 206
3805.0 817.5159999999996 15 4530.0 -725.0 84 -194 217.43800000000002 197.70099999999994 145
1140.0 896.2709999999997 18 2880.0 -1740.0 158 -208 269.74999999999994 126.19599999999997 174
2960.0 924.9969999999998 18 3780.0 -935.0 91 -199 308.70799999999997 173.24599999999992 105
2820.0 949.1839999999999 15 3660.0 -840.0 76 -218 281.962 170.129 84
3550.0 1087.4859999999996 18 4770.0 -1260.0 156 -240 349.10199999999986 208.09199999999996 126
2490.0 842.1099999999998 14 4140.0 -1680.0 152 -181 279.72399999999993 177.538 168
2900.0 844.2159999999997 16 3810.0 -1740.0 159 -190 270.69300000000004 154.22899999999998 174
3240.0 873.9679999999998 17 3720.0 -1160.0 142 -196 284.3989999999999 150.23 100
2980.0 969.5659999999998 19 3960.0 -980.0 165 -209 313.104 176.09699999999998 155
3175.0 892.3099999999996 14 4530.0 -1355.0 152 -196 249.31399999999994 214.701 193
2320.0 746.5879999999997 13 3210.0 -1465.0 148 -164 242.64399999999992 129.77999999999997 204
3150.0 758.3209999999997 12 4050.0 -900.0 82 -176 220.6889999999999 150.166 90
1990.0 534.184 8 2400.0 -410.0 85 -115 193.9069999999999 92.83699999999999 41
3590.0 980.8619999999994 18 4890.0 -1340.0 168 -224 278.758 220.514 134
1760.0 875.0749999999998 16 3540.0 -2000.0 182 -197 267.59999999999997 161.5 200
2440.0 925.3199999999996 16 3840.0 -1400.0 173 -219 249.23199999999994 177.53599999999994 140
4420.0 749.5949999999997 14 5310.0 -940.0 85 -167 231.86299999999994 183.43699999999995 94
2030.0 670.679 11 2430.0 -400.0 83 -155 197.85299999999995 108.68299999999996 40
3230.0 789.7289999999996 14 4080.0 -920.0 83 -177 255.71799999999985 167.7519999999999 92
3110.0 929.2189999999995 16 4170.0 -1060.0 155 -225 253.64499999999998 174.00900000000001 99
1860.0 952.9839999999999 18 3600.0 -1740.0 159 -247 238.64899999999992 123.154 174
2010.0 863.7819999999996 17 2940.0 -1310.0 119 -196 256.22 133.28400000000002 131
1530.0 857.3909999999996 16 2970.0 -1490.0 162 -203 244.65499999999994 132.662 204
4540.0 1046.5019999999997 17 5820.0 -1280.0 161 -232 336.4009999999999 244.879 128
2530.0 759.738 14 3450.0 -1750.0 160 -180 199.527 155.81600000000003 258
2160.0 409.7829999999998 7 2160.0 0.0 0 -89 125.66199999999998 96.27799999999995 0
3060.0 1057.455 19 4350.0 -1290.0 161 -256 300.69199999999995 170.31099999999998 129
2810.0 825.1549999999997 15 3600.0 -1620.0 148 -195 232.4149999999999 143.33999999999997 162
1080.0 345.9629999999999 5 1080.0 0.0 0 -79 100.05499999999999 51.28399999999998 0
2490.0 1005.8949999999998 19 3690.0 -1240.0 154 -209 359.2819999999999 168.135 124
3930.0 1140.7499999999995 22 5160.0 -1480.0 179 -268 311.2009999999999 230.32199999999995 148
3560.0 913.5909999999997 18 4800.0 -1410.0 174 -226 204.18999999999997 217.05799999999994 141
3740.0 1049.9379999999999 18 5100.0 -1360.0 151 -242 301.22999999999996 220.866 190
3420.0 991.4909999999996 17 4230.0 -810.0 155 -216 313.39599999999996 196.64099999999996 81
1830.0 442.2939999999998 7 1830.0 0.0 0 -106 110.08299999999994 87.97199999999998 0
2920.0 962.8240000000001 18 3810.0 -1340.0 122 -224 280.3989999999999 167.70999999999995 134
3160.0 843.2729999999998 13 4020.0 -860.0 78 -190 261.64799999999997 146.46 86
3580.0 1083.2899999999997 19 4350.0 -780.0 160 -244 326.216 198.14100000000002 78
3300.0 918.8339999999997 18 4560.0 -1360.0 170 -222 248.3169999999999 187.35599999999994 136
4050.0 819.9689999999997 14 4950.0 -1070.0 97 -177 261.722 218.56799999999993 107
3320.0 964.0779999999996 15 4890.0 -1620.0 147 -221 248.06899999999996 230.087 162
4060.0 957.554 18 4440.0 -600.0 99 -212 294.9429999999999 194.89100000000002 60
2580.0 807.7869999999998 14 3810.0 -1230.0 154 -185 258.47599999999994 144.25199999999998 123
3040.0 962.9039999999995 18 4320.0 -1280.0 163 -220 288.1529999999999 185.321 128
3670.0 871.76 15 4530.0 -860.0 78 -186 300.93899999999996 191.6229999999999 86
2440.0 1016.0590000000001 19 3660.0 -1240.0 159 -223 330.431 162.48 124
2350.0 1015.9219999999998 18 4290.0 -1940.0 176 -241 258.27199999999993 204.24699999999999 194
2310.0 769.7469999999997 14 2700.0 -390.0 81 -160 287.80999999999995 126.65199999999997 39
4630.0 949.8449999999996 15 6330.0 -1700.0 154 -208 338.472 219.44799999999992 170
3120.0 1037.655 19 4410.0 -1420.0 175 -236 307.745 200.46000000000004 142
3440.0 1027.5119999999997 20 4290.0 -1670.0 152 -229 314.7319999999999 204.67499999999993 167
4170.0 1068.3229999999999 18 5070.0 -1140.0 132 -231 359.39699999999993 208.00399999999993 114
2360.0 944.518 16 4200.0 -1840.0 168 -214 268.97799999999995 195.48200000000006 184
2120.0 928.9349999999993 15 3870.0 -1750.0 159 -217 269.6719999999999 162.111 175
2880.0 490.2879999999998 9 2880.0 0.0 0 -113 130.523 131.387 0
2220.0 880.5579999999998 17 3960.0 -1810.0 165 -202 271.279 165.671 188
2710.0 1026.2929999999997 19 4020.0 -1335.0 168 -233 298.21099999999996 179.32499999999996 136
1790.0 770.1629999999998 15 2700.0 -1540.0 140 -170 275.9779999999999 99.73799999999999 154
2600.0 814.88 15 3660.0 -1150.0 165 -195 235.247 140.50799999999998 184
2930.0 935.159 16 4410.0 -1480.0 178 -216 268.0729999999999 189.31099999999998 148
4000.0 1026.3659999999998 19 4410.0 -815.0 132 -243 274.37499999999994 183.80899999999997 122
3700.0 1232.0839999999998 23 4680.0 -980.0 203 -281 358.748 215.39 98
2460.0 882.9949999999997 15 3390.0 -1450.0 132 -195 296.8239999999999 138.76399999999998 145
3110.0 744.4490000000001 12 3990.0 -880.0 80 -170 213.49099999999996 172.16699999999992 88
3070.0 921.0669999999997 14 3960.0 -890.0 81 -197 285.829 194.781 89
3985.0 1014.7419999999995 20 4560.0 -575.0 81 -249 278.0129999999999 178.11999999999998 115
2960.0 898.0989999999998 17 3810.0 -850.0 77 -215 246.70300000000003 154.83999999999997 85
1630.0 780.4949999999997 15 2550.0 -1650.0 150 -172 273.45 104.137 165
3140.0 784.393 12 3840.0 -700.0 81 -178 220.994 175.243 140
2390.0 976.7139999999995 19 4140.0 -1750.0 159 -219 307.10799999999995 183.21699999999996 175
2220.0 931.668 18 3120.0 -1170.0 106 -206 306.1579999999999 124.64599999999999 117
3570.0 1025.512 19 4320.0 -790.0 161 -223 329.55199999999996 190.456 83
2570.0 771.3879999999998 12 3450.0 -880.0 80 -167 261.58000000000004 140.41299999999998 88
2990.0 852.257 14 3840.0 -970.0 102 -194 249.81699999999998 153.43899999999996 97
2670.0 834.202 14 4380.0 -1710.0 156 -181 280.5489999999999 184.974 171
2340.0 855.061 16 4020.0 -1680.0 153 -219 205.90999999999997 156.65 168
2150.0 990.0500000000001 19 3390.0 -1240.0 158 -232 282.351 157.693 124
3230.0 856.002 16 3600.0 -720.0 117 -192 267.12399999999997 151.69299999999998 107
2450.0 917.7009999999999 16 3750.0 -1300.0 155 -214 263.996 161.78299999999996 114
2980.0 732.0679999999999 13 3900.0 -935.0 85 -167 217.50399999999993 163.4969999999999 95
2100.0 398.8569999999999 7 2100.0 0.0 0 -101 97.18399999999997 80.46099999999998 0
2630.0 756.1629999999998 13 3000.0 -1675.0 116 -171 216.31599999999997 133.77799999999996 298
5115.0 933.1779999999995 16 6060.0 -1075.0 169 -236 250.59699999999995 199.96800000000002 165
2310.0 855.0799999999999 15 3210.0 -900.0 82 -183 301.05099999999993 142.06799999999998 90
2780.0 895.176 16 3690.0 -1450.0 132 -194 291.52 166.61 145
2200.0 940.6679999999997 15 4080.0 -1880.0 185 -210 283.8179999999999 183.97399999999993 188
3380.0 825.9669999999999 14 4080.0 -700.0 64 -188 254.36199999999994 162.381 70
2190.0 965.811 17 3450.0 -1260.0 159 -205 344.67599999999993 154.609 126
2970.0 1032.8539999999998 18 4260.0 -1290.0 173 -246 279.08000000000004 175.713 129
2760.0 1003.8619999999996 18 4470.0 -1720.0 155 -218 311.33799999999997 213.32799999999997 172
3350.0 805.9219999999999 13 4260.0 -1010.0 103 -173 255.65799999999996 188.88099999999997 101
2810.0 820.7129999999999 14 3720.0 -1090.0 120 -180 251.21099999999993 170.18900000000002 109
3060.0 1184.4569999999997 21 4830.0 -1770.0 185 -288 321.26800000000003 195.7299999999999 174
2040.0 1033.077 17 3600.0 -1560.0 160 -239 286.02699999999993 166.13199999999998 228
2860.0 884.4279999999998 16 4170.0 -1350.0 156 -200 259.008 187.761 120
1800.0 746.9249999999998 13 2700.0 -1170.0 106 -161 254.541 126.772 117
2910.0 756.9239999999996 12 3450.0 -1045.0 147 -166 263.018 139.58499999999995 209
4780.0 1151.0560000000003 19 5640.0 -980.0 103 -244 371.6409999999999 258.9069999999999 98
2770.0 879.7200000000003 15 4560.0 -1970.0 179 -224 202.506 154.15599999999998 197
3130.0 1099.7959999999996 20 4860.0 -1730.0 157 -241 352.3139999999999 217.50099999999998 173
2170.0 855.184 15 3090.0 -920.0 84 -193 258.1649999999999 148.29 92
2510.0 882.5899999999998 15 4320.0 -1810.0 164 -196 274.90999999999997 198.21399999999997 181
2610.0 872.4549999999997 16 3510.0 -1400.0 127 -180 310.51399999999995 157.737 140
1820.0 765.7979999999995 14 3570.0 -1750.0 159 -192 248.818 89.817 175
3770.0 883.2800000000001 16 4170.0 -555.0 104 -192 297.007 170.53200000000004 71
3050.0 745.3439999999999 14 3960.0 -1090.0 99 -179 195.078 168.19299999999998 109
4860.0 1216.5919999999994 21 6090.0 -1530.0 179 -280 344.85199999999986 269.909 153
1420.0 626.9329999999999 11 2340.0 -920.0 84 -141 194.92399999999998 109.31499999999998 92
2880.0 853.3949999999998 15 3720.0 -1770.0 161 -191 266.30599999999987 160.849 177
2740.0 872.289 16 4440.0 -1890.0 171 -207 251.95999999999998 178.02800000000002 189
2710.0 855.8879999999999 16 3630.0 -1450.0 132 -188 279.49399999999997 126.86500000000001 145
2960.0 857.0409999999997 14 4080.0 -1130.0 122 -194 233.8369999999999 162.08699999999993 113
4650.0 760.887 13 5550.0 -1080.0 98 -164 251.05799999999996 194.87299999999993 108
2140.0 890.3059999999997 16 3810.0 -1670.0 152 -217 241.88199999999995 151.88699999999997 167
2960.0 1010.4580000000001 17 4260.0 -1300.0 165 -212 351.26499999999993 196.1719999999999 130
4600.0 1137.8119999999997 20 5340.0 -950.0 173 -257 347.59499999999997 223.212 95
3450.0 799.4249999999998 13 4350.0 -900.0 82 -183 231.2319999999999 185.17699999999996 90
3120.0 940.2710000000002 16 4020.0 -950.0 89 -202 303.731 184.769 100
2340.0 799.9369999999999 15 3210.0 -1220.0 128 -179 246.63799999999992 141.54699999999997 157
3840.0 925.347 16 5310.0 -1470.0 168 -221 232.56699999999995 234.13 203
3070.0 796.5669999999999 14 3990.0 -920.0 84 -184 222.71899999999988 178.99499999999992 92
2925.0 742.3229999999999 13 3480.0 -555.0 78 -170 218.94799999999998 155.601 111
2250.0 759.677 14 3090.0 -840.0 76 -183 204.97199999999995 139.89499999999995 84
2770.0 939.0609999999995 16 3990.0 -1250.0 157 -210 301.4589999999999 167.89499999999998 125
1640.0 868.6640000000002 15 2880.0 -1530.0 182 -189 287.622 133.757 153
1790.0 855.3159999999997 15 3630.0 -1840.0 166 -210 241.69599999999997 131.20499999999998 184
2820.0 1127.397 20 4470.0 -1680.0 152 -260 322.9429999999999 201.74299999999997 168
2470.0 881.1629999999998 15 3180.0 -710.0 82 -186 314.284 137.81699999999998 142
4510.0 1000.7959999999998 18 5430.0 -935.0 84 -219 313.5929999999999 229.82299999999995 95
3120.0 791.5979999999998 14 4020.0 -900.0 82 -188 224.21300000000002 162.279 90
2830.0 936.2570000000001 17 4080.0 -1420.0 173 -218 262.792 176.62899999999993 142
1335.0 911.6649999999996 15 2700.0 -1575.0 180 -188 324.0759999999999 133.55399999999997 141
4170.0 941.8239999999997 17 5070.0 -920.0 83 -217 248.79799999999994 229.21099999999998 92
3990.0 1028.6879999999999 18 5250.0 -1310.0 162 -227 315.96499999999986 235.98800000000003 131
3640.0 929.3489999999997 16 4500.0 -1330.0 121 -203 311.67499999999995 190.74900000000002 133
1850.0 1027.849 19 3750.0 -1900.0 173 -234 308.07 173.53899999999996 190
4610.0 1177.6549999999997 20 5670.0 -1130.0 171 -279 323.8109999999999 233.78799999999995 182
2730.0 876.659 17 3120.0 -465.0 91 -183 322.73499999999996 136.13199999999998 54
2850.0 965.7759999999998 17 4110.0 -1430.0 173 -217 308.57899999999995 170.206 143
4020.0 924.8949999999998 16 5160.0 -1140.0 146 -216 260.4839999999999 213.11899999999997 114
3220.0 870.4179999999996 16 3600.0 -1150.0 149 -188 294.22 149.29399999999995 115
1410.0 381.93899999999996 6 1410.0 0.0 0 -85 125.44899999999997 58.27999999999997 0
3200.0 834.5319999999996 14 4710.0 -1535.0 157 -194 229.83299999999997 196.94799999999998 226
2560.0 911.338 17 3420.0 -1320.0 143 -197 289.7479999999999 162.89899999999994 178
4825.0 1127.534999999999 21 6240.0 -1515.0 186 -265 299.947 269.71699999999987 135
3780.0 987.5799999999996 18 4620.0 -840.0 76 -218 312.9949999999999 207.37799999999996 84
3450.0 1106.2369999999996 19 5190.0 -1780.0 161 -249 353.52899999999994 206.71899999999997 178
1860.0 833.2819999999995 14 3240.0 -1380.0 162 -190 250.82 143.94599999999997 123
4900.0 930.2249999999995 18 5700.0 -880.0 173 -229 269.1159999999998 186.73199999999997 88
4085.0 826.0019999999998 14 4740.0 -780.0 90 -180 272.94899999999996 191.295 156
2750.0 929.8799999999997 18 4170.0 -1420.0 155 -208 281.4959999999999 183.18 196
4150.0 1048.5709999999997 19 4530.0 -1080.0 160 -242 286.52099999999996 214.218 178
2190.0 452.58399999999995 8 2190.0 0.0 0 -89 162.469 107.69299999999998 0
2680.0 972.0259999999996 18 4410.0 -1900.0 172 -229 256.11299999999994 195.84099999999995 190
1230.0 334.1469999999999 5 1230.0 0.0 0 -74 108.26799999999997 54.856999999999985 0
2700.0 842.2569999999998 15 4260.0 -1560.0 159 -212 183.42399999999995 185.70499999999996 226
1530.0 455.48799999999994 7 1530.0 0.0 0 -102 145.50999999999996 66.94800000000001 0
2610.0 870.1449999999998 16 3930.0 -1320.0 162 -208 237.81599999999997 162.47599999999997 132
1320.0 401.52299999999985 7 1320.0 0.0 0 -89 130.85199999999998 56.940999999999995 0
2600.0 949.4279999999999 17 3840.0 -1240.0 155 -206 342.82999999999987 148.762 124
3080.0 1022.2709999999998 17 3990.0 -910.0 172 -231 314.394 176.03 91
5050.0 890.7570000000002 17 5970.0 -920.0 84 -216 242.66099999999994 216.53499999999997 92
2330.0 776.4819999999999 15 3180.0 -850.0 77 -169 270.90999999999997 130.15099999999998 85
1880.0 998.6239999999996 16 3450.0 -1570.0 179 -232 273.10499999999996 164.554 141
2920.0 999.95 17 4140.0 -1220.0 154 -210 342.018 178.989 122
3350.0 917.0269999999998 14 4260.0 -1430.0 156 -198 298.168 185.902 195
1470.0 412.95999999999987 6 1470.0 0.0 0 -85 147.563 67.56799999999998 0
3380.0 884.0849999999999 15 4260.0 -1200.0 146 -171 339.343 200.69999999999996 120
2860.0 1048.4319999999998 17 4110.0 -1250.0 151 -239 293.63899999999995 193.32899999999998 209
2670.0 963.3489999999996 17 4470.0 -1800.0 163 -220 300.136 179.81799999999993 180
1420.0 835.1679999999999 15 2670.0 -1250.0 159 -187 256.697 128.58799999999997 125
3360.0 866.2889999999999 17 4200.0 -1055.0 106 -210 228.96099999999996 183.441 127
2630.0 881.4809999999997 14 3480.0 -850.0 77 -187 303.2019999999999 155.17299999999994 85
2000.0 728.0799999999995 14 2880.0 -1670.0 152 -165 227.62699999999992 135.03300000000002 255
3140.0 1023.1249999999999 19 3540.0 -480.0 90 -208 389.439 153.84799999999998 48
2890.0 861.5849999999998 14 3810.0 -920.0 84 -175 307.0559999999999 169.62599999999998 92
3250.0 857.4399999999997 16 4170.0 -1170.0 106 -185 281.8629999999999 182.496 117
2540.0 854.5679999999996 16 3420.0 -1490.0 135 -194 269.533 140.85799999999998 149
5020.0 1090.6419999999996 20 6870.0 -1850.0 180 -275 262.99699999999996 259.626 185
3320.0 798.4809999999999 15 4140.0 -1100.0 133 -186 245.18699999999995 145.541 110
3265.0 751.4279999999997 14 4230.0 -965.0 162 -184 216.994 151.66199999999995 154
1200.0 734.7169999999998 13 2100.0 -900.0 82 -172 220.312 93.48 90
2620.0 851.9459999999998 14 3750.0 -1130.0 159 -183 285.85499999999985 167.212 226
3500.0 998.7499999999995 20 4320.0 -900.0 91 -222 311.2359999999999 192.00099999999995 90
3500.0 904.5889999999997 19 4380.0 -1630.0 148 -229 202.95999999999995 145.98699999999997 163
4310.0 855.2059999999996 14 5220.0 -1300.0 118 -204 256.705 170.30699999999996 130
1690.0 916.4879999999997 18 3450.0 -1820.0 165 -214 277.73299999999995 144.37999999999997 182
2175.0 853.2539999999998 15 3810.0 -1635.0 165 -210 225.28099999999995 148.081 232
3900.0 1097.608 18 5220.0 -1460.0 180 -254 276.26399999999995 256.33700000000005 146
2305.0 891.2319999999999 17 3720.0 -1495.0 173 -215 244.50399999999996 153.999 133
1440.0 348.69399999999996 5 1440.0 0.0 0 -76 118.59700000000004 56.66299999999999 0
3140.0 870.7249999999999 15 4920.0 -1780.0 167 -216 209.78199999999995 197.602 178
4900.0 826.6969999999999 13 5790.0 -1590.0 145 -186 281.00199999999995 200.04299999999998 159
2740.0 790.001 14 3330.0 -1270.0 145 -176 267.55099999999993 132.37199999999996 186
4840.0 1047.82 18 5760.0 -1470.0 148 -240 283.1779999999999 262.815 202
2140.0 801.4079999999999 14 3390.0 -1330.0 167 -194 204.14 122.92599999999997 133
2460.0 813.8019999999999 14 3360.0 -1740.0 158 -173 291.56699999999995 137.764 174
3450.0 915.6869999999998 16 4170.0 -720.0 149 -221 247.35699999999997 163.73899999999998 72
2960.0 806.0729999999996 13 3360.0 -620.0 103 -172 265.7699999999999 154.02700000000002 62
2680.0 862.8499999999997 16 3570.0 -1090.0 99 -198 268.31899999999996 150.455 109
2650.0 858.1009999999997 15 3540.0 -1660.0 151 -197 249.90299999999996 160.55699999999996 166
1930.0 870.218 15 3600.0 -1670.0 152 -197 260.21299999999997 162.62999999999994 167
2890.0 870.226 14 4650.0 -1840.0 167 -185 289.4549999999999 196.61899999999997 184
3290.0 848.8259999999997 16 3690.0 -1160.0 152 -191 276.65999999999985 150.66499999999996 116
2780.0 1064.9859999999996 21 4470.0 -1690.0 154 -282 215.38899999999995 182.67299999999997 169
2410.0 909.5209999999995 17 3690.0 -1280.0 159 -211 281.3219999999999 147.19400000000002 128
3070.0 937.1099999999996 17 3930.0 -1600.0 145 -209 283.39599999999996 176.957 160
3100.0 870.7859999999997 15 3990.0 -890.0 81 -188 294.775 159.19199999999998 89
3650.0 874.261 15 4530.0 -1160.0 105 -191 275.991 203.29199999999997 116
2830.0 889.14 16 3720.0 -1140.0 103 -190 302.15500000000003 159.17100000000002 114
1620.0 443.1789999999998 7 1620.0 0.0 0 -91 157.89799999999997 75.05399999999997 0
3010.0 847.2709999999998 16 3600.0 -860.0 107 -176 309.4179999999999 157.64599999999996 145
2700.0 860.6339999999998 12 3540.0 -840.0 76 -182 307.27099999999984 148.54199999999994 84
3270.0 956.0090000000001 16 4980.0 -1770.0 161 -213 301.48500000000007 203.587 177
2870.0 778.4019999999998 14 3690.0 -1540.0 140 -166 267.55699999999996 159.024 154
3665.0 1072.7140000000004 16 4890.0 -1225.0 177 -249 298.131 212.70100000000002 165
2780.0 825.2399999999999 14 4050.0 -1270.0 158 -186 255.52299999999997 172.367 127
3330.0 908.3919999999996 16 4140.0 -810.0 74 -209 257.85499999999996 176.84599999999998 81
2130.0 825.3479999999998 16 3060.0 -1200.0 109 -202 220.76699999999997 122.935 120
4470.0 820.8569999999997 14 5370.0 -1430.0 130 -189 266.73299999999995 192.09199999999996 143
3360.0 1080.8029999999999 21 4110.0 -840.0 164 -245 340.972 173.287 84
3780.0 1174.0559999999996 20 5040.0 -1320.0 163 -271 350.634 209.54799999999994 132
2380.0 1040.3849999999998 19 4080.0 -1860.0 168 -233 325.2109999999998 178.09899999999996 186
3400.0 950.8619999999999 17 4320.0 -1710.0 156 -200 315.634 195.51599999999996 171
1710.0 300.121 5 1710.0 0.0 0 -85 85.69200000000001 23.550999999999995 0
3650.0 1031.7939999999996 17 4920.0 -1450.0 175 -223 330.6739999999999 221.675 145
1025.0 852.4889999999997 15 2820.0 -1795.0 168 -195 271.50699999999983 110.055 189
3140.0 848.6139999999997 15 3990.0 -1120.0 133 -182 282.5179999999999 173.61 112
3080.0 981.645 15 4410.0 -1330.0 149 -217 310.33199999999994 194.03799999999998 190
2720.0 791.6829999999997 14 3630.0 -910.0 83 -178 267.4769999999999 132.72899999999998 91
2445.0 1000.1569999999997 16 3510.0 -1195.0 163 -214 331.897 161.679 113
4710.0 1213.4730000000002 20 5430.0 -910.0 166 -266 389.49099999999993 233.42999999999995 91
2250.0 654.7889999999995 12 2850.0 -600.0 85 -142 204.43299999999994 134.53499999999997 120
3480.0 1056.6119999999996 18 5310.0 -1830.0 166 -244 286.862 243.93999999999997 183
3450.0 877.3759999999996 18 4290.0 -1350.0 122 -200 255.27399999999994 164.45899999999997 135
2840.0 790.2279999999998 15 3690.0 -850.0 77 -171 272.686 155.11699999999993 85
2700.0 840.609 14 3570.0 -1200.0 125 -182 276.275 155.12799999999993 153
3750.0 900.6749999999995 13 5520.0 -1770.0 163 -211 297.917 176.89000000000004 177
2890.0 921.3649999999997 17 4110.0 -1520.0 177 -223 219.96699999999996 174.974 152
2870.0 935.0689999999998 18 3720.0 -850.0 77 -229 243.22599999999997 159.767 85
2190.0 981.6619999999996 16 4020.0 -1850.0 171 -213 311.83199999999994 188.82600000000002 185
3170.0 1057.2399999999998 19 4620.0 -1450.0 177 -255 257.5929999999999 218.52299999999994 145
4030.0 903.9229999999999 16 4740.0 -710.0 147 -225 212.50699999999995 194.262 71
2480.0 943.9439999999998 15 3390.0 -1660.0 151 -202 300.47699999999986 177.90699999999995 166
2620.0 1078.9650000000001 17 4230.0 -1610.0 147 -236 344.8670000000001 193.63899999999995 161
2590.0 928.1579999999998 16 3840.0 -1250.0 158 -221 230.9979999999999 180.51 125
2970.0 1043.3709999999996 19 4350.0 -1380.0 179 -244 300.587 183.44599999999997 138
3000.0 1123.488 18 4290.0 -1490.0 179 -245 366.235 193.555 149
2830.0 957.0339999999998 19 3750.0 -1110.0 101 -224 269.895 172.91099999999997 111
4470.0 1207.6019999999999 20 5820.0 -1350.0 180 -275 359.8789999999999 249.64299999999992 135
2790.0 805.1969999999999 16 3660.0 -1200.0 109 -193 220.13500000000002 155.07999999999998 120
3530.0 881.8649999999999 13 4320.0 -790.0 164 -203 280.267 161.127 79
1970.0 899.3639999999999 17 3210.0 -1240.0 157 -219 229.223 132.66899999999998 124
3670.0 860.9519999999999 15 4410.0 -750.0 154 -201 256.432 168.51899999999998 76
2810.0 856.9009999999996 14 3690.0 -1210.0 110 -166 343.80199999999985 170.17800000000003 121
1300.0 664.7300000000001 13 2220.0 -920.0 84 -156 202.32499999999993 93.48899999999998 92
2910.0 736.7779999999997 13 3780.0 -1180.0 107 -180 222.09499999999994 131.25199999999998 118
3110.0 999.8739999999999 19 3960.0 -1540.0 140 -224 314.0179999999999 171.279 154
3230.0 870.486 15 4950.0 -1735.0 157 -199 243.01199999999992 215.05399999999997 175
2055.0 911.5179999999997 16 3660.0 -1605.0 164 -214 255.23799999999997 163.47600000000003 237
2200.0 811.8610000000001 13 3960.0 -1760.0 160 -203 207.796 158.062 176
2820.0 1045.6709999999998 16 4080.0 -1260.0 158 -219 351.26099999999997 195.856 126
4270.0 1134.0809999999997 20 6030.0 -1860.0 169 -264 309.41699999999986 257.90899999999993 186
1020.0 628.4949999999999 11 1950.0 -1140.0 104 -132 229.02699999999993 84.66899999999997 114
3350.0 1094.1849999999997 22 4680.0 -1480.0 168 -241 335.23400000000004 217.581 133
4290.0 900.1449999999999 16 4650.0 -925.0 140 -208 230.041 215.388 149
3710.0 943.5659999999998 19 4620.0 -1285.0 136 -223 282.67799999999994 181.38099999999997 166
3360.0 817.9739999999999 15 4200.0 -1060.0 96 -190 258.05699999999996 156.84699999999998 106
2960.0 806.2779999999999 16 3810.0 -1550.0 141 -194 197.965 175.68099999999998 155
2750.0 1074.5789999999997 19 4020.0 -1270.0 156 -237 334.9920000000001 190.259 127
3410.0 771.6469999999995 15 4260.0 -1590.0 144 -186 224.19899999999993 109.42999999999999 159
2630.0 957.6539999999997 17 4710.0 -1870.0 194 -235 236.76799999999994 201.79999999999995 187
4065.0 1001.0389999999998 17 4860.0 -795.0 172 -214 325.02299999999997 207.4129999999999 73
3560.0 844.3529999999998 12 4380.0 -820.0 75 -179 298.06199999999995 177.787 82
2325.0 896.5679999999998 15 3240.0 -735.0 85 -187 313.7579999999999 144.714 147
2900.0 895.3889999999997 17 4650.0 -1805.0 166 -198 273.68299999999994 203.23199999999997 186
2685.0 546.9889999999998 9 3240.0 -555.0 78 -139 147.076 109.01299999999999 111
2130.0 441.798 7 2130.0 0.0 0 -103 131.67100000000002 83.81099999999998 0
2540.0 833.7899999999998 14 3360.0 -1600.0 146 -179 309.92099999999994 124.98700000000002 160
2240.0 746.4029999999996 14 3060.0 -1070.0 97 -167 247.57999999999993 121.21499999999999 107
3160.0 926.547 14 4050.0 -1340.0 122 -194 322.3509999999999 181.05299999999997 134
2260.0 758.8419999999995 13 2640.0 -380.0 79 -181 205.45399999999995 123.24099999999999 38
2735.0 866.8669999999997 17 3420.0 -685.0 79 -200 242.25799999999998 156.304 137
1340.0 837.1310000000001 15 3060.0 -1780.0 170 -193 241.40100000000004 137.072 177
2350.0 959.0679999999998 18 3270.0 -940.0 85 -215 292.141 158.28 94
3410.0 802.7619999999995 14 3810.0 -400.0 83 -179 254.80299999999994 160.41899999999995 40
2660.0 924.2049999999998 17 3390.0 -890.0 185 -203 304.3619999999999 147.77 89
1900.0 862.4189999999999 16 2820.0 -940.0 85 -193 288.28 118.509 94
3010.0 889.727 16 3870.0 -1080.0 98 -197 271.64699999999993 172.869 108
2950.0 979.1789999999997 19 4230.0 -1280.0 160 -231 258.97200000000004 195.28099999999998 128
3255.0 959.5829999999995 18 3810.0 -765.0 97 -212 315.13199999999995 170.56699999999998 132
1690.0 560.298 9 2610.0 -930.0 84 -120 194.10699999999997 107.219 93
3240.0 809.7469999999997 14 4140.0 -1040.0 101 -171 263.97699999999986 183.20099999999994 118
3445.0 817.6759999999999 14 4170.0 -725.0 84 -200 228.305 146.043 145
2240.0 953.0469999999996 15 3510.0 -1340.0 166 -188 360.919 158.09099999999998 134
3770.0 941.3889999999998 19 4620.0 -850.0 77 -234 245.4559999999999 175.77699999999996 85
3150.0 993.8079999999998 17 4440.0 -1290.0 159 -224 301.697 188.51499999999993 129
990.0 351.7969999999998 6 990.0 0.0 0 -82 111.65199999999996 38.221000000000004 0
2100.0 940.0479999999995 17 3750.0 -1650.0 150 -209 293.4679999999999 167.97399999999996 165
2780.0 1119.4039999999995 22 3540.0 -1040.0 183 -255 328.0549999999999 172.14699999999993 104
2870.0 1017.9579999999995 18 4560.0 -1690.0 154 -222 337.1099999999999 202.354 169
1955.0 800.7679999999998 13 3450.0 -1495.0 152 -185 246.39199999999997 133.14600000000002 215
1980.0 454.43499999999995 8 1980.0 0.0 0 -111 107.24399999999999 89.449 0
4270.0 1017.4749999999999 18 5550.0 -1340.0 164 -246 292.49799999999993 202.80999999999995 134
3110.0 806.9959999999999 14 3960.0 -1585.0 144 -178 266.5329999999999 159.12999999999997 232
2040.0 876.4909999999995 17 2970.0 -930.0 173 -202 268.822 123.688 93
2890.0 950.1779999999998 16 4590.0 -1720.0 155 -208 297.61299999999994 203.57100000000003 172
2600.0 943.0509999999999 16 3870.0 -1330.0 163 -202 322.2059999999999 163.661 133
3810.0 1009.0549999999997 19 5190.0 -1410.0 156 -243 264.72299999999996 203.24699999999999 198
3080.0 794.1129999999998 13 3930.0 -1495.0 152 -183 235.49499999999995 161.71699999999993 214
4040.0 908.5279999999999 17 4410.0 -370.0 77 -203 291.6649999999999 192.88999999999996 37
1740.0 853.7289999999998 15 3450.0 -1780.0 169 -211 218.43299999999994 151.214 178
3230.0 861.7869999999998 15 4110.0 -880.0 80 -188 281.537 175.67 88
1420.0 818.3839999999997 15 3150.0 -1750.0 158 -185 242.09599999999998 144.266 175
2900.0 847.1449999999996 15 3780.0 -1160.0 105 -179 285.94 172.72199999999998 116
2880.0 846.9489999999998 14 3810.0 -1340.0 122 -186 275.5279999999999 166.24199999999996 134
3160.0 1093.3029999999992 20 4080.0 -1020.0 93 -260 301.70299999999986 176.53099999999998 102
2470.0 926.2379999999996 18 4230.0 -1760.0 160 -213 281.12499999999994 174.27699999999993 176
2450.0 1008.0579999999998 18 4530.0 -1660.0 151 -205 352.6939999999998 212.63799999999992 166
3725.0 885.2149999999999 16 5190.0 -1465.0 165 -216 212.44299999999998 215.30999999999997 204
2150.0 794.7589999999998 12 3330.0 -1180.0 151 -165 272.16599999999994 146.03299999999996 118
2030.0 819.0899999999998 14 3270.0 -1240.0 156 -179 267.057 150.42299999999997 124
3350.0 990.0759999999997 19 4230.0 -1020.0 92 -215 315.2689999999999 197.975 116
2245.0 924.0869999999996 17 3570.0 -1325.0 167 -220 260.3059999999999 153.99299999999997 138
4020.0 1021.2719999999998 19 4410.0 -570.0 97 -239 301.2119999999999 185.0069999999999 57
4100.0 964.6129999999993 18 4980.0 -1680.0 153 -229 248.752 219.93199999999996 168
3095.0 896.1129999999996 15 4560.0 -1465.0 148 -205 265.00700000000006 189.603 209
1890.0 429.64899999999994 7 1890.0 0.0 0 -95 131.07199999999995 88.42199999999997 0
3350.0 842.0590000000001 15 3720.0 -915.0 140 -182 272.161 164.21799999999993 146
3060.0 944.5579999999999 16 3960.0 -970.0 88 -201 311.739 187.12099999999992 97
2820.0 854.4209999999998 15 3690.0 -870.0 79 -202 243.38999999999993 155.75300000000004 87
1850.0 864.2889999999998 17 3630.0 -1780.0 162 -208 248.436 137.40699999999995 178
1640.0 925.0309999999996 16 3420.0 -1780.0 162 -201 311.5579999999999 146.30499999999998 178
3300.0 872.0129999999998 16 4080.0 -805.0 164 -196 249.189 191.524 83
3040.0 746.6849999999998 12 3960.0 -920.0 84 -177 230.68999999999994 136.724 92
1860.0 962.9809999999998 18 3660.0 -1800.0 164 -229 260.602 163.81099999999998 180
3380.0 836.4179999999998 15 4290.0 -920.0 83 -179 281.3999999999999 180.90899999999996 92
3300.0 1055.2309999999995 20 4080.0 -960.0 178 -259 278.421 166.507 96
3830.0 961.3579999999998 15 5580.0 -1750.0 159 -219 277.853 232.61499999999995 175
2220.0 895.4579999999999 15 3990.0 -1770.0 161 -210 241.41099999999997 173.04500000000002 177
3690.0 990.0329999999997 17 4950.0 -1260.0 161 -236 267.58 204.492 126
3380.0 760.2569999999998 14 3780.0 -600.0 101 -149 277.0729999999999 180.30299999999994 60
1755.0 877.1679999999997 16 3300.0 -1545.0 157 -202 266.3589999999999 145.551 223
3540.0 1184.6529999999993 24 4740.0 -1250.0 155 -295 299.645 201.359 125
2710.0 952.9449999999994 18 4440.0 -1730.0 157 -215 288.8 197.93599999999998 173
2490.0 851.562 15 3750.0 -1260.0 161 -199 278.93699999999995 131.23700000000002 126
2750.0 832.304 13 3570.0 -970.0 88 -169 295.525 164.66500000000002 97
2390.0 961.3579999999998 16 4110.0 -1720.0 156 -202 326.359 188.85299999999998 172
1140.0 315.87499999999994 5 1140.0 0.0 0 -75 84.40299999999998 56.659000000000006 0
2600.0 1018.1399999999995 18 3960.0 -1360.0 170 -243 260.4549999999999 186.32700000000003 136
2420.0 819.9439999999996 15 3270.0 -1200.0 109 -192 246.50399999999993 138.627 120
3680.0 866.001 15 4410.0 -770.0 160 -202 249.43099999999993 182.63399999999996 77
5910.0 1031.9269999999997 18 6300.0 -390.0 81 -246 289.22799999999995 240.95299999999992 39
3400.0 1144.354 21 4620.0 -1220.0 155 -270 347.3959999999999 188.19899999999998 122
4590.0 880.8909999999998 15 5460.0 -870.0 79 -204 264.23799999999994 208.114 87
3720.0 903.818 16 4590.0 -980.0 94 -180 333.89899999999994 206.47399999999993 109
2130.0 997.9589999999996 19 3930.0 -1820.0 168 -239 256.14700000000005 179.47800000000004 183
3820.0 897.059 16 5100.0 -1490.0 183 -217 223.75899999999993 210.13099999999994 149
3010.0 822.8769999999997 15 3900.0 -980.0 89 -163 302.23999999999995 186.68499999999995 98
1105.0 633.7639999999999 11 2040.0 -935.0 126 -147 191.16599999999994 83.353 167
2400.0 861.8439999999999 14 3600.0 -1200.0 172 -184 285.57099999999997 159.06099999999998 190
2930.0 873.499 16 3900.0 -910.0 83 -189 294.503 164.397 91
4640.0 1187.006 22 5250.0 -880.0 185 -277 347.06899999999985 214.5689999999999 81
2540.0 994.0679999999995 18 3750.0 -1210.0 152 -230 284.386 169.39500000000004 121
3090.0 1047.0090000000002 17 4260.0 -1290.0 160 -217 350.71600000000007 217.45299999999995 129
3120.0 981.6359999999995 19 4320.0 -1200.0 154 -221 308.0349999999999 177.77399999999994 120
1390.0 836.7929999999997 16 3210.0 -1820.0 165 -211 198.28899999999996 145.19299999999998 182
1620.0 920.5299999999997 16 3390.0 -1845.0 171 -208 297.28299999999996 141.16699999999997 192
3510.0 872.4669999999998 15 4350.0 -1080.0 126 -191 260.9869999999999 191.89099999999996 108
3920.0 1062.03 19 4860.0 -970.0 161 -227 361.559 209.57299999999998 151
1680.0 859.6449999999998 15 3000.0 -1320.0 163 -177 320.49399999999997 127.35300000000002 132
2500.0 821.6949999999998 14 4200.0 -1700.0 155 -197 230.54799999999997 164.63199999999998 170
2880.0 344.1449999999999 5 2880.0 -2540.0 76 -88 93.38999999999999 89.75699999999999 508
3490.0 790.982 14 4410.0 -1310.0 119 -165 276.02899999999994 165.647 131
1950.0 532.2609999999997 10 1950.0 -480.0 44 -112 189.4049999999999 89.57499999999999 48
3170.0 949.3929999999996 16 4020.0 -850.0 77 -217 273.56999999999994 183.09899999999996 85
1545.0 787.3679999999999 14 3060.0 -1565.0 158 -184 237.574 126.87499999999997 223
3690.0 844.1179999999997 16 4500.0 -1100.0 107 -193 243.23899999999998 189.63199999999998 139
3190.0 783.7109999999999 15 3600.0 -520.0 97 -171 250.149 154.705 63
2420.0 950.3079999999995 18 4260.0 -1890.0 172 -234 250.21399999999994 172.97799999999998 189
690.0 797.7739999999997 14 2370.0 -1680.0 153 -186 236.58599999999996 113.61999999999998 168
1610.0 833.8719999999996 14 3330.0 -1720.0 156 -179 292.36199999999997 140.545 172
2820.0 987.6709999999996 19 3420.0 -780.0 101 -227 298.48099999999994 154.14000000000001 138
2290.0 908.5399999999998 16 3570.0 -1330.0 164 -198 308.4919999999999 157.725 133
3970.0 736.4769999999999 12 4380.0 -410.0 85 -164 213.42799999999994 150.51000000000002 41
3570.0 795.5789999999995 14 4470.0 -900.0 82 -180 255.7 162.283 90
2750.0 761.903 12 3660.0 -1030.0 94 -160 274.0519999999999 149.665 103
4410.0 878.7839999999995 14 5160.0 -750.0 156 -182 311.4339999999999 207.97099999999992 75
1560.0 335.61199999999985 6 1560.0 0.0 0 -85 88.07300000000001 58.349999999999994 0
2810.0 1132.1419999999996 18 4440.0 -1630.0 149 -245 346.79999999999995 230.56400000000002 163
2900.0 975.6939999999998 17 4170.0 -1340.0 167 -217 297.6119999999999 189.84399999999997 134
2280.0 511.26699999999994 9 2280.0 0.0 0 -132 129.859 77.583 0
2800.0 797.0399999999997 13 3180.0 -380.0 79 -172 259.52599999999995 146.725 38
3870.0 891.4979999999996 17 4260.0 -520.0 92 -197 304.15799999999996 160.75799999999995 52
2740.0 969.2599999999994 16 4500.0 -1760.0 168 -221 279.35999999999996 199.90900000000002 176
2520.0 861.1899999999998 16 3780.0 -1260.0 158 -185 304.4969999999999 155.61099999999996 126
2520.0 928.841 16 3690.0 -1170.0 149 -205 290.27 173.486 117
2350.0 851.03 15 4050.0 -1700.0 154 -205 248.925 143.641 170
2780.0 745.7659999999998 13 3570.0 -900.0 94 -151 261.03599999999994 160.831 90
3600.0 1005.9589999999995 18 4440.0 -840.0 174 -247 263.592 178.18399999999997 84
1410.0 421.7159999999999 7 1410.0 0.0 0 -95 140.715 49.81199999999998 0
3780.0 723.3569999999999 14 4260.0 -1330.0 157 -188 157.77699999999996 166.39499999999998 202
3435.0 941.3539999999998 16 4020.0 -980.0 137 -195 323.18199999999996 189.02599999999995 196
4260.0 795.4670000000001 13 5100.0 -1270.0 115 -173 274.21199999999993 191.608 127
3390.0 923.16 18 4290.0 -1140.0 104 -209 294.324 174.30499999999998 114
4200.0 871.1740000000002 15 4590.0 -1160.0 151 -178 305.90599999999995 213.95499999999993 116
2290.0 926.7079999999999 16 4050.0 -1760.0 160 -210 280.7679999999999 179.439 176
3410.0 988.4360000000001 18 4320.0 -1060.0 104 -197 351.20099999999985 206.89 121
1615.0 557.5889999999998 9 2340.0 -915.0 101 -109 218.25299999999996 103.84599999999999 164
3040.0 849.4479999999999 13 4260.0 -1220.0 151 -175 284.3009999999999 197.97899999999993 122
3270.0 869.9949999999998 16 4500.0 -1230.0 157 -208 238.411 181.022 123
4000.0 1058.037 18 5220.0 -1270.0 165 -223 330.971 252.04100000000003 132
2230.0 814.2629999999999 14 3150.0 -1230.0 112 -169 280.19099999999986 140.084 123
1670.0 888.5179999999998 15 3330.0 -1660.0 151 -205 266.39599999999996 138.08299999999997 166
2870.0 1010.595 18 3780.0 -1510.0 138 -209 360.61299999999994 178.25699999999995 151
5140.0 1133.3139999999994 20 6420.0 -1280.0 160 -247 356.56399999999996 281.98199999999997 128
1680.0 399.92599999999993 6 1680.0 0.0 0 -96 109.26599999999998 78.114 0
2800.0 1051.6289999999995 19 4050.0 -1490.0 182 -235 313.7109999999999 201.35199999999998 149
3890.0 927.5549999999997 17 4440.0 -690.0 106 -199 316.2439999999999 187.34299999999993 124
3770.0 1062.3429999999998 18 5040.0 -1280.0 159 -237 357.25199999999995 188.55199999999994 129
2620.0 838.8669999999995 14 3480.0 -1520.0 138 -186 285.643 134.48 152
2800.0 1008.6769999999999 19 4020.0 -1280.0 170 -225 311.486 182.027 128
3030.0 821.6460000000002 15 3930.0 -1105.0 111 -170 287.471 190.23299999999992 131
2170.0 873.175 11 3450.0 -1280.0 162 -181 290.9959999999999 167.98499999999999 128
5210.0 1237.5249999999999 22 6480.0 -1370.0 171 -311 282.8430000000001 278.453 137
3500.0 893.0359999999998 16 3870.0 -620.0 99 -191 310.6509999999999 143.56099999999998 62
2170.0 928.7439999999998 17 3060.0 -1070.0 118 -199 323.23899999999986 134.85099999999997 107
1710.0 744.3529999999997 12 3390.0 -1680.0 153 -186 198.506 127.74299999999998 168
2130.0 931.0879999999999 18 3900.0 -1770.0 161 -219 272.9919999999999 159.44199999999992 177
4740.0 1229.7829999999992 22 5490.0 -870.0 167 -297 322.54699999999985 230.52200000000002 87
2350.0 952.0279999999997 18 4230.0 -1760.0 160 -231 256.01599999999996 169.53400000000002 176
3500.0 759.0519999999999 13 4320.0 -820.0 75 -170 245.96199999999993 173.49099999999999 82
2890.0 948.1689999999999 18 4590.0 -1700.0 155 -216 287.22700000000003 189.28699999999998 170
3460.0 1089.311 18 4860.0 -1400.0 164 -256 295.65700000000004 220.531 124
4070.0 1032.7659999999994 18 4980.0 -1580.0 144 -238 300.26599999999985 211.16299999999995 158
2360.0 987.5059999999997 18 3780.0 -1420.0 172 -216 331.75899999999996 170.143 142
2770.0 1017.6649999999998 18 4170.0 -1400.0 191 -249 253.58099999999996 184.19699999999995 140
2770.0 926.1829999999998 18 3690.0 -940.0 85 -216 276.7149999999999 157.36499999999998 94
2970.0 880.4409999999996 16 3840.0 -1135.0 116 -196 281.468 156.99099999999993 140
2870.0 831.9989999999998 14 3690.0 -1670.0 152 -176 280.48599999999993 176.05 167
4320.0 998.1009999999998 17 5130.0 -810.0 150 -218 299.75700000000006 245.64600000000002 66
3430.0 850.1370000000001 16 3840.0 -410.0 85 -183 278.64899999999983 155.90099999999998 41
1140.0 401.0839999999999 6 1140.0 0.0 0 -89 133.125 50.309999999999995 0
2420.0 863.0479999999997 15 3270.0 -1505.0 153 -190 275.282 148.17499999999998 216
3000.0 820.6209999999998 15 3900.0 -900.0 82 -185 257.81999999999994 161.439 90
3140.0 932.9459999999999 16 4410.0 -1280.0 161 -207 295.03799999999995 188.09 128
2820.0 982.4619999999996 19 4590.0 -1770.0 161 -251 210.79200000000003 198.70599999999996 177
2560.0 806.6819999999997 15 2940.0 -380.0 79 -196 214.5219999999999 125.80699999999997 38
3230.0 994.952 18 5010.0 -1780.0 162 -236 275.9419999999999 206.40799999999996 178
2610.0 905.2279999999997 15 3900.0 -1510.0 182 -203 271.556 174.17700000000002 151
1620.0 471.70399999999995 8 1620.0 0.0 0 -108 130.37799999999996 90.93099999999998 0
2990.0 774.398 15 3360.0 -370.0 77 -184 223.185 136.34099999999995 37
2590.0 867.5129999999998 15 4050.0 -1460.0 160 -196 284.84099999999995 164.24500000000003 201
2680.0 684.6309999999997 12 3600.0 -1200.0 109 -149 236.43400000000003 138.651 120
2760.0 834.6639999999998 12 3630.0 -870.0 79 -177 274.7829999999999 166.307 87
2265.0 955.5219999999996 18 3660.0 -1435.0 157 -217 292.501 157.31799999999998 199
3380.0 832.8739999999998 16 4260.0 -880.0 80 -210 224.372 144.67299999999997 88
3510.0 939.263 17 4320.0 -1035.0 105 -212 278.6539999999999 197.129 126
3690.0 775.262 13 4080.0 -390.0 81 -169 250.99399999999994 169.49699999999996 39
2970.0 1055.2949999999994 20 4050.0 -1360.0 182 -228 362.76499999999993 174.645 129
2640.0 860.1819999999999 15 3510.0 -1220.0 111 -191 279.77 154.064 122
1140.0 968.0499999999997 17 2910.0 -1770.0 161 -214 316.1119999999999 130.414 181
4210.0 892.0019999999997 15 6120.0 -1340.0 171 -208 246.20599999999993 201.96199999999996 134
1440.0 401.5419999999999 7 1440.0 0.0 0 -91 126.29199999999997 61.93999999999998 0
1890.0 953.5429999999997 18 3600.0 -1710.0 156 -227 234.42799999999994 179.97699999999998 171
2805.0 790.0429999999997 15 3480.0 -845.0 113 -188 229.56099999999995 132.49999999999997 152
960.0 324.5919999999999 6 960.0 0.0 0 -78 90.648 43.19100000000001 0
1330.0 765.0849999999998 13 3120.0 -1790.0 163 -184 213.734 119.80199999999998 179
4270.0 1140.5589999999997 21 5460.0 -1190.0 152 -273 305.77099999999996 237.685 119
3120.0 944.2159999999996 18 4200.0 -1080.0 168 -232 245.01800000000003 181.32299999999998 165
5050.0 1115.2649999999996 18 6300.0 -1250.0 156 -243 334.965 285.7779999999999 125
3310.0 1218.7439999999997 24 4560.0 -1250.0 158 -278 371.895 198.91599999999997 125
4850.0 988.4149999999996 17 6150.0 -1325.0 168 -248 256.45099999999996 215.47999999999996 135
3080.0 712.521 12 3930.0 -1070.0 97 -147 269.782 150.98099999999994 107
3800.0 954.208 15 4590.0 -790.0 164 -203 310.6199999999999 214.033 79
2580.0 394.8939999999997 5 2580.0 0.0 0 -85 133.79599999999994 104.58800000000002 0
2510.0 788.9289999999997 14 2910.0 -610.0 102 -167 308.318 102.359 61
2085.0 912.0069999999996 17 3630.0 -1545.0 168 -231 199.86299999999997 163.433 210
1480.0 795.8679999999998 15 2370.0 -1490.0 136 -182 250.01999999999995 100.71 149
2900.0 647.209 11 3600.0 -860.0 95 -133 262.551 122.42099999999999 156
1890.0 913.2539999999999 16 3630.0 -1740.0 158 -204 294.22799999999995 156.96499999999997 174
2690.0 859.794 14 3480.0 -1125.0 111 -175 308.97799999999995 162.918 146
2500.0 922.472 18 3780.0 -1280.0 159 -213 272.18299999999994 156.05899999999997 128
1750.0 982.3500000000003 16 3240.0 -1490.0 179 -224 287.427 150.69099999999997 149
1560.0 442.0059999999999 9 1560.0 0.0 0 -110 117.595 65.925 0
1940.0 687.3739999999998 12 2790.0 -1540.0 140 -162 213.09899999999993 101.77799999999998 154
2600.0 975.4589999999997 16 3510.0 -1570.0 160 -222 284.174 166.31100000000004 223
2620.0 820.8659999999999 15 3540.0 -1380.0 126 -198 219.66699999999997 149.92099999999996 138
2930.0 932.6819999999998 16 3840.0 -1110.0 101 -202 291.287 180.70999999999998 111
3460.0 885.4489999999997 16 4230.0 -770.0 160 -198 263.0779999999999 185.018 77
2440.0 1016.4959999999996 18 3870.0 -1430.0 180 -236 286.44699999999995 183.189 128
2220.0 755.286 12 3120.0 -980.0 98 -156 278.48799999999994 123.41799999999998 98
1750.0 907.049 17 3510.0 -1760.0 160 -206 266.40799999999996 161.892 176
2520.0 873.8859999999999 15 3030.0 -510.0 85 -195 280.6359999999999 130.29899999999995 34
2290.0 923.0719999999998 18 3720.0 -1430.0 177 -227 249.42200000000003 153.22399999999996 143
4010.0 931.8879999999999 16 4410.0 -400.0 83 -202 337.1209999999999 149.671 40
1410.0 397.42599999999993 9 1410.0 0.0 0 -94 120.775 56.495000000000005 0
900.0 943.0189999999998 18 2640.0 -1740.0 159 -206 329.02 118.244 174
2290.0 931.9529999999997 16 3960.0 -1670.0 152 -215 264.66099999999994 170.36599999999996 167
1750.0 771.8229999999999 15 3480.0 -1730.0 157 -175 241.35999999999996 150.05599999999998 173
2710.0 919.3559999999997 18 3990.0 -1450.0 177 -236 218.18899999999996 152.065 145
1910.0 758.183 13 3810.0 -1900.0 172 -189 218.13699999999994 123.094 190
3190.0 823.9379999999996 15 4110.0 -1510.0 138 -193 231.66299999999995 173.767 151
4020.0 1081.3179999999998 22 4770.0 -1080.0 185 -267 284.027 188.32399999999996 108
2900.0 892.2539999999998 15 3810.0 -1020.0 105 -180 312.1119999999999 182.33499999999998 102
3380.0 1118.9289999999999 20 5190.0 -1810.0 175 -264 333.2549999999999 204.16899999999998 181
3495.0 780.1669999999999 16 4080.0 -1005.0 120 -185 204.66199999999998 160.32500000000002 159
2130.0 799.4009999999996 15 2910.0 -780.0 71 -196 203.295 124.08599999999998 78
2400.0 447.8369999999999 8 2400.0 0.0 0 -105 132.05799999999996 95.36899999999997 0
3210.0 1054.924 20 4530.0 -1380.0 161 -250 291.79299999999995 200.17299999999994 129
2560.0 937.9079999999994 16 4350.0 -1790.0 163 -205 331.90099999999995 161.101 179
3435.0 892.2919999999997 17 4020.0 -585.0 82 -209 259.2049999999999 167.48600000000005 117
1770.0 403.71299999999997 6 1770.0 0.0 0 -87 131.44099999999997 76.776 0
2550.0 997.9569999999998 19 4320.0 -1860.0 179 -225 296.47999999999996 191.597 186
2260.0 849.0029999999998 15 3480.0 -1220.0 154 -177 291.77 168.07899999999998 122
2780.0 892.1949999999999 16 3660.0 -1090.0 99 -188 301.4129999999999 167.599 109
3360.0 1017.4580000000001 18 5010.0 -1650.0 194 -244 271.26300000000003 203.843 165
1570.0 808.5699999999998 14 3480.0 -1910.0 186 -195 203.111 157.366 191
2150.0 930.4919999999997 15 3480.0 -1330.0 163 -205 290.561 149.604 133
1555.0 855.0869999999998 15 3090.0 -1535.0 178 -212 214.37399999999997 132.82199999999997 211
3050.0 882.5009999999994 17 3930.0 -890.0 80 -189 281.40599999999995 166.11999999999995 89
2690.0 980.7769999999998 17 3540.0 -850.0 77 -209 333.5759999999999 164.74699999999999 85
5070.0 1075.816 19 6150.0 -1220.0 171 -256 324.06800000000004 213.438 194
4580.0 741.1569999999999 12 4980.0 -540.0 112 -167 203.57399999999998 211.31699999999998 54
2990.0 845.7269999999997 14 4710.0 -1720.0 156 -203 218.909 192.73699999999997 172
2735.0 1021.5759999999996 17 3810.0 -1120.0 167 -220 330.33599999999996 178.53300000000002 109
2160.0 395.61499999999984 7 2160.0 0.0 0 -79 147.48899999999995 92.93599999999996 0
3290.0 1037.5010000000002 17 4380.0 -1270.0 155 -214 369.85600000000005 194.06799999999998 127
4130.0 916.593 18 4680.0 -670.0 91 -208 262.44399999999996 210.1299999999999 134
4040.0 996.397 16 5730.0 -1690.0 154 -235 276.16999999999996 232.49299999999997 169
2400.0 1162.954 22 4200.0 -1710.0 155 -273 325.7219999999999 186.19800000000004 171
1920.0 878.3749999999997 15 3690.0 -1900.0 172 -198 261.5209999999999 167.70899999999997 190
3670.0 1048.5489999999995 19 4980.0 -1310.0 165 -253 280.712 178.90400000000002 131
2690.0 987.9569999999997 17 3930.0 -1240.0 158 -223 299.67800000000005 157.285 124
3650.0 884.8679999999997 18 4560.0 -1270.0 115 -204 252.12099999999992 190.05599999999998 127
3090.0 963.073 18 3990.0 -1405.0 153 -209 316.6789999999998 183.30100000000004 191
2700.0 952.3829999999996 16 3540.0 -1345.0 134 -201 338.454 160.62199999999993 185
2610.0 811.8649999999998 13 3450.0 -840.0 76 -181 242.7969999999999 155.953 84
3410.0 922.6999999999998 17 4290.0 -1550.0 141 -220 243.86199999999997 184.52899999999997 155
2250.0 358.36899999999986 6 2250.0 -2150.0 64 -91 106.13199999999999 62.991 430
2890.0 941.3209999999997 16 3810.0 -1260.0 115 -203 317.5059999999999 163.452 126
2945.0 739.3079999999998 13 3570.0 -1315.0 135 -160 245.61199999999997 150.89700000000002 194
3110.0 1010.4260000000002 18 4350.0 -1240.0 159 -221 323.655 197.39299999999997 124
3140.0 1189.7099999999996 23 4800.0 -1770.0 161 -272 351.6449999999999 213.028 177
4250.0 1123.9069999999997 21 5160.0 -1090.0 169 -273 274.643 226.0229999999999 163
4050.0 906.1509999999998 17 4410.0 -780.0 113 -191 297.5719999999999 197.32999999999998 120
3940.0 963.452 17 4830.0 -890.0 81 -209 307.4669999999999 201.99699999999999 89
3775.0 1003.5359999999998 17 4980.0 -1205.0 181 -229 279.4519999999999 222.82899999999992 114
4440.0 1074.4679999999998 21 4890.0 -695.0 109 -223 360.2179999999999 233.91399999999993 79
2790.0 885.8650000000002 16 3630.0 -1370.0 124 -187 304.16499999999996 162.68899999999996 137
3390.0 933.0919999999999 18 5100.0 -1710.0 156 -248 201.11899999999994 184.27699999999996 171
3250.0 1074.0589999999995 17 5010.0 -1815.0 166 -254 300.2799999999999 206.613 187
2390.0 895.6329999999998 17 3270.0 -1730.0 157 -201 287.26499999999993 137.32499999999996 173
2040.0 837.6139999999997 14 2580.0 -540.0 76 -195 258.89199999999994 106.27700000000003 108
1770.0 771.5029999999998 14 2970.0 -1200.0 154 -193 177.128 130.55299999999997 120
2775.0 811.7019999999998 15 3450.0 -675.0 78 -204 175.47199999999998 163.26399999999995 135
2880.0 897.4609999999999 17 3570.0 -760.0 89 -203 278.24299999999994 157.14600000000002 152
2990.0 885.8719999999998 16 3870.0 -1750.0 159 -183 318.03599999999994 176.49599999999998 175
3980.0 1136.0739999999996 23 4890.0 -920.0 155 -286 268.19500000000005 213.12199999999996 146
4050.0 860.0979999999998 15 4440.0 -570.0 97 -190 262.899 193.28699999999998 75
3600.0 881.4159999999998 14 4830.0 -1230.0 156 -201 255.55500000000006 215.92900000000006 123
1360.0 833.9609999999999 13 2280.0 -920.0 84 -170 313.4489999999999 108.22200000000002 92
2940.0 788.2029999999997 14 3780.0 -840.0 76 -174 247.75699999999992 167.46499999999997 84
3840.0 936.6019999999999 17 4740.0 -1210.0 110 -193 334.7239999999999 209.24099999999996 121
2940.0 1060.1489999999994 20 4200.0 -1260.0 161 -230 345.35499999999996 200.29600000000002 126
2785.0 907.6959999999996 17 3660.0 -915.0 150 -213 257.2389999999999 154.55199999999996 143
1960.0 915.3239999999998 18 3660.0 -1860.0 168 -199 326.362 148.36599999999996 186
3330.0 882.1759999999999 18 4170.0 -1130.0 109 -193 283.293 173.08299999999997 142
3315.0 777.2409999999996 14 3870.0 -875.0 107 -167 264.2129999999999 157.43699999999995 143
4365.0 1095.932 18 5430.0 -1065.0 158 -243 344.8779999999999 239.63299999999998 175
2240.0 812.4419999999998 16 3120.0 -1600.0 145 -195 216.12599999999998 112.39499999999998 160
1810.0 808.86 15 3570.0 -1860.0 169 -189 241.884 148.09999999999997 186
1475.0 777.0169999999996 14 2610.0 -1135.0 124 -173 263.616 110.48099999999998 104
3310.0 721.4389999999997 12 3660.0 -1250.0 154 -157 253.20999999999995 140.01799999999997 125
1000.0 842.0479999999999 17 2370.0 -1430.0 161 -198 253.1819999999999 100.50799999999995 193
2380.0 1032.2180000000003 18 4050.0 -1860.0 169 -240 293.5419999999999 177.236 186
1560.0 862.1319999999998 17 2970.0 -1410.0 156 -221 201.24200000000002 125.24000000000001 198
2220.0 460.98699999999997 8 2220.0 0.0 0 -107 136.656 93.13800000000005 0
2280.0 939.399 16 3570.0 -1290.0 163 -206 298.52299999999997 169.335 129
2160.0 962.4939999999999 14 3840.0 -1680.0 153 -205 333.6549999999999 166.65699999999993 168
2240.0 763.3009999999998 14 3090.0 -1300.0 118 -160 282.87899999999996 116.948 130
2830.0 852.7269999999999 15 3750.0 -1020.0 93 -184 287.33700000000005 160.04799999999994 102
3010.0 875.5699999999996 17 3900.0 -1050.0 103 -206 244.04999999999995 174.47699999999998 121
3200.0 1016.5609999999995 18 4110.0 -910.0 189 -226 316.80499999999995 186.49599999999998 91
1680.0 402.0849999999999 8 1680.0 0.0 0 -100 91.853 74.604 0
3740.0 1098.4649999999997 20 4920.0 -1190.0 147 -253 297.2659999999999 220.875 120
3350.0 930.9429999999998 19 4260.0 -910.0 83 -238 240.005 158.998 91
2370.0 902.8649999999996 17 4170.0 -1800.0 164 -208 261.4 181.27999999999997 180
2400.0 792.9429999999998 14 3300.0 -1300.0 118 -175 263.3529999999999 107.189 130
2250.0 908.6509999999997 16 3240.0 -995.0 141 -193 306.34899999999993 154.98699999999997 94
2375.0 763.7759999999997 13 3270.0 -685.0 79 -157 277.6209999999999 147.73 137
3110.0 841.2149999999998 15 3990.0 -880.0 80 -206 217.51799999999992 161.47699999999998 88
2800.0 800.5989999999997 15 3510.0 -1230.0 129 -187 244.846 139.28499999999997 194
5055.0 1096.6309999999996 18 6390.0 -1335.0 158 -274 278.07599999999985 239.44199999999992 117
3010.0 906.465 15 3930.0 -1460.0 133 -186 305.8199999999999 194.53699999999995 146
3410.0 938.1029999999997 18 4320.0 -1800.0 164 -219 274.36999999999995 183.45699999999997 180
2540.0 699.2839999999999 12 2910.0 -435.0 84 -162 219.09599999999995 109.807 50
1770.0 939.6019999999996 16 3060.0 -1290.0 162 -198 340.554 133.10099999999997 129
2400.0 334.5019999999999 6 2400.0 0.0 0 -88 56.45100000000001 73.234 0
4130.0 900.4659999999999 16 4980.0 -1670.0 152 -213 248.452 206.547 167
2630.0 776.0159999999998 14 3510.0 -1060.0 96 -181 236.831 134.71899999999997 106
3870.0 1032.4859999999996 15 5220.0 -1350.0 159 -210 370.38999999999993 232.22699999999995 119
4280.0 909.8819999999996 17 4680.0 -770.0 116 -199 312.308 177.2 77
3990.0 1150.8689999999997 19 4890.0 -1005.0 96 -231 417.07399999999984 230.24799999999993 111
4070.0 898.7109999999998 15 5250.0 -1180.0 151 -200 268.02199999999993 220.65999999999997 118
1840.0 568.0659999999998 10 2760.0 -1080.0 117 -142 147.69299999999996 101.85599999999997 108
3960.0 1061.6749999999995 20 5160.0 -1360.0 169 -224 349.51699999999994 232.02599999999993 136
2090.0 785.136 15 3000.0 -1180.0 107 -188 227.40799999999996 117.97600000000001 118
3070.0 859.8249999999999 14 3990.0 -1180.0 114 -190 259.078 181.228 144
2990.0 912.336 17 3870.0 -1205.0 126 -188 315.3089999999999 182.53299999999996 153
3210.0 926.3949999999996 17 4500.0 -1370.0 170 -227 252.48599999999993 170.56600000000003 137
2620.0 941.9519999999998 17 3420.0 -800.0 166 -214 277.0819999999998 156.4 80
1990.0 854.2399999999998 15 3720.0 -1730.0 157 -184 280.597 165.09899999999996 173
2230.0 709.964 13 3150.0 -975.0 90 -150 258.1719999999999 127.287 103
3430.0 928.627 15 3810.0 -470.0 87 -182 369.51599999999996 164.34199999999996 47
3580.0 846.6509999999997 15 4860.0 -1280.0 160 -195 231.00199999999995 212.34099999999998 128
2000.0 892.0319999999999 14 2910.0 -910.0 83 -194 293.27599999999995 125.74199999999999 91
2070.0 935.3369999999999 17 3480.0 -1410.0 172 -217 268.469 155.367 141
3080.0 1043.9950000000001 20 4740.0 -1790.0 162 -244 309.526 199.52799999999996 179
2100.0 399.325 8 2100.0 0.0 0 -86 131.165 91.98899999999999 0
2040.0 480.0899999999998 8 2040.0 0.0 0 -107 148.88599999999997 93.596 0
4450.0 974.8289999999998 17 4860.0 -800.0 120 -212 315.602 209.28500000000003 80
4000.0 835.6449999999998 15 4920.0 -1360.0 146 -181 263.47900000000004 214.70299999999995 180
2700.0 891.8299999999998 17 3570.0 -1120.0 101 -210 250.90499999999997 158.898 112
3340.0 1019.0169999999999 17 4260.0 -1210.0 117 -205 353.5270000000001 211.801 150
3080.0 978.2020000000003 17 4320.0 -1490.0 178 -235 272.33199999999994 170.50400000000002 149
2310.0 351.85999999999996 5 2310.0 0.0 0 -82 105.29699999999998 86.791 0
3650.0 882.1679999999998 16 4560.0 -910.0 83 -206 272.2439999999999 171.64499999999995 91
2570.0 777.1359999999997 14 3720.0 -1280.0 159 -179 228.80000000000004 163.99999999999991 128
3915.0 792.3399999999997 12 4470.0 -555.0 78 -187 222.30499999999998 176.19399999999996 111
2370.0 751.2629999999996 13 3210.0 -840.0 76 -164 246.63399999999993 130.63 84
4040.0 857.6969999999999 16 4860.0 -820.0 75 -187 307.64899999999994 182.30699999999993 82
3070.0 882.2439999999997 14 4290.0 -1220.0 150 -197 279.0809999999999 180.63999999999987 122
1840.0 882.1369999999998 16 2760.0 -1570.0 143 -197 286.01 129.082 157
3130.0 919.4169999999999 17 4650.0 -1220.0 154 -203 300.292 193.01300000000003 122
2170.0 938.242 18 3510.0 -1250.0 165 -195 333.34799999999996 161.37699999999992 125
3050.0 842.0099999999998 15 3960.0 -910.0 83 -203 243.07299999999998 146.974 91
3860.0 1024.187 21 4260.0 -400.0 83 -220 342.5349999999999 196.89699999999993 40
3680.0 860.9519999999998 15 4560.0 -1370.0 124 -188 266.32399999999996 207.99099999999999 137
3660.0 953.4859999999995 17 5340.0 -1680.0 153 -208 309.53299999999996 226.16999999999996 168
3960.0 914.3569999999997 16 4830.0 -870.0 79 -206 283.26699999999994 202.265 87
3870.0 860.3949999999999 15 4410.0 -760.0 121 -188 262.942 194.67799999999997 130
2825.0 771.9250000000001 14 3480.0 -845.0 93 -166 268.655 133.73799999999997 150
3065.0 981.7649999999998 18 4380.0 -1325.0 157 -228 292.6559999999999 174.07299999999995 116
1040.0 454.9809999999998 8 1440.0 -400.0 83 -115 112.26399999999998 57.15799999999999 40
2010.0 903.2319999999997 16 3270.0 -1350.0 172 -212 258.18299999999994 145.18999999999997 144
3330.0 906.796 14 4260.0 -930.0 85 -198 291.925 183.66099999999997 93
1710.0 856.219 16 3420.0 -1710.0 156 -191 269.66499999999996 151.77499999999998 171
3420.0 868.6309999999999 16 4290.0 -1660.0 151 -201 244.69499999999996 188.0 166
2720.0 1076.709 19 4110.0 -1420.0 157 -235 334.65799999999996 190.83999999999997 199
2820.0 846.1249999999999 15 3360.0 -540.0 76 -200 229.82399999999998 147.033 108
3220.0 1014.1609999999996 17 4890.0 -1810.0 164 -232 294.05300000000005 214.52499999999998 181
2080.0 863.1509999999997 15 3270.0 -1190.0 142 -193 273.2119999999999 143.08599999999998 119
3315.0 867.9969999999998 14 3780.0 -465.0 77 -159 357.174 185.29699999999997 31
3250.0 1094.5669999999998 19 4530.0 -1400.0 164 -247 343.6479999999999 189.02599999999998 124
2690.0 842.1069999999999 16 3570.0 -1290.0 117 -196 255.62899999999996 139.169 129
3240.0 892.8939999999994 16 4140.0 -1210.0 110 -190 315.49299999999994 169.009 121
3560.0 962.4729999999996 19 4470.0 -1490.0 136 -221 268.157 208.00499999999997 149
1440.0 358.893 6 1440.0 0.0 0 -82 102.37799999999997 65.47099999999998 0
3190.0 897.796 14 4050.0 -1225.0 129 -178 319.051 199.6839999999999 159
2190.0 368.82399999999996 6 2190.0 -2125.0 63 -84 132.42200000000003 60.834 425
3150.0 839.5379999999997 15 3540.0 -1040.0 140 -200 231.64499999999995 145.561 104
3290.0 1034.6409999999996 18 4560.0 -1270.0 158 -222 357.0009999999999 198.95299999999992 127
3460.0 833.3819999999996 15 3960.0 -1330.0 146 -185 244.80599999999995 187.74899999999997 183
1710.0 468.8789999999998 7 1710.0 0.0 0 -107 149.00799999999995 72.06199999999998 0
4360.0 891.9769999999995 15 4740.0 -610.0 100 -202 259.35099999999994 205.398 61
4035.0 907.3319999999998 16 5460.0 -1425.0 158 -232 196.719 174.115 200
2475.0 708.6829999999999 11 3030.0 -555.0 78 -145 250.07799999999997 138.558 111
3010.0 861.2529999999998 16 3930.0 -1360.0 124 -199 243.05300000000003 167.16199999999995 136
1380.0 398.01099999999985 7 1380.0 0.0 0 -102 91.64099999999999 60.59399999999999 0
3260.0 716.3329999999999 12 3810.0 -550.0 77 -172 211.63199999999992 147.49999999999997 110
1960.0 776.8789999999996 13 2820.0 -880.0 80 -161 283.6229999999999 97.978 90
3750.0 940.4230000000001 15 4650.0 -1750.0 159 -223 264.02000000000004 179.87199999999996 175
3710.0 926.7139999999998 14 4260.0 -1050.0 122 -204 305.882 174.37199999999996 160
2720.0 898.3109999999997 18 4410.0 -1755.0 163 -204 264.867 190.299 182
3090.0 930.6029999999998 15 4320.0 -1230.0 154 -199 320.9979999999999 184.89599999999996 123
3640.0 918.086 17 4410.0 -960.0 177 -226 214.16999999999996 199.19600000000005 96
2940.0 913.9179999999998 16 3420.0 -480.0 80 -203 291.0179999999999 149.24900000000002 32
3140.0 971.341 17 4050.0 -1700.0 155 -219 291.5459999999999 180.939 170
2890.0 875.841 17 3750.0 -860.0 78 -214 219.25500000000002 168.62400000000002 86
1830.0 753.0219999999998 14 3630.0 -1800.0 164 -179 195.74999999999997 162.733 180
2830.0 916.3879999999999 16 4410.0 -1340.0 148 -209 279.894 184.451 186
2690.0 866.389 16 3090.0 -400.0 83 -199 257.541 138.08299999999997 40
3050.0 926.9799999999997 19 3960.0 -1580.0 144 -231 227.44699999999995 161.231 158
3580.0 1068.045 20 4350.0 -835.0 167 -226 356.94599999999997 195.51699999999994 90
3010.0 938.2249999999998 17 4320.0 -1310.0 167 -226 260.25699999999995 175.50299999999996 138
3170.0 933.0849999999996 17 4080.0 -1450.0 132 -213 295.2679999999999 159.90799999999996 145
3720.0 882.0119999999998 15 4560.0 -840.0 76 -191 304.6619999999999 184.96200000000002 84
2360.0 906.0409999999996 15 3570.0 -1210.0 152 -214 291.7539999999999 115.67100000000002 121
4330.0 853.9589999999997 13 5250.0 -1670.0 152 -198 243.908 207.454 167
3125.0 794.6719999999998 13 4650.0 -1525.0 155 -179 227.84199999999998 206.09099999999995 220
2860.0 782.2209999999997 15 3780.0 -1205.0 131 -183 227.50699999999992 134.589 111
4910.0 1111.9920000000002 17 5730.0 -1720.0 157 -256 311.68 254.28 172
2290.0 842.6669999999998 15 3210.0 -920.0 84 -190 270.79200000000003 136.945 92
2840.0 1079.9379999999994 21 4020.0 -1200.0 151 -243 332.938 184.79699999999997 122
2230.0 643.7229999999997 10 3120.0 -890.0 81 -140 206.33899999999997 132.95899999999997 89
3110.0 967.7239999999994 17 4830.0 -1790.0 165 -221 296.079 194.18200000000002 186
2900.0 767.5999999999996 14 3750.0 -1220.0 110 -168 261.0259999999999 143.74999999999997 122
1890.0 400.77299999999985 7 1890.0 0.0 0 -89 113.32999999999998 90.15399999999998 0
3890.0 914.217 15 4710.0 -820.0 75 -203 293.15199999999993 189.329 82
3250.0 954.6309999999999 15 4170.0 -1070.0 115 -193 351.3709999999999 188.25999999999996 107
4480.0 1070.8819999999994 21 5700.0 -1315.0 161 -234 355.0669999999999 231.1320000000001 141
3685.0 1089.8939999999998 18 5070.0 -1385.0 181 -255 342.71900000000005 184.408 132
1940.0 781.2999999999998 15 2490.0 -1320.0 147 -176 249.6499999999999 112.58299999999998 187
2355.0 855.8979999999997 17 3300.0 -1015.0 164 -192 278.13599999999997 139.28199999999998 159
2440.0 683.2079999999999 10 3360.0 -1060.0 113 -141 227.21299999999994 136.71699999999998 106
2330.0 921.7599999999998 18 3870.0 -1540.0 166 -210 263.4969999999999 179.89299999999997 209
3940.0 1095.3630000000003 21 4740.0 -1050.0 95 -239 339.6289999999999 228.92999999999998 105
2450.0 954.8089999999999 16 4200.0 -1750.0 160 -201 322.5449999999999 195.03599999999997 175
2880.0 964.2989999999998 17 3780.0 -900.0 82 -214 300.63200000000006 170.498 90
2790.0 846.2929999999996 15 3600.0 -1100.0 100 -203 227.52899999999997 159.52299999999997 110
1350.0 379.8169999999999 7 1350.0 0.0 0 -91 108.49399999999999 55.073999999999984 0
3020.0 910.3189999999998 16 3420.0 -480.0 94 -198 296.3439999999999 156.49699999999999 56
2750.0 1086.5619999999997 20 4530.0 -1870.0 174 -238 350.45599999999996 197.13199999999998 196
2680.0 938.3459999999999 17 3930.0 -1430.0 172 -215 281.20599999999996 169.505 143
3465.0 801.4439999999997 15 4140.0 -1055.0 131 -177 272.448 157.82199999999995 211
2760.0 987.7069999999995 17 4110.0 -1500.0 172 -221 323.38499999999993 167.987 134
1540.0 987.7729999999995 17 2880.0 -1340.0 164 -209 354.46699999999987 122.88300000000001 134
2990.0 921.4559999999997 15 3870.0 -880.0 80 -208 291.8469999999999 157.571 88
2640.0 462.30099999999993 7 2640.0 0.0 0 -90 159.5109999999999 136.813 0
1120.0 631.7449999999999 12 2040.0 -920.0 84 -146 197.334 90.316 92
2630.0 787.3509999999997 15 3030.0 -970.0 135 -186 222.444 130.987 97
1410.0 400.14599999999996 6 1410.0 0.0 0 -96 102.14299999999996 62.86599999999999 0
2690.0 1032.965 17 4530.0 -1840.0 183 -242 276.15899999999993 205.129 184
4070.0 1007.2799999999997 18 4440.0 -800.0 116 -205 358.95699999999994 203.586 80
3030.0 967.1819999999996 18 4230.0 -1200.0 154 -237 285.035 143.55599999999995 120
4370.0 1073.2699999999998 19 5250.0 -1215.0 119 -228 353.2849999999999 231.064 155
4740.0 913.8239999999997 18 5100.0 -1080.0 140 -209 254.626 198.60299999999995 108
2310.0 1039.9209999999994 20 4050.0 -1930.0 175 -243 294.5329999999999 186.34799999999996 193
3970.0 1026.8279999999995 19 4380.0 -445.0 89 -231 299.841 197.02400000000003 48
2830.0 791.2989999999995 15 4590.0 -1760.0 160 -192 222.48999999999995 147.81999999999996 176
2130.0 887.2609999999996 16 3900.0 -1770.0 161 -212 236.84299999999993 173.70999999999995 177
4105.0 908.1759999999998 17 4680.0 -895.0 110 -196 282.305 212.06599999999997 147
3270.0 1064.4989999999993 19 4500.0 -1270.0 158 -240 331.2869999999999 189.29999999999993 131
3160.0 842.05 16 4050.0 -1680.0 153 -192 267.67099999999994 165.72899999999996 168
3670.0 959.2349999999998 15 4830.0 -1160.0 150 -222 282.79999999999995 192.081 116
3290.0 1034.5420000000001 19 4770.0 -1480.0 168 -217 356.2669999999998 209.72099999999995 133
2665.0 1052.947 20 4110.0 -1445.0 158 -233 327.565 186.73800000000003 200
4130.0 904.7709999999998 17 4530.0 -940.0 132 -207 244.53399999999993 208.66999999999996 94
2370.0 741.43 14 2730.0 -410.0 80 -171 243.19499999999988 94.66199999999998 46
3270.0 870.8699999999999 16 3960.0 -1290.0 135 -204 246.24599999999995 173.357 198
1920.0 657.8699999999998 12 2700.0 -780.0 71 -151 196.38299999999992 117.49399999999994 78
1440.0 388.5849999999998 6 1440.0 0.0 0 -91 101.34099999999997 66.964 0
2930.0 727.6899999999998 13 3780.0 -1400.0 141 -168 231.00399999999996 139.49899999999997 195
3600.0 894.9759999999995 17 4440.0 -1390.0 126 -218 239.69599999999997 170.58899999999997 139
5150.0 1053.5939999999994 17 5880.0 -980.0 174 -239 276.4919999999999 282.5129999999999 98
2450.0 754.9909999999995 14 3360.0 -910.0 83 -190 192.819 122.315 91
2350.0 1036.3689999999992 20 4290.0 -1950.0 178 -242 285.9369999999999 189.74900000000002 196
2200.0 876.5479999999995 17 3630.0 -1430.0 173 -215 226.0579999999999 154.00400000000002 143
3320.0 899.6099999999996 15 4980.0 -1750.0 159 -197 304.48299999999995 193.10199999999995 175
2400.0 731.3539999999997 11 3240.0 -1720.0 156 -171 211.5519999999999 131.47000000000003 172
3790.0 872.5029999999997 14 4650.0 -1710.0 155 -189 300.60699999999997 185.812 171
2680.0 848.2849999999996 17 3600.0 -1270.0 116 -188 270.6519999999998 156.51199999999997 127
3510.0 1088.8369999999995 18 4710.0 -1310.0 164 -241 335.5339999999999 212.18800000000002 131
2790.0 1119.328 20 4050.0 -1260.0 157 -261 324.928 174.312 126
