1830.0 871.3689999999998 15 3300.0 -1470.0 163 -212 229.40699999999998 143.214 206
2510.0 978.9159999999997 18 3360.0 -1540.0 140 -222 287.241 168.135 154
2770.0 795.621 15 3630.0 -1515.0 154 -176 253.31499999999994 157.79499999999996 217
5435.0 1181.6580000000001 22 6330.0 -935.0 168 -260 377.7409999999999 255.4549999999999 77
3800.0 802.6709999999998 13 4650.0 -1690.0 153 -175 248.1749999999999 195.798 169
1470.0 265.8129999999999 4 1470.0 0.0 0 -67 81.26899999999998 43.02099999999999 0
2860.0 783.2080000000001 13 3450.0 -645.0 90 -161 279.1149999999999 160.46099999999993 129
780.0 363.2339999999998 6 1380.0 -600.0 85 -89 94.87199999999999 59.103 120
1590.0 896.747 17 3480.0 -1890.0 171 -215 241.21800000000002 155.06099999999998 189
1410.0 297.94199999999984 5 1410.0 0.0 0 -78 54.352999999999994 63.833999999999996 0
5520.0 1333.5779999999997 25 6270.0 -780.0 158 -329 352.32300000000004 251.921 78
1070.0 830.8969999999997 14 2820.0 -1750.0 159 -190 259.75 117.39099999999999 175
1860.0 508.7609999999999 8 1860.0 0.0 0 -112 162.438 84.767 0
3070.0 951.8009999999999 16 4200.0 -1130.0 175 -214 303.81999999999994 173.22599999999997 167
3360.0 904.7109999999998 15 4260.0 -900.0 82 -206 290.228 168.47800000000004 90
2840.0 812.6359999999997 13 4380.0 -1840.0 167 -189 228.05100000000002 180.20499999999996 184
4350.0 1249.3860000000002 21 5550.0 -1300.0 164 -272 387.678 253.87399999999997 130
2550.0 731.8009999999998 13 3480.0 -840.0 76 -178 198.85499999999996 104.51399999999997 84
1080.0 280.8299999999999 5 1080.0 0.0 0 -76 61.30100000000001 38.06999999999999 0
2440.0 847.3339999999998 16 3360.0 -920.0 84 -201 234.57 148.37599999999995 92
3440.0 907.1289999999999 17 4320.0 -1550.0 141 -188 318.99399999999986 188.741 155
2490.0 794.4589999999996 14 2850.0 -360.0 75 -188 233.16099999999992 109.559 36
1600.0 901.0029999999997 15 3090.0 -1490.0 164 -208 272.59099999999995 131.10799999999998 206
1440.0 395.127 7 1440.0 0.0 0 -92 123.40199999999999 55.854 0
2510.0 849.1259999999997 16 3780.0 -1280.0 164 -191 262.121 167.16399999999996 128
2340.0 818.6139999999996 14 3240.0 -1380.0 126 -168 298.6089999999999 142.34199999999998 138
4450.0 1034.8509999999999 19 5550.0 -1100.0 164 -262 239.29399999999998 215.30400000000003 180
4190.0 815.0319999999997 13 4980.0 -790.0 164 -178 254.43899999999996 206.94499999999994 79
750.0 319.1909999999999 5 750.0 0.0 0 -70 109.416 38.40599999999999 0
3785.0 965.7789999999999 17 4620.0 -835.0 154 -203 329.148 215.16 68
2910.0 750.7019999999998 12 3750.0 -840.0 76 -176 203.8429999999999 165.03900000000002 84
2010.0 775.0299999999997 12 2400.0 -840.0 144 -166 260.84 113.99000000000001 129
3070.0 819.3509999999998 15 4290.0 -1220.0 153 -171 280.435 191.146 122
3090.0 999.2119999999993 20 4380.0 -1290.0 163 -245 264.0489999999999 173.005 129
2300.0 824.6409999999998 13 3180.0 -880.0 80 -172 290.35699999999997 136.97099999999998 88
2370.0 728.409 12 3270.0 -900.0 82 -166 228.23099999999994 134.713 90
3250.0 960.4569999999999 17 4170.0 -920.0 84 -199 319.0879999999999 198.88499999999993 92
2120.0 731.4809999999997 14 3000.0 -1060.0 96 -163 247.86399999999998 114.67499999999998 106
3190.0 846.663 15 3570.0 -770.0 160 -158 325.8789999999999 172.95999999999995 77
1630.0 886.7209999999997 15 2850.0 -1470.0 175 -203 265.9439999999999 121.55299999999998 147
1150.0 848.8509999999997 15 3030.0 -1880.0 185 -198 241.4209999999999 133.617 188
2230.0 908.2749999999996 16 4110.0 -1910.0 185 -219 240.36499999999995 171.632 191
2820.0 905.7619999999997 16 4500.0 -1680.0 153 -204 285.85799999999995 191.60499999999993 168
2270.0 821.6810000000002 14 3480.0 -1210.0 152 -179 257.684 161.06799999999996 121
3150.0 973.8889999999997 16 4380.0 -1430.0 175 -224 265.94399999999996 205.99399999999997 143
2830.0 817.5059999999996 14 3210.0 -380.0 79 -164 316.155 134.62099999999998 38
1000.0 807.0709999999996 15 2730.0 -1850.0 182 -170 292.72799999999995 117.62999999999997 185
2120.0 693.7919999999997 12 3840.0 -1720.0 156 -165 195.76399999999995 151.07499999999996 172
2900.0 677.2699999999999 11 3570.0 -670.0 139 -149 235.418 128.20399999999998 67
2580.0 726.8439999999997 12 3390.0 -1090.0 99 -139 288.3309999999999 155.5859999999999 109
1020.0 910.4939999999998 17 2280.0 -1320.0 160 -201 312.21999999999997 103.17599999999999 132
2020.0 860.5259999999996 15 3780.0 -1880.0 171 -198 251.41999999999996 164.70299999999992 188
720.0 284.6999999999999 5 720.0 0.0 0 -65 87.36599999999999 38.267 0
3170.0 922.9649999999996 16 4470.0 -1310.0 165 -210 281.661 194.65699999999998 131
2170.0 838.8820000000001 15 3480.0 -1400.0 181 -191 247.76199999999994 149.292 137
3730.0 918.9879999999996 14 4980.0 -1250.0 161 -208 276.66799999999995 197.73899999999995 125
1680.0 422.8669999999999 6 1680.0 0.0 0 -93 139.21499999999997 70.10799999999999 0
3470.0 1078.3499999999995 19 4740.0 -1410.0 172 -216 401.18399999999997 224.85199999999992 141
1190.0 888.2809999999997 17 3090.0 -1900.0 172 -206 266.7559999999999 133.781 190
2500.0 753.668 13 3420.0 -920.0 84 -177 230.07099999999997 129.765 92
4890.0 981.2489999999997 17 6120.0 -1380.0 167 -249 235.897 185.85899999999992 138
3115.0 827.0999999999999 15 3840.0 -725.0 84 -200 217.02299999999997 158.994 145
3150.0 1052.4819999999995 19 4830.0 -1780.0 161 -258 283.1669999999999 191.623 178
2170.0 734.0379999999998 14 3090.0 -920.0 84 -171 200.682 120.66999999999997 92
1470.0 854.8479999999998 15 3060.0 -1590.0 167 -195 258.74099999999993 132.57399999999998 229
2005.0 990.8689999999998 19 3240.0 -1475.0 179 -249 247.084 144.00799999999998 271
3220.0 1019.5439999999998 19 4770.0 -1550.0 186 -250 240.68499999999992 205.10099999999997 155
3300.0 774.1719999999997 13 4200.0 -1180.0 107 -162 308.806 141.268 118
2230.0 1109.4529999999997 20 3540.0 -1390.0 182 -257 313.453 169.011 139
2290.0 913.3409999999996 17 3720.0 -1495.0 164 -204 294.637 130.49899999999997 211
2750.0 851.1669999999998 14 4500.0 -1810.0 164 -206 226.35500000000002 174.98299999999998 181
3370.0 941.4099999999997 17 4650.0 -1280.0 160 -182 365.402 209.797 128
2860.0 933.0179999999998 15 4110.0 -1540.0 184 -198 296.9749999999999 191.78299999999996 154
3170.0 930.1549999999999 18 4980.0 -1910.0 174 -212 283.066 208.41299999999998 191
2900.0 838.8769999999997 15 3780.0 -990.0 102 -160 337.586 171.66 99
1380.0 326.8979999999999 6 1380.0 0.0 0 -76 102.663 59.292 0
2620.0 911.1989999999998 16 4410.0 -1910.0 174 -206 279.21 187.21199999999996 191
1535.0 866.3069999999999 16 3120.0 -1585.0 162 -207 242.851 129.38700000000003 231
2090.0 926.8669999999996 19 3900.0 -1900.0 173 -231 226.96599999999998 172.58100000000002 190
2570.0 823.3129999999995 15 3480.0 -1400.0 127 -190 238.702 149.69199999999998 140
1110.0 364.08799999999985 7 1110.0 0.0 0 -92 89.42099999999999 50.30799999999999 0
3370.0 983.1979999999994 18 4230.0 -860.0 78 -232 263.28399999999993 163.279 86
1050.0 300.15099999999995 6 1050.0 0.0 0 -78 70.013 46.559999999999995 0
4130.0 925.0719999999998 16 5400.0 -1270.0 160 -198 294.75300000000004 236.843 127
1940.0 888.4409999999996 15 3690.0 -1750.0 159 -202 283.313 150.15199999999996 175
3990.0 1158.3219999999992 18 5340.0 -1420.0 183 -246 396.0819999999998 232.03400000000002 142
2420.0 744.1059999999998 15 3240.0 -1000.0 91 -173 201.99299999999997 150.00199999999998 100
2460.0 904.785 17 3720.0 -1420.0 173 -199 288.094 165.411 142
2140.0 704.8479999999998 12 2520.0 -380.0 79 -152 236.80999999999992 113.83699999999999 38
3260.0 760.7979999999998 16 3810.0 -970.0 115 -164 271.959 149.52100000000002 152
1730.0 894.9199999999995 15 3450.0 -1810.0 169 -194 294.97299999999996 158.03300000000002 190
3330.0 1036.0790000000002 19 4680.0 -1560.0 176 -241 325.6659999999998 169.06499999999997 141
3380.0 1008.6399999999999 18 5040.0 -1660.0 151 -229 294.699 219.21099999999998 166
3610.0 979.3259999999999 16 4020.0 -910.0 130 -183 396.19699999999995 184.87099999999992 91
5600.0 1156.2379999999996 20 6450.0 -870.0 167 -255 335.2479999999999 296.393 87
1330.0 715.2449999999998 15 2250.0 -920.0 84 -164 225.06599999999992 98.091 92
2720.0 1036.6559999999995 20 3930.0 -1440.0 174 -237 299.269 185.81900000000002 144
1050.0 811.4459999999997 15 2790.0 -1740.0 158 -191 233.504 126.34899999999998 174
3520.0 973.2629999999996 19 4110.0 -590.0 157 -231 260.80499999999995 175.011 52
1610.0 769.406 13 2520.0 -910.0 83 -165 257.424 113.62899999999998 91
1790.0 918.4799999999996 16 3480.0 -1690.0 154 -214 270.287 152.62600000000003 169
2030.0 770.6129999999998 15 2430.0 -430.0 85 -175 223.06499999999994 115.97799999999998 43
4090.0 1044.4779999999998 18 5310.0 -1220.0 154 -251 274.468 223.34699999999995 122
1320.0 292.45000000000005 4 1320.0 0.0 0 -65 96.11899999999999 53.391999999999975 0
1495.0 797.684 14 3030.0 -1535.0 156 -183 231.37899999999985 140.875 221
1900.0 692.7809999999997 13 3030.0 -920.0 84 -156 218.57599999999996 124.16499999999999 92
2570.0 784.351 12 3270.0 -990.0 90 -144 330.86499999999995 144.34799999999998 99
4580.0 855.8759999999996 14 4950.0 -370.0 77 -199 258.9629999999999 198.43699999999998 37
2035.0 878.7529999999998 15 2940.0 -985.0 89 -195 280.7819999999999 136.828 189
3530.0 1004.0779999999997 19 4410.0 -1530.0 139 -224 348.33299999999986 162.816 153
4260.0 983.8789999999998 18 6210.0 -1950.0 177 -232 293.87799999999993 227.31499999999997 195
2590.0 803.127 14 3510.0 -1280.0 135 -169 271.38599999999997 155.777 164
2360.0 1000.8679999999999 19 4200.0 -1880.0 173 -242 269.1599999999999 157.29399999999995 188
3410.0 914.9799999999998 18 4650.0 -1280.0 161 -213 233.7 197.99599999999995 128
2270.0 800.4539999999998 16 3990.0 -1720.0 156 -202 192.03999999999996 161.25199999999998 172
2980.0 830.4179999999999 13 3690.0 -960.0 104 -170 276.162 176.636 167
1710.0 328.60600000000005 6 1710.0 0.0 0 -74 108.712 62.39699999999999 0
1960.0 921.405 17 3780.0 -1820.0 172 -213 287.169 147.70100000000002 182
2620.0 775.3519999999996 15 3480.0 -1390.0 153 -188 190.88799999999998 124.05999999999995 192
1800.0 378.6279999999998 7 1800.0 0.0 0 -96 109.90099999999995 55.205000000000005 0
2720.0 914.3819999999996 17 4350.0 -1680.0 158 -213 242.64899999999994 162.98900000000003 168
1650.0 417.3679999999999 6 1650.0 0.0 0 -85 138.09099999999995 88.92900000000002 0
2660.0 934.4469999999997 17 3870.0 -1350.0 169 -220 284.5809999999999 152.18199999999996 135
2070.0 328.83599999999996 5 2070.0 0.0 0 -68 129.98 73.03199999999998 0
2240.0 960.1229999999998 17 4170.0 -1930.0 175 -212 308.60199999999986 181.79799999999994 193
1380.0 748.6329999999998 14 2790.0 -1410.0 156 -188 186.42299999999994 124.11 197
2580.0 763.0129999999998 14 3990.0 -1410.0 159 -169 237.30000000000004 173.15599999999995 201
1320.0 381.04999999999995 7 1320.0 0.0 0 -88 122.89399999999996 53.947999999999986 0
3330.0 1039.5929999999998 19 4530.0 -1310.0 159 -247 289.702 184.431 131
2570.0 785.5849999999999 12 2970.0 -1240.0 159 -158 307.1769999999999 119.35199999999999 124
3420.0 965.2109999999996 16 5220.0 -1800.0 163 -230 272.007 201.165 180
2310.0 366.77599999999995 4 2310.0 0.0 0 -101 71.763 79.88900000000002 0
2040.0 915.8869999999996 17 3450.0 -1410.0 172 -229 228.924 149.00099999999998 141
3100.0 829.2589999999994 16 4350.0 -1260.0 154 -213 206.49099999999996 159.80800000000002 126
1350.0 328.1789999999999 5 1350.0 0.0 0 -73 112.25999999999999 53.528999999999996 0
1320.0 361.36099999999993 6 1320.0 0.0 0 -86 97.557 60.23099999999999 0
1970.0 846.3569999999995 13 3180.0 -1210.0 156 -189 255.78400000000002 147.688 121
2000.0 830.2159999999997 13 3690.0 -1760.0 160 -170 297.73799999999994 169.607 176
3530.0 755.8429999999997 13 4440.0 -910.0 83 -158 262.366 188.37799999999996 91
3470.0 998.4759999999998 18 4860.0 -1390.0 186 -254 213.87699999999995 212.58700000000002 139
370.0 424.41899999999987 7 1290.0 -920.0 84 -89 153.183 58.21600000000001 92
3130.0 802.5350000000001 14 3990.0 -1230.0 111 -175 260.02899999999994 173.40799999999996 123
1380.0 837.1709999999997 14 3270.0 -1890.0 172 -199 245.15499999999994 128.689 189
3520.0 848.6909999999997 15 4440.0 -960.0 87 -183 273.98199999999997 178.32299999999995 96
2380.0 865.3439999999996 16 4080.0 -1715.0 156 -208 234.055 169.19399999999996 173
3760.0 1014.0920000000002 20 4500.0 -800.0 159 -240 288.7579999999999 188.527 80
2300.0 692.1539999999999 12 3120.0 -820.0 75 -156 205.41199999999998 143.50999999999996 82
3480.0 936.346 14 5220.0 -1820.0 174 -221 295.2679999999999 172.57599999999994 182
2760.0 882.2259999999999 16 3600.0 -840.0 76 -197 282.54499999999996 156.78900000000002 84
2470.0 737.5759999999998 12 2850.0 -380.0 79 -160 246.71999999999997 120.281 38
3465.0 923.011 17 5130.0 -1455.0 162 -202 286.028 225.161 206
1530.0 346.12399999999985 6 1530.0 0.0 0 -76 112.39799999999995 65.32099999999998 0
1870.0 981.2519999999994 19 3330.0 -1460.0 161 -227 295.48199999999997 139.09099999999998 202
3980.0 1105.977 19 4560.0 -580.0 155 -252 328.412 196.60399999999996 51
2160.0 983.027 18 3480.0 -1260.0 160 -218 335.74999999999994 144.55099999999996 126
4800.0 1303.7569999999996 23 6030.0 -1410.0 172 -291 406.31699999999995 257.92799999999994 141
3470.0 1033.2279999999998 19 4530.0 -1150.0 164 -226 327.7249999999999 210.793 185
1290.0 347.2079999999999 6 1290.0 0.0 0 -74 113.87799999999999 65.91799999999999 0
2140.0 725.4989999999999 12 3840.0 -1700.0 154 -169 199.02799999999996 169.74499999999995 170
2040.0 908.6989999999996 17 3810.0 -1770.0 161 -209 259.21999999999997 175.96900000000005 177
3060.0 896.6819999999998 17 3420.0 -360.0 75 -207 265.48699999999997 146.74699999999993 36
1230.0 323.871 5 1230.0 0.0 0 -68 112.63100000000003 56.65899999999999 0
2280.0 732.238 13 2670.0 -1260.0 160 -165 242.21699999999998 100.862 126
2510.0 1034.9449999999997 18 4410.0 -1900.0 185 -237 294.52599999999995 206.1 190
3945.0 1053.7459999999996 17 5400.0 -1455.0 191 -242 297.32499999999993 231.07100000000005 139
3270.0 907.656 15 4950.0 -1860.0 169 -214 252.73199999999997 192.40200000000004 186
1080.0 817.6289999999998 15 2850.0 -1770.0 161 -205 201.64399999999995 127.81299999999999 177
2000.0 987.5049999999995 20 3690.0 -1690.0 153 -235 267.25499999999994 172.04899999999992 169
3650.0 899.4199999999995 17 4560.0 -1540.0 140 -204 282.39899999999994 185.69199999999998 154
2230.0 1139.478 20 4050.0 -1820.0 180 -268 302.0079999999999 210.10399999999996 182
2420.0 820.5499999999998 13 3120.0 -1210.0 127 -162 297.0439999999999 162.779 191
4040.0 1209.6019999999994 21 4800.0 -760.0 158 -266 387.89699999999993 209.66199999999998 76
2570.0 777.8889999999996 13 3480.0 -1020.0 93 -167 250.21599999999992 159.16099999999994 102
3270.0 779.6959999999997 13 4170.0 -1150.0 134 -181 230.95399999999998 161.99 115
2480.0 918.0239999999998 16 4230.0 -1750.0 159 -224 218.86599999999999 180.54699999999997 175
2990.0 1018.1429999999999 19 3810.0 -870.0 79 -225 319.80499999999995 178.03399999999996 87
2080.0 878.0669999999998 14 3810.0 -1970.0 179 -209 236.99299999999997 163.14799999999994 197
4480.0 1189.6019999999994 23 5670.0 -1250.0 153 -281 336.99699999999996 234.984 125
1230.0 333.98599999999993 6 1230.0 0.0 0 -78 85.71199999999997 62.544 0
2210.0 861.2879999999998 17 3960.0 -1760.0 161 -194 260.477 177.826 176
2630.0 743.7509999999999 12 4290.0 -1660.0 151 -187 185.007 160.435 166
3660.0 809.587 12 4140.0 -480.0 80 -173 266.64799999999997 180.71699999999998 32
960.0 304.86099999999993 6 960.0 0.0 0 -70 86.90099999999998 44.97399999999999 0
4440.0 1196.6439999999996 21 5910.0 -1470.0 206 -284 321.162 249.023 147
1380.0 240.80399999999992 3 1380.0 0.0 0 -68 42.684999999999995 46.21299999999999 0
3635.0 1031.3939999999998 18 5070.0 -1435.0 159 -226 313.78099999999995 227.34699999999992 201
1970.0 815.8649999999998 14 2940.0 -970.0 162 -191 224.78099999999984 133.89099999999996 157
2070.0 782.7179999999997 14 3960.0 -1890.0 172 -185 221.46299999999994 161.505 189
2730.0 958.5409999999996 18 4200.0 -1470.0 178 -222 283.90500000000003 186.56600000000003 147
1980.0 787.2219999999998 14 2880.0 -900.0 82 -186 218.02999999999997 127.57899999999997 90
1320.0 350.2179999999999 6 1320.0 0.0 0 -86 96.793 57.318999999999996 0
2740.0 1046.338 18 4440.0 -1960.0 178 -238 294.333 220.90099999999998 196
2960.0 879.7129999999997 16 3840.0 -1600.0 145 -199 251.7199999999999 178.74199999999993 160
1830.0 532.5969999999999 9 2340.0 -510.0 85 -108 188.21699999999996 110.86599999999999 34
3620.0 1033.8399999999995 19 4830.0 -1310.0 162 -230 300.067 232.099 131
4040.0 1002.957 18 4920.0 -1060.0 179 -225 299.3269999999999 218.38899999999992 90
2780.0 1025.4549999999997 17 3990.0 -1380.0 173 -217 338.9279999999999 184.97599999999997 138
2790.0 969.5440000000001 16 3660.0 -870.0 79 -198 344.99199999999996 177.60199999999998 87
2260.0 1004.182 19 4170.0 -1910.0 190 -235 275.91 194.583 191
2190.0 690.4949999999998 13 3000.0 -1460.0 133 -161 217.81699999999998 112.65399999999995 146
1820.0 674.8929999999998 11 2730.0 -910.0 83 -144 220.68599999999995 125.55899999999995 91
2560.0 783.2409999999999 14 3480.0 -990.0 93 -173 250.40399999999994 151.30099999999996 106
2230.0 693.7329999999998 12 3360.0 -1130.0 159 -178 152.525 142.97899999999993 226
2610.0 1114.4269999999995 20 3960.0 -1400.0 178 -256 341.2830000000001 178.06999999999996 140
4110.0 944.2430000000002 15 5040.0 -930.0 174 -191 349.73499999999984 214.38399999999996 93
1880.0 633.1029999999998 12 2790.0 -910.0 83 -148 189.92899999999997 106.65599999999999 91
2970.0 827.866 14 3810.0 -1160.0 113 -164 326.70599999999996 157.68499999999995 148
3495.0 923.7869999999998 17 4590.0 -1095.0 160 -215 248.62599999999995 208.73399999999998 183
3710.0 916.1389999999999 17 4530.0 -1490.0 136 -193 315.23699999999997 183.63299999999995 149
1650.0 969.2719999999998 15 3450.0 -1800.0 164 -214 310.6209999999999 147.71499999999997 180
3350.0 1061.2549999999994 18 5070.0 -1910.0 195 -251 287.26899999999995 221.03600000000003 191
2070.0 800.6049999999997 14 3390.0 -1410.0 166 -185 239.72199999999992 141.71999999999997 134
3990.0 949.7999999999996 17 4890.0 -910.0 82 -201 311.618 228.07199999999997 91
2470.0 801.5039999999998 13 3360.0 -890.0 81 -167 272.41799999999995 161.754 89
3430.0 900.804 16 5220.0 -1790.0 163 -203 309.934 184.79299999999995 179
1940.0 957.2079999999999 17 3780.0 -1870.0 169 -219 284.19699999999995 168.63 187
2820.0 792.0899999999999 16 3660.0 -1550.0 141 -203 196.22199999999998 136.26199999999997 155
1560.0 791.171 14 3330.0 -1770.0 161 -191 214.26100000000002 144.09999999999997 177
1680.0 857.7049999999997 15 3390.0 -1710.0 155 -188 272.3979999999999 149.838 171
1660.0 894.1059999999997 14 3480.0 -1820.0 165 -205 276.14599999999996 145.84499999999997 182
2940.0 880.2059999999999 17 3810.0 -1790.0 163 -172 351.8299999999999 158.44499999999996 179
2110.0 988.7999999999996 17 3810.0 -1700.0 155 -215 329.3639999999999 157.61200000000002 170
2070.0 369.361 6 2070.0 -2450.0 73 -76 123.06899999999996 84.588 490
3010.0 1027.235 17 4260.0 -1250.0 161 -231 298.5539999999999 208.80299999999997 125
710.0 803.2709999999997 14 2430.0 -1720.0 156 -189 223.69599999999988 121.68199999999999 172
3050.0 1092.6959999999995 22 4260.0 -1500.0 182 -258 307.154 158.18 150
3520.0 1051.9329999999998 20 4680.0 -1160.0 145 -264 242.36799999999997 197.21699999999996 116
2620.0 775.1899999999997 14 3540.0 -1220.0 111 -160 279.87699999999995 147.57999999999993 122
1930.0 793.6769999999996 14 3660.0 -1750.0 159 -184 235.98899999999995 146.07799999999995 175
1510.0 717.1869999999998 12 3060.0 -1550.0 158 -176 172.06099999999998 139.819 225
1560.0 856.7529999999998 14 3330.0 -1945.0 185 -193 260.02899999999994 142.1 212
3320.0 882.2459999999998 16 4290.0 -970.0 163 -209 238.52599999999995 157.259 154
990.0 342.6229999999999 6 990.0 0.0 0 -77 108.75299999999999 45.145999999999994 0
2630.0 887.4629999999997 14 3840.0 -1210.0 152 -182 319.6879999999999 169.01299999999998 121
3210.0 1030.9669999999999 18 4950.0 -1740.0 158 -252 257.178 218.286 174
2660.0 799.8309999999997 15 3570.0 -1110.0 101 -168 276.90099999999995 151.24999999999994 111
3110.0 777.1080000000001 13 4020.0 -1050.0 99 -174 251.44199999999995 158.26 119
2410.0 997.2579999999999 16 4140.0 -1730.0 157 -218 339.22299999999996 174.51399999999995 173
2060.0 960.5509999999997 16 3810.0 -1750.0 159 -219 273.973 172.92300000000003 175
2640.0 899.7829999999998 17 3540.0 -1250.0 154 -195 299.102 164.209 125
3570.0 1034.6349999999998 20 4800.0 -1510.0 180 -260 238.146 210.999 151
2170.0 796.6329999999999 14 3900.0 -1730.0 157 -174 268.80099999999993 167.808 173
2480.0 748.0179999999999 13 4200.0 -1720.0 157 -181 211.12199999999996 162.81799999999993 172
2760.0 945.4759999999999 17 3690.0 -1660.0 151 -212 288.93999999999994 164.132 166
3660.0 1081.492 18 4350.0 -725.0 146 -237 300.24000000000007 227.81799999999993 76
2510.0 837.1460000000002 14 3900.0 -1390.0 168 -178 276.40799999999996 182.34299999999993 139
3440.0 1149.5420000000001 23 4710.0 -1580.0 188 -258 342.8649999999999 216.13899999999995 158
4650.0 1087.3569999999995 18 5580.0 -1240.0 128 -254 305.07899999999995 227.8839999999999 155
1520.0 761.5559999999998 12 3210.0 -1690.0 153 -156 255.66099999999986 148.84099999999998 169
2140.0 1088.1579999999994 20 3930.0 -1900.0 173 -243 354.78799999999995 178.72200000000004 190
1870.0 850.8229999999996 16 3600.0 -1800.0 164 -205 223.386 145.841 180
1400.0 473.0609999999998 9 1800.0 -400.0 83 -118 114.40899999999996 77.95699999999998 40
2270.0 963.8979999999998 18 3750.0 -1330.0 166 -229 271.85900000000004 163.245 133
2660.0 749.1189999999998 13 3480.0 -1620.0 148 -171 234.487 131.71499999999995 162
3240.0 931.403 15 4560.0 -1320.0 179 -202 302.656 173.767 132
2910.0 819.1229999999996 16 3480.0 -940.0 157 -179 275.388 141.661 151
3200.0 738.0349999999997 12 4050.0 -1240.0 112 -178 236.219 119.56900000000002 124
1905.0 830.0469999999998 13 3570.0 -1665.0 151 -180 261.83899999999994 165.46699999999998 247
4930.0 1042.674 16 6150.0 -1300.0 169 -220 365.73499999999996 239.12299999999993 130
3030.0 1038.5319999999997 19 4740.0 -1860.0 168 -233 322.789 201.56199999999995 186
2380.0 757.9 16 3240.0 -1400.0 127 -180 223.69299999999998 128.059 140
2755.0 854.1289999999996 16 3660.0 -925.0 86 -176 299.9479999999999 161.90099999999995 183
2240.0 804.1979999999996 14 4050.0 -1810.0 165 -189 251.82699999999997 147.14799999999997 181
1810.0 996.0459999999996 19 3360.0 -1550.0 182 -229 302.44699999999995 150.789 210
2560.0 829.7129999999997 14 2970.0 -410.0 85 -187 260.3159999999999 123.88699999999997 41
2960.0 1060.0189999999996 19 4200.0 -1570.0 187 -226 355.59399999999994 191.327 157
4100.0 871.6229999999997 15 5430.0 -1450.0 169 -213 237.57099999999988 196.761 142
3760.0 1062.8180000000004 18 5160.0 -1400.0 185 -240 308.12700000000007 236.279 140
1520.0 821.3459999999995 14 3150.0 -1630.0 148 -193 235.60199999999995 128.767 163
2610.0 910.547 15 3420.0 -850.0 176 -184 332.98599999999993 149.51200000000003 85
1435.0 843.4860000000001 16 2880.0 -1455.0 160 -190 279.75699999999995 124.232 204
2680.0 791.8849999999996 15 3060.0 -1060.0 141 -165 284.292 138.036 106
2730.0 848.41 16 4050.0 -1320.0 156 -213 214.17599999999996 161.69699999999995 116
4770.0 1040.235 19 6000.0 -1230.0 155 -248 284.0419999999999 239.97499999999997 123
2730.0 911.9199999999997 16 4290.0 -1560.0 159 -210 256.90999999999997 184.225 226
2270.0 879.446 17 3510.0 -1240.0 158 -218 217.56399999999996 148.44999999999996 124
2020.0 549.156 10 2400.0 -640.0 102 -121 164.09199999999993 113.30999999999997 64
3060.0 686.8679999999999 12 3870.0 -810.0 74 -171 195.48999999999998 128.11499999999998 81
3200.0 781.5709999999999 13 3600.0 -400.0 83 -175 248.77199999999993 156.54399999999995 40
2140.0 898.0349999999996 15 3000.0 -1370.0 124 -185 329.28499999999985 138.39199999999997 137
1680.0 903.1109999999996 16 3660.0 -1980.0 180 -207 266.493 155.31199999999998 198
1490.0 920.89 17 3240.0 -1750.0 159 -193 323.208 150.996 175
1650.0 844.2849999999995 15 3540.0 -1890.0 172 -202 241.133 143.54100000000003 189
3630.0 788.176 14 4230.0 -690.0 93 -174 259.08299999999997 168.515 129
2320.0 874.9369999999996 15 4110.0 -1790.0 162 -188 292.6119999999999 181.33999999999997 179
2950.0 730.1919999999999 13 3810.0 -1180.0 107 -160 252.00299999999993 142.80099999999996 118
3500.0 985.7749999999996 18 4800.0 -1310.0 165 -229 287.51599999999996 201.825 131
3420.0 1076.9969999999996 21 4620.0 -1290.0 159 -271 230.32699999999994 205.96599999999995 129
2180.0 903.8839999999997 17 3480.0 -1310.0 163 -209 267.90999999999997 157.33899999999994 131
3310.0 984.2019999999998 16 4230.0 -1030.0 106 -202 342.2069999999998 198.45 103
1640.0 858.006 16 2880.0 -1370.0 167 -179 304.846 135.66599999999997 137
2510.0 870.8529999999997 16 3630.0 -1120.0 167 -204 252.68599999999998 153.98499999999999 184
1520.0 521.3049999999998 9 2220.0 -700.0 81 -110 179.50099999999992 86.148 140
2860.0 914.4779999999997 16 4200.0 -1340.0 163 -194 307.146 191.97099999999998 134
1680.0 308.62999999999994 5 1680.0 0.0 0 -79 74.29399999999997 65.048 0
1510.0 561.4049999999999 9 2430.0 -920.0 84 -129 168.789 74.57099999999998 92
1460.0 798.0949999999995 16 2310.0 -1600.0 145 -186 237.314 100.84899999999996 160
2350.0 601.451 10 3270.0 -1050.0 95 -124 216.40799999999993 138.72899999999996 105
3470.0 1017.6519999999997 21 4710.0 -1540.0 184 -246 273.587 194.97499999999994 154
2450.0 785.8869999999998 14 3330.0 -1190.0 108 -182 265.15299999999996 103.28599999999999 119
3440.0 1168.4980000000003 24 4650.0 -1250.0 157 -281 323.8199999999999 192.114 125
1930.0 946.1719999999997 14 3600.0 -1670.0 152 -223 266.08399999999995 158.52299999999997 167
2100.0 301.45 4 2100.0 0.0 0 -78 71.936 75.84199999999998 0
2970.0 886.7439999999998 17 3360.0 -590.0 99 -194 284.4799999999999 161.20699999999997 59
1650.0 941.6159999999996 18 3540.0 -1890.0 188 -219 271.95699999999994 161.10799999999992 189
1940.0 876.653 16 3720.0 -1780.0 164 -207 246.08399999999997 159.63599999999997 177
1650.0 324.84000000000003 5 1650.0 0.0 0 -72 99.687 70.427 0
1170.0 811.502 15 2820.0 -1750.0 159 -181 244.47299999999996 144.139 175
3280.0 1016.3769999999997 19 4950.0 -1670.0 152 -241 273.788 214.85699999999997 167
3530.0 933.6589999999997 15 4800.0 -1530.0 182 -228 233.50000000000003 198.35299999999998 153
3490.0 1051.6249999999998 20 5190.0 -1850.0 167 -234 327.795 225.85999999999996 185
1680.0 324.2289999999999 5 1680.0 0.0 0 -74 89.03900000000002 73.82499999999999 0
2700.0 927.2190000000003 18 4020.0 -1320.0 167 -224 255.52199999999996 158.815 132
3400.0 987.2969999999997 16 4680.0 -1330.0 164 -220 313.808 197.37399999999997 133
2470.0 711.6429999999998 14 3390.0 -1140.0 104 -175 172.70299999999995 143.94799999999995 114
2930.0 924.6519999999998 16 3840.0 -1460.0 133 -182 344.87499999999994 185.992 146
3560.0 747.8929999999997 15 4440.0 -880.0 80 -199 148.84899999999993 174.926 88
1720.0 900.797 17 3420.0 -1780.0 162 -207 267.66799999999995 146.03599999999997 178
1355.0 842.781 15 2970.0 -1615.0 175 -197 242.63399999999996 133.452 219
2630.0 956.1259999999996 18 4410.0 -1780.0 162 -229 263.838 181.74599999999998 178
2760.0 900.8209999999997 16 4590.0 -1830.0 167 -212 268.0079999999999 177.27999999999997 183
1130.0 791.7969999999996 15 2910.0 -1780.0 162 -182 260.78299999999996 109.66600000000001 178
2160.0 760.8839999999998 13 3030.0 -900.0 85 -151 295.12099999999987 135.451 90
3040.0 962.8949999999999 14 4740.0 -1700.0 155 -204 333.71199999999993 200.80399999999997 170
2820.0 800.1989999999998 14 3210.0 -925.0 156 -175 256.09799999999996 145.85599999999994 146
2975.0 807.2449999999998 15 4020.0 -1045.0 154 -194 206.556 160.53099999999998 173
3690.0 859.3909999999997 14 4050.0 -360.0 75 -177 305.4509999999999 174.021 36
3770.0 887.5439999999999 17 5220.0 -1520.0 165 -186 300.15599999999995 227.92099999999994 207
2040.0 848.5450000000001 15 3720.0 -1680.0 153 -188 269.631 157.89300000000003 168
2670.0 1019.7949999999997 18 4380.0 -1710.0 155 -234 317.49699999999996 182.7249999999999 171
1290.0 298.52299999999997 5 1290.0 0.0 0 -65 98.70299999999997 59.67699999999998 0
2810.0 726.6300000000001 13 3660.0 -1405.0 141 -152 250.98799999999994 154.808 196
4300.0 1144.849 20 5340.0 -1110.0 151 -262 332.329 229.95299999999995 105
2180.0 892.3929999999997 15 3060.0 -880.0 80 -218 228.59699999999995 137.21699999999998 88
3050.0 810.833 15 3420.0 -370.0 77 -197 234.23399999999995 127.087 37
3370.0 880.739 15 3960.0 -950.0 115 -192 291.95400000000006 161.28599999999994 154
3020.0 988.207 18 4290.0 -1440.0 177 -248 243.64599999999996 150.05399999999995 144
2650.0 834.6509999999997 14 3870.0 -1220.0 150 -190 276.32199999999995 146.279 210
2560.0 876.3409999999992 15 3840.0 -1490.0 178 -198 289.3599999999999 147.51699999999997 149
1630.0 634.6429999999999 12 2490.0 -860.0 78 -143 211.15199999999996 97.16999999999999 86
990.0 882.9919999999996 15 2850.0 -1860.0 169 -195 287.7759999999999 128.462 186
1970.0 797.6239999999999 14 3720.0 -1750.0 162 -178 247.26199999999997 169.414 175
2440.0 780.6059999999998 15 3300.0 -1570.0 143 -181 236.67899999999995 130.84599999999995 157
2390.0 906.1139999999995 17 4140.0 -1750.0 160 -211 267.13499999999993 160.69000000000003 175
760.0 773.7029999999999 14 2550.0 -1790.0 162 -186 211.76999999999995 107.30299999999998 179
3090.0 769.9499999999997 14 3990.0 -1000.0 91 -159 260.02599999999995 181.36499999999995 100
2500.0 914.0949999999997 16 4230.0 -1790.0 165 -210 269.59899999999993 179.41299999999998 185
2730.0 452.17999999999995 8 2730.0 0.0 0 -93 164.99599999999992 117.25000000000001 0
2520.0 740.194 14 2910.0 -390.0 81 -194 174.759 111.33000000000001 39
2570.0 979.0729999999999 18 3780.0 -1210.0 153 -236 258.008 167.68399999999997 121
2860.0 911.9829999999998 15 4110.0 -1250.0 158 -179 350.6739999999999 184.79499999999996 125
2470.0 1031.9539999999995 17 3780.0 -1370.0 177 -233 299.94599999999997 180.23000000000002 137
2180.0 817.2489999999997 14 3090.0 -1370.0 125 -166 304.3029999999998 149.66999999999993 137
2300.0 1040.0349999999999 18 4080.0 -1870.0 174 -244 281.64499999999987 187.51999999999995 196
2010.0 623.6749999999997 10 2880.0 -1140.0 103 -130 224.35799999999995 124.44099999999999 114
2620.0 988.6610000000001 18 4380.0 -1930.0 175 -224 274.171 204.14799999999997 193
2120.0 952.225 15 3900.0 -1780.0 162 -211 296.99099999999993 180.938 178
1720.0 806.5659999999999 15 3000.0 -1280.0 161 -179 251.02599999999995 133.99999999999997 128
3410.0 824.2719999999996 14 4320.0 -910.0 83 -203 205.48799999999994 173.67 91
2205.0 956.251 19 3600.0 -1510.0 169 -233 255.22099999999992 154.681 220
4270.0 1130.141 20 5490.0 -1280.0 159 -264 296.49899999999997 245.34300000000002 128
1670.0 899.7049999999997 16 3150.0 -1480.0 177 -222 231.56399999999996 127.02799999999999 148
2700.0 909.3769999999997 17 3900.0 -1235.0 158 -214 264.224 149.991 127
3850.0 743.4989999999999 13 4740.0 -1550.0 141 -174 217.12900000000002 176.733 244
4590.0 1050.7519999999995 20 5430.0 -840.0 155 -265 259.85 216.50099999999992 68
3560.0 738.6249999999999 11 4440.0 -1625.0 148 -173 202.28799999999993 178.68299999999996 237
3190.0 875.122 15 4950.0 -1790.0 162 -180 307.49799999999993 209.13600000000002 179
3490.0 892.2169999999996 16 4380.0 -1330.0 121 -195 286.8059999999999 193.48999999999995 133
1565.0 844.1799999999996 15 3000.0 -1475.0 161 -184 286.638 132.02399999999997 203
2790.0 816.0479999999997 14 3630.0 -840.0 76 -198 224.58499999999998 139.73299999999998 84
3990.0 1375.9139999999993 25 5190.0 -1310.0 164 -332 363.77500000000003 234.88599999999994 131
2540.0 695.9559999999999 13 2940.0 -1300.0 165 -157 239.68899999999996 108.55699999999999 130
2570.0 769.6239999999998 13 3480.0 -1660.0 151 -179 212.348 153.13799999999998 166
4320.0 1076.8989999999994 20 5550.0 -1390.0 171 -253 325.3539999999999 203.89699999999996 139
1440.0 818.7799999999996 13 3180.0 -1740.0 159 -163 295.34599999999995 154.41199999999998 174
2160.0 872.9399999999997 16 3930.0 -1770.0 161 -232 169.82299999999998 164.989 177
4160.0 941.4429999999998 17 5160.0 -1100.0 151 -228 264.48999999999995 183.49900000000005 104
2450.0 758.1249999999999 13 3270.0 -820.0 75 -173 223.1 146.559 82
2990.0 1106.2919999999997 19 4230.0 -1320.0 165 -259 325.55400000000003 173.38899999999998 132
2960.0 830.4139999999999 16 4200.0 -1265.0 158 -198 234.95099999999996 167.22400000000002 129
1350.0 347.93899999999985 7 1350.0 0.0 0 -90 75.024 61.18099999999999 0
2170.0 1010.1779999999997 19 3630.0 -1460.0 159 -246 275.85399999999987 154.12199999999996 200
1980.0 845.1559999999997 14 3810.0 -1830.0 166 -188 264.0909999999999 169.44 183
2560.0 899.6169999999995 16 3480.0 -1540.0 140 -203 278.7109999999999 146.476 154
1450.0 980.3799999999995 18 2880.0 -1610.0 173 -223 289.7869999999999 143.79899999999998 216
1290.0 349.56799999999987 6 1290.0 0.0 0 -80 108.61899999999997 52.327999999999996 0
2220.0 924.4239999999999 16 3450.0 -1490.0 180 -187 338.502 158.50699999999995 149
1460.0 874.1019999999996 16 3240.0 -1780.0 162 -188 300.288 143.58199999999997 178
2620.0 977.637 18 4350.0 -1730.0 158 -229 291.216 178.30500000000004 173
2320.0 914.8019999999996 17 3900.0 -1690.0 172 -220 237.952 149.124 241
2670.0 797.8419999999999 14 4470.0 -1860.0 176 -186 220.153 184.156 186
3490.0 833.0089999999998 15 4410.0 -990.0 90 -171 305.9109999999999 188.60899999999987 99
960.0 314.0659999999999 6 960.0 0.0 0 -80 69.831 47.255 0
1140.0 866.251 16 2850.0 -1870.0 169 -193 280.23199999999997 125.18300000000002 187
3170.0 819.818 15 4470.0 -1300.0 164 -193 253.51599999999996 152.99800000000002 130
3080.0 717.09 12 3780.0 -870.0 96 -149 228.16999999999996 176.96499999999995 157
1905.0 807.3769999999998 15 2490.0 -635.0 89 -168 309.12199999999996 105.899 127
2580.0 915.3119999999997 15 4410.0 -1830.0 168 -210 298.0039999999999 161.39699999999996 183
1080.0 353.92599999999993 7 1080.0 0.0 0 -92 78.419 50.354 0
4665.0 884.5479999999998 15 5580.0 -945.0 89 -190 291.95899999999995 233.72599999999994 186
2330.0 768.5860000000002 14 3240.0 -1290.0 117 -164 267.96799999999996 146.629 129
4100.0 1161.0379999999998 20 5310.0 -1210.0 153 -265 328.16499999999996 242.502 121
3250.0 964.9339999999996 16 5040.0 -1790.0 163 -219 308.51699999999994 191.41999999999996 179
2965.0 811.0959999999997 13 3930.0 -1055.0 168 -186 235.18199999999993 158.68800000000002 166
2800.0 932.6339999999998 16 3600.0 -800.0 73 -201 313.55999999999995 160.903 80
1830.0 803.4609999999996 14 2700.0 -870.0 79 -195 219.1869999999999 114.31600000000002 87
3750.0 1131.748 19 4980.0 -1520.0 177 -264 325.47799999999995 212.12699999999998 152
1490.0 876.4299999999996 17 2820.0 -1330.0 160 -214 250.0669999999999 109.68299999999998 116
1050.0 322.4869999999999 6 1050.0 0.0 0 -82 82.78199999999995 48.12599999999999 0
2640.0 964.8229999999996 19 4320.0 -1890.0 172 -246 230.224 164.83699999999996 189
2220.0 1006.0279999999999 18 3900.0 -1680.0 153 -208 355.46199999999993 179.71400000000003 168
915.0 794.6709999999997 15 2580.0 -1665.0 168 -188 227.79699999999997 116.93599999999996 235
2140.0 772.6829999999999 16 3000.0 -1370.0 124 -182 225.10999999999996 109.702 137
2700.0 942.8039999999999 17 3960.0 -1300.0 165 -231 241.16299999999995 170.45799999999997 130
3460.0 774.2179999999998 15 4320.0 -1440.0 131 -177 226.63699999999994 170.95199999999994 144
3290.0 946.9870000000001 17 5070.0 -1960.0 178 -215 262.49 232.25499999999994 196
2380.0 832.1920000000001 15 4080.0 -1700.0 154 -186 267.55299999999994 158.39499999999998 170
1830.0 367.7939999999999 5 1830.0 0.0 0 -84 112.85700000000003 72.94099999999999 0
4800.0 1122.9279999999997 18 6060.0 -1470.0 179 -266 301.6519999999999 248.37099999999998 147
2185.0 802.3779999999997 15 2760.0 -575.0 81 -190 232.07199999999992 120.18399999999998 115
2550.0 855.177 13 3990.0 -1440.0 158 -190 269.06499999999994 174.81099999999992 199
3040.0 1084.7039999999997 18 4260.0 -1550.0 183 -247 322.28800000000007 189.18500000000003 155
2600.0 897.0069999999998 18 4320.0 -1870.0 187 -218 244.72299999999996 175.58999999999997 187
1800.0 782.9 12 2490.0 -950.0 99 -158 302.4529999999999 106.452 121
3650.0 857.1749999999998 15 4020.0 -795.0 137 -173 338.27099999999996 155.74499999999995 122
2480.0 685.612 12 2850.0 -550.0 93 -157 224.31599999999997 107.36100000000002 55
3630.0 986.3019999999999 19 4500.0 -1510.0 137 -227 277.84 206.00299999999996 151
1870.0 864.4029999999997 16 3690.0 -2080.0 189 -210 228.41199999999998 148.65300000000002 208
2180.0 895.9099999999997 15 3990.0 -1810.0 165 -193 300.883 180.867 181
5205.0 1001.7689999999997 16 5940.0 -735.0 85 -237 259.38 203.83599999999998 147
3120.0 951.9389999999997 17 3900.0 -790.0 162 -206 312.8469999999999 142.27599999999998 79
3040.0 1009.8359999999998 18 4350.0 -1220.0 150 -224 303.6369999999999 205.16500000000005 122
2480.0 805.286 14 3330.0 -1400.0 127 -184 233.54899999999998 140.09999999999997 140
3770.0 1073.7629999999997 16 5250.0 -1480.0 200 -240 332.79499999999996 221.292 148
2610.0 816.9089999999999 11 4260.0 -1650.0 150 -179 235.665 201.59399999999997 165
2790.0 894.2549999999995 15 3150.0 -640.0 133 -201 275.10699999999986 140.69699999999997 64
3280.0 781.2159999999998 12 4200.0 -1400.0 128 -168 243.78400000000002 159.35399999999998 140
3450.0 625.371 12 4350.0 -900.0 82 -162 180.50300000000001 123.89799999999997 90
2240.0 785.5659999999997 14 3090.0 -850.0 77 -181 231.99699999999999 130.196 85
1830.0 738.0099999999996 13 2220.0 -390.0 81 -153 281.37499999999994 88.89899999999999 39
2140.0 971.5559999999998 17 4230.0 -1790.0 163 -210 326.15299999999996 183.99699999999999 179
2910.0 878.0409999999996 17 3660.0 -800.0 160 -201 256.96099999999996 163.02400000000003 80
1900.0 608.2209999999998 11 2820.0 -1010.0 102 -134 198.12099999999998 116.398 101
2600.0 817.4919999999997 14 3480.0 -1230.0 152 -168 301.31499999999994 152.82299999999998 123
3710.0 735.1089999999998 13 4530.0 -820.0 75 -175 203.1239999999999 175.97499999999994 82
3205.0 951.3769999999995 16 4980.0 -1595.0 161 -224 260.008 205.59 228
2350.0 694.5819999999997 12 3240.0 -1070.0 97 -155 229.71799999999996 128.25199999999998 107
2330.0 766.4439999999997 14 3240.0 -1470.0 134 -167 265.8129999999999 127.07199999999997 147
2020.0 754.0329999999997 14 2910.0 -1580.0 144 -172 259.89799999999997 95.05999999999997 158
1740.0 349.066 6 1740.0 0.0 0 -84 83.85299999999998 82.44699999999999 0
1810.0 793.9349999999997 15 2700.0 -890.0 81 -186 229.76099999999997 123.32999999999998 89
2980.0 977.1749999999998 19 4890.0 -1910.0 173 -221 295.05299999999994 218.23299999999995 191
3680.0 810.9719999999995 14 4080.0 -960.0 134 -174 267.16399999999993 172.16199999999995 96
2820.0 1005.7429999999997 17 4560.0 -1740.0 158 -241 274.99199999999996 187.73199999999997 174
2565.0 709.1329999999996 12 3120.0 -1355.0 151 -154 240.65399999999988 133.09400000000002 191
2180.0 796.417 15 3060.0 -1220.0 111 -181 240.56699999999998 138.66099999999997 122
2610.0 874.5229999999998 17 3210.0 -1040.0 125 -190 306.848 131.97500000000002 164
2700.0 774.7719999999998 14 3060.0 -895.0 150 -162 264.286 143.24899999999997 143
3820.0 1210.7499999999995 20 5100.0 -1420.0 173 -285 301.56499999999994 252.69599999999997 142
1320.0 772.1209999999998 14 3060.0 -1740.0 159 -185 210.59799999999998 126.89699999999996 174
2300.0 764.9869999999996 14 4110.0 -1810.0 165 -182 226.20099999999996 153.99299999999994 181
3090.0 812.7929999999998 15 3960.0 -1680.0 153 -187 239.83499999999998 165.254 168
1680.0 821.2909999999997 13 3450.0 -1770.0 161 -170 300.95599999999996 143.986 177
2150.0 910.6069999999993 15 3930.0 -1780.0 162 -209 257.777 179.26299999999995 178
4020.0 825.4679999999998 14 4410.0 -480.0 89 -185 279.368 153.95199999999994 48
1560.0 389.14699999999993 7 1560.0 0.0 0 -90 102.82900000000001 73.48699999999998 0
3100.0 766.8349999999999 15 3990.0 -890.0 81 -186 206.843 140.10699999999997 89
2560.0 884.5629999999996 16 3870.0 -1350.0 170 -205 262.58799999999997 163.932 266
2720.0 901.5299999999996 16 4440.0 -1750.0 159 -198 278.84899999999993 210.987 175
2140.0 836.8039999999999 16 3030.0 -890.0 81 -183 284.68899999999996 127.30699999999999 89
2660.0 806.212 16 3570.0 -1760.0 160 -201 178.057 135.59400000000002 176
2420.0 819.2729999999998 15 3330.0 -910.0 83 -190 240.26399999999995 136.64499999999998 91
1725.0 832.1399999999999 17 2850.0 -1125.0 165 -194 248.92999999999998 111.20099999999998 187
4020.0 975.1249999999997 18 5700.0 -1990.0 180 -222 293.14699999999993 235.794 199
2430.0 907.3389999999997 17 3210.0 -780.0 162 -199 301.91799999999995 140.08599999999998 78
2170.0 812.2029999999995 14 3870.0 -1700.0 154 -174 259.4119999999999 185.28899999999993 170
3420.0 831.2259999999998 15 4320.0 -1480.0 135 -190 248.498 176.458 148
1720.0 822.6379999999998 12 3390.0 -1890.0 172 -168 305.4399999999998 141.85600000000002 189
1420.0 762.3369999999998 13 2640.0 -920.0 84 -159 275.503 120.15900000000002 92
990.0 317.739 5 990.0 0.0 0 -72 102.57499999999999 44.26800000000001 0
4000.0 888.2259999999994 16 4710.0 -1230.0 129 -179 324.00199999999995 208.73899999999995 194
2410.0 780.4479999999999 14 3690.0 -1280.0 164 -176 238.06099999999992 155.04499999999996 128
2870.0 895.108 16 3750.0 -950.0 94 -192 303.30400000000003 165.011 95
4500.0 1077.7929999999994 20 5790.0 -1290.0 162 -244 352.2229999999999 214.92499999999995 129
1890.0 720.4099999999997 12 2790.0 -900.0 82 -169 216.5089999999999 115.374 90
2420.0 778.3189999999997 13 3330.0 -910.0 83 -169 255.28099999999995 146.16899999999998 91
2310.0 987.9519999999998 17 4170.0 -1860.0 168 -229 308.783 171.45199999999997 186
3880.0 1011.2399999999997 15 5250.0 -1370.0 177 -207 361.0619999999999 220.75099999999995 137
2410.0 903.9599999999996 17 3480.0 -1070.0 158 -200 273.88899999999995 160.433 177
2520.0 818.3189999999996 15 3060.0 -790.0 98 -189 263.217 116.15599999999996 133
3500.0 862.3959999999998 16 4380.0 -1465.0 162 -194 285.98299999999995 172.96400000000003 205
3280.0 845.4279999999998 14 5040.0 -1770.0 161 -193 249.57899999999992 212.20099999999996 178
1565.0 784.575 13 2940.0 -1375.0 153 -164 278.16300000000007 130.90899999999996 193
1660.0 729.2899999999997 12 3390.0 -1730.0 158 -163 235.83 142.36399999999998 173
2000.0 952.9869999999997 17 3180.0 -1180.0 151 -216 291.92299999999994 144.84099999999998 118
3160.0 917.6909999999999 17 4080.0 -1680.0 153 -199 291.306 185.74399999999997 168
3990.0 1000.7009999999997 20 5310.0 -1390.0 176 -244 260.7539999999999 206.265 146
4570.0 1009.8919999999996 18 5850.0 -1420.0 173 -238 302.9769999999999 216.38900000000004 142
4990.0 1145.5749999999998 21 5730.0 -830.0 162 -244 374.3349999999999 254.21599999999995 83
2340.0 982.2629999999995 17 4140.0 -2000.0 182 -231 274.44199999999995 179.10399999999998 200
900.0 316.3429999999999 6 900.0 0.0 0 -70 105.87199999999996 42.19200000000001 0
2630.0 1024.4779999999996 18 3840.0 -1210.0 152 -235 309.18399999999986 163.709 121
870.0 309.4829999999999 4 870.0 0.0 0 -75 81.03800000000003 39.966 0
3170.0 859.897 14 3540.0 -780.0 114 -173 309.802 158.844 78
2125.0 787.5089999999996 15 2850.0 -740.0 85 -176 247.7739999999999 124.94899999999998 148
3500.0 901.5129999999997 15 3900.0 -800.0 119 -184 299.27699999999993 192.78900000000002 80
2430.0 950.0279999999998 16 4110.0 -1730.0 158 -224 239.83499999999998 186.8069999999999 178
1070.0 750.2929999999996 14 2610.0 -1540.0 171 -174 222.86899999999997 120.62599999999998 217
4120.0 800.1609999999998 14 4980.0 -1220.0 120 -172 274.7209999999999 191.93899999999996 158
2800.0 935.7229999999996 17 3690.0 -1640.0 149 -195 329.775 174.41599999999994 164
3380.0 956.0739999999996 16 4890.0 -1510.0 167 -219 297.6239999999999 199.46999999999997 210
1740.0 416.7989999999998 8 1740.0 0.0 0 -101 110.242 78.64999999999999 0
4440.0 1051.077 18 5670.0 -1300.0 162 -232 312.39799999999997 256.25699999999995 130
2270.0 907.6899999999998 17 4020.0 -1775.0 162 -203 284.2299999999999 175.376 180
2560.0 832.7239999999999 16 3480.0 -940.0 155 -189 253.29299999999995 154.355 150
2680.0 748.0469999999998 12 3600.0 -1100.0 105 -149 289.68699999999984 153.65999999999994 128
3740.0 1049.7769999999994 18 4650.0 -910.0 83 -213 354.43100000000004 245.6 91
4550.0 866.8369999999998 15 4950.0 -1130.0 149 -178 322.2999999999998 194.40399999999994 113
1970.0 790.1119999999997 15 2790.0 -1530.0 140 -176 260.93199999999996 109.29299999999999 153
2940.0 791.138 14 4170.0 -1230.0 155 -202 216.46800000000002 134.30399999999997 123
1750.0 844.7449999999999 16 3060.0 -1310.0 163 -210 227.48499999999993 122.03099999999996 131
3100.0 1043.4489999999996 18 4860.0 -1920.0 174 -244 298.23499999999996 198.122 192
2570.0 903.2249999999999 16 3840.0 -1300.0 164 -193 325.75399999999996 147.59099999999998 130
4760.0 1139.8179999999998 19 6060.0 -1480.0 203 -285 255.74299999999994 263.52299999999997 148
2155.0 818.3849999999998 15 3720.0 -1565.0 171 -198 226.41499999999994 157.77200000000005 215
2610.0 728.2459999999999 12 3450.0 -1420.0 129 -150 258.736 154.24099999999999 142
3410.0 829.8579999999997 14 4680.0 -1350.0 166 -168 313.239 189.79099999999994 135
2480.0 886.8179999999999 16 3390.0 -1270.0 115 -199 293.4029999999999 140.986 127
3070.0 998.2669999999996 17 4290.0 -1270.0 157 -212 330.856 201.166 127
1915.0 816.8359999999997 15 2970.0 -1055.0 161 -186 262.99999999999994 124.14399999999998 147
2820.0 889.8969999999997 17 3720.0 -1690.0 154 -194 276.8929999999999 168.34699999999998 169
2355.0 725.9069999999999 13 2850.0 -495.0 82 -175 199.36399999999998 122.494 33
1890.0 993.8519999999994 19 3690.0 -1850.0 168 -228 308.928 155.475 185
3120.0 838.767 16 3990.0 -1650.0 150 -193 229.42100000000005 151.38299999999998 165
2460.0 1040.5369999999996 19 4200.0 -1740.0 158 -226 354.4509999999999 165.92999999999998 174
2880.0 905.875 16 4590.0 -1770.0 161 -217 251.19199999999998 173.758 177
2620.0 803.8429999999997 14 4350.0 -1730.0 157 -175 268.52899999999994 168.09799999999996 173
3140.0 868.2209999999997 16 3990.0 -1220.0 110 -179 293.57999999999987 188.15599999999998 122
950.0 728.5339999999998 14 2640.0 -1690.0 154 -162 226.8079999999999 123.872 169
1350.0 848.0789999999997 15 3090.0 -1830.0 166 -191 261.299 139.216 183
3620.0 1032.697 19 4500.0 -1070.0 180 -240 335.3419999999999 146.545 91
590.0 763.0699999999998 15 2340.0 -1750.0 159 -187 208.80299999999997 102.31100000000002 175
1810.0 800.4999999999993 15 2730.0 -1190.0 108 -187 231.85299999999995 121.52900000000002 119
3110.0 996.8259999999999 16 4320.0 -1310.0 165 -219 297.286 203.65 131
3460.0 928.3739999999999 19 4380.0 -1035.0 167 -219 249.1199999999999 190.57499999999996 171
3340.0 715.9549999999998 13 4050.0 -710.0 82 -169 213.48100000000002 146.38099999999997 142
2740.0 951.722 18 4440.0 -1700.0 155 -230 243.31099999999998 188.34199999999996 170
2230.0 805.1759999999995 15 3150.0 -920.0 84 -185 256.74299999999994 119.761 92
2805.0 797.1489999999999 13 3630.0 -825.0 152 -177 273.98199999999997 133.896 67
1600.0 809.5199999999998 16 2520.0 -1565.0 159 -183 250.23499999999996 111.94899999999998 221
1020.0 308.679 5 1020.0 0.0 0 -74 86.86000000000001 47.22400000000001 0
2170.0 774.5029999999994 12 3090.0 -920.0 84 -174 255.19299999999996 124.25 92
1620.0 348.712 5 1620.0 -2380.0 71 -67 127.80699999999997 71.22399999999999 476
2240.0 1042.2369999999996 20 3540.0 -1300.0 155 -250 287.3429999999999 161.264 114
3580.0 925.9679999999996 16 3960.0 -990.0 134 -195 329.57199999999995 162.37599999999998 99
1080.0 336.52299999999997 5 1080.0 0.0 0 -64 139.10899999999998 46.373999999999974 0
3110.0 929.9859999999996 17 4830.0 -1800.0 172 -212 278.2759999999999 202.24399999999997 180
3270.0 862.8119999999997 16 4170.0 -910.0 84 -187 287.9909999999999 168.055 91
2390.0 849.2119999999998 14 4140.0 -1750.0 163 -195 243.32899999999998 181.156 175
2940.0 843.6869999999997 13 4140.0 -1310.0 164 -180 272.01299999999986 182.355 131
3200.0 756.7539999999997 14 3900.0 -700.0 81 -181 206.711 138.43099999999998 140
3020.0 1001.0199999999996 18 3990.0 -1050.0 170 -205 349.4409999999999 191.64000000000001 162
1700.0 822.5529999999997 13 3510.0 -1810.0 165 -186 247.90000000000003 145.85699999999997 181
2400.0 990.3899999999998 19 4470.0 -1740.0 159 -226 290.4169999999999 185.788 174
2010.0 451.4839999999999 9 2010.0 0.0 0 -107 117.725 94.02799999999999 0
1800.0 1031.6259999999995 18 3540.0 -1850.0 173 -228 342.2049999999999 154.56099999999995 196
3330.0 931.245 16 4200.0 -1770.0 161 -200 293.3639999999999 204.40099999999998 177
780.0 303.2309999999999 6 780.0 0.0 0 -78 70.42599999999999 37.087 0
2560.0 914.2759999999997 16 3720.0 -1160.0 179 -210 267.708 167.91299999999998 176
2170.0 862.8079999999997 16 4020.0 -1850.0 174 -216 200.84999999999997 171.40699999999998 197
1430.0 817.4519999999999 14 3240.0 -1810.0 165 -187 243.74499999999995 112.345 181
3070.0 1098.4499999999996 22 4260.0 -1290.0 157 -264 288.518 195.73199999999997 129
2660.0 723.8719999999997 12 3510.0 -1335.0 145 -147 261.4109999999999 161.00899999999996 182
1790.0 611.8139999999997 11 2670.0 -1100.0 100 -119 238.41799999999995 116.96599999999998 198
2740.0 947.4859999999999 16 3930.0 -1190.0 152 -207 296.2879999999999 190.95000000000002 119
2185.0 791.2069999999999 14 2910.0 -725.0 84 -161 287.72999999999996 136.55899999999997 145
1080.0 331.70699999999994 7 1080.0 0.0 0 -89 80.303 36.861999999999995 0
1120.0 813.6779999999998 14 2880.0 -1760.0 160 -194 229.611 118.22200000000001 176
1940.0 930.8259999999999 12 3390.0 -1450.0 177 -189 330.62999999999994 159.73399999999998 145
1480.0 726.2559999999999 13 3180.0 -1700.0 154 -167 205.48799999999994 153.259 170
1170.0 377.81899999999985 7 1170.0 0.0 0 -90 107.74799999999999 52.79799999999999 0
1100.0 731.828 15 2700.0 -1600.0 163 -181 191.386 115.20899999999997 229
3630.0 864.6579999999998 14 4500.0 -1600.0 145 -187 270.097 205.57900000000004 160
1690.0 820.0950000000001 15 2610.0 -1020.0 163 -181 280.49999999999994 109.69500000000002 158
3400.0 934.6269999999994 16 4830.0 -1430.0 173 -187 342.25499999999994 216.41999999999996 143
3210.0 863.9119999999998 15 4860.0 -1970.0 179 -202 226.31299999999996 211.94699999999992 197
1710.0 787.8280000000001 12 3300.0 -1620.0 164 -174 252.561 139.89899999999994 233
2850.0 918.3389999999997 16 3420.0 -570.0 80 -194 293.88399999999984 180.94099999999995 114
1520.0 737.8679999999999 12 2370.0 -850.0 77 -151 265.61999999999995 123.40400000000002 85
3230.0 971.1460000000001 17 3960.0 -800.0 158 -196 331.614 202.41099999999997 80
1260.0 331.325 5 1260.0 0.0 0 -78 92.115 56.247 0
2650.0 959.4489999999995 16 3960.0 -1310.0 166 -223 265.58299999999997 173.72499999999997 131
3855.0 849.7559999999996 14 4590.0 -735.0 85 -192 267.0199999999999 185.62099999999995 147
2700.0 886.1389999999999 14 4110.0 -1410.0 155 -189 297.688 183.13999999999996 196
1980.0 371.3599999999999 6 1980.0 0.0 0 -74 134.63299999999998 87.63199999999999 0
2970.0 797.7719999999998 14 4230.0 -1260.0 157 -185 224.02499999999995 173.61499999999998 126
3310.0 844.0109999999996 14 4740.0 -1430.0 164 -190 247.19999999999993 200.31799999999998 128
2250.0 759.631 13 4020.0 -1815.0 166 -177 212.72599999999994 163.23799999999997 186
2340.0 971.123 18 4050.0 -1970.0 179 -221 284.46599999999995 176.98299999999998 197
2490.0 782.2849999999997 14 3390.0 -900.0 82 -178 230.055 146.95699999999997 90
3510.0 1109.3819999999998 22 5310.0 -1800.0 164 -247 340.51399999999995 238.18199999999993 180
2910.0 725.608 12 3600.0 -690.0 80 -151 245.69099999999997 158.35999999999999 138
1450.0 865.0109999999999 16 3150.0 -1730.0 157 -206 235.09099999999995 142.599 176
2795.0 851.1799999999997 14 3480.0 -1320.0 153 -177 294.59299999999996 156.393 264
1690.0 965.0269999999996 16 3690.0 -2000.0 181 -219 304.70999999999987 144.56399999999996 200
2910.0 935.382 18 3660.0 -780.0 157 -210 292.5559999999999 165.01499999999996 78
4110.0 892.9219999999998 16 4500.0 -1150.0 150 -197 293.431 178.49699999999999 115
3990.0 1096.6299999999994 22 4890.0 -1430.0 130 -266 269.9459999999999 208.97999999999996 143
2240.0 856.4149999999998 15 3690.0 -1450.0 170 -209 223.19199999999998 154.92899999999997 128
2380.0 866.4169999999998 16 3240.0 -1460.0 133 -201 267.61299999999994 126.56299999999996 146
3350.0 1032.9479999999996 18 5220.0 -1870.0 170 -234 309.12999999999994 188.45399999999995 187
1760.0 942.5869999999999 16 3660.0 -1900.0 191 -234 239.38999999999993 132.601 190
1930.0 794.2569999999997 14 3600.0 -1700.0 154 -180 251.85299999999998 146.47399999999996 170
3890.0 858.141 14 4260.0 -970.0 132 -172 313.439 185.74699999999999 97
2850.0 413.9180000000001 6 2850.0 -2330.0 69 -84 134.038 134.35399999999998 466
2290.0 797.305 13 3180.0 -1300.0 118 -159 303.3479999999999 144.794 130
4175.0 1062.4749999999995 18 5040.0 -865.0 160 -246 303.54999999999995 213.38699999999994 71
1170.0 342.0479999999999 5 1170.0 0.0 0 -75 102.80299999999998 56.077 0
3450.0 1157.9009999999996 21 4710.0 -1560.0 187 -258 352.5889999999999 204.018 156
3450.0 793.5719999999998 13 3990.0 -540.0 76 -187 227.82899999999995 163.57399999999998 108
1600.0 829.3599999999996 15 3480.0 -1880.0 170 -192 256.4629999999999 140.274 188
3910.0 918.1059999999998 17 5190.0 -1450.0 179 -219 249.22699999999995 206.63799999999998 145
3450.0 722.6969999999999 12 4380.0 -1010.0 101 -168 224.94299999999998 142.822 101
3380.0 1023.0459999999999 19 4620.0 -1340.0 167 -233 310.86 188.77299999999997 134
2450.0 721.1829999999999 13 3330.0 -1000.0 91 -135 280.95899999999995 155.23299999999998 188
2510.0 892.4589999999998 16 4290.0 -1820.0 167 -217 251.99799999999993 169.62 186
2290.0 911.1449999999996 16 3570.0 -1280.0 163 -206 268.61799999999994 149.87800000000001 128
1080.0 485.35499999999996 9 2010.0 -930.0 85 -117 122.987 93.10699999999997 93
2790.0 933.0809999999998 17 4050.0 -1260.0 158 -213 278.90599999999995 181.132 126
3680.0 924.9839999999998 17 4920.0 -1330.0 164 -197 295.82399999999984 224.77499999999998 133
2720.0 948.8939999999997 19 3570.0 -850.0 77 -231 263.537 151.85299999999998 85
2100.0 860.9249999999996 14 3480.0 -1380.0 161 -191 282.92799999999994 149.176 122
2350.0 973.7079999999996 18 3570.0 -1530.0 183 -226 267.498 163.515 153
2580.0 906.54 16 3780.0 -1430.0 172 -200 295.771 158.24 143
2610.0 966.8269999999995 16 4530.0 -1710.0 156 -221 301.6909999999999 177.83199999999994 171
1320.0 394.0289999999999 6 1320.0 0.0 0 -83 127.42099999999996 68.212 0
4060.0 1011.2419999999996 17 4920.0 -860.0 78 -208 351.9979999999998 226.51699999999994 86
2885.0 1109.4179999999997 20 4170.0 -1285.0 152 -255 316.315 196.13000000000002 113
1770.0 866.7059999999998 14 3030.0 -1260.0 155 -192 275.05899999999997 132.98299999999998 126
2130.0 1024.5129999999997 19 3810.0 -1680.0 152 -238 302.37299999999993 166.39199999999997 168
2910.0 875.6999999999997 15 3630.0 -965.0 112 -189 280.47299999999996 161.18799999999996 193
510.0 788.5429999999998 13 2280.0 -1770.0 161 -183 246.6319999999999 94.13 177
1285.0 738.0689999999998 14 2820.0 -1535.0 158 -178 190.13799999999998 131.48899999999998 227
2180.0 843.4599999999998 14 3870.0 -1780.0 162 -192 247.01299999999998 165.15399999999994 178
1530.0 816.4949999999998 14 2970.0 -1450.0 162 -187 236.70499999999996 132.96499999999997 206
1260.0 980.3550000000001 16 3000.0 -1740.0 158 -209 346.10399999999987 129.1 174
3330.0 893.257 16 4200.0 -870.0 79 -200 271.143 189.70099999999994 87
2370.0 1004.1349999999995 18 4110.0 -1740.0 166 -224 315.928 184.38699999999992 174
2830.0 934.8279999999997 15 4470.0 -1910.0 173 -219 253.8149999999999 198.346 191
2975.0 1028.3069999999996 18 4290.0 -1675.0 186 -228 315.8939999999999 193.27399999999997 152
2210.0 866.7700000000001 16 3120.0 -910.0 189 -203 253.90299999999996 126.552 91
3360.0 981.5519999999999 18 5010.0 -1830.0 166 -233 263.05199999999996 214.05199999999994 183
3300.0 886.5329999999998 15 4200.0 -900.0 82 -204 274.1509999999999 164.48100000000002 90
1830.0 1078.5439999999996 17 3420.0 -1620.0 150 -225 387.48400000000004 161.33799999999997 162
1590.0 897.7959999999994 18 3330.0 -1815.0 166 -210 253.71999999999997 154.26999999999992 189
2870.0 965.8779999999995 18 4560.0 -1690.0 153 -229 268.44199999999995 198.0029999999999 169
820.0 817.4079999999998 15 2610.0 -1790.0 163 -187 259.86199999999997 111.59599999999998 179
3490.0 930.6629999999996 19 4410.0 -1690.0 154 -226 234.98499999999993 197.67399999999992 169
3400.0 897.0079999999999 16 4320.0 -1650.0 150 -204 265.313 193.81199999999998 165
2560.0 846.6609999999998 15 3480.0 -920.0 84 -161 338.271 154.46599999999998 92
3220.0 876.4849999999998 14 4980.0 -1760.0 166 -215 219.62599999999995 185.337 176
2670.0 960.1559999999997 18 3540.0 -900.0 81 -198 338.75000000000006 171.591 90
2930.0 1020.5259999999996 18 4650.0 -1830.0 178 -241 275.38 195.16799999999995 183
4230.0 1036.314 20 5940.0 -1780.0 162 -229 326.078 246.02999999999994 178
2025.0 821.9529999999996 17 3600.0 -1575.0 160 -190 227.81299999999993 166.14 226
1920.0 435.70799999999986 8 1920.0 0.0 0 -94 144.16799999999998 85.88199999999999 0
2590.0 788.2239999999996 14 3510.0 -1630.0 149 -173 266.203 139.63399999999996 163
2620.0 1044.0639999999994 18 3600.0 -980.0 178 -238 320.3670000000001 155.04399999999998 98
-360.0 279.7619999999999 4 2370.0 -2730.0 81 -86 50.393999999999984 59.57899999999999 546
1630.0 649.6739999999998 11 2550.0 -1050.0 95 -143 218.78899999999993 109.18499999999997 105
1680.0 955.7179999999996 15 3510.0 -1830.0 166 -201 342.5389999999999 143.878 183
1590.0 709.3999999999997 13 2970.0 -1380.0 152 -163 211.499 135.47599999999997 192
3315.0 799.6889999999997 13 3990.0 -895.0 123 -185 224.24899999999994 170.41799999999995 157
2100.0 1029.0249999999996 18 3390.0 -1290.0 163 -223 349.58799999999997 151.96299999999997 129
2450.0 896.8799999999998 14 4200.0 -1750.0 159 -201 274.4049999999999 177.472 175
4520.0 883.4189999999999 17 5850.0 -1430.0 164 -215 283.12800000000004 186.363 128
2580.0 962.8119999999993 18 3840.0 -1340.0 166 -222 276.643 171.49899999999994 134
2540.0 927.6089999999998 16 3840.0 -1410.0 185 -210 288.626 171.60099999999997 141
2290.0 826.7369999999996 12 3840.0 -1550.0 158 -184 236.22799999999995 178.94999999999996 226
3830.0 969.5729999999999 17 5100.0 -1400.0 170 -221 286.44399999999996 185.7849999999999 140
2720.0 836.7319999999999 14 3600.0 -1580.0 144 -184 257.95099999999996 159.344 158
2460.0 1083.8069999999996 21 3690.0 -1230.0 154 -258 293.50399999999985 185.015 123
2140.0 806.2309999999999 15 3060.0 -1180.0 138 -185 257.74799999999993 119.336 118
3880.0 991.7069999999999 17 4260.0 -380.0 79 -213 318.1549999999999 194.0199999999999 38
2000.0 834.9819999999997 16 3780.0 -1780.0 168 -193 240.78799999999998 167.10799999999998 178
3270.0 1010.1249999999999 20 4170.0 -1090.0 99 -233 292.759 185.091 109
1950.0 979.3899999999996 18 3870.0 -1920.0 175 -229 286.16499999999996 162.995 192
2070.0 834.3639999999999 15 3750.0 -1740.0 158 -213 199.428 155.74399999999997 174
1800.0 793.5979999999998 14 3180.0 -1380.0 152 -168 267.948 147.25699999999998 192
1710.0 321.04900000000004 5 1710.0 0.0 0 -73 81.187 85.17799999999995 0
1770.0 809.6039999999997 14 3150.0 -1380.0 172 -184 228.46599999999995 142.55 138
3630.0 936.8869999999997 16 4500.0 -870.0 79 -220 254.44200000000004 191.03299999999993 174
2955.0 884.8319999999999 15 3540.0 -1455.0 161 -188 300.73799999999994 159.62399999999997 204
3140.0 1038.85 19 4380.0 -1360.0 180 -235 314.7739999999999 188.83999999999995 136
2190.0 849.7289999999997 16 2670.0 -875.0 126 -183 289.29599999999994 119.22099999999998 111
2220.0 251.618 3 2220.0 -2545.0 76 -63 80.76599999999999 55.131 509
2260.0 781.4360000000001 14 3180.0 -920.0 84 -180 223.86700000000002 147.33999999999997 92
2120.0 815.988 15 3450.0 -1350.0 161 -180 271.986 144.337 118
3660.0 1003.3699999999994 18 4860.0 -1450.0 177 -230 296.458 207.516 145
3620.0 905.2879999999999 15 4500.0 -880.0 80 -213 244.91900000000004 156.77300000000002 88
3780.0 945.4629999999994 15 4680.0 -1220.0 111 -204 311.00799999999987 196.239 122
2120.0 671.2009999999998 12 3870.0 -1750.0 159 -179 147.86200000000002 137.371 175
2790.0 767.854 13 3750.0 -960.0 162 -186 201.15099999999995 149.135 152
2330.0 953.0649999999996 15 4140.0 -1810.0 165 -234 248.99299999999997 164.205 181
2540.0 717.3409999999999 14 3420.0 -1040.0 94 -167 217.74499999999995 128.94400000000005 104
3610.0 942.1029999999996 19 4860.0 -1345.0 172 -225 249.92499999999995 214.335 144
3320.0 886.8549999999999 14 5040.0 -1720.0 157 -201 264.694 194.90099999999995 172
1500.0 885.1789999999999 17 3210.0 -1750.0 158 -204 263.53799999999995 141.79799999999997 175
1990.0 708.2709999999997 12 2910.0 -920.0 84 -166 205.954 120.78200000000001 92
960.0 297.1569999999999 4 960.0 0.0 0 -73 73.53899999999999 44.98500000000001 0
3630.0 667.0319999999998 12 3810.0 -180.0 67 -148 223.39999999999995 152.12099999999995 12
2145.0 851.305 14 3570.0 -1425.0 158 -173 298.05999999999995 171.51199999999994 201
3570.0 763.772 14 4410.0 -840.0 76 -164 250.36799999999994 190.36599999999993 84
3040.0 1087.5500000000002 21 4500.0 -1460.0 177 -247 324.111 198.12599999999998 146
2080.0 868.0219999999998 14 3780.0 -1700.0 155 -192 269.32199999999995 163.71899999999997 170
2700.0 906.8839999999994 17 3690.0 -990.0 183 -198 288.72399999999993 166.13099999999997 99
3930.0 1064.7969999999998 20 4710.0 -980.0 180 -230 349.49099999999993 204.40200000000002 98
1810.0 828.3909999999996 15 2670.0 -860.0 78 -191 239.7649999999999 130.32300000000004 86
2810.0 1009.4889999999996 18 3990.0 -1180.0 152 -244 265.267 170.35799999999998 118
3050.0 816.6839999999997 14 3840.0 -1500.0 137 -184 251.06299999999987 162.051 150
1900.0 858.1189999999999 16 3630.0 -1920.0 175 -217 194.64799999999994 153.30099999999996 192
3980.0 755.9790000000002 12 4800.0 -1460.0 133 -167 240.62999999999994 195.337 146
2680.0 941.6749999999997 17 3900.0 -1390.0 168 -205 314.38899999999995 168.90199999999996 139
3250.0 976.2069999999999 18 4140.0 -890.0 81 -238 256.89899999999994 164.20300000000003 89
1140.0 269.40299999999996 4 1140.0 0.0 0 -69 55.58300000000002 50.611 0
900.0 287.9399999999998 5 900.0 0.0 0 -76 60.298999999999985 40.791 0
840.0 755.8469999999999 14 2580.0 -1740.0 159 -171 240.42599999999993 108.99099999999999 174
2180.0 772.1429999999995 15 3810.0 -1685.0 156 -173 241.85199999999998 153.78599999999997 174
2400.0 834.4309999999999 14 3300.0 -1355.0 135 -182 271.513 139.772 181
2105.0 863.6589999999998 15 3210.0 -1105.0 166 -201 248.24799999999993 137.74 179
3920.0 897.0739999999997 18 4680.0 -865.0 172 -204 265.3579999999999 194.85699999999997 97
2130.0 705.7929999999999 13 3030.0 -1195.0 123 -176 169.56999999999996 132.40699999999998 149
1580.0 881.5129999999999 15 3270.0 -1690.0 154 -192 287.75999999999993 153.93199999999996 169
2520.0 1002.2509999999997 19 3900.0 -1380.0 182 -229 303.18399999999997 146.32599999999996 138
1580.0 714.762 12 2280.0 -1270.0 147 -148 273.8069999999999 97.44199999999998 254
1260.0 371.76499999999993 6 1260.0 0.0 0 -91 93.46699999999996 59.77299999999998 0
1770.0 879.7209999999998 16 3480.0 -1910.0 173 -199 279.7259999999999 137.73199999999997 191
4695.0 786.0279999999997 15 5250.0 -555.0 78 -198 193.61399999999998 156.03099999999998 111
2740.0 1086.4759999999999 19 4020.0 -1280.0 160 -239 345.32899999999995 185.64699999999996 128
3650.0 956.57 17 5010.0 -1360.0 176 -210 302.2719999999999 213.34799999999996 136
2770.0 972.9429999999999 20 4530.0 -1880.0 171 -242 248.55399999999992 170.00799999999998 188
2970.0 741.758 14 3840.0 -1110.0 101 -166 223.84199999999998 123.29399999999997 111
840.0 883.2489999999999 18 2640.0 -1800.0 179 -214 243.84199999999996 121.878 180
3010.0 714.1299999999999 13 3930.0 -1010.0 92 -184 153.111 160.52599999999998 101
4725.0 1019.8049999999996 19 5400.0 -755.0 85 -243 260.7339999999999 231.708 143
1780.0 710.0419999999998 13 2640.0 -1260.0 114 -163 219.96599999999998 111.955 126
2900.0 926.8819999999996 16 4740.0 -1840.0 166 -219 248.08799999999994 214.23300000000003 184
1500.0 395.855 6 1500.0 0.0 0 -86 135.962 64.329 0
1550.0 905.2819999999997 16 3360.0 -1810.0 165 -210 258.88999999999993 152.29700000000005 181
1870.0 847.3209999999999 15 3540.0 -1670.0 152 -187 280.82399999999996 146.28299999999993 167
1950.0 851.0979999999997 14 3660.0 -1710.0 156 -196 259.203 151.351 171
3080.0 813.5649999999998 13 3930.0 -850.0 77 -176 259.23999999999995 170.54199999999997 85
1620.0 344.52199999999993 6 1620.0 0.0 0 -81 87.06699999999998 76.229 0
2570.0 985.4359999999999 19 4320.0 -1780.0 161 -232 280.085 176.27499999999998 178
2950.0 886.6689999999999 16 4170.0 -1220.0 154 -210 255.983 165.78899999999996 122
2580.0 981.2999999999998 18 4290.0 -1710.0 156 -227 281.42400000000004 185.59999999999994 171
4070.0 969.2899999999998 16 5280.0 -1360.0 162 -220 302.917 207.991 136
1420.0 854.7539999999998 16 2700.0 -1280.0 163 -190 284.7469999999999 118.58 128
2340.0 954.99 17 3570.0 -1440.0 174 -215 286.912 163.135 144
1880.0 799.3619999999999 14 2790.0 -1370.0 125 -163 304.10699999999997 125.15799999999997 137
2050.0 772.9319999999997 13 3330.0 -1280.0 163 -178 221.777 147.267 128
2495.0 891.6679999999999 15 3870.0 -1375.0 175 -195 275.0909999999999 177.348 135
3125.0 980.793 18 4080.0 -1125.0 174 -240 256.6519999999999 172.037 171
2560.0 960.5919999999994 18 3780.0 -1360.0 166 -218 294.18999999999994 166.13499999999996 136
3105.0 1100.698 21 4470.0 -1365.0 161 -257 316.40799999999996 193.933 120
1600.0 778.3059999999996 13 2520.0 -1430.0 130 -159 295.645 104.21399999999998 143
3030.0 993.5119999999995 17 4500.0 -1470.0 198 -236 274.9529999999999 181.80999999999995 147
2860.0 884.7270000000001 14 3750.0 -890.0 81 -169 354.322 163.96199999999996 89
2700.0 938.953 18 3960.0 -1370.0 170 -205 322.509 163.219 137
2860.0 822.1779999999998 15 3210.0 -520.0 87 -175 298.90599999999995 129.539 52
3300.0 1000.6199999999995 17 4530.0 -1230.0 155 -237 255.40899999999993 190.88699999999997 123
3060.0 815.5139999999997 15 3900.0 -930.0 84 -174 300.77699999999993 150.76199999999994 93
4230.0 962.9529999999999 17 4620.0 -400.0 81 -201 301.43999999999994 223.40699999999998 40
1530.0 821.8439999999998 15 3300.0 -1770.0 161 -185 244.88599999999994 152.689 177
2735.0 882.0459999999998 15 4230.0 -1495.0 165 -210 252.9039999999999 166.37299999999996 207
3170.0 1017.0519999999998 17 4890.0 -1720.0 156 -232 292.007 207.26600000000002 172
3360.0 836.855 15 3720.0 -360.0 75 -162 321.5529999999999 162.86599999999996 36
2580.0 710.3260000000001 12 2940.0 -820.0 117 -159 225.97699999999995 120.18799999999997 82
1970.0 787.6039999999998 15 2880.0 -1110.0 101 -181 235.21399999999997 124.85999999999999 111
2420.0 940.5959999999999 18 3750.0 -1390.0 172 -205 321.05999999999995 150.25699999999998 139
5000.0 1033.089 18 5760.0 -760.0 158 -257 244.22799999999998 236.26799999999997 76
4180.0 1231.8039999999996 19 4980.0 -800.0 166 -271 373.31999999999994 242.70499999999998 80
2770.0 833.4109999999996 15 3690.0 -1690.0 154 -185 262.35999999999996 165.54 169
3250.0 960.445 17 4530.0 -1280.0 160 -219 296.845 186.75099999999998 128
1020.0 339.8319999999999 6 1020.0 0.0 0 -75 115.87099999999998 42.843 0
3860.0 1163.2549999999997 22 5160.0 -1420.0 190 -263 367.12999999999994 218.40699999999998 142
3120.0 836.3469999999998 14 3990.0 -1770.0 161 -173 272.81899999999996 205.77299999999994 177
1890.0 753.7249999999998 13 2730.0 -1340.0 134 -157 278.678 114.39399999999998 184
2660.0 720.6049999999998 14 3480.0 -1140.0 104 -156 223.33899999999997 156.59199999999998 114
1950.0 407.2669999999999 7 1950.0 0.0 0 -88 127.43700000000001 91.53500000000001 0
3485.0 872.9399999999996 15 4170.0 -1565.0 159 -204 240.73500000000004 176.71399999999994 225
3130.0 997.9109999999998 21 4230.0 -1100.0 163 -248 258.2929999999999 174.27799999999996 181
2910.0 865.5939999999999 16 4170.0 -1450.0 166 -197 274.688 167.02899999999997 130
3310.0 838.8169999999999 15 4230.0 -1385.0 138 -188 258.5880000000001 179.54899999999998 185
3715.0 1099.2639999999994 23 5070.0 -1605.0 180 -269 259.5439999999999 235.06199999999998 145
2570.0 950.0629999999996 15 4290.0 -1720.0 157 -210 299.2079999999999 186.53699999999998 172
3870.0 1149.0629999999999 18 4890.0 -1020.0 200 -255 350.253 225.90799999999996 92
1480.0 695.8659999999999 13 2400.0 -1020.0 93 -149 244.944 96.15500000000002 102
3220.0 892.2169999999999 16 3780.0 -1060.0 149 -196 278.54099999999994 169.807 212
2500.0 978.5969999999999 19 4260.0 -1825.0 169 -228 279.308 187.632 189
1840.0 817.719 15 3600.0 -1760.0 160 -195 237.79299999999995 138.772 176
2755.0 911.3949999999999 18 3480.0 -885.0 117 -195 287.0089999999999 160.213 161
2300.0 814.6179999999996 15 3210.0 -910.0 83 -196 220.7129999999999 119.05299999999998 91
2570.0 869.8489999999999 16 4260.0 -1850.0 168 -211 221.6529999999999 149.884 185
1990.0 751.6039999999998 12 3480.0 -1490.0 164 -181 195.15499999999997 156.95399999999995 206
3270.0 893.0969999999996 15 4140.0 -1620.0 147 -190 325.4309999999999 163.618 162
2550.0 857.0329999999998 14 3450.0 -1300.0 118 -191 253.07 170.152 130
3910.0 806.8759999999997 14 4770.0 -1400.0 141 -172 250.70699999999994 202.63500000000002 194
3650.0 958.3359999999998 16 4920.0 -1270.0 161 -219 287.53700000000003 212.69200000000006 127
2465.0 825.0669999999999 17 3930.0 -1510.0 168 -195 243.56099999999992 160.13299999999998 213
2540.0 799.5649999999997 13 3420.0 -1050.0 95 -172 268.5779999999999 144.69 105
2240.0 844.4579999999999 15 3810.0 -1570.0 178 -195 269.31899999999985 148.564 217
1555.0 742.0839999999997 13 3210.0 -1655.0 150 -172 215.12900000000002 136.385 247
1320.0 338.36699999999985 5 1320.0 0.0 0 -70 115.12900000000002 60.89399999999999 0
3920.0 950.5909999999999 15 4320.0 -400.0 83 -201 336.7579999999999 178.97099999999998 40
2530.0 983.0299999999997 19 3780.0 -1400.0 173 -245 277.03499999999997 130.47599999999997 140
3850.0 963.0699999999998 16 5130.0 -1350.0 168 -223 246.91199999999995 191.51799999999997 135
2620.0 1022.7859999999995 19 4590.0 -1970.0 179 -227 323.32499999999993 203.66600000000003 197
2630.0 862.9589999999996 17 3540.0 -1780.0 162 -201 246.781 152.191 178
2540.0 913.3289999999997 14 4140.0 -1600.0 146 -217 242.34299999999996 177.78899999999987 160
1720.0 718.7029999999999 13 2580.0 -860.0 78 -156 255.792 109.62099999999998 86
1855.0 827.6779999999999 16 3300.0 -1445.0 160 -200 217.32799999999997 141.79499999999996 202
4370.0 1061.9690000000003 20 5280.0 -1260.0 115 -232 358.97299999999996 216.38699999999992 126
3340.0 1001.5229999999996 19 4560.0 -1300.0 162 -222 316.7549999999999 195.31999999999996 130
1330.0 769.8739999999998 14 3090.0 -1760.0 160 -169 252.58999999999992 133.21299999999997 176
3650.0 1119.0469999999998 20 4890.0 -1430.0 172 -255 336.854 216.46399999999997 143
2780.0 806.8559999999995 14 3690.0 -910.0 83 -200 208.77199999999993 142.929 91
3830.0 803.4459999999998 15 4740.0 -1100.0 100 -187 252.04100000000003 156.51099999999994 110
2990.0 853.6629999999996 14 3540.0 -1310.0 146 -183 291.67999999999995 153.328 186
2720.0 1016.83 19 3990.0 -1530.0 173 -238 301.33899999999994 163.06699999999995 138
2640.0 700.4509999999998 14 3450.0 -810.0 74 -160 197.98399999999998 150.941 81
2980.0 981.0829999999995 17 4320.0 -1340.0 168 -206 331.001 203.87999999999994 134
2280.0 880.2149999999997 15 4080.0 -1840.0 167 -201 270.99199999999996 163.971 184
1390.0 893.6599999999997 15 3180.0 -1790.0 163 -204 278.882 137.344 179
3000.0 981.8219999999998 17 4710.0 -1800.0 164 -221 294.381 207.87399999999997 180
3940.0 849.7039999999998 15 4500.0 -560.0 79 -191 261.57099999999997 194.08200000000002 112
2120.0 777.9229999999995 12 3000.0 -880.0 80 -166 271.6859999999999 133.812 88
930.0 279.69499999999994 4 930.0 0.0 0 -65 90.63499999999998 36.154 0
2620.0 942.4879999999996 17 3810.0 -1230.0 157 -222 271.915 165.694 123
2520.0 946.4029999999996 18 3750.0 -1330.0 174 -209 297.38599999999997 171.507 133
3150.0 918.0929999999996 16 4860.0 -1740.0 158 -219 238.96399999999997 209.58799999999997 174
2460.0 796.3839999999998 14 4230.0 -1770.0 161 -177 234.36599999999993 188.72699999999998 177
1570.0 780.0989999999997 13 2820.0 -1250.0 158 -182 227.85599999999997 121.344 125
1330.0 761.8459999999998 13 3090.0 -1760.0 160 -168 246.52399999999997 133.39799999999997 176
3795.0 831.0659999999998 14 4860.0 -1065.0 162 -197 267.596 159.962 151
3670.0 935.597 17 4740.0 -1170.0 178 -229 249.7789999999999 178.874 187
3260.0 951.4180000000001 16 4200.0 -940.0 195 -217 283.44299999999987 180.076 94
3220.0 866.0919999999996 14 4140.0 -1680.0 153 -183 286.3149999999999 178.604 168
2850.0 882.4339999999997 17 3720.0 -1110.0 101 -201 245.48599999999996 181.933 111
2685.0 932.4559999999998 17 4140.0 -1455.0 149 -221 259.508 179.68699999999995 213
2990.0 1130.4349999999995 20 3840.0 -1130.0 183 -250 359.0909999999999 185.35599999999994 98
3100.0 763.2759999999998 14 4020.0 -1050.0 111 -180 202.36999999999992 175.003 105
3580.0 1154.5949999999996 22 5310.0 -2020.0 183 -269 317.341 250.55299999999994 202
1640.0 929.8829999999997 17 3390.0 -1850.0 179 -209 297.9659999999999 140.844 185
3380.0 812.0009999999997 16 3780.0 -920.0 156 -188 236.34499999999994 161.00299999999996 144
2650.0 839.2939999999995 16 3930.0 -1450.0 178 -190 234.71200000000005 182.16499999999996 145
2060.0 956.0609999999997 14 3660.0 -1600.0 172 -223 275.84099999999995 158.37300000000002 214
3010.0 839.3159999999998 13 3930.0 -1350.0 123 -183 286.5209999999999 153.76599999999996 135
1930.0 940.0850000000002 17 3690.0 -1810.0 167 -208 300.8139999999999 166.295 186
3800.0 904.0279999999995 16 4860.0 -1270.0 176 -197 288.64399999999983 211.58899999999994 196
1230.0 374.7199999999999 6 1230.0 0.0 0 -85 117.96099999999993 58.297 0
2560.0 932.0709999999998 16 3870.0 -1310.0 165 -217 274.4049999999999 155.232 131
2880.0 891.7519999999998 16 4620.0 -1760.0 159 -203 272.87299999999993 191.59099999999995 176
2070.0 492.36899999999997 7 2070.0 0.0 0 -93 191.33399999999997 98.29799999999997 0
2375.0 946.4720000000001 18 3780.0 -1405.0 183 -227 269.89 151.568 135
1050.0 354.64099999999996 7 1050.0 0.0 0 -95 64.00399999999999 52.937 0
1880.0 818.9499999999998 14 2790.0 -1270.0 115 -167 309.9389999999999 123.00699999999999 127
3090.0 992.856 16 4350.0 -1260.0 161 -237 269.972 190.473 126
2090.0 814.6609999999996 14 3780.0 -1980.0 180 -197 190.108 175.96700000000004 198
3280.0 877.1299999999999 16 3630.0 -350.0 72 -205 245.62099999999998 162.21099999999998 35
1610.0 981.9549999999997 18 3330.0 -1720.0 156 -234 264.925 155.28499999999997 172
2290.0 755.414 13 3180.0 -890.0 81 -171 225.12799999999987 137.627 89
1760.0 885.51 14 3030.0 -1270.0 159 -205 263.52799999999996 126.63900000000001 127
1570.0 665.7499999999998 12 2460.0 -1700.0 155 -153 208.09699999999998 101.00399999999999 170
1690.0 959.8759999999997 16 3480.0 -1930.0 175 -215 291.334 161.3 193
1740.0 406.89199999999994 6 1740.0 0.0 0 -89 136.248 72.713 0
4260.0 1243.3949999999998 23 5010.0 -750.0 156 -292 373.5489999999998 197.22999999999996 75
2080.0 804.5409999999997 14 3330.0 -1250.0 157 -176 275.14199999999994 131.69999999999996 125
1840.0 725.7739999999999 12 2700.0 -860.0 78 -165 231.253 113.04899999999998 86
3070.0 856.228 16 3990.0 -920.0 84 -194 260.92999999999995 177.16299999999995 92
2550.0 848.1369999999997 15 3360.0 -1270.0 116 -177 291.03299999999996 161.37799999999993 127
2750.0 917.3239999999998 15 4470.0 -1810.0 165 -219 248.70600000000002 181.75799999999995 181
2170.0 1033.4089999999994 20 3750.0 -1580.0 190 -239 297.26899999999995 163.605 158
2260.0 923.1309999999997 17 3570.0 -1370.0 171 -213 284.3569999999999 140.88199999999995 137
1450.0 771.4219999999997 12 2730.0 -1280.0 160 -162 271.92399999999986 121.11699999999996 128
1020.0 390.2289999999999 7 1020.0 0.0 0 -77 152.43599999999998 47.600999999999985 0
3540.0 973.4599999999997 18 4320.0 -850.0 171 -214 309.9559999999999 190.23 92
3100.0 990.4189999999998 18 4560.0 -1550.0 171 -222 280.07599999999996 218.35099999999994 215
3090.0 804.8089999999996 14 3990.0 -900.0 82 -175 267.55100000000004 161.19400000000005 90
3025.0 951.5419999999997 17 4410.0 -1425.0 166 -219 280.655 185.409 126
4480.0 1071.092 21 5790.0 -1440.0 176 -240 330.123 248.26799999999994 144
3440.0 1055.6589999999999 20 4680.0 -1540.0 180 -255 278.02699999999993 194.34899999999996 154
3320.0 837.6829999999998 15 4680.0 -1550.0 175 -205 224.898 181.32 140
2300.0 862.1500000000002 15 3210.0 -1160.0 105 -176 316.1429999999999 142.826 116
3660.0 954.4540000000001 18 4530.0 -1630.0 148 -207 319.269 196.16299999999998 163
3490.0 1074.1009999999997 18 5190.0 -1700.0 154 -250 316.70399999999995 214.72899999999998 170
2370.0 896.7859999999994 16 3570.0 -1260.0 168 -215 242.81899999999993 149.70800000000003 126
2740.0 972.3389999999996 19 3960.0 -1330.0 164 -223 291.90799999999996 169.72599999999994 133
2600.0 641.1429999999999 11 3480.0 -930.0 90 -137 238.81399999999996 125.16899999999998 93
4480.0 1178.1309999999996 21 5700.0 -1360.0 182 -259 370.4579999999999 248.418 136
2110.0 1071.2809999999995 22 3900.0 -1790.0 172 -265 282.50699999999995 160.35000000000002 179
3710.0 1095.1599999999996 19 4920.0 -1290.0 163 -248 343.948 195.04500000000002 129
4410.0 803.3919999999997 15 5250.0 -1490.0 135 -171 281.7099999999999 203.76499999999996 149
4350.0 1147.9209999999996 19 5670.0 -1320.0 175 -271 301.3829999999999 243.90400000000002 132
1790.0 474.887 8 2490.0 -750.0 88 -103 172.914 83.99799999999999 150
1555.0 776.4449999999997 15 3090.0 -1535.0 156 -183 218.66399999999993 130.76099999999997 221
2560.0 836.387 15 3120.0 -560.0 79 -189 270.8419999999999 141.42900000000006 112
1050.0 298.3829999999999 4 1050.0 0.0 0 -65 97.77599999999995 47.338 0
2960.0 910.3169999999997 17 4230.0 -1270.0 158 -214 257.38499999999993 177.32599999999994 127
2300.0 808.8689999999999 15 3210.0 -1720.0 157 -173 271.7009999999999 144.20199999999994 172
1600.0 871.4530000000001 16 3330.0 -1735.0 157 -182 302.01 149.24499999999998 174
3830.0 936.2189999999997 16 5220.0 -1390.0 172 -220 236.355 230.35099999999997 139
2070.0 785.1730000000001 13 2880.0 -1090.0 132 -163 283.72799999999995 127.95499999999998 109
1530.0 894.0749999999996 16 3270.0 -1920.0 175 -211 253.59099999999995 147.39699999999996 192
1260.0 941.3689999999996 18 2970.0 -1730.0 160 -211 310.42999999999995 126.41999999999997 173
2670.0 793.7459999999999 14 3480.0 -810.0 74 -178 243.38099999999994 151.02499999999998 81
2500.0 813.7419999999998 16 3360.0 -1760.0 160 -196 248.4329999999999 129.337 176
2530.0 978.0789999999997 19 4260.0 -1830.0 172 -237 258.8279999999999 180.55599999999995 193
2840.0 638.2789999999999 10 3240.0 -400.0 83 -154 171.73499999999999 135.71399999999997 40
2850.0 720.5840000000002 12 3390.0 -940.0 132 -166 227.90399999999997 131.118 188
2230.0 1003.1809999999998 18 3780.0 -1250.0 160 -216 345.4319999999999 168.986 125
3510.0 1062.9759999999997 18 4770.0 -1330.0 163 -242 320.44499999999994 205.11100000000002 133
3320.0 802.6149999999999 15 4170.0 -1660.0 151 -157 312.20399999999995 178.23199999999997 166
2210.0 839.9179999999998 15 3450.0 -1450.0 176 -199 228.106 159.034 145
2040.0 850.0369999999995 16 3330.0 -1290.0 161 -209 233.40299999999996 130.179 129
2640.0 850.7139999999999 14 3570.0 -1070.0 97 -173 301.087 167.55599999999998 107
2410.0 869.0499999999993 16 2820.0 -410.0 85 -196 265.71499999999986 127.094 41
4120.0 793.5209999999997 13 4530.0 -410.0 85 -171 275.90799999999996 169.152 41
2810.0 768.4429999999998 14 3720.0 -1040.0 94 -160 268.6509999999999 161.55899999999997 104
2390.0 795.3559999999998 13 3240.0 -1650.0 150 -178 246.67299999999983 145.32100000000003 165
2245.0 830.5109999999996 13 3630.0 -1385.0 152 -186 264.94999999999993 152.30299999999994 192
2430.0 758.5869999999996 13 3300.0 -870.0 79 -186 191.94499999999996 136.917 87
2560.0 820.5039999999997 13 3750.0 -1200.0 149 -167 271.26199999999994 193.81499999999997 121
2430.0 974.6449999999998 17 4350.0 -1920.0 174 -227 270.08399999999995 199.16100000000003 192
3350.0 1065.347 23 5160.0 -1850.0 168 -265 286.33 195.18099999999993 185
1800.0 918.2069999999997 17 3030.0 -1490.0 179 -194 327.79899999999986 143.23499999999999 149
3420.0 753.9529999999999 14 3990.0 -1215.0 155 -183 223.41599999999994 139.87399999999997 243
2570.0 810.6179999999998 13 3420.0 -850.0 77 -171 257.034 166.20399999999992 170
2425.0 804.2429999999999 15 3420.0 -995.0 161 -184 260.2389999999999 126.05699999999997 155
2820.0 856.2769999999998 13 4410.0 -1590.0 162 -192 271.01 171.809 230
2470.0 1026.1439999999998 20 3690.0 -1480.0 181 -242 279.33799999999997 170.19999999999996 148
5050.0 882.6270000000001 16 5430.0 -470.0 91 -194 294.31899999999996 205.0889999999999 56
4890.0 828.9129999999996 16 5730.0 -1230.0 131 -196 263.751 198.011 162
2280.0 972.9849999999998 19 3570.0 -1290.0 161 -235 254.564 163.737 129
3630.0 898.9309999999998 17 4350.0 -950.0 105 -218 234.55699999999996 181.87199999999996 167
2300.0 913.8289999999994 17 3990.0 -1730.0 156 -213 267.5199999999999 166.27399999999997 173
1170.0 338.8259999999999 6 1170.0 0.0 0 -82 92.19600000000001 53.907999999999994 0
790.0 545.7839999999999 10 1710.0 -1050.0 95 -123 167.61299999999994 79.28800000000004 105
2880.0 1038.1149999999998 18 4470.0 -1590.0 183 -239 315.8869999999999 185.43599999999998 142
2410.0 907.0219999999998 15 3390.0 -1075.0 177 -194 293.63899999999984 163.66599999999997 177
1550.0 862.6899999999998 15 2850.0 -1300.0 163 -190 266.788 133.95 130
5410.0 1048.9800000000002 18 5790.0 -1100.0 144 -227 321.04100000000005 257.15399999999994 110
1640.0 839.7979999999995 14 2820.0 -1180.0 152 -192 241.34699999999992 135.37199999999996 118
2780.0 838.0509999999997 15 4500.0 -1720.0 157 -195 227.767 194.56500000000003 172
2270.0 826.9419999999998 14 3540.0 -1270.0 158 -187 252.5579999999999 141.2 127
3030.0 1143.328 20 4290.0 -1260.0 160 -259 330.613 206.951 126
2335.0 624.2579999999999 12 2910.0 -575.0 81 -130 213.4569999999999 138.329 115
2080.0 961.4559999999996 18 3840.0 -1760.0 160 -226 254.61899999999997 189.89699999999996 176
2120.0 805.3319999999998 14 3030.0 -925.0 85 -182 248.69099999999992 133.07999999999998 94
1080.0 869.2429999999999 16 2820.0 -1790.0 162 -192 296.47 123.316 179
2600.0 923.1809999999997 18 3900.0 -1400.0 173 -213 285.484 149.04799999999997 140
2240.0 794.7289999999999 15 2790.0 -1135.0 130 -172 271.8499999999999 111.95699999999998 227
1860.0 839.1269999999998 17 2760.0 -1110.0 101 -194 268.488 109.073 111
2690.0 913.3109999999999 16 3930.0 -1260.0 160 -208 275.01499999999993 173.89899999999997 128
2620.0 750.9169999999997 13 3000.0 -380.0 79 -170 244.26499999999987 115.56299999999999 38
3060.0 1050.312 18 4320.0 -1320.0 162 -242 315.42199999999997 152.96999999999997 132
1990.0 809.6359999999994 15 3660.0 -1670.0 152 -178 258.3839999999999 169.73499999999999 167
1770.0 776.7569999999996 13 3480.0 -1960.0 177 -162 261.609 165.719 196
1935.0 637.3849999999999 11 2670.0 -1005.0 109 -128 235.52399999999994 120.52000000000001 174
1840.0 715.316 12 2700.0 -860.0 78 -162 219.283 121.00300000000001 86
2270.0 709.289 12 3150.0 -880.0 80 -161 212.00599999999994 138.98399999999995 88
1560.0 806.0989999999998 15 3300.0 -1740.0 158 -193 230.90999999999997 103.385 174
1110.0 341.8759999999999 6 1110.0 0.0 0 -76 109.618 54.74399999999999 0
1440.0 346.8789999999999 5 1440.0 0.0 0 -89 70.06999999999998 68.27199999999999 0
1830.0 834.3780000000002 16 3540.0 -1725.0 157 -202 223.86999999999995 135.84900000000002 174
3720.0 969.696 19 5280.0 -1560.0 182 -245 248.21799999999988 200.99099999999999 204
3495.0 900.5469999999998 17 3960.0 -815.0 109 -203 309.8919999999999 152.86999999999998 66
3600.0 939.5569999999998 17 4350.0 -750.0 156 -222 275.07699999999994 182.531 75
2490.0 766.9569999999998 15 3330.0 -840.0 76 -187 203.435 137.67799999999994 84
4000.0 973.884 17 5280.0 -1520.0 184 -239 251.40699999999998 223.49299999999994 152
2890.0 969.8919999999997 16 3810.0 -920.0 154 -216 314.22699999999975 162.15499999999997 148
3020.0 1048.5459999999996 18 4440.0 -1420.0 174 -242 285.92799999999994 209.75099999999995 142
1910.0 881.0930000000001 15 3180.0 -1290.0 161 -188 301.36299999999994 140.81099999999998 129
3260.0 844.5069999999998 16 4560.0 -1345.0 170 -196 258.26199999999994 177.25199999999998 139
3340.0 1027.0559999999998 16 4740.0 -1400.0 178 -217 328.855 225.39999999999998 125
1690.0 643.7129999999997 11 2610.0 -920.0 84 -136 217.75099999999995 122.27799999999998 92
3680.0 900.0389999999998 17 4050.0 -890.0 150 -205 268.143 178.1239999999999 141
3030.0 1068.022 21 4740.0 -1710.0 155 -239 312.739 213.78799999999998 171
2080.0 1000.3329999999996 18 3810.0 -1940.0 177 -227 285.48099999999994 188.15899999999993 194
3210.0 1108.3109999999995 19 4410.0 -1250.0 153 -259 298.6169999999999 208.58900000000003 125
3440.0 966.6809999999998 19 4740.0 -1325.0 166 -236 257.715 186.461 135
3080.0 779.165 14 3960.0 -1770.0 161 -170 255.93699999999993 160.25699999999998 177
1730.0 806.0590000000001 14 3540.0 -1810.0 165 -182 259.623 139.34199999999998 181
3710.0 932.242 17 4470.0 -860.0 167 -197 306.67900000000003 208.21999999999994 86
3150.0 797.0219999999998 13 4020.0 -870.0 79 -188 250.20099999999996 145.74599999999995 87
1790.0 910.2779999999997 17 3030.0 -1250.0 159 -190 337.4319999999999 134.13899999999998 125
1940.0 658.9369999999998 12 2340.0 -470.0 89 -138 235.7189999999999 102.50400000000002 54
1530.0 282.8979999999999 4 1530.0 0.0 0 -65 91.37199999999999 54.945999999999984 0
3000.0 937.8179999999998 19 4200.0 -1200.0 154 -214 281.58099999999996 176.224 120
3275.0 965.1379999999997 17 4170.0 -895.0 165 -208 295.213 206.55899999999997 73
