780.0 124.16299999999998 10 780.0 0.0 0 -34 33.01199999999999 31.474999999999994 0
1050.0 180.74999999999994 10 1050.0 0.0 0 -36 69.25399999999999 49.53099999999998 0
-450.0 165.49599999999995 12 1230.0 -1680.0 83 -48 50.915 38.657 336
-135.0 184.3809999999999 11 1110.0 -1245.0 83 -48 56.93899999999998 34.635 249
1050.0 139.437 12 1050.0 -1285.0 32 -40 43.709999999999994 26.367 257
1290.0 191.2860000000001 15 1290.0 -1145.0 76 -42 68.04799999999997 54.948 229
1350.0 321.991 18 1980.0 -630.0 84 -68 119.38000000000002 85.03999999999996 126
1020.0 162.69599999999997 14 1020.0 0.0 0 -42 62.135000000000005 34.17100000000001 0
930.0 140.76999999999992 12 930.0 -1005.0 50 -33 44.224999999999994 40.053999999999995 201
750.0 237.715 15 1380.0 -630.0 84 -56 79.06 59.06799999999999 126
1110.0 132.46999999999997 12 1110.0 -880.0 73 -41 37.30099999999999 33.943999999999996 176
835.0 221.72600000000003 16 1470.0 -635.0 84 -52 73.05200000000002 60.711999999999996 127
2280.0 286.6489999999999 19 2520.0 -240.0 80 -81 77.324 73.73099999999997 16
-125.0 163.62199999999993 12 870.0 -995.0 82 -42 47.19099999999999 35.297999999999995 199
1110.0 248.42299999999992 18 1740.0 -630.0 84 -62 75.08399999999997 64.53000000000002 126
1170.0 139.439 12 1170.0 0.0 0 -38 42.75899999999999 34.129999999999995 0
750.0 133.77699999999993 10 750.0 0.0 0 -34 43.624999999999986 28.441999999999993 0
195.0 163.37199999999999 16 1200.0 -1005.0 83 -43 54.544 42.45799999999999 201
840.0 143.88799999999998 12 840.0 0.0 0 -36 46.43299999999999 31.686999999999994 0
300.0 171.72299999999996 11 1320.0 -1020.0 85 -45 56.132999999999996 39.02699999999999 204
715.0 232.72599999999994 18 1350.0 -635.0 84 -57 83.05999999999997 46.964 127
1530.0 327.34799999999996 24 1770.0 -240.0 80 -77 120.42499999999998 69.78200000000001 16
780.0 170.85100000000003 14 780.0 -1415.0 70 -41 67.38199999999999 26.678 283
385.0 133.44899999999996 9 1020.0 -635.0 84 -40 36.836999999999996 29.72799999999999 127
990.0 141.00799999999995 12 990.0 0.0 0 -34 48.28899999999999 42.04799999999999 0
870.0 150.82099999999997 15 870.0 0.0 0 -38 49.39599999999999 32.562999999999995 0
750.0 159.29499999999996 11 750.0 0.0 0 -40 53.937 32.236000000000004 0
530.0 206.53999999999996 16 1560.0 -1030.0 85 -58 67.30299999999998 48.684999999999995 206
385.0 144.07799999999997 9 1020.0 -635.0 84 -38 47.804 38.32299999999999 127
1290.0 155.8199999999999 10 1290.0 -2135.0 53 -43 44.068999999999996 38.15199999999999 427
-570.0 143.245 9 1110.0 -1680.0 83 -41 45.67100000000001 32.046 336
2010.0 247.65199999999993 15 2250.0 -240.0 80 -66 79.21800000000002 70.21799999999999 16
840.0 129.48499999999996 8 840.0 0.0 0 -34 41.98599999999998 28.017999999999997 0
930.0 154.033 12 930.0 0.0 0 -39 57.30099999999999 31.336999999999993 0
1020.0 207.9909999999999 12 1020.0 0.0 0 -47 58.212999999999994 43.12199999999998 0
310.0 174.85799999999998 11 1290.0 -980.0 81 -43 52.663 55.46699999999999 196
-210.0 146.602 11 1050.0 -1260.0 84 -42 49.26099999999999 34.532000000000004 252
810.0 131.02199999999996 11 810.0 0.0 0 -35 42.262 29.767999999999997 0
900.0 114.81599999999997 11 900.0 -1710.0 42 -36 24.575000000000003 22.412 342
895.0 229.48399999999995 18 1530.0 -665.0 86 -54 85.826 60.05099999999999 133
1560.0 240.3019999999999 16 1800.0 -240.0 80 -65 61.536999999999985 59.19 16
1110.0 153.222 10 1110.0 0.0 0 -34 47.77499999999999 46.51399999999999 0
1110.0 194.414 14 1110.0 -445.0 37 -40 78.58599999999998 51.87799999999999 89
930.0 145.30799999999996 13 930.0 -880.0 21 -39 44.13 28.325999999999997 176
1050.0 162.49699999999993 12 1050.0 -1510.0 37 -42 53.538999999999994 36.885999999999996 302
900.0 134.74099999999999 11 900.0 -495.0 32 -34 42.19799999999999 36.193999999999996 99
-230.0 161.10399999999996 10 750.0 -980.0 81 -40 59.880999999999986 27.043999999999997 196
-120.0 161.28699999999995 11 1140.0 -1260.0 84 -44 51.73899999999999 40.35399999999999 252
630.0 141.76699999999994 11 630.0 -1980.0 49 -35 44.15799999999999 34.217999999999996 396
-255.0 146.05199999999994 12 1020.0 -1275.0 85 -39 55.99699999999997 27.817999999999998 255
1110.0 147.80499999999995 9 1110.0 0.0 0 -38 40.50899999999998 25.885999999999992 0
780.0 142.16599999999994 11 780.0 -1975.0 49 -39 41.45400000000001 26.823 395
1110.0 146.36299999999991 9 1110.0 -1010.0 67 -37 44.45299999999999 27.683999999999994 202
1530.0 184.75999999999993 14 1530.0 -1095.0 73 -44 66.03999999999999 59.11399999999999 219
1230.0 158.044 12 1230.0 0.0 0 -44 45.018999999999984 37.46099999999999 0
930.0 143.91399999999996 10 930.0 0.0 0 -37 44.764999999999986 28.556000000000004 0
105.0 221.29899999999984 15 1380.0 -1275.0 85 -51 73.16900000000001 55.995000000000005 255
1050.0 158.81799999999998 11 1050.0 0.0 0 -38 63.27100000000001 31.046 0
1995.0 272.024 14 2220.0 -225.0 75 -59 84.929 100.05900000000003 15
630.0 123.76899999999999 11 630.0 0.0 0 -34 40.00699999999999 20.313 0
1590.0 283.89500000000004 20 1830.0 -240.0 80 -72 82.38099999999999 76.28799999999998 16
1560.0 152.69799999999998 10 1560.0 -695.0 17 -35 53.255000000000024 51.815999999999974 139
-150.0 170.10900000000004 13 1110.0 -1260.0 84 -46 51.84499999999999 40.873 252
1050.0 141.5 10 1050.0 0.0 0 -36 38.55399999999999 36.51699999999999 0
1590.0 287.10699999999997 18 1830.0 -240.0 80 -65 96.76400000000002 75.88599999999997 16
810.0 135.77199999999996 10 810.0 0.0 0 -34 43.24299999999998 26.153 0
840.0 132.08899999999994 10 840.0 -1355.0 67 -35 35.86299999999999 19.840999999999994 271
-375.0 169.02300000000002 13 900.0 -1275.0 85 -45 61.877999999999986 32.843 255
1350.0 177.54299999999995 13 1350.0 -1480.0 37 -39 54.15999999999999 53.310999999999986 296
1470.0 298.84200000000004 15 2100.0 -630.0 84 -62 124.24400000000003 83.515 126
990.0 152.30499999999998 9 990.0 0.0 0 -35 49.481999999999985 48.06099999999999 0
1110.0 126.10199999999999 10 1110.0 -1335.0 33 -36 31.156999999999996 19.842 267
1050.0 169.23199999999994 11 1050.0 -940.0 78 -38 62.357 48.85399999999999 188
355.0 222.41899999999993 17 1350.0 -995.0 82 -54 76.777 54.471 199
1020.0 148.80599999999998 9 1020.0 0.0 0 -35 41.2 31.734999999999996 0
960.0 148.59100000000004 11 960.0 0.0 0 -36 50.054000000000016 38.956999999999994 0
505.0 236.90599999999995 14 1500.0 -995.0 82 -51 91.96299999999998 67.20499999999998 199
1285.0 284.05100000000004 13 2280.0 -995.0 82 -68 85.649 68.70299999999997 199
1320.0 142.15999999999997 9 1320.0 -1740.0 43 -37 42.19399999999999 43.300000000000004 348
750.0 140.14299999999994 13 750.0 -1500.0 75 -36 48.62399999999999 31.965000000000003 300
195.0 169.455 13 1200.0 -1005.0 83 -42 59.013999999999996 47.087 201
720.0 126.84699999999998 9 720.0 0.0 0 -34 39.129999999999995 28.464999999999993 0
-5.0 189.81799999999998 12 990.0 -995.0 82 -46 59.11399999999998 44.248 199
1005.0 270.5210000000001 14 2010.0 -1005.0 83 -63 96.97400000000002 76.37 201
1200.0 140.11199999999997 13 1200.0 -570.0 38 -40 38.16199999999999 27.526999999999994 114
690.0 164.69799999999998 12 1320.0 -630.0 84 -48 49.49199999999998 36.346 126
1050.0 136.36 14 1050.0 -435.0 10 -34 44.974 28.826999999999998 87
1110.0 133.15400000000005 7 1110.0 -2000.0 50 -30 41.642000000000024 41.373999999999995 400
375.0 184.85199999999995 14 1380.0 -1005.0 83 -52 46.144999999999996 40.19499999999999 201
930.0 145.75899999999996 12 930.0 0.0 0 -34 54.05199999999998 41.47099999999998 0
1140.0 144.01099999999997 11 1140.0 -745.0 49 -37 52.277 40.778 149
805.0 229.58 15 1440.0 -635.0 84 -53 85.642 59.81399999999999 127
1590.0 223.80899999999997 12 1590.0 -1170.0 78 -43 96.64 66.10799999999999 234
720.0 130.25499999999997 13 720.0 0.0 0 -34 40.69199999999999 28.617 0
195.0 195.254 16 1440.0 -1255.0 83 -54 49.82299999999999 48.654999999999994 251
55.0 172.781 14 1050.0 -995.0 82 -43 61.328 37.842999999999996 199
1380.0 279.544 17 2010.0 -630.0 84 -68 93.52000000000001 72.676 126
870.0 169.41499999999996 14 870.0 -1560.0 78 -38 68.57499999999999 38.58299999999999 312
900.0 146.43499999999997 10 900.0 0.0 0 -38 52.85199999999999 33.263 0
1650.0 198.07599999999996 7 1650.0 -1675.0 41 -41 75.65200000000002 64.42899999999996 335
-500.0 165.07299999999998 14 1200.0 -1700.0 85 -43 55.071 35.906 340
1200.0 153.74 12 1200.0 -1500.0 37 -39 53.89099999999999 35.594 300
750.0 152.53 14 750.0 0.0 0 -41 50.11399999999998 23.534 0
90.0 250.80600000000007 14 1350.0 -1260.0 84 -58 85.35499999999999 59.31899999999999 252
285.0 266.8599999999999 19 1290.0 -1005.0 83 -64 95.06099999999999 50.475 201
685.0 201.33100000000002 14 1680.0 -995.0 82 -53 65.122 55.74599999999999 199
405.0 191.72399999999996 14 1680.0 -1275.0 85 -47 47.28799999999998 56.78900000000002 255
780.0 133.445 11 780.0 -980.0 81 -35 48.296 30.198999999999998 196
1170.0 133.50799999999995 10 1170.0 0.0 0 -36 39.34399999999999 44.035999999999994 0
1080.0 130.23999999999992 11 1080.0 0.0 0 -34 40.67999999999999 29.769 0
720.0 144.641 12 720.0 -1900.0 47 -35 59.937999999999995 27.501999999999995 380
840.0 139.43199999999996 12 840.0 -1005.0 67 -36 47.419999999999995 36.632999999999996 201
1050.0 145.13699999999997 10 1050.0 0.0 0 -39 44.57399999999999 37.655999999999985 0
3495.0 476.48999999999984 22 3720.0 -225.0 75 -112 146.997 139.771 15
2430.0 342.94999999999993 23 2670.0 -240.0 80 -87 117.24600000000004 89.567 16
835.0 218.16600000000005 18 1470.0 -635.0 84 -58 73.87700000000001 40.477000000000004 127
900.0 109.95099999999996 7 900.0 -2220.0 55 -35 27.243999999999996 24.609999999999992 444
720.0 140.33999999999997 8 720.0 0.0 0 -36 35.083 33.26 0
1620.0 252.90600000000003 17 1860.0 -240.0 80 -64 87.11500000000001 66.01799999999997 16
-95.0 184.22999999999996 14 900.0 -1015.0 83 -47 66.65799999999996 32.057 203
-35.0 168.75299999999996 14 960.0 -995.0 82 -39 56.19899999999999 38.751999999999995 199
810.0 124.21499999999997 11 810.0 -1610.0 40 -34 23.380999999999997 25.057999999999996 322
375.0 197.37899999999996 13 1650.0 -1275.0 85 -50 75.67499999999998 48.85599999999999 255
325.0 225.501 16 1320.0 -1010.0 83 -61 71.03899999999999 41.11299999999999 202
900.0 151.01799999999994 11 900.0 0.0 0 -36 41.699 40.21599999999999 0
1020.0 158.763 11 1020.0 0.0 0 -34 55.57300000000003 47.034999999999975 0
1170.0 130.53699999999998 8 1170.0 -1355.0 33 -35 38.194 38.091999999999985 271
1200.0 162.94199999999998 11 1200.0 0.0 0 -39 59.589 47.21399999999998 0
-400.0 145.38299999999998 7 1260.0 -1660.0 83 -37 36.44099999999999 50.008999999999986 332
140.0 213.77699999999996 14 1800.0 -1660.0 83 -64 49.35899999999999 58.070000000000014 332
1440.0 251.17700000000002 12 2070.0 -630.0 84 -54 88.256 92.57699999999997 126
390.0 141.84099999999998 12 1020.0 -645.0 85 -36 52.699999999999996 35.831 129
1080.0 143.29899999999995 10 1080.0 0.0 0 -37 49.08699999999999 31.880000000000003 0
355.0 237.80899999999997 15 1350.0 -995.0 82 -63 66.234 51.50599999999999 199
445.0 166.89199999999997 12 1080.0 -635.0 84 -41 57.13899999999998 35.291 127
-555.0 157.24999999999997 15 720.0 -1275.0 85 -41 44.952 33.691 255
1020.0 143.66999999999996 12 1020.0 -430.0 35 -38 48.98799999999999 34.47299999999999 86
1380.0 160.233 9 1380.0 0.0 0 -34 59.53000000000002 56.17899999999999 0
930.0 147.059 8 930.0 -1005.0 67 -35 50.214 42.483999999999995 201
990.0 160.17399999999992 13 990.0 -590.0 78 -40 57.916 36.90299999999999 118
1050.0 157.194 14 1050.0 -615.0 51 -39 60.03399999999998 39.626999999999995 123
-950.0 153.40699999999995 13 750.0 -1720.0 86 -42 53.454999999999984 27.759000000000004 344
90.0 168.807 11 1350.0 -1260.0 84 -43 40.940999999999995 52.02399999999999 252
835.0 155.19799999999992 12 1470.0 -635.0 84 -39 53.039999999999985 47.67199999999999 127
750.0 109.70599999999997 8 750.0 0.0 0 -34 30.285999999999994 19.671999999999997 0
990.0 140.35200000000003 13 990.0 -1115.0 74 -34 57.31299999999998 39.376 223
555.0 262.433 12 1830.0 -1275.0 85 -59 93.11600000000003 69.09899999999999 255
150.0 225.3679999999999 14 1410.0 -1260.0 84 -59 75.42399999999999 44.49599999999999 252
1290.0 179.06100000000006 8 1290.0 -1005.0 25 -37 58.77400000000002 58.026999999999994 201
1345.0 256.35999999999996 18 1980.0 -635.0 84 -64 81.686 67.24999999999997 127
-660.0 156.745 9 1020.0 -1680.0 83 -41 49.03999999999999 32.40399999999999 336
660.0 229.38 11 1680.0 -1020.0 85 -55 68.27299999999998 65.93199999999999 204
1965.0 273.1069999999999 14 2220.0 -255.0 85 -73 72.41900000000001 73.00999999999998 17
1320.0 176.03499999999994 12 1320.0 0.0 0 -40 61.503 49.02500000000001 0
570.0 127.82199999999999 9 570.0 0.0 0 -35 38.005999999999986 18.881999999999998 0
2310.0 370.7309999999999 20 2550.0 -240.0 80 -67 153.33399999999997 113.829 16
205.0 176.62599999999992 12 1200.0 -1005.0 82 -42 51.11999999999999 43.149 201
900.0 155.67699999999996 13 900.0 -770.0 64 -37 53.526999999999994 37.49899999999999 154
1560.0 189.63399999999996 7 1560.0 -2280.0 56 -37 74.25900000000001 67.12899999999996 456
210.0 213.4999999999999 18 1470.0 -1290.0 94 -52 72.69399999999999 54.79999999999999 254
1050.0 139.51699999999997 9 1050.0 0.0 0 -36 42.624999999999986 40.833999999999996 0
1140.0 115.40399999999998 8 1140.0 0.0 0 -34 38.561 32.976 0
780.0 140.77900000000002 12 780.0 -1650.0 41 -35 35.117999999999995 34.13499999999999 330
990.0 170.855 16 990.0 0.0 0 -45 58.769 40.409000000000006 0
495.0 204.70700000000002 11 1500.0 -1005.0 83 -54 49.57199999999998 63.12400000000002 201
-150.0 181.79399999999998 13 1110.0 -1260.0 84 -40 67.83499999999998 38.274 252
990.0 177.39399999999998 13 990.0 0.0 0 -41 55.35199999999999 46.97299999999999 0
1045.0 238.05100000000002 20 1680.0 -635.0 84 -66 74.704 48.695 127
270.0 225.81299999999996 14 1590.0 -1260.0 84 -50 96.37599999999995 61.06199999999998 252
1560.0 231.44099999999995 15 1800.0 -240.0 80 -53 76.64299999999999 55.777 16
1110.0 146.71699999999998 12 1110.0 -760.0 63 -37 48.43599999999998 42.68599999999999 152
990.0 159.67199999999997 12 990.0 -1460.0 72 -39 60.47399999999999 37.81799999999999 292
660.0 137.98899999999998 13 660.0 0.0 0 -36 42.501999999999995 27.415999999999997 0
840.0 237.61899999999994 17 1470.0 -630.0 84 -61 63.96699999999997 47.381 126
870.0 121.49399999999997 13 870.0 0.0 0 -31 43.01399999999999 33.897999999999996 0
585.0 255.63699999999997 15 1590.0 -1005.0 83 -58 82.88199999999998 66.687 201
1440.0 159.83399999999995 13 1440.0 0.0 0 -36 65.525 50.83099999999999 0
870.0 136.69599999999997 14 870.0 0.0 0 -34 44.082999999999984 38.824 0
930.0 125.22899999999994 9 930.0 0.0 0 -34 25.409999999999997 31.102999999999994 0
-255.0 179.064 16 1020.0 -1275.0 85 -46 59.16099999999998 43.183 255
1200.0 139.09499999999994 9 1200.0 -1050.0 26 -35 36.812 46.319 210
1050.0 141.99899999999997 11 1050.0 0.0 0 -38 44.943 35.37699999999999 0
1080.0 140.59499999999997 10 1080.0 0.0 0 -34 49.553 45.258 0
810.0 153.96000000000004 13 810.0 0.0 0 -39 52.992 30.516999999999996 0
-45.0 162.36699999999993 13 960.0 -1005.0 83 -44 53.52499999999999 32.001999999999995 201
840.0 252.8059999999999 17 1470.0 -630.0 84 -58 105.76999999999994 56.962999999999994 126
2520.0 307.55199999999996 16 2760.0 -240.0 80 -76 88.39999999999999 108.33599999999997 16
1380.0 151.323 7 1380.0 0.0 0 -34 50.34500000000003 55.84299999999998 0
1050.0 145.85099999999994 10 1050.0 -2350.0 58 -34 52.63399999999999 40.486000000000004 470
2160.0 283.80400000000003 17 2400.0 -240.0 80 -66 96.573 96.49399999999999 16
810.0 121.75599999999999 7 810.0 0.0 0 -35 30.03099999999999 27.874000000000002 0
990.0 138.99199999999996 11 990.0 -1185.0 79 -36 38.40099999999999 36.55 237
-105.0 191.40099999999987 15 1170.0 -1275.0 85 -49 63.107999999999976 38.601 255
-60.0 197.11999999999995 15 1200.0 -1260.0 84 -48 65.26899999999999 48.541999999999994 252
690.0 130.83599999999993 10 690.0 -1480.0 37 -36 47.67899999999999 27.077999999999996 296
1015.0 242.53099999999995 17 1650.0 -635.0 84 -62 74.28199999999995 66.092 127
2370.0 356.461 19 2670.0 -240.0 80 -74 140.08 101.82300000000002 16
1050.0 148.08300000000006 10 1050.0 0.0 0 -36 48.355000000000025 38.817999999999984 0
-375.0 137.20699999999997 11 900.0 -1300.0 86 -42 38.02799999999999 25.073999999999998 260
1380.0 171.46700000000007 9 1380.0 -1145.0 76 -38 66.37000000000002 51.72499999999997 229
105.0 201.05699999999993 10 1350.0 -1245.0 83 -48 69.42199999999998 56.388999999999974 249
810.0 156.7519999999999 12 810.0 0.0 0 -36 49.31899999999999 37.843999999999994 0
1080.0 121.64599999999996 11 1080.0 -980.0 81 -35 42.57 31.282999999999994 196
1260.0 195.732 13 1260.0 0.0 0 -39 77.59899999999999 55.34799999999999 0
960.0 198.25899999999996 10 960.0 0.0 0 -46 78.53999999999999 34.883 0
810.0 133.19199999999995 14 810.0 -965.0 64 -36 41.823999999999984 24.616999999999997 193
1155.0 265.8079999999999 16 1740.0 -585.0 82 -59 113.96100000000001 59.70699999999999 117
930.0 138.70199999999997 11 930.0 0.0 0 -39 36.41899999999999 30.815999999999992 0
1165.0 250.91799999999998 16 1740.0 -575.0 81 -65 76.273 57.59800000000001 115
1290.0 149.70999999999995 12 1290.0 -945.0 23 -37 53.776999999999994 39.538999999999994 189
2200.0 278.87 15 2700.0 -530.0 85 -76 76.56899999999999 90.15599999999999 56
150.0 216.67699999999994 12 1410.0 -1265.0 84 -50 84.17700000000002 56.09799999999997 253
810.0 127.03099999999998 11 810.0 -980.0 81 -34 44.855 28.388999999999996 196
595.0 186.63400000000001 11 1230.0 -635.0 84 -41 64.49800000000003 49.93199999999999 127
1050.0 161.72199999999995 11 1050.0 -1315.0 32 -39 59.253999999999984 37.875 263
990.0 242.01000000000008 17 1620.0 -630.0 84 -57 87.50200000000004 63.659 126
1140.0 153.438 11 1140.0 -1275.0 31 -40 51.39699999999999 34.86099999999998 255
-405.0 154.483 13 870.0 -1275.0 85 -45 42.878 32.53099999999999 255
1050.0 188.79999999999987 14 1050.0 -1285.0 32 -43 69.98999999999998 36.964999999999996 257
-360.0 152.13899999999995 13 900.0 -1260.0 84 -43 44.493999999999986 26.13199999999999 252
1290.0 211.98200000000003 12 1290.0 0.0 0 -43 85.89099999999999 52.557999999999986 0
1020.0 118.66899999999998 9 1020.0 0.0 0 -35 30.098999999999993 33.077 0
-195.0 171.72399999999993 13 1050.0 -1245.0 83 -45 56.82599999999999 34.277 249
1170.0 131.03699999999998 9 1170.0 0.0 0 -37 37.48799999999999 36.821999999999996 0
570.0 225.2229999999999 18 1200.0 -630.0 84 -52 81.37799999999997 52.506999999999984 126
1050.0 146.493 9 1050.0 -700.0 46 -36 40.97799999999999 44.74299999999999 140
0.0 178.415 8 1680.0 -1680.0 83 -51 36.23099999999999 32.96599999999999 336
135.0 206.16499999999994 17 1140.0 -1005.0 83 -48 76.548 50.23999999999999 201
-15.0 179.26599999999993 10 1260.0 -1275.0 85 -47 52.48299999999999 42.223 255
1440.0 194.87699999999998 11 1440.0 -1030.0 68 -41 78.04 60.86899999999998 206
1350.0 195.77199999999996 11 1350.0 -1835.0 45 -44 72.93999999999998 55.91599999999999 367
805.0 202.88399999999996 16 1440.0 -635.0 84 -47 77.15599999999999 56.541 127
540.0 134.69699999999997 10 540.0 -1625.0 40 -35 48.81199999999998 20.971999999999994 325
900.0 151.26 12 900.0 0.0 0 -37 47.19399999999998 30.573999999999998 0
1170.0 153.37 11 1170.0 -1505.0 37 -36 49.521 51.129000000000005 301
1110.0 112.90399999999997 9 1110.0 0.0 0 -34 34.633 25.811999999999994 0
840.0 140.18199999999996 14 840.0 0.0 0 -39 38.129999999999995 27.451000000000008 0
1260.0 162.38799999999995 12 1260.0 -1155.0 57 -42 54.16399999999999 36.775999999999996 231
1080.0 171.51300000000003 11 1080.0 -1840.0 46 -42 56.385999999999996 39.74199999999999 368
1200.0 151.75599999999994 10 1200.0 0.0 0 -40 43.681 39.416 0
930.0 246.09299999999996 18 1560.0 -630.0 84 -61 89.09199999999997 65.166 126
810.0 203.83699999999996 14 1440.0 -630.0 84 -52 62.342 53.888999999999996 126
1320.0 145.16299999999998 10 1320.0 -1200.0 80 -36 45.77199999999999 41.782000000000004 240
-30.0 151.63999999999996 12 990.0 -1050.0 87 -42 36.72799999999999 35.59999999999999 210
-345.0 138.31499999999997 11 930.0 -1275.0 85 -41 38.78299999999999 23.136999999999997 255
1350.0 194.90099999999993 12 1350.0 0.0 0 -46 62.60799999999998 52.00399999999999 0
645.0 232.195 12 1920.0 -1275.0 85 -51 95.95900000000002 74.75499999999995 255
1410.0 176.77799999999996 8 1410.0 0.0 0 -35 79.60400000000004 57.83800000000001 0
960.0 143.284 12 960.0 -745.0 49 -39 44.702999999999996 30.489999999999995 149
655.0 197.77399999999992 17 1290.0 -635.0 84 -51 66.26399999999997 43.12599999999999 127
525.0 260.3459999999999 13 1800.0 -1275.0 85 -58 93.80600000000001 73.905 255
1200.0 184.98299999999995 14 1200.0 -615.0 15 -47 62.447999999999986 46.11 123
1170.0 155.851 10 1170.0 -1470.0 36 -36 53.793 48.547 294
450.0 184.55700000000002 9 1710.0 -1260.0 84 -46 47.63099999999999 69.11200000000002 252
1050.0 191.18399999999994 14 1050.0 0.0 0 -48 71.09899999999998 39.513999999999996 0
930.0 143.706 9 930.0 0.0 0 -36 39.93999999999999 37.75 0
1530.0 154.91899999999998 7 1530.0 -1655.0 41 -36 60.75600000000002 51.573 331
790.0 218.39899999999992 17 1470.0 -680.0 99 -57 58.41399999999999 55.34499999999999 130
840.0 138.61799999999997 7 840.0 0.0 0 -35 56.58300000000001 21.76499999999999 0
1080.0 199.69599999999994 15 1080.0 0.0 0 -50 68.14 45.80999999999998 0
260.0 213.33000000000004 9 1920.0 -1660.0 83 -61 37.664 20.692999999999998 332
-105.0 165.04799999999994 10 1140.0 -1245.0 83 -45 38.300999999999995 47.05799999999999 249
1230.0 179.15200000000002 11 1230.0 -1250.0 31 -40 64.926 49.748000000000005 250
900.0 122.38899999999995 10 900.0 0.0 0 -34 33.45299999999999 20.240999999999996 0
1020.0 138.078 8 1020.0 0.0 0 -35 38.023999999999994 37.15400000000002 0
-540.0 160.357 11 1140.0 -1680.0 83 -38 62.98500000000002 42.26699999999998 336
930.0 264.7249999999999 17 1560.0 -640.0 84 -62 100.64899999999996 55.858999999999995 128
1050.0 145.79099999999994 13 1050.0 -800.0 53 -37 48.041999999999994 39.772000000000006 160
1350.0 151.71 15 1350.0 -1290.0 64 -36 55.70899999999998 43.264999999999986 258
810.0 137.85799999999998 10 810.0 0.0 0 -34 46.262 30.742999999999995 0
1935.0 282.939 15 2160.0 -225.0 75 -68 92.664 83.37499999999997 15
810.0 160.31799999999998 9 810.0 0.0 0 -38 68.82200000000002 24.112 0
-15.0 205.233 15 1260.0 -1275.0 85 -50 79.25499999999998 42.05699999999999 255
840.0 152.756 11 840.0 0.0 0 -39 47.95899999999999 34.634 0
750.0 148.628 13 750.0 -1310.0 32 -38 56.02899999999998 32.032 262
150.0 128.42499999999998 9 1410.0 -1260.0 84 -37 30.319999999999993 47.06099999999999 252
990.0 111.63499999999999 8 990.0 0.0 0 -36 16.182 26.128 0
2055.0 338.6479999999999 22 2310.0 -255.0 85 -76 122.17299999999999 93.55000000000001 17
840.0 140.568 13 840.0 -820.0 68 -38 54.06999999999999 23.038999999999998 164
720.0 133.12099999999998 11 720.0 -620.0 41 -38 47.21799999999999 21.493 124
1500.0 161.80999999999995 13 1500.0 -1205.0 80 -36 55.79799999999997 56.38399999999999 241
1170.0 161.343 10 1170.0 0.0 0 -38 53.18999999999997 45.663999999999994 0
720.0 159.342 12 720.0 -1415.0 35 -29 76.44299999999998 38.28399999999999 283
780.0 125.48700000000001 11 780.0 -1280.0 32 -37 36.04099999999999 17.517000000000003 256
925.0 285.37300000000005 17 1560.0 -635.0 84 -60 110.66 71.11199999999998 127
750.0 277.876 14 1770.0 -1025.0 85 -64 100.23200000000001 69.738 205
615.0 235.63999999999996 12 1890.0 -1275.0 85 -58 72.61500000000001 59.96399999999998 255
750.0 126.53999999999999 9 750.0 0.0 0 -34 41.10799999999999 25.805999999999997 0
930.0 157.90800000000004 16 930.0 -1115.0 27 -39 49.785999999999994 31.278000000000002 223
870.0 130.97399999999996 11 870.0 0.0 0 -34 40.15099999999998 27.590999999999994 0
2010.0 294.524 17 2250.0 -240.0 80 -65 107.29399999999998 87.92899999999999 16
1170.0 132.18999999999997 8 1170.0 -1655.0 41 -34 40.041999999999994 36.51899999999998 331
475.0 163.867 15 1110.0 -635.0 84 -45 51.181 44.405 127
1170.0 150.98 14 1170.0 0.0 0 -36 54.222999999999985 44.60999999999999 0
2100.0 263.6579999999999 18 2340.0 -240.0 80 -65 95.42300000000003 78.25199999999998 16
1935.0 309.6789999999998 21 2160.0 -225.0 75 -79 92.83199999999998 87.216 15
135.0 216.88499999999993 16 1410.0 -1275.0 85 -60 62.157 48.147999999999996 255
750.0 136.89099999999996 11 750.0 -1190.0 29 -35 46.492999999999995 28.894000000000002 238
750.0 122.41199999999999 11 750.0 0.0 0 -34 43.77899999999999 25.139 0
-300.0 163.61799999999997 13 960.0 -1260.0 84 -40 60.687 37.82699999999999 252
1080.0 128.279 10 1080.0 0.0 0 -34 45.568 41.067 0
1050.0 158.945 9 1050.0 -1625.0 40 -35 68.10799999999999 38.25000000000001 325
1050.0 143.944 9 1050.0 0.0 0 -34 47.410999999999994 40.17899999999999 0
1965.0 311.23 15 2220.0 -255.0 85 -72 106.01800000000003 89.69599999999998 17
300.0 178.654 14 930.0 -630.0 84 -46 55.99600000000001 43.30500000000001 126
900.0 156.00699999999992 12 900.0 0.0 0 -37 51.64899999999998 33.202999999999996 0
1410.0 172.101 9 1410.0 0.0 0 -38 57.36999999999998 59.221999999999966 0
1050.0 163.60199999999998 14 1050.0 0.0 0 -42 56.07799999999998 39.973 0
930.0 169.92099999999996 13 930.0 -995.0 82 -41 62.47699999999999 31.418999999999997 199
180.0 212.92699999999994 12 1440.0 -1260.0 84 -49 80.80699999999997 51.08799999999998 252
805.0 201.41399999999996 19 1440.0 -655.0 84 -48 73.71 58.119 131
90.0 170.82199999999997 13 1110.0 -1020.0 85 -46 47.83399999999999 41.29699999999999 204
1680.0 167.39000000000004 7 1680.0 0.0 0 -36 59.83200000000003 64.16999999999999 0
810.0 123.99000000000001 11 810.0 -1880.0 47 -34 40.049 20.727999999999998 376
2520.0 305.3339999999999 18 2760.0 -240.0 80 -78 88.84300000000002 94.79899999999999 16
-375.0 164.63999999999996 14 900.0 -1275.0 85 -42 58.88399999999999 26.400000000000002 255
600.0 178.48899999999995 11 1860.0 -1265.0 84 -52 49.80099999999999 55.83499999999998 253
1200.0 132.76499999999993 10 1200.0 -1340.0 33 -36 38.836999999999996 32.885999999999996 268
-45.0 143.75499999999997 10 960.0 -1005.0 83 -40 38.270999999999994 35.782 201
990.0 159.18699999999995 12 990.0 0.0 0 -41 52.038999999999994 38.991 0
1140.0 129.24599999999995 9 1140.0 0.0 0 -34 34.55799999999999 37.806999999999995 0
930.0 156.11499999999998 11 930.0 0.0 0 -40 55.05 29.621999999999993 0
720.0 130.30699999999996 12 720.0 -400.0 33 -33 45.37299999999998 33.729 80
930.0 139.897 8 930.0 0.0 0 -35 43.474 35.716 0
930.0 147.22299999999993 12 930.0 -1060.0 70 -42 47.806 29.058999999999997 212
1110.0 178.45300000000003 16 1110.0 0.0 0 -42 64.87599999999999 45.66799999999999 0
930.0 173.28599999999997 13 930.0 0.0 0 -38 65.51399999999998 44.276999999999994 0
300.0 182.23799999999991 11 1560.0 -1260.0 84 -51 54.74499999999997 42.79399999999999 252
1260.0 180.98900000000003 8 1260.0 0.0 0 -35 87.61000000000004 43.272000000000006 0
960.0 181.603 10 960.0 -1110.0 27 -38 69.13600000000002 34.129 222
870.0 145.70599999999993 11 870.0 0.0 0 -36 50.335999999999984 28.252999999999997 0
1155.0 243.26000000000013 14 2160.0 -1005.0 83 -53 103.88900000000005 83.60599999999997 201
990.0 159.86399999999995 15 990.0 -1500.0 37 -35 62.409 37.987 300
355.0 200.96799999999993 14 1350.0 -995.0 82 -49 62.97699999999998 58.22299999999999 199
1140.0 163.322 13 1140.0 -985.0 24 -40 49.793 47.651 197
120.0 154.46199999999996 12 1380.0 -1260.0 84 -46 46.658999999999985 35.581999999999994 252
135.0 159.60099999999997 11 1140.0 -1005.0 83 -46 32.94199999999999 39.897000000000006 201
2880.0 317.2849999999999 15 3120.0 -240.0 80 -76 114.39099999999999 104.752 16
1200.0 151.871 5 1200.0 -2410.0 60 -29 68.07900000000004 41.854999999999976 482
1170.0 157.659 10 1170.0 0.0 0 -38 49.57299999999999 44.57300000000001 0
660.0 272.8859999999999 17 1680.0 -1020.0 85 -64 99.208 58.31899999999998 204
225.0 249.339 20 1500.0 -1275.0 85 -66 71.49799999999999 53.286 255
900.0 157.14799999999994 12 900.0 0.0 0 -38 53.19299999999997 36.631 0
-15.0 174.26899999999992 15 1260.0 -1285.0 86 -50 52.403999999999996 48.045 257
-390.0 151.557 11 870.0 -1260.0 84 -41 56.51799999999999 27.232999999999993 252
1320.0 142.32699999999997 10 1320.0 -1190.0 79 -41 41.06399999999999 37.16399999999999 238
1560.0 229.68099999999993 15 1890.0 -240.0 80 -63 62.24599999999998 63.79699999999999 16
450.0 168.112 14 1470.0 -1020.0 85 -46 54.667000000000016 52.70399999999999 204
1150.0 264.2249999999999 17 1770.0 -620.0 82 -63 94.64 73.00699999999999 124
900.0 151.96399999999994 13 900.0 -1215.0 30 -40 44.431999999999995 38.053999999999995 243
175.0 181.60499999999996 14 1170.0 -995.0 82 -49 59.91599999999998 38.41199999999999 199
745.0 210.49599999999998 14 1380.0 -635.0 84 -51 76.595 53.12499999999997 127
-220.0 230.13699999999997 16 1440.0 -1660.0 83 -57 79.521 57.969 332
1560.0 306.62299999999993 19 1800.0 -240.0 80 -79 83.76599999999998 75.52400000000003 16
690.0 135.87099999999995 10 690.0 -950.0 23 -37 44.04699999999999 21.166 190
930.0 126.41499999999998 12 930.0 0.0 0 -35 24.172999999999995 23.723999999999997 0
60.0 168.59099999999998 12 1080.0 -1020.0 85 -45 53.506999999999984 40.18499999999998 204
780.0 131.06499999999994 12 780.0 -1040.0 26 -35 44.608 26.778 208
235.0 148.55999999999997 9 1230.0 -995.0 82 -40 34.327999999999996 44.711 199
870.0 149.58 12 870.0 0.0 0 -37 46.647 27.685000000000002 0
-15.0 181.138 15 1260.0 -1275.0 85 -48 56.722999999999985 45.886999999999986 255
1500.0 183.723 13 1500.0 0.0 0 -40 70.849 56.98599999999999 0
1500.0 236.826 14 1740.0 -240.0 80 -51 84.969 66.96099999999998 16
30.0 190.642 12 1050.0 -1020.0 85 -52 55.39999999999999 39.799 204
1020.0 122.246 11 1020.0 -590.0 29 -34 37.78299999999999 34.086 118
750.0 131.58699999999996 9 750.0 0.0 0 -34 45.54299999999999 28.997 0
780.0 125.21599999999997 10 780.0 -1565.0 39 -34 35.443999999999996 26.708999999999993 313
1110.0 177.41299999999995 12 1110.0 0.0 0 -41 59.74399999999999 47.342999999999996 0
360.0 250.59900000000005 12 1620.0 -1260.0 84 -64 67.54299999999998 60.54000000000002 252
1020.0 148.57 14 1020.0 -985.0 24 -39 37.54999999999999 31.185000000000002 197
750.0 133.82999999999998 12 750.0 0.0 0 -36 40.97399999999999 22.37 0
165.0 195.21499999999997 14 1170.0 -1005.0 83 -47 66.96399999999997 53.449999999999996 201
1260.0 152.37999999999994 7 1260.0 0.0 0 -35 37.70499999999999 57.298000000000016 0
990.0 168.08599999999998 13 990.0 -1830.0 45 -36 56.751999999999995 45.73699999999999 366
900.0 161.61999999999998 16 900.0 -1755.0 43 -43 54.40399999999999 35.004999999999995 351
385.0 182.87299999999988 14 1020.0 -635.0 84 -46 57.184 35.81999999999999 127
-30.0 150.59599999999995 10 1230.0 -1260.0 84 -39 47.15200000000002 42.18999999999997 252
495.0 232.41800000000003 17 1500.0 -1015.0 83 -58 84.52399999999999 51.957000000000015 203
1440.0 192.99399999999994 10 1440.0 0.0 0 -48 59.67899999999998 58.525999999999975 0
990.0 131.5409999999999 8 990.0 -1070.0 71 -35 36.696999999999996 28.200999999999997 214
840.0 138.22999999999996 9 840.0 -2095.0 52 -34 38.54099999999998 33.044999999999995 419
1200.0 150.03300000000002 11 1200.0 -1100.0 27 -38 50.414 40.07199999999999 220
1380.0 169.007 10 1380.0 0.0 0 -45 48.31400000000001 47.75700000000002 0
25.0 171.16099999999994 12 1020.0 -995.0 82 -42 46.882999999999996 38.68499999999998 199
1110.0 157.55599999999995 10 1110.0 0.0 0 -38 59.37999999999999 38.68399999999999 0
1140.0 146.02299999999997 12 1140.0 -1165.0 29 -39 38.29999999999999 36.38699999999999 233
535.0 212.04199999999997 15 1530.0 -995.0 82 -52 72.64400000000002 50.30499999999999 199
-125.0 181.60299999999998 11 870.0 -995.0 82 -46 65.49799999999998 27.016999999999996 199
1680.0 289.669 22 1920.0 -240.0 80 -71 89.76 76.61300000000001 16
-390.0 160.202 7 1290.0 -1680.0 83 -36 63.540000000000006 47.19799999999999 336
990.0 136.26099999999997 11 990.0 -1490.0 37 -37 49.694999999999986 31.916 298
900.0 146.76799999999994 10 900.0 0.0 0 -39 45.71499999999999 33.36 0
1350.0 178.359 12 1350.0 0.0 0 -41 72.181 44.91699999999999 0
1320.0 176.12899999999996 12 1320.0 0.0 0 -37 62.55899999999998 53.5 0
-730.0 160.51799999999997 10 930.0 -1660.0 83 -43 51.53099999999999 37.867 332
445.0 194.296 11 1440.0 -995.0 82 -52 58.85700000000001 42.56999999999999 199
1140.0 144.53800000000004 8 1140.0 0.0 0 -37 36.12499999999999 45.09900000000002 0
1080.0 153.624 10 1080.0 0.0 0 -35 51.084999999999994 42.48800000000001 0
75.0 138.27899999999997 10 1080.0 -1005.0 83 -41 36.39099999999999 33.520999999999994 201
1050.0 160.19400000000002 6 1050.0 0.0 0 -34 60.49100000000005 39.61699999999999 0
1020.0 100.71300000000001 10 1020.0 0.0 0 -34 23.560999999999996 25.82399999999999 0
120.0 131.50599999999997 11 750.0 -630.0 84 -37 42.49899999999999 19.389999999999997 126
810.0 155.663 12 810.0 0.0 0 -36 54.974999999999994 37.38699999999999 0
750.0 127.51299999999998 10 750.0 0.0 0 -34 37.158999999999985 23.429999999999993 0
810.0 169.40299999999996 11 810.0 0.0 0 -36 65.52299999999998 42.529999999999994 0
-820.0 121.52499999999995 8 840.0 -1660.0 83 -35 29.71999999999999 26.19 332
780.0 113.73599999999998 9 780.0 0.0 0 -34 27.348 23.613999999999997 0
1170.0 152.75299999999993 12 1170.0 -1395.0 34 -34 54.80699999999999 42.968999999999994 279
1110.0 179.14899999999994 13 1110.0 -1275.0 63 -37 62.07099999999999 48.11999999999999 255
990.0 140.39100000000005 14 990.0 -1370.0 68 -39 36.050999999999995 33.367999999999995 274
1800.0 259.992 15 2430.0 -630.0 84 -69 71.83699999999997 83.10799999999999 126
1470.0 283.06299999999993 12 2490.0 -1020.0 85 -67 89.84700000000004 91.10900000000002 204
2430.0 344.25699999999995 18 2670.0 -240.0 80 -83 108.19199999999998 101.17000000000002 16
540.0 250.04700000000003 16 1560.0 -1020.0 85 -56 94.28499999999998 69.88900000000001 204
840.0 139.279 11 840.0 0.0 0 -38 44.056 34.546 0
750.0 122.94299999999998 10 750.0 0.0 0 -35 30.413999999999994 24.190999999999995 0
1050.0 167.51299999999998 16 1050.0 -1090.0 72 -38 63.134 46.614999999999995 218
780.0 146.243 9 780.0 0.0 0 -35 51.87299999999998 32.492999999999995 0
-120.0 171.509 10 1140.0 -1260.0 84 -45 43.027 49.09899999999999 252
1605.0 250.11099999999996 14 1830.0 -225.0 75 -62 80.60799999999995 64.85400000000001 15
-90.0 163.66600000000003 10 930.0 -1020.0 85 -41 61.32000000000001 34.879 204
1980.0 290.86899999999997 17 2220.0 -240.0 80 -79 83.77099999999999 71.426 16
2730.0 434.9970000000001 21 2970.0 -240.0 80 -97 146.39200000000002 109.35 16
750.0 112.75099999999999 8 750.0 0.0 0 -34 20.746 19.148 0
750.0 155.333 13 750.0 0.0 0 -36 50.06599999999998 37.50699999999999 0
955.0 289.66799999999995 16 1590.0 -635.0 84 -64 91.33699999999997 76.98600000000002 127
1050.0 107.00799999999998 6 1050.0 0.0 0 -34 21.32 29.615999999999993 0
870.0 163.29999999999993 12 870.0 -890.0 44 -39 54.206999999999994 32.784 178
105.0 172.65799999999996 13 1110.0 -1005.0 83 -45 62.12699999999999 37.511999999999986 201
990.0 144.65499999999997 14 990.0 -90.0 2 -40 48.87099999999998 30.692 18
1080.0 166.82299999999995 12 1080.0 0.0 0 -37 56.93599999999999 46.082999999999984 0
990.0 179.50499999999997 9 990.0 0.0 0 -38 61.010999999999996 51.01799999999999 0
1020.0 143.36099999999996 10 1020.0 0.0 0 -34 52.68799999999999 35.50800000000001 0
1320.0 111.65799999999999 10 1320.0 0.0 0 -36 26.407 31.647 0
135.0 183.54899999999995 11 1410.0 -1275.0 85 -45 57.568 52.20499999999999 255
-600.0 131.57299999999998 10 660.0 -1260.0 84 -37 40.16299999999998 24.707 252
720.0 130.02999999999997 10 720.0 0.0 0 -34 39.18199999999999 29.105999999999998 0
-390.0 131.26399999999998 11 870.0 -1260.0 84 -36 37.265 29.228999999999996 252
430.0 175.27999999999997 16 1410.0 -980.0 81 -53 46.8 28.769999999999996 196
945.0 165.099 12 1950.0 -1010.0 83 -56 39.35399999999999 45.674000000000014 202
1380.0 210.306 11 1620.0 -240.0 80 -52 68.61199999999998 59.48500000000002 16
1140.0 135.37999999999997 11 1140.0 -905.0 75 -37 35.20799999999999 21.316999999999997 181
810.0 131.02399999999997 9 810.0 -1390.0 34 -34 38.10099999999999 34.23599999999999 278
75.0 180.646 11 1080.0 -1005.0 83 -40 72.206 46.52799999999999 201
720.0 143.64999999999995 12 720.0 -1100.0 73 -35 50.47299999999999 35.592000000000006 220
60.0 187.34999999999994 13 1320.0 -1260.0 84 -41 58.707999999999984 61.43899999999999 252
870.0 126.17899999999997 9 870.0 0.0 0 -36 41.46799999999999 31.13599999999999 0
930.0 143.438 12 930.0 -1440.0 36 -38 45.859999999999985 33.78399999999999 288
-135.0 194.82799999999997 14 1110.0 -1245.0 83 -49 71.20799999999997 38.40899999999999 249
870.0 138.368 7 870.0 -2370.0 59 -37 35.04499999999999 34.68199999999999 474
255.0 218.6149999999999 17 1260.0 -1020.0 85 -52 88.72599999999998 47.818 204
1680.0 251.43300000000002 18 1920.0 -240.0 80 -66 64.856 71.912 16
915.0 289.83500000000004 20 1920.0 -1005.0 83 -71 120.795 55.727 201
270.0 191.41399999999996 12 1530.0 -1260.0 84 -42 68.246 58.51599999999999 252
330.0 241.5119999999999 18 1590.0 -1260.0 84 -71 67.05099999999997 58.173999999999985 252
960.0 131.336 8 960.0 0.0 0 -34 36.526999999999994 37.11200000000001 0
-150.0 177.05399999999997 12 1110.0 -1260.0 84 -43 64.328 44.46299999999998 252
165.0 206.53799999999993 14 1410.0 -1245.0 83 -50 70.80999999999999 49.156 249
750.0 207.95400000000004 18 1380.0 -630.0 84 -41 88.61700000000002 51.007 126
150.0 221.76000000000002 16 1230.0 -1020.0 85 -62 49.59499999999999 30.344999999999995 204
780.0 141.40300000000005 12 780.0 0.0 0 -41 42.74999999999999 22.957 0
1020.0 122.18999999999996 12 1020.0 -1085.0 54 -38 33.375 30.295 217
955.0 236.87200000000004 14 1590.0 -635.0 84 -52 85.00800000000001 70.97299999999998 127
-165.0 160.375 16 1110.0 -1275.0 85 -49 42.22799999999999 25.493 255
195.0 178.869 13 1470.0 -1275.0 85 -43 65.63900000000002 55.76999999999999 255
-490.0 158.343 11 1170.0 -1660.0 83 -40 45.59099999999999 46.48200000000003 332
1050.0 116.41100000000003 7 1050.0 -2035.0 50 -35 18.854999999999993 32.95800000000003 407
1140.0 143.763 11 1140.0 -1150.0 57 -34 55.53200000000003 40.93999999999997 230
1170.0 159.61499999999995 11 1170.0 -605.0 80 -37 58.067999999999984 48.355999999999966 121
750.0 138.12499999999997 10 750.0 -2080.0 52 -38 40.83399999999999 22.033 416
180.0 139.633 13 810.0 -630.0 84 -35 44.78399999999999 28.418999999999993 126
1170.0 152.614 14 1170.0 -1030.0 25 -33 63.25700000000001 31.422000000000004 206
1140.0 152.94099999999995 8 1140.0 -2025.0 50 -35 48.02100000000001 46.38299999999999 405
960.0 178.175 11 960.0 -1470.0 36 -40 62.50100000000002 40.94199999999999 294
900.0 149.97699999999998 7 900.0 0.0 0 -35 59.22700000000002 32.787999999999975 0
135.0 220.35199999999992 15 1230.0 -1005.0 83 -56 76.00599999999999 45.794 201
240.0 166.91299999999998 9 1260.0 -1020.0 85 -41 52.98799999999999 54.53999999999999 204
960.0 142.089 11 960.0 -720.0 60 -34 52.657999999999994 37.853999999999985 144
1020.0 135.82699999999994 8 1020.0 -1580.0 39 -30 34.885 35.738 316
870.0 146.668 8 870.0 0.0 0 -34 56.57500000000002 28.948 0
960.0 130.16 12 960.0 -1285.0 32 -37 34.831999999999994 32.029 257
525.0 208.07 16 1530.0 -1005.0 83 -52 66.88100000000001 43.44599999999999 201
840.0 134.76099999999997 11 840.0 0.0 0 -38 38.251999999999995 30.02899999999999 0
930.0 138.61599999999999 10 930.0 0.0 0 -36 52.085999999999984 21.771 0
-840.0 178.2539999999999 14 840.0 -1685.0 83 -42 58.00299999999999 27.787000000000003 337
1500.0 209.7579999999999 11 1500.0 0.0 0 -42 89.494 58.329999999999984 0
2145.0 360.281 19 2370.0 -225.0 75 -91 103.31699999999998 90.28200000000001 15
930.0 132.62499999999994 10 930.0 0.0 0 -36 42.94699999999999 26.273999999999997 0
-240.0 165.944 14 1020.0 -1260.0 84 -40 55.34099999999999 40.624999999999986 252
1170.0 164.77 8 1170.0 0.0 0 -41 56.724000000000004 32.66299999999998 0
445.0 228.65299999999996 17 1440.0 -995.0 82 -54 81.16199999999998 57.53199999999999 199
285.0 226.54699999999997 11 1530.0 -1245.0 83 -56 81.63300000000002 43.919999999999995 249
435.0 197.093 16 1440.0 -1005.0 83 -51 61.13199999999999 47.90899999999999 201
960.0 141.85699999999994 11 960.0 -1200.0 80 -37 34.865 35.071999999999996 240
655.0 185.99399999999997 11 1650.0 -995.0 82 -50 59.93400000000001 54.54199999999999 199
900.0 156.18799999999996 13 900.0 0.0 0 -40 52.36699999999999 35.214999999999996 0
-60.0 169.96499999999997 11 1200.0 -1260.0 84 -37 57.638999999999996 52.946 252
-375.0 180.53899999999993 14 900.0 -1275.0 85 -47 58.64699999999998 42.349999999999994 255
780.0 150.17299999999994 12 780.0 0.0 0 -38 42.705999999999996 25.625999999999998 0
-890.0 150.25699999999995 11 810.0 -1700.0 85 -41 46.151 27.222999999999995 340
930.0 145.908 9 930.0 0.0 0 -35 49.50999999999999 38.31899999999998 0
1860.0 331.98299999999995 18 2100.0 -240.0 80 -77 109.01599999999998 91.744 16
1050.0 151.35199999999998 7 1050.0 0.0 0 -35 54.13799999999999 38.519999999999975 0
690.0 159.198 13 690.0 -1185.0 79 -37 65.166 26.966999999999995 237
810.0 126.16999999999999 12 810.0 -1260.0 31 -34 41.42099999999999 27.028 252
270.0 160.92799999999994 12 1530.0 -1315.0 85 -40 57.579000000000015 34.286 263
1140.0 141.18499999999997 14 1140.0 -110.0 7 -39 42.43399999999999 34.159 22
840.0 157.32799999999997 11 840.0 -1270.0 31 -39 55.116000000000014 31.965999999999994 254
-510.0 149.15 12 750.0 -1260.0 84 -44 51.943999999999996 25.174 252
810.0 147.04 13 810.0 0.0 0 -36 49.467 38.852999999999994 0
1290.0 191.24099999999996 12 1290.0 -1120.0 74 -43 71.20999999999998 51.916 224
1200.0 142.28000000000003 7 1200.0 -1925.0 48 -36 35.79199999999998 44.548000000000016 385
810.0 127.22 12 810.0 0.0 0 -34 42.03799999999999 24.269999999999992 0
1770.0 229.76999999999992 16 2010.0 -240.0 80 -71 52.726 58.972 16
870.0 155.39499999999992 11 870.0 0.0 0 -43 46.745 30.30999999999999 0
480.0 231.85200000000012 15 1740.0 -1260.0 84 -61 65.972 66.053 252
-300.0 155.294 12 960.0 -1260.0 84 -43 53.669999999999995 36.072 252
1260.0 191.59199999999993 16 1260.0 0.0 0 -47 72.76599999999999 46.027 0
1020.0 182.95399999999995 14 1020.0 -380.0 50 -40 67.22599999999998 40.52799999999999 76
510.0 175.88899999999995 13 1140.0 -630.0 84 -48 56.816999999999986 38.635 126
1200.0 237.83700000000005 15 1200.0 -415.0 10 -50 100.94200000000001 49.539 83
105.0 177.20399999999995 15 1110.0 -1005.0 83 -50 56.381 36.745 201
-315.0 173.22199999999995 13 960.0 -1285.0 85 -39 62.151999999999994 38.934000000000005 257
1260.0 192.55699999999996 15 1260.0 0.0 0 -43 75.80100000000002 53.06299999999998 0
1230.0 279.22399999999993 15 1860.0 -630.0 84 -60 103.76300000000002 76.942 126
205.0 156.01199999999994 11 1200.0 -995.0 82 -45 36.513999999999996 45.054999999999986 199
1170.0 192.13999999999996 16 1170.0 -580.0 38 -40 76.77899999999997 48.84099999999999 116
285.0 171.22799999999998 9 1530.0 -1245.0 83 -43 40.45199999999999 54.03999999999999 249
895.0 215.0749999999999 10 1890.0 -995.0 82 -53 69.03599999999997 67.632 199
840.0 138.00799999999998 17 840.0 -785.0 52 -34 49.227 33.772000000000006 157
175.0 115.50900000000001 12 810.0 -635.0 84 -37 33.577999999999996 25.379 127
990.0 141.81399999999994 8 990.0 0.0 0 -36 34.522999999999996 43.89299999999999 0
375.0 203.09199999999993 14 1650.0 -1275.0 85 -50 67.91599999999998 64.05399999999999 255
780.0 124.72699999999998 11 780.0 0.0 0 -35 29.44999999999999 20.858 0
840.0 120.93600000000002 10 840.0 0.0 0 -35 31.144999999999992 16.576 0
775.0 192.654 10 1770.0 -995.0 82 -41 69.24200000000003 67.48399999999998 199
900.0 157.30699999999996 13 900.0 0.0 0 -37 54.66999999999999 35.143 0
-305.0 156.9489999999999 12 690.0 -995.0 82 -36 53.43099999999998 37.24200000000001 199
1140.0 180.58500000000004 7 1140.0 0.0 0 -44 52.513 44.25299999999999 0
1050.0 120.08399999999999 11 1050.0 0.0 0 -36 24.577999999999996 29.029999999999998 0
960.0 132.90899999999996 8 960.0 0.0 0 -34 36.897 36.601 0
630.0 149.53599999999994 10 630.0 -1020.0 85 -36 55.74599999999998 24.098 204
990.0 135.51999999999998 13 990.0 0.0 0 -37 39.900000000000006 33.846999999999994 0
1345.0 210.49399999999997 13 1980.0 -650.0 85 -56 67.48999999999998 60.35999999999999 130
1110.0 150.78199999999993 8 1110.0 0.0 0 -37 51.050000000000004 40.58899999999998 0
1045.0 245.5919999999999 18 1680.0 -635.0 84 -64 80.57099999999998 63.95999999999999 127
1110.0 173.73399999999998 12 1110.0 -1145.0 76 -41 53.11 46.445999999999984 229
1020.0 164.17199999999994 12 1020.0 0.0 0 -36 66.115 40.892999999999994 0
-180.0 158.54799999999994 11 1080.0 -1260.0 84 -40 55.598 40.83399999999999 252
1110.0 136.861 6 1110.0 0.0 0 -35 33.963 46.74499999999998 0
660.0 126.46899999999997 11 660.0 0.0 0 -34 43.617 23.983999999999998 0
870.0 167.78699999999998 8 870.0 0.0 0 -41 64.662 20.12 0
1110.0 164.98499999999996 14 1110.0 -1240.0 82 -43 54.758999999999986 36.67599999999999 248
420.0 170.241 17 1050.0 -630.0 84 -48 52.792 34.46000000000001 126
840.0 125.75499999999995 9 840.0 0.0 0 -34 44.257999999999996 24.831999999999997 0
1050.0 111.46699999999998 9 1050.0 0.0 0 -34 30.253 32.87899999999999 0
-345.0 177.47899999999993 13 930.0 -1275.0 85 -43 63.30299999999998 38.208999999999996 255
1200.0 166.543 12 1200.0 0.0 0 -36 62.15099999999998 48.20999999999998 0
1500.0 210.01299999999998 10 1500.0 -1360.0 34 -45 81.186 58.82399999999997 272
-600.0 210.75699999999998 13 1080.0 -1680.0 83 -44 81.72399999999999 46.337999999999994 336
930.0 125.87400000000001 13 930.0 -1515.0 37 -35 42.901999999999994 29.637999999999998 303
900.0 141.21799999999996 11 900.0 -1650.0 41 -37 46.69199999999999 28.179999999999986 330
360.0 222.43999999999994 13 1620.0 -1260.0 84 -49 75.88500000000002 69.35999999999999 252
445.0 146.36399999999998 9 1440.0 -995.0 82 -44 27.330999999999996 53.035 199
1230.0 143.56699999999995 11 1230.0 -1030.0 68 -39 41.138999999999996 34.658 206
1200.0 169.06600000000003 9 1200.0 -1835.0 45 -39 51.668 52.303000000000004 367
180.0 158.318 14 1200.0 -1020.0 85 -41 48.932999999999986 42.86899999999999 204
1140.0 181.2989999999999 12 1140.0 -1575.0 39 -45 64.62199999999999 35.693000000000005 315
930.0 153.15399999999997 16 930.0 -1170.0 58 -38 52.604 30.378000000000007 234
810.0 136.06699999999998 13 810.0 0.0 0 -34 56.03099999999999 30.711 0
1200.0 149.39899999999997 11 1200.0 0.0 0 -36 42.517999999999994 33.629999999999995 0
-60.0 185.6889999999999 12 1200.0 -1260.0 84 -47 69.30599999999998 41.046 252
1200.0 168.539 9 1200.0 -1365.0 34 -35 68.98900000000002 45.541999999999994 273
1140.0 142.127 13 1140.0 0.0 0 -38 44.624 36.074000000000005 0
-585.0 142.034 11 660.0 -1245.0 83 -39 40.12999999999999 17.78 249
1350.0 152.07199999999997 8 1350.0 0.0 0 -35 57.657000000000025 49.064999999999976 0
340.0 246.43499999999995 11 1320.0 -980.0 81 -52 106.79200000000002 43.681999999999995 196
930.0 180.19699999999995 13 930.0 -420.0 10 -46 53.31099999999999 36.989999999999995 84
900.0 131.93 11 900.0 -1865.0 46 -37 37.94299999999999 28.721999999999998 373
1230.0 171.76999999999998 14 1230.0 -1150.0 76 -35 71.80299999999998 50.55199999999999 230
1680.0 226.46300000000002 11 1680.0 -1715.0 42 -49 90.254 62.14299999999997 343
780.0 137.54699999999997 12 780.0 0.0 0 -35 46.48299999999999 26.051 0
2070.0 326.60199999999986 19 2310.0 -240.0 80 -78 94.35499999999998 100.59999999999998 16
120.0 209.73599999999993 12 1380.0 -1260.0 84 -44 70.599 63.456999999999965 252
150.0 156.49699999999999 10 1170.0 -1020.0 85 -41 43.228999999999985 28.525999999999993 204
1315.0 274.9419999999999 17 1950.0 -635.0 84 -69 99.387 54.18299999999998 127
445.0 181.97999999999993 15 1440.0 -995.0 82 -48 54.85799999999999 37.02799999999999 199
1290.0 152.15699999999998 9 1290.0 0.0 0 -39 45.53699999999999 50.855 0
2625.0 351.20399999999995 18 2880.0 -255.0 85 -82 107.03700000000002 117.72500000000001 17
-240.0 175.647 12 1020.0 -1260.0 84 -42 63.85499999999998 40.87699999999999 252
810.0 143.094 15 810.0 0.0 0 -36 44.719 35.202 0
795.0 196.65199999999993 14 1080.0 -255.0 85 -47 64.93799999999999 47.264 17
1710.0 238.18299999999985 14 2340.0 -630.0 84 -59 78.71499999999995 75.10399999999997 126
390.0 163.33299999999997 13 1410.0 -1020.0 85 -44 55.734 46.52799999999999 204
295.0 148.71999999999997 13 930.0 -635.0 84 -42 44.217999999999996 33.224 127
1965.0 274.92899999999986 20 2220.0 -275.0 87 -77 79.02400000000002 74.10600000000002 21
1440.0 100.65399999999998 8 1440.0 0.0 0 -35 28.317999999999994 28.321000000000005 0
1050.0 184.19999999999996 14 1290.0 -240.0 80 -46 57.608000000000004 53.868999999999986 16
-135.0 156.45299999999997 12 870.0 -1005.0 83 -43 52.93199999999998 21.249999999999996 201
1080.0 116.56799999999998 9 1080.0 0.0 0 -36 30.838999999999995 21.740999999999996 0
1140.0 156.9639999999999 11 1140.0 0.0 0 -39 45.463 49.445999999999984 0
690.0 146.23999999999998 11 690.0 -1430.0 35 -38 48.05899999999999 29.435 286
415.0 208.529 11 1410.0 -995.0 82 -48 72.38100000000001 48.18499999999998 199
810.0 158.18899999999996 14 810.0 -1580.0 39 -38 54.361999999999995 29.831 316
810.0 208.36499999999995 11 810.0 0.0 0 -47 86.95 30.811999999999994 0
960.0 153.74099999999996 11 960.0 -2025.0 50 -36 55.72199999999999 35.302 405
990.0 156.284 14 990.0 -795.0 53 -38 62.396999999999984 37.808 159
1170.0 272.64400000000006 14 1680.0 -510.0 85 -64 91.11800000000002 65.15 51
1080.0 154.02499999999995 10 1080.0 0.0 0 -36 54.74499999999999 47.21 0
720.0 134.12399999999997 11 720.0 0.0 0 -34 44.06499999999999 27.750999999999998 0
1080.0 145.37 11 1080.0 -1570.0 39 -37 45.66399999999999 38.03099999999999 314
630.0 119.47799999999994 7 630.0 0.0 0 -34 31.066999999999993 23.755999999999997 0
960.0 142.05899999999994 11 960.0 0.0 0 -37 47.05299999999998 32.233999999999995 0
990.0 170.81699999999995 15 990.0 0.0 0 -41 56.76299999999999 41.007 0
435.0 238.97300000000007 13 1710.0 -1275.0 85 -54 83.21600000000001 68.26899999999999 255
415.0 179.207 11 1050.0 -635.0 84 -47 47.64599999999998 44.45000000000002 127
900.0 119.57099999999998 13 900.0 -1120.0 27 -33 40.63499999999999 23.287 224
660.0 143.27899999999997 9 660.0 0.0 0 -36 57.61500000000001 16.264999999999997 0
2595.0 362.385 22 2850.0 -255.0 85 -93 106.49599999999997 94.07700000000001 17
930.0 147.218 11 930.0 0.0 0 -38 47.72499999999998 33.483999999999995 0
75.0 160.074 12 1350.0 -1275.0 85 -42 58.80599999999999 46.68799999999999 255
535.0 160.04399999999998 12 1170.0 -635.0 84 -40 53.886999999999986 38.23099999999999 127
720.0 131.29299999999995 11 720.0 -1480.0 37 -35 41.172999999999995 18.801 296
-125.0 155.20599999999996 10 870.0 -995.0 82 -38 47.459999999999994 35.388 199
-420.0 149.74599999999998 12 840.0 -1260.0 84 -39 48.94399999999999 28.675000000000008 252
5.0 143.90799999999993 10 1230.0 -1225.0 81 -38 42.49799999999999 41.042 245
900.0 191.06999999999994 14 900.0 -1375.0 34 -36 88.993 38.216 275
1135.0 236.84900000000007 17 1770.0 -635.0 84 -61 87.11 59.14999999999996 127
840.0 143.21899999999994 11 840.0 0.0 0 -35 42.828 28.441000000000003 0
840.0 132.36599999999996 9 840.0 0.0 0 -37 44.08499999999999 23.381 0
-510.0 174.53699999999992 13 750.0 -1260.0 84 -43 51.19699999999998 32.153000000000006 252
780.0 146.796 13 780.0 -680.0 17 -34 54.02699999999998 29.305999999999997 136
870.0 243.081 18 1500.0 -630.0 84 -58 90.60999999999999 59.29900000000001 126
990.0 152.237 11 990.0 -1475.0 36 -37 49.07499999999999 36.911 295
2190.0 291.5589999999999 20 2430.0 -240.0 80 -73 93.64799999999997 92.01899999999996 16
2460.0 326.4169999999999 17 2700.0 -240.0 80 -77 109.746 73.68299999999999 16
720.0 114.21299999999997 10 720.0 0.0 0 -34 44.21099999999999 16.478000000000005 0
1140.0 138.02000000000004 9 1140.0 0.0 0 -34 45.303000000000026 28.525999999999996 0
1255.0 238.489 15 1890.0 -635.0 84 -56 89.10300000000002 68.77199999999996 127
750.0 212.7980000000001 13 1770.0 -1020.0 85 -49 83.20300000000005 60.70200000000002 204
-240.0 163.62499999999997 13 1020.0 -1260.0 84 -43 57.126 39.92299999999999 252
-300.0 159.07399999999993 12 960.0 -1260.0 84 -46 50.536999999999985 36.416 252
1080.0 176.55199999999996 16 1080.0 0.0 0 -39 61.472999999999985 52.43699999999999 0
1410.0 268.13800000000003 20 1650.0 -240.0 80 -70 83.84699999999998 68.32399999999998 16
1110.0 234.28799999999993 19 1350.0 -240.0 80 -61 72.206 37.428 16
60.0 217.79799999999997 16 1320.0 -1260.0 84 -60 64.23699999999997 48.57900000000002 252
-210.0 140.86100000000002 13 810.0 -1020.0 85 -36 48.483999999999995 31.112000000000005 204
1200.0 160.25500000000008 11 1200.0 -970.0 24 -39 52.99200000000001 29.73899999999999 194
690.0 244.47899999999998 14 1950.0 -1260.0 84 -57 89.862 73.97999999999999 252
660.0 138.18099999999995 10 660.0 0.0 0 -36 44.603999999999985 20.659999999999993 0
1170.0 138.46100000000004 11 1170.0 -1315.0 65 -34 52.518000000000015 39.937999999999995 263
1860.0 239.85999999999993 15 2100.0 -240.0 80 -58 79.726 71.15099999999997 16
840.0 221.16699999999994 14 840.0 0.0 0 -41 99.65499999999997 40.55 0
1200.0 171.38199999999995 10 1200.0 0.0 0 -41 58.36599999999998 40.53399999999998 0
1410.0 200.75699999999995 11 1410.0 -710.0 59 -45 61.852 66.89800000000001 142
-730.0 178.0879999999999 13 930.0 -1665.0 83 -44 59.45299999999998 35.178999999999995 333
750.0 131.07199999999997 10 750.0 0.0 0 -34 47.541000000000004 27.875 0
690.0 134.612 12 690.0 0.0 0 -37 53.93699999999999 25.203 0
1050.0 133.93399999999997 10 1050.0 0.0 0 -34 41.33899999999999 35.27099999999999 0
570.0 178.69099999999997 13 1200.0 -630.0 84 -43 71.42099999999998 43.79899999999999 126
810.0 129.87400000000002 10 810.0 0.0 0 -34 38.76299999999999 19.088 0
270.0 246.56000000000006 15 1290.0 -1020.0 85 -62 82.73500000000001 48.69499999999999 204
870.0 135.89 12 870.0 -1195.0 79 -37 49.31299999999999 33.56699999999999 239
450.0 197.22699999999995 16 1080.0 -630.0 84 -52 61.947999999999986 39.033 126
295.0 245.35399999999998 21 1290.0 -1020.0 83 -59 98.56399999999998 48.988 204
1260.0 160.21800000000002 9 1260.0 0.0 0 -37 58.595000000000006 44.60699999999998 0
1110.0 166.39399999999998 7 1110.0 0.0 0 -38 50.53999999999999 54.42800000000001 0
1560.0 212.3319999999999 7 1560.0 0.0 0 -44 75.016 68.25799999999997 0
1020.0 139.478 15 1020.0 -665.0 44 -39 46.36999999999999 25.356 133
210.0 187.74899999999994 12 1470.0 -1260.0 84 -48 67.61700000000002 47.115999999999985 252
1320.0 183.95399999999992 12 1320.0 0.0 0 -41 61.629999999999995 55.47599999999998 0
405.0 204.10299999999998 17 1410.0 -1005.0 83 -51 73.25500000000001 49.64199999999999 201
375.0 199.07199999999997 14 1380.0 -1005.0 83 -50 75.03300000000003 41.809 201
780.0 160.80599999999993 12 780.0 0.0 0 -40 55.16199999999999 31.861999999999995 0
1020.0 128.11599999999996 9 1020.0 0.0 0 -37 32.907999999999994 24.174 0
1320.0 170.78199999999995 8 1320.0 0.0 0 -39 54.43900000000001 51.394 0
-15.0 163.11999999999995 14 1230.0 -1245.0 83 -43 55.201999999999984 44.31099999999999 249
1470.0 297.02399999999994 18 2100.0 -630.0 84 -62 110.126 93.62199999999994 126
535.0 206.20299999999997 15 1530.0 -995.0 82 -47 72.72500000000001 60.67999999999999 199
960.0 125.49500000000005 6 960.0 0.0 0 -35 27.615999999999993 34.01200000000001 0
-150.0 181.39899999999994 13 1110.0 -1260.0 84 -47 65.63099999999999 39.01400000000001 252
1110.0 159.866 11 1110.0 -1015.0 84 -36 59.44500000000002 37.626000000000005 203
1290.0 201.57999999999996 12 1290.0 -930.0 23 -42 81.396 41.935 186
900.0 117.661 9 900.0 0.0 0 -34 26.883999999999997 32.35200000000001 0
1320.0 180.941 14 1320.0 0.0 0 -42 62.33199999999998 44.095 0
930.0 129.354 9 930.0 -1600.0 80 -34 43.28399999999999 33.23699999999999 320
1410.0 200.91699999999994 12 1410.0 -1590.0 39 -42 76.41399999999997 63.99899999999999 318
675.0 268.154 17 1950.0 -1275.0 85 -56 109.425 82.02899999999997 255
1440.0 174.32200000000006 10 1440.0 -1330.0 33 -35 67.06400000000002 60.677 266
990.0 146.89999999999998 13 990.0 0.0 0 -42 43.496999999999986 23.151000000000003 0
960.0 153.63899999999995 12 960.0 0.0 0 -37 50.17 36.415000000000006 0
900.0 149.48699999999994 13 900.0 -1890.0 47 -41 45.570999999999984 33.98 378
-150.0 193.5649999999999 17 1110.0 -1265.0 84 -55 60.06599999999999 34.477000000000004 253
2220.0 342.0809999999999 21 2460.0 -240.0 80 -80 124.33100000000002 97.75100000000002 16
930.0 168.32199999999997 14 930.0 -1165.0 77 -40 60.277999999999984 33.08 233
405.0 148.17699999999996 12 1410.0 -1005.0 83 -45 29.359999999999996 32.069 201
990.0 149.44199999999998 7 990.0 -2155.0 53 -33 46.541000000000004 41.83799999999999 431
1605.0 265.549 16 1860.0 -255.0 85 -65 83.32000000000001 66.75999999999999 17
900.0 155.33999999999995 14 900.0 -275.0 36 -34 53.732 37.580999999999996 55
-250.0 218.6969999999999 15 1410.0 -1660.0 83 -54 70.749 50.467000000000006 332
1080.0 177.13599999999997 12 1080.0 -1465.0 36 -37 64.112 52.919999999999995 293
1155.0 183.728 13 1410.0 -255.0 85 -50 46.06599999999999 45.821000000000005 17
-270.0 173.37099999999998 11 990.0 -1260.0 84 -42 67.14299999999999 32.542 252
1080.0 150.962 10 1080.0 -1870.0 46 -37 41.92900000000001 44.022999999999996 374
-600.0 166.50099999999998 13 660.0 -1260.0 84 -39 54.544999999999995 33.973 252
1410.0 170.41899999999998 13 1410.0 -285.0 19 -38 60.667000000000016 63.55799999999999 57
540.0 191.67499999999998 16 1170.0 -630.0 84 -54 55.70099999999999 44.619 126
660.0 180.19 16 1290.0 -630.0 84 -46 54.71199999999998 48.586999999999996 126
1470.0 190.717 10 1470.0 0.0 0 -40 66.18699999999998 61.180000000000014 0
930.0 153.90899999999993 10 930.0 -1645.0 41 -34 58.18200000000001 34.577 329
840.0 139.677 10 840.0 -960.0 64 -34 48.81599999999998 21.002999999999997 192
1050.0 143.51799999999997 8 1050.0 -2080.0 52 -34 51.744000000000014 37.163999999999994 416
1320.0 142.40999999999997 10 1320.0 0.0 0 -40 41.53299999999998 35.871000000000016 0
1050.0 123.75799999999995 8 1050.0 0.0 0 -35 36.702999999999996 32.62699999999999 0
1110.0 145.56500000000005 9 1110.0 0.0 0 -35 52.408000000000015 39.991000000000014 0
345.0 239.856 15 1620.0 -1275.0 85 -67 64.51699999999998 59.34499999999998 255
1140.0 120.13799999999999 7 1140.0 0.0 0 -35 30.051000000000002 33.873999999999995 0
1020.0 171.64299999999992 15 1020.0 0.0 0 -41 62.643999999999984 37.005 0
1110.0 170.256 11 1110.0 0.0 0 -42 66.70599999999999 33.24399999999999 0
1290.0 299.9929999999998 14 2310.0 -1020.0 85 -67 115.20799999999998 83.479 204
1500.0 129.83 9 1500.0 -1235.0 30 -34 45.30799999999999 44.999 247
1170.0 164.14599999999996 11 1170.0 0.0 0 -38 60.870999999999974 34.28999999999999 0
1050.0 149.62399999999994 11 1050.0 -1210.0 80 -37 48.33599999999999 40.193000000000005 242
1935.0 298.217 19 2190.0 -255.0 85 -70 91.89199999999998 82.31899999999999 17
1470.0 193.04 10 1470.0 0.0 0 -39 68.49500000000002 65.77099999999997 0
930.0 140.293 9 930.0 0.0 0 -35 39.07900000000002 32.41799999999999 0
930.0 169.73099999999997 12 930.0 0.0 0 -42 64.38499999999998 33.89699999999999 0
685.0 200.67400000000006 13 1680.0 -995.0 82 -54 52.465999999999994 64.483 199
1875.0 298.756 22 2130.0 -255.0 85 -76 94.07399999999997 80.04099999999998 17
1260.0 204.20800000000003 13 1260.0 -1120.0 27 -46 67.30599999999998 32.730000000000004 224
265.0 195.45600000000007 14 1260.0 -995.0 82 -47 67.542 46.30399999999999 199
600.0 238.22099999999998 16 1860.0 -1260.0 84 -56 81.94199999999998 74.86699999999999 252
150.0 256.2799999999999 17 1410.0 -1260.0 84 -58 106.76699999999997 52.498000000000005 252
-105.0 149.915 11 1170.0 -1275.0 85 -43 42.67 41.061 255
720.0 139.20699999999997 12 720.0 -1165.0 58 -34 46.15199999999999 24.275 233
775.0 277.7959999999999 18 1410.0 -635.0 84 -66 109.91399999999997 52.89499999999998 127
-150.0 156.69400000000002 11 1110.0 -1260.0 84 -42 48.06500000000003 24.546999999999997 252
1830.0 289.7749999999999 17 2070.0 -240.0 80 -76 86.52799999999999 69.444 16
450.0 126.849 10 450.0 0.0 0 -34 39.582 18.021 0
1380.0 152.47099999999995 11 1380.0 -805.0 67 -35 63.64599999999999 49.452999999999975 161
1260.0 184.69200000000004 16 1260.0 0.0 0 -42 70.679 54.235999999999976 0
1020.0 172.86299999999991 12 1020.0 0.0 0 -42 63.221 34.404 0
1110.0 163.672 12 1110.0 -1375.0 34 -37 64.03299999999999 47.19999999999999 275
925.0 265.381 14 1560.0 -635.0 84 -62 101.31200000000003 58.65899999999998 127
660.0 142.38799999999998 10 660.0 0.0 0 -39 38.567 25.815999999999995 0
-180.0 154.93099999999995 12 1080.0 -1260.0 84 -39 52.14899999999999 39.706999999999994 252
990.0 135.61200000000002 10 990.0 -1945.0 48 -37 39.987999999999985 34.079 389
810.0 127.00799999999997 10 810.0 0.0 0 -34 36.04899999999999 32.108999999999995 0
1500.0 153.313 13 1500.0 -435.0 36 -36 44.971000000000004 58.25699999999998 87
-510.0 179.926 13 1170.0 -1690.0 83 -50 46.81299999999999 29.999 338
225.0 201.29699999999994 14 1500.0 -1295.0 86 -47 65.54399999999998 57.46900000000001 259
900.0 155.38299999999998 11 900.0 0.0 0 -38 52.54499999999999 33.21999999999999 0
450.0 172.20499999999998 17 1080.0 -630.0 84 -47 51.02299999999999 37.843999999999994 126
1710.0 205.34500000000008 13 1950.0 -240.0 80 -57 32.98499999999999 66.52400000000003 16
-75.0 145.96699999999998 14 930.0 -1015.0 83 -45 40.83399999999999 21.529999999999998 203
750.0 143.158 13 750.0 0.0 0 -34 52.225999999999985 31.305000000000003 0
840.0 162.50899999999996 13 840.0 0.0 0 -43 53.176999999999985 34.266999999999996 0
990.0 157.88199999999998 10 990.0 0.0 0 -42 52.017 33.356 0
510.0 226.41999999999993 17 1140.0 -630.0 84 -53 79.739 40.756 126
840.0 134.11699999999996 12 840.0 -965.0 80 -36 46.40299999999999 30.008999999999997 193
1350.0 162.822 13 1350.0 0.0 0 -37 60.99800000000002 55.84499999999999 0
810.0 150.26299999999998 12 810.0 -1730.0 43 -39 51.14999999999999 35.07399999999999 346
360.0 155.266 13 990.0 -630.0 84 -48 36.630999999999986 27.186999999999994 126
900.0 157.02499999999995 12 900.0 -1615.0 40 -39 55.17799999999999 29.714999999999996 323
1170.0 139.49099999999999 9 1170.0 -1980.0 49 -36 51.739 37.835 396
720.0 205.57499999999996 17 1350.0 -630.0 84 -43 80.20199999999998 60.615999999999985 126
385.0 185.88499999999996 11 1380.0 -1025.0 84 -38 77.17300000000002 61.40699999999999 205
990.0 188.03699999999992 11 990.0 -2360.0 59 -39 66.79299999999999 46.99199999999999 472
1080.0 283.59900000000005 14 2100.0 -1020.0 85 -69 85.482 74.00600000000001 204
1050.0 158.37599999999995 12 1050.0 -1875.0 46 -40 54.47099999999999 39.557 375
1290.0 168.34099999999998 12 1290.0 -1255.0 31 -41 66.163 48.52599999999999 251
870.0 170.44199999999995 12 870.0 -1600.0 40 -38 59.071999999999974 37.584999999999994 320
1080.0 148.83499999999998 6 1080.0 0.0 0 -34 51.29000000000001 41.38099999999997 0
1020.0 124.90999999999997 9 1020.0 -1880.0 47 -35 32.63899999999999 36.02 376
75.0 148.49299999999994 14 1080.0 -1005.0 83 -42 45.11399999999999 27.190999999999995 201
270.0 213.43900000000002 16 1530.0 -1260.0 84 -54 70.36599999999999 50.67499999999998 252
1110.0 163.41699999999994 12 1110.0 -700.0 46 -37 64.24300000000002 43.283999999999985 140
-540.0 207.16099999999994 17 1140.0 -1680.0 83 -47 72.675 47.37000000000001 336
1440.0 168.878 8 1440.0 -930.0 77 -39 65.061 44.632999999999996 186
1140.0 133.33499999999998 12 1140.0 0.0 0 -37 43.051 37.739 0
270.0 212.591 13 1530.0 -1260.0 84 -58 46.547 50.37199999999999 252
1590.0 299.61799999999994 20 1830.0 -240.0 80 -66 104.26299999999996 78.27799999999998 16
375.0 262.309 13 1650.0 -1275.0 85 -65 104.10600000000002 56.701000000000015 255
-35.0 151.141 10 960.0 -995.0 82 -39 44.611 34.33699999999999 199
660.0 136.685 13 660.0 0.0 0 -39 45.475999999999985 27.617000000000004 0
1110.0 143.133 10 1110.0 -380.0 9 -32 53.50600000000002 40.632999999999996 76
1140.0 147.20899999999995 11 1140.0 0.0 0 -34 44.377999999999986 36.13799999999999 0
2100.0 358.77999999999986 24 2340.0 -240.0 80 -83 106.00499999999998 105.74400000000001 16
750.0 110.21399999999996 9 750.0 0.0 0 -35 22.262999999999998 24.101999999999997 0
2715.0 357.269 21 2940.0 -300.0 100 -90 102.42999999999998 107.43300000000002 20
1350.0 254.65499999999986 17 1980.0 -630.0 84 -67 85.17099999999998 50.745999999999995 126
1110.0 179.45 15 1110.0 -870.0 43 -44 67.348 36.05599999999999 174
1050.0 155.345 13 1050.0 -1035.0 25 -42 45.038 35.394 207
1140.0 141.831 8 1140.0 -1670.0 41 -34 41.11999999999999 47.234 334
750.0 209.07599999999996 21 1380.0 -630.0 84 -55 74.47699999999998 50.01599999999999 126
835.0 198.375 17 1470.0 -670.0 85 -50 70.43699999999998 57.31299999999998 134
1365.0 273.28599999999994 22 1620.0 -255.0 85 -64 92.86199999999997 61.794 17
1200.0 142.86100000000002 11 1200.0 0.0 0 -38 52.388000000000005 39.12099999999998 0
1080.0 185.164 11 1080.0 0.0 0 -39 71.85399999999998 50.59399999999999 0
900.0 139.37899999999996 12 900.0 -1095.0 73 -39 40.666 32.980999999999995 219
-320.0 208.90899999999993 9 1380.0 -1700.0 85 -49 67.30999999999999 54.44500000000001 340
780.0 133.24299999999994 9 780.0 0.0 0 -34 42.532999999999994 29.362 0
900.0 137.26099999999994 11 900.0 0.0 0 -34 47.92699999999999 37.745000000000005 0
90.0 218.4429999999999 14 1350.0 -1260.0 84 -51 71.84799999999996 55.652 252
1140.0 152.03199999999995 12 1140.0 0.0 0 -39 52.50099999999998 42.205 0
535.0 229.048 14 1530.0 -995.0 82 -63 57.08999999999999 50.10100000000001 199
900.0 148.73399999999998 16 900.0 0.0 0 -37 52.14299999999999 33.577999999999996 0
345.0 195.911 14 1410.0 -1005.0 83 -56 66.42200000000003 51.26699999999998 201
15.0 215.84299999999996 18 1020.0 -1005.0 83 -57 77.99499999999998 44.233999999999995 201
-60.0 216.09199999999998 15 1200.0 -1260.0 84 -52 73.49 39.023999999999994 252
930.0 113.90699999999998 11 930.0 -1355.0 33 -34 33.07099999999999 24.212 271
870.0 141.62799999999996 10 870.0 0.0 0 -39 48.087 25.237 0
495.0 272.5149999999999 17 1500.0 -1005.0 83 -65 101.43899999999996 53.195999999999984 201
1015.0 231.22199999999995 18 1650.0 -635.0 84 -56 82.09299999999999 56.696 127
-435.0 150.912 14 840.0 -1305.0 87 -42 42.989999999999995 25.444 261
1740.0 300.24199999999996 19 1980.0 -240.0 80 -78 85.03299999999999 60.35700000000002 16
990.0 147.42299999999994 10 990.0 0.0 0 -36 49.216999999999985 40.20499999999998 0
1020.0 132.916 13 1020.0 -955.0 23 -37 43.721999999999994 30.133 191
-800.0 165.43599999999995 13 900.0 -1700.0 85 -41 48.75199999999999 36.558 340
390.0 170.47599999999997 13 1650.0 -1260.0 84 -41 68.81900000000002 51.26099999999998 252
1190.0 252.94200000000004 14 1680.0 -490.0 81 -58 86.71400000000003 63.99699999999999 49
570.0 114.75499999999997 9 570.0 0.0 0 -34 30.788999999999998 17.351999999999997 0
1260.0 133.13400000000001 11 1260.0 -1515.0 37 -34 45.314 42.39399999999999 303
75.0 203.65299999999996 16 1080.0 -1005.0 83 -47 78.71399999999998 45.528999999999996 201
0.0 143.91099999999997 12 1260.0 -1260.0 84 -41 43.76 32.14099999999999 252
780.0 135.86299999999994 12 780.0 -695.0 46 -34 47.71899999999999 25.971 139
685.0 161.6589999999999 10 1260.0 -590.0 83 -45 45.801 39.5 118
900.0 124.21999999999994 11 900.0 -1275.0 31 -36 37.765 25.089 255
1080.0 135.884 11 1080.0 -255.0 21 -32 38.925 44.56599999999998 51
1375.0 237.7979999999999 22 2010.0 -635.0 84 -61 79.487 61.387999999999984 127
1160.0 252.17700000000005 20 1650.0 -490.0 81 -66 84.095 56.64099999999999 49
630.0 138.82899999999998 11 630.0 -2135.0 53 -36 50.83399999999999 20.305999999999994 427
615.0 198.88099999999991 11 1620.0 -1005.0 83 -48 62.69400000000002 60.742 201
690.0 207.93599999999998 19 1320.0 -640.0 84 -54 67.60199999999999 50.848 128
1050.0 130.42899999999997 14 1050.0 0.0 0 -37 45.02499999999999 32.589 0
960.0 143.74099999999996 12 960.0 -1855.0 46 -39 45.47499999999999 26.471 371
2235.0 300.3639999999999 17 2490.0 -255.0 85 -66 99.784 115.16600000000001 17
1380.0 165.81799999999998 15 1380.0 -1115.0 74 -38 65.59299999999999 46.133999999999986 223
475.0 215.84399999999994 19 1470.0 -995.0 82 -55 79.59299999999998 55.166999999999994 199
480.0 130.82 8 480.0 0.0 0 -34 44.980000000000004 17.032 0
750.0 200.23399999999998 17 1380.0 -630.0 84 -52 70.77299999999998 51.81099999999999 126
870.0 179.28400000000002 11 870.0 0.0 0 -37 71.80799999999996 39.72099999999999 0
1380.0 163.12699999999992 7 1380.0 -2325.0 58 -43 49.98199999999998 43.01999999999999 465
1140.0 157.86 12 1140.0 0.0 0 -41 56.803000000000004 39.87100000000001 0
1380.0 167.56899999999993 10 1380.0 0.0 0 -41 61.28099999999999 43.732 0
960.0 124.00399999999996 10 960.0 0.0 0 -34 40.474 31.88300000000001 0
-150.0 144.40800000000002 11 1110.0 -1260.0 84 -41 44.09799999999999 43.141999999999996 252
1170.0 131.46499999999997 10 1170.0 -1680.0 41 -37 33.87 38.376999999999995 336
-435.0 164.99399999999997 10 840.0 -1275.0 85 -38 67.92599999999999 28.678 255
120.0 196.39199999999997 13 1380.0 -1260.0 84 -58 50.974 45.58700000000001 252
1470.0 160.43999999999997 9 1470.0 -1780.0 44 -35 69.366 45.139 356
-195.0 173.381 15 1050.0 -1245.0 83 -46 49.21299999999999 37.74899999999999 249
985.0 269.26300000000003 20 1620.0 -635.0 84 -59 92.78899999999997 76.79599999999999 127
1020.0 171.01999999999998 13 1020.0 0.0 0 -39 57.813999999999986 37.121 0
1260.0 175.78299999999996 9 1260.0 0.0 0 -40 58.021 47.301 0
630.0 287.642 13 1890.0 -1260.0 84 -63 112.39900000000002 77.17999999999999 252
1380.0 197.40300000000002 15 1380.0 -1460.0 36 -40 74.65099999999997 56.975 292
180.0 188.39600000000002 9 1440.0 -1260.0 84 -47 58.56500000000001 43.824 252
1200.0 173.15999999999997 13 1200.0 0.0 0 -46 52.78599999999999 45.124999999999986 0
1135.0 227.25 14 1770.0 -635.0 84 -66 52.988 62.533 127
-180.0 153.98099999999997 12 840.0 -1020.0 85 -43 49.746999999999986 26.537 204
480.0 164.348 16 1050.0 -570.0 80 -44 50.44499999999999 38.814 114
955.0 251.52500000000003 16 1590.0 -635.0 84 -65 88.45499999999998 49.74099999999999 127
1200.0 179.86099999999993 11 1200.0 0.0 0 -43 55.739000000000004 43.42 0
15.0 162.04099999999997 16 1020.0 -1010.0 83 -45 49.29499999999999 30.700999999999993 202
1020.0 128.605 7 1020.0 0.0 0 -34 33.146 42.01599999999999 0
780.0 163.63500000000002 10 780.0 0.0 0 -38 54.18100000000002 25.647 0
2070.0 343.89699999999993 21 2310.0 -240.0 80 -80 119.51800000000001 88.08999999999997 16
-150.0 190.62099999999995 16 1110.0 -1275.0 85 -47 68.695 36.285 255
1590.0 203.31400000000005 11 1590.0 -1645.0 41 -47 64.33800000000001 62.900999999999996 329
1080.0 138.46200000000002 15 1080.0 0.0 0 -35 47.53399999999999 36.11 0
1530.0 193.03199999999995 12 1530.0 0.0 0 -46 65.18799999999999 59.644 0
600.0 134.257 11 600.0 0.0 0 -36 41.86699999999999 23.874000000000002 0
-240.0 148.956 13 1020.0 -1260.0 84 -44 42.93899999999999 26.316 252
105.0 157.299 14 1110.0 -1005.0 83 -38 52.61 44.46299999999999 201
-850.0 130.69699999999997 13 810.0 -1660.0 83 -35 39.29799999999999 25.651 332
900.0 139.636 14 900.0 0.0 0 -38 45.00499999999999 34.775 0
45.0 156.90599999999995 12 1050.0 -1005.0 83 -38 51.538 46.51699999999998 201
720.0 121.63500000000003 10 720.0 0.0 0 -35 36.513999999999996 28.688999999999997 0
840.0 146.58299999999997 12 840.0 -1960.0 49 -32 60.47900000000001 30.380999999999997 392
2595.0 343.0229999999999 19 2820.0 -225.0 75 -86 99.58999999999999 109.258 15
150.0 238.81400000000005 11 1830.0 -1680.0 83 -58 81.84400000000004 64.17900000000002 336
990.0 162.46999999999994 14 990.0 -805.0 67 -42 56.96199999999998 33.196 161
1140.0 173.952 13 1140.0 -950.0 79 -41 65.57999999999998 50.333 190
1080.0 170.613 9 1080.0 -1805.0 45 -38 64.93799999999999 27.60600000000001 361
-240.0 185.50199999999998 13 1020.0 -1260.0 84 -48 65.07799999999996 36.111 252
1410.0 200.10299999999998 13 1410.0 -605.0 40 -45 69.46700000000003 61.66399999999997 121
870.0 152.67199999999997 11 870.0 -765.0 51 -38 58.118 26.615999999999996 153
-90.0 149.10699999999997 9 1170.0 -1260.0 84 -37 52.522999999999996 42.775999999999975 252
750.0 129.54699999999997 10 750.0 0.0 0 -34 40.539999999999985 25.633999999999993 0
1200.0 154.83100000000002 9 1200.0 0.0 0 -34 62.535000000000025 50.983 0
1260.0 170.1699999999999 10 1260.0 -1385.0 34 -41 57.40599999999998 44.622 277
1260.0 186.85 9 1260.0 -1970.0 49 -44 69.347 46.742 394
1050.0 177.66400000000002 12 1050.0 -830.0 69 -35 71.99700000000001 46.89199999999998 166
870.0 118.94499999999998 10 870.0 -1555.0 38 -36 30.301999999999996 20.256 311
930.0 152.67700000000008 10 930.0 0.0 0 -35 62.38000000000002 33.571999999999996 0
775.0 227.74799999999993 14 1410.0 -635.0 84 -57 83.19800000000001 50.583 127
-210.0 160.87999999999997 11 1050.0 -1260.0 84 -41 56.585999999999984 33.80799999999999 252
1200.0 155.066 7 1200.0 0.0 0 -42 37.91299999999998 39.067000000000014 0
90.0 217.52300000000002 17 1110.0 -1020.0 85 -53 74.01699999999998 48.456999999999994 204
1170.0 181.34700000000004 15 1170.0 -880.0 58 -42 67.37099999999998 44.405 176
1815.0 281.67300000000006 18 2070.0 -255.0 85 -66 103.68400000000004 64.792 17
1230.0 163.70000000000002 12 1230.0 -805.0 67 -36 60.594000000000015 44.55199999999999 161
750.0 252.99299999999997 15 1680.0 -630.0 84 -58 79.829 68.13799999999998 126
960.0 137.35999999999999 10 960.0 0.0 0 -37 35.503999999999984 32.73 0
960.0 136.44099999999995 11 960.0 0.0 0 -35 43.339999999999996 33.349 0
1140.0 150.18099999999995 14 1140.0 -1730.0 43 -42 50.82499999999999 36.616 346
900.0 150.44899999999996 12 900.0 -1810.0 45 -38 56.59699999999998 32.28099999999999 362
175.0 156.914 14 1170.0 -995.0 82 -39 56.273999999999994 40.62999999999998 199
-120.0 145.565 13 1140.0 -1260.0 84 -43 38.760999999999996 35.309999999999995 252
870.0 139.62699999999998 14 870.0 -1555.0 38 -35 46.958999999999996 37.940999999999995 311
1170.0 159.15199999999996 13 1170.0 -1165.0 77 -40 44.88599999999999 33.260999999999996 233
585.0 205.17999999999995 14 1590.0 -1005.0 83 -47 81.73299999999999 62.125 201
900.0 110.613 6 900.0 -2365.0 59 -29 36.79399999999999 28.913999999999984 473
1230.0 172.533 15 1230.0 -1005.0 67 -39 59.19499999999999 49.200999999999986 201
810.0 143.087 12 810.0 0.0 0 -39 53.02999999999999 25.658 0
-630.0 176.34399999999997 13 1050.0 -1680.0 83 -46 54.583999999999996 45.61899999999999 336
445.0 188.99799999999993 12 1440.0 -995.0 82 -46 68.838 51.025 199
1080.0 173.95199999999997 12 1080.0 -955.0 79 -38 68.971 39.861999999999995 191
1320.0 182.999 12 1320.0 0.0 0 -35 75.705 58.20799999999998 0
1410.0 248.211 21 1650.0 -240.0 80 -68 74.98299999999998 59.22299999999999 16
1200.0 155.45799999999997 10 1200.0 0.0 0 -41 47.26199999999999 39.59399999999999 0
840.0 146.49999999999997 13 840.0 0.0 0 -37 48.97799999999999 33.090999999999994 0
1630.0 308.922 20 2130.0 -500.0 83 -76 107.24699999999999 73.79800000000002 50
1170.0 154.715 13 1170.0 -1590.0 39 -37 63.244 44.75199999999998 318
750.0 171.13899999999995 9 750.0 0.0 0 -40 67.44899999999998 24.014999999999997 0
1290.0 146.793 12 1290.0 -365.0 24 -35 55.26099999999999 50.18 73
-65.0 163.63499999999993 12 930.0 -995.0 82 -40 53.75399999999999 35.893 199
1050.0 134.28700000000003 7 1050.0 0.0 0 -34 41.27700000000002 28.63899999999998 0
750.0 137.59099999999995 12 750.0 -1210.0 80 -35 46.53499999999999 23.557999999999996 242
-390.0 166.881 10 1290.0 -1680.0 83 -42 54.629000000000026 43.29199999999999 336
1440.0 205.58100000000005 11 1440.0 0.0 0 -42 75.14300000000001 66.528 0
750.0 123.36199999999998 10 750.0 0.0 0 -34 29.972 28.39999999999999 0
870.0 154.177 10 870.0 0.0 0 -37 50.684 26.599999999999998 0
810.0 133.36299999999997 9 810.0 -1595.0 39 -34 43.191 29.301 319
160.0 181.41199999999998 12 1140.0 -980.0 81 -49 50.60199999999999 38.65899999999999 196
1080.0 144.90100000000007 7 1080.0 -2495.0 62 -34 47.18200000000002 33.911 499
795.0 231.28399999999993 17 1800.0 -1005.0 83 -64 68.14199999999998 54.39499999999999 201
1260.0 141.90100000000004 9 1260.0 -1070.0 71 -34 55.91200000000002 40.911999999999985 214
840.0 124.94899999999998 12 840.0 0.0 0 -34 37.73499999999999 23.482 0
930.0 151.17700000000002 13 930.0 0.0 0 -39 50.14099999999999 33.499 0
900.0 176.26900000000003 9 900.0 -2060.0 51 -38 65.70200000000003 20.616 412
1875.0 308.0529999999999 16 2130.0 -255.0 85 -71 104.19100000000002 92.70399999999997 17
960.0 142.17499999999995 12 960.0 0.0 0 -40 35.484 30.031 0
990.0 163.23499999999993 7 990.0 0.0 0 -40 46.19099999999999 40.50300000000001 0
1080.0 146.611 9 1080.0 -1475.0 73 -37 53.953999999999986 37.702 295
1020.0 129.79200000000003 7 1020.0 -2040.0 51 -35 25.750999999999998 36.423000000000016 408
570.0 133.70299999999997 10 570.0 0.0 0 -34 42.36 18.642999999999997 0
-150.0 163.044 15 1110.0 -1260.0 84 -48 50.18499999999999 36.463 252
1050.0 195.43399999999994 17 1050.0 0.0 0 -45 68.64199999999997 42.68799999999999 0
720.0 123.26399999999997 10 720.0 0.0 0 -36 30.606999999999992 18.427 0
1290.0 140.10899999999998 11 1290.0 0.0 0 -36 48.18499999999999 43.219 0
1350.0 186.0949999999999 11 1350.0 0.0 0 -40 70.30699999999999 57.86199999999997 0
1590.0 153.35399999999996 9 1590.0 -1870.0 46 -42 43.61799999999999 57.766999999999996 374
900.0 132.47000000000003 13 900.0 -1070.0 26 -35 40.96499999999999 33.818 214
690.0 155.48899999999995 13 690.0 0.0 0 -39 54.50399999999998 22.134999999999994 0
-65.0 174.462 15 930.0 -995.0 82 -49 51.633999999999986 32.10999999999999 199
750.0 131.11199999999994 11 750.0 -1155.0 57 -35 46.42299999999999 22.126999999999995 231
1845.0 262.71399999999994 17 2070.0 -225.0 75 -65 84.236 79.57 15
1440.0 162.90900000000008 8 1440.0 -1855.0 46 -39 58.13299999999998 48.41800000000002 371
1080.0 275.64 21 1560.0 -480.0 80 -71 88.768 56.689 48
1170.0 159.27299999999994 14 1170.0 -170.0 11 -35 67.62099999999997 50.196000000000005 34
780.0 145.757 11 780.0 -690.0 17 -37 48.947999999999986 29.063999999999997 138
-60.0 174.60999999999999 11 960.0 -1020.0 85 -42 61.00399999999999 38.681 204
990.0 124.62599999999998 13 990.0 0.0 0 -35 29.979000000000003 33.355 0
45.0 164.551 12 1320.0 -1275.0 85 -38 61.22500000000002 51.42899999999998 255
-540.0 185.663 9 1140.0 -1680.0 83 -41 64.41200000000002 49.503000000000014 336
1020.0 227.12599999999995 15 1650.0 -630.0 84 -64 60.31 53.853999999999985 126
1020.0 142.45099999999994 11 1020.0 -1510.0 37 -39 45.68999999999999 29.022999999999996 302
1140.0 142.20899999999995 7 1140.0 0.0 0 -35 54.24800000000001 37.088 0
1140.0 143.51899999999998 5 1140.0 -2415.0 60 -34 39.87900000000002 34.53900000000001 483
690.0 125.58499999999998 9 690.0 0.0 0 -34 35.565 31.59599999999999 0
1440.0 164.04700000000003 14 1440.0 0.0 0 -36 66.09400000000002 53.916 0
990.0 134.61100000000002 13 990.0 -975.0 24 -37 36.291999999999994 28.646000000000004 195
295.0 167.89499999999995 11 1290.0 -995.0 82 -45 47.784 44.14499999999999 199
-180.0 198.53399999999993 14 1080.0 -1260.0 84 -42 82.22299999999996 41.763999999999996 252
480.0 246.42999999999995 15 1740.0 -1260.0 84 -61 72.61599999999996 65.08900000000001 252
990.0 149.2489999999999 11 990.0 -1005.0 67 -37 49.277999999999984 35.493 201
1020.0 135.22099999999998 11 1020.0 0.0 0 -37 31.799999999999994 34.275 0
1170.0 160.35399999999993 10 1170.0 -2045.0 51 -41 48.12699999999998 47.60199999999998 409
565.0 183.68899999999996 14 1200.0 -635.0 84 -47 62.06899999999999 37.105 127
1050.0 167.33699999999996 11 1050.0 -1120.0 74 -37 57.022999999999996 44.116 224
570.0 138.33199999999997 10 570.0 0.0 0 -35 45.715999999999994 23.802999999999997 0
1050.0 137.61200000000002 7 1050.0 -2305.0 57 -35 42.765 39.263999999999996 461
720.0 184.95599999999993 16 1350.0 -630.0 84 -52 50.512999999999984 37.465999999999994 126
-90.0 219.07399999999993 17 1170.0 -1275.0 85 -52 86.41499999999996 44.448 255
-360.0 142.01200000000003 14 900.0 -1275.0 84 -40 44.09 27.869000000000003 255
1500.0 168.83200000000002 7 1500.0 0.0 0 -41 45.58299999999999 59.72999999999997 0
300.0 183.604 14 930.0 -630.0 84 -48 54.319999999999986 43.593 126
465.0 202.312 16 1470.0 -1005.0 83 -51 66.87899999999998 60.40799999999999 201
990.0 179.09399999999994 13 990.0 0.0 0 -42 58.655999999999985 38.477 0
1440.0 174.85499999999993 14 1440.0 -675.0 45 -37 72.85000000000001 61.486999999999995 135
85.0 181.78699999999998 15 1080.0 -995.0 82 -50 52.560999999999986 32.052 199
165.0 170.98799999999994 13 1170.0 -1020.0 83 -39 60.623 51.374999999999986 204
1110.0 137.51099999999994 11 1110.0 -1575.0 39 -37 40.83099999999999 36.96899999999999 315
1020.0 167.26099999999997 15 1020.0 -1150.0 28 -35 62.264999999999986 47.32199999999999 230
-150.0 182.18799999999993 15 1110.0 -1260.0 84 -49 57.60499999999998 35.585 252
-210.0 168.62799999999996 12 1050.0 -1285.0 85 -39 62.56799999999998 43.046 257
900.0 147.62099999999998 10 900.0 0.0 0 -34 50.93 35.574999999999996 0
900.0 157.06599999999995 13 900.0 -1190.0 29 -45 51.161999999999985 29.564 238
