150.0 188.29399999999995 14 1230.0 -1080.0 90 -50 63.39799999999999 43.657 216
2160.0 318.08799999999985 19 2430.0 -275.0 90 -83 105.804 65.33099999999999 19
1050.0 178.73899999999995 11 1050.0 -1735.0 43 -40 69.23899999999998 35.12499999999999 347
1320.0 191.18499999999995 15 1320.0 -1275.0 31 -49 59.02099999999999 46.405 255
900.0 185.84300000000002 18 900.0 -380.0 9 -45 71.327 34.449999999999996 76
1320.0 197.82999999999998 12 1320.0 0.0 0 -45 75.21000000000001 47.911999999999985 0
1620.0 164.91999999999996 11 1620.0 0.0 0 -44 57.75200000000002 41.804999999999986 0
535.0 243.99099999999996 12 1590.0 -1055.0 87 -60 76.386 49.77600000000001 211
1650.0 199.673 16 1650.0 -165.0 8 -46 81.11299999999999 62.23699999999999 33
1530.0 204.80099999999996 10 1530.0 0.0 0 -48 74.33600000000001 54.08800000000001 0
2220.0 287.32000000000005 13 2490.0 -270.0 90 -73 85.858 81.57699999999998 18
1140.0 174.49499999999995 13 1140.0 0.0 0 -42 65.12099999999998 41.365999999999985 0
1350.0 182.50099999999995 11 1350.0 0.0 0 -44 58.256 55.22399999999998 0
1020.0 168.532 14 1020.0 0.0 0 -40 52.911 44.956999999999994 0
930.0 141.46599999999995 9 930.0 -1835.0 45 -33 59.99500000000002 30.43399999999999 367
895.0 239.56099999999992 14 1950.0 -1055.0 87 -61 75.419 66.81299999999999 211
825.0 231.489 15 1590.0 -675.0 90 -47 91.90300000000003 70.03699999999999 135
315.0 175.44299999999993 13 1380.0 -1085.0 89 -47 57.41499999999999 53.63199999999999 217
-360.0 163.92899999999997 12 990.0 -1350.0 90 -43 60.52399999999998 29.189999999999998 270
1620.0 226.26899999999998 12 1620.0 -950.0 63 -54 66.13599999999997 44.54400000000001 190
1050.0 176.50599999999997 12 1050.0 0.0 0 -42 66.816 42.677 0
870.0 146.99199999999996 15 870.0 -1575.0 78 -40 46.823 33.534 315
1395.0 235.4259999999999 21 1650.0 -255.0 85 -58 91.57199999999999 55.547999999999995 17
1770.0 206.89900000000003 10 1770.0 0.0 0 -46 69.33700000000002 73.67499999999994 0
-35.0 198.17199999999997 17 1080.0 -1055.0 87 -51 67.715 36.398999999999994 211
1110.0 208.19899999999998 12 1110.0 0.0 0 -50 74.43699999999998 39.48299999999999 0
1200.0 197.2920000000001 19 1200.0 -945.0 78 -47 67.46199999999999 45.49699999999999 189
-345.0 148.362 14 990.0 -1335.0 89 -46 36.394999999999996 26.048 267
1500.0 149.23800000000006 11 1500.0 -685.0 17 -41 50.20700000000001 38.29099999999998 137
1110.0 159.32799999999997 11 1110.0 0.0 0 -46 36.01399999999999 34.391000000000005 0
-300.0 149.15799999999996 11 1020.0 -1320.0 88 -41 36.49799999999999 31.191999999999986 264
1020.0 151.682 10 1020.0 0.0 0 -43 31.394999999999996 29.667999999999992 0
1110.0 146.42799999999994 10 1110.0 0.0 0 -39 51.14299999999999 33.362 0
1605.0 272.31199999999995 20 1860.0 -255.0 85 -73 76.02999999999997 68.70799999999997 17
900.0 161.93899999999996 11 900.0 0.0 0 -39 49.32399999999999 31.259999999999998 0
60.0 170.28599999999997 13 1140.0 -1085.0 90 -47 51.95099999999999 38.649 217
1350.0 175.94099999999995 14 1350.0 -650.0 86 -40 63.76400000000002 53.56999999999997 130
1140.0 203.88999999999996 15 1140.0 -785.0 19 -46 73.10199999999999 48.55599999999998 157
930.0 166.509 14 930.0 -1080.0 90 -44 51.30899999999998 33.955 216
1680.0 275.69499999999994 15 1920.0 -240.0 80 -72 84.48599999999998 68.27300000000001 16
1530.0 198.69300000000004 14 1530.0 -590.0 39 -49 69.34399999999998 60.613999999999976 118
1380.0 194.9709999999999 16 1380.0 0.0 0 -47 67.82699999999998 57.978999999999985 0
1980.0 202.48899999999995 12 1980.0 0.0 0 -47 67.08 63.668 0
1200.0 171.43800000000005 11 1200.0 -745.0 62 -42 46.169000000000004 47.90600000000003 149
1020.0 182.7419999999999 15 1020.0 0.0 0 -43 63.855 45.27899999999999 0
1500.0 203.417 17 1500.0 -1125.0 56 -55 70.40799999999999 32.113 225
1380.0 167.63899999999998 14 1380.0 -770.0 51 -43 70.60499999999999 39.04099999999999 154
1020.0 177.22999999999996 12 1020.0 -870.0 21 -42 59.15399999999999 46.278 174
205.0 174.08599999999996 10 1260.0 -1055.0 87 -43 55.562 51.047999999999995 211
1410.0 165.64 8 1410.0 0.0 0 -40 47.80000000000001 44.42399999999999 0
1080.0 170.94699999999995 12 1080.0 -1120.0 74 -43 67.045 39.65699999999999 224
1050.0 153.47499999999997 16 1050.0 -525.0 43 -41 57.41999999999999 35.729 105
1845.0 264.412 17 2100.0 -255.0 85 -70 72.19599999999998 73.151 17
120.0 206.99699999999999 13 1470.0 -1350.0 90 -52 66.14899999999997 54.42900000000001 270
1080.0 166.653 15 1080.0 0.0 0 -39 64.11099999999999 37.297999999999995 0
1020.0 189.4129999999999 12 1020.0 -1485.0 37 -46 58.58099999999997 36.832 297
1140.0 154.74599999999998 9 1140.0 0.0 0 -39 49.48799999999999 41.22 0
930.0 161.893 11 930.0 -1565.0 78 -39 64.42399999999998 30.740000000000006 313
1110.0 203.21000000000004 13 1110.0 -550.0 13 -41 71.90700000000002 66.37299999999998 110
-30.0 202.2629999999999 15 1320.0 -1350.0 90 -54 65.95699999999998 41.70199999999999 270
1470.0 200.32000000000008 8 1470.0 0.0 0 -44 72.91399999999997 56.733000000000004 0
465.0 183.52300000000002 14 1140.0 -675.0 90 -50 55.661 41.13899999999999 135
840.0 268.09000000000003 16 1920.0 -1080.0 90 -64 89.44299999999998 67.612 216
1800.0 185.458 11 1800.0 -280.0 37 -40 69.368 75.41799999999998 56
895.0 281.67799999999994 16 1950.0 -1100.0 102 -68 93.44499999999996 74.339 214
960.0 151.22399999999996 12 960.0 -1385.0 34 -42 53.40799999999999 26.854 277
90.0 217.6099999999999 12 1680.0 -1080.0 90 -54 76.50499999999998 62.93999999999998 216
360.0 174.4069999999999 12 1440.0 -1080.0 90 -48 58.594000000000015 40.12800000000002 216
1935.0 354.4579999999999 23 2190.0 -255.0 85 -79 135.94199999999998 86.36800000000001 17
1290.0 154.38899999999998 11 1290.0 -580.0 48 -42 52.098 40.64399999999998 116
300.0 215.32699999999997 12 1650.0 -1350.0 90 -52 70.78400000000002 65.67999999999996 270
1320.0 231.70399999999992 17 1590.0 -270.0 90 -62 61.91099999999999 39.175 18
1275.0 284.5119999999999 18 1950.0 -675.0 90 -65 97.572 75.42899999999996 135
1020.0 133.975 13 1020.0 -1060.0 70 -40 41.75099999999999 29.26499999999999 212
300.0 218.32100000000003 18 1380.0 -1080.0 90 -56 77.341 40.29899999999999 216
2235.0 415.9349999999999 26 2490.0 -255.0 85 -95 153.62099999999998 103.57700000000003 17
1365.0 222.69099999999992 15 1620.0 -255.0 85 -60 59.82799999999999 46.165 17
595.0 202.45199999999994 16 1260.0 -665.0 88 -53 70.60499999999998 27.450999999999997 133
1530.0 172.30399999999997 10 1530.0 -1635.0 81 -41 63.13400000000002 51.55900000000001 327
1020.0 176.83999999999992 12 1020.0 0.0 0 -46 53.37999999999997 27.772999999999996 0
930.0 163.04999999999995 10 930.0 0.0 0 -39 59.45799999999999 39.972 0
1110.0 162.00099999999998 14 1110.0 0.0 0 -43 44.506 37.84699999999999 0
1380.0 155.89 8 1380.0 0.0 0 -40 42.212 52.514 0
900.0 154.43199999999996 14 900.0 0.0 0 -42 53.90299999999999 28.986999999999995 0
1140.0 166.37900000000002 13 1140.0 -1240.0 82 -44 53.60599999999999 43.03999999999999 248
1320.0 163.70000000000002 11 1320.0 0.0 0 -40 57.33399999999998 47.33099999999999 0
1530.0 172.97899999999998 8 1530.0 0.0 0 -40 59.750000000000014 45.86499999999998 0
1350.0 185.81399999999996 9 1350.0 -2145.0 53 -44 60.174000000000014 60.50899999999998 429
1200.0 194.44200000000004 14 1200.0 0.0 0 -47 70.75299999999999 47.25000000000002 0
285.0 177.20600000000005 11 1620.0 -1335.0 89 -50 59.84600000000001 50.091999999999985 267
1350.0 169.01000000000002 12 1350.0 -935.0 46 -39 64.29400000000003 50.391000000000005 187
2085.0 277.058 19 2340.0 -255.0 85 -76 74.61399999999999 84.39300000000001 17
1620.0 185.412 7 1620.0 -1615.0 80 -40 64.11200000000004 66.617 323
510.0 263.03200000000004 14 1590.0 -1080.0 90 -62 84.29599999999998 66.95600000000002 216
15.0 175.01399999999995 11 1080.0 -1065.0 88 -47 55.830999999999975 31.71999999999999 213
405.0 202.87999999999997 14 1080.0 -675.0 90 -54 71.19 34.81099999999999 135
1590.0 222.08599999999998 10 1590.0 0.0 0 -49 86.9 58.889999999999986 0
1140.0 150.36599999999996 13 1140.0 -825.0 68 -40 41.270999999999994 32.234999999999985 165
960.0 154.3979999999999 12 960.0 -730.0 18 -40 50.85799999999998 27.068 146
1020.0 167.36299999999994 15 1020.0 -940.0 62 -41 56.998999999999995 37.856 188
1410.0 162.026 15 1410.0 -930.0 77 -45 49.78699999999999 37.692 186
990.0 145.03699999999995 14 990.0 -1430.0 35 -39 55.48499999999999 35.711000000000006 286
1050.0 168.852 14 1050.0 -425.0 56 -44 56.68499999999999 44.011999999999986 85
1200.0 168.96499999999995 14 1200.0 -1220.0 30 -41 64.21299999999998 47.554999999999986 244
205.0 195.773 14 1260.0 -1055.0 87 -51 46.495 49.50299999999998 211
300.0 205.6049999999999 15 1380.0 -1080.0 90 -52 71.52899999999998 50.797999999999995 216
495.0 218.27099999999993 15 1560.0 -1065.0 88 -56 76.08899999999998 54.67999999999999 213
510.0 198.376 11 1590.0 -1080.0 90 -50 62.785 59.663 216
-45.0 189.57599999999988 10 1290.0 -1335.0 89 -51 70.36299999999996 27.054 267
1020.0 157.57999999999998 11 1020.0 0.0 0 -39 49.79700000000001 43.395999999999994 0
315.0 180.14700000000002 15 990.0 -675.0 90 -51 49.78499999999999 29.382999999999992 135
1410.0 194.96200000000002 16 1410.0 0.0 0 -42 75.243 53.63699999999999 0
540.0 265.572 14 1890.0 -1350.0 90 -68 84.15499999999999 69.892 270
1320.0 175.78799999999998 11 1320.0 -1345.0 33 -41 48.94599999999999 57.787000000000006 269
900.0 153.51 14 900.0 0.0 0 -40 43.147 33.171 0
900.0 131.74999999999997 12 900.0 -1140.0 76 -39 52.08799999999999 22.375999999999998 228
300.0 192.811 13 1320.0 -1020.0 85 -45 72.22400000000002 42.29599999999999 204
1920.0 247.49899999999997 14 1920.0 0.0 0 -52 95.47500000000001 77.80599999999998 0
1200.0 166.07799999999992 15 1200.0 -190.0 25 -43 57.168999999999976 41.636 38
1170.0 171.24599999999998 16 1170.0 -1205.0 30 -37 53.87799999999999 54.104 241
1065.0 271.18799999999993 17 1740.0 -675.0 90 -62 112.98599999999998 60.42599999999999 135
1770.0 157.02500000000006 6 1770.0 0.0 0 -39 43.05200000000002 39.667 0
240.0 251.42499999999995 15 1590.0 -1350.0 90 -56 89.85399999999998 70.25999999999999 270
1140.0 210.5619999999999 13 1140.0 -1255.0 31 -47 78.83999999999999 46.751 251
330.0 299.09399999999994 18 1680.0 -1350.0 90 -64 106.56799999999998 85.676 270
1935.0 282.351 18 2190.0 -255.0 85 -71 88.64200000000002 72.20799999999998 17
895.0 195.60399999999996 16 1500.0 -605.0 85 -56 56.325999999999986 49.018 121
1140.0 177.211 14 1140.0 -70.0 5 -45 63.45499999999999 46.46899999999999 14
930.0 167.62599999999992 12 930.0 -1140.0 76 -46 49.18799999999999 29.164999999999996 228
1350.0 169.26399999999998 12 1350.0 0.0 0 -40 52.86899999999999 54.57599999999999 0
1380.0 118.23699999999998 5 1380.0 0.0 0 -40 24.887 34.05899999999998 0
1230.0 152.401 9 1230.0 0.0 0 -39 43.566 46.396999999999984 0
-150.0 147.47599999999994 10 1200.0 -1350.0 90 -42 43.46699999999999 36.22699999999999 270
1050.0 172.24399999999997 16 1050.0 0.0 0 -45 51.13099999999999 43.05299999999999 0
930.0 189.76299999999995 17 930.0 -680.0 56 -44 63.46399999999998 36.45399999999999 136
1440.0 175.216 13 1440.0 0.0 0 -39 64.569 61.91999999999999 0
1290.0 174.893 12 1290.0 0.0 0 -42 59.212999999999994 52.547999999999995 0
1050.0 179.75199999999998 11 1050.0 0.0 0 -46 58.64699999999998 34.78399999999999 0
1260.0 153.728 14 1260.0 0.0 0 -41 59.04699999999999 34.522 0
1170.0 172.15200000000004 12 1170.0 -945.0 78 -41 65.051 43.04400000000002 189
150.0 165.483 14 1230.0 -1080.0 90 -47 48.52499999999999 40.52599999999999 216
1080.0 171.09499999999994 12 1080.0 0.0 0 -45 58.384999999999984 41.973000000000006 0
960.0 163.85199999999998 15 960.0 0.0 0 -43 59.541999999999994 29.140000000000004 0
1710.0 248.51800000000003 17 1710.0 0.0 0 -50 93.82999999999998 81.90499999999999 0
-60.0 222.82199999999995 16 1290.0 -1350.0 90 -54 76.56899999999997 56.343999999999994 270
15.0 224.5880000000001 11 1320.0 -1305.0 86 -52 84.68400000000003 53.65999999999998 261
1260.0 171.38000000000002 17 1260.0 -445.0 37 -46 56.82499999999998 44.69399999999999 89
715.0 208.69899999999998 19 1380.0 -665.0 88 -59 52.284000000000006 44.108999999999995 133
1260.0 162.15 8 1260.0 0.0 0 -39 51.52700000000002 45.888999999999974 0
1080.0 170.624 14 1080.0 -570.0 14 -45 59.37599999999998 26.263999999999996 114
840.0 186.17499999999993 11 840.0 0.0 0 -43 72.71799999999999 37.376999999999995 0
1410.0 185.05599999999998 13 1410.0 0.0 0 -41 64.21800000000002 56.815999999999995 0
1470.0 202.54299999999998 13 1470.0 -450.0 60 -45 77.82399999999998 58.012 90
1830.0 306.84000000000003 22 2100.0 -270.0 90 -78 90.02699999999999 74.57000000000004 18
0.0 191.837 15 1320.0 -1320.0 88 -52 56.687 47.135 264
-165.0 147.80999999999997 10 900.0 -1065.0 88 -42 40.17199999999999 23.322999999999997 213
1380.0 170.41899999999998 15 1380.0 -1020.0 68 -45 58.733 45.227999999999994 204
1170.0 170.95600000000005 15 1170.0 -965.0 64 -42 57.35300000000001 41.416 193
510.0 205.47899999999996 17 1590.0 -1080.0 90 -55 60.86599999999999 56.53799999999999 216
165.0 200.95799999999997 12 1500.0 -1335.0 89 -48 71.363 59.61699999999999 267
375.0 196.77599999999998 11 1680.0 -1305.0 86 -51 67.17800000000003 54.784 261
1110.0 182.40099999999998 15 1110.0 -895.0 22 -45 68.13099999999999 40.26500000000001 179
1410.0 126.15399999999997 11 1410.0 -1030.0 68 -40 36.88099999999999 34.925999999999995 206
1260.0 208.77300000000002 15 1260.0 -255.0 21 -45 84.52799999999996 53.489999999999995 51
1020.0 192.77399999999994 15 1020.0 -1075.0 26 -48 63.761999999999986 31.952999999999996 215
1050.0 165.34699999999998 11 1050.0 0.0 0 -45 45.17799999999998 35.24599999999999 0
1110.0 192.91999999999987 14 1110.0 -610.0 15 -48 73.03199999999998 32.958 122
115.0 186.35199999999992 16 1200.0 -1055.0 87 -49 57.05599999999998 34.89899999999999 211
1020.0 166.80599999999998 11 1020.0 -1705.0 85 -40 64.28500000000001 36.597999999999985 341
1125.0 251.3499999999999 14 2190.0 -1065.0 88 -69 77.12900000000002 65.36299999999999 213
960.0 148.16499999999996 12 960.0 -1970.0 49 -42 36.004 25.25399999999999 394
1050.0 171.69599999999997 16 1050.0 0.0 0 -44 59.263000000000005 41.83299999999999 0
360.0 193.14599999999996 12 1680.0 -1325.0 88 -50 66.09099999999998 44.748999999999995 265
1350.0 163.91399999999993 13 1350.0 -910.0 60 -41 40.10599999999999 36.531 182
1200.0 192.68999999999997 12 1200.0 -1450.0 36 -50 60.88 42.181999999999995 290
810.0 162.24399999999991 12 810.0 -1780.0 44 -45 53.75399999999998 26.098999999999997 356
1380.0 183.07899999999998 11 1380.0 0.0 0 -42 67.82500000000002 52.839 0
960.0 164.894 12 960.0 0.0 0 -41 59.227000000000004 41.32299999999999 0
1230.0 180.424 11 1230.0 0.0 0 -44 55.79699999999998 51.884000000000015 0
1020.0 150.02800000000002 12 1020.0 0.0 0 -40 39.28399999999999 37.685 0
1140.0 166.42100000000002 14 1140.0 -990.0 82 -44 44.433 35.486000000000004 198
1200.0 159.39699999999996 14 1200.0 -940.0 62 -45 38.90299999999999 31.483999999999995 188
1110.0 163.442 11 1110.0 0.0 0 -41 52.77599999999999 42.760999999999996 0
960.0 148.27799999999996 13 960.0 0.0 0 -42 43.437999999999995 28.624 0
435.0 197.28599999999997 18 1110.0 -675.0 90 -56 72.34199999999998 35.569 135
1350.0 169.37099999999995 13 1350.0 0.0 0 -42 50.117 48.675 0
1230.0 180.585 14 1230.0 0.0 0 -42 58.844999999999985 54.849999999999994 0
865.0 191.06999999999994 16 1530.0 -665.0 88 -53 53.899999999999984 45.718999999999994 133
780.0 174.92700000000002 13 780.0 0.0 0 -44 59.19699999999998 29.206 0
1200.0 124.99399999999997 9 1200.0 0.0 0 -39 22.842 31.596999999999998 0
495.0 238.63 15 1830.0 -1360.0 90 -57 91.161 66.31099999999998 272
990.0 169.61300000000006 11 990.0 0.0 0 -46 43.85699999999999 32.947 0
1230.0 163.78699999999995 12 1230.0 -760.0 19 -44 50.34399999999998 35.19599999999999 152
1110.0 155.361 12 1110.0 0.0 0 -43 49.81199999999998 42.83900000000001 0
1350.0 194.99599999999995 11 1350.0 -2230.0 55 -47 57.34000000000001 51.511 446
1050.0 142.564 10 1050.0 0.0 0 -40 29.843000000000004 40.981000000000016 0
900.0 153.783 10 900.0 0.0 0 -40 51.604 32.21499999999999 0
1320.0 175.52799999999996 15 1320.0 -955.0 47 -46 59.81899999999998 42.15299999999999 191
345.0 236.16699999999997 19 1410.0 -1080.0 89 -51 78.93800000000002 66.10099999999998 216
1020.0 142.45099999999996 11 1020.0 0.0 0 -39 38.17599999999998 22.459999999999997 0
510.0 219.358 11 1530.0 -1020.0 85 -50 71.23300000000002 49.638 204
1320.0 172.66299999999998 13 1320.0 -865.0 72 -43 66.85999999999999 38.46899999999999 173
1440.0 161.14599999999996 12 1440.0 -1310.0 32 -39 46.131999999999984 56.421 262
660.0 238.636 16 1740.0 -1080.0 90 -63 76.46699999999997 57.968999999999994 216
1470.0 169.75599999999997 12 1470.0 0.0 0 -44 55.306 44.93599999999999 0
1290.0 167.04799999999997 14 1290.0 -295.0 19 -41 50.001999999999995 46.94399999999998 59
-255.0 180.17799999999997 15 1080.0 -1335.0 89 -48 53.54899999999999 35.08899999999999 267
1380.0 181.70299999999992 14 1380.0 -560.0 74 -45 54.822999999999986 53.948999999999984 112
1230.0 160.218 12 1230.0 -980.0 24 -39 55.458 46.44099999999998 196
1230.0 157.94199999999998 11 1230.0 0.0 0 -39 59.66700000000001 32.346 0
1380.0 284.88199999999995 18 1890.0 -510.0 85 -74 89.21099999999998 56.010999999999996 51
1350.0 145.86099999999996 9 1350.0 0.0 0 -41 42.12299999999999 38.62000000000002 0
-30.0 169.697 15 1050.0 -1110.0 92 -45 54.400000000000006 43.039999999999985 222
975.0 203.6889999999999 12 1650.0 -675.0 90 -45 73.988 64.275 135
1170.0 165.89 12 1170.0 -1470.0 36 -47 47.12199999999999 48.21399999999999 294
1650.0 191.83499999999995 7 1650.0 0.0 0 -44 69.76700000000004 60.084999999999994 0
55.0 186.262 14 1110.0 -1055.0 87 -52 42.391999999999996 30.311999999999994 211
1050.0 164.88099999999997 12 1050.0 -1965.0 49 -45 55.76299999999999 29.39799999999999 393
1050.0 171.64999999999992 10 1050.0 0.0 0 -39 56.24600000000001 50.68999999999998 0
535.0 222.897 14 1200.0 -665.0 88 -52 70.993 56.32700000000003 133
1380.0 213.44399999999993 15 1380.0 0.0 0 -51 81.82799999999999 39.84899999999999 0
1260.0 159.56599999999995 16 1260.0 -1340.0 67 -44 56.26299999999999 35.789 268
-255.0 240.36699999999996 14 810.0 -1065.0 88 -55 83.41 32.861999999999995 213
750.0 153.62000000000003 14 750.0 0.0 0 -39 54.25699999999999 32.120000000000005 0
1320.0 174.90999999999994 19 1320.0 -440.0 29 -46 48.39999999999999 48.96999999999999 88
1470.0 177.792 12 1470.0 0.0 0 -44 58.14900000000001 55.511 0
1545.0 259.90299999999996 16 1800.0 -255.0 85 -62 88.661 61.891999999999975 17
1110.0 166.938 14 1110.0 0.0 0 -43 64.823 38.296 0
1080.0 189.70700000000005 16 1080.0 0.0 0 -46 66.415 47.187999999999995 0
1110.0 143.819 13 1110.0 0.0 0 -39 43.286 36.813 0
1050.0 183.38199999999998 16 1050.0 0.0 0 -40 64.38899999999998 51.769999999999996 0
840.0 169.88599999999997 15 840.0 0.0 0 -46 49.618999999999986 36.049 0
1410.0 162.20600000000002 12 1410.0 -1480.0 37 -40 53.057000000000016 53.35999999999997 296
1680.0 207.26799999999997 13 1680.0 -1580.0 79 -45 79.565 63.251999999999974 316
1170.0 166.31 6 1170.0 0.0 0 -41 44.458 48.183 0
1320.0 149.784 12 1320.0 0.0 0 -39 46.488 44.378 0
255.0 266.56399999999985 15 1590.0 -1335.0 89 -65 90.62999999999997 52.571 267
1435.0 278.678 14 2100.0 -675.0 88 -62 103.67400000000004 75.607 135
870.0 138.40099999999993 10 870.0 -1285.0 64 -38 42.90999999999998 33.352 257
1500.0 201.02000000000004 13 1500.0 -1615.0 40 -39 80.579 62.46499999999998 323
2235.0 293.73699999999997 22 2490.0 -255.0 85 -78 75.67999999999998 84.034 17
1410.0 177.099 10 1410.0 -1195.0 79 -41 57.25199999999999 52.07499999999998 239
330.0 202.42299999999997 13 1680.0 -1350.0 90 -50 62.103 68.21600000000001 270
1095.0 183.827 12 1770.0 -675.0 90 -51 54.022999999999975 54.05099999999999 135
1140.0 164.87999999999997 9 1140.0 0.0 0 -42 62.501 35.95599999999998 0
1410.0 229.92900000000003 14 1650.0 -240.0 80 -59 70.92699999999998 60.485000000000014 16
1545.0 275.6389999999999 20 1800.0 -255.0 85 -75 79.45299999999997 65.43599999999999 17
1845.0 280.383 19 2100.0 -255.0 85 -73 89.88199999999998 77.493 17
1500.0 187.74499999999995 13 1500.0 -520.0 43 -45 65.22399999999998 52.20900000000002 104
1740.0 199.23399999999998 15 1740.0 -680.0 56 -42 87.31899999999999 63.359999999999985 136
765.0 163.821 11 1440.0 -675.0 90 -44 53.209999999999994 44.19699999999998 135
1050.0 168.54799999999997 13 1050.0 -1175.0 29 -45 48.13199999999999 29.769 235
295.0 224.89 18 1350.0 -1055.0 87 -59 76.61499999999998 51.470000000000006 211
1200.0 154.64299999999994 11 1200.0 0.0 0 -40 49.37699999999999 30.656999999999996 0
1080.0 145.458 13 1080.0 0.0 0 -42 42.877999999999986 27.668 0
1410.0 159.49999999999997 13 1410.0 -1500.0 37 -40 60.861000000000026 49.079999999999984 300
2055.0 299.0019999999999 19 2310.0 -255.0 85 -73 96.103 84.41399999999999 17
1200.0 204.53899999999996 15 1200.0 0.0 0 -45 72.74999999999999 48.976 0
1650.0 208.41199999999998 8 1650.0 -2210.0 55 -50 70.04199999999997 56.28699999999999 442
1380.0 137.73099999999997 11 1380.0 0.0 0 -41 35.435 39.83799999999998 0
1605.0 294.34200000000016 16 1860.0 -255.0 85 -60 108.81800000000003 72.567 17
1500.0 180.583 11 1500.0 -1225.0 81 -50 43.42499999999996 54.576000000000015 245
1320.0 170.31799999999996 9 1320.0 0.0 0 -42 50.012 44.86099999999998 0
45.0 156.398 12 1110.0 -1085.0 88 -43 38.59599999999998 33.266 217
1590.0 169.204 11 1590.0 -1225.0 81 -39 60.420999999999985 55.60599999999999 245
990.0 165.96499999999997 11 990.0 0.0 0 -44 43.533 30.005000000000003 0
1170.0 178.5 15 1170.0 -940.0 62 -46 57.400999999999996 38.68999999999999 188
1290.0 177.4869999999999 10 1290.0 0.0 0 -39 70.16900000000001 52.628 0
1530.0 162.76200000000006 8 1530.0 -1255.0 31 -39 60.36400000000002 51.98699999999998 251
1230.0 179.187 15 1230.0 0.0 0 -43 59.42199999999999 46.077 0
1020.0 159.66699999999992 14 1020.0 -1155.0 77 -44 52.923999999999985 27.208000000000006 231
1260.0 169.34399999999997 17 1260.0 -315.0 15 -39 69.579 44.26899999999999 63
1260.0 172.852 12 1260.0 -125.0 6 -44 62.48800000000002 35.596000000000004 25
330.0 240.61299999999997 14 1650.0 -1320.0 88 -65 67.14699999999998 66.159 264
1050.0 168.04 13 1050.0 -825.0 68 -41 54.01899999999999 38.581999999999994 165
1470.0 177.51299999999998 12 1470.0 0.0 0 -47 57.13499999999999 43.893999999999984 0
225.0 182.274 17 900.0 -675.0 90 -48 63.73300000000001 38.187999999999995 135
1380.0 167.35899999999995 10 1380.0 0.0 0 -41 58.72900000000001 54.83699999999999 0
1020.0 166.76299999999998 12 1020.0 0.0 0 -41 58.78799999999999 41.97699999999999 0
1020.0 156.349 17 1020.0 0.0 0 -42 54.24899999999998 34.782 0
505.0 204.87799999999996 18 1170.0 -665.0 88 -50 64.83999999999999 49.946 133
1290.0 163.278 8 1290.0 -1450.0 36 -39 50.13500000000001 50.41799999999997 290
930.0 160.44899999999993 15 930.0 -155.0 10 -41 59.189999999999976 34.783 31
1560.0 177.33800000000002 13 1560.0 -1565.0 39 -45 48.678000000000026 53.78099999999999 313
1695.0 251.23999999999998 15 1950.0 -255.0 85 -64 76.95 72.53200000000001 17
2880.0 269.673 19 3120.0 -240.0 80 -78 64.74299999999998 69.02799999999998 16
1050.0 162.366 14 1050.0 -970.0 24 -39 53.36299999999999 46.736 194
710.0 213.57799999999997 16 1230.0 -520.0 86 -50 72.52900000000001 55.02899999999999 52
1110.0 188.647 12 1110.0 -1635.0 81 -44 79.11700000000002 35.65299999999999 327
1500.0 225.67100000000002 20 1500.0 -80.0 6 -53 81.61299999999999 60.07899999999999 16
1440.0 178.199 12 1440.0 0.0 0 -44 46.94 59.756 0
1140.0 158.37399999999997 12 1140.0 -1130.0 75 -44 42.193 41.613 226
1200.0 175.062 12 1200.0 0.0 0 -44 65.39599999999997 45.43499999999999 0
1380.0 165.67300000000003 12 1380.0 -805.0 20 -42 57.057000000000016 45.89799999999999 161
1200.0 140.63099999999997 10 1200.0 0.0 0 -44 29.508999999999993 29.615999999999993 0
915.0 185.295 15 1590.0 -675.0 90 -43 70.727 57.722999999999985 135
-375.0 196.15899999999996 14 960.0 -1335.0 89 -51 66.09899999999999 40.175 267
1050.0 173.99399999999997 15 1050.0 -1040.0 86 -41 65.14099999999998 40.48699999999999 208
1620.0 178.097 14 1620.0 -1280.0 64 -40 67.71900000000001 56.277000000000015 256
1200.0 166.30999999999995 16 1200.0 0.0 0 -41 50.348 49.43199999999999 0
960.0 171.05399999999995 11 960.0 0.0 0 -42 56.804999999999986 38.71 0
405.0 176.64000000000001 15 1470.0 -1065.0 88 -51 43.23499999999999 41.614999999999995 213
1380.0 182.46399999999994 14 1380.0 -875.0 72 -47 64.12299999999999 43.28099999999999 175
705.0 267.55699999999996 17 1380.0 -675.0 90 -60 87.23299999999998 75.38599999999998 135
-35.0 159.57099999999997 12 1020.0 -1055.0 87 -41 49.974999999999994 34.59799999999999 211
1140.0 149.44299999999996 9 1140.0 0.0 0 -42 38.244 40.28099999999999 0
1170.0 154.99499999999995 12 1170.0 0.0 0 -42 42.143 42.324000000000005 0
-30.0 169.94899999999996 16 1290.0 -1320.0 88 -49 57.83899999999999 32.353 264
675.0 224.674 21 1350.0 -675.0 90 -61 76.744 53.59700000000001 135
1020.0 155.23499999999999 13 1020.0 -1605.0 80 -42 47.43900000000001 39.474999999999994 321
930.0 137.17799999999994 12 930.0 0.0 0 -41 42.79699999999999 27.348999999999997 0
0.0 206.48399999999995 15 1350.0 -1350.0 90 -53 63.78199999999998 53.94599999999999 270
1260.0 224.8269999999999 16 1260.0 0.0 0 -56 86.80899999999998 45.79199999999998 0
45.0 175.514 11 1380.0 -1335.0 89 -50 57.62 48.760999999999996 267
990.0 180.58599999999998 12 990.0 0.0 0 -45 64.27799999999998 45.035000000000004 0
235.0 174.38799999999992 11 1290.0 -1055.0 87 -48 44.54299999999999 45.369 211
1680.0 192.99499999999998 13 1680.0 -1035.0 51 -46 68.34500000000001 62.96399999999997 207
-65.0 165.03299999999993 14 990.0 -1055.0 87 -43 54.225 42.885999999999996 211
1620.0 136.78799999999998 9 1620.0 -1025.0 25 -41 40.717999999999996 41.58799999999999 205
-90.0 186.28599999999994 12 1230.0 -1320.0 88 -48 54.43799999999999 42.99299999999999 264
930.0 199.45399999999995 14 930.0 0.0 0 -45 67.602 32.050000000000004 0
990.0 155.52199999999996 10 990.0 0.0 0 -41 41.463999999999984 35.468999999999994 0
-95.0 192.288 14 960.0 -1055.0 87 -48 69.564 39.464 211
1335.0 242.94399999999996 15 2010.0 -675.0 90 -60 81.69600000000001 67.50899999999999 135
930.0 286.24699999999996 12 2280.0 -1350.0 90 -61 99.903 101.42699999999999 270
1260.0 174.26199999999997 10 1260.0 0.0 0 -40 62.80499999999999 46.62599999999999 0
990.0 164.92800000000003 14 990.0 0.0 0 -44 57.41199999999998 36.64 0
1320.0 150.26399999999998 13 1320.0 -325.0 8 -47 46.78199999999999 29.41099999999999 65
1200.0 155.14600000000002 12 1200.0 0.0 0 -39 52.90099999999998 45.966 0
930.0 198.00599999999991 12 930.0 0.0 0 -45 64.096 42.806 0
405.0 231.01499999999993 13 1740.0 -1335.0 89 -55 82.41800000000002 67.21099999999998 267
1380.0 184.10899999999995 12 1380.0 0.0 0 -44 67.499 49.225999999999985 0
1015.0 245.767 14 2070.0 -1055.0 87 -66 56.13599999999998 72.43400000000001 211
330.0 228.95900000000006 15 1680.0 -1365.0 91 -57 77.70000000000002 65.66099999999999 273
-75.0 171.833 11 1260.0 -1335.0 89 -47 48.45899999999998 43.307999999999986 267
885.0 202.71799999999993 15 1560.0 -675.0 90 -56 68.17299999999999 40.32699999999999 135
990.0 142.74199999999996 13 990.0 0.0 0 -42 43.109999999999985 30.900999999999993 0
1140.0 167.05199999999996 9 1140.0 -1555.0 38 -41 55.76999999999998 43.98599999999998 311
1110.0 169.08700000000002 12 1110.0 -990.0 82 -39 50.945000000000014 37.929999999999986 198
-420.0 179.08499999999995 12 930.0 -1350.0 90 -45 50.22199999999999 41.23699999999999 270
1050.0 177.961 15 1050.0 -860.0 43 -45 64.26399999999997 33.033 172
780.0 180.12499999999994 15 780.0 -550.0 13 -42 71.466 30.528 110
1350.0 162.221 16 1350.0 -665.0 16 -42 57.48899999999999 49.775999999999996 133
1350.0 142.94799999999998 9 1350.0 0.0 0 -40 35.13299999999999 34.818999999999996 0
1155.0 329.688 18 2220.0 -1065.0 88 -74 138.961 74.81099999999996 213
1260.0 178.79199999999994 14 1260.0 0.0 0 -44 59.892999999999994 41.641 0
1590.0 196.31000000000006 9 1590.0 0.0 0 -45 71.06200000000001 62.63599999999999 0
900.0 153.17699999999996 14 900.0 0.0 0 -43 51.01099999999999 28.427999999999997 0
90.0 219.07199999999995 16 1170.0 -1080.0 90 -57 70.73699999999997 41.22399999999999 216
-5.0 140.61199999999997 12 1050.0 -1055.0 87 -43 34.59999999999999 29.987000000000002 211
1230.0 148.17499999999995 11 1230.0 -1995.0 49 -43 38.785999999999994 39.496999999999986 399
-800.0 153.98499999999996 13 960.0 -1760.0 87 -43 41.196 29.328999999999994 352
85.0 175.17299999999997 14 1140.0 -1055.0 87 -48 36.51 34.44499999999999 211
150.0 207.45999999999998 14 1500.0 -1385.0 92 -52 64.89299999999999 52.404999999999994 277
1500.0 161.92199999999994 14 1500.0 -745.0 49 -39 58.286000000000016 53.655 149
960.0 153.373 16 960.0 -20.0 2 -40 47.29099999999999 29.974000000000004 4
1530.0 168.878 10 1530.0 0.0 0 -47 48.77499999999999 49.24100000000001 0
300.0 200.156 15 1380.0 -1080.0 90 -50 55.23399999999999 58.859 216
2475.0 317.7900000000001 19 2730.0 -255.0 85 -69 109.83600000000003 114.12199999999999 17
1530.0 171.816 11 1530.0 0.0 0 -41 60.88000000000002 54.136999999999965 0
1560.0 179.39500000000004 7 1560.0 0.0 0 -47 45.075 62.239000000000004 0
30.0 186.57600000000005 14 1380.0 -1350.0 90 -50 57.059 50.20399999999998 270
1110.0 155.64299999999997 16 1110.0 -520.0 13 -42 52.70399999999999 32.327000000000005 104
165.0 268.426 14 1500.0 -1335.0 89 -67 80.86600000000001 59.494000000000014 267
1650.0 192.46199999999996 13 1650.0 0.0 0 -43 77.474 58.67599999999999 0
1530.0 166.01199999999997 12 1530.0 0.0 0 -39 51.82899999999999 58.17899999999998 0
615.0 190.78699999999998 14 1290.0 -675.0 90 -48 60.342999999999996 48.29399999999998 135
2025.0 287.76200000000006 15 2280.0 -255.0 85 -71 78.15100000000001 87.011 17
780.0 148.685 10 780.0 0.0 0 -39 46.41699999999999 25.921999999999997 0
1470.0 150.77799999999996 11 1470.0 -1660.0 41 -39 45.78699999999999 38.03499999999999 332
1560.0 165.88 6 1560.0 -2250.0 56 -42 40.36600000000003 49.59299999999999 450
1050.0 164.03599999999997 14 1050.0 0.0 0 -42 48.77599999999998 38.653999999999996 0
1110.0 157.30399999999992 10 1110.0 -1055.0 52 -38 51.265999999999984 34.37799999999999 211
1350.0 185.62099999999998 14 1440.0 0.0 0 -42 65.78999999999999 50.234999999999985 0
795.0 225.858 17 1470.0 -675.0 90 -58 62.796 56.510999999999996 135
295.0 208.44699999999997 16 960.0 -685.0 89 -52 72.24099999999999 36.108 137
625.0 255.12299999999993 19 1680.0 -1055.0 87 -66 77.838 64.27699999999999 211
1245.0 264.312 16 1920.0 -675.0 90 -62 80.233 85.75999999999998 135
1515.0 206.91599999999994 16 1770.0 -255.0 85 -57 60.899999999999984 47.297999999999995 17
780.0 154.29799999999994 13 780.0 0.0 0 -39 53.16199999999999 31.822000000000003 0
1320.0 182.02699999999993 13 1320.0 0.0 0 -48 46.499 49.55099999999997 0
960.0 165.60799999999995 12 960.0 0.0 0 -41 61.346 35.35299999999999 0
1140.0 149.611 11 1140.0 0.0 0 -43 41.16299999999999 41.925 0
1440.0 161.56499999999997 13 1440.0 -1105.0 73 -42 47.42700000000001 44.056999999999995 221
685.0 211.161 21 1350.0 -665.0 88 -61 65.887 50.154999999999994 133
1350.0 200.14799999999997 12 1350.0 0.0 0 -47 67.573 50.360000000000014 0
780.0 160.08100000000002 14 780.0 0.0 0 -42 57.77999999999999 27.834 0
300.0 231.70100000000005 15 1650.0 -1350.0 90 -62 79.64200000000001 61.15999999999999 270
1005.0 229.54999999999993 17 1680.0 -675.0 90 -60 67.809 66.63299999999998 135
1110.0 146.402 14 1110.0 0.0 0 -40 44.667 47.11999999999999 0
960.0 164.5089999999999 13 960.0 0.0 0 -37 64.14699999999999 40.078 0
-330.0 187.52999999999992 14 1020.0 -1350.0 90 -47 72.17799999999997 37.67399999999999 270
1095.0 212.04499999999996 16 1770.0 -675.0 90 -56 62.536 55.86099999999999 135
600.0 261.726 15 1680.0 -1080.0 90 -58 101.84500000000003 58.81699999999999 216
975.0 182.92799999999997 15 1650.0 -675.0 90 -50 62.606999999999985 50.678 135
1530.0 177.15199999999996 13 1530.0 -830.0 69 -40 66.75900000000001 54.81199999999999 166
1170.0 192.462 14 1170.0 -910.0 22 -44 70.64699999999998 46.33399999999999 182
1880.0 328.71999999999997 16 2490.0 -610.0 86 -89 74.93699999999998 94.664 122
805.0 203.36499999999992 12 1860.0 -1055.0 87 -49 73.36300000000001 63.053999999999974 211
1230.0 196.09199999999998 13 1230.0 0.0 0 -45 73.91399999999997 49.539999999999985 0
1020.0 178.28299999999996 12 1020.0 -1335.0 66 -43 61.28199999999998 42.492999999999995 267
870.0 158.65699999999995 12 870.0 -1275.0 63 -43 44.108999999999995 27.982999999999997 255
1110.0 142.92600000000002 8 1110.0 -1660.0 83 -41 32.108000000000004 39.13200000000002 332
1395.0 240.16499999999996 17 1650.0 -255.0 85 -64 59.985999999999976 70.11699999999998 17
1350.0 208.22799999999995 14 1350.0 -1565.0 39 -49 81.35 39.51 313
1335.0 205.28299999999993 15 1590.0 -255.0 85 -57 65.12999999999998 44.068 17
805.0 204.12599999999995 14 1470.0 -665.0 88 -48 79.77699999999997 51.363 133
415.0 191.04800000000003 18 1080.0 -665.0 88 -52 64.642 39.564 133
930.0 156.571 15 930.0 -975.0 65 -42 61.437999999999995 22.176999999999996 195
1470.0 192.903 13 1470.0 -445.0 11 -42 60.351 63.20099999999999 89
1050.0 197.234 19 1050.0 -360.0 18 -44 74.189 53.345 72
840.0 155.06899999999996 13 840.0 0.0 0 -41 45.57699999999999 29.017999999999997 0
435.0 205.76699999999994 12 1500.0 -1065.0 88 -49 63.80999999999997 58.14300000000001 213
1050.0 149.081 12 1050.0 -665.0 44 -39 43.84099999999999 36.221 133
1230.0 143.82699999999997 6 1230.0 0.0 0 -39 46.56400000000003 26.571000000000005 0
1140.0 173.80599999999998 13 1140.0 0.0 0 -47 59.629999999999995 34.625 0
345.0 218.86899999999994 15 1680.0 -1335.0 89 -59 67.66899999999998 57.304999999999986 267
1200.0 165.58699999999996 13 1200.0 0.0 0 -47 48.904 43.28599999999999 0
1260.0 158.49899999999994 12 1260.0 -1250.0 62 -43 48.539 44.963 250
175.0 178.75300000000001 10 1230.0 -1055.0 87 -48 39.31999999999999 44.532 211
990.0 173.49299999999997 14 990.0 0.0 0 -45 63.815 30.569999999999993 0
990.0 133.20399999999995 8 990.0 0.0 0 -39 37.233999999999995 26.008000000000003 0
240.0 214.47900000000004 16 1320.0 -1080.0 90 -61 57.55199999999999 51.26700000000001 216
1245.0 225.789 12 1920.0 -675.0 90 -55 82.921 66.21899999999997 135
-375.0 168.73300000000006 9 960.0 -1335.0 89 -44 51.99399999999999 37.79200000000002 267
-150.0 214.34799999999998 14 1200.0 -1350.0 90 -50 81.15600000000002 50.891000000000005 270
1290.0 155.21499999999997 9 1290.0 0.0 0 -42 35.937999999999995 45.389999999999986 0
1050.0 137.808 8 1050.0 0.0 0 -41 24.949999999999992 40.617 0
1020.0 195.34699999999998 11 1020.0 -1560.0 39 -44 81.034 37.99099999999999 312
990.0 171.13299999999995 13 990.0 0.0 0 -40 59.984999999999985 38.35799999999999 0
270.0 196.28199999999993 14 1350.0 -1080.0 90 -53 59.94499999999999 49.083999999999996 216
1140.0 163.91 11 1140.0 -1695.0 84 -42 60.00699999999999 43.51099999999998 339
1200.0 150.224 10 1200.0 0.0 0 -41 44.800999999999995 30.95999999999999 0
900.0 143.39799999999997 10 900.0 0.0 0 -39 47.97899999999999 32.010999999999996 0
990.0 169.56699999999995 9 990.0 -2075.0 51 -42 54.513999999999996 28.86599999999999 415
780.0 153.52499999999998 13 780.0 0.0 0 -43 53.16099999999999 26.235999999999997 0
1500.0 196.50399999999996 15 1500.0 -915.0 61 -44 66.75 57.625999999999976 183
1020.0 195.822 13 1020.0 0.0 0 -42 72.48899999999999 37.556999999999995 0
1080.0 149.00999999999996 11 1080.0 0.0 0 -40 48.394 38.96699999999999 0
1170.0 157.05399999999995 16 1170.0 -440.0 36 -43 53.095999999999975 34.555 88
1560.0 253.08399999999995 17 1800.0 -240.0 80 -65 73.20899999999999 67.795 16
1320.0 212.308 16 1320.0 -735.0 36 -46 82.82099999999998 60.84599999999999 147
1230.0 178.907 14 1230.0 0.0 0 -45 57.566999999999986 40.57599999999999 0
1290.0 165.78599999999997 9 1290.0 -2065.0 51 -42 56.17500000000002 47.90199999999998 413
1020.0 163.358 10 1020.0 -1670.0 41 -40 54.63500000000002 35.13499999999999 334
1440.0 176.40399999999997 14 1440.0 -465.0 11 -44 60.88599999999998 50.76199999999999 93
1560.0 184.00699999999992 12 1560.0 -940.0 78 -45 57.94099999999999 58.75099999999999 188
930.0 158.07399999999996 14 930.0 -835.0 69 -40 63.124999999999986 34.504 167
1560.0 193.53699999999992 12 1560.0 -1505.0 37 -47 73.74899999999998 48.114999999999974 301
1230.0 189.831 11 1230.0 -970.0 48 -43 76.82600000000001 41.96399999999999 194
-255.0 183.16199999999998 14 1080.0 -1335.0 89 -47 53.71599999999998 45.635 267
1050.0 176.16899999999993 13 1050.0 -1205.0 60 -47 61.08499999999997 29.047999999999995 241
1350.0 215.179 13 1350.0 0.0 0 -46 80.69099999999999 52.22199999999999 0
1710.0 186.71599999999998 11 1710.0 -865.0 57 -45 68.42600000000002 58.11499999999996 173
1140.0 130.54699999999994 10 1140.0 0.0 0 -39 36.477999999999994 26.200999999999993 0
1020.0 156.22099999999998 15 1020.0 -780.0 52 -44 50.16999999999999 30.524999999999995 156
900.0 178.03799999999998 10 900.0 -1245.0 62 -39 61.19399999999999 39.95000000000001 249
900.0 166.79799999999997 17 900.0 0.0 0 -43 56.61199999999998 35.397999999999996 0
1050.0 172.03 15 1050.0 -450.0 37 -46 47.08099999999998 37.262 90
1110.0 159.44499999999994 10 1110.0 -1815.0 45 -41 45.358999999999995 46.15399999999999 363
1170.0 167.62199999999996 11 1170.0 0.0 0 -42 57.72099999999999 37.181999999999995 0
1770.0 187.61599999999996 12 1770.0 0.0 0 -43 62.19900000000003 68.40699999999994 0
1110.0 134.29799999999997 9 1110.0 0.0 0 -41 34.61899999999999 31.808 0
990.0 175.154 13 990.0 -1065.0 71 -42 62.458 39.556999999999995 213
190.0 173.32899999999998 9 1290.0 -1100.0 91 -44 47.22900000000002 46.33999999999998 220
1020.0 175.48799999999997 16 1020.0 0.0 0 -41 57.85299999999999 43.06 0
1710.0 218.25000000000003 14 1710.0 0.0 0 -49 78.33000000000003 69.32899999999998 0
805.0 227.26099999999994 12 1860.0 -1065.0 87 -50 89.83799999999998 72.07299999999998 213
1050.0 180.17300000000003 12 1050.0 -840.0 70 -38 72.13600000000002 47.60799999999999 168
870.0 151.32599999999996 14 870.0 -680.0 45 -39 54.194999999999986 30.8 136
1920.0 215.77999999999994 13 1920.0 0.0 0 -45 74.68100000000001 80.458 0
1470.0 195.16299999999995 9 1470.0 0.0 0 -46 61.909000000000006 61.595000000000006 0
990.0 137.46699999999998 12 990.0 0.0 0 -42 31.570999999999998 36.97599999999999 0
1080.0 159.78700000000003 10 1080.0 -1550.0 77 -40 51.846 41.643 310
1260.0 160.77500000000003 9 1260.0 0.0 0 -39 57.58200000000001 45.285000000000004 0
-105.0 225.80499999999998 14 1230.0 -1335.0 89 -47 90.44900000000001 50.17699999999999 267
1230.0 182.92100000000002 10 1230.0 -1165.0 29 -42 60.23500000000002 59.06999999999997 233
1380.0 139.17199999999994 8 1380.0 0.0 0 -39 38.80100000000002 38.61599999999999 0
1650.0 189.94300000000004 10 1650.0 0.0 0 -41 72.869 70.446 0
1200.0 185.754 16 1200.0 0.0 0 -46 62.664999999999985 46.428 0
-15.0 165.09199999999996 13 1320.0 -1335.0 89 -43 53.559999999999995 42.18699999999998 267
990.0 163.34499999999997 11 990.0 0.0 0 -38 57.55099999999999 38.28199999999999 0
135.0 257.12199999999996 18 1470.0 -1335.0 89 -65 85.81399999999998 53.38899999999999 267
1200.0 184.52699999999993 16 1200.0 -965.0 64 -45 80.43799999999999 35.067 193
175.0 178.53 14 1230.0 -1070.0 88 -44 50.714 29.616 214
1290.0 171.30800000000002 11 1290.0 0.0 0 -43 56.73299999999999 45.901999999999994 0
45.0 205.505 14 1380.0 -1335.0 89 -51 62.821000000000005 54.396999999999984 267
1530.0 169.75999999999996 11 1530.0 -1025.0 68 -40 61.567999999999984 50.851 205
1405.0 236.64399999999995 16 2070.0 -700.0 90 -65 71.11399999999998 55.34899999999997 140
780.0 161.643 10 780.0 -1615.0 40 -41 53.051 22.82199999999999 323
1200.0 171.80599999999995 10 1200.0 -1480.0 37 -41 52.42999999999999 50.97699999999999 296
870.0 160.84299999999996 17 870.0 -810.0 67 -39 51.087999999999994 37.12499999999999 162
1440.0 154.52800000000005 9 1440.0 0.0 0 -39 51.672999999999995 51.65800000000001 0
15.0 188.73099999999994 14 1350.0 -1360.0 90 -51 64.68799999999997 29.848999999999997 272
1275.0 262.40999999999997 17 1530.0 -255.0 85 -61 94.097 68.644 17
1320.0 207.44199999999995 17 1320.0 -1325.0 88 -52 71.981 50.641999999999996 265
2280.0 302.73599999999993 18 2550.0 -270.0 90 -76 90.76899999999998 92.15500000000002 18
1350.0 169.33599999999996 10 1350.0 -1070.0 71 -39 60.21300000000002 56.098 214
1170.0 160.04099999999994 10 1170.0 0.0 0 -40 45.379 51.20900000000002 0
870.0 172.989 13 870.0 0.0 0 -39 66.25299999999999 38.94399999999999 0
1020.0 165.67899999999997 15 1020.0 -805.0 40 -44 57.63099999999998 36.995 161
1230.0 146.87999999999997 14 1230.0 -925.0 61 -42 45.58399999999998 30.823 185
1200.0 170.436 9 1200.0 -780.0 19 -41 61.15300000000003 46.86599999999997 156
1440.0 179.61899999999997 12 1440.0 0.0 0 -42 60.92800000000002 49.93599999999998 0
285.0 190.17099999999996 13 1620.0 -1335.0 89 -51 53.37099999999998 53.98499999999999 267
1560.0 212.56800000000004 16 1800.0 -260.0 82 -55 60.97599999999998 69.00100000000002 20
2295.0 351.3489999999999 22 2550.0 -255.0 85 -86 109.29399999999997 101.23000000000002 17
1200.0 189.60599999999994 15 1200.0 -260.0 21 -45 71.96199999999997 40.26099999999999 52
2355.0 357.2259999999998 22 2610.0 -265.0 85 -94 106.35300000000001 85.625 19
1140.0 143.41999999999996 11 1140.0 0.0 0 -41 42.33599999999999 35.38299999999999 0
1290.0 169.74199999999996 13 1290.0 -890.0 59 -44 66.22999999999999 41.83499999999998 178
870.0 148.76399999999998 13 870.0 -1600.0 40 -43 41.553999999999995 29.915999999999993 320
960.0 167.55199999999996 9 960.0 0.0 0 -39 49.09099999999999 39.230999999999995 0
1050.0 135.08399999999995 9 1050.0 0.0 0 -39 30.953999999999997 10.971 0
-90.0 188.88100000000003 17 1260.0 -1370.0 90 -52 68.63699999999997 35.58 274
1845.0 259.17 16 2100.0 -255.0 85 -68 72.45200000000001 71.37299999999999 17
1050.0 194.616 18 1050.0 0.0 0 -48 67.577 44.212999999999994 0
-75.0 156.61999999999995 11 990.0 -1065.0 88 -47 31.37399999999999 20.671999999999997 213
960.0 135.92999999999998 11 960.0 -900.0 60 -39 31.602 29.782999999999998 180
195.0 229.87999999999997 15 1260.0 -1065.0 88 -57 82.785 50.730999999999995 213
1020.0 188.2740000000001 15 1020.0 0.0 0 -48 61.88899999999999 39.823 0
1170.0 155.106 12 1170.0 0.0 0 -43 50.08999999999999 39.602000000000004 0
1905.0 304.91600000000005 20 2160.0 -255.0 85 -81 90.977 77.20700000000001 17
555.0 243.274 12 1620.0 -1065.0 88 -59 85.90399999999997 61.97300000000002 213
1260.0 150.3340000000001 11 1260.0 -1560.0 39 -40 40.19799999999999 51.058000000000014 312
1140.0 203.44699999999997 17 1140.0 -645.0 16 -41 83.83999999999999 46.19899999999999 129
2055.0 324.5219999999998 17 2310.0 -255.0 85 -80 113.82399999999998 69.941 17
1230.0 148.356 6 1230.0 0.0 0 -41 31.465999999999987 42.340999999999994 0
1110.0 170.36200000000002 11 1110.0 -2295.0 57 -44 53.97399999999999 41.18400000000002 459
1260.0 217.74599999999998 15 1260.0 -480.0 40 -49 84.80699999999999 44.53999999999999 96
1200.0 215.46599999999998 15 1470.0 -270.0 90 -54 63.139999999999986 58.33700000000001 18
1675.0 244.20900000000006 15 2400.0 -665.0 88 -75 51.587999999999994 59.43300000000001 133
1065.0 230.51199999999992 15 1320.0 -255.0 85 -55 83.713 52.271 17
930.0 160.71599999999995 14 930.0 0.0 0 -45 40.655999999999985 36.01299999999999 0
655.0 223.10000000000002 14 1320.0 -665.0 88 -48 80.72399999999999 67.19800000000001 133
1140.0 174.17199999999994 15 1140.0 -1805.0 45 -47 62.458999999999996 37.059 361
105.0 236.77799999999993 17 1170.0 -1065.0 88 -58 81.55899999999998 45.30999999999998 213
1140.0 169.59900000000002 11 1140.0 0.0 0 -40 58.553 42.57199999999999 0
1230.0 182.154 12 1230.0 0.0 0 -42 62.890999999999984 50.541999999999994 0
870.0 142.658 10 870.0 0.0 0 -39 43.98999999999999 27.62699999999999 0
1170.0 187.06799999999996 14 1170.0 -1245.0 31 -48 60.620000000000005 30.864999999999995 249
-500.0 165.09100000000004 13 1260.0 -1760.0 87 -49 50.803 32.845 352
1440.0 189.06500000000003 11 1440.0 0.0 0 -46 76.20500000000001 46.61999999999999 0
690.0 143.97199999999998 10 690.0 0.0 0 -40 42.496999999999986 22.342999999999996 0
930.0 146.29899999999998 10 930.0 0.0 0 -39 34.55799999999999 37.214 0
1050.0 152.92900000000003 13 1050.0 -1205.0 60 -45 35.87799999999999 28.436 241
1290.0 189.94399999999996 12 1290.0 -1565.0 39 -46 66.41999999999999 49.89899999999999 313
2100.0 295.97299999999996 15 2370.0 -270.0 90 -68 100.19200000000004 75.85700000000001 18
1635.0 256.906 16 1890.0 -275.0 86 -60 90.88700000000001 72.57899999999997 21
375.0 212.717 17 1440.0 -1070.0 88 -55 81.05499999999998 48.724999999999994 214
2730.0 429.62299999999993 22 2970.0 -240.0 80 -94 133.01099999999997 129.463 16
1410.0 179.79199999999994 11 1410.0 0.0 0 -44 67.351 49.78199999999998 0
1260.0 169.06 10 1260.0 -1145.0 28 -40 54.795999999999985 43.56099999999999 229
840.0 141.85599999999997 10 840.0 -940.0 23 -40 46.46999999999999 27.413999999999998 188
1350.0 191.64600000000002 17 1350.0 -405.0 10 -44 68.28999999999999 48.90699999999999 81
495.0 224.54500000000002 13 1560.0 -1065.0 88 -51 84.13800000000002 57.216000000000015 213
1260.0 215.923 14 1260.0 0.0 0 -46 89.60199999999998 51.811999999999976 0
1290.0 213.397 13 1290.0 0.0 0 -53 66.883 49.61699999999999 0
1140.0 162.49899999999997 12 1140.0 -810.0 40 -39 54.13 41.82599999999999 162
1140.0 164.86599999999993 12 1140.0 -1115.0 27 -39 56.54799999999997 43.83400000000001 223
1140.0 172.61299999999997 15 1140.0 -895.0 22 -43 58.47999999999999 49.43999999999999 179
1020.0 171.46900000000002 16 1020.0 0.0 0 -43 51.712 39.37800000000001 0
1275.0 269.28899999999993 15 1530.0 -255.0 85 -68 82.85699999999997 51.778000000000006 17
-210.0 177.429 12 1140.0 -1350.0 90 -44 61.88600000000002 45.342999999999975 270
885.0 194.47899999999998 14 1560.0 -675.0 90 -46 67.03799999999998 61.86300000000001 135
745.0 215.5109999999999 15 1410.0 -665.0 88 -56 63.05899999999998 57.708 133
1200.0 169.448 17 1200.0 -500.0 41 -42 58.61899999999999 40.419 100
900.0 157.786 15 900.0 0.0 0 -42 55.12599999999998 24.880999999999997 0
1290.0 203.84199999999996 9 1290.0 0.0 0 -48 71.72299999999997 51.93299999999998 0
1015.0 204.649 14 1680.0 -665.0 88 -59 52.65099999999999 47.654 133
-30.0 168.43399999999994 11 1290.0 -1320.0 88 -50 39.40599999999999 43.73299999999999 264
870.0 154.552 12 870.0 -1595.0 39 -42 44.90599999999999 27.523 319
1050.0 163.20699999999997 14 1050.0 -825.0 68 -39 58.99799999999998 38.56099999999999 165
-45.0 183.75700000000003 11 1290.0 -1335.0 89 -51 46.140999999999984 46.40600000000002 267
445.0 245.90799999999996 19 1590.0 -1055.0 87 -58 86.37499999999999 60.129000000000005 211
1080.0 158.309 13 1080.0 0.0 0 -39 50.769999999999996 44.49799999999999 0
1500.0 227.45099999999994 16 1500.0 -875.0 21 -47 91.917 62.58400000000001 175
1230.0 157.97899999999996 14 1230.0 -1600.0 80 -44 45.61999999999999 30.726 320
1320.0 196.14 16 1320.0 -400.0 33 -43 68.56899999999999 59.45799999999998 80
1710.0 177.478 10 1710.0 -1185.0 29 -43 58.184000000000026 63.86799999999998 237
60.0 156.94899999999996 12 1140.0 -1080.0 90 -46 42.603 38.298999999999985 216
1590.0 154.91599999999988 10 1590.0 -1655.0 41 -40 53.38799999999999 46.51499999999998 331
1050.0 137.79000000000005 10 1050.0 -1985.0 49 -41 29.281 39.42000000000001 397
1230.0 171.15599999999998 11 1230.0 0.0 0 -46 50.48599999999999 39.22499999999999 0
1470.0 196.43199999999996 13 1470.0 -1100.0 27 -47 78.24299999999998 49.38899999999998 220
-120.0 180.224 11 1230.0 -1350.0 90 -42 55.596999999999994 53.35000000000001 270
1170.0 190.46399999999997 12 1170.0 -1285.0 32 -46 63.229999999999976 32.25499999999999 257
1200.0 135.93599999999998 10 1200.0 0.0 0 -34 41.379999999999995 46.05499999999998 0
840.0 151.80300000000003 15 840.0 -1130.0 28 -41 39.725999999999985 28.062999999999995 226
1200.0 161.292 14 1200.0 -295.0 7 -40 56.960999999999984 45.114999999999995 59
1050.0 305.19000000000017 17 2130.0 -1090.0 90 -75 87.34199999999997 63.123000000000005 218
1200.0 180.13699999999997 17 1200.0 -165.0 11 -45 62.60499999999999 42.029 33
1350.0 179.53999999999996 12 1350.0 0.0 0 -49 56.941 48.38299999999999 0
1320.0 140.38499999999993 14 1320.0 -1240.0 82 -42 41.169999999999995 26.561 248
1350.0 182.038 13 1350.0 -810.0 67 -40 65.96999999999998 59.27299999999997 162
1050.0 139.836 11 1050.0 -2175.0 54 -44 40.44199999999999 28.75299999999999 435
1020.0 160.54799999999994 14 1020.0 -1075.0 89 -43 59.07999999999997 28.570999999999998 215
1140.0 186.00599999999994 15 1140.0 -1060.0 70 -45 58.331999999999994 45.230999999999995 212
1290.0 200.44299999999996 18 1290.0 -225.0 5 -49 67.52299999999998 39.774 45
1110.0 185.84199999999993 17 1110.0 -1045.0 26 -47 73.26599999999999 38.49799999999999 209
1500.0 215.45099999999996 10 1500.0 -955.0 63 -47 89.62100000000002 57.536 191
990.0 185.78599999999997 12 990.0 -930.0 62 -40 71.11599999999999 38.045999999999985 186
1020.0 136.268 14 1020.0 -1035.0 25 -40 40.47299999999999 23.732 207
1020.0 203.072 17 1020.0 0.0 0 -46 79.71499999999997 41.579 0
1050.0 158.26699999999997 14 1050.0 0.0 0 -39 55.654999999999994 35.46 0
1380.0 155.39599999999996 13 1380.0 -1360.0 68 -43 43.822999999999986 42.529999999999994 272
1200.0 184.88800000000003 13 1200.0 -1040.0 69 -42 76.413 45.849000000000004 208
1020.0 167.18299999999996 12 1020.0 0.0 0 -42 57.97999999999999 37.723 0
930.0 155.10799999999995 13 930.0 0.0 0 -43 50.28699999999999 35.041000000000004 0
1080.0 161.01999999999998 13 1080.0 0.0 0 -41 59.627999999999986 39.561 0
165.0 180.57600000000005 17 840.0 -675.0 90 -48 61.47799999999999 33.797 135
1080.0 197.503 18 1080.0 0.0 0 -53 59.90299999999998 42.236999999999995 0
1080.0 157.59899999999993 12 1080.0 -1525.0 38 -42 51.282999999999994 37.72599999999999 305
1140.0 157.41199999999995 13 1140.0 0.0 0 -43 56.71099999999999 36.361999999999995 0
1320.0 187.35199999999995 16 1320.0 -610.0 40 -46 67.66799999999999 49.355999999999995 122
2355.0 354.51699999999994 14 2610.0 -255.0 85 -81 105.92300000000006 108.77299999999997 17
1140.0 185.88799999999998 14 1140.0 0.0 0 -48 72.31299999999995 37.37099999999999 0
645.0 222.9859999999999 17 1320.0 -675.0 90 -56 73.21499999999997 52.944 135
1230.0 201.794 10 1230.0 0.0 0 -42 75.25499999999998 43.69 0
475.0 172.26299999999998 12 1140.0 -665.0 88 -44 50.14899999999999 38.26499999999999 133
1255.0 253.996 16 1920.0 -665.0 88 -57 92.87900000000002 79.36999999999995 133
840.0 130.718 14 840.0 0.0 0 -42 32.82599999999999 17.032 0
1110.0 169.22399999999996 10 1110.0 0.0 0 -41 60.05 43.722999999999985 0
55.0 168.04299999999998 11 720.0 -665.0 88 -40 51.58399999999999 27.854 133
960.0 152.73099999999994 10 960.0 0.0 0 -39 46.504 36.579 0
1200.0 194.55299999999997 15 1200.0 0.0 0 -47 71.708 42.14599999999999 0
535.0 179.4039999999999 12 1590.0 -1055.0 87 -49 50.73499999999999 60.001 211
1110.0 204.72599999999997 16 1110.0 -500.0 33 -44 78.471 51.72399999999998 100
720.0 152.46 10 720.0 0.0 0 -39 47.12 29.982 0
-185.0 193.07899999999995 14 870.0 -1055.0 87 -51 51.08399999999998 43.20199999999999 211
-255.0 163.61899999999994 13 1080.0 -1335.0 89 -45 46.668 39.415 267
930.0 144.01 12 930.0 0.0 0 -40 45.121999999999986 31.532999999999998 0
1230.0 184.479 14 1230.0 -465.0 38 -41 66.45599999999999 52.195999999999984 93
745.0 194.77599999999995 15 1470.0 -665.0 88 -47 74.59499999999997 55.29699999999999 133
505.0 191.65399999999997 14 1560.0 -1055.0 87 -49 64.475 54.257 211
1140.0 155.75400000000002 13 1140.0 0.0 0 -40 46.331999999999994 41.75399999999999 0
1335.0 244.79499999999993 21 1590.0 -255.0 85 -62 81.69899999999998 60.47999999999999 17
315.0 164.382 12 990.0 -675.0 90 -41 51.51599999999999 38.141999999999996 135
2910.0 381.59799999999996 19 3180.0 -280.0 90 -94 112.34599999999995 105.15700000000001 20
1500.0 196.13099999999991 15 1500.0 -465.0 23 -45 71.86199999999998 59.237999999999985 93
-120.0 165.00499999999994 10 1200.0 -1320.0 88 -45 52.33399999999999 38.83899999999999 264
120.0 196.795 15 1200.0 -1080.0 90 -55 61.45999999999999 33.108999999999995 216
1020.0 244.74999999999997 13 1680.0 -660.0 88 -57 77.35599999999998 60.525000000000006 132
1590.0 151.16500000000002 7 1590.0 -350.0 23 -40 41.20300000000002 57.676999999999964 70
975.0 280.127 18 2040.0 -1065.0 88 -70 85.03800000000001 78.51799999999996 213
1170.0 193.903 12 1170.0 -880.0 58 -46 69.226 45.068999999999996 176
960.0 158.48000000000002 11 960.0 -1515.0 37 -37 59.38800000000002 25.993 303
1140.0 190.4999999999999 14 1140.0 -810.0 67 -42 76.94999999999997 46.05199999999999 162
915.0 243.445 11 1980.0 -1065.0 88 -58 69.04000000000002 77.59999999999998 213
-150.0 194.374 14 1200.0 -1350.0 90 -51 60.16399999999999 39.344 270
1470.0 183.31999999999996 12 1470.0 0.0 0 -40 60.426999999999985 65.03999999999999 0
930.0 143.95299999999997 15 990.0 0.0 0 -39 53.21499999999999 37.452 0
1410.0 176.608 14 1410.0 -940.0 23 -44 68.625 49.93599999999999 188
1410.0 200.91300000000007 11 1410.0 -1495.0 74 -44 58.61900000000001 59.775000000000006 299
-640.0 155.67599999999993 14 1140.0 -1780.0 89 -46 44.93099999999998 33.62199999999999 356
1080.0 167.704 14 1080.0 0.0 0 -42 57.52999999999997 40.086999999999996 0
295.0 173.662 18 960.0 -665.0 88 -43 70.712 36.375 133
960.0 160.188 13 960.0 0.0 0 -41 56.01499999999999 31.676 0
1050.0 213.76699999999994 16 1050.0 -125.0 16 -45 89.74899999999997 43.532999999999994 25
0.0 197.15399999999997 13 1080.0 -1085.0 90 -51 64.464 44.69599999999999 217
1050.0 192.51400000000004 12 1050.0 0.0 0 -46 82.38000000000001 33.103 0
960.0 177.79399999999993 16 960.0 -1000.0 50 -44 66.21799999999999 34.706999999999994 200
120.0 236.4759999999999 20 1470.0 -1350.0 90 -62 71.87599999999998 49.82799999999998 270
1380.0 167.609 10 1380.0 -440.0 36 -38 63.09800000000001 48.344999999999985 88
-45.0 206.22899999999998 14 1290.0 -1335.0 89 -49 62.739000000000004 53.20000000000001 267
1500.0 199.83900000000003 15 1500.0 0.0 0 -47 75.367 47.39000000000001 0
1530.0 153.521 8 1530.0 0.0 0 -39 51.658 51.961 0
1170.0 147.98799999999997 13 1170.0 -355.0 23 -41 41.952 39.742999999999995 71
1980.0 306.465 21 2250.0 -285.0 91 -76 100.276 84.42099999999999 21
1230.0 169.93099999999998 10 1230.0 0.0 0 -43 57.95100000000001 41.50099999999998 0
1380.0 184.04799999999997 10 1380.0 0.0 0 -42 68.72 49.50499999999999 0
1080.0 139.07099999999997 9 1080.0 -710.0 17 -36 29.44699999999999 41.957999999999984 142
1500.0 195.718 10 1500.0 -95.0 4 -40 80.54300000000002 62.910999999999966 19
1140.0 153.846 12 1140.0 -935.0 23 -41 42.44299999999999 43.503 187
1020.0 147.95799999999997 7 1020.0 -1485.0 74 -38 43.733000000000004 29.92799999999999 297
1440.0 185.42499999999998 16 1440.0 0.0 0 -46 53.36799999999998 57.97999999999999 0
-165.0 173.69799999999992 12 1170.0 -1335.0 89 -50 38.69799999999999 27.42099999999999 267
1980.0 322.988 16 2220.0 -240.0 80 -66 116.26800000000004 77.31300000000002 16
2475.0 319.13000000000005 13 2730.0 -255.0 85 -77 91.74000000000002 115.36399999999999 17
75.0 214.01799999999994 14 1140.0 -1065.0 88 -55 67.66299999999998 40.001 213
1080.0 166.29500000000002 9 1080.0 0.0 0 -41 58.004999999999995 32.376999999999995 0
1380.0 194.16799999999995 15 1380.0 0.0 0 -44 69.689 59.357000000000006 0
900.0 156.94299999999996 14 900.0 -1115.0 74 -43 49.717999999999996 29.068 223
1260.0 159.427 10 1260.0 0.0 0 -39 57.57400000000001 47.358000000000004 0
-45.0 192.78199999999998 13 1290.0 -1335.0 89 -53 56.54 48.118 267
120.0 166.15299999999996 8 1470.0 -1350.0 90 -45 51.842 44.75699999999998 270
1410.0 207.661 16 1410.0 -1420.0 35 -52 77.46 42.13099999999999 284
1500.0 241.14099999999996 16 1500.0 -1280.0 64 -50 96.71699999999998 70.157 256
1470.0 164.94899999999998 10 1470.0 0.0 0 -43 50.609 51.923 0
690.0 154.29600000000008 11 690.0 -1475.0 36 -39 61.59200000000001 20.698999999999998 295
1015.0 220.15399999999994 15 1680.0 -665.0 88 -48 68.97999999999998 69.71799999999998 133
1320.0 165.327 12 1320.0 -950.0 63 -44 44.20199999999999 43.95399999999999 190
1785.0 247.9349999999999 14 2040.0 -255.0 85 -64 68.58799999999997 66.62400000000001 17
1350.0 230.63800000000003 15 1590.0 -240.0 80 -55 73.01199999999997 59.82600000000001 16
1260.0 186.686 11 1260.0 0.0 0 -47 65.90299999999999 47.10699999999999 0
1320.0 171.78099999999998 8 1320.0 0.0 0 -41 54.97099999999999 44.362999999999985 0
1830.0 182.83999999999997 12 1830.0 -485.0 40 -45 66.29300000000002 61.554000000000016 97
-490.0 177.607 10 1290.0 -1780.0 89 -41 62.68700000000001 49.226000000000006 356
1200.0 159.91999999999993 8 1200.0 0.0 0 -43 51.81199999999998 33.18000000000001 0
1140.0 192.90899999999996 11 1140.0 0.0 0 -48 70.23200000000001 38.129000000000005 0
870.0 170.70899999999995 14 870.0 -850.0 70 -41 52.28099999999999 29.374000000000002 170
150.0 174.34700000000007 9 1500.0 -1350.0 90 -43 57.18200000000001 58.23900000000002 270
1200.0 267.865 21 1710.0 -535.0 85 -61 98.47099999999999 72.313 56
1260.0 186.01300000000003 15 1260.0 0.0 0 -44 64.612 57.317 0
1035.0 211.82399999999993 14 1290.0 -255.0 85 -57 59.10799999999998 35.233 17
165.0 220.45799999999997 15 1500.0 -1335.0 89 -50 78.94300000000001 60.03399999999998 267
300.0 193.16500000000002 12 1650.0 -1350.0 90 -56 45.843 56.99500000000001 270
1830.0 243.69700000000003 19 2100.0 -270.0 90 -68 60.92599999999997 71.799 18
1770.0 224.98699999999997 11 1770.0 -955.0 23 -48 85.12699999999998 71.89400000000002 191
1350.0 188.03299999999993 10 1350.0 0.0 0 -41 71.292 53.219999999999985 0
955.0 272.2169999999999 19 1680.0 -665.0 88 -67 90.749 60.760999999999974 133
285.0 230.59799999999987 11 1620.0 -1335.0 89 -49 90.53500000000003 64.03299999999997 267
1200.0 177.72699999999998 14 1200.0 0.0 0 -41 60.06399999999999 46.227999999999994 0
265.0 198.84200000000004 17 1320.0 -1055.0 87 -51 69.88599999999998 52.97 211
345.0 178.32699999999994 14 1020.0 -675.0 90 -49 46.31699999999999 32.25899999999999 135
1170.0 157.49899999999994 14 1170.0 -1170.0 78 -43 39.84599999999999 42.71199999999999 234
1290.0 169.16199999999998 12 1290.0 -1005.0 67 -40 54.87599999999999 48.398 201
1500.0 166.33599999999993 14 1500.0 -815.0 67 -40 61.33299999999998 48.439999999999976 163
1290.0 167.39 13 1290.0 0.0 0 -39 64.53600000000003 47.258 0
1170.0 145.72900000000004 10 1170.0 0.0 0 -40 35.35499999999999 38.12000000000002 0
1680.0 211.34599999999998 9 1680.0 -1170.0 29 -47 69.99800000000002 72.377 234
1320.0 169.56 12 1320.0 -1290.0 64 -40 64.29200000000002 50.721999999999966 258
1050.0 192.33699999999985 16 1050.0 -640.0 42 -49 69.49799999999999 39.223 128
1230.0 173.264 12 1230.0 -1385.0 34 -44 57.83199999999999 46.156000000000006 277
1290.0 200.3829999999999 14 1290.0 -605.0 40 -49 59.944 53.13199999999999 121
1410.0 188.7429999999999 14 1410.0 0.0 0 -50 60.81799999999997 51.20699999999999 0
1380.0 176.41299999999998 12 1380.0 0.0 0 -40 65.221 50.24099999999998 0
1380.0 201.372 14 1380.0 -1375.0 34 -48 63.79899999999998 45.07000000000001 275
900.0 162.01599999999993 14 900.0 0.0 0 -40 56.582999999999984 26.708999999999996 0
1650.0 211.30300000000003 14 1920.0 -270.0 90 -63 45.355 50.735 18
1200.0 188.59399999999994 14 1200.0 -1425.0 35 -46 73.29599999999999 27.947 285
1650.0 173.76299999999995 7 1650.0 0.0 0 -39 72.09400000000002 59.480000000000004 0
960.0 162.52399999999994 13 960.0 -1360.0 34 -40 53.304 40.192999999999984 272
1110.0 192.04199999999994 15 1110.0 0.0 0 -48 70.25299999999999 38.306999999999995 0
1500.0 166.201 9 1500.0 0.0 0 -43 47.08099999999999 52.30399999999999 0
780.0 152.99599999999992 13 780.0 -1630.0 81 -41 48.42299999999998 26.839 326
1230.0 177.12599999999998 17 1230.0 0.0 0 -44 67.25999999999999 44.881 0
1080.0 148.95699999999997 15 1080.0 0.0 0 -39 53.481999999999985 41.904999999999994 0
1230.0 168.33099999999996 8 1230.0 -1350.0 33 -41 57.804000000000016 33.278999999999996 270
1500.0 171.99099999999999 9 1500.0 0.0 0 -40 57.50699999999999 61.35899999999999 0
1140.0 176.73999999999995 16 1140.0 0.0 0 -41 56.22199999999998 40.446999999999996 0
1380.0 156.96400000000006 13 1380.0 0.0 0 -42 54.294999999999995 48.744000000000014 0
1050.0 131.87799999999996 9 1050.0 0.0 0 -42 31.673999999999992 28.906 0
1170.0 170.021 11 1170.0 0.0 0 -40 61.10399999999999 47.75799999999998 0
1050.0 164.63899999999995 12 1050.0 -805.0 53 -42 53.367 42.758 161
1545.0 271.4649999999999 19 1800.0 -255.0 85 -70 81.34299999999998 66.477 17
2190.0 200.20700000000005 6 2190.0 -1970.0 49 -37 87.73100000000001 76.88399999999999 394
30.0 166.73399999999992 10 1380.0 -1350.0 90 -48 45.309999999999974 46.413000000000004 270
1500.0 178.471 8 1500.0 0.0 0 -42 58.67299999999998 60.80399999999997 0
870.0 203.24599999999992 16 870.0 0.0 0 -48 73.66299999999998 35.109 0
1230.0 146.18299999999996 10 1230.0 -1555.0 38 -40 40.963999999999984 43.801 311
1200.0 170.34499999999997 13 1200.0 -1925.0 48 -43 52.43099999999999 28.14299999999999 385
615.0 191.705 14 1290.0 -675.0 90 -56 54.39399999999998 35.952999999999996 135
1635.0 249.75499999999997 15 1890.0 -255.0 85 -68 68.95399999999998 65.746 17
990.0 144.0589999999999 13 990.0 0.0 0 -39 48.70399999999999 29.540999999999997 0
1170.0 165.24099999999996 10 1170.0 0.0 0 -41 46.96399999999999 49.256 0
210.0 228.1979999999999 13 870.0 -660.0 88 -54 79.97699999999996 35.242000000000004 132
1140.0 181.1899999999999 13 1140.0 0.0 0 -44 65.181 44.201 0
930.0 226.71099999999998 16 930.0 0.0 0 -52 79.85499999999999 40.86 0
1995.0 275.762 17 2250.0 -260.0 85 -68 79.74699999999999 78.752 18
1290.0 195.489 14 1290.0 -390.0 32 -42 82.89600000000002 50.15499999999998 78
1695.0 256.6499999999999 18 1950.0 -255.0 85 -68 62.147999999999996 75.556 17
990.0 182.13399999999993 14 990.0 -1730.0 43 -49 51.38699999999999 31.137999999999995 346
990.0 155.86299999999994 13 990.0 -165.0 22 -43 40.625999999999976 31.322 33
-460.0 135.33499999999995 8 1320.0 -1780.0 89 -42 17.320999999999998 48.387999999999984 356
1290.0 200.754 17 1290.0 -575.0 38 -49 78.28499999999998 45.236000000000004 115
1170.0 179.85699999999994 14 1170.0 0.0 0 -40 68.84 45.62499999999999 0
1140.0 170.29399999999998 14 1140.0 0.0 0 -40 66.94099999999999 37.11299999999999 0
60.0 185.71099999999996 15 1410.0 -1350.0 90 -49 62.414 50.256999999999984 270
1200.0 171.37500000000003 11 1200.0 0.0 0 -40 62.89 49.10499999999999 0
690.0 139.68599999999998 11 690.0 -1730.0 86 -39 43.42399999999999 16.121000000000006 346
805.0 214.89099999999996 15 1530.0 -665.0 88 -50 72.79599999999999 47.733 133
1410.0 208.80699999999996 13 1410.0 -1260.0 84 -47 67.002 71.027 252
1230.0 195.08999999999997 14 1230.0 -790.0 19 -48 59.35799999999996 45.968999999999994 158
445.0 211.5029999999999 17 1110.0 -680.0 90 -56 69.056 44.19199999999999 136
1740.0 190.1179999999999 17 1740.0 -1310.0 32 -47 59.91099999999999 60.608000000000004 262
1245.0 246.13000000000002 17 1920.0 -675.0 90 -63 83.486 69.714 135
1140.0 161.21899999999994 12 1140.0 0.0 0 -42 41.11399999999999 43.06999999999999 0
960.0 153.26199999999997 7 960.0 -1615.0 40 -36 55.848 35.793 323
1590.0 194.26600000000005 8 1590.0 -2180.0 54 -48 53.985000000000014 46.874 436
1470.0 191.93700000000004 12 1470.0 -255.0 12 -43 80.963 48.920999999999985 51
345.0 227.46799999999988 17 1410.0 -1065.0 88 -57 66.419 47.757 213
1260.0 182.01999999999998 14 1260.0 0.0 0 -47 67.80899999999998 39.46099999999999 0
2040.0 275.09099999999995 13 2280.0 -240.0 80 -64 99.61500000000001 79.96899999999997 16
880.0 242.743 17 1920.0 -1040.0 86 -71 59.43799999999999 58.34899999999999 208
1200.0 189.78199999999993 11 1200.0 0.0 0 -41 68.67500000000001 44.88499999999999 0
655.0 180.87999999999994 14 1320.0 -665.0 88 -49 54.41399999999998 39.26999999999999 133
1200.0 176.94799999999998 14 1200.0 0.0 0 -42 62.38999999999999 52.196999999999996 0
1905.0 294.58799999999985 16 2160.0 -255.0 85 -67 104.10800000000002 84.05299999999997 17
-330.0 210.42400000000004 14 1020.0 -1350.0 90 -55 65.74499999999999 32.07000000000001 270
2130.0 272.155 13 2370.0 -240.0 80 -72 73.818 87.90400000000002 16
1110.0 164.33200000000002 11 1110.0 0.0 0 -43 48.76699999999999 43.48 0
1320.0 164.66599999999997 11 1320.0 -585.0 48 -41 55.219000000000015 46.707999999999984 117
865.0 172.94400000000005 10 1530.0 -665.0 88 -47 45.41799999999999 51.62300000000002 133
750.0 169.81799999999998 10 750.0 0.0 0 -40 68.04500000000002 25.733 0
570.0 192.52899999999997 11 840.0 -270.0 90 -49 56.648999999999994 41.40599999999999 18
80.0 212.53999999999996 13 1110.0 -1030.0 85 -49 66.92699999999998 54.933999999999976 206
1050.0 174.10400000000004 8 1050.0 0.0 0 -44 50.70300000000002 44.085999999999984 0
1380.0 177.72799999999998 13 1380.0 -835.0 69 -42 64.47400000000002 52.70399999999998 167
1230.0 149.04799999999997 9 1230.0 0.0 0 -39 42.17299999999999 47.39599999999998 0
720.0 147.927 12 720.0 -1695.0 84 -41 41.05199999999999 24.145999999999994 339
385.0 229.4749999999999 17 1440.0 -1055.0 87 -54 79.231 57.19200000000001 211
1320.0 165.86999999999992 11 1320.0 -235.0 15 -39 56.49900000000001 43.23099999999997 47
1170.0 191.02999999999994 17 1170.0 -560.0 27 -41 81.82699999999998 42.40899999999999 112
870.0 174.36400000000003 15 870.0 0.0 0 -50 59.20999999999998 31.174999999999994 0
1110.0 180.36199999999997 13 1110.0 -1035.0 25 -43 54.285999999999994 51.47799999999998 207
-135.0 190.2909999999999 16 1200.0 -1355.0 89 -49 69.59099999999998 44.010999999999996 271
1320.0 169.265 9 1320.0 0.0 0 -41 50.520999999999994 52.45999999999999 0
1290.0 196.025 15 1290.0 0.0 0 -47 74.54399999999998 48.79 0
1230.0 158.97699999999998 12 1230.0 -1405.0 35 -45 43.370999999999995 39.856 281
990.0 168.71099999999993 13 990.0 -940.0 62 -41 66.76399999999998 33.35399999999999 188
1140.0 145.969 14 1140.0 0.0 0 -42 45.56099999999999 33.143 0
960.0 189.29500000000002 13 960.0 -1765.0 44 -43 66.51800000000001 42.135999999999996 353
1170.0 186.266 10 1170.0 0.0 0 -40 58.23199999999998 60.232000000000006 0
1050.0 152.01299999999995 13 1050.0 0.0 0 -41 45.71399999999999 34.711 0
265.0 163.69099999999995 15 1320.0 -1055.0 87 -49 44.09699999999999 35.426 211
1260.0 151.34000000000003 9 1260.0 -1790.0 44 -39 51.01700000000002 33.71399999999998 358
1320.0 173.24300000000002 13 1320.0 -1135.0 28 -45 46.791000000000004 49.832999999999984 227
150.0 173.31700000000004 16 1230.0 -1080.0 90 -49 47.903 44.09099999999998 216
1170.0 139.068 12 1170.0 -1125.0 75 -43 44.61699999999999 33.988 225
1530.0 180.45299999999997 14 1530.0 -850.0 70 -43 60.629999999999995 51.05299999999999 170
1470.0 198.85899999999998 15 1470.0 -565.0 37 -49 70.40299999999999 46.355999999999995 113
1290.0 156.701 14 1290.0 0.0 0 -41 49.92199999999999 48.47799999999999 0
840.0 144.79100000000003 12 840.0 -1575.0 39 -41 43.48299999999999 21.735999999999997 315
1200.0 161.03999999999996 11 1200.0 -1745.0 43 -45 48.98499999999999 35.609 349
1380.0 150.975 19 1380.0 -335.0 27 -41 52.07299999999999 44.763 67
60.0 140.19399999999993 9 1410.0 -1350.0 90 -42 43.550999999999995 43.91599999999999 270
1410.0 227.68199999999993 15 1410.0 -860.0 71 -52 74.55499999999999 66.00699999999999 172
1380.0 172.05600000000004 9 1380.0 -825.0 68 -38 68.22500000000002 55.044 165
55.0 174.68999999999994 10 1110.0 -1055.0 87 -47 51.896999999999984 34.16199999999999 211
1230.0 234.90699999999998 16 1470.0 -240.0 80 -59 73.40099999999998 61.437000000000005 16
1350.0 175.20799999999997 13 1350.0 0.0 0 -42 59.78699999999999 53.08599999999999 0
1050.0 195.93200000000002 14 1050.0 0.0 0 -50 66.39299999999999 39.15199999999999 0
330.0 184.07300000000004 8 1680.0 -1350.0 90 -46 58.06500000000002 52.43900000000001 270
1050.0 147.05799999999996 10 1050.0 0.0 0 -40 40.80200000000001 33.37299999999999 0
330.0 205.48099999999997 12 1680.0 -1350.0 90 -49 78.62800000000001 50.012999999999984 270
135.0 183.46199999999996 14 1200.0 -1065.0 88 -50 54.33199999999997 38.16299999999999 213
1290.0 191.67199999999997 14 1290.0 0.0 0 -46 60.814000000000014 50.388999999999996 0
1320.0 201.0469999999999 11 1320.0 0.0 0 -44 62.28999999999999 57.333 0
1380.0 184.92799999999997 14 1380.0 0.0 0 -45 67.477 47.733 0
1230.0 155.86 10 1230.0 0.0 0 -39 41.717 48.440000000000005 0
1440.0 173.40699999999995 12 1440.0 0.0 0 -43 57.58999999999998 54.60199999999999 0
1905.0 270.058 15 2160.0 -255.0 85 -64 81.17299999999999 86.13999999999999 17
-255.0 155.37800000000001 13 1080.0 -1345.0 89 -45 48.55299999999999 33.395999999999994 269
1605.0 238.18800000000002 17 1860.0 -255.0 85 -64 67.05499999999999 61.68099999999999 17
1680.0 317.7069999999999 21 1950.0 -270.0 90 -69 111.971 79.15 18
810.0 174.65899999999993 13 810.0 0.0 0 -44 49.28599999999999 30.573999999999998 0
1860.0 174.66299999999995 9 1860.0 0.0 0 -42 58.78800000000002 65.39499999999997 0
1380.0 198.852 10 1380.0 0.0 0 -44 65.26999999999998 60.742 0
645.0 230.66500000000005 15 1710.0 -1065.0 88 -54 89.71000000000001 62.22299999999996 213
1260.0 198.85699999999989 13 1260.0 0.0 0 -47 70.28399999999999 47.151999999999994 0
1765.0 314.67799999999994 18 2430.0 -665.0 88 -75 91.60100000000001 97.19999999999997 133
1125.0 222.15200000000002 13 1800.0 -675.0 90 -57 72.91300000000001 65.48399999999998 135
145.0 150.21699999999996 11 1200.0 -1055.0 87 -41 43.971999999999994 34.147 211
1080.0 173.79399999999995 12 1080.0 -955.0 79 -45 63.24599999999996 43.519999999999996 191
1140.0 151.79699999999994 11 1140.0 0.0 0 -40 50.98999999999999 35.05500000000001 0
285.0 170.70199999999994 14 960.0 -675.0 90 -45 52.12099999999998 27.502 135
60.0 244.79699999999994 16 1170.0 -1080.0 90 -58 83.042 44.37199999999999 216
-60.0 184.89899999999994 15 1290.0 -1350.0 90 -49 64.99699999999997 47.592 270
990.0 162.769 12 990.0 0.0 0 -41 57.53599999999998 41.491 0
1350.0 170.888 10 1350.0 0.0 0 -45 42.36599999999999 47.07700000000001 0
1080.0 136.59099999999998 8 1080.0 0.0 0 -39 33.93499999999999 38.71700000000001 0
1050.0 179.58999999999997 12 1050.0 -1435.0 35 -42 65.01999999999998 42.33 287
1830.0 310.7879999999999 21 2100.0 -270.0 90 -75 101.18099999999998 86.12999999999998 18
1440.0 206.15199999999996 14 1440.0 -690.0 17 -45 72.823 59.85000000000001 138
1290.0 160.37600000000003 14 1290.0 0.0 0 -43 57.582999999999984 40.815 0
-60.0 170.68800000000002 10 1290.0 -1350.0 90 -43 64.86800000000001 32.809999999999995 270
1350.0 181.56199999999995 11 1350.0 0.0 0 -41 64.093 56.915999999999976 0
1710.0 166.57799999999997 10 1710.0 0.0 0 -41 52.02200000000002 55.68499999999999 0
805.0 203.66600000000003 16 1470.0 -665.0 88 -49 68.91399999999999 55.74999999999997 133
1620.0 193.01600000000005 15 1620.0 0.0 0 -47 74.88799999999999 53.74 0
1395.0 290.35499999999996 15 2070.0 -675.0 90 -77 84.214 74.24400000000001 135
1200.0 186.25699999999995 17 1200.0 -1130.0 56 -50 65.63999999999997 39.228 226
-255.0 194.95299999999995 13 1080.0 -1335.0 89 -51 56.74099999999999 27.656999999999986 267
-30.0 150.78499999999994 9 1320.0 -1350.0 90 -41 48.958999999999996 39.752999999999986 270
1440.0 214.8609999999999 13 1440.0 -1435.0 71 -47 71.47700000000003 57.00199999999999 287
750.0 170.57900000000006 12 750.0 -1615.0 40 -41 55.81299999999999 41.106 323
1050.0 148.98699999999997 14 1050.0 -1230.0 82 -39 44.025999999999996 36.774 246
930.0 248.194 19 1470.0 -560.0 90 -58 72.21999999999998 56.97499999999997 58
1140.0 168.91699999999997 11 1140.0 0.0 0 -43 48.053000000000004 44.26199999999998 0
415.0 164.38900000000004 15 1080.0 -665.0 88 -47 54.570999999999984 38.520999999999994 133
1260.0 174.33499999999995 11 1260.0 -1510.0 37 -43 61.31599999999999 46.879000000000005 302
1650.0 183.28900000000007 11 1650.0 0.0 0 -42 68.33900000000001 60.23199999999998 0
1320.0 200.97899999999998 11 1320.0 0.0 0 -43 78.54400000000001 51.96999999999999 0
1020.0 167.088 13 1020.0 0.0 0 -45 55.93499999999999 34.668 0
555.0 172.78499999999994 13 1230.0 -675.0 90 -50 42.41299999999999 36.20899999999998 135
1110.0 158.88199999999992 10 1110.0 -1115.0 74 -42 45.44599999999999 36.739999999999995 223
1320.0 181.93100000000004 11 1320.0 -1290.0 32 -44 63.83800000000002 46.05299999999999 258
1050.0 167.93699999999995 15 1050.0 0.0 0 -42 55.43399999999998 39.33599999999999 0
-15.0 238.13799999999992 17 1050.0 -1065.0 88 -51 94.66600000000001 55.79399999999999 213
1920.0 280.3470000000001 16 2190.0 -270.0 90 -70 83.75100000000002 78.35599999999998 18
1590.0 192.76699999999994 11 1590.0 -655.0 54 -50 63.68999999999998 43.853999999999985 131
840.0 150.04299999999998 10 840.0 -2055.0 51 -40 50.728999999999985 26.710999999999995 411
765.0 259.64099999999985 23 1440.0 -685.0 90 -66 89.43799999999997 48.652999999999984 137
625.0 262.65299999999996 16 1290.0 -665.0 88 -58 90.588 67.38799999999999 133
2415.0 346.74499999999995 20 2670.0 -255.0 85 -83 109.59599999999996 105.879 17
1435.0 262.305 15 2100.0 -665.0 88 -63 78.13799999999998 83.09800000000001 133
1530.0 190.113 12 1530.0 -885.0 22 -50 65.51199999999997 52.007000000000005 177
900.0 230.604 14 1980.0 -1090.0 90 -54 81.54800000000002 72.638 218
1260.0 164.46599999999998 12 1260.0 0.0 0 -42 52.99699999999999 45.132000000000005 0
1110.0 181.012 14 1110.0 -1105.0 27 -43 71.094 38.29099999999999 221
1050.0 162.78799999999993 11 1050.0 0.0 0 -43 51.401999999999994 34.208999999999996 0
1500.0 209.70099999999994 16 1500.0 -540.0 27 -47 77.70899999999996 66.505 108
-315.0 208.16000000000005 12 1020.0 -1335.0 89 -47 90.394 35.44499999999999 267
1200.0 157.09699999999998 11 1200.0 0.0 0 -42 47.529999999999994 30.873000000000005 0
1200.0 155.54399999999998 13 1200.0 -1000.0 83 -40 56.94299999999999 43.42999999999999 200
945.0 233.356 17 1620.0 -675.0 90 -62 75.79099999999998 59.95099999999999 135
1785.0 297.0669999999999 19 2040.0 -255.0 85 -72 98.10999999999997 75.99800000000002 17
930.0 162.95899999999997 15 930.0 0.0 0 -41 53.589999999999996 39.89999999999999 0
1140.0 152.618 16 1140.0 -65.0 1 -40 55.79700000000001 38.138 13
1020.0 178.11499999999998 11 1020.0 0.0 0 -43 54.825 33.793 0
870.0 139.30199999999994 13 870.0 -1275.0 85 -40 41.187999999999995 30.7 255
1050.0 165.46099999999998 11 1050.0 -1485.0 37 -39 57.48999999999999 41.83299999999999 297
1680.0 206.016 14 1680.0 -660.0 55 -48 75.30700000000002 62.47399999999999 132
990.0 159.338 14 990.0 -1215.0 30 -42 57.53199999999999 37.172 243
1425.0 248.68099999999998 14 2100.0 -675.0 90 -58 78.548 86.59899999999999 135
475.0 191.88400000000004 10 1530.0 -1055.0 87 -44 74.82900000000005 56.44299999999999 211
1440.0 171.63699999999997 13 1440.0 -650.0 16 -40 58.00900000000003 46.64899999999998 130
840.0 156.878 15 840.0 0.0 0 -40 54.336999999999996 31.715999999999994 0
1080.0 163.09299999999996 14 1080.0 0.0 0 -42 51.966 39.25599999999999 0
235.0 181.73899999999998 14 1290.0 -1055.0 87 -48 58.45399999999999 38.47699999999998 211
1440.0 175.32999999999998 13 1440.0 0.0 0 -45 56.42399999999998 48.47999999999999 0
1740.0 252.03599999999997 20 1980.0 -240.0 80 -63 77.13699999999994 64.07500000000002 16
1815.0 282.3059999999999 18 2070.0 -255.0 85 -72 85.24999999999996 78.438 17
745.0 220.17100000000005 14 1410.0 -665.0 88 -64 51.713999999999984 44.68500000000003 133
1410.0 176.338 13 1410.0 -650.0 43 -44 58.948999999999984 51.43099999999999 130
1020.0 185.40299999999993 9 1020.0 -2160.0 54 -42 73.49300000000001 35.752999999999986 432
1320.0 184.53799999999998 15 1320.0 0.0 0 -48 56.082999999999984 49.73799999999999 0
1380.0 185.08 10 1380.0 -1490.0 74 -43 79.42800000000003 38.74099999999999 298
960.0 174.86400000000003 12 960.0 0.0 0 -40 56.768 47.449999999999996 0
1260.0 181.536 13 1260.0 0.0 0 -43 71.19100000000002 52.74199999999998 0
1110.0 153.56999999999994 12 1110.0 -425.0 10 -42 49.36399999999999 38.04299999999999 85
1680.0 179.87800000000007 14 1680.0 -995.0 82 -38 61.502000000000024 68.24099999999999 199
780.0 153.191 13 780.0 0.0 0 -40 48.05599999999998 31.119999999999997 0
1380.0 182.732 14 1380.0 -835.0 69 -44 73.917 49.45099999999999 167
2175.0 327.902 19 2430.0 -255.0 85 -83 93.08599999999998 94.90900000000005 17
1350.0 172.301 11 1350.0 -1460.0 36 -40 66.41199999999999 49.289999999999985 292
820.0 208.26599999999993 16 1350.0 -530.0 88 -53 78.52499999999998 41.934 53
990.0 148.65899999999993 11 990.0 -670.0 55 -39 42.81299999999999 36.962 134
1230.0 182.07799999999992 16 1230.0 -1150.0 76 -42 59.76599999999999 54.52399999999998 230
1380.0 202.38 15 1380.0 -1095.0 27 -48 64.91199999999999 50.440000000000005 219
870.0 161.25399999999996 14 870.0 0.0 0 -41 48.121999999999986 34.86699999999999 0
1755.0 295.85099999999994 17 2010.0 -255.0 85 -68 96.969 75.14599999999999 17
1080.0 229.65699999999995 13 1620.0 -540.0 90 -50 86.721 66.04599999999998 54
930.0 153.4 15 930.0 0.0 0 -44 45.453 30.871999999999996 0
990.0 160.057 15 990.0 -1035.0 69 -42 55.832999999999984 37.05399999999999 207
1440.0 180.9 13 1440.0 -650.0 16 -43 62.14300000000002 60.108999999999995 130
900.0 150.199 11 900.0 -1625.0 40 -39 44.79899999999999 30.192 325
105.0 174.89299999999994 12 1440.0 -1335.0 89 -45 61.310999999999986 47.1 267
-180.0 198.25599999999997 15 1140.0 -1320.0 88 -52 61.931 40.276999999999994 264
825.0 213.81199999999995 15 1890.0 -1065.0 88 -53 73.94500000000002 57.015 213
975.0 229.386 15 1710.0 -675.0 90 -54 76.91299999999998 69.39800000000001 135
750.0 148.002 10 750.0 0.0 0 -39 50.76 22.488000000000003 0
-105.0 151.29299999999992 12 1230.0 -1335.0 89 -45 39.54199999999999 29.200999999999993 267
30.0 159.145 15 1110.0 -1080.0 90 -44 58.16699999999998 38.153999999999996 216
960.0 163.40699999999998 15 960.0 -410.0 10 -44 48.232 37.010999999999996 82
1800.0 242.50800000000004 10 1800.0 0.0 0 -51 90.06100000000004 77.63600000000001 0
1695.0 282.44199999999995 16 1950.0 -255.0 85 -66 91.88700000000001 79.352 17
465.0 204.14599999999993 12 1530.0 -1065.0 88 -52 64.32899999999998 54.70099999999998 213
1465.0 331.425 19 2130.0 -665.0 88 -69 125.61900000000003 90.463 133
1200.0 168.56599999999995 13 1200.0 -1160.0 28 -39 55.25399999999999 48.47999999999999 232
805.0 211.05099999999993 15 1470.0 -665.0 88 -57 62.62499999999999 60.165000000000006 133
-330.0 203.78399999999993 13 1020.0 -1350.0 90 -50 74.823 35.449999999999996 270
1665.0 285.46500000000003 20 1920.0 -255.0 85 -78 85.60399999999997 55.66199999999999 17
1320.0 149.96799999999993 13 1320.0 0.0 0 -39 46.42199999999999 40.47499999999999 0
780.0 116.242 11 780.0 0.0 0 -32 38.191 23.564 0
1290.0 184.40099999999995 11 1290.0 0.0 0 -42 75.22099999999998 53.01999999999999 0
360.0 178.272 13 1440.0 -1080.0 90 -47 53.45799999999999 51.42599999999999 216
-230.0 187.40199999999993 12 1530.0 -1760.0 87 -49 64.92899999999999 51.01499999999999 352
930.0 156.57899999999998 13 930.0 -990.0 65 -41 51.464 28.919 198
1545.0 255.14999999999995 19 1800.0 -255.0 85 -68 79.57299999999998 62.232 17
2250.0 327.468 19 2520.0 -270.0 90 -74 96.08500000000001 104.97499999999997 18
-35.0 174.80999999999997 16 1020.0 -1055.0 87 -46 59.827999999999996 34.915 211
1080.0 167.851 13 1080.0 0.0 0 -42 60.20799999999999 39.52399999999999 0
1080.0 151.00799999999998 12 1080.0 -1800.0 45 -42 42.536 31.717999999999993 360
900.0 173.5349999999999 14 900.0 -1045.0 69 -43 57.90599999999999 34.104 209
135.0 194.1749999999999 12 1200.0 -1065.0 88 -44 69.56000000000002 50.12599999999997 213
1530.0 183.188 14 1530.0 0.0 0 -47 51.56100000000002 55.155 0
1800.0 212.42499999999998 11 1800.0 -1580.0 39 -46 78.899 69.95299999999997 316
660.0 225.23499999999996 16 1740.0 -1085.0 90 -59 65.81599999999999 65.496 217
415.0 211.39899999999994 18 1080.0 -700.0 92 -54 74.65099999999998 48.771 140
1020.0 131.688 14 1020.0 0.0 0 -41 46.44499999999999 28.112000000000002 0
1260.0 162.41899999999995 11 1260.0 0.0 0 -42 54.304000000000016 44.529 0
1530.0 162.06800000000004 8 1530.0 0.0 0 -39 51.72099999999999 58.76400000000002 0
1440.0 173.414 15 1440.0 -305.0 7 -39 65.39599999999999 55.981999999999985 61
840.0 149.70300000000003 13 840.0 0.0 0 -41 54.67900000000001 24.546999999999997 0
1140.0 200.071 14 1140.0 -1510.0 37 -46 77.73900000000002 51.305999999999976 302
1110.0 157.03199999999995 13 1110.0 -1020.0 85 -44 44.37899999999999 31.119999999999994 204
1710.0 196.57500000000002 14 1710.0 0.0 0 -43 65.68599999999998 63.65699999999998 0
840.0 175.80699999999993 16 840.0 -565.0 75 -45 60.066999999999986 31.065000000000005 113
1320.0 192.875 18 1320.0 -515.0 42 -45 77.74199999999999 58.348999999999975 103
315.0 190.16299999999998 12 1380.0 -1070.0 88 -45 60.91299999999999 53.46599999999999 214
1170.0 171.59199999999998 12 1170.0 -1095.0 73 -45 58.263999999999996 39.35599999999997 219
1200.0 179.12699999999998 14 1200.0 0.0 0 -39 65.91799999999999 48.452999999999996 0
-180.0 190.51 15 1170.0 -1350.0 90 -52 45.72699999999998 32.16 270
1440.0 155.77299999999997 15 1440.0 -495.0 12 -42 55.359999999999985 43.59399999999999 99
1755.0 291.92599999999993 16 2010.0 -285.0 87 -69 94.99700000000001 71.35100000000003 23
1590.0 181.80099999999996 13 1590.0 0.0 0 -42 67.75699999999999 59.831999999999994 0
1140.0 159.143 12 1140.0 -1175.0 29 -39 58.718000000000025 32.44799999999999 235
1530.0 199.52599999999995 14 1530.0 -750.0 18 -47 74.32899999999998 56.10999999999999 150
