1290.0 219.50300000000007 12 1920.0 -630.0 84 -57 64.95599999999999 66.02999999999999 126
2460.0 317.4259999999998 17 2460.0 -540.0 45 -81 92.44999999999993 93.59900000000002 108
1920.0 282.8879999999999 18 1920.0 0.0 0 -66 96.53399999999998 75.56299999999997 0
2310.0 267.313 13 2310.0 -565.0 47 -62 94.35100000000006 76.44399999999996 113
1410.0 276.5969999999999 19 1410.0 -145.0 12 -65 102.14599999999996 56.153000000000006 29
2040.0 317.5469999999999 16 2040.0 -880.0 73 -75 109.24299999999994 64.58399999999999 176
2190.0 295.45599999999996 16 2190.0 0.0 0 -68 96.13200000000002 93.84999999999997 0
1890.0 264.26800000000003 18 1890.0 0.0 0 -66 89.885 62.83400000000001 0
1620.0 256.5679999999999 18 1620.0 -185.0 12 -65 68.67699999999999 57.544999999999995 37
1740.0 258.66600000000005 15 1740.0 0.0 0 -64 70.81899999999999 77.27600000000002 0
2100.0 268.90199999999993 20 2100.0 0.0 0 -64 93.87400000000001 76.46199999999997 0
2160.0 259.58500000000004 16 2160.0 0.0 0 -68 86.03500000000003 69.753 0
2160.0 275.97600000000006 16 2160.0 0.0 0 -70 92.02099999999999 74.87899999999999 0
1920.0 286.98699999999985 21 1920.0 0.0 0 -69 90.99199999999996 66.41799999999999 0
1320.0 247.91500000000002 20 1320.0 0.0 0 -63 87.19599999999997 53.46799999999998 0
1950.0 237.45599999999993 15 1950.0 -205.0 13 -68 49.510999999999996 68.75100000000002 41
1770.0 256.16299999999995 16 1770.0 0.0 0 -62 80.74399999999997 69.25999999999999 0
2160.0 273.74999999999994 21 2160.0 -110.0 11 -68 79.913 80.944 22
2190.0 290.498 22 2190.0 -340.0 36 -76 93.29899999999999 78.59200000000001 68
1950.0 277.433 19 1950.0 -500.0 33 -69 94.02600000000001 75.82199999999999 100
1530.0 238.33199999999994 20 1530.0 0.0 0 -58 84.35299999999995 55.837 0
1260.0 182.35499999999996 13 1260.0 0.0 0 -48 57.616000000000014 36.74899999999998 0
1500.0 194.37199999999999 19 1500.0 0.0 0 -55 67.12299999999999 42.298 0
2610.0 321.54600000000005 16 2610.0 0.0 0 -80 119.04899999999996 81.02499999999998 0
1800.0 247.62099999999992 21 1800.0 -185.0 15 -65 93.85999999999999 62.50399999999999 37
2640.0 293.33699999999993 14 2640.0 -390.0 52 -71 108.80300000000001 93.19399999999999 78
1830.0 280.40599999999995 19 1830.0 0.0 0 -67 92.51899999999996 73.77199999999999 0
1410.0 252.30899999999988 18 1410.0 0.0 0 -63 88.75899999999999 52.235 0
2310.0 260.72399999999993 21 2310.0 -5.0 0 -69 86.44299999999998 73.29499999999999 1
1950.0 346.13299999999987 21 1950.0 0.0 0 -71 137.71699999999998 88.252 0
2280.0 340.406 20 2280.0 0.0 0 -77 125.88599999999995 84.758 0
1590.0 235.6699999999999 15 1590.0 0.0 0 -54 84.12200000000001 61.86899999999997 0
1800.0 286.886 14 1800.0 -530.0 44 -71 88.96600000000001 65.85199999999999 106
1950.0 285.167 14 1950.0 0.0 0 -60 112.56199999999995 72.96299999999998 0
1680.0 275.2309999999999 24 1680.0 0.0 0 -67 100.27399999999996 60.78 0
2670.0 336.908 17 2670.0 0.0 0 -76 132.48000000000005 86.66599999999998 0
2160.0 277.778 18 2160.0 0.0 0 -62 101.57100000000001 88.30799999999999 0
1920.0 268.541 21 1920.0 0.0 0 -63 98.62199999999997 75.87899999999999 0
1770.0 257.49599999999987 16 1770.0 -325.0 21 -69 71.12499999999997 69.697 65
2310.0 302.7599999999999 16 2310.0 -1000.0 83 -72 96.67699999999999 84.06900000000005 200
1170.0 193.8219999999999 17 1170.0 0.0 0 -50 53.44399999999999 43.64799999999999 0
1830.0 272.45799999999997 14 1830.0 -1065.0 26 -62 98.19800000000004 62.52899999999999 213
1440.0 239.09499999999994 18 1440.0 0.0 0 -63 78.35999999999999 47.48799999999999 0
1950.0 237.73199999999994 16 1950.0 0.0 0 -61 72.139 69.53699999999999 0
2400.0 294.40399999999994 16 2400.0 0.0 0 -67 112.209 80.35599999999998 0
1440.0 221.28499999999985 17 1440.0 0.0 0 -55 69.18899999999996 54.538 0
2430.0 339.43199999999996 12 2430.0 0.0 0 -74 115.20599999999999 100.87499999999999 0
1860.0 242.21599999999992 17 1860.0 0.0 0 -64 76.14199999999998 65.75500000000001 0
2130.0 226.029 16 2130.0 -465.0 11 -67 67.982 61.867999999999995 93
2040.0 249.511 20 2040.0 0.0 0 -60 89.765 82.60099999999998 0
1710.0 256.6629999999999 17 1710.0 0.0 0 -70 74.28699999999998 59.126000000000005 0
1980.0 274.322 16 1980.0 -170.0 8 -66 89.779 82.18299999999998 34
2100.0 272.564 17 2100.0 -25.0 2 -66 114.85699999999994 66.04299999999998 5
2100.0 275.7199999999999 15 2100.0 0.0 0 -73 73.31499999999998 60.15500000000001 0
2190.0 270.775 17 2190.0 -190.0 12 -67 101.40399999999998 71.07799999999999 38
1530.0 292.60299999999995 24 1530.0 -15.0 2 -71 103.73599999999999 58.148 3
2010.0 308.3649999999999 18 2010.0 -445.0 11 -74 103.347 78.241 89
2310.0 260.98600000000005 15 2310.0 -290.0 14 -64 93.95700000000002 74.85399999999997 58
2640.0 288.00800000000004 20 2640.0 0.0 0 -76 104.188 80.38899999999998 0
2160.0 237.0 13 2160.0 0.0 0 -66 62.64199999999999 72.65000000000003 0
2850.0 273.222 16 2850.0 0.0 0 -67 91.517 90.19399999999996 0
1920.0 298.50199999999984 19 1920.0 -555.0 46 -73 109.17699999999996 70.28499999999998 111
1170.0 213.66099999999994 15 1170.0 0.0 0 -51 72.45899999999999 47.70599999999999 0
1410.0 224.40799999999993 19 1410.0 -10.0 0 -65 69.08199999999998 43.907 2
1890.0 257.32899999999995 18 1890.0 0.0 0 -65 83.19799999999998 60.36300000000001 0
1620.0 270.39899999999994 18 1620.0 -240.0 32 -64 100.52799999999998 64.62899999999999 48
1860.0 253.41199999999998 17 1860.0 0.0 0 -61 83.70000000000002 71.80499999999995 0
2070.0 261.632 13 2070.0 0.0 0 -60 90.49799999999999 82.21999999999998 0
2340.0 398.17900000000003 22 2340.0 0.0 0 -85 164.40999999999997 78.67899999999999 0
1470.0 246.00999999999993 20 1470.0 -10.0 0 -57 90.92399999999998 54.49199999999998 2
2430.0 246.09899999999996 17 2430.0 0.0 0 -66 73.34100000000001 77.85099999999998 0
1410.0 206.90500000000003 14 1410.0 -5.0 0 -51 62.84200000000002 53.96499999999999 1
1980.0 267.388 19 1980.0 0.0 0 -66 81.67699999999998 63.59299999999999 0
1695.0 353.5849999999999 17 2700.0 -1005.0 83 -80 137.951 101.857 201
2190.0 319.25899999999984 18 2190.0 0.0 0 -71 114.88999999999999 91.57599999999998 0
1890.0 247.28999999999988 19 1890.0 -610.0 30 -68 79.17499999999997 57.71699999999999 122
2190.0 286.55799999999994 18 2190.0 0.0 0 -74 85.56599999999997 82.24499999999998 0
2370.0 276.45599999999996 15 2370.0 0.0 0 -66 83.52699999999997 95.00899999999999 0
1140.0 207.84999999999994 18 1140.0 0.0 0 -52 64.35299999999998 29.048000000000002 0
1020.0 178.22499999999994 13 1020.0 0.0 0 -50 44.94 40.365999999999985 0
1560.0 209.59300000000002 19 1560.0 0.0 0 -57 70.59999999999998 51.45899999999999 0
1320.0 248.36699999999996 16 1320.0 -610.0 30 -66 87.94299999999998 38.81199999999999 122
1860.0 295.0949999999999 24 1860.0 -230.0 11 -77 97.29699999999997 69.45599999999999 46
2310.0 315.8939999999999 17 2310.0 -135.0 3 -74 107.78799999999998 94.50099999999998 27
1620.0 287.34299999999996 17 1620.0 -650.0 54 -69 98.182 56.16700000000001 130
1440.0 219.84199999999987 17 1440.0 0.0 0 -56 80.71899999999998 50.644 0
1890.0 280.6339999999999 18 1890.0 0.0 0 -73 91.30299999999997 65.53399999999998 0
1830.0 333.1589999999999 20 1830.0 0.0 0 -74 139.19 73.318 0
1500.0 246.72000000000003 14 1500.0 0.0 0 -62 71.75899999999999 59.448999999999984 0
1780.0 327.815 16 2400.0 -620.0 82 -72 136.77700000000002 87.28599999999997 124
1620.0 295.04799999999994 24 1620.0 -295.0 24 -74 100.94499999999994 61.666999999999994 59
1920.0 266.57300000000004 15 1920.0 -25.0 0 -62 92.19499999999998 78.292 5
2010.0 313.49900000000014 17 2010.0 -80.0 5 -73 106.19699999999999 82.56700000000002 16
1200.0 193.55399999999997 16 1200.0 0.0 0 -50 61.34599999999998 42.635000000000005 0
1830.0 262.532 16 1830.0 -215.0 14 -64 91.26799999999997 64.254 43
2070.0 320.65299999999996 17 2070.0 0.0 0 -67 125.74199999999999 74.94999999999997 0
1920.0 256.77 18 1920.0 0.0 0 -64 89.80599999999998 66.71199999999999 0
1680.0 313.4889999999998 21 1680.0 0.0 0 -70 129.67199999999994 66.04700000000001 0
1530.0 258.53999999999996 21 1530.0 0.0 0 -69 84.40899999999999 58.52 0
1980.0 236.23299999999992 17 1980.0 0.0 0 -63 71.01199999999999 62.047 0
2760.0 326.99199999999996 16 2760.0 -255.0 12 -70 113.36000000000001 88.72499999999998 51
1920.0 296.91999999999996 16 1920.0 -805.0 53 -70 101.14599999999996 77.19500000000001 161
2400.0 322.57599999999996 19 2400.0 0.0 0 -67 121.63800000000002 100.98899999999998 0
1770.0 264.599 20 1770.0 0.0 0 -63 92.904 69.77199999999998 0
1920.0 257.87499999999994 18 1920.0 -195.0 13 -71 72.77199999999996 60.20699999999999 39
2280.0 329.5019999999999 14 2280.0 0.0 0 -73 113.67599999999997 102.28699999999998 0
2010.0 223.43999999999997 13 2010.0 0.0 0 -49 83.96700000000001 73.61799999999998 0
2220.0 269.39599999999996 12 2220.0 -1580.0 39 -68 88.68700000000004 55.227999999999994 316
1320.0 250.409 20 1320.0 0.0 0 -64 74.82399999999998 52.789 0
1140.0 224.79399999999998 19 1140.0 0.0 0 -53 77.76999999999997 44.425 0
1890.0 284.758 20 1890.0 0.0 0 -72 97.07499999999996 67.82700000000003 0
1620.0 262.613 25 1620.0 -535.0 26 -69 82.99900000000001 70.69999999999999 107
1620.0 268.2319999999999 19 1620.0 0.0 0 -64 94.08299999999998 65.00099999999998 0
1965.0 379.554 20 2520.0 -255.0 85 -95 97.369 104.11600000000001 17
2460.0 330.3689999999998 18 2460.0 -120.0 8 -78 117.25199999999995 80.861 24
2010.0 332.835 22 2010.0 0.0 0 -80 106.94499999999998 84.64999999999999 0
1680.0 265.08 17 1680.0 -550.0 13 -68 88.227 57.98599999999999 110
2460.0 312.36999999999995 17 2460.0 -110.0 9 -78 98.09299999999999 66.38200000000002 22
1170.0 240.671 18 1170.0 0.0 0 -57 88.85899999999995 48.266 0
1740.0 292.975 20 1740.0 0.0 0 -71 116.32099999999997 65.78499999999998 0
2220.0 259.5760000000001 15 2220.0 0.0 0 -62 91.62600000000003 79.97099999999996 0
1290.0 217.28699999999998 19 1290.0 -20.0 2 -55 71.25199999999998 50.740999999999985 4
2520.0 332.612 16 2520.0 -385.0 9 -81 108.39399999999999 87.32400000000001 77
1680.0 335.45299999999986 23 1680.0 -10.0 0 -75 126.823 77.708 2
2370.0 283.417 20 2370.0 0.0 0 -59 107.191 96.09799999999994 0
1680.0 265.53299999999996 19 1680.0 0.0 0 -67 75.58699999999997 75.70400000000001 0
2190.0 236.46299999999997 15 2190.0 -670.0 44 -68 58.297 75.15899999999999 134
1800.0 243.893 18 1800.0 0.0 0 -61 87.77900000000002 62.51199999999999 0
1320.0 171.368 18 1320.0 0.0 0 -48 50.07799999999999 31.271 0
1170.0 186.57600000000002 17 1170.0 0.0 0 -50 53.760000000000005 43.519 0
1770.0 315.57299999999987 21 1770.0 0.0 0 -76 118.69699999999997 52.97 0
1650.0 272.361 21 1650.0 0.0 0 -63 92.91199999999998 70.10499999999999 0
2190.0 289.40800000000013 17 2190.0 0.0 0 -73 80.70799999999998 87.35799999999999 0
2070.0 234.439 15 2070.0 -345.0 8 -65 73.65500000000002 58.109 69
1950.0 259.73999999999995 18 1950.0 0.0 0 -58 95.27499999999998 71.31399999999998 0
2100.0 286.82499999999993 22 2100.0 -695.0 57 -72 89.66799999999999 74.835 139
1800.0 296.5939999999999 19 1800.0 0.0 0 -73 98.572 70.25199999999998 0
2550.0 316.99899999999997 17 2550.0 -140.0 11 -76 99.53399999999998 91.836 28
2280.0 342.66499999999996 24 2280.0 -115.0 2 -78 131.20399999999998 85.468 23
1620.0 270.1609999999999 17 1620.0 0.0 0 -70 85.21199999999996 48.860000000000014 0
2430.0 341.194 18 2430.0 0.0 0 -82 114.44699999999997 84.78000000000002 0
1080.0 234.22099999999998 17 1080.0 0.0 0 -58 79.80099999999997 40.95399999999999 0
1710.0 253.43499999999995 23 1710.0 0.0 0 -65 82.25199999999998 66.61800000000001 0
1500.0 226.03499999999994 13 1500.0 0.0 0 -56 68.94899999999998 59.38199999999999 0
1920.0 258.261 20 1920.0 0.0 0 -63 99.29 70.30799999999996 0
2040.0 243.421 18 2040.0 0.0 0 -61 72.83100000000002 57.496 0
1680.0 219.45499999999998 17 1680.0 -10.0 0 -56 64.02199999999999 57.402999999999984 2
2160.0 280.817 17 2160.0 -100.0 8 -71 73.44599999999998 81.904 20
1265.0 254.72999999999993 15 2040.0 -775.0 83 -71 67.87099999999997 47.47099999999998 155
1320.0 209.67900000000003 15 1320.0 0.0 0 -59 58.29599999999999 42.315999999999995 0
1650.0 233.592 19 1650.0 0.0 0 -54 92.28799999999997 65.74499999999998 0
1560.0 270.38599999999997 21 1560.0 -635.0 52 -70 89.198 63.61399999999999 127
2010.0 277.74899999999985 19 2010.0 0.0 0 -72 98.453 61.664 0
1710.0 279.59399999999977 17 1950.0 -240.0 80 -73 69.154 67.705 16
1350.0 208.115 18 1350.0 0.0 0 -58 53.724 42.358000000000004 0
1650.0 249.71 15 1650.0 0.0 0 -60 85.72399999999998 70.60400000000001 0
2040.0 294.68899999999996 22 2040.0 0.0 0 -71 111.41299999999998 73.37199999999999 0
1290.0 232.89399999999998 17 1290.0 0.0 0 -59 74.68299999999996 45.221000000000004 0
1620.0 264.297 20 1620.0 0.0 0 -65 96.44600000000001 59.12600000000001 0
1290.0 272.876 21 1290.0 0.0 0 -61 104.648 46.913 0
1770.0 292.5929999999998 18 1770.0 0.0 0 -69 96.11199999999997 61.52199999999999 0
1320.0 220.58499999999992 11 1320.0 0.0 0 -59 55.22099999999999 48.57400000000001 0
1950.0 256.116 23 1950.0 -85.0 7 -66 102.08200000000001 67.301 17
2190.0 281.715 20 2190.0 0.0 0 -66 86.229 93.57700000000001 0
1590.0 227.0929999999999 17 1590.0 0.0 0 -64 63.12899999999998 49.617999999999995 0
1920.0 233.85799999999995 18 1920.0 0.0 0 -58 82.10199999999999 64.97800000000001 0
1560.0 259.968 16 1560.0 -720.0 78 -67 68.116 71.51299999999999 144
1980.0 271.998 16 1980.0 -815.0 67 -67 82.444 74.59199999999998 163
1710.0 260.931 22 1710.0 0.0 0 -58 88.97299999999998 71.18799999999999 0
1350.0 256.63399999999996 18 1350.0 0.0 0 -58 94.97399999999996 52.929999999999986 0
1710.0 264.1250000000001 20 1710.0 0.0 0 -66 83.71299999999998 69.74599999999998 0
1650.0 243.84599999999995 19 1650.0 0.0 0 -66 67.31399999999998 55.74999999999999 0
2580.0 316.05199999999996 22 2580.0 -95.0 2 -74 109.83299999999998 95.77499999999999 19
2010.0 231.1899999999999 14 2010.0 0.0 0 -65 48.00199999999998 64.31799999999998 0
1680.0 215.05100000000002 17 1680.0 0.0 0 -58 65.54500000000002 53.402999999999984 0
1770.0 301.74399999999997 22 1770.0 0.0 0 -70 99.19499999999996 71.342 0
2010.0 293.8399999999998 15 2010.0 -210.0 13 -72 84.53199999999997 78.33500000000001 42
1590.0 239.26299999999995 19 1590.0 0.0 0 -63 80.11999999999998 52.522 0
2370.0 280.5949999999999 21 2370.0 -295.0 31 -70 92.80499999999998 87.00899999999999 59
1830.0 178.206 13 1830.0 0.0 0 -51 53.68299999999998 56.196 0
2310.0 299.6459999999999 16 2310.0 0.0 0 -72 98.10100000000001 91.04599999999999 0
1770.0 280.84899999999993 25 1770.0 0.0 0 -68 88.24899999999997 66.87899999999999 0
2220.0 362.72799999999995 22 2220.0 -90.0 6 -83 118.66499999999996 94.118 18
1350.0 210.6579999999999 16 1350.0 0.0 0 -51 68.13999999999999 57.684 0
1530.0 216.40200000000004 14 1530.0 0.0 0 -53 71.248 58.374 0
1140.0 198.327 15 1170.0 0.0 0 -49 63.51599999999999 44.64199999999999 0
2430.0 254.82899999999992 19 2430.0 0.0 0 -64 86.29399999999997 73.045 0
1740.0 261.7820000000001 18 1740.0 0.0 0 -59 97.38400000000001 71.83899999999997 0
1680.0 254.93999999999986 19 1680.0 -35.0 2 -58 90.64599999999996 69.99199999999999 7
2010.0 241.52800000000002 19 2010.0 0.0 0 -62 75.13899999999998 58.99499999999999 0
1680.0 258.2829999999999 15 1680.0 -130.0 8 -65 74.62799999999997 60.32500000000001 26
1005.0 293.25600000000003 16 2010.0 -1005.0 83 -73 93.073 73.30499999999999 201
2280.0 278.4149999999999 17 2280.0 -115.0 7 -73 100.031 67.19399999999999 23
1740.0 279.6030000000001 21 1740.0 -240.0 16 -65 97.11300000000001 72.93599999999999 48
2070.0 272.4109999999999 19 2070.0 0.0 0 -61 97.57099999999997 80.95299999999999 0
2100.0 299.007 23 2100.0 0.0 0 -70 103.46999999999997 69.81099999999998 0
1860.0 260.31799999999987 20 1860.0 0.0 0 -69 85.50899999999999 54.896 0
2220.0 288.43499999999995 17 2220.0 -235.0 31 -72 87.44599999999997 80.902 47
2880.0 285.844 16 2880.0 -425.0 56 -72 97.46000000000002 96.279 85
2400.0 263.7969999999999 14 2400.0 0.0 0 -65 77.842 87.33699999999997 0
1620.0 225.33399999999997 17 1620.0 0.0 0 -63 73.51599999999998 49.775000000000006 0
2100.0 254.814 20 2100.0 0.0 0 -72 72.33999999999997 54.567 0
2070.0 349.686 24 2070.0 -20.0 0 -73 134.75499999999997 84.07499999999997 4
1710.0 252.11999999999995 19 1710.0 -325.0 21 -67 80.059 53.993999999999986 65
2340.0 278.818 18 2340.0 -660.0 55 -71 85.66900000000003 73.20199999999998 132
1470.0 211.40099999999995 19 1470.0 0.0 0 -53 77.222 46.34799999999999 0
2130.0 328.43399999999997 16 2130.0 0.0 0 -72 128.95100000000002 70.06299999999997 0
900.0 147.35699999999997 12 900.0 0.0 0 -40 39.93599999999999 26.915 0
1650.0 300.1409999999999 20 1650.0 -555.0 74 -67 108.15499999999997 67.15 111
2190.0 260.82499999999993 19 2190.0 0.0 0 -69 83.54199999999997 78.40099999999998 0
1410.0 240.873 21 1410.0 0.0 0 -51 86.55899999999997 61.083 0
1950.0 263.0799999999999 19 1950.0 -160.0 10 -70 91.23299999999999 63.215999999999994 32
1020.0 175.54899999999992 14 1020.0 -5.0 0 -48 46.981 27.215000000000003 1
2040.0 239.5939999999999 13 2040.0 -810.0 20 -66 62.33 59.30799999999998 162
1350.0 255.24800000000002 21 1350.0 0.0 0 -63 97.07299999999996 41.667999999999985 0
1650.0 267.1879999999999 18 1650.0 -605.0 80 -69 80.91199999999996 56.80499999999998 121
2280.0 346.2469999999999 19 2280.0 0.0 0 -80 118.813 87.31 0
1530.0 230.986 14 1530.0 -10.0 0 -62 67.36299999999999 60.284 2
1860.0 227.08100000000002 17 1920.0 0.0 0 -57 68.93300000000002 68.06099999999996 0
2610.0 320.9769999999999 22 2610.0 0.0 0 -74 124.64199999999997 88.36799999999998 0
1620.0 290.613 19 1620.0 0.0 0 -69 106.87099999999995 54.44599999999999 0
1200.0 153.20499999999998 15 1200.0 0.0 0 -45 43.63899999999999 34.514 0
1470.0 242.56999999999996 20 1470.0 0.0 0 -62 95.62999999999997 49.60900000000001 0
1290.0 199.35699999999997 15 1290.0 0.0 0 -51 60.928 46.79199999999999 0
1860.0 221.16099999999992 14 1860.0 0.0 0 -57 63.820999999999984 69.665 0
2160.0 303.75399999999996 18 2160.0 0.0 0 -73 112.87799999999997 69.05100000000002 0
1860.0 305.758 19 1890.0 0.0 0 -66 115.69600000000001 81.45199999999997 0
1920.0 290.36599999999993 21 1920.0 -45.0 3 -67 110.31299999999996 74.78099999999999 9
1710.0 312.4439999999999 24 1710.0 0.0 0 -75 98.12999999999998 67.33799999999998 0
2280.0 313.0769999999999 18 2280.0 -875.0 58 -74 112.79100000000003 89.67299999999997 175
1800.0 255.78699999999998 16 1800.0 -990.0 65 -66 75.69200000000001 66.0 198
1830.0 241.51399999999998 18 1830.0 0.0 0 -56 88.96699999999998 74.708 0
2220.0 313.3489999999999 18 2220.0 0.0 0 -73 91.72499999999998 97.56900000000002 0
1620.0 206.53599999999994 14 1620.0 0.0 0 -54 68.11199999999998 55.210999999999984 0
1500.0 221.39299999999994 14 1590.0 0.0 0 -60 62.11199999999999 55.406000000000006 0
1230.0 219.84100000000004 20 1230.0 0.0 0 -59 70.64999999999999 33.468 0
1620.0 249.83399999999992 19 1620.0 0.0 0 -70 68.74999999999999 59.058 0
1320.0 235.86200000000002 20 1320.0 0.0 0 -64 58.455 50.12200000000001 0
1980.0 261.06699999999995 19 1980.0 0.0 0 -63 85.67800000000001 73.258 0
2100.0 273.96599999999995 18 2100.0 -255.0 17 -72 84.14699999999999 74.714 51
1350.0 295.8349999999999 22 1350.0 -385.0 32 -70 106.12999999999995 54.51 77
1980.0 331.4599999999999 22 1980.0 0.0 0 -81 111.743 81.85600000000002 0
2550.0 257.60599999999994 19 2550.0 0.0 0 -73 71.86599999999999 74.98899999999998 0
2340.0 329.93100000000004 18 2340.0 0.0 0 -71 118.05999999999997 91.67099999999995 0
2370.0 286.716 17 2370.0 -385.0 25 -75 77.20099999999998 82.44200000000001 77
2010.0 300.429 17 2010.0 0.0 0 -74 82.829 72.825 0
1740.0 257.1809999999999 18 1740.0 0.0 0 -63 80.966 64.49699999999999 0
1620.0 242.40399999999994 16 1620.0 0.0 0 -57 84.74699999999999 66.538 0
2070.0 295.275 21 2070.0 0.0 0 -72 98.13499999999996 68.97 0
1410.0 212.45699999999997 18 1410.0 0.0 0 -50 78.60499999999999 52.55799999999999 0
1650.0 273.83599999999996 18 1650.0 0.0 0 -73 81.29999999999997 65.80300000000003 0
1560.0 224.434 17 1560.0 0.0 0 -56 65.564 62.763 0
2280.0 287.0109999999998 17 2520.0 -240.0 80 -78 65.75599999999997 86.786 16
1170.0 197.87699999999995 17 1170.0 0.0 0 -50 66.637 39.87800000000001 0
1980.0 308.09699999999987 20 1980.0 0.0 0 -71 112.84799999999997 74.39600000000002 0
1240.0 271.74199999999996 15 1920.0 -620.0 82 -72 84.26100000000002 66.26899999999999 124
1620.0 205.886 14 1620.0 0.0 0 -44 77.35000000000001 66.54299999999998 0
2220.0 247.087 11 2220.0 -685.0 57 -65 70.285 64.79500000000002 137
2040.0 300.72599999999994 20 2040.0 0.0 0 -77 89.84899999999996 77.63899999999998 0
1080.0 216.44299999999996 14 1080.0 -5.0 0 -50 75.90399999999998 48.793000000000006 1
2250.0 292.438 19 2250.0 -825.0 68 -76 92.08199999999995 87.48000000000002 165
1920.0 256.8669999999999 16 1920.0 -450.0 11 -70 54.77899999999998 64.226 90
1920.0 286.49299999999994 17 1920.0 0.0 0 -63 102.519 75.95299999999997 0
2010.0 254.49799999999988 18 2010.0 -545.0 36 -68 64.74399999999997 73.40600000000002 109
1950.0 264.207 19 1950.0 0.0 0 -62 97.856 75.646 0
2070.0 284.0609999999999 20 2070.0 -85.0 11 -73 86.836 66.45899999999997 17
1200.0 219.08899999999994 15 1200.0 0.0 0 -53 81.23399999999997 39.829 0
1440.0 234.96399999999997 20 1440.0 0.0 0 -65 67.058 52.472999999999985 0
1800.0 248.94 20 1800.0 -85.0 5 -65 89.92399999999999 60.62600000000001 17
1470.0 243.52300000000002 19 1470.0 -270.0 18 -65 89.19899999999997 50.028 54
2070.0 267.554 18 2070.0 0.0 0 -64 109.507 75.05299999999997 0
1560.0 241.6049999999999 19 1560.0 0.0 0 -65 73.26699999999998 49.798 0
1980.0 334.05999999999983 20 1980.0 -370.0 30 -81 117.77999999999994 77.17300000000002 74
1710.0 254.00799999999992 20 1710.0 0.0 0 -66 72.28399999999999 54.06799999999998 0
2340.0 317.45300000000015 18 2340.0 -220.0 14 -73 124.713 84.06 44
1830.0 233.70099999999994 16 1830.0 0.0 0 -65 58.542 63.749 0
1830.0 206.77500000000003 15 1830.0 0.0 0 -56 62.88699999999998 67.57999999999998 0
2040.0 243.92899999999995 17 2040.0 0.0 0 -63 78.27600000000002 73.21399999999997 0
1740.0 205.66099999999994 17 1740.0 0.0 0 -59 76.60399999999997 42.074 0
2580.0 302.121 13 2580.0 0.0 0 -73 99.965 88.58299999999997 0
1650.0 257.7069999999999 20 1650.0 0.0 0 -64 89.71899999999998 66.47300000000001 0
1800.0 287.52299999999997 18 1800.0 0.0 0 -71 89.35499999999996 73.46700000000001 0
1890.0 263.13599999999997 17 1890.0 0.0 0 -72 78.44999999999997 55.589999999999996 0
1230.0 237.5599999999999 14 1230.0 0.0 0 -56 83.06199999999998 47.949000000000005 0
1710.0 231.09799999999996 16 1710.0 0.0 0 -59 77.85200000000003 60.63999999999999 0
2130.0 296.28700000000003 19 2130.0 -325.0 27 -69 109.919 79.35499999999998 65
2010.0 252.70500000000004 20 2010.0 -10.0 0 -65 75.79299999999998 75.487 2
1710.0 284.832 15 1950.0 -240.0 80 -79 52.477999999999994 61.72900000000003 16
1800.0 281.4369999999999 21 1800.0 0.0 0 -66 107.84100000000001 64.634 0
1320.0 172.11899999999991 19 1320.0 0.0 0 -51 45.806999999999995 28.941000000000003 0
1200.0 195.90299999999993 15 1200.0 0.0 0 -54 55.41099999999997 39.844 0
1770.0 262.169 16 1770.0 0.0 0 -64 94.536 65.71799999999999 0
1560.0 244.16999999999993 16 1560.0 0.0 0 -67 70.17399999999998 52.64899999999998 0
1980.0 263.71799999999996 16 1980.0 0.0 0 -60 102.42799999999998 77.80999999999999 0
1470.0 316.0139999999999 14 2490.0 -1035.0 86 -76 115.39699999999999 83.615 207
1200.0 205.12999999999994 20 1200.0 -5.0 0 -58 65.42399999999999 44.342999999999996 1
1650.0 206.55499999999998 15 1650.0 0.0 0 -61 53.31199999999998 55.055 0
1680.0 237.39100000000002 16 1680.0 0.0 0 -65 61.428999999999995 37.633 0
1980.0 334.96500000000003 22 1980.0 0.0 0 -80 112.95499999999997 74.28699999999996 0
1770.0 271.89899999999994 20 1770.0 0.0 0 -69 85.38599999999997 66.33399999999999 0
2280.0 241.94899999999993 16 2280.0 -220.0 5 -72 51.01799999999999 70.21600000000001 44
2040.0 311.296 18 2040.0 0.0 0 -74 117.38699999999999 76.90299999999999 0
2250.0 256.715 17 2250.0 -695.0 17 -65 63.91699999999999 95.146 139
2550.0 308.99499999999995 20 2550.0 0.0 0 -72 106.94500000000001 87.62899999999993 0
1710.0 268.717 18 1710.0 -150.0 50 -65 89.45199999999998 69.47800000000001 10
2250.0 226.803 13 2250.0 -545.0 45 -68 52.24299999999999 57.744 109
2580.0 312.7739999999999 18 2580.0 -465.0 38 -85 92.88099999999996 87.44 93
1560.0 227.14 18 1560.0 0.0 0 -59 73.26499999999997 55.98699999999999 0
1890.0 247.77100000000007 18 1890.0 -920.0 76 -67 67.89099999999999 63.48600000000003 184
2280.0 256.69899999999996 16 2280.0 -595.0 39 -67 70.36000000000004 86.47 119
2130.0 310.6120000000001 19 2130.0 0.0 0 -71 99.92199999999997 92.53300000000003 0
2370.0 311.211 16 2370.0 0.0 0 -70 113.80200000000005 84.75799999999997 0
1770.0 246.691 15 1770.0 -555.0 46 -66 64.76199999999999 74.639 111
2490.0 257.71 13 2490.0 -470.0 11 -64 88.51900000000002 87.928 94
1500.0 271.27799999999996 19 1500.0 -420.0 27 -70 90.22699999999999 46.93899999999999 84
1890.0 298.79899999999986 17 1890.0 0.0 0 -70 91.59599999999996 77.245 0
2130.0 288.669 17 2130.0 0.0 0 -70 93.79100000000003 74.15399999999998 0
1680.0 268.76499999999993 16 1680.0 0.0 0 -58 114.31899999999999 62.468 0
1440.0 201.65699999999993 19 1440.0 0.0 0 -48 70.073 56.08399999999999 0
1140.0 176.8729999999999 11 1140.0 0.0 0 -51 41.14699999999999 34.16699999999999 0
1260.0 230.25599999999986 16 1260.0 0.0 0 -55 74.70099999999998 57.03699999999999 0
1380.0 195.658 19 1380.0 0.0 0 -53 63.782 55.211 0
1980.0 239.859 20 1980.0 0.0 0 -62 81.048 64.20499999999998 0
960.0 192.37099999999998 15 960.0 0.0 0 -49 60.46899999999999 37.059999999999995 0
1500.0 242.326 15 1500.0 0.0 0 -60 73.896 51.33099999999999 0
1860.0 194.47899999999996 16 1860.0 0.0 0 -56 45.685 47.66999999999999 0
1440.0 213.88699999999997 16 1440.0 0.0 0 -47 88.32999999999998 61.61599999999998 0
2550.0 264.1139999999999 15 2550.0 0.0 0 -72 60.78199999999997 72.18099999999998 0
2370.0 285.896 20 2370.0 -140.0 9 -69 99.008 82.15899999999998 28
1530.0 235.00099999999992 21 1530.0 0.0 0 -65 79.42199999999997 43.20300000000001 0
1410.0 242.40199999999996 17 1410.0 0.0 0 -59 79.028 55.33099999999999 0
1980.0 231.07699999999997 19 1980.0 0.0 0 -58 75.84599999999999 62.53199999999999 0
1710.0 290.8400000000001 23 1710.0 0.0 0 -73 90.44799999999998 66.672 0
2070.0 264.202 17 2070.0 0.0 0 -59 100.796 82.32499999999996 0
930.0 169.36499999999995 16 930.0 0.0 0 -39 63.175999999999995 37.824999999999996 0
1980.0 277.90299999999996 20 1980.0 -320.0 26 -74 88.48099999999997 66.461 64
2040.0 270.792 21 2040.0 -140.0 9 -69 95.39099999999998 71.198 28
2640.0 294.325 18 2640.0 0.0 0 -69 106.32100000000003 86.08299999999993 0
1530.0 219.035 20 1530.0 0.0 0 -58 62.44300000000001 50.324999999999996 0
1290.0 191.62099999999998 18 1290.0 0.0 0 -47 59.60399999999999 51.31999999999999 0
1200.0 224.49200000000005 21 1200.0 0.0 0 -62 74.68499999999997 45.98599999999999 0
1620.0 287.472 26 1620.0 0.0 0 -68 110.12699999999995 60.80299999999999 0
1620.0 262.3999999999999 17 1620.0 -360.0 24 -67 83.383 66.03099999999999 72
1890.0 275.68100000000004 16 1890.0 -370.0 18 -65 94.531 78.29999999999995 74
1290.0 268.71499999999986 18 1290.0 0.0 0 -64 99.41099999999994 40.244 0
2400.0 333.74299999999994 15 2400.0 0.0 0 -76 98.18900000000001 96.37400000000001 0
1980.0 264.22600000000006 17 1980.0 -15.0 2 -70 77.36599999999997 54.98599999999999 3
1920.0 197.55599999999998 17 1920.0 -10.0 0 -56 47.74699999999999 65.774 2
2190.0 275.9190000000001 19 2190.0 -305.0 20 -68 97.12 73.148 61
1860.0 286.645 19 1860.0 0.0 0 -65 109.708 71.033 0
1710.0 273.67999999999995 22 1710.0 -260.0 6 -73 88.747 51.152 52
1890.0 245.899 16 1890.0 0.0 0 -63 65.33299999999998 77.28099999999999 0
1950.0 321.155 15 1950.0 -195.0 65 -72 110.416 77.686 13
1980.0 219.235 16 1980.0 0.0 0 -58 67.28500000000003 56.54 0
1590.0 204.8849999999999 15 1590.0 0.0 0 -53 68.69299999999997 56.44299999999998 0
1980.0 257.366 14 1980.0 0.0 0 -61 105.24500000000003 63.12699999999999 0
1440.0 193.98699999999997 15 1440.0 0.0 0 -50 60.82499999999999 50.652 0
2040.0 308.1229999999998 21 2040.0 -75.0 5 -72 105.95799999999998 69.77699999999999 15
1650.0 295.7260000000001 22 1650.0 -5.0 0 -72 111.85400000000001 59.785999999999994 1
2040.0 295.70699999999994 19 2040.0 0.0 0 -71 87.16799999999996 83.683 0
1890.0 309.07699999999994 20 1890.0 -380.0 31 -75 92.75299999999996 72.144 76
2040.0 272.77500000000003 17 2040.0 0.0 0 -61 90.77299999999998 83.17399999999998 0
1560.0 208.75099999999995 15 1560.0 0.0 0 -55 65.15200000000002 44.70399999999998 0
2550.0 285.762 15 2550.0 0.0 0 -60 111.64200000000007 97.49299999999997 0
1710.0 274.72099999999995 22 1710.0 0.0 0 -76 78.83999999999997 55.251 0
1410.0 202.95099999999994 16 1410.0 0.0 0 -51 56.76199999999999 58.861999999999995 0
1560.0 256.3279999999999 18 1560.0 0.0 0 -63 85.81099999999998 61.861999999999995 0
2160.0 237.67799999999988 18 2160.0 -180.0 4 -64 65.65199999999999 65.77399999999997 36
1980.0 246.505 20 1980.0 0.0 0 -58 92.71400000000001 65.38799999999998 0
2100.0 269.74999999999994 16 2100.0 0.0 0 -62 83.41599999999998 94.51399999999997 0
2190.0 273.36 23 2190.0 0.0 0 -66 75.34299999999999 87.84900000000005 0
1950.0 244.39999999999995 12 1950.0 0.0 0 -62 72.85600000000002 70.783 0
1440.0 212.98899999999992 17 1440.0 0.0 0 -58 65.84999999999998 48.50599999999999 0
2040.0 230.15899999999996 17 2040.0 0.0 0 -61 84.25599999999999 64.922 0
1530.0 223.67699999999996 14 1530.0 -15.0 1 -60 53.89899999999999 49.24199999999999 3
1890.0 257.09599999999995 18 1890.0 0.0 0 -58 87.70900000000002 83.97399999999996 0
1380.0 209.22899999999998 16 1380.0 0.0 0 -53 80.26499999999999 48.422 0
2100.0 298.246 19 2340.0 -240.0 80 -77 80.27699999999997 63.26 16
1620.0 239.53499999999983 15 1620.0 0.0 0 -54 87.18099999999995 61.5 0
1560.0 235.70299999999995 14 1560.0 0.0 0 -59 89.555 54.40799999999999 0
1380.0 273.201 19 1380.0 0.0 0 -69 100.90600000000002 40.343 0
1530.0 230.54099999999985 21 1530.0 0.0 0 -57 90.87699999999998 43.911 0
1260.0 232.2519999999999 16 1260.0 0.0 0 -56 74.75999999999999 41.27099999999999 0
1650.0 280.18899999999985 22 1650.0 0.0 0 -64 89.107 68.844 0
1770.0 243.517 20 1890.0 0.0 0 -69 73.45099999999998 49.688 0
1800.0 257.45399999999995 14 1800.0 0.0 0 -59 77.75399999999999 73.11099999999998 0
1860.0 277.54400000000004 18 1860.0 0.0 0 -69 90.058 79.013 0
1920.0 241.15800000000002 20 1920.0 -30.0 0 -62 86.07699999999997 61.387999999999984 6
2040.0 235.80399999999995 12 2040.0 0.0 0 -54 81.65400000000004 61.45099999999998 0
2310.0 261.124 16 2310.0 0.0 0 -63 88.205 89.78599999999999 0
2010.0 264.20300000000003 16 2010.0 0.0 0 -67 88.363 63.46599999999998 0
1800.0 250.512 15 1800.0 0.0 0 -53 99.13600000000001 65.12199999999999 0
1980.0 287.1929999999998 18 1980.0 -400.0 26 -69 96.76499999999999 81.92000000000002 80
2190.0 307.9249999999999 19 2190.0 0.0 0 -76 99.52099999999996 80.21600000000001 0
1830.0 227.68499999999997 20 1830.0 0.0 0 -63 73.994 60.171 0
2070.0 295.86099999999993 20 2070.0 -300.0 7 -70 102.41099999999999 69.51199999999997 60
2100.0 258.7339999999999 16 2100.0 0.0 0 -65 81.84999999999997 81.82499999999999 0
2070.0 255.452 13 2070.0 -660.0 71 -66 83.01599999999998 59.008 132
1530.0 244.68099999999998 17 1530.0 0.0 0 -56 91.30999999999999 59.242999999999995 0
1110.0 213.71300000000002 19 1110.0 0.0 0 -53 79.62799999999999 44.306999999999995 0
1920.0 310.31299999999993 21 1920.0 0.0 0 -72 110.43299999999998 81.06499999999998 0
1680.0 266.67999999999995 17 1680.0 -700.0 46 -68 77.59199999999998 62.678999999999974 140
1740.0 271.50100000000003 17 1740.0 -25.0 1 -58 101.138 71.51099999999998 5
1920.0 260.7669999999999 14 1920.0 0.0 0 -54 101.28900000000003 75.45999999999998 0
1260.0 212.2889999999999 14 1260.0 0.0 0 -53 69.41899999999998 46.681999999999995 0
1860.0 274.894 22 1860.0 0.0 0 -70 97.098 59.93499999999999 0
1140.0 241.69299999999998 20 1140.0 0.0 0 -58 83.68799999999996 53.291000000000004 0
1260.0 214.26299999999998 15 1260.0 0.0 0 -52 67.13199999999998 45.522000000000006 0
1200.0 187.425 18 1200.0 0.0 0 -49 55.340999999999994 44.869 0
1290.0 169.75300000000001 15 1290.0 0.0 0 -46 61.627999999999986 37.695 0
2520.0 270.18299999999994 16 2520.0 -360.0 30 -72 79.49699999999999 89.45399999999998 72
1740.0 262.73900000000003 17 1740.0 -335.0 44 -66 77.949 45.91 67
1980.0 272.3259999999999 20 1980.0 -580.0 38 -70 87.88999999999997 71.494 116
1530.0 225.84799999999998 18 1530.0 0.0 0 -53 77.80300000000003 64.78499999999998 0
1860.0 274.4559999999999 17 1860.0 -5.0 0 -61 99.383 66.979 1
1380.0 220.43499999999995 15 1380.0 0.0 0 -52 77.16199999999999 55.45 0
1920.0 286.0859999999999 23 1920.0 -140.0 18 -72 95.09899999999999 67.04 28
1920.0 361.96999999999997 21 1920.0 0.0 0 -81 132.245 77.11400000000002 0
2370.0 354.656 24 2370.0 0.0 0 -88 130.29999999999998 81.73599999999999 0
1410.0 257.36999999999995 18 1650.0 -240.0 80 -65 72.29299999999999 60.369 16
1890.0 266.17499999999995 17 1890.0 0.0 0 -66 76.52900000000002 68.279 0
1890.0 222.7009999999999 18 1890.0 -15.0 1 -65 58.979 51.300999999999995 3
1470.0 246.42399999999995 17 1470.0 0.0 0 -67 67.30999999999996 37.010999999999996 0
1950.0 308.33399999999995 22 1950.0 -25.0 1 -74 120.42699999999996 66.552 5
2220.0 259.305 18 2220.0 0.0 0 -65 87.31499999999997 75.38799999999999 0
2685.0 334.8260000000001 18 2940.0 -255.0 85 -85 87.58199999999998 104.27000000000002 17
2130.0 312.31599999999986 19 2130.0 -50.0 4 -65 114.80200000000002 89.33599999999994 10
1620.0 259.659 22 1620.0 0.0 0 -64 85.97899999999997 73.09599999999996 0
1920.0 299.08399999999995 18 1920.0 0.0 0 -67 97.58899999999998 90.699 0
2070.0 295.52799999999996 21 2070.0 -545.0 36 -68 108.36500000000002 78.90699999999997 109
1380.0 243.98299999999992 19 1380.0 -220.0 14 -65 71.20299999999999 38.623 44
1560.0 236.69400000000002 19 1560.0 0.0 0 -60 78.28899999999997 57.171999999999976 0
1650.0 240.166 19 1650.0 0.0 0 -56 85.681 56.44899999999997 0
1590.0 275.6249999999999 26 1590.0 -25.0 1 -67 96.71899999999997 58.84300000000001 5
1800.0 295.43199999999996 21 1800.0 0.0 0 -69 86.81599999999999 67.45899999999999 0
2010.0 262.9359999999999 17 2010.0 0.0 0 -68 74.767 72.97100000000002 0
2010.0 240.97999999999993 19 2010.0 0.0 0 -65 75.61599999999999 68.639 0
1860.0 260.07899999999995 15 1860.0 0.0 0 -54 96.40499999999997 82.52099999999999 0
1320.0 202.2469999999999 16 1380.0 0.0 0 -53 46.94599999999998 53.76599999999998 0
1560.0 221.2259999999999 17 1560.0 0.0 0 -64 59.67599999999998 49.3 0
2400.0 302.2609999999999 20 2400.0 -90.0 7 -77 102.41499999999998 80.95099999999998 18
1500.0 228.91599999999994 14 1500.0 0.0 0 -54 75.77399999999997 61.56599999999999 0
2100.0 330.57699999999994 16 2340.0 -240.0 80 -73 114.71800000000005 98.86500000000001 16
1890.0 282.36299999999994 16 1890.0 0.0 0 -71 88.09599999999998 67.684 0
1770.0 232.96099999999998 19 1770.0 0.0 0 -61 79.02999999999997 50.933 0
1500.0 241.39199999999997 17 1500.0 0.0 0 -59 90.59799999999997 47.67199999999998 0
2130.0 264.93999999999994 16 2130.0 0.0 0 -67 69.19599999999998 86.12800000000003 0
1410.0 202.89799999999997 18 1410.0 0.0 0 -51 62.80099999999997 48.14700000000001 0
1800.0 245.77599999999995 15 1800.0 0.0 0 -56 87.33400000000003 72.30099999999999 0
2310.0 337.97100000000006 20 2310.0 0.0 0 -72 123.14999999999998 98.03599999999999 0
2280.0 277.45399999999995 21 2280.0 0.0 0 -69 87.14599999999999 93.162 0
1230.0 301.6709999999998 21 1860.0 -630.0 84 -77 100.64599999999999 52.47000000000001 126
1710.0 208.236 15 1710.0 0.0 0 -58 55.576 56.849999999999994 0
2160.0 277.8179999999999 22 2160.0 0.0 0 -69 89.85999999999996 79.33199999999997 0
2040.0 293.1379999999999 12 2040.0 -840.0 70 -73 86.54799999999994 77.69900000000001 168
1980.0 278.99699999999984 17 1980.0 -360.0 48 -72 85.42799999999997 67.59699999999998 72
1380.0 233.59999999999997 16 1380.0 0.0 0 -58 72.83099999999997 50.81199999999999 0
1050.0 219.32699999999997 17 1050.0 0.0 0 -53 78.22999999999999 45.349 0
1560.0 212.95199999999994 17 1560.0 0.0 0 -63 51.99899999999999 57.551 0
1410.0 203.35399999999996 17 1410.0 0.0 0 -50 61.788 61.903 0
1410.0 248.22499999999985 18 1410.0 0.0 0 -65 79.34799999999997 53.23299999999999 0
1050.0 201.71799999999996 18 1050.0 0.0 0 -49 72.90899999999999 37.284 0
1980.0 287.42899999999986 20 1980.0 -310.0 33 -73 96.88799999999998 81.18599999999999 62
1770.0 271.653 16 1770.0 0.0 0 -69 78.98999999999998 73.88399999999999 0
2070.0 290.1280000000001 21 2070.0 0.0 0 -71 98.18299999999998 82.72400000000002 0
1980.0 286.137 19 1980.0 -55.0 7 -65 114.366 73.70100000000001 11
1920.0 284.9929999999999 18 1920.0 0.0 0 -68 91.52900000000001 82.003 0
2370.0 296.51500000000004 16 2370.0 0.0 0 -71 94.324 91.96100000000003 0
1080.0 177.86399999999995 18 1080.0 0.0 0 -40 66.78999999999999 54.937 0
1200.0 201.11699999999993 17 1200.0 0.0 0 -54 62.40499999999998 43.47900000000001 0
1530.0 217.02999999999997 18 1530.0 0.0 0 -58 72.19999999999999 46.315999999999995 0
2040.0 241.36799999999994 15 2040.0 0.0 0 -60 77.46900000000002 77.67099999999996 0
1800.0 239.07299999999998 19 1800.0 0.0 0 -64 79.76700000000001 58.27699999999998 0
1410.0 279.91100000000006 20 1410.0 -375.0 25 -70 99.49299999999998 50.675999999999995 75
1740.0 283.17800000000005 19 1740.0 0.0 0 -73 89.19899999999996 62.072 0
2370.0 324.72599999999994 19 2370.0 0.0 0 -78 105.56899999999999 94.356 0
1860.0 272.3649999999999 14 1860.0 -910.0 60 -67 94.98999999999997 66.25899999999999 182
1590.0 259.06000000000006 23 1590.0 0.0 0 -66 89.97299999999997 56.029 0
2280.0 281.29600000000005 14 2280.0 -1310.0 65 -66 96.26300000000002 83.94299999999998 262
1620.0 261.2459999999999 19 1620.0 0.0 0 -53 98.33399999999999 66.81099999999999 0
2190.0 251.67899999999997 17 2190.0 0.0 0 -59 93.70299999999999 76.38799999999999 0
1680.0 270.577 21 1680.0 0.0 0 -69 93.92399999999995 58.93399999999998 0
1620.0 225.614 16 1620.0 0.0 0 -59 63.14899999999999 47.49899999999999 0
2250.0 303.15099999999995 18 2250.0 0.0 0 -65 128.561 86.90199999999999 0
1440.0 243.70199999999986 13 1440.0 0.0 0 -53 91.56199999999993 58.434 0
1650.0 242.00799999999992 24 1650.0 -10.0 0 -64 85.33099999999996 57.058 2
2070.0 235.699 15 2070.0 -195.0 65 -64 62.50099999999999 76.852 13
1650.0 191.478 17 1650.0 0.0 0 -50 67.142 49.724999999999994 0
1830.0 258.4409999999999 18 1830.0 0.0 0 -64 102.57899999999998 50.42099999999999 0
1800.0 250.52000000000004 17 1800.0 0.0 0 -54 93.50800000000001 70.57499999999999 0
810.0 144.17200000000003 14 810.0 0.0 0 -36 44.15599999999999 35.077 0
1410.0 235.20499999999998 19 1410.0 0.0 0 -55 76.33999999999999 59.19999999999999 0
1740.0 279.67399999999986 21 1770.0 0.0 0 -68 105.88599999999997 66.18500000000002 0
1785.0 322.6399999999998 17 2430.0 -645.0 86 -82 90.17999999999998 88.96000000000001 129
1830.0 302.7459999999999 19 1830.0 0.0 0 -68 116.82699999999998 76.84999999999998 0
2070.0 221.76399999999992 16 2070.0 0.0 0 -58 70.668 63.38199999999999 0
2220.0 273.98599999999993 17 2220.0 -85.0 2 -69 80.98800000000001 86.15299999999996 17
1380.0 257.36899999999997 20 1380.0 0.0 0 -61 83.43399999999998 59.541000000000004 0
2370.0 279.67800000000005 19 2370.0 0.0 0 -65 95.29600000000002 94.62100000000001 0
2040.0 275.82 19 2040.0 0.0 0 -70 85.72199999999998 76.479 0
1860.0 275.8629999999999 18 1860.0 0.0 0 -68 83.32199999999997 65.553 0
1680.0 226.69799999999998 16 1680.0 0.0 0 -59 61.732 63.90799999999999 0
1500.0 276.546 18 1500.0 0.0 0 -63 106.51799999999999 53.017999999999994 0
1650.0 215.7899999999999 16 1650.0 0.0 0 -60 59.769999999999996 54.282 0
1845.0 351.92599999999993 19 2100.0 -255.0 85 -83 126.261 80.604 17
2520.0 318.36400000000003 20 2520.0 -130.0 17 -85 86.951 107.74700000000001 26
1320.0 185.69399999999993 15 1320.0 0.0 0 -46 62.91799999999999 52.36599999999999 0
2550.0 318.34299999999985 16 2550.0 -30.0 4 -73 122.57599999999996 85.35099999999997 6
2880.0 338.7600000000001 16 2880.0 -510.0 68 -73 125.93500000000004 114.98199999999997 102
2340.0 304.8089999999999 22 2340.0 -15.0 1 -74 108.40599999999998 82.73399999999997 3
1410.0 204.462 14 1410.0 0.0 0 -54 55.52 34.728 0
1920.0 295.7449999999999 14 1920.0 -720.0 48 -73 88.68599999999999 76.53200000000002 144
1680.0 295.7510000000001 20 1680.0 0.0 0 -67 122.78899999999999 49.759 0
1950.0 238.5159999999999 18 1950.0 -810.0 54 -64 69.066 61.38999999999999 162
1740.0 288.4359999999999 18 1740.0 0.0 0 -66 92.07899999999997 74.95599999999997 0
1320.0 239.63299999999995 16 1320.0 0.0 0 -59 94.89099999999999 47.603 0
2700.0 351.6789999999999 18 2700.0 0.0 0 -82 116.53799999999998 96.31099999999996 0
2490.0 313.97400000000005 16 2490.0 -45.0 3 -69 109.23800000000001 100.017 9
1860.0 244.485 15 1860.0 0.0 0 -67 76.28099999999999 62.96200000000001 0
2010.0 262.87000000000006 20 2010.0 -60.0 1 -70 78.896 74.57000000000001 12
2910.0 310.72200000000004 18 2910.0 -495.0 24 -82 104.368 98.78099999999999 99
1470.0 225.8439999999999 17 1470.0 0.0 0 -54 74.78599999999997 55.624999999999986 0
1740.0 270.0019999999999 18 1740.0 0.0 0 -63 97.27499999999998 64.59999999999998 0
1890.0 256.97599999999994 17 1890.0 0.0 0 -67 78.69099999999997 71.82400000000001 0
2040.0 254.872 17 2040.0 -535.0 35 -71 63.72999999999999 57.759 107
2100.0 270.6829999999999 18 2100.0 -20.0 0 -70 77.74799999999998 80.97999999999999 4
1710.0 257.76199999999994 19 1710.0 0.0 0 -66 84.83799999999998 64.62400000000001 0
1860.0 244.05399999999995 19 1860.0 0.0 0 -64 71.072 66.108 0
1740.0 247.8709999999999 17 1740.0 0.0 0 -64 85.206 57.54700000000001 0
1230.0 181.10699999999997 14 1230.0 0.0 0 -42 51.421 53.605000000000004 0
1290.0 226.89600000000002 18 1290.0 0.0 0 -59 55.32299999999999 50.179 0
1800.0 263.15900000000005 17 1800.0 -50.0 1 -69 84.77600000000002 58.35600000000001 10
1470.0 251.24300000000002 17 1470.0 -665.0 44 -66 83.4 44.102 133
1080.0 165.85000000000002 17 1080.0 0.0 0 -42 54.04699999999999 38.031 0
2070.0 266.408 14 2310.0 -240.0 80 -67 59.002 87.95499999999998 16
1680.0 236.73399999999998 20 1680.0 0.0 0 -59 88.12099999999995 59.541 0
1680.0 235.39799999999997 21 1680.0 0.0 0 -70 66.89499999999998 51.858 0
2100.0 313.332 16 2100.0 0.0 0 -61 125.87900000000002 95.25699999999995 0
1905.0 336.0249999999999 21 2160.0 -255.0 85 -85 114.50899999999996 71.02799999999999 17
1980.0 241.52399999999992 15 1980.0 0.0 0 -65 52.86 55.352999999999966 0
2040.0 295.455 18 2040.0 0.0 0 -71 92.91099999999994 76.50200000000002 0
2340.0 320.76700000000005 16 2340.0 -660.0 16 -69 117.22500000000001 95.518 132
2070.0 291.29399999999987 14 2070.0 0.0 0 -66 100.14699999999999 87.291 0
2220.0 335.24399999999997 18 2460.0 -240.0 80 -86 109.51300000000002 66.076 16
1650.0 259.81399999999985 19 1650.0 0.0 0 -64 96.64099999999999 53.143999999999984 0
1410.0 295.506 20 1410.0 0.0 0 -67 111.70899999999999 62.608000000000004 0
2730.0 289.33200000000005 18 2730.0 0.0 0 -69 102.992 91.89999999999996 0
2070.0 258.23199999999997 14 2070.0 -200.0 10 -69 78.34199999999998 70.94600000000001 40
1650.0 262.756 18 1650.0 0.0 0 -65 91.001 52.620999999999995 0
2700.0 277.24999999999994 15 2700.0 0.0 0 -67 95.49100000000001 87.98699999999995 0
2370.0 256.615 12 2370.0 -905.0 60 -67 75.51199999999996 82.051 181
2220.0 285.13699999999994 18 2220.0 0.0 0 -69 90.14099999999998 74.82200000000002 0
1380.0 227.58199999999997 22 1380.0 0.0 0 -58 76.414 52.876 0
1230.0 188.61299999999991 16 1230.0 0.0 0 -51 55.50399999999999 38.788 0
1860.0 293.575 20 1890.0 0.0 0 -71 96.80399999999997 68.35800000000002 0
1410.0 289.32199999999995 19 2040.0 -630.0 84 -74 98.02199999999996 66.0 126
1740.0 251.27099999999996 17 1740.0 0.0 0 -69 71.54799999999999 61.044000000000004 0
1920.0 301.9429999999998 17 1920.0 -455.0 60 -69 100.82599999999996 80.83199999999998 91
1410.0 260.14900000000006 21 1410.0 0.0 0 -65 89.25399999999998 55.218 0
2190.0 278.06000000000006 21 2190.0 -10.0 0 -65 101.375 84.45299999999997 2
1350.0 200.14399999999992 16 1350.0 0.0 0 -48 81.64899999999997 43.72199999999999 0
2520.0 306.10799999999995 13 2520.0 0.0 0 -73 99.62000000000003 84.905 0
1440.0 206.97699999999992 20 1440.0 0.0 0 -46 73.45799999999998 65.46199999999999 0
1830.0 270.7619999999999 16 1830.0 0.0 0 -67 94.076 55.93399999999998 0
1860.0 254.32799999999983 14 1860.0 0.0 0 -68 76.322 64.429 0
2280.0 287.5489999999998 18 2280.0 -20.0 1 -67 102.345 82.665 4
1650.0 306.683 20 1650.0 0.0 0 -75 96.00399999999995 56.495999999999995 0
2100.0 286.66499999999996 19 2100.0 -125.0 10 -72 90.43999999999998 84.991 25
2400.0 268.666 15 2400.0 0.0 0 -68 88.548 80.62299999999999 0
1620.0 254.36399999999995 17 1620.0 0.0 0 -63 89.46599999999995 59.29199999999998 0
1500.0 217.28300000000002 15 1500.0 0.0 0 -62 52.95699999999998 17.769 0
2160.0 291.222 17 2160.0 -480.0 12 -66 94.302 92.31699999999996 96
2070.0 303.703 20 2070.0 0.0 0 -67 109.63399999999996 85.61399999999999 0
2400.0 298.669 18 2400.0 0.0 0 -60 112.414 111.03899999999997 0
1620.0 221.204 20 1620.0 0.0 0 -55 72.01899999999998 61.549999999999976 0
1710.0 223.94899999999998 17 1710.0 0.0 0 -53 71.067 64.86899999999997 0
2040.0 276.51500000000004 25 2040.0 0.0 0 -65 96.87399999999998 83.52199999999999 0
1800.0 291.96599999999995 17 2040.0 -240.0 80 -76 53.842999999999975 59.345000000000006 16
1620.0 261.50500000000005 18 1620.0 -305.0 20 -66 99.72900000000001 47.273999999999994 61
2130.0 286.18299999999994 14 2130.0 0.0 0 -67 103.31800000000001 81.43899999999998 0
1980.0 315.27099999999996 18 1980.0 0.0 0 -71 121.75600000000001 61.454999999999984 0
1530.0 222.89199999999994 15 1530.0 0.0 0 -65 44.568 49.14500000000002 0
840.0 177.87 15 840.0 0.0 0 -46 66.37100000000001 24.559000000000005 0
2280.0 266.61199999999997 14 2280.0 -940.0 78 -63 85.072 84.79499999999999 188
2400.0 342.03799999999995 17 2400.0 0.0 0 -73 128.789 97.99599999999998 0
2280.0 294.2259999999999 18 2280.0 0.0 0 -68 94.21499999999999 89.08899999999997 0
1770.0 241.89699999999988 18 1770.0 0.0 0 -65 79.49499999999998 53.276 0
1740.0 229.91600000000003 20 1740.0 0.0 0 -66 74.091 53.61 0
2070.0 280.744 17 2070.0 -725.0 36 -67 97.694 74.12399999999997 145
1440.0 251.16399999999985 17 1440.0 0.0 0 -62 86.73399999999995 42.617 0
2040.0 286.87899999999996 17 2040.0 0.0 0 -67 97.43199999999999 82.81800000000003 0
2070.0 284.49700000000007 17 2070.0 -625.0 15 -72 84.34099999999997 83.66200000000002 125
1795.0 332.14099999999985 19 2430.0 -635.0 84 -80 107.59500000000004 95.87699999999997 127
1680.0 242.24599999999992 21 1680.0 0.0 0 -66 80.59399999999998 50.911 0
2310.0 305.1449999999999 12 2310.0 -1170.0 29 -72 104.72400000000002 79.939 234
1890.0 265.251 15 1890.0 0.0 0 -67 78.30700000000002 66.06699999999996 0
2370.0 243.5559999999999 18 2370.0 0.0 0 -60 71.204 76.79599999999999 0
1830.0 267.95499999999987 18 1830.0 0.0 0 -65 97.27899999999998 63.32799999999998 0
2340.0 312.88899999999995 15 2340.0 -165.0 11 -70 109.784 78.649 33
2460.0 326.85100000000006 19 2460.0 0.0 0 -74 115.18899999999996 74.318 0
1620.0 262.571 21 1620.0 -130.0 6 -69 84.64599999999997 51.147999999999996 26
1410.0 177.702 15 1410.0 0.0 0 -55 48.12699999999999 41.028999999999996 0
1380.0 252.20100000000002 21 1380.0 0.0 0 -55 85.21299999999997 78.77999999999999 0
1410.0 275.1820000000001 19 1650.0 -240.0 80 -70 84.457 63.77400000000001 16
1590.0 248.39200000000002 16 1590.0 0.0 0 -67 76.11599999999999 49.432 0
1530.0 284.598 22 1530.0 -105.0 6 -69 96.50699999999996 65.97399999999999 21
1950.0 258.88000000000005 19 1950.0 0.0 0 -59 89.92800000000001 71.39099999999998 0
1950.0 287.6960000000001 18 1950.0 -625.0 67 -66 103.31999999999998 85.48599999999996 125
1710.0 276.11299999999994 27 1710.0 0.0 0 -67 94.91299999999997 62.42100000000001 0
2340.0 295.05499999999995 18 2340.0 -855.0 42 -69 98.54399999999997 93.167 171
1980.0 315.97799999999995 20 1980.0 -255.0 17 -71 125.97899999999998 68.00099999999996 51
2010.0 260.96999999999997 16 2010.0 0.0 0 -67 74.89399999999999 76.52300000000002 0
2400.0 351.68199999999996 23 2400.0 0.0 0 -78 138.52899999999994 89.91199999999999 0
1980.0 229.03699999999986 19 1980.0 -110.0 7 -64 68.92899999999997 65.029 22
1830.0 268.09499999999997 18 1830.0 0.0 0 -69 88.347 48.98299999999998 0
1560.0 214.57599999999994 20 1560.0 0.0 0 -58 68.64999999999999 55.207 0
2790.0 355.375 15 2790.0 0.0 0 -81 128.19 101.63199999999999 0
1650.0 274.4839999999999 19 1650.0 -235.0 5 -67 98.05999999999997 61.917999999999985 47
1560.0 215.9969999999999 19 1560.0 0.0 0 -55 73.28699999999998 56.687999999999995 0
1230.0 231.70899999999995 21 1230.0 -20.0 2 -59 80.05499999999995 46.879000000000005 4
1650.0 245.60799999999998 19 1650.0 0.0 0 -67 64.71099999999998 54.043 0
1920.0 240.7939999999999 17 1920.0 0.0 0 -61 75.64499999999998 72.28500000000001 0
1980.0 288.59499999999997 16 1980.0 0.0 0 -66 101.123 74.57300000000002 0
1950.0 294.6679999999999 20 1950.0 -135.0 45 -65 102.61200000000001 68.30699999999999 9
1920.0 292.58399999999995 20 1920.0 0.0 0 -71 101.30499999999996 73.96199999999999 0
1890.0 264.08399999999995 18 1890.0 -615.0 41 -67 84.86299999999997 72.739 123
2430.0 406.16599999999994 19 2670.0 -240.0 80 -94 130.27799999999996 109.19500000000001 16
1950.0 310.5239999999999 20 1950.0 -300.0 25 -68 95.16899999999998 90.43599999999995 60
2460.0 335.33400000000006 19 2460.0 0.0 0 -76 122.90799999999997 90.42399999999999 0
2220.0 296.678 19 2220.0 0.0 0 -60 117.41300000000004 96.29499999999997 0
1890.0 308.34599999999995 24 1890.0 0.0 0 -70 111.42899999999996 76.76599999999998 0
1500.0 255.53999999999996 21 1500.0 0.0 0 -61 98.32899999999997 54.572 0
1740.0 303.79799999999994 19 1740.0 0.0 0 -67 112.77599999999998 63.295999999999964 0
1560.0 241.891 16 1560.0 0.0 0 -61 84.36199999999997 46.97399999999999 0
2250.0 272.48199999999997 14 2250.0 -260.0 21 -67 71.96600000000001 88.25099999999999 52
1590.0 219.93599999999998 17 1590.0 0.0 0 -54 84.68800000000002 59.966999999999985 0
1410.0 247.24199999999996 19 1440.0 0.0 0 -54 94.532 67.78899999999999 0
1590.0 225.526 16 1590.0 0.0 0 -51 81.73499999999996 59.187999999999995 0
1860.0 269.70399999999995 19 1860.0 -890.0 74 -73 83.74299999999997 58.184999999999995 178
1470.0 250.92299999999992 14 1470.0 0.0 0 -55 105.142 64.22499999999997 0
2220.0 261.74199999999996 17 2220.0 -470.0 39 -68 82.92500000000001 66.07599999999998 94
2490.0 261.19300000000004 13 2490.0 -20.0 0 -65 79.61900000000001 78.954 4
2100.0 345.21499999999986 18 2100.0 0.0 0 -73 128.24699999999999 102.39199999999995 0
1920.0 247.00099999999992 20 1920.0 0.0 0 -65 79.70999999999998 65.85599999999998 0
1470.0 156.558 16 1470.0 0.0 0 -44 46.1 38.429 0
2520.0 337.80799999999994 19 2520.0 0.0 0 -76 124.88199999999993 100.08600000000001 0
1650.0 218.16899999999993 20 1650.0 0.0 0 -56 61.62799999999998 44.922 0
2010.0 277.8249999999999 20 2010.0 0.0 0 -72 81.44299999999998 73.477 0
1920.0 295.02099999999984 19 1920.0 0.0 0 -72 101.318 74.12599999999998 0
2190.0 271.08099999999996 15 2190.0 0.0 0 -63 99.19800000000001 80.538 0
1890.0 336.50100000000003 22 1890.0 0.0 0 -69 133.61000000000004 81.89999999999998 0
1830.0 321.53899999999976 24 1830.0 0.0 0 -76 112.71299999999995 66.37299999999999 0
1650.0 279.655 21 1650.0 0.0 0 -65 90.685 73.63099999999997 0
2250.0 304.65700000000004 19 2250.0 0.0 0 -74 109.22100000000003 82.60000000000001 0
1890.0 268.21299999999997 14 1890.0 0.0 0 -69 64.66999999999999 68.53600000000003 0
1770.0 286.4129999999999 21 1770.0 0.0 0 -66 105.22199999999998 70.26099999999998 0
1740.0 304.29799999999983 21 1740.0 0.0 0 -74 110.85399999999997 60.905 0
1890.0 255.66699999999997 21 1890.0 0.0 0 -78 69.04599999999999 51.32299999999999 0
2370.0 307.57399999999996 18 2370.0 -315.0 34 -79 91.94599999999997 99.05599999999998 63
1830.0 248.32199999999992 16 1830.0 -165.0 4 -66 69.30499999999998 60.73699999999999 33
2130.0 264.38999999999993 14 2130.0 0.0 0 -71 75.94299999999997 71.389 0
1110.0 198.88099999999991 16 1110.0 0.0 0 -56 66.27199999999998 34.114 0
1950.0 263.03499999999997 17 1950.0 -460.0 61 -65 94.015 61.973000000000006 92
2520.0 322.27500000000003 16 2520.0 -215.0 5 -76 99.01799999999994 100.11599999999999 43
1560.0 262.07999999999987 19 1560.0 -575.0 38 -68 83.57499999999997 57.14999999999999 115
2040.0 304.1549999999999 18 2040.0 0.0 0 -66 113.84599999999995 84.92199999999998 0
2100.0 285.0059999999999 22 2100.0 -360.0 24 -69 81.34099999999998 84.657 72
1620.0 271.093 15 1620.0 0.0 0 -65 81.64400000000003 64.43800000000002 0
930.0 140.57900000000004 14 930.0 0.0 0 -41 41.28999999999999 30.095000000000002 0
2460.0 312.12500000000006 19 2460.0 -40.0 2 -69 114.31900000000002 92.29699999999998 8
1560.0 226.91700000000003 16 1560.0 0.0 0 -56 86.972 58.949999999999996 0
2010.0 278.79700000000014 17 2010.0 -1130.0 75 -73 77.10199999999999 69.95600000000002 226
2010.0 273.473 21 2010.0 -50.0 2 -67 100.845 73.39599999999996 10
1650.0 318.30699999999996 21 1650.0 -315.0 21 -73 120.97799999999998 63.211 63
1950.0 238.431 14 1950.0 -945.0 63 -63 62.989999999999995 70.704 189
1110.0 193.45399999999998 14 1110.0 0.0 0 -44 63.90599999999998 52.04399999999999 0
1560.0 283.4139999999998 18 1560.0 0.0 0 -66 100.48999999999995 57.569999999999986 0
1950.0 285.53499999999985 18 1950.0 0.0 0 -64 102.61999999999996 71.63999999999999 0
2910.0 375.28 16 3150.0 -285.0 86 -88 117.27900000000001 114.07 25
1740.0 217.80700000000004 16 1740.0 0.0 0 -53 82.61699999999999 60.039 0
1830.0 213.11099999999996 16 1830.0 0.0 0 -54 77.12400000000002 59.59599999999997 0
2040.0 276.17699999999996 19 2040.0 0.0 0 -63 109.45100000000001 65.146 0
1470.0 198.76899999999998 15 1470.0 0.0 0 -59 49.798999999999985 42.955999999999996 0
1350.0 190.51199999999997 17 1350.0 0.0 0 -51 67.954 46.824000000000005 0
1620.0 250.75399999999996 21 1620.0 -70.0 9 -65 72.87499999999999 53.875999999999976 14
1890.0 194.74200000000002 17 1890.0 0.0 0 -50 68.47800000000002 66.41699999999999 0
2400.0 322.60499999999996 20 2640.0 -240.0 80 -77 104.43699999999998 89.012 16
2850.0 329.38399999999996 19 2850.0 0.0 0 -77 108.71199999999996 103.05700000000002 0
1290.0 152.24099999999999 14 1290.0 0.0 0 -37 54.539999999999985 42.937 0
2310.0 281.3150000000001 17 2310.0 -125.0 10 -67 90.93399999999998 86.655 25
2010.0 301.935 19 2250.0 -245.0 80 -75 78.74199999999999 78.577 17
2100.0 240.82999999999993 20 2100.0 0.0 0 -64 76.11999999999999 76.77299999999997 0
1830.0 311.3269999999998 19 1830.0 -255.0 27 -75 119.52699999999999 61.16399999999999 51
1560.0 288.664 21 1560.0 0.0 0 -73 97.61399999999998 53.266999999999996 0
1440.0 200.196 14 1440.0 0.0 0 -58 48.39399999999999 51.49699999999999 0
2010.0 259.25 19 2010.0 0.0 0 -70 78.72500000000002 62.64299999999997 0
1740.0 244.41000000000003 17 1740.0 0.0 0 -64 89.23299999999999 47.44499999999999 0
2040.0 291.87600000000003 19 2040.0 0.0 0 -71 98.21199999999997 73.80300000000003 0
1440.0 242.07599999999996 17 1440.0 0.0 0 -55 90.83199999999998 59.926999999999985 0
2040.0 281.995 19 2040.0 0.0 0 -68 104.56699999999998 70.99899999999997 0
2010.0 293.40000000000003 22 2010.0 0.0 0 -73 95.46099999999996 77.377 0
2160.0 272.552 16 2160.0 0.0 0 -69 70.963 76.65299999999998 0
1440.0 177.94599999999994 15 1530.0 0.0 0 -45 62.75299999999999 43.48 0
1980.0 226.81900000000002 19 1980.0 0.0 0 -61 68.188 68.13099999999999 0
1350.0 247.52599999999993 20 1350.0 0.0 0 -66 85.43099999999997 44.93300000000001 0
2085.0 293.7099999999999 18 2340.0 -260.0 85 -80 68.87599999999999 79.79000000000002 18
2040.0 284.972 22 2040.0 0.0 0 -68 106.78199999999995 76.35900000000001 0
2460.0 277.307 14 2460.0 0.0 0 -75 61.83499999999999 102.84699999999997 0
2160.0 308.44699999999995 22 2160.0 -190.0 22 -73 108.69100000000003 63.20599999999998 38
1860.0 260.5059999999999 18 1860.0 0.0 0 -70 66.07799999999999 57.022999999999996 0
1620.0 237.11499999999998 14 1620.0 0.0 0 -66 64.01899999999998 58.135000000000005 0
2280.0 253.66500000000002 16 2280.0 0.0 0 -65 79.26500000000003 73.10199999999999 0
2130.0 255.55699999999996 14 2130.0 -175.0 4 -62 72.32800000000002 79.18699999999995 35
2610.0 298.2920000000001 17 2610.0 0.0 0 -69 112.49000000000004 95.75799999999992 0
1350.0 234.84 22 1350.0 0.0 0 -55 70.50699999999998 52.93 0
1920.0 285.04999999999995 20 1920.0 0.0 0 -71 97.30399999999996 60.90199999999998 0
930.0 192.78599999999997 12 930.0 0.0 0 -40 76.25199999999997 43.425999999999995 0
2220.0 307.31899999999996 19 2220.0 0.0 0 -70 126.03599999999996 76.53499999999995 0
1530.0 238.00099999999995 17 1530.0 -435.0 36 -66 72.44799999999998 51.29700000000001 87
1920.0 313.99600000000004 19 1920.0 0.0 0 -72 114.22499999999998 68.45 0
1860.0 278.969 20 1860.0 0.0 0 -75 77.40099999999998 70.04099999999998 0
1230.0 274.416 22 1230.0 -205.0 13 -73 84.22099999999999 45.847 41
1290.0 185.21799999999996 18 1290.0 0.0 0 -47 53.72999999999999 36.7 0
1860.0 240.7009999999999 20 1860.0 0.0 0 -68 78.442 50.447 0
1920.0 286.921 21 1920.0 0.0 0 -74 98.79999999999997 64.47900000000001 0
1680.0 248.66499999999996 17 1680.0 0.0 0 -61 97.92499999999997 55.401 0
1560.0 235.413 15 1560.0 0.0 0 -56 84.73299999999996 68.31999999999998 0
2130.0 331.82400000000007 19 2130.0 0.0 0 -72 135.53 86.32099999999996 0
2280.0 316.168 21 2280.0 0.0 0 -76 100.966 84.189 0
1740.0 267.1709999999999 18 1740.0 -275.0 22 -71 71.98399999999998 59.510999999999996 55
1980.0 265.2489999999999 20 1980.0 0.0 0 -67 87.22 68.74199999999999 0
1800.0 262.83599999999996 24 1800.0 -285.0 23 -74 85.64899999999999 65.75999999999999 57
1380.0 243.673 17 1380.0 0.0 0 -56 87.28999999999996 60.321999999999996 0
1440.0 193.23399999999998 19 1440.0 0.0 0 -55 55.97 48.00699999999999 0
2280.0 297.5360000000001 18 2280.0 -330.0 16 -66 105.632 94.83199999999998 66
1890.0 263.43399999999997 20 1890.0 0.0 0 -62 94.91999999999997 69.89699999999999 0
1650.0 249.6419999999999 18 1650.0 -5.0 0 -64 79.703 54.630999999999986 1
1200.0 203.81599999999995 15 1200.0 -25.0 2 -48 74.76599999999998 45.504999999999995 5
1740.0 276.313 20 1740.0 -5.0 0 -65 107.56999999999998 61.011999999999986 1
1500.0 204.313 17 1500.0 0.0 0 -53 69.89299999999999 51.731 0
2340.0 280.09799999999996 15 2340.0 -470.0 62 -66 88.21499999999997 90.951 94
2160.0 273.659 17 2160.0 -250.0 6 -72 93.24400000000003 74.07999999999997 50
2130.0 284.077 18 2130.0 0.0 0 -68 109.28399999999996 77.27499999999995 0
1980.0 228.9389999999999 17 1980.0 -5.0 0 -53 81.01799999999999 75.54499999999997 1
2040.0 267.532 21 2040.0 -20.0 1 -62 110.13 72.01299999999999 4
1980.0 255.52300000000005 17 1980.0 0.0 0 -61 104.78100000000003 57.80199999999997 0
1380.0 195.708 14 1380.0 0.0 0 -52 67.953 51.64299999999999 0
1560.0 250.62799999999987 20 1560.0 0.0 0 -54 86.907 74.46799999999999 0
1230.0 190.74399999999997 14 1230.0 0.0 0 -49 59.82799999999998 44.18799999999999 0
2400.0 313.78499999999997 20 2400.0 -785.0 65 -70 124.68400000000001 85.85399999999998 157
1530.0 245.8759999999999 19 1530.0 0.0 0 -57 85.63899999999997 75.51300000000002 0
1260.0 257.6039999999999 18 1260.0 0.0 0 -61 93.79299999999996 56.22 0
1740.0 236.49099999999999 14 1740.0 0.0 0 -57 77.601 59.498999999999995 0
2250.0 266.064 15 2250.0 0.0 0 -61 93.68300000000005 77.18699999999997 0
1020.0 179.704 17 1020.0 0.0 0 -48 63.544 35.358 0
1740.0 236.59899999999988 19 1740.0 -10.0 0 -61 70.851 68.424 2
1800.0 316.5899999999999 17 1800.0 -10.0 1 -66 125.99299999999997 78.522 2
1890.0 319.73299999999995 26 1890.0 0.0 0 -75 108.221 87.90100000000001 0
1350.0 207.44299999999993 14 1350.0 0.0 0 -51 72.86299999999997 50.00399999999999 0
2010.0 313.1839999999998 18 2010.0 -25.0 1 -72 122.49199999999996 66.94699999999997 5
2070.0 271.71999999999986 15 2070.0 0.0 0 -69 79.33300000000001 76.545 0
1860.0 291.278 22 1860.0 0.0 0 -69 101.80900000000001 74.78299999999999 0
2040.0 303.251 20 2040.0 -185.0 15 -71 104.485 73.72800000000001 37
2040.0 251.0069999999998 16 2040.0 0.0 0 -65 78.47099999999998 71.21199999999999 0
1890.0 271.23799999999994 13 1890.0 0.0 0 -65 73.392 80.488 0
1725.0 311.53 19 1980.0 -275.0 86 -78 93.39499999999997 65.67999999999999 21
1680.0 269.44099999999986 13 1680.0 -995.0 66 -67 86.31199999999998 54.714999999999996 199
2280.0 274.869 19 2280.0 0.0 0 -67 99.624 72.38899999999998 0
1260.0 264.94199999999995 20 1260.0 0.0 0 -55 104.17199999999998 58.22699999999998 0
1650.0 232.762 20 1650.0 0.0 0 -55 84.834 72.43599999999999 0
1740.0 283.5829999999999 19 1740.0 -890.0 59 -69 88.51499999999997 54.573 178
1830.0 271.07900000000006 17 1830.0 0.0 0 -61 106.38200000000002 66.28099999999999 0
1950.0 257.23899999999986 16 1950.0 0.0 0 -64 80.08699999999999 76.11 0
1080.0 203.058 16 1080.0 -5.0 0 -55 64.45599999999999 26.318000000000005 1
2130.0 307.7169999999999 15 2130.0 -170.0 11 -66 112.08500000000001 89.06800000000001 34
1770.0 255.98999999999998 15 1770.0 0.0 0 -66 87.68400000000001 57.92899999999998 0
1830.0 271.98299999999995 16 1830.0 0.0 0 -64 94.451 69.42599999999997 0
1560.0 244.741 17 1560.0 0.0 0 -56 77.41999999999996 69.83100000000002 0
1650.0 268.96199999999993 16 1650.0 -55.0 3 -66 86.06799999999997 64.06599999999997 11
1650.0 236.016 21 1650.0 0.0 0 -60 92.38699999999996 50.80699999999999 0
1590.0 261.4209999999998 18 1590.0 -100.0 13 -71 79.59899999999999 39.23699999999999 20
2190.0 290.547 18 2190.0 -710.0 76 -77 90.28699999999999 76.85199999999998 142
1470.0 278.3350000000001 17 1470.0 0.0 0 -67 95.839 58.39700000000002 0
1530.0 277.02899999999994 24 1530.0 -175.0 23 -69 105.79499999999999 45.894000000000005 35
2130.0 267.90400000000005 18 2130.0 0.0 0 -67 85.36500000000002 74.50499999999997 0
2070.0 287.30099999999993 19 2070.0 0.0 0 -76 99.47799999999995 69.794 0
2520.0 370.98499999999996 20 2520.0 0.0 0 -78 136.369 109.13999999999999 0
2310.0 286.24100000000004 13 2310.0 0.0 0 -66 88.49900000000002 91.65999999999998 0
1530.0 222.545 19 1530.0 0.0 0 -61 75.253 53.283 0
1020.0 197.44799999999998 16 1020.0 0.0 0 -46 60.39099999999998 48.411999999999985 0
1860.0 275.40399999999994 20 1860.0 0.0 0 -63 91.44399999999997 60.81199999999999 0
1920.0 256.3739999999999 20 1920.0 0.0 0 -67 78.317 47.745 0
2190.0 284.2129999999999 21 2190.0 0.0 0 -73 83.972 79.011 0
1740.0 256.841 21 1740.0 0.0 0 -65 87.16099999999996 52.91499999999999 0
1530.0 303.28299999999996 23 1530.0 0.0 0 -75 105.65999999999994 47.789000000000016 0
2160.0 300.458 18 2160.0 0.0 0 -70 112.04100000000004 78.708 0
1650.0 246.52399999999997 20 1650.0 0.0 0 -60 78.40999999999998 65.76700000000001 0
1650.0 310.48199999999997 24 1650.0 0.0 0 -71 116.844 70.34 0
2700.0 342.98900000000003 15 2700.0 -525.0 35 -73 127.13600000000001 109.61600000000001 105
2190.0 403.08899999999977 18 2190.0 0.0 0 -87 137.87299999999993 102.58899999999998 0
2640.0 255.27499999999998 13 2640.0 0.0 0 -62 80.49600000000004 92.29799999999997 0
1440.0 266.5559999999999 19 1440.0 -340.0 22 -69 85.42099999999998 56.765 68
2010.0 225.278 18 2010.0 -75.0 5 -65 65.96199999999997 41.77600000000001 15
1680.0 225.186 22 1680.0 0.0 0 -61 66.07999999999998 57.596 0
1710.0 304.22700000000003 18 1710.0 -625.0 31 -71 104.62599999999998 71.58200000000001 125
1560.0 268.45499999999987 16 1560.0 0.0 0 -69 90.01999999999998 52.12099999999999 0
2220.0 278.74999999999994 18 2220.0 0.0 0 -74 82.36999999999996 79.03799999999998 0
2040.0 289.06899999999996 19 2040.0 -335.0 22 -68 97.579 77.70399999999995 67
1800.0 249.68399999999997 19 1800.0 0.0 0 -70 69.46499999999999 47.928999999999995 0
1980.0 249.01000000000002 23 1980.0 -5.0 0 -68 71.78399999999999 60.83 1
1890.0 319.209 19 1890.0 0.0 0 -75 118.73899999999995 72.402 0
1140.0 170.52700000000004 15 1290.0 0.0 0 -42 56.40899999999998 51.382999999999996 0
1680.0 229.20099999999988 17 1680.0 0.0 0 -57 66.329 51.72700000000001 0
2850.0 373.81399999999985 18 2850.0 0.0 0 -75 148.264 115.28499999999997 0
1590.0 262.811 18 1590.0 0.0 0 -66 81.26399999999998 66.15799999999999 0
1860.0 273.12100000000004 21 1860.0 -10.0 1 -68 104.41 71.15899999999999 2
1590.0 228.089 20 1590.0 0.0 0 -61 71.16999999999999 43.244 0
1290.0 196.92799999999997 17 1290.0 0.0 0 -50 62.17699999999999 46.91599999999999 0
810.0 269.82699999999994 14 810.0 0.0 0 -52 122.514 41.31699999999999 0
1560.0 233.77099999999996 17 1560.0 0.0 0 -63 71.36699999999999 56.400000000000006 0
1350.0 198.8929999999999 15 1350.0 0.0 0 -57 53.687000000000005 42.443000000000005 0
1770.0 274.0559999999999 21 1770.0 -420.0 10 -74 93.02399999999994 48.30899999999998 84
2100.0 328.94199999999995 18 2100.0 0.0 0 -79 117.42900000000002 86.08499999999997 0
1980.0 313.6779999999999 19 1980.0 0.0 0 -69 117.353 86.58399999999995 0
1980.0 328.531 20 1980.0 -560.0 74 -73 128.46199999999996 80.228 112
1650.0 211.64199999999997 18 1650.0 0.0 0 -49 76.68499999999999 70.69999999999999 0
1920.0 239.73099999999997 16 1920.0 0.0 0 -67 64.416 67.438 0
1650.0 270.33600000000007 21 1650.0 -305.0 20 -68 85.95599999999999 57.598 61
1680.0 274.3880000000001 17 1680.0 0.0 0 -69 99.66999999999999 51.74799999999999 0
2760.0 257.928 18 2760.0 -60.0 8 -74 75.58800000000002 77.55199999999996 12
1650.0 233.04999999999998 23 1650.0 0.0 0 -58 76.35699999999997 61.819 0
1200.0 208.12000000000003 16 1200.0 0.0 0 -53 55.59199999999999 49.065 0
1800.0 291.44399999999985 23 1800.0 0.0 0 -74 92.33499999999997 62.66899999999999 0
1920.0 272.704 21 1920.0 0.0 0 -71 88.04200000000002 68.01399999999998 0
2160.0 256.025 14 2160.0 0.0 0 -62 96.307 66.18799999999996 0
1740.0 298.787 17 1740.0 0.0 0 -69 101.00800000000001 70.966 0
2130.0 265.112 12 2130.0 0.0 0 -64 75.1 85.99699999999997 0
2280.0 293.7030000000002 17 2280.0 -320.0 21 -65 119.96900000000002 89.42499999999997 64
1620.0 251.113 16 1620.0 0.0 0 -52 98.41499999999999 73.13199999999998 0
1200.0 254.97899999999993 16 1200.0 0.0 0 -56 88.37199999999996 55.278999999999975 0
1470.0 257.67499999999995 19 1470.0 0.0 0 -64 94.01399999999998 44.73700000000001 0
1620.0 227.05199999999996 19 1620.0 0.0 0 -61 66.15299999999998 54.68799999999998 0
1530.0 231.38499999999993 16 1620.0 0.0 0 -63 80.65399999999997 40.702 0
1980.0 278.8730000000001 16 1980.0 0.0 0 -61 96.93300000000005 83.46499999999995 0
2460.0 289.09799999999984 16 2460.0 0.0 0 -74 88.04 79.64700000000002 0
2340.0 324.53299999999996 18 2340.0 0.0 0 -71 127.90400000000001 85.41999999999996 0
1920.0 256.3749999999999 16 1920.0 -580.0 77 -63 81.03899999999997 72.08800000000004 116
2730.0 341.139 18 2970.0 -240.0 80 -79 112.017 97.97799999999997 16
1470.0 246.12900000000002 13 1470.0 0.0 0 -59 73.69099999999999 60.04599999999997 0
2280.0 321.684 19 2280.0 0.0 0 -74 122.80599999999998 83.04399999999998 0
2280.0 290.5749999999999 17 2520.0 -240.0 80 -74 83.97000000000003 72.214 16
1800.0 230.248 19 1800.0 -25.0 1 -62 65.643 64.70800000000001 5
1860.0 269.1789999999999 20 1860.0 0.0 0 -66 83.05099999999999 77.27899999999998 0
1830.0 270.146 25 1830.0 -10.0 1 -65 85.81299999999999 68.82199999999999 2
1920.0 278.463 20 1920.0 0.0 0 -62 103.74899999999997 79.78199999999997 0
1500.0 267.877 23 1500.0 -150.0 12 -70 95.83299999999997 45.809999999999995 30
1710.0 237.88799999999992 19 1710.0 0.0 0 -55 84.85499999999998 65.69299999999998 0
1620.0 190.9339999999999 13 1620.0 -15.0 1 -46 58.93000000000002 53.93499999999996 3
1290.0 186.89499999999998 18 1290.0 0.0 0 -51 63.13999999999999 49.993 0
990.0 198.93599999999992 16 990.0 0.0 0 -48 64.28699999999998 35.144 0
1845.0 366.401 22 2100.0 -255.0 85 -84 128.43699999999995 82.73799999999999 17
2070.0 346.75999999999993 19 2070.0 0.0 0 -75 117.749 90.74099999999999 0
1680.0 299.36199999999997 15 1680.0 -20.0 0 -67 97.79199999999994 72.19900000000003 4
2400.0 280.36599999999993 15 2400.0 -390.0 26 -68 84.69900000000001 90.83399999999999 78
1560.0 199.68900000000002 14 1560.0 0.0 0 -48 63.65300000000001 52.393 0
2430.0 290.12899999999996 15 2430.0 0.0 0 -66 102.51900000000002 91.85499999999998 0
2190.0 294.62599999999986 15 2190.0 0.0 0 -76 81.56299999999999 74.504 0
1650.0 287.409 17 1650.0 0.0 0 -66 109.73799999999999 61.205999999999996 0
1350.0 260.888 17 1350.0 -865.0 21 -64 91.19099999999997 48.431 173
1650.0 256.96899999999994 20 1650.0 0.0 0 -64 95.366 60.85399999999999 0
1650.0 222.57500000000002 15 1650.0 0.0 0 -54 78.62399999999998 68.45799999999998 0
1560.0 226.77599999999998 19 1560.0 0.0 0 -59 75.438 52.99399999999999 0
1320.0 247.22299999999993 17 1320.0 -650.0 43 -64 75.97299999999997 43.11699999999999 130
1650.0 251.33500000000004 18 1650.0 0.0 0 -62 90.841 60.458999999999996 0
1680.0 231.39700000000002 20 1680.0 -10.0 0 -59 83.68199999999997 50.724999999999994 2
2640.0 368.549 16 2640.0 -110.0 9 -83 129.797 88.14399999999996 22
1290.0 253.2459999999999 15 1290.0 0.0 0 -59 84.73599999999998 46.896 0
1650.0 235.56999999999988 10 1650.0 0.0 0 -62 52.72599999999998 53.79799999999999 0
1260.0 166.42999999999995 15 1260.0 0.0 0 -46 51.102999999999994 37.580000000000005 0
2070.0 288.167 19 2070.0 0.0 0 -69 105.018 71.30399999999999 0
3270.0 353.911 17 3270.0 -175.0 11 -77 145.86900000000006 115.74099999999997 35
2550.0 281.5679999999999 16 2550.0 -80.0 5 -76 90.281 74.67499999999997 16
1680.0 253.05400000000006 21 1680.0 0.0 0 -71 89.29799999999996 46.023 0
1560.0 205.52800000000005 18 1560.0 0.0 0 -58 74.323 49.439 0
1620.0 232.49699999999996 19 1620.0 0.0 0 -59 76.767 65.85799999999999 0
2250.0 315.796 17 2250.0 -120.0 3 -74 111.89499999999997 79.95399999999995 24
2400.0 318.165 17 2400.0 -35.0 2 -69 127.39300000000003 88.05399999999996 7
2190.0 290.93 16 2190.0 -275.0 13 -67 81.80299999999998 100.88100000000001 55
1800.0 216.93000000000004 20 1800.0 0.0 0 -63 54.14999999999999 47.596999999999994 0
1590.0 284.156 18 1590.0 0.0 0 -72 82.58999999999996 51.03199999999998 0
1290.0 209.97500000000002 19 1290.0 0.0 0 -56 58.84899999999999 42.913000000000004 0
2010.0 305.4239999999999 18 2010.0 0.0 0 -74 103.24899999999997 69.657 0
1590.0 224.04699999999997 17 1590.0 0.0 0 -60 74.93499999999999 55.20599999999999 0
2160.0 289.433 16 2160.0 -30.0 2 -67 94.77499999999998 85.38499999999998 6
1080.0 194.48299999999992 14 1080.0 0.0 0 -52 58.46199999999999 48.314 0
1980.0 300.66399999999993 16 1980.0 0.0 0 -65 100.15600000000002 78.614 0
1500.0 205.17699999999996 18 1500.0 0.0 0 -55 63.10499999999999 52.907999999999994 0
2280.0 327.65 14 2280.0 -645.0 32 -73 114.533 94.80100000000002 129
1770.0 228.342 15 1770.0 0.0 0 -59 86.83100000000005 50.323999999999984 0
2220.0 242.041 19 2220.0 0.0 0 -67 77.394 69.12400000000001 0
1650.0 265.0459999999999 14 1650.0 0.0 0 -65 62.971999999999994 66.91 0
1770.0 261.9150000000001 14 1770.0 -800.0 53 -67 67.34700000000001 75.74100000000001 160
2100.0 279.46500000000003 19 2100.0 -915.0 22 -68 98.158 75.495 183
2160.0 254.88199999999998 18 2160.0 -20.0 1 -65 87.58300000000001 75.54699999999997 4
1500.0 218.76999999999992 19 1500.0 0.0 0 -58 68.22399999999999 51.211 0
1500.0 251.34599999999995 15 1500.0 0.0 0 -60 89.955 53.667 0
1620.0 289.4899999999999 19 1620.0 0.0 0 -72 103.34199999999996 60.70299999999999 0
2430.0 353.24699999999996 13 2430.0 -1130.0 75 -80 117.00300000000004 86.73999999999998 226
1980.0 283.952 20 1980.0 0.0 0 -73 92.58499999999997 63.044 0
2130.0 247.57599999999996 16 2130.0 0.0 0 -61 70.555 76.43799999999999 0
2130.0 238.41199999999995 13 2130.0 0.0 0 -66 56.03099999999999 70.13100000000001 0
1200.0 227.39899999999994 19 1200.0 0.0 0 -55 76.966 49.23299999999999 0
1590.0 259.1619999999999 21 1590.0 0.0 0 -65 72.17799999999997 63.989000000000004 0
2010.0 302.539 17 2010.0 -410.0 34 -74 89.41599999999997 81.833 82
2220.0 298.1029999999999 20 2220.0 -70.0 4 -76 91.93299999999996 80.49499999999999 14
900.0 130.532 12 900.0 0.0 0 -37 44.84099999999999 27.885 0
1200.0 217.724 18 1200.0 0.0 0 -60 64.839 33.071 0
2250.0 286.50600000000003 20 2250.0 -95.0 6 -64 112.717 78.39799999999998 19
2250.0 265.23 16 2250.0 0.0 0 -65 96.92600000000002 68.75999999999999 0
1860.0 299.73999999999995 21 1860.0 0.0 0 -71 114.11499999999997 74.13199999999999 0
1830.0 265.01 22 1830.0 0.0 0 -68 90.26600000000002 67.43599999999999 0
2100.0 261.66599999999994 22 2100.0 0.0 0 -58 92.753 76.42699999999999 0
1920.0 229.09199999999993 16 1920.0 -260.0 17 -66 46.63199999999999 54.105999999999995 52
1920.0 260.60900000000015 15 1920.0 -680.0 79 -66 89.70799999999998 61.327000000000005 136
2160.0 299.665 21 2160.0 0.0 0 -73 112.57300000000002 78.44999999999999 0
1290.0 204.977 15 1290.0 0.0 0 -55 65.84099999999998 49.858 0
840.0 221.64099999999996 14 840.0 0.0 0 -52 76.08399999999996 33.645999999999994 0
1440.0 243.61399999999998 15 1440.0 -505.0 33 -64 77.07599999999996 46.006999999999984 101
1410.0 283.72399999999993 23 1410.0 0.0 0 -70 108.72199999999997 46.72 0
1500.0 239.35299999999992 17 1500.0 0.0 0 -66 70.02299999999998 52.076 0
2100.0 282.691 22 2100.0 -150.0 10 -69 104.72200000000002 73.05499999999998 30
1230.0 242.6339999999999 14 1230.0 -10.0 0 -59 78.90599999999996 50.33299999999998 2
1890.0 245.68499999999995 20 1890.0 -15.0 2 -61 93.939 54.645999999999994 3
1140.0 217.97799999999995 17 1140.0 0.0 0 -57 69.71699999999997 42.229000000000006 0
1620.0 238.72299999999996 19 1620.0 -480.0 24 -65 76.83299999999997 47.24199999999999 96
1920.0 283.4369999999999 20 1920.0 0.0 0 -71 93.25899999999997 62.781000000000006 0
2970.0 262.21599999999995 14 2970.0 -170.0 4 -75 71.14299999999999 73.89699999999999 34
2160.0 298.74499999999995 22 2160.0 0.0 0 -72 101.151 69.43699999999998 0
930.0 185.05900000000003 17 930.0 0.0 0 -50 59.33499999999998 32.538000000000004 0
2160.0 324.03099999999984 20 2160.0 0.0 0 -73 120.686 76.06599999999997 0
1860.0 255.47000000000003 19 1860.0 -290.0 24 -65 85.753 64.301 58
1830.0 225.022 14 1830.0 0.0 0 -60 66.92300000000002 57.807999999999964 0
1200.0 205.66499999999996 15 1200.0 0.0 0 -47 77.42799999999997 46.449 0
1560.0 277.74799999999993 20 1560.0 0.0 0 -69 87.24899999999998 55.308 0
1620.0 288.184 21 1620.0 0.0 0 -72 94.109 51.980999999999995 0
1680.0 217.82099999999994 17 1680.0 0.0 0 -54 76.32799999999999 61.576999999999984 0
1860.0 260.676 20 1860.0 -440.0 29 -68 83.72899999999997 59.52499999999999 88
1440.0 288.2069999999999 24 1440.0 0.0 0 -65 103.48599999999999 62.516999999999996 0
1440.0 227.05399999999997 18 1440.0 -15.0 1 -56 73.101 52.537000000000006 3
1680.0 234.79600000000005 21 1680.0 0.0 0 -60 84.562 61.14199999999999 0
2130.0 321.0899999999998 19 2130.0 0.0 0 -73 106.90999999999995 62.938 0
2160.0 264.88999999999993 14 2160.0 0.0 0 -68 89.683 72.73499999999999 0
1740.0 262.4309999999999 20 1740.0 0.0 0 -61 94.24299999999998 66.95099999999998 0
1410.0 234.01899999999998 21 1410.0 0.0 0 -64 71.79299999999998 49.325 0
1290.0 209.18300000000005 15 1290.0 0.0 0 -51 71.01499999999999 49.095 0
2010.0 274.86999999999995 22 2010.0 0.0 0 -75 75.34599999999998 66.521 0
1830.0 275.59499999999997 15 1830.0 0.0 0 -66 82.168 72.31299999999997 0
1860.0 295.797 17 1860.0 -175.0 4 -68 108.36200000000002 74.375 35
2040.0 299.485 21 2280.0 -240.0 80 -78 70.21599999999997 73.517 16
1950.0 275.9630000000001 15 1950.0 -20.0 0 -62 115.96 66.24399999999999 4
2160.0 321.68699999999995 23 2160.0 -60.0 6 -75 115.43599999999999 74.66599999999998 12
1740.0 271.333 19 1740.0 -275.0 6 -66 93.93299999999998 62.13400000000003 55
2400.0 346.6769999999999 22 2400.0 -25.0 1 -81 132.18900000000002 86.01899999999996 5
1560.0 252.87999999999994 16 1560.0 -700.0 46 -65 70.78999999999999 67.882 140
1380.0 228.39200000000002 13 1380.0 0.0 0 -50 91.16500000000002 56.25800000000001 0
2040.0 263.5779999999999 16 2040.0 0.0 0 -66 88.54799999999997 69.877 0
1740.0 250.72999999999996 14 1740.0 -625.0 41 -67 61.89999999999998 71.78700000000002 125
2340.0 267.74199999999996 19 2340.0 -230.0 15 -68 79.86200000000001 84.88200000000002 46
1530.0 231.6859999999999 18 1530.0 -15.0 1 -56 83.79600000000002 57.391999999999996 3
2250.0 313.06300000000005 22 2250.0 0.0 0 -67 118.37600000000002 83.041 0
1950.0 242.517 21 1950.0 0.0 0 -64 82.60699999999999 73.15799999999999 0
2130.0 280.05800000000005 19 2130.0 0.0 0 -67 95.013 81.24599999999998 0
2190.0 303.19900000000007 19 2190.0 0.0 0 -69 113.63300000000002 76.03199999999998 0
2760.0 274.1339999999999 15 2760.0 -340.0 45 -67 101.43200000000003 83.23299999999998 68
2760.0 340.4029999999999 19 2760.0 -160.0 13 -75 125.985 109.79499999999999 32
1710.0 266.08799999999997 18 1710.0 0.0 0 -64 96.60099999999998 67.75799999999998 0
2520.0 351.36899999999997 19 2520.0 -215.0 5 -81 124.70799999999998 92.176 43
1860.0 263.24600000000004 18 1860.0 0.0 0 -57 100.63099999999999 77.80199999999998 0
1350.0 281.8619999999999 22 1350.0 0.0 0 -69 103.88899999999998 47.97700000000001 0
1740.0 249.25699999999998 18 1740.0 0.0 0 -63 73.09599999999999 65.66199999999998 0
1590.0 277.0589999999999 20 1590.0 0.0 0 -62 94.75499999999997 66.853 0
2070.0 276.25399999999985 17 2070.0 0.0 0 -70 87.92399999999998 82.00599999999999 0
1920.0 245.48299999999998 15 1920.0 -210.0 13 -66 62.90199999999999 56.688999999999986 42
1590.0 250.04299999999995 21 1590.0 -460.0 30 -69 61.852999999999994 46.798 92
2130.0 260.7029999999998 19 2130.0 0.0 0 -66 87.21 78.501 0
1830.0 295.517 20 1830.0 0.0 0 -66 114.88499999999999 74.93900000000001 0
1830.0 330.7909999999998 25 1830.0 0.0 0 -74 129.81299999999996 64.44500000000001 0
3060.0 321.9529999999999 16 3060.0 -475.0 31 -73 113.027 109.537 95
2370.0 254.12699999999992 15 2370.0 0.0 0 -70 72.38599999999998 68.76000000000002 0
1740.0 233.81700000000004 17 1800.0 0.0 0 -59 76.875 72.24999999999999 0
1710.0 279.26 16 1710.0 0.0 0 -61 118.62399999999997 57.57999999999999 0
1440.0 237.61299999999994 21 1440.0 0.0 0 -55 95.53499999999997 59.266999999999996 0
1770.0 287.756 18 1770.0 -15.0 0 -70 109.20599999999996 65.967 3
930.0 206.11499999999995 16 930.0 0.0 0 -52 66.96799999999999 34.87799999999999 0
1200.0 234.14100000000002 19 1200.0 0.0 0 -55 83.68599999999998 53.181 0
1800.0 216.22700000000003 11 1800.0 0.0 0 -57 74.76200000000003 54.00200000000001 0
2340.0 368.93699999999995 18 2340.0 -375.0 25 -85 132.71499999999995 82.77500000000003 75
2220.0 267.2009999999999 17 2220.0 -285.0 7 -69 88.81 71.71499999999999 57
2070.0 311.636 17 2070.0 0.0 0 -73 109.96000000000001 74.30799999999999 0
2550.0 346.2729999999999 16 2550.0 -135.0 18 -76 124.33500000000004 110.66999999999996 27
