1110.0 216.26299999999998 17 1110.0 0.0 0 -48 82.41499999999999 46.893 0
1590.0 267.2029999999999 21 1590.0 -470.0 62 -68 86.80199999999998 56.92699999999999 94
1950.0 254.69399999999993 18 1950.0 0.0 0 -71 68.92699999999998 66.02100000000002 0
1800.0 245.33699999999996 13 1800.0 0.0 0 -54 81.06299999999999 78.231 0
1440.0 264.154 13 1440.0 0.0 0 -56 101.57600000000002 67.26999999999997 0
1530.0 243.85199999999992 16 1530.0 0.0 0 -64 78.88099999999997 53.42299999999999 0
1440.0 278.14499999999987 16 1440.0 -715.0 59 -66 91.19099999999997 58.45899999999999 143
2070.0 293.6990000000001 19 2070.0 -10.0 1 -67 89.43699999999998 82.894 2
1830.0 260.813 18 1830.0 -20.0 1 -68 94.00500000000001 61.514999999999986 4
900.0 160.774 13 1050.0 0.0 0 -43 50.61099999999999 31.564000000000004 0
1710.0 250.45199999999997 13 1710.0 0.0 0 -50 102.269 74.31099999999999 0
1620.0 218.67299999999994 20 1620.0 0.0 0 -52 76.51299999999998 54.85399999999999 0
1920.0 260.129 20 1980.0 0.0 0 -58 85.10999999999997 56.32199999999999 0
2100.0 240.8619999999999 16 2100.0 0.0 0 -58 81.48999999999997 59.74899999999998 0
2190.0 241.06199999999995 10 2190.0 0.0 0 -61 72.53200000000001 79.47800000000001 0
2040.0 247.51099999999997 17 2040.0 0.0 0 -60 78.04200000000002 78.49599999999998 0
1650.0 278.399 17 1650.0 0.0 0 -63 102.204 67.41399999999997 0
1920.0 252.20999999999992 21 1920.0 0.0 0 -64 76.35899999999997 66.881 0
1800.0 266.60099999999994 18 1800.0 -385.0 25 -69 96.62499999999997 62.567999999999984 77
2520.0 288.12399999999997 14 2520.0 -910.0 22 -65 90.336 104.41499999999998 182
660.0 100.84799999999997 10 660.0 0.0 0 -33 23.552999999999994 16.898 0
1380.0 213.407 15 1380.0 0.0 0 -51 69.767 57.99900000000001 0
1860.0 306.1299999999999 16 1860.0 0.0 0 -67 117.529 76.121 0
2250.0 304.74799999999993 17 2250.0 0.0 0 -71 107.33200000000002 82.81999999999995 0
2580.0 265.7829999999999 13 2580.0 -650.0 16 -67 74.73100000000004 85.53099999999998 130
1920.0 311.90999999999997 18 1920.0 -120.0 40 -66 117.368 76.701 8
2310.0 272.8980000000001 18 2310.0 0.0 0 -68 78.75600000000001 93.163 0
1200.0 213.50099999999995 17 1200.0 0.0 0 -53 72.47199999999997 41.85600000000001 0
1170.0 232.64099999999993 17 1170.0 0.0 0 -61 63.40699999999998 47.853 0
1770.0 231.44299999999993 16 1830.0 0.0 0 -57 79.45100000000004 72.88399999999996 0
2190.0 298.15899999999993 20 2190.0 0.0 0 -70 92.70500000000001 82.22599999999998 0
1890.0 276.99699999999996 19 1890.0 -560.0 13 -67 87.80700000000002 64.31499999999998 112
2310.0 281.49599999999987 18 2310.0 0.0 0 -69 93.86700000000002 76.45399999999997 0
1770.0 266.53900000000004 20 1770.0 0.0 0 -58 99.96100000000004 72.90299999999996 0
2160.0 274.0319999999999 18 2160.0 0.0 0 -61 100.75 81.41699999999994 0
2640.0 305.77999999999986 19 2640.0 0.0 0 -69 118.79599999999998 92.93499999999993 0
1050.0 153.25099999999998 13 1110.0 0.0 0 -34 57.383999999999986 44.75799999999999 0
1800.0 327.90099999999995 20 1800.0 -120.0 16 -71 111.495 79.317 24
1260.0 241.35100000000003 16 1260.0 0.0 0 -61 80.66499999999998 47.57799999999999 0
1950.0 247.4929999999999 15 1950.0 -530.0 70 -66 69.005 70.78399999999996 106
2340.0 294.14300000000003 17 2340.0 0.0 0 -72 91.04 92.99499999999998 0
1680.0 312.25199999999995 23 1920.0 -240.0 80 -86 78.83099999999997 70.05300000000001 16
1605.0 329.59499999999986 24 1860.0 -255.0 85 -81 100.57399999999998 67.61 17
2160.0 290.01 18 2160.0 0.0 0 -66 100.27799999999999 89.73199999999997 0
2550.0 333.46000000000004 21 2550.0 -40.0 5 -70 126.52099999999999 102.02199999999999 8
2250.0 260.549 17 2250.0 -155.0 12 -68 79.01399999999998 76.157 31
1650.0 255.10900000000004 22 1650.0 -395.0 9 -64 69.13899999999997 65.761 79
1620.0 268.20999999999987 20 1620.0 0.0 0 -69 91.71399999999997 47.428000000000004 0
1590.0 195.59199999999996 16 1590.0 0.0 0 -52 61.251999999999995 51.193 0
1590.0 295.9129999999999 20 1590.0 0.0 0 -69 112.63699999999993 56.42200000000001 0
1590.0 275.7349999999999 19 1590.0 -40.0 5 -65 93.92099999999998 72.76800000000001 8
1800.0 274.27299999999997 21 1800.0 0.0 0 -66 89.75199999999997 68.75699999999999 0
1650.0 292.85100000000006 22 1650.0 0.0 0 -71 104.52699999999999 58.82299999999999 0
1320.0 234.298 18 1320.0 0.0 0 -62 73.997 47.467999999999996 0
1890.0 254.93399999999994 16 1890.0 -515.0 42 -65 87.55299999999998 72.71000000000001 103
1950.0 266.84199999999987 18 1950.0 -510.0 12 -67 61.24299999999998 68.87299999999999 102
1770.0 283.30099999999993 14 1770.0 -610.0 40 -70 91.49799999999996 66.079 122
1650.0 202.80499999999992 16 1650.0 0.0 0 -56 64.54499999999999 47.491 0
2100.0 298.092 16 2100.0 -365.0 9 -69 104.87199999999997 76.66799999999998 73
1470.0 228.13899999999998 18 1470.0 0.0 0 -64 67.25699999999998 48.404999999999994 0
1650.0 220.791 19 1650.0 -120.0 13 -64 53.75 33.67199999999999 24
1680.0 293.4309999999999 21 1680.0 -225.0 18 -69 91.79799999999997 79.837 45
2370.0 308.57899999999984 18 2370.0 0.0 0 -71 110.06599999999999 90.57199999999997 0
1530.0 234.80199999999994 21 1530.0 0.0 0 -59 73.70599999999997 62.07 0
1800.0 282.13000000000005 17 1800.0 -680.0 45 -69 87.19900000000001 71.37899999999998 136
2010.0 356.40499999999986 18 2010.0 0.0 0 -79 134.378 68.8 0
2130.0 315.79200000000003 19 2370.0 -240.0 80 -79 85.432 94.15400000000002 16
1710.0 278.947 21 1710.0 -75.0 5 -72 83.71699999999997 57.547000000000004 15
1890.0 270.30800000000005 17 1890.0 -20.0 1 -65 108.67499999999998 56.26499999999999 4
2430.0 270.519 18 2430.0 -945.0 78 -65 94.94200000000002 74.51899999999999 189
2070.0 274.201 22 2070.0 0.0 0 -65 110.32500000000002 74.62899999999999 0
2070.0 265.45200000000006 19 2070.0 -5.0 0 -63 87.211 76.40299999999995 1
2190.0 345.9529999999999 20 2190.0 0.0 0 -75 134.56500000000003 90.03800000000001 0
1530.0 227.575 18 1530.0 -15.0 1 -64 62.358000000000004 54.008 3
1980.0 243.702 16 1980.0 0.0 0 -59 87.08900000000001 75.66999999999999 0
2250.0 290.553 19 2250.0 0.0 0 -73 90.13199999999999 76.55299999999998 0
1590.0 260.16999999999996 16 1590.0 0.0 0 -65 78.33500000000001 62.09700000000001 0
2250.0 297.43600000000004 20 2250.0 0.0 0 -67 110.14399999999999 87.356 0
2100.0 268.49199999999996 18 2100.0 0.0 0 -69 79.994 70.92999999999998 0
1770.0 219.82200000000003 15 1770.0 0.0 0 -64 57.75799999999999 43.820999999999984 0
2010.0 283.17299999999994 14 2010.0 0.0 0 -68 79.01599999999999 90.927 0
2310.0 250.38000000000002 15 2310.0 0.0 0 -66 69.541 67.95699999999998 0
1860.0 283.442 16 1860.0 0.0 0 -64 114.72499999999997 69.086 0
1740.0 252.70599999999996 16 1740.0 0.0 0 -62 90.37100000000001 65.89399999999996 0
1650.0 239.46499999999986 17 1650.0 0.0 0 -58 71.26599999999999 68.579 0
2100.0 297.6759999999999 15 2100.0 -370.0 9 -74 93.94999999999999 84.92000000000002 74
1860.0 285.5669999999999 15 1860.0 0.0 0 -68 107.556 66.85999999999999 0
900.0 193.09499999999997 16 900.0 0.0 0 -49 66.97399999999999 34.386 0
1350.0 201.699 15 1350.0 0.0 0 -51 58.71199999999998 54.265000000000015 0
1950.0 246.55299999999994 19 1950.0 -15.0 2 -67 78.95799999999998 61.30099999999999 3
2340.0 269.89699999999993 18 2340.0 0.0 0 -66 72.804 73.48599999999999 0
1500.0 233.77799999999993 17 1500.0 -20.0 2 -60 85.23400000000001 48.137 4
2280.0 345.38999999999993 19 2280.0 -300.0 40 -74 130.152 93.63099999999999 60
1085.0 256.92600000000004 14 1860.0 -775.0 83 -66 81.87200000000001 56.95599999999999 155
1740.0 265.952 19 1740.0 -280.0 23 -66 91.67199999999998 67.831 56
1890.0 288.765 21 1890.0 0.0 0 -68 119.673 66.99099999999999 0
2280.0 280.847 19 2280.0 -350.0 29 -74 93.131 69.62099999999998 70
1830.0 321.6079999999999 21 1830.0 0.0 0 -79 108.49699999999993 61.80499999999999 0
1620.0 236.547 18 1620.0 -15.0 1 -58 68.747 57.39299999999999 3
1680.0 351.94599999999986 22 1710.0 0.0 0 -70 147.02899999999997 77.726 0
1770.0 282.344 20 1770.0 0.0 0 -67 96.26700000000001 73.70599999999997 0
2370.0 312.196 20 2370.0 0.0 0 -76 106.274 90.49699999999997 0
2280.0 259.1269999999999 15 2280.0 0.0 0 -67 62.03499999999999 80.77199999999998 0
2250.0 384.2899999999999 16 2880.0 -640.0 84 -95 127.95599999999996 83.38299999999998 128
1890.0 280.94499999999994 17 1890.0 0.0 0 -66 104.57799999999999 73.20799999999997 0
2010.0 332.89 20 2250.0 -240.0 80 -77 112.22299999999997 83.877 16
1470.0 295.646 23 1470.0 0.0 0 -65 102.33699999999997 70.27999999999999 0
2070.0 273.3229999999999 19 2070.0 0.0 0 -70 87.34699999999998 66.323 0
1920.0 260.228 21 2010.0 0.0 0 -68 90.27999999999997 60.14599999999999 0
2280.0 267.87 16 2280.0 -615.0 82 -70 96.888 64.10199999999999 123
1320.0 268.4859999999999 20 1320.0 -390.0 32 -66 93.70799999999998 49.80299999999998 78
1110.0 186.19099999999992 15 1110.0 0.0 0 -50 53.52399999999999 35.297 0
1620.0 243.626 18 1620.0 0.0 0 -60 79.80199999999999 58.02300000000001 0
2280.0 297.0720000000001 14 2280.0 -475.0 51 -68 113.36900000000003 81.12599999999999 95
2070.0 300.457 20 2070.0 -150.0 12 -73 108.14200000000004 70.648 30
1740.0 237.91199999999995 16 1740.0 0.0 0 -61 87.93499999999999 53.42999999999999 0
1650.0 269.1609999999999 16 1650.0 0.0 0 -66 83.82799999999997 63.8 0
1440.0 301.4979999999998 21 1440.0 0.0 0 -73 112.46899999999994 46.50999999999999 0
1950.0 293.77899999999994 21 1950.0 -30.0 2 -73 90.59999999999997 76.18900000000004 6
1740.0 258.055 21 1740.0 0.0 0 -66 74.83200000000001 75.09199999999997 0
1320.0 226.1719999999999 16 1320.0 0.0 0 -56 85.61299999999994 40.400999999999996 0
1860.0 240.31899999999993 19 1860.0 -10.0 0 -60 89.21899999999998 67.89999999999998 2
2700.0 326.393 22 2700.0 -220.0 14 -80 123.19399999999999 87.54299999999999 44
1740.0 280.93 22 1740.0 -565.0 37 -70 91.03599999999996 63.35700000000001 113
1650.0 238.61100000000002 16 1650.0 0.0 0 -54 79.89500000000002 68.43099999999997 0
2190.0 335.15299999999996 20 2190.0 0.0 0 -84 111.28599999999997 78.61699999999998 0
2550.0 351.662 20 2790.0 -290.0 86 -85 108.32800000000002 92.91000000000001 26
2190.0 331.11099999999993 16 2190.0 0.0 0 -77 113.528 85.61699999999998 0
1740.0 284.58399999999995 18 1740.0 -35.0 2 -68 104.761 64.97999999999998 7
1680.0 269.6939999999999 20 1680.0 0.0 0 -68 93.88099999999997 63.24199999999999 0
2160.0 272.6879999999999 16 2160.0 0.0 0 -72 69.54399999999997 80.302 0
2550.0 320.429 15 2550.0 -335.0 22 -72 111.59800000000001 86.744 67
2250.0 277.3220000000001 15 2250.0 0.0 0 -64 101.41100000000003 79.85299999999997 0
2640.0 350.551 19 2640.0 -230.0 11 -81 117.90499999999994 92.94500000000001 46
2190.0 340.40699999999987 19 2190.0 -215.0 17 -80 121.40699999999995 82.135 43
2040.0 231.62899999999988 18 2040.0 -220.0 14 -69 62.544999999999995 56.15800000000001 44
2190.0 311.2729999999999 19 2190.0 -745.0 18 -69 104.585 90.04800000000002 149
2010.0 261.58299999999997 21 2010.0 -100.0 6 -70 93.23999999999997 62.007000000000005 20
2400.0 356.5340000000001 20 2400.0 -265.0 6 -73 156.57000000000002 95.854 53
1800.0 235.69899999999998 15 1800.0 0.0 0 -55 77.01099999999997 73.866 0
1980.0 315.4489999999999 18 1980.0 0.0 0 -77 104.67599999999993 77.881 0
1650.0 269.7799999999999 22 1650.0 0.0 0 -73 86.03799999999997 57.281 0
1950.0 277.84499999999997 18 1950.0 -600.0 15 -66 88.56799999999997 79.94999999999999 120
1770.0 303.32300000000004 20 1770.0 -25.0 1 -69 108.19599999999997 66.502 5
1830.0 246.52599999999984 15 1830.0 0.0 0 -57 92.94999999999995 60.87699999999998 0
1710.0 256.31199999999995 18 1710.0 0.0 0 -65 93.64199999999997 62.818999999999996 0
2070.0 276.35 15 2070.0 0.0 0 -68 76.61399999999998 89.67899999999999 0
2190.0 216.79099999999997 17 2250.0 0.0 0 -63 72.29099999999998 58.67699999999999 0
1860.0 268.42999999999995 19 1860.0 -220.0 14 -66 98.79599999999999 68.377 44
1470.0 250.95999999999992 16 1470.0 0.0 0 -68 78.37899999999996 31.14399999999999 0
1740.0 367.81499999999994 21 1740.0 0.0 0 -77 153.00199999999998 71.15100000000001 0
1410.0 241.89899999999997 19 1410.0 0.0 0 -65 72.30999999999999 52.713 0
1680.0 261.798 17 1680.0 -580.0 38 -69 78.90299999999998 63.272 116
1650.0 291.51099999999997 16 1650.0 0.0 0 -64 108.71399999999997 64.29999999999997 0
2040.0 275.92499999999995 18 2040.0 -65.0 4 -66 86.106 83.789 13
2220.0 278.02399999999994 20 2220.0 -220.0 14 -70 85.27399999999997 87.905 44
1170.0 151.84399999999997 13 1170.0 0.0 0 -40 48.603999999999985 39.481999999999985 0
1560.0 198.25399999999993 15 1560.0 0.0 0 -48 69.80499999999998 59.827999999999996 0
1650.0 261.8929999999999 22 1650.0 0.0 0 -66 92.70899999999997 53.86299999999999 0
2010.0 278.73799999999994 23 2010.0 -15.0 2 -65 95.00799999999997 69.829 3
1050.0 214.15299999999996 19 1050.0 0.0 0 -60 58.907999999999994 34.16700000000001 0
1950.0 285.99399999999997 17 1950.0 0.0 0 -65 107.05099999999996 74.37099999999998 0
1830.0 249.27899999999994 18 1830.0 -420.0 55 -67 66.856 65.15899999999999 84
1920.0 279.37700000000007 19 1920.0 -145.0 9 -71 102.54699999999997 64.91999999999999 29
1290.0 213.28199999999995 21 1290.0 0.0 0 -53 75.58999999999997 55.79900000000001 0
1590.0 245.92199999999994 22 1590.0 -80.0 6 -68 73.17199999999997 58.62599999999999 16
1920.0 276.102 19 1920.0 -25.0 2 -63 109.94900000000001 70.04199999999999 5
2580.0 314.2989999999998 19 2580.0 0.0 0 -73 113.96199999999995 96.21199999999997 0
1980.0 216.69 19 1980.0 0.0 0 -63 69.51399999999998 57.36999999999999 0
1830.0 257.01399999999995 17 1830.0 0.0 0 -58 97.05600000000001 72.87499999999997 0
1500.0 185.23799999999994 17 1500.0 0.0 0 -46 70.31899999999999 59.65499999999999 0
2100.0 257.89399999999995 15 2100.0 -95.0 7 -66 87.82600000000002 70.38699999999999 19
2010.0 276.78899999999993 16 2010.0 -815.0 54 -68 86.90299999999999 71.25999999999998 163
2250.0 327.5139999999999 22 2250.0 -65.0 4 -74 117.74099999999996 93.01199999999999 13
1830.0 213.998 11 1830.0 0.0 0 -56 60.658000000000015 68.565 0
2340.0 275.56499999999994 14 2340.0 0.0 0 -66 90.40499999999997 84.65199999999997 0
2070.0 305.2599999999999 18 2070.0 0.0 0 -70 122.21900000000002 73.81199999999997 0
1680.0 264.42199999999997 22 1680.0 0.0 0 -72 82.65399999999995 60.986999999999995 0
2040.0 279.1889999999999 25 2040.0 0.0 0 -69 92.44799999999996 69.858 0
2130.0 267.397 17 2130.0 -25.0 3 -62 87.64899999999997 77.35799999999999 5
1980.0 307.638 16 1980.0 0.0 0 -71 111.93400000000003 75.66199999999999 0
2070.0 293.24699999999996 21 2070.0 -435.0 28 -76 99.50799999999997 63.602000000000004 87
1740.0 244.73 14 1740.0 0.0 0 -58 82.39599999999997 63.46999999999999 0
1500.0 228.58499999999995 15 1500.0 0.0 0 -59 65.64599999999999 57.47899999999999 0
1740.0 264.93299999999994 20 1740.0 0.0 0 -67 98.39199999999998 56.576 0
1830.0 288.28099999999995 15 1830.0 0.0 0 -68 103.768 70.934 0
2370.0 308.28099999999984 18 2370.0 -410.0 27 -77 108.81199999999998 81.32800000000002 82
2040.0 270.3379999999999 21 2040.0 -655.0 43 -72 91.056 68.18399999999998 131
1140.0 222.77700000000004 16 1140.0 0.0 0 -57 72.32599999999998 41.480999999999995 0
1470.0 241.30999999999997 18 1470.0 0.0 0 -61 70.97999999999998 52.15599999999999 0
1470.0 235.43499999999995 19 1470.0 0.0 0 -59 80.16399999999997 54.89699999999999 0
1890.0 267.42199999999997 18 1890.0 -15.0 0 -73 74.478 66.13100000000004 3
1860.0 281.18799999999993 19 1860.0 0.0 0 -67 102.16099999999997 79.91799999999999 0
1950.0 278.11 19 1950.0 -10.0 0 -65 99.87100000000001 76.45700000000002 2
2310.0 274.56500000000005 19 2310.0 0.0 0 -63 100.60300000000002 88.53999999999996 0
1560.0 258.6979999999999 16 1560.0 0.0 0 -64 82.09599999999999 61.25099999999999 0
1500.0 217.93399999999994 12 1500.0 0.0 0 -58 49.53499999999998 56.22300000000001 0
1770.0 247.76800000000006 17 1770.0 0.0 0 -60 83.856 71.44200000000002 0
1260.0 217.23499999999996 15 1260.0 -35.0 2 -49 91.63799999999998 48.12199999999999 7
2010.0 263.50199999999995 15 2010.0 -200.0 5 -71 63.663999999999966 74.809 40
2580.0 359.71700000000004 20 2580.0 0.0 0 -82 128.18799999999996 81.168 0
2220.0 278.285 19 2220.0 0.0 0 -65 97.404 79.083 0
2190.0 292.6729999999999 16 2190.0 -385.0 25 -72 85.34200000000001 83.03799999999998 77
1560.0 274.36899999999986 21 1560.0 0.0 0 -72 86.35099999999997 48.03699999999999 0
1830.0 309.3679999999999 21 1830.0 0.0 0 -73 103.24100000000001 64.51 0
1500.0 186.23699999999997 12 1500.0 0.0 0 -48 60.486999999999995 56.38599999999999 0
1140.0 237.45599999999993 16 1140.0 0.0 0 -57 88.60099999999997 38.962999999999994 0
1740.0 248.57799999999995 19 1740.0 0.0 0 -62 88.64299999999997 55.788 0
2100.0 276.19800000000004 21 2100.0 -180.0 9 -67 97.80999999999997 87.51799999999999 36
1530.0 285.08299999999997 22 1530.0 -20.0 1 -69 106.03499999999997 50.07099999999999 4
1620.0 264.6969999999999 20 1620.0 -405.0 27 -68 86.52599999999998 64.05699999999999 81
1770.0 297.15299999999996 17 1770.0 0.0 0 -65 119.26 76.852 0
1800.0 271.31199999999995 17 1800.0 0.0 0 -67 78.969 68.67799999999998 0
2550.0 331.7689999999999 17 2550.0 0.0 0 -75 114.14800000000001 100.85 0
1890.0 332.51000000000005 22 1890.0 0.0 0 -74 128.749 76.584 0
1650.0 213.49900000000002 17 1650.0 0.0 0 -57 55.12299999999999 63.652999999999984 0
1890.0 316.836 16 1890.0 0.0 0 -72 109.81900000000002 80.589 0
1530.0 247.18999999999997 18 1530.0 0.0 0 -56 97.74 54.88099999999999 0
1470.0 324.826 23 1470.0 -20.0 1 -78 105.02699999999996 60.731 4
1890.0 226.67999999999995 17 1890.0 -10.0 0 -58 83.83600000000001 69.56299999999997 2
2310.0 270.73599999999993 21 2310.0 -390.0 32 -70 74.87699999999998 86.468 78
1170.0 197.17599999999996 13 1170.0 0.0 0 -47 62.841999999999985 37.18099999999999 0
1830.0 229.20499999999996 16 1830.0 -575.0 38 -66 48.68299999999999 47.48199999999999 115
2250.0 268.69099999999986 18 2250.0 0.0 0 -68 80.82799999999997 72.02000000000001 0
2040.0 267.40099999999995 16 2130.0 0.0 0 -60 107.37800000000003 72.91099999999999 0
2400.0 300.3320000000001 20 2400.0 -810.0 20 -70 112.138 90.54299999999999 162
1380.0 207.8659999999999 15 1380.0 0.0 0 -49 66.249 49.55399999999999 0
2430.0 326.07799999999986 20 2430.0 -330.0 35 -73 122.681 94.277 66
1290.0 238.61099999999993 18 1290.0 0.0 0 -55 88.22399999999999 47.65700000000001 0
1950.0 283.492 22 1950.0 -10.0 0 -67 100.944 73.17799999999997 2
2250.0 371.4509999999999 18 2250.0 -655.0 43 -85 141.10000000000002 92.65000000000002 131
2220.0 260.303 14 2220.0 -5.0 0 -63 85.19799999999998 79.97099999999998 1
1770.0 276.97999999999996 18 1770.0 -310.0 20 -67 94.78199999999998 58.5 62
1110.0 186.18699999999995 18 1110.0 0.0 0 -50 60.488 47.891999999999996 0
2430.0 266.38599999999985 18 2430.0 0.0 0 -74 81.881 69.19600000000001 0
2130.0 262.9559999999999 20 2130.0 -170.0 14 -69 72.83699999999997 70.89599999999999 34
1680.0 260.9769999999999 19 1680.0 -880.0 73 -71 82.66699999999997 52.52099999999999 176
2190.0 300.08799999999997 21 2190.0 0.0 0 -74 95.50599999999997 81.54399999999995 0
2460.0 338.66999999999996 19 2460.0 0.0 0 -72 125.09999999999995 105.151 0
1650.0 165.75699999999998 10 1650.0 0.0 0 -44 51.739999999999995 43.903 0
1920.0 288.09800000000007 20 1920.0 0.0 0 -63 108.293 86.47199999999995 0
2520.0 255.38299999999992 17 2520.0 0.0 0 -67 85.23599999999996 71.164 0
1740.0 256.136 16 1740.0 -610.0 50 -67 83.67900000000003 58.944999999999986 122
1795.0 331.19999999999993 18 2430.0 -635.0 84 -80 122.15699999999995 80.28499999999998 127
1890.0 313.5679999999999 18 1890.0 0.0 0 -65 135.19100000000003 72.83699999999996 0
1650.0 263.43199999999996 16 1650.0 0.0 0 -64 86.47099999999998 66.13699999999999 0
1290.0 195.44899999999993 15 1290.0 0.0 0 -44 67.03299999999997 52.268 0
1710.0 268.4969999999999 21 1710.0 0.0 0 -66 91.55399999999999 57.980999999999995 0
2010.0 293.4619999999999 16 2010.0 -300.0 40 -71 94.05099999999999 77.76599999999999 60
1800.0 251.56599999999995 16 1800.0 0.0 0 -58 99.58999999999996 69.824 0
1800.0 267.11199999999997 14 1800.0 -555.0 37 -64 83.64900000000003 75.318 111
2280.0 257.443 19 2280.0 0.0 0 -68 89.356 63.90799999999999 0
1620.0 225.62699999999998 18 1620.0 0.0 0 -53 72.741 63.30200000000001 0
1440.0 235.45299999999997 19 1440.0 0.0 0 -65 70.71999999999997 48.415000000000006 0
1860.0 280.78099999999995 16 1860.0 -685.0 45 -69 85.125 61.61699999999998 137
1020.0 175.57399999999993 16 1020.0 0.0 0 -41 60.80599999999998 41.257 0
1635.0 304.115 17 2640.0 -1005.0 83 -80 83.38399999999997 98.54200000000003 201
2550.0 356.83699999999993 20 2550.0 0.0 0 -78 146.31699999999998 92.66399999999994 0
1470.0 246.41699999999994 17 1470.0 0.0 0 -57 78.49800000000003 63.55499999999998 0
1410.0 263.0799999999999 19 1410.0 0.0 0 -65 87.872 52.395999999999994 0
2130.0 238.65200000000004 15 2130.0 -420.0 55 -68 52.803 72.685 84
2160.0 311.9799999999999 20 2160.0 0.0 0 -76 127.93999999999997 72.21199999999997 0
1290.0 238.01 17 1290.0 0.0 0 -59 83.69399999999996 50.358999999999995 0
1740.0 220.45199999999994 19 1740.0 0.0 0 -57 68.28999999999998 60.46199999999999 0
2280.0 302.03099999999995 15 2280.0 -940.0 62 -67 119.491 86.42599999999996 188
2160.0 270.8849999999999 18 2160.0 0.0 0 -57 110.82000000000001 83.69599999999998 0
1740.0 291.902 19 1740.0 -5.0 0 -69 85.45300000000002 71.074 1
2310.0 259.13199999999995 14 2310.0 -835.0 69 -73 62.78199999999999 78.12300000000002 167
1470.0 228.215 19 1470.0 0.0 0 -58 66.08699999999999 45.03099999999999 0
1710.0 279.145 21 1710.0 -315.0 7 -67 98.822 78.25200000000001 63
1500.0 250.76299999999995 20 1500.0 0.0 0 -68 80.04199999999997 53.499 0
2130.0 298.39900000000006 18 2130.0 -385.0 25 -69 103.84899999999998 83.545 77
2400.0 296.174 18 2400.0 0.0 0 -66 122.77400000000003 81.87199999999999 0
1950.0 268.839 14 1950.0 0.0 0 -65 72.80899999999998 82.99800000000002 0
2040.0 279.48799999999994 18 2040.0 -395.0 26 -68 96.73499999999996 84.215 79
1410.0 211.74299999999994 12 1410.0 -5.0 0 -54 58.94299999999999 53.64499999999999 1
1710.0 240.30499999999992 16 1710.0 0.0 0 -63 73.705 65.18700000000001 0
2250.0 291.4200000000001 17 2250.0 0.0 0 -66 109.82700000000001 84.84500000000001 0
2220.0 252.37899999999993 9 2220.0 -595.0 49 -67 49.41299999999998 90.187 119
2490.0 292.2749999999999 18 2490.0 0.0 0 -78 93.42999999999998 75.26499999999999 0
2010.0 268.288 18 2010.0 -235.0 31 -67 90.571 69.70199999999996 47
2010.0 235.103 18 2010.0 -10.0 0 -63 62.01799999999997 55.87700000000002 2
2100.0 284.132 19 2100.0 0.0 0 -63 109.882 86.22599999999998 0
1710.0 259.433 18 1710.0 0.0 0 -63 82.47799999999998 62.800999999999995 0
2160.0 251.98299999999995 16 2160.0 -480.0 12 -66 64.28999999999998 81.93200000000002 96
1980.0 295.102 18 1980.0 -415.0 34 -70 109.4 84.63899999999995 83
1950.0 271.16299999999995 15 1950.0 0.0 0 -62 99.82399999999998 72.96799999999995 0
1860.0 260.16999999999985 17 1860.0 0.0 0 -67 82.18699999999997 65.509 0
1560.0 283.75799999999987 22 1560.0 -20.0 1 -69 100.53199999999994 54.44 4
2130.0 270.1189999999999 16 2130.0 0.0 0 -65 95.754 66.59999999999997 0
1920.0 252.04999999999995 17 1920.0 0.0 0 -68 65.31599999999999 71.27299999999998 0
2250.0 288.9650000000001 15 2250.0 0.0 0 -76 91.101 46.497999999999976 0
1290.0 223.22199999999992 17 1290.0 0.0 0 -57 68.26499999999997 54.17999999999999 0
1290.0 229.149 19 1290.0 0.0 0 -55 78.18499999999997 47.468999999999994 0
1440.0 234.994 16 1440.0 0.0 0 -60 72.294 55.57699999999999 0
2010.0 291.7880000000001 18 2010.0 0.0 0 -67 100.667 72.189 0
2190.0 301.8159999999998 24 2190.0 0.0 0 -76 94.16499999999996 61.39600000000001 0
2010.0 286.246 19 2010.0 -180.0 24 -68 89.12199999999997 76.59099999999998 36
1350.0 214.43199999999993 15 1350.0 0.0 0 -57 68.91499999999998 47.778 0
2640.0 284.41499999999996 20 2640.0 0.0 0 -66 111.94800000000002 87.88799999999998 0
2670.0 279.94599999999997 18 2670.0 -10.0 1 -72 98.89199999999995 71.63499999999998 2
1560.0 238.87199999999999 18 1560.0 -175.0 11 -66 58.330999999999996 50.397999999999996 35
2190.0 284.7939999999999 16 2190.0 -710.0 47 -73 90.41999999999996 78.789 142
2130.0 290.182 17 2130.0 -125.0 8 -74 82.87499999999997 75.453 25
1470.0 262.0709999999999 20 1470.0 -575.0 76 -70 80.25399999999999 54.12399999999998 115
1620.0 215.51999999999992 19 1620.0 -315.0 21 -65 68.30699999999999 43.62499999999999 63
1800.0 196.44299999999993 17 1800.0 0.0 0 -56 63.43899999999998 43.23599999999999 0
1560.0 212.16199999999995 16 1560.0 0.0 0 -55 63.44499999999999 54.05099999999999 0
1620.0 273.199 20 1620.0 -60.0 5 -68 98.586 57.009 12
1320.0 260.6559999999999 19 1320.0 0.0 0 -60 98.01899999999996 51.05 0
1710.0 234.893 16 1710.0 0.0 0 -54 83.65099999999997 57.532999999999994 0
1980.0 266.05099999999993 12 1980.0 0.0 0 -70 72.423 67.99 0
1920.0 332.01 19 1920.0 -705.0 58 -71 117.48999999999997 86.862 141
2490.0 311.05099999999993 19 2490.0 -405.0 20 -76 103.70599999999996 85.82899999999998 81
1140.0 206.55399999999995 16 1140.0 0.0 0 -59 62.27899999999999 37.50599999999999 0
1260.0 226.49999999999997 18 1260.0 0.0 0 -59 72.64699999999999 48.418 0
1740.0 213.02699999999996 14 1740.0 0.0 0 -56 62.193999999999996 66.345 0
1890.0 303.99699999999996 18 1890.0 0.0 0 -65 117.99600000000001 79.389 0
2310.0 269.799 16 2310.0 -35.0 2 -68 74.539 84.149 7
1890.0 305.74499999999995 18 2130.0 -240.0 80 -73 95.47599999999997 81.84200000000001 16
1920.0 245.19499999999996 20 1920.0 0.0 0 -59 73.77599999999998 73.33099999999999 0
1500.0 207.71399999999997 16 1500.0 -460.0 30 -64 52.612999999999985 47.434 92
1740.0 225.93999999999994 18 1740.0 0.0 0 -66 62.852999999999994 42.36 0
1860.0 269.591 16 1860.0 0.0 0 -61 98.99200000000002 74.35099999999996 0
1830.0 205.7009999999999 10 1830.0 -1080.0 72 -64 38.002 55.839999999999996 216
1800.0 273.2590000000001 18 1800.0 0.0 0 -75 87.01699999999997 61.72599999999999 0
2850.0 325.83000000000004 15 2850.0 -795.0 66 -74 115.60800000000002 99.21199999999995 159
2070.0 248.638 19 2070.0 -255.0 34 -67 84.79200000000003 59.16099999999999 51
1860.0 278.214 21 1860.0 0.0 0 -67 94.43299999999998 83.15599999999999 0
1680.0 270.169 23 1680.0 -125.0 8 -73 94.88499999999999 58.666999999999994 25
2100.0 257.78 19 2100.0 -15.0 1 -71 72.51899999999998 71.90500000000002 3
1770.0 194.03200000000004 15 1770.0 0.0 0 -48 68.58899999999998 62.89100000000001 0
1440.0 276.753 23 1440.0 -245.0 16 -71 99.98999999999995 49.002 49
1830.0 266.17499999999995 15 1830.0 -350.0 29 -64 82.997 81.74699999999999 70
2100.0 294.7419999999999 23 2100.0 0.0 0 -69 104.23399999999997 92.699 0
2040.0 312.62299999999993 20 2040.0 0.0 0 -77 96.17799999999997 68.55 0
2490.0 326.40900000000005 17 2490.0 -755.0 50 -71 114.81899999999997 106.63900000000002 151
1950.0 301.41999999999996 16 1950.0 0.0 0 -69 92.72599999999998 90.29299999999996 0
1290.0 210.073 19 1290.0 0.0 0 -55 70.16099999999999 46.645999999999994 0
2160.0 226.69800000000004 16 2160.0 0.0 0 -61 74.11400000000002 72.88999999999999 0
1440.0 192.442 18 1440.0 0.0 0 -47 74.22899999999998 46.351 0
1830.0 230.067 16 1830.0 0.0 0 -61 82.98099999999998 56.71899999999999 0
2280.0 294.48500000000007 20 2280.0 0.0 0 -69 110.05000000000001 82.00699999999998 0
1740.0 225.79899999999998 14 1740.0 0.0 0 -56 71.927 57.739999999999974 0
2370.0 291.96899999999994 19 2370.0 0.0 0 -74 105.20899999999993 77.05699999999999 0
1530.0 265.31299999999993 23 1530.0 0.0 0 -66 93.76599999999999 59.223 0
1620.0 196.67499999999995 16 1680.0 0.0 0 -53 62.455999999999975 55.42200000000001 0
1830.0 248.67700000000002 22 1830.0 0.0 0 -64 72.11999999999998 65.533 0
1860.0 259.53899999999993 17 1860.0 0.0 0 -64 92.83299999999998 56.667999999999985 0
1920.0 260.35499999999996 20 1920.0 0.0 0 -72 84.471 57.20099999999998 0
1590.0 214.09599999999995 15 1590.0 -400.0 33 -64 51.351999999999975 54.40800000000001 80
1950.0 268.95199999999994 20 1950.0 0.0 0 -75 86.55799999999999 64.221 0
1950.0 320.0109999999999 21 1950.0 0.0 0 -69 121.56499999999996 81.10799999999998 0
1680.0 201.447 16 1680.0 0.0 0 -53 49.745999999999995 54.611999999999995 0
2910.0 340.7329999999999 19 2910.0 0.0 0 -71 140.26700000000002 115.24899999999994 0
1650.0 285.579 21 1650.0 0.0 0 -72 92.919 65.207 0
1680.0 323.70399999999995 18 1680.0 -220.0 23 -73 121.34499999999996 72.064 44
1650.0 199.20500000000007 13 1650.0 0.0 0 -49 65.27200000000003 60.83899999999998 0
1350.0 232.9699999999999 17 1350.0 0.0 0 -61 74.52599999999997 41.19299999999999 0
1590.0 257.931 21 1590.0 0.0 0 -61 92.331 56.12999999999999 0
2070.0 243.68499999999995 18 2070.0 0.0 0 -66 75.29799999999997 56.871999999999986 0
1680.0 278.04099999999994 19 1680.0 -790.0 65 -72 93.47799999999997 63.98899999999999 158
1170.0 145.39199999999994 15 1170.0 0.0 0 -39 47.393 40.17999999999999 0
1770.0 249.5789999999999 17 1770.0 0.0 0 -64 70.47499999999998 75.04600000000003 0
2100.0 257.244 19 2100.0 0.0 0 -64 95.54899999999999 75.95999999999998 0
2280.0 280.2949999999999 18 2280.0 -825.0 20 -71 93.92699999999999 72.65599999999999 165
2100.0 334.72200000000004 18 2100.0 -495.0 41 -74 117.47700000000005 92.57199999999997 99
2460.0 365.63700000000006 20 2460.0 0.0 0 -75 149.991 88.89799999999998 0
1260.0 186.467 18 1260.0 0.0 0 -48 59.47399999999999 40.21 0
2130.0 309.31999999999994 20 2130.0 0.0 0 -67 109.14699999999998 92.974 0
1110.0 223.385 21 1110.0 0.0 0 -61 70.46799999999999 40.714000000000006 0
1500.0 239.80700000000002 16 1500.0 0.0 0 -53 92.376 64.71099999999997 0
1710.0 279.342 18 1710.0 0.0 0 -60 104.19299999999996 71.34499999999996 0
2190.0 280.9050000000001 15 2190.0 0.0 0 -72 98.733 68.57600000000001 0
1800.0 296.20899999999995 17 1800.0 0.0 0 -61 117.36399999999999 78.47299999999998 0
2010.0 275.6669999999999 16 2010.0 0.0 0 -71 80.91999999999997 72.29799999999999 0
1590.0 271.81 19 1590.0 -10.0 0 -68 101.77799999999998 58.301999999999985 2
1170.0 178.05200000000002 17 1170.0 0.0 0 -50 51.204999999999984 25.547 0
2100.0 258.04499999999996 14 2100.0 -800.0 53 -68 80.88399999999999 65.46799999999999 160
1560.0 222.7079999999999 16 1560.0 0.0 0 -55 73.089 57.07 0
1920.0 265.0779999999999 18 1920.0 0.0 0 -57 108.352 84.75799999999997 0
1350.0 216.13799999999995 18 1350.0 0.0 0 -55 76.04499999999997 51.1 0
1710.0 230.14199999999997 20 1710.0 0.0 0 -59 65.03299999999999 60.31999999999999 0
2040.0 280.23 18 2040.0 -430.0 21 -70 84.85199999999996 81.817 86
1830.0 265.96900000000005 18 1830.0 -445.0 51 -69 95.653 48.76399999999998 89
1920.0 239.857 14 1920.0 0.0 0 -67 65.111 62.013000000000005 0
1260.0 199.05199999999996 16 1260.0 0.0 0 -54 69.404 42.29600000000001 0
1560.0 301.5409999999999 22 1560.0 0.0 0 -73 105.46399999999998 55.98799999999999 0
2280.0 323.10599999999994 22 2280.0 0.0 0 -68 128.32699999999997 94.72899999999996 0
2160.0 304.1089999999998 18 2160.0 -410.0 54 -71 98.09599999999998 88.40200000000003 82
1890.0 367.10999999999996 21 1890.0 -265.0 6 -80 158.29600000000002 64.30000000000001 53
1710.0 239.11299999999994 16 1710.0 -465.0 31 -67 61.17699999999999 62.586 93
2190.0 286.41299999999995 23 2190.0 0.0 0 -62 111.744 91.60699999999997 0
2040.0 279.436 17 2040.0 -595.0 14 -66 94.54400000000001 80.806 119
1650.0 221.568 17 1650.0 0.0 0 -58 57.96299999999998 51.290000000000006 0
2250.0 263.8749999999999 15 2250.0 0.0 0 -70 81.97 69.24799999999998 0
1920.0 321.7809999999999 21 1920.0 0.0 0 -73 112.24699999999999 70.288 0
1680.0 277.046 19 1680.0 0.0 0 -70 102.27299999999997 54.976 0
1770.0 271.9979999999999 19 1770.0 -350.0 23 -70 87.76199999999999 67.13699999999997 70
1230.0 208.83700000000002 16 1230.0 0.0 0 -51 72.952 48.23999999999998 0
1770.0 259.37299999999993 17 1770.0 -265.0 17 -65 84.69399999999999 67.451 53
2160.0 273.84499999999997 15 2160.0 0.0 0 -68 87.537 82.81199999999998 0
1890.0 266.324 17 1890.0 0.0 0 -65 87.41399999999999 84.41799999999998 0
2130.0 255.46599999999998 17 2130.0 0.0 0 -61 93.69099999999999 78.24000000000001 0
1860.0 237.72199999999995 17 1860.0 0.0 0 -62 74.746 63.02399999999999 0
1860.0 235.877 19 1860.0 0.0 0 -56 85.01299999999998 68.13499999999999 0
1620.0 268.622 18 1620.0 0.0 0 -67 90.669 65.47000000000001 0
1860.0 325.0579999999999 18 1860.0 0.0 0 -72 121.53699999999999 77.87299999999999 0
1500.0 285.51300000000003 18 1500.0 -305.0 25 -68 108.89299999999996 60.52600000000001 61
2280.0 322.18599999999975 20 2280.0 -525.0 70 -75 114.79899999999995 80.75399999999998 105
2220.0 223.304 15 2220.0 0.0 0 -63 62.01499999999999 50.66399999999999 0
1800.0 228.075 17 1800.0 0.0 0 -57 61.15199999999997 65.963 0
2190.0 304.64500000000004 16 2190.0 -310.0 41 -76 103.489 66.21999999999997 62
1950.0 241.91099999999994 15 1950.0 0.0 0 -63 66.30699999999999 76.287 0
2040.0 230.36 15 2040.0 -320.0 21 -65 62.157 71.26199999999999 64
1980.0 264.29300000000006 17 1980.0 -5.0 0 -67 88.85099999999997 73.73299999999999 1
1770.0 246.97600000000006 14 1770.0 0.0 0 -62 73.96599999999998 58.296000000000014 0
2100.0 325.477 21 2100.0 0.0 0 -82 100.74199999999999 81.55799999999996 0
1530.0 250.868 15 1530.0 -10.0 1 -58 86.118 52.838999999999984 2
1620.0 319.098 25 1620.0 0.0 0 -79 110.14199999999997 69.197 0
1650.0 254.10900000000004 17 1650.0 0.0 0 -58 84.083 67.91899999999998 0
2280.0 279.8240000000001 13 2280.0 -680.0 45 -70 71.99399999999997 92.59000000000005 136
2880.0 322.09999999999997 22 2880.0 0.0 0 -75 120.85000000000005 89.18899999999995 0
2310.0 261.35900000000004 14 2310.0 -580.0 14 -68 59.733999999999995 63.585 116
1530.0 290.6029999999999 18 1530.0 -140.0 9 -67 101.66600000000003 64.292 28
1500.0 216.02999999999997 18 1500.0 0.0 0 -54 84.86199999999997 58.527 0
2130.0 244.083 19 2130.0 0.0 0 -60 87.79600000000002 66.48499999999997 0
1080.0 240.22999999999993 17 1080.0 0.0 0 -58 91.30999999999997 44.376 0
1830.0 294.04799999999983 17 1830.0 0.0 0 -73 91.18199999999999 68.20299999999999 0
1200.0 181.46300000000005 15 1200.0 0.0 0 -48 59.20799999999999 45.67200000000001 0
1530.0 230.397 16 1530.0 0.0 0 -60 68.87199999999997 51.86299999999999 0
1380.0 203.08599999999996 14 1380.0 0.0 0 -49 67.22399999999998 55.41499999999999 0
2550.0 339.83399999999983 17 2550.0 -770.0 51 -77 116.57599999999998 98.77699999999999 154
2010.0 287.335 13 2010.0 0.0 0 -71 85.19200000000001 78.72000000000001 0
2040.0 298.73099999999977 19 2040.0 -675.0 45 -69 113.62599999999998 79.86699999999999 135
2010.0 235.72700000000003 18 2010.0 0.0 0 -60 71.58699999999999 70.57600000000001 0
1710.0 242.09699999999995 17 1710.0 0.0 0 -59 90.85499999999999 57.55599999999999 0
1890.0 270.032 19 1890.0 0.0 0 -65 88.987 67.53699999999998 0
1830.0 296.66999999999985 20 1830.0 -55.0 7 -74 97.60899999999995 68.40499999999999 11
1950.0 299.1739999999999 19 1950.0 -225.0 15 -71 98.916 77.09499999999996 45
1830.0 252.89299999999994 17 1830.0 0.0 0 -62 78.83099999999996 41.955 0
2070.0 278.34499999999986 15 2070.0 0.0 0 -68 88.90799999999999 76.14799999999998 0
2070.0 271.332 16 2070.0 -395.0 32 -68 80.30199999999996 78.459 79
1380.0 239.3169999999999 22 1380.0 0.0 0 -60 79.86899999999999 56.86599999999999 0
1740.0 265.5999999999999 23 1740.0 0.0 0 -61 93.505 71.21099999999998 0
1980.0 295.634 19 1980.0 -10.0 0 -72 95.25099999999999 85.99499999999999 2
1620.0 263.383 18 1620.0 0.0 0 -66 89.13100000000001 60.33799999999999 0
2040.0 278.8279999999999 15 2040.0 0.0 0 -67 88.73700000000002 73.98599999999999 0
1860.0 256.939 19 1860.0 0.0 0 -60 81.42099999999998 78.236 0
2190.0 316.7949999999999 17 2190.0 0.0 0 -74 105.44 82.68799999999996 0
1350.0 243.82999999999987 18 1350.0 0.0 0 -64 80.80599999999995 46.331 0
1560.0 253.11399999999998 20 1560.0 0.0 0 -64 88.18899999999998 57.57999999999999 0
1200.0 183.76699999999994 15 1200.0 0.0 0 -50 50.285999999999994 44.98899999999998 0
2160.0 287.997 18 2160.0 -310.0 15 -74 71.43799999999997 85.34200000000003 62
1890.0 254.43499999999995 20 1890.0 0.0 0 -67 82.13099999999999 69.69599999999997 0
1740.0 250.96399999999994 17 1740.0 0.0 0 -63 82.778 65.65300000000002 0
2130.0 307.07299999999987 18 2130.0 -370.0 30 -73 108.64099999999999 76.596 74
1770.0 348.3659999999999 20 1770.0 0.0 0 -71 145.81300000000002 80.04499999999999 0
2190.0 302.7129999999999 18 2190.0 0.0 0 -72 100.20100000000001 77.898 0
2100.0 309.868 20 2100.0 0.0 0 -69 110.26899999999995 75.253 0
2070.0 249.842 15 2070.0 -5.0 0 -63 81.227 69.26 1
1980.0 311.30500000000006 20 1980.0 0.0 0 -74 114.07499999999999 69.48899999999998 0
2160.0 273.69999999999993 16 2160.0 -175.0 11 -70 90.90900000000002 74.47399999999996 35
1500.0 217.7409999999999 17 1500.0 0.0 0 -54 70.96699999999998 53.186000000000014 0
1710.0 226.34299999999996 19 1710.0 0.0 0 -58 72.73699999999998 72.73499999999997 0
2160.0 304.286 23 2160.0 -180.0 12 -73 106.25099999999998 78.41199999999999 36
1740.0 208.53099999999995 14 1740.0 0.0 0 -51 78.703 60.531000000000006 0
1350.0 220.07099999999997 21 1350.0 0.0 0 -59 69.08099999999999 36.62700000000001 0
2070.0 278.4170000000001 16 2070.0 0.0 0 -61 96.773 85.79899999999999 0
2580.0 358.5800000000002 19 2580.0 0.0 0 -77 143.808 99.76899999999998 0
1650.0 236.16599999999994 21 1650.0 0.0 0 -57 79.66299999999998 67.99899999999997 0
2700.0 314.1120000000001 20 2700.0 0.0 0 -66 125.41400000000003 102.18 0
2040.0 288.28699999999986 17 2040.0 0.0 0 -76 75.64899999999997 69.48099999999998 0
1710.0 232.41599999999994 14 1710.0 0.0 0 -57 65.41500000000002 42.88399999999998 0
1140.0 204.666 18 1140.0 0.0 0 -55 66.38799999999998 42.40899999999999 0
2130.0 267.72199999999987 18 2130.0 -200.0 26 -69 74.13099999999999 71.354 40
1860.0 233.44400000000002 16 1860.0 0.0 0 -56 72.72899999999998 72.31099999999999 0
2160.0 293.45599999999996 19 2160.0 0.0 0 -69 104.25999999999999 88.73199999999997 0
2340.0 297.55699999999996 17 2340.0 -480.0 64 -65 113.271 90.33399999999995 96
1770.0 241.53499999999994 17 1770.0 0.0 0 -56 82.35699999999997 61.01399999999999 0
1620.0 219.56099999999986 17 1620.0 0.0 0 -61 70.30099999999997 43.61299999999999 0
1830.0 248.555 20 1830.0 -255.0 17 -65 74.934 64.33200000000002 51
1890.0 287.015 19 1890.0 -155.0 20 -69 90.20699999999997 73.533 31
1920.0 270.3599999999999 23 1920.0 0.0 0 -63 108.26099999999998 61.387 0
2370.0 367.6449999999998 19 2610.0 -240.0 80 -92 107.63799999999998 91.965 16
1590.0 303.4939999999999 19 1590.0 -530.0 35 -70 102.64899999999997 68.07900000000001 106
2340.0 266.45799999999997 20 2340.0 0.0 0 -62 104.54499999999997 84.484 0
1470.0 215.56599999999995 19 1470.0 0.0 0 -59 81.24699999999996 39.51 0
2430.0 283.71299999999997 19 2430.0 -180.0 12 -69 112.36199999999998 86.96399999999997 36
1950.0 226.29399999999995 19 1950.0 0.0 0 -61 70.14999999999999 63.37599999999999 0
1890.0 229.92499999999998 19 1890.0 0.0 0 -57 76.41599999999998 73.00699999999998 0
1530.0 249.59700000000004 18 1530.0 0.0 0 -58 96.80200000000002 62.13199999999999 0
2160.0 239.76599999999993 14 2160.0 -60.0 3 -66 69.317 68.89599999999999 12
1860.0 225.959 18 1860.0 0.0 0 -62 71.53799999999998 53.374 0
2220.0 342.2359999999998 19 2220.0 0.0 0 -73 128.88099999999994 90.70200000000001 0
1740.0 282.07699999999994 19 1740.0 0.0 0 -63 100.44099999999997 69.87199999999999 0
1950.0 275.39699999999993 21 1950.0 -450.0 60 -70 93.99099999999997 72.704 90
1350.0 237.85299999999992 17 1350.0 0.0 0 -52 80.88699999999999 63.431 0
2100.0 280.149 20 2100.0 -280.0 18 -68 72.99699999999997 72.53599999999997 56
1830.0 245.23199999999986 19 1830.0 0.0 0 -58 90.77399999999997 66.53599999999997 0
2370.0 285.28999999999996 16 2370.0 0.0 0 -66 100.76600000000002 89.463 0
1140.0 204.97399999999996 18 1140.0 0.0 0 -52 65.01899999999999 48.19700000000001 0
1680.0 249.77800000000005 20 1710.0 0.0 0 -64 90.45099999999996 50.132000000000005 0
2280.0 274.585 20 2280.0 0.0 0 -70 93.17399999999999 80.92099999999998 0
1710.0 255.37199999999999 22 1710.0 -110.0 7 -69 87.07199999999999 54.353 22
1680.0 190.37099999999992 12 1680.0 0.0 0 -57 35.75399999999999 47.562 0
1650.0 279.77599999999995 17 1650.0 -355.0 8 -70 98.811 51.786 71
1410.0 248.44899999999993 17 1410.0 0.0 0 -61 76.448 58.97399999999998 0
1770.0 241.953 18 1770.0 -280.0 37 -64 80.21900000000002 39.93299999999999 56
2610.0 294.223 21 2610.0 -285.0 23 -73 102.81400000000002 88.62599999999999 57
1410.0 182.84899999999993 16 1410.0 0.0 0 -50 58.16599999999999 38.328 0
1590.0 281.456 21 1590.0 0.0 0 -69 108.61699999999995 52.375 0
2220.0 225.33300000000003 16 2220.0 0.0 0 -60 64.395 68.176 0
2040.0 269.314 17 2040.0 0.0 0 -67 85.159 75.631 0
1740.0 223.847 21 1740.0 0.0 0 -60 70.22799999999997 55.400000000000006 0
1260.0 202.2659999999999 17 1260.0 0.0 0 -55 63.55399999999998 29.737999999999996 0
1650.0 256.31299999999993 16 1650.0 0.0 0 -65 90.55599999999998 59.274 0
2370.0 351.758 16 2370.0 -325.0 27 -69 133.318 116.33799999999997 65
1860.0 292.37899999999996 18 1860.0 -30.0 2 -72 96.67299999999997 71.43899999999996 6
2550.0 323.39299999999986 12 2550.0 -400.0 10 -70 127.94200000000001 94.71300000000001 80
1860.0 236.89499999999992 16 1860.0 0.0 0 -65 69.951 61.42699999999998 0
2010.0 220.31499999999997 14 2010.0 0.0 0 -57 77.07399999999998 59.751 0
1950.0 292.5519999999999 20 1950.0 0.0 0 -68 107.71199999999999 79.65499999999999 0
1710.0 272.28000000000003 18 1710.0 0.0 0 -64 81.00599999999997 83.09400000000004 0
1770.0 268.35699999999997 17 1770.0 -20.0 0 -65 91.20499999999996 70.91999999999999 4
1140.0 222.1829999999999 18 1140.0 0.0 0 -54 83.02699999999997 37.71399999999999 0
1440.0 225.78599999999997 19 1440.0 0.0 0 -61 64.47999999999999 49.60400000000001 0
1800.0 264.6699999999999 15 1800.0 -310.0 33 -65 81.65199999999999 74.289 62
1320.0 257.0719999999999 15 1320.0 0.0 0 -60 91.48599999999999 51.703 0
1740.0 232.19899999999998 17 1740.0 0.0 0 -53 88.01600000000002 67.327 0
1260.0 255.90599999999992 18 1260.0 0.0 0 -68 88.271 42.214000000000006 0
1530.0 209.05199999999996 16 1530.0 0.0 0 -56 62.657999999999994 52.262999999999984 0
1110.0 250.75399999999996 15 1110.0 0.0 0 -61 88.55399999999996 36.953 0
2100.0 269.77099999999996 20 2100.0 0.0 0 -69 65.40599999999998 73.738 0
1650.0 250.51500000000001 14 1650.0 0.0 0 -63 86.82600000000001 53.39199999999999 0
1500.0 257.099 18 1500.0 0.0 0 -63 83.51399999999998 55.698999999999984 0
2400.0 299.35200000000003 16 2400.0 -970.0 80 -73 92.39799999999997 87.659 194
1860.0 215.473 13 1860.0 0.0 0 -57 50.14499999999999 67.603 0
2340.0 281.561 18 2340.0 0.0 0 -73 89.71500000000003 77.15599999999996 0
1620.0 288.2239999999999 20 1620.0 0.0 0 -65 104.30899999999997 63.853 0
1590.0 291.47699999999986 23 1590.0 -40.0 2 -74 94.35499999999996 61.982 8
2430.0 330.036 19 2430.0 -130.0 8 -72 124.16 97.633 26
2460.0 277.2469999999999 17 2460.0 0.0 0 -72 80.57999999999998 74.29200000000003 0
2010.0 278.2830000000001 19 2010.0 -20.0 1 -72 94.239 73.77899999999998 4
2070.0 331.77399999999994 18 2070.0 0.0 0 -71 130.971 66.15599999999999 0
2070.0 266.68199999999996 21 2070.0 -195.0 21 -68 89.55000000000003 47.275 39
1200.0 273.83099999999996 20 1200.0 0.0 0 -65 94.44799999999996 55.320999999999984 0
2070.0 299.433 17 2070.0 -85.0 2 -79 82.81599999999997 50.78200000000001 17
1290.0 260.65199999999993 19 1290.0 0.0 0 -63 99.06099999999999 45.90700000000001 0
1890.0 255.45099999999994 18 1890.0 0.0 0 -63 83.06799999999998 78.618 0
2220.0 291.07599999999996 14 2220.0 0.0 0 -61 114.68800000000003 93.63199999999996 0
1920.0 283.7209999999999 18 1920.0 0.0 0 -63 102.929 78.13399999999999 0
1800.0 259.823 19 1800.0 0.0 0 -67 86.50399999999998 47.778999999999996 0
2190.0 295.9179999999999 17 2190.0 0.0 0 -65 111.01699999999994 85.53699999999998 0
1770.0 249.28099999999995 19 1770.0 0.0 0 -65 73.166 61.58099999999999 0
2040.0 243.42499999999998 19 2040.0 0.0 0 -55 92.64900000000002 77.97899999999998 0
1980.0 250.91799999999995 19 1980.0 0.0 0 -62 87.41900000000001 69.38799999999999 0
2160.0 294.26199999999994 17 2160.0 -165.0 4 -63 106.88400000000001 86.11599999999999 33
1680.0 203.787 10 1680.0 0.0 0 -47 75.50200000000002 60.71899999999997 0
1950.0 232.51600000000002 14 1950.0 -555.0 13 -64 75.22200000000001 62.96999999999999 111
960.0 213.80999999999995 14 960.0 0.0 0 -47 69.43499999999996 39.599999999999994 0
2010.0 249.17599999999996 18 2010.0 -75.0 5 -67 87.84700000000001 60.81800000000001 15
1050.0 207.81900000000002 17 1050.0 -5.0 0 -55 72.39199999999998 36.95700000000001 1
1620.0 230.9059999999999 19 1620.0 0.0 0 -58 75.30099999999997 55.135999999999996 0
1770.0 217.02099999999996 15 1770.0 0.0 0 -58 58.39299999999998 61.820000000000014 0
2310.0 275.3089999999999 19 2310.0 0.0 0 -67 97.11799999999997 82.61999999999999 0
1470.0 208.96799999999993 18 1470.0 0.0 0 -50 74.73599999999999 59.198 0
2310.0 323.073 21 2310.0 -165.0 13 -70 118.29400000000003 103.50899999999999 33
2010.0 243.11499999999995 16 2010.0 -570.0 38 -64 82.026 62.777999999999984 114
1530.0 215.49799999999996 14 1530.0 0.0 0 -55 61.77999999999999 53.157999999999994 0
1260.0 144.922 15 1260.0 0.0 0 -40 41.78399999999998 38.993 0
1680.0 308.188 18 1680.0 -920.0 76 -72 111.30799999999998 61.37 184
1470.0 207.36899999999994 19 1470.0 0.0 0 -61 57.93499999999999 45.377 0
1170.0 231.63399999999993 16 1170.0 0.0 0 -54 86.09500000000001 39.688 0
2340.0 292.33899999999994 22 2340.0 -150.0 20 -69 111.11299999999999 86.136 30
1350.0 265.71899999999994 18 1350.0 0.0 0 -65 91.18799999999996 52.09399999999999 0
2160.0 293.75600000000003 18 2160.0 0.0 0 -75 89.13 80.489 0
1950.0 313.82599999999985 19 1950.0 -80.0 5 -77 106.56699999999998 63.19499999999998 16
1260.0 268.7869999999999 17 1290.0 0.0 0 -59 104.01399999999998 57.721999999999994 0
1740.0 239.32499999999996 21 1740.0 -185.0 12 -69 69.29899999999999 65.59599999999999 37
735.0 281.21399999999994 17 1740.0 -1005.0 83 -72 70.79599999999999 65.345 201
1290.0 277.24499999999995 20 1290.0 0.0 0 -71 96.23499999999999 38.0 0
1470.0 248.73299999999995 21 1470.0 -80.0 4 -66 77.50299999999999 51.05799999999999 16
2070.0 271.7099999999999 15 2070.0 -70.0 4 -67 92.71599999999998 76.13699999999996 14
1560.0 265.0879999999999 18 1560.0 0.0 0 -63 88.52 64.463 0
1740.0 365.98099999999994 18 2370.0 -640.0 84 -86 126.76599999999993 92.01 128
1500.0 242.30299999999997 17 1650.0 0.0 0 -51 98.541 71.76899999999999 0
1740.0 224.78099999999998 23 1740.0 0.0 0 -60 67.70899999999997 49.894999999999996 0
1860.0 294.38199999999983 18 1860.0 0.0 0 -68 108.07099999999997 77.493 0
1650.0 303.39399999999983 18 1650.0 -405.0 27 -77 108.05199999999996 55.117000000000004 81
2550.0 309.06700000000006 23 2550.0 -210.0 17 -72 116.07900000000002 81.59699999999997 42
870.0 182.9049999999999 16 870.0 0.0 0 -49 69.67799999999998 28.235000000000003 0
1500.0 214.92999999999998 17 1500.0 0.0 0 -51 73.47200000000002 56.94499999999997 0
1290.0 229.11199999999997 19 1290.0 0.0 0 -58 76.954 50.19200000000001 0
2760.0 339.45599999999985 18 2760.0 0.0 0 -82 120.87999999999997 92.74300000000001 0
2070.0 311.19199999999995 21 2070.0 0.0 0 -70 114.59299999999998 86.21499999999996 0
1950.0 292.8029999999999 15 1950.0 -20.0 0 -63 101.26100000000002 80.28600000000002 4
1830.0 250.123 20 1830.0 -190.0 20 -68 82.95799999999996 67.144 38
1770.0 238.8419999999999 19 1770.0 0.0 0 -58 88.57799999999997 68.575 0
1890.0 240.557 18 1890.0 0.0 0 -67 70.832 60.35699999999999 0
1500.0 291.109 19 1500.0 -15.0 0 -70 116.573 47.894999999999996 3
1740.0 212.548 19 1740.0 0.0 0 -46 76.42000000000002 66.80700000000002 0
1620.0 256.5319999999999 19 1620.0 0.0 0 -67 80.30499999999999 56.30899999999998 0
1920.0 260.01 19 1920.0 0.0 0 -62 99.445 75.48799999999997 0
1680.0 286.53099999999995 17 1680.0 0.0 0 -70 95.61099999999998 57.83200000000001 0
3060.0 331.01000000000005 22 3060.0 0.0 0 -86 100.911 104.33899999999994 0
1170.0 218.27499999999992 16 1170.0 -20.0 1 -54 74.40899999999996 44.94999999999999 4
1920.0 262.65799999999996 18 1920.0 -235.0 5 -70 81.41899999999997 59.981999999999985 47
1740.0 237.3719999999999 21 1740.0 0.0 0 -60 75.21199999999997 53.507999999999996 0
1680.0 243.07600000000008 17 1680.0 0.0 0 -64 87.68499999999999 52.590999999999994 0
2010.0 304.1459999999999 18 2010.0 -175.0 4 -69 118.40200000000002 69.56999999999998 35
2190.0 256.27699999999993 16 2190.0 0.0 0 -60 78.01599999999998 91.95099999999996 0
1770.0 254.40299999999996 20 1770.0 0.0 0 -60 100.141 59.75199999999995 0
1470.0 227.19 15 1470.0 0.0 0 -56 77.97500000000002 56.92799999999998 0
2280.0 311.419 17 2280.0 0.0 0 -67 128.40600000000003 82.667 0
1440.0 262.338 21 1440.0 0.0 0 -66 97.19999999999995 48.318999999999996 0
1890.0 255.81799999999998 16 1890.0 0.0 0 -63 74.34799999999996 68.979 0
1410.0 235.47899999999998 19 1410.0 0.0 0 -56 82.59899999999998 54.86099999999999 0
2670.0 331.5819999999999 20 2670.0 -130.0 8 -80 112.32899999999995 97.90799999999999 26
1260.0 210.94400000000002 15 1260.0 0.0 0 -43 63.120999999999995 66.443 0
2010.0 296.12899999999996 18 2010.0 0.0 0 -70 100.80599999999998 66.27799999999998 0
850.0 254.18300000000002 16 1470.0 -620.0 82 -67 81.434 50.677 124
960.0 153.482 16 960.0 -10.0 0 -44 41.216 32.004999999999995 2
1650.0 289.7319999999999 16 1650.0 0.0 0 -69 95.833 45.792999999999985 0
2100.0 278.34000000000003 24 2100.0 0.0 0 -72 81.62699999999998 69.79700000000001 0
1560.0 217.43099999999995 15 1560.0 0.0 0 -48 81.74699999999999 61.11999999999999 0
1500.0 238.58899999999988 17 1560.0 0.0 0 -61 80.78799999999998 55.850999999999985 0
1380.0 219.41600000000005 19 1380.0 0.0 0 -61 57.55299999999998 40.869 0
1710.0 269.464 18 1710.0 0.0 0 -65 77.19799999999998 69.71399999999998 0
2130.0 243.49799999999996 17 2130.0 0.0 0 -63 67.56799999999998 79.05799999999996 0
2160.0 246.3479999999999 16 2160.0 -135.0 45 -59 67.52499999999999 82.12199999999999 9
1110.0 282.4839999999999 15 1740.0 -630.0 84 -72 88.67099999999996 47.037000000000006 126
2070.0 281.2289999999999 19 2070.0 -10.0 1 -70 99.60199999999998 65.49599999999998 2
1680.0 242.43999999999997 17 1680.0 0.0 0 -53 97.861 65.36299999999999 0
1560.0 260.52299999999997 17 1560.0 0.0 0 -57 76.19299999999998 75.242 0
1920.0 303.1839999999999 21 1920.0 -10.0 0 -68 110.16499999999995 71.78500000000001 2
1410.0 289.49899999999997 22 1410.0 0.0 0 -72 98.38 41.898 0
1440.0 251.88099999999991 22 1440.0 0.0 0 -60 99.27499999999998 55.905999999999985 0
1710.0 233.899 16 1710.0 0.0 0 -63 68.68799999999999 55.32699999999999 0
2460.0 299.3090000000001 20 2460.0 0.0 0 -72 97.40100000000001 86.02299999999998 0
2040.0 280.5729999999999 19 2040.0 0.0 0 -67 85.88199999999998 84.76799999999997 0
785.0 232.15600000000003 13 1560.0 -775.0 83 -67 46.51099999999999 42.03700000000001 155
1620.0 247.06999999999996 16 1620.0 0.0 0 -61 85.35599999999997 51.403999999999996 0
1290.0 251.00499999999997 20 1290.0 0.0 0 -63 85.67699999999999 48.87399999999999 0
1920.0 258.752 12 1920.0 0.0 0 -66 56.10700000000002 77.47699999999996 0
1740.0 269.96399999999994 23 1740.0 0.0 0 -66 88.24999999999997 74.652 0
1830.0 295.71200000000005 17 1830.0 0.0 0 -69 115.57199999999995 62.708999999999975 0
1710.0 218.27399999999994 19 1740.0 0.0 0 -53 75.904 60.29199999999999 0
1860.0 256.275 20 1860.0 0.0 0 -65 78.63099999999997 63.41599999999998 0
1650.0 225.88099999999991 17 1650.0 0.0 0 -58 63.30499999999998 64.67899999999999 0
1410.0 226.03499999999997 18 1410.0 0.0 0 -59 59.85999999999998 50.577000000000005 0
2010.0 230.66799999999995 18 2010.0 0.0 0 -61 74.446 62.98299999999998 0
1590.0 242.7409999999999 22 1590.0 0.0 0 -60 84.578 67.66099999999999 0
1800.0 256.44399999999996 23 1800.0 -260.0 21 -67 77.79099999999997 52.519999999999996 52
1440.0 233.06799999999998 17 1440.0 0.0 0 -53 82.94899999999998 64.564 0
2010.0 224.06999999999994 17 2010.0 0.0 0 -61 53.95099999999999 64.984 0
1560.0 231.47699999999998 18 1560.0 0.0 0 -61 67.36499999999998 54.629999999999995 0
1650.0 255.66800000000003 19 1650.0 0.0 0 -62 83.52499999999998 72.08399999999999 0
1860.0 256.552 23 1860.0 0.0 0 -65 93.38399999999999 62.855000000000004 0
3390.0 330.09999999999997 14 3390.0 0.0 0 -73 112.99400000000006 128.499 0
1590.0 274.32599999999996 15 1590.0 -900.0 60 -64 90.91300000000001 77.92899999999997 180
2400.0 292.5549999999999 15 2400.0 -815.0 67 -72 91.18399999999997 96.496 163
1410.0 274.85 21 1410.0 0.0 0 -68 93.34299999999996 59.026 0
2010.0 243.55600000000007 15 2010.0 0.0 0 -53 89.508 84.98299999999998 0
1860.0 323.705 23 1860.0 0.0 0 -69 124.91300000000003 89.97599999999998 0
1680.0 325.24 21 1680.0 0.0 0 -75 130.37199999999999 68.308 0
2310.0 344.22299999999996 23 2310.0 0.0 0 -78 113.36199999999994 93.291 0
1860.0 277.8889999999999 17 1860.0 0.0 0 -63 95.04899999999998 69.86999999999999 0
1620.0 251.21499999999995 15 2250.0 -630.0 84 -68 80.067 75.57999999999997 126
2040.0 266.2189999999999 17 2040.0 0.0 0 -66 85.00399999999998 77.22899999999998 0
1440.0 278.83099999999996 20 1440.0 0.0 0 -69 84.45899999999999 56.11799999999999 0
1980.0 240.874 17 1980.0 0.0 0 -58 70.95299999999997 73.04899999999998 0
2010.0 310.52099999999996 22 2010.0 0.0 0 -72 120.02099999999997 70.12599999999999 0
1140.0 170.46299999999994 15 1140.0 0.0 0 -48 48.307 33.747 0
1290.0 205.73000000000002 18 1290.0 0.0 0 -52 74.583 49.19999999999999 0
1620.0 234.96099999999998 20 1620.0 0.0 0 -60 75.11699999999996 65.14299999999999 0
1770.0 288.8020000000001 17 1770.0 -335.0 16 -65 101.55900000000001 68.228 67
1770.0 254.3879999999999 18 1770.0 -460.0 30 -68 93.225 50.349000000000004 92
2370.0 345.9980000000001 16 2370.0 0.0 0 -71 132.20500000000004 92.49099999999999 0
1710.0 238.03999999999996 16 1710.0 -30.0 2 -58 74.60899999999997 66.88099999999999 6
1170.0 251.25399999999993 16 1170.0 0.0 0 -54 104.16399999999996 47.23400000000001 0
1860.0 287.672 22 1860.0 0.0 0 -65 100.96499999999996 85.733 0
1860.0 273.19399999999996 18 1860.0 0.0 0 -66 104.746 59.01099999999998 0
1920.0 240.22899999999993 18 1920.0 0.0 0 -63 83.862 64.66499999999999 0
2040.0 236.99399999999994 16 2040.0 0.0 0 -62 67.61 62.45299999999998 0
1770.0 212.56499999999994 16 1770.0 0.0 0 -60 60.57599999999998 60.717 0
1710.0 261.532 19 1710.0 0.0 0 -64 86.94099999999996 66.711 0
1560.0 226.03799999999993 17 1560.0 0.0 0 -53 78.48100000000002 58.94699999999997 0
1650.0 215.66699999999994 18 1650.0 0.0 0 -57 55.412 54.805 0
1740.0 252.51700000000002 24 1740.0 0.0 0 -70 80.67799999999998 56.938 0
2040.0 257.61800000000005 17 2040.0 -50.0 1 -65 73.899 67.48699999999998 10
1350.0 204.92199999999994 21 1350.0 0.0 0 -66 55.48699999999999 33.052 0
1380.0 195.58899999999994 16 1380.0 0.0 0 -51 57.55899999999998 41.41 0
990.0 282.21200000000005 13 2250.0 -1260.0 84 -76 60.757 84.31300000000002 252
1830.0 211.048 16 1830.0 -5.0 0 -51 81.66300000000001 62.200999999999965 1
1830.0 272.6749999999998 18 1830.0 0.0 0 -65 104.16999999999993 67.54300000000002 0
2730.0 319.138 19 2730.0 0.0 0 -71 127.60999999999997 97.47499999999998 0
1950.0 287.2389999999998 19 1950.0 -415.0 34 -67 106.923 72.411 83
1530.0 275.53599999999994 17 1530.0 0.0 0 -67 107.40799999999996 52.358999999999995 0
1980.0 288.42 17 1980.0 0.0 0 -60 116.44200000000004 76.82100000000001 0
1740.0 308.74699999999996 23 1740.0 0.0 0 -77 119.954 56.962999999999994 0
1950.0 285.8349999999999 18 1950.0 0.0 0 -65 104.104 68.74999999999999 0
1350.0 230.72500000000002 17 1350.0 0.0 0 -58 87.83999999999997 43.82799999999999 0
1650.0 309.2469999999998 20 1650.0 0.0 0 -65 113.08799999999992 55.37 0
1050.0 186.59099999999998 12 1050.0 0.0 0 -48 57.89599999999999 33.84299999999999 0
1590.0 252.86099999999996 22 1590.0 0.0 0 -61 89.22199999999998 65.887 0
2040.0 290.16200000000003 21 2040.0 -330.0 44 -71 107.83199999999997 77.75399999999999 66
1860.0 225.99 20 1860.0 0.0 0 -65 66.03599999999999 50.30900000000001 0
1440.0 273.692 23 1440.0 -275.0 18 -69 94.77999999999997 54.53399999999999 55
1620.0 222.28799999999993 16 1620.0 0.0 0 -60 70.68699999999998 44.840999999999994 0
1800.0 274.67500000000007 22 1800.0 -875.0 43 -71 82.95299999999999 69.24000000000001 175
1770.0 247.4369999999999 20 1770.0 0.0 0 -65 85.34999999999998 62.42499999999999 0
2160.0 264.39299999999986 18 2160.0 -165.0 13 -67 80.37799999999996 70.78099999999999 33
1410.0 244.21499999999997 20 1410.0 0.0 0 -63 72.858 59.510999999999996 0
1560.0 269.9069999999999 17 1560.0 -15.0 1 -64 97.11700000000003 50.88999999999999 3
2130.0 242.20599999999988 16 2130.0 0.0 0 -68 61.97299999999999 59.08799999999999 0
1650.0 305.0829999999998 21 1650.0 0.0 0 -77 99.19799999999995 52.10899999999999 0
1770.0 273.73099999999994 15 1770.0 -820.0 68 -67 96.32699999999997 64.52699999999999 164
1800.0 278.57000000000005 17 1800.0 0.0 0 -67 93.25799999999997 76.02099999999999 0
1950.0 221.02100000000002 14 1950.0 0.0 0 -52 69.13900000000002 75.18299999999996 0
1620.0 299.42999999999995 20 1620.0 0.0 0 -68 105.43299999999996 60.51500000000001 0
2160.0 292.846 16 2160.0 0.0 0 -71 92.934 82.54099999999998 0
1755.0 315.8269999999999 20 2010.0 -260.0 85 -79 86.23299999999999 58.207999999999984 18
1950.0 283.97200000000004 19 1950.0 0.0 0 -70 93.12899999999993 75.162 0
2370.0 324.00199999999984 17 2370.0 0.0 0 -74 107.02999999999996 96.05199999999998 0
2220.0 249.73400000000007 17 2220.0 -360.0 9 -65 91.71699999999998 62.535 72
2220.0 246.36099999999993 19 2220.0 -15.0 2 -63 72.22599999999998 48.18899999999999 3
2130.0 281.419 17 2130.0 -460.0 38 -68 89.982 78.25600000000001 92
1710.0 242.02100000000002 18 1710.0 0.0 0 -63 75.88199999999998 61.506 0
2190.0 363.3969999999999 22 2190.0 0.0 0 -81 149.41400000000002 80.76999999999997 0
1770.0 200.97299999999996 15 1770.0 -15.0 1 -53 59.356 38.603 3
1800.0 258.01599999999996 15 1800.0 0.0 0 -59 89.03200000000001 63.93599999999999 0
1470.0 265.251 24 1530.0 0.0 0 -67 90.47799999999998 52.16199999999999 0
990.0 194.44499999999994 15 990.0 0.0 0 -52 63.41299999999998 42.338 0
1920.0 240.164 18 1920.0 0.0 0 -68 76.09999999999998 51.07599999999998 0
1650.0 264.8629999999999 19 1650.0 0.0 0 -62 86.334 72.12299999999999 0
2040.0 372.0109999999999 20 2040.0 -990.0 65 -81 144.39599999999993 79.49300000000001 198
2940.0 291.77199999999993 16 2940.0 0.0 0 -71 94.274 99.40599999999999 0
2280.0 272.842 18 2280.0 0.0 0 -65 91.04500000000003 91.318 0
1830.0 276.28499999999997 24 1830.0 0.0 0 -74 93.67 62.19 0
1830.0 270.28599999999994 21 1830.0 -230.0 15 -71 86.23999999999997 62.59599999999999 46
2460.0 285.454 17 2460.0 0.0 0 -70 90.98299999999998 94.66099999999999 0
2340.0 325.274 20 2340.0 0.0 0 -65 127.235 102.45799999999998 0
1650.0 240.55699999999993 16 1740.0 0.0 0 -62 66.56199999999997 65.798 0
1500.0 248.95599999999996 14 1500.0 0.0 0 -54 90.84199999999997 64.51199999999999 0
1350.0 194.503 15 1350.0 0.0 0 -55 52.029999999999994 39.18599999999999 0
2280.0 310.8130000000001 17 2280.0 -285.0 19 -76 99.56500000000001 79.512 57
1590.0 314.53400000000005 26 1590.0 0.0 0 -72 121.39099999999996 70.29999999999998 0
1860.0 279.0249999999999 19 1860.0 -75.0 5 -76 84.93299999999998 69.289 15
1590.0 222.90599999999998 20 1590.0 0.0 0 -65 74.41399999999999 45.468 0
1830.0 219.21399999999997 14 1830.0 0.0 0 -50 82.767 67.75399999999998 0
2460.0 309.846 17 2460.0 0.0 0 -74 97.40400000000001 88.84 0
1920.0 266.6479999999999 21 1920.0 0.0 0 -65 74.55599999999998 74.16999999999999 0
2100.0 295.93499999999995 21 2100.0 -375.0 9 -68 106.89799999999997 81.87599999999996 75
1770.0 227.99799999999996 16 1770.0 0.0 0 -60 85.15999999999997 56.00099999999997 0
1860.0 286.346 19 1860.0 -485.0 64 -67 96.31199999999998 73.87800000000001 97
2070.0 255.63 14 2310.0 -240.0 80 -66 66.00899999999999 74.64100000000002 16
1710.0 265.7849999999999 20 1710.0 -50.0 3 -66 89.54999999999998 70.55799999999999 10
1860.0 299.934 20 1860.0 -65.0 4 -64 111.57399999999998 83.96899999999998 13
1770.0 297.13499999999993 19 1770.0 0.0 0 -69 106.278 73.07399999999997 0
1650.0 251.37999999999994 17 1650.0 -925.0 61 -68 74.36999999999998 34.349 185
1800.0 280.8779999999999 21 1800.0 0.0 0 -71 100.81000000000002 63.88799999999998 0
2310.0 277.881 16 2310.0 0.0 0 -72 76.958 69.593 0
1980.0 289.3690000000001 18 1980.0 0.0 0 -72 95.05800000000002 72.59799999999998 0
1470.0 212.34399999999994 17 1530.0 0.0 0 -55 69.871 56.832999999999984 0
2400.0 268.397 14 2400.0 0.0 0 -60 86.73200000000003 93.52699999999996 0
1860.0 272.46299999999997 18 1860.0 0.0 0 -61 96.79399999999998 72.37599999999999 0
1860.0 294.7229999999999 19 1860.0 0.0 0 -70 94.93999999999997 77.70999999999998 0
1680.0 282.4119999999999 17 1680.0 0.0 0 -70 80.023 61.174999999999976 0
1680.0 243.78400000000002 16 1680.0 0.0 0 -58 82.94 67.49499999999999 0
2700.0 285.272 15 2700.0 -345.0 23 -70 101.67100000000003 85.57699999999997 69
1950.0 289.36599999999993 14 1950.0 -45.0 15 -70 78.94999999999996 69.046 3
1920.0 291.82699999999994 18 2160.0 -240.0 80 -77 75.68099999999997 55.70199999999999 16
2520.0 323.4769999999999 19 2520.0 0.0 0 -67 122.209 108.093 0
1920.0 291.93299999999994 21 1920.0 0.0 0 -67 100.45699999999995 75.28699999999996 0
1380.0 254.43999999999988 19 1380.0 0.0 0 -62 79.12299999999998 52.028000000000006 0
2040.0 319.2819999999999 22 2280.0 -240.0 80 -81 68.05 81.953 16
1860.0 257.41099999999994 20 1860.0 0.0 0 -66 69.76299999999998 68.66599999999998 0
2010.0 298.8069999999999 23 2010.0 0.0 0 -73 115.19899999999996 68.30600000000001 0
1650.0 249.55999999999995 19 1650.0 0.0 0 -56 75.42199999999998 70.37899999999998 0
2130.0 297.441 19 2130.0 0.0 0 -68 105.99499999999998 84.195 0
2070.0 261.3829999999999 19 2070.0 0.0 0 -60 95.80799999999999 80.61999999999998 0
2250.0 238.33199999999997 15 2250.0 -750.0 18 -64 63.73200000000001 72.928 150
1980.0 281.0449999999999 22 1980.0 -50.0 4 -67 85.96899999999998 68.71799999999998 10
1410.0 242.05400000000003 19 1410.0 0.0 0 -65 65.14699999999998 50.11899999999999 0
1740.0 228.315 20 1740.0 0.0 0 -60 74.647 48.821 0
1800.0 258.0419999999999 19 1800.0 0.0 0 -65 75.55599999999998 69.931 0
1020.0 167.12900000000002 16 1020.0 0.0 0 -47 53.482 34.327 0
2280.0 326.42199999999985 20 2280.0 -690.0 17 -69 102.91699999999996 90.58999999999999 138
1800.0 281.15599999999995 18 1800.0 0.0 0 -71 88.70100000000001 63.712999999999994 0
2910.0 379.8520000000001 17 2910.0 0.0 0 -76 152.16600000000005 117.66299999999994 0
2370.0 269.927 13 2370.0 -1160.0 28 -71 67.44499999999996 95.07000000000001 232
1980.0 230.82299999999998 13 1980.0 0.0 0 -53 84.57100000000001 72.35300000000001 0
1950.0 210.80899999999988 15 1950.0 -10.0 0 -55 56.88800000000002 71.19 2
2100.0 322.3210000000001 20 2340.0 -240.0 80 -82 102.27299999999998 56.78400000000001 16
1800.0 291.94499999999994 16 1800.0 -660.0 55 -66 120.56300000000002 59.28699999999999 132
1380.0 246.21999999999994 17 1380.0 0.0 0 -57 84.06599999999999 63.086 0
1740.0 282.0149999999999 21 1740.0 -775.0 51 -68 102.57999999999998 53.233999999999995 155
2100.0 275.7259999999999 18 2100.0 -115.0 2 -70 92.47199999999994 75.21700000000001 23
2460.0 321.97899999999987 21 2460.0 0.0 0 -77 107.905 80.16499999999996 0
1770.0 255.53899999999993 15 1770.0 -590.0 49 -63 83.06899999999999 63.718999999999994 118
1770.0 232.43599999999998 16 1770.0 0.0 0 -62 75.89599999999996 58.544999999999995 0
705.0 269.79499999999996 13 1980.0 -1275.0 85 -71 67.21599999999998 71.14200000000001 255
1980.0 308.53499999999997 20 1980.0 -75.0 1 -70 109.81499999999998 76.18199999999999 15
1500.0 261.13599999999997 22 1500.0 0.0 0 -69 83.51899999999996 60.64199999999999 0
1650.0 221.86799999999997 15 1650.0 0.0 0 -57 75.02999999999999 61.777 0
1650.0 227.96200000000007 19 1650.0 0.0 0 -58 91.60900000000001 56.31399999999998 0
1110.0 260.10399999999987 17 1110.0 0.0 0 -59 104.649 49.67099999999999 0
2340.0 309.6539999999999 14 2340.0 0.0 0 -77 89.32299999999995 90.35399999999997 0
2190.0 292.65099999999995 14 2190.0 -555.0 37 -65 108.33299999999998 88.33599999999998 111
1320.0 201.18800000000002 17 1320.0 0.0 0 -49 74.80899999999998 56.743999999999986 0
1530.0 264.088 21 1530.0 -195.0 22 -70 84.16699999999997 61.565000000000005 39
1980.0 247.144 16 1980.0 0.0 0 -66 59.111999999999995 80.471 0
1980.0 255.94500000000005 14 1980.0 -630.0 42 -68 82.49299999999998 59.53000000000003 126
1590.0 268.18699999999995 15 1590.0 0.0 0 -65 82.81599999999999 59.516000000000005 0
1800.0 284.25699999999995 17 1800.0 0.0 0 -69 89.06599999999997 72.86500000000001 0
1680.0 235.79999999999993 17 1680.0 -245.0 20 -66 61.481999999999985 47.358 49
1740.0 224.0 22 1740.0 0.0 0 -62 55.900999999999996 56.33799999999999 0
1290.0 179.7679999999999 14 1290.0 0.0 0 -46 55.603999999999985 37.422 0
1440.0 237.65199999999993 19 1440.0 0.0 0 -64 65.88499999999999 54.258999999999986 0
1410.0 227.677 15 1410.0 0.0 0 -50 72.72199999999998 70.187 0
1500.0 222.85700000000003 21 1500.0 0.0 0 -60 64.836 37.958999999999996 0
2040.0 261.3709999999999 16 2040.0 0.0 0 -64 99.66199999999999 64.326 0
1230.0 274.04699999999997 21 1230.0 0.0 0 -64 83.40099999999995 65.42300000000002 0
1500.0 246.48600000000002 23 1500.0 0.0 0 -70 71.119 55.885000000000005 0
1530.0 260.3719999999999 16 1530.0 0.0 0 -66 72.734 63.324000000000005 0
2010.0 283.836 17 2010.0 -1210.0 80 -74 71.57299999999998 83.05299999999998 242
1740.0 267.64099999999996 19 1740.0 0.0 0 -64 91.22399999999999 69.17099999999999 0
2190.0 249.10500000000002 18 2190.0 0.0 0 -62 69.82499999999999 84.65799999999999 0
1980.0 252.135 16 1980.0 0.0 0 -65 79.02600000000001 65.88699999999997 0
1860.0 297.8209999999999 17 1860.0 -110.0 2 -68 93.87999999999994 51.88299999999999 22
1920.0 296.30800000000005 22 1920.0 0.0 0 -67 115.774 70.00199999999998 0
1980.0 280.82399999999984 19 1980.0 0.0 0 -65 92.00599999999997 69.44099999999999 0
2190.0 285.03899999999993 14 2190.0 0.0 0 -74 81.86499999999998 73.699 0
2430.0 279.298 16 2430.0 -310.0 20 -68 94.84100000000001 75.18299999999999 62
2160.0 271.408 14 2160.0 0.0 0 -64 95.79700000000005 77.20199999999998 0
1740.0 325.25 24 1740.0 0.0 0 -77 115.84399999999997 62.11099999999999 0
1710.0 263.4779999999999 18 1710.0 -525.0 13 -69 77.94999999999999 56.00100000000001 105
1500.0 237.13499999999996 17 1500.0 0.0 0 -53 81.53699999999998 47.16399999999998 0
2160.0 261.55499999999995 16 2160.0 0.0 0 -60 97.10399999999998 82.78799999999998 0
2490.0 428.241 20 2490.0 -700.0 75 -89 182.47799999999998 81.53699999999998 140
1410.0 221.994 19 1410.0 0.0 0 -53 74.36399999999998 54.544000000000004 0
1170.0 240.03299999999993 19 1170.0 0.0 0 -59 88.79499999999999 45.296 0
2010.0 272.91499999999996 13 2010.0 -1015.0 25 -65 77.964 75.96300000000004 203
1710.0 233.814 17 1710.0 0.0 0 -63 74.24799999999999 44.955 0
1170.0 199.36899999999994 17 1170.0 0.0 0 -53 55.64899999999999 40.301 0
1740.0 272.15800000000013 21 1740.0 0.0 0 -64 85.26700000000002 80.30999999999997 0
1890.0 305.2250000000001 22 1890.0 -40.0 1 -68 118.93500000000002 75.28799999999998 8
1050.0 225.193 15 1110.0 0.0 0 -47 90.96199999999999 45.198999999999984 0
2160.0 276.88800000000003 18 2160.0 -500.0 41 -75 84.13699999999997 68.89799999999997 100
2190.0 259.756 14 2190.0 -1215.0 81 -72 63.627999999999986 74.11 243
1500.0 226.47899999999993 17 1500.0 0.0 0 -56 81.244 46.95299999999998 0
2460.0 280.24800000000005 18 2460.0 0.0 0 -69 100.27499999999999 92.525 0
1890.0 261.59299999999996 16 1890.0 0.0 0 -57 91.65100000000001 74.218 0
1830.0 229.924 14 1830.0 0.0 0 -59 66.17499999999998 74.918 0
1860.0 214.60499999999988 16 1860.0 0.0 0 -51 65.83199999999998 61.14499999999999 0
1620.0 264.47299999999996 22 1620.0 0.0 0 -72 68.52799999999999 61.366 0
1440.0 183.70399999999995 15 1440.0 -30.0 2 -51 54.291999999999994 41.257 6
2610.0 410.38600000000014 21 2850.0 -240.0 80 -100 111.37699999999995 113.54200000000002 16
1530.0 250.73599999999993 19 1530.0 0.0 0 -56 83.69999999999999 69.30799999999999 0
1530.0 249.77999999999997 20 1530.0 0.0 0 -69 76.92899999999999 54.64200000000001 0
2820.0 303.6839999999999 15 2820.0 -435.0 28 -73 88.38300000000001 111.25999999999998 87
1890.0 262.7949999999999 12 1890.0 0.0 0 -69 62.92699999999999 70.724 0
1950.0 223.63199999999995 13 1950.0 0.0 0 -55 75.706 63.89200000000001 0
1950.0 244.72300000000004 18 1950.0 -655.0 54 -67 82.24200000000002 63.95299999999999 131
1710.0 233.6649999999999 19 1710.0 0.0 0 -55 88.675 57.198999999999984 0
1890.0 312.9560000000001 20 1890.0 0.0 0 -61 123.65100000000001 85.03099999999995 0
2370.0 277.33099999999996 16 2370.0 0.0 0 -69 87.13799999999999 80.94199999999998 0
2010.0 275.6789999999999 21 2010.0 0.0 0 -72 81.56999999999998 67.401 0
2310.0 360.4580000000001 22 2310.0 -635.0 15 -82 142.25199999999998 73.742 127
1800.0 270.263 20 1800.0 0.0 0 -70 83.01799999999997 55.315 0
1950.0 246.26700000000005 16 2040.0 0.0 0 -59 84.43299999999999 68.80899999999998 0
1890.0 238.50199999999987 16 1890.0 -540.0 36 -68 58.76099999999999 68.49400000000003 108
2160.0 339.2449999999999 21 2160.0 0.0 0 -77 127.531 86.401 0
1500.0 253.13099999999994 20 1500.0 0.0 0 -71 70.309 51.20499999999999 0
1830.0 267.55400000000003 19 1830.0 -110.0 7 -70 80.055 61.80299999999998 22
1350.0 180.37900000000002 17 1410.0 0.0 0 -48 63.272 47.75499999999999 0
1170.0 173.22899999999996 15 1170.0 0.0 0 -45 54.748 46.483000000000004 0
2340.0 300.98999999999995 18 2340.0 -515.0 42 -77 91.92000000000003 59.68599999999998 103
1380.0 216.74799999999993 17 1380.0 0.0 0 -54 71.11399999999999 52.03499999999998 0
2190.0 299.9419999999999 16 2190.0 0.0 0 -65 121.85699999999996 80.12899999999998 0
1710.0 265.108 20 1710.0 0.0 0 -61 90.176 69.349 0
1440.0 220.5829999999999 14 1440.0 0.0 0 -54 76.29299999999998 53.15299999999999 0
2010.0 224.20599999999996 18 2010.0 0.0 0 -55 76.82599999999998 74.50899999999999 0
1830.0 202.62699999999998 18 1830.0 0.0 0 -52 79.43799999999996 56.39399999999999 0
1650.0 245.33399999999997 20 1650.0 -145.0 9 -64 65.58599999999998 57.20499999999999 29
2100.0 259.0849999999999 14 2100.0 0.0 0 -66 73.91799999999998 78.995 0
1710.0 303.85799999999995 20 1710.0 0.0 0 -69 113.674 69.77499999999999 0
2310.0 308.4199999999999 17 2310.0 0.0 0 -69 112.35500000000002 86.39099999999998 0
1080.0 182.212 17 1080.0 0.0 0 -53 56.21799999999998 35.307 0
1200.0 209.68899999999996 17 1200.0 0.0 0 -52 83.625 41.04899999999999 0
2550.0 340.2659999999999 18 2550.0 -25.0 0 -76 130.46899999999997 88.17099999999998 5
1950.0 254.38399999999993 15 1950.0 -645.0 43 -64 86.37700000000001 61.369 129
1890.0 294.67999999999995 19 1890.0 -425.0 56 -74 99.01899999999998 59.12099999999999 85
1500.0 266.71899999999994 17 1500.0 0.0 0 -63 94.27799999999999 46.9 0
2340.0 308.853 15 2340.0 -5.0 0 -69 113.77400000000003 86.67299999999999 1
2070.0 304.717 22 2070.0 -190.0 20 -70 106.642 82.281 38
2010.0 265.04499999999996 19 2010.0 0.0 0 -67 84.78499999999998 71.939 0
1620.0 202.27200000000002 14 1620.0 0.0 0 -54 58.091999999999985 53.61500000000002 0
1320.0 198.73899999999998 17 1320.0 0.0 0 -52 66.79599999999999 50.519999999999996 0
2070.0 240.269 23 2070.0 0.0 0 -65 65.59599999999999 75.61900000000003 0
1440.0 193.01799999999994 13 1440.0 0.0 0 -48 63.58499999999998 56.43299999999999 0
1920.0 270.87799999999993 16 1920.0 0.0 0 -60 124.4 57.18999999999999 0
2250.0 300.06599999999986 17 2250.0 0.0 0 -65 116.572 90.167 0
1950.0 247.96899999999994 16 1950.0 -970.0 64 -67 74.75399999999996 56.159 194
1620.0 240.57100000000005 16 1620.0 0.0 0 -54 89.89800000000002 72.95899999999999 0
1800.0 336.086 20 1800.0 0.0 0 -74 121.85199999999998 83.14299999999999 0
1530.0 265.36799999999994 14 1530.0 -1360.0 34 -67 77.96399999999997 59.456999999999994 272
1560.0 263.2619999999999 15 1560.0 0.0 0 -68 81.23799999999997 56.489 0
1620.0 235.99499999999992 18 1620.0 0.0 0 -58 81.06400000000001 64.95 0
1770.0 275.9929999999999 19 1770.0 -435.0 21 -73 91.98099999999997 60.63100000000001 87
1290.0 220.17899999999997 20 1290.0 0.0 0 -53 88.72 44.72800000000001 0
2430.0 270.904 15 2430.0 0.0 0 -60 103.60300000000002 84.47899999999997 0
2130.0 330.3969999999999 21 2130.0 0.0 0 -70 118.144 92.843 0
2070.0 230.50299999999993 13 2070.0 0.0 0 -58 79.45499999999997 65.81900000000003 0
2220.0 250.33800000000002 14 2220.0 -430.0 10 -67 75.493 71.67799999999997 86
1350.0 194.05100000000002 18 1350.0 0.0 0 -55 64.36699999999999 43.870999999999995 0
2280.0 340.4009999999997 19 2280.0 -740.0 61 -82 94.70199999999994 86.46600000000001 148
2130.0 282.6449999999999 21 2130.0 -100.0 13 -78 93.127 71.44599999999998 20
1980.0 331.35499999999996 18 1980.0 -145.0 12 -69 138.78400000000005 77.32799999999999 29
1650.0 274.26599999999996 20 1650.0 0.0 0 -64 89.61899999999997 58.845 0
2310.0 271.964 17 2310.0 0.0 0 -72 83.03399999999998 74.21299999999998 0
2430.0 320.10699999999997 19 2430.0 -395.0 32 -74 113.26899999999999 83.97099999999999 79
1470.0 204.56500000000003 19 1470.0 0.0 0 -59 62.885 46.480999999999995 0
1590.0 238.37099999999995 22 1590.0 0.0 0 -58 87.87699999999998 58.388000000000005 0
1830.0 250.18 22 1830.0 0.0 0 -68 86.51899999999999 59.59999999999999 0
2160.0 291.712 19 2160.0 0.0 0 -69 100.325 85.99899999999998 0
2250.0 324.39899999999994 15 2250.0 0.0 0 -71 115.60400000000003 93.37299999999996 0
1890.0 262.18 19 1890.0 0.0 0 -60 90.33400000000003 80.172 0
1770.0 276.9179999999999 19 1770.0 -120.0 8 -68 96.93500000000002 72.834 24
1230.0 160.18799999999993 16 1230.0 0.0 0 -46 52.307999999999986 40.43199999999999 0
1710.0 310.7359999999998 25 1710.0 -295.0 24 -72 108.017 68.664 59
2310.0 270.01200000000006 19 2310.0 -505.0 58 -69 91.65 75.34199999999997 101
1375.0 302.8909999999998 16 2010.0 -635.0 84 -80 89.26299999999995 74.98499999999997 127
1710.0 242.58100000000002 20 1710.0 -15.0 1 -67 77.18199999999999 55.35799999999999 3
2130.0 274.0259999999999 22 2130.0 0.0 0 -67 84.96099999999998 67.70400000000001 0
2160.0 333.952 19 2160.0 -495.0 32 -81 110.76299999999998 87.472 99
2010.0 283.57899999999995 16 2010.0 0.0 0 -69 86.553 77.66299999999998 0
1830.0 291.68399999999997 19 1830.0 0.0 0 -64 107.77500000000002 73.10199999999999 0
1830.0 278.63399999999996 18 1830.0 0.0 0 -67 100.745 68.89899999999997 0
840.0 155.194 14 840.0 0.0 0 -39 53.70099999999999 41.467000000000006 0
1590.0 251.93699999999998 19 1590.0 0.0 0 -64 83.51599999999998 63.07999999999998 0
2040.0 292.30299999999994 16 2040.0 0.0 0 -66 104.83400000000002 85.82899999999998 0
1350.0 176.829 15 1350.0 -5.0 0 -45 46.33999999999999 44.919 1
2460.0 328.4940000000001 25 2460.0 0.0 0 -71 138.23100000000002 93.36899999999997 0
1620.0 233.07999999999993 15 1620.0 0.0 0 -59 73.87999999999995 62.22500000000001 0
990.0 207.53699999999995 19 990.0 0.0 0 -56 60.56499999999999 37.772000000000006 0
1860.0 253.46699999999996 19 1860.0 -730.0 60 -68 79.52199999999999 62.843 146
2160.0 262.73100000000005 15 2430.0 0.0 0 -63 90.63300000000001 80.972 0
1740.0 248.116 16 1740.0 0.0 0 -60 84.64799999999998 63.81199999999998 0
1800.0 298.18399999999986 19 1800.0 0.0 0 -70 102.43799999999997 60.48099999999999 0
1980.0 265.981 17 1980.0 0.0 0 -63 93.989 78.987 0
1530.0 231.27500000000012 21 1530.0 0.0 0 -65 58.38999999999998 54.364999999999995 0
1740.0 269.759 19 1740.0 -120.0 8 -70 87.61999999999998 60.504000000000005 24
1830.0 226.73399999999992 14 1830.0 0.0 0 -58 79.77700000000003 58.312999999999974 0
1560.0 237.05599999999998 12 1560.0 0.0 0 -59 67.555 58.51300000000003 0
1650.0 261.02500000000003 19 1650.0 0.0 0 -64 96.57400000000001 58.96999999999998 0
2190.0 323.84999999999997 23 2190.0 0.0 0 -77 104.15899999999998 94.29000000000002 0
1440.0 229.279 19 1440.0 0.0 0 -64 67.94899999999997 57.208 0
1290.0 232.88699999999994 18 1290.0 0.0 0 -56 87.21299999999997 49.94499999999999 0
1620.0 262.4229999999999 21 1620.0 0.0 0 -64 80.80599999999998 63.23699999999998 0
1590.0 257.08899999999994 17 1590.0 0.0 0 -67 79.13099999999997 54.75399999999999 0
1800.0 214.56400000000002 20 1800.0 0.0 0 -59 66.109 58.385999999999996 0
1980.0 264.36299999999983 17 1980.0 0.0 0 -68 85.654 63.677999999999976 0
2040.0 254.825 18 2040.0 0.0 0 -66 80.28699999999999 77.03099999999998 0
1440.0 235.15899999999988 18 1440.0 0.0 0 -66 67.39099999999998 50.063999999999986 0
1980.0 294.143 19 1980.0 0.0 0 -70 94.93599999999995 73.88900000000001 0
1980.0 252.224 18 1980.0 -60.0 4 -66 87.71600000000001 71.08899999999997 12
1350.0 246.461 22 1350.0 0.0 0 -61 86.60499999999999 52.89999999999999 0
1230.0 229.64100000000005 16 1230.0 0.0 0 -53 85.03299999999999 52.94699999999999 0
1710.0 266.8879999999999 21 1710.0 0.0 0 -70 72.84799999999998 56.43800000000002 0
1650.0 270.7109999999999 17 1650.0 0.0 0 -65 90.68299999999994 60.273999999999994 0
1410.0 227.98499999999996 16 1410.0 0.0 0 -57 59.580999999999996 57.03200000000001 0
2130.0 305.0150000000001 25 2130.0 0.0 0 -74 110.08800000000001 67.09 0
1860.0 335.8980000000001 26 1860.0 -330.0 16 -86 112.33499999999997 67.19300000000001 66
2370.0 307.675 16 2370.0 0.0 0 -68 120.727 94.907 0
1860.0 251.63099999999994 24 1860.0 0.0 0 -64 89.43599999999998 60.80799999999999 0
1110.0 214.18499999999997 20 1110.0 0.0 0 -49 79.98599999999999 52.938 0
2010.0 238.61799999999997 17 2010.0 0.0 0 -60 76.311 70.29199999999996 0
1380.0 286.0519999999998 17 1380.0 0.0 0 -57 111.59199999999996 63.64299999999999 0
1620.0 300.2319999999999 18 1620.0 0.0 0 -65 118.61300000000003 65.846 0
1770.0 250.32499999999993 19 1770.0 0.0 0 -68 69.02699999999997 56.527 0
1830.0 244.48599999999993 19 1830.0 -10.0 0 -63 87.55199999999999 62.749 2
2190.0 302.9159999999999 17 2190.0 0.0 0 -67 113.93799999999997 88.19099999999996 0
1770.0 251.26100000000002 17 1770.0 0.0 0 -69 77.12899999999996 60.05 0
1800.0 251.19599999999986 12 1800.0 0.0 0 -54 96.14599999999996 70.65899999999996 0
1680.0 271.04 21 1680.0 0.0 0 -61 97.51999999999998 69.51299999999998 0
1950.0 314.284 24 1950.0 0.0 0 -69 115.45499999999996 71.67399999999999 0
1020.0 151.97499999999994 15 1020.0 0.0 0 -41 58.468999999999994 36.69999999999999 0
2250.0 368.1599999999999 22 2250.0 -70.0 1 -80 128.44899999999996 81.79399999999998 14
2100.0 272.83700000000005 17 2100.0 0.0 0 -59 99.14800000000002 87.181 0
1950.0 226.29599999999994 19 1950.0 0.0 0 -68 57.90799999999998 42.252999999999986 0
2580.0 305.33799999999997 17 2580.0 0.0 0 -75 89.37399999999997 93.52499999999999 0
1350.0 203.18999999999994 18 1350.0 0.0 0 -51 68.50999999999999 46.876000000000005 0
1500.0 243.10499999999996 16 1500.0 0.0 0 -58 82.285 52.46 0
1590.0 231.49500000000003 18 1590.0 -5.0 0 -59 76.632 55.68 1
2670.0 303.98199999999997 17 2670.0 0.0 0 -72 109.07900000000004 93.84699999999995 0
2310.0 270.61 14 2310.0 -605.0 15 -67 75.575 67.19399999999999 121
2160.0 278.934 17 2160.0 -10.0 0 -67 88.31699999999996 81.89999999999998 2
2010.0 291.8459999999999 22 2010.0 0.0 0 -71 92.06099999999998 77.46599999999998 0
