1560.0 259.5199999999999 17 1560.0 0.0 0 -66 88.43599999999998 42.13199999999999 0
1470.0 195.32299999999998 17 1470.0 0.0 0 -46 73.58699999999999 55.587999999999994 0
2010.0 202.625 16 2010.0 -10.0 0 -49 64.881 66.38599999999998 2
1380.0 200.878 14 1380.0 0.0 0 -46 81.60599999999998 46.49499999999999 0
2820.0 446.554 22 2820.0 0.0 0 -98 159.612 118.90399999999998 0
2070.0 282.31299999999993 18 2070.0 0.0 0 -76 83.45199999999998 76.36599999999999 0
2370.0 304.825 16 2370.0 0.0 0 -71 92.29599999999998 100.36399999999999 0
2220.0 292.63300000000004 17 2220.0 0.0 0 -65 116.34800000000003 83.46299999999998 0
1800.0 246.81900000000005 21 1800.0 0.0 0 -58 85.62499999999997 66.31500000000001 0
2580.0 284.8969999999999 19 2580.0 0.0 0 -68 99.46799999999999 88.86900000000003 0
2790.0 383.1009999999999 24 2790.0 0.0 0 -89 150.49 85.04599999999996 0
2490.0 288.68099999999976 18 2490.0 0.0 0 -76 93.95599999999997 75.21799999999996 0
1620.0 256.03999999999996 16 1620.0 0.0 0 -68 77.90599999999998 59.851 0
1860.0 267.51900000000006 18 1950.0 0.0 0 -67 84.33700000000002 54.913000000000004 0
1920.0 271.3839999999999 18 1920.0 0.0 0 -75 60.233999999999995 57.877999999999986 0
1230.0 222.684 15 1230.0 0.0 0 -60 66.29599999999999 42.766999999999996 0
1890.0 274.84299999999996 17 1890.0 0.0 0 -74 81.20999999999998 66.75000000000001 0
2430.0 322.66699999999986 21 2430.0 0.0 0 -74 103.734 101.002 0
1920.0 266.645 16 1920.0 0.0 0 -64 107.55100000000003 50.51299999999998 0
1920.0 267.9519999999999 21 1920.0 -15.0 1 -62 102.19699999999999 73.57599999999998 3
1620.0 256.2219999999999 19 1620.0 0.0 0 -60 101.90099999999998 64.47999999999999 0
2160.0 270.292 17 2160.0 0.0 0 -59 87.26099999999998 91.68499999999996 0
2550.0 299.55699999999996 16 2550.0 0.0 0 -75 73.51600000000002 100.937 0
1980.0 253.81799999999993 17 1980.0 -10.0 1 -65 83.46100000000003 71.49499999999996 2
1770.0 316.877 20 1770.0 0.0 0 -74 106.73499999999999 62.051000000000016 0
2280.0 305.12299999999993 20 2280.0 -555.0 74 -79 97.02799999999998 76.05199999999999 111
1650.0 272.11999999999995 18 1650.0 0.0 0 -59 101.96500000000002 65.36899999999999 0
2190.0 280.6749999999999 15 2190.0 0.0 0 -72 84.09499999999997 86.16 0
1830.0 281.71599999999995 19 1830.0 0.0 0 -72 86.82999999999998 65.31899999999999 0
1770.0 286.897 17 1770.0 0.0 0 -63 102.20300000000003 79.04699999999997 0
1950.0 327.9759999999998 22 1950.0 -300.0 40 -81 106.84399999999998 75.402 60
2340.0 297.433 20 2340.0 0.0 0 -74 106.10099999999998 67.74199999999996 0
2340.0 274.59400000000005 19 2340.0 0.0 0 -72 81.29500000000003 86.39899999999997 0
2100.0 268.0559999999999 16 2100.0 0.0 0 -62 96.225 75.97699999999996 0
1590.0 206.55599999999993 14 1590.0 0.0 0 -51 53.457999999999984 54.97699999999999 0
1140.0 217.19000000000005 14 1140.0 0.0 0 -55 84.25599999999999 39.83599999999999 0
1980.0 335.15999999999985 17 1980.0 0.0 0 -82 102.34899999999998 75.19300000000001 0
1290.0 183.04199999999992 14 1290.0 0.0 0 -44 58.39899999999999 53.38399999999999 0
1710.0 272.733 18 1710.0 0.0 0 -63 100.56 48.768999999999984 0
1980.0 243.61299999999991 13 1980.0 0.0 0 -53 91.09700000000001 80.67799999999997 0
2100.0 266.182 18 2100.0 0.0 0 -57 97.71800000000005 85.273 0
1740.0 237.442 19 1740.0 -15.0 1 -55 84.23999999999997 62.328 3
2340.0 335.88200000000006 22 2340.0 -65.0 5 -81 114.46399999999998 88.81499999999997 13
1470.0 205.392 20 1470.0 0.0 0 -60 67.54299999999999 43.995999999999995 0
1980.0 288.93799999999993 15 1980.0 0.0 0 -67 100.001 76.169 0
1800.0 196.33399999999992 15 1800.0 0.0 0 -51 65.118 52.56899999999999 0
2520.0 381.01500000000004 22 2520.0 0.0 0 -89 142.45 95.261 0
1890.0 284.29399999999987 18 1890.0 -55.0 7 -66 99.29799999999997 59.576 11
1590.0 236.637 18 1590.0 0.0 0 -57 96.72099999999999 58.800999999999995 0
2160.0 334.0859999999999 17 2160.0 0.0 0 -77 118.28499999999998 84.64199999999998 0
1830.0 294.5259999999999 15 1830.0 0.0 0 -72 102.87399999999997 67.74400000000001 0
1860.0 293.1769999999998 20 1860.0 0.0 0 -75 78.88899999999997 77.88699999999997 0
1350.0 179.669 15 1380.0 0.0 0 -51 54.181999999999995 35.818000000000005 0
2160.0 281.59999999999985 14 2220.0 0.0 0 -64 100.73299999999996 85.86800000000001 0
1320.0 214.351 17 1410.0 0.0 0 -56 68.70899999999999 59.385000000000005 0
1860.0 323.7049999999998 22 1860.0 0.0 0 -71 129.73799999999997 68.33999999999999 0
1920.0 222.48600000000002 16 1920.0 -10.0 0 -63 63.89999999999998 61.826 2
1410.0 221.55300000000003 16 1410.0 0.0 0 -57 78.92499999999995 53.29899999999999 0
2070.0 295.22899999999987 20 2070.0 0.0 0 -75 83.19199999999998 80.195 0
1410.0 219.58399999999997 16 1470.0 0.0 0 -60 66.70599999999999 39.08699999999999 0
2970.0 357.0079999999999 19 2970.0 -20.0 0 -76 121.923 128.10099999999997 4
1320.0 265.1500000000001 21 1320.0 0.0 0 -70 97.69299999999997 43.38299999999998 0
1680.0 209.599 19 1680.0 0.0 0 -54 71.81899999999997 52.75 0
1380.0 243.60899999999998 16 1380.0 0.0 0 -60 86.76199999999997 56.43899999999999 0
1920.0 306.056 21 1920.0 0.0 0 -63 110.23099999999994 87.82499999999997 0
2220.0 281.0349999999999 21 2220.0 0.0 0 -67 98.66599999999998 78.32799999999997 0
2640.0 318.02900000000005 13 2640.0 0.0 0 -68 126.42900000000004 105.54599999999994 0
2280.0 307.6019999999999 19 2280.0 0.0 0 -78 96.00099999999996 80.61899999999997 0
1680.0 256.34000000000003 18 1680.0 0.0 0 -60 101.775 61.458999999999975 0
1800.0 262.47900000000004 17 1800.0 0.0 0 -66 87.59599999999998 67.136 0
2100.0 317.473 19 2100.0 0.0 0 -74 105.60799999999999 82.21300000000002 0
1710.0 277.808 19 1710.0 0.0 0 -74 82.36299999999999 65.95500000000001 0
2010.0 322.23299999999995 23 2010.0 0.0 0 -72 104.737 95.63499999999996 0
1860.0 255.15599999999995 19 1860.0 -20.0 2 -56 101.20500000000001 73.57599999999996 4
2070.0 283.83099999999996 20 2070.0 -10.0 0 -78 86.77199999999998 65.515 2
1380.0 177.24499999999998 15 1380.0 0.0 0 -48 53.209999999999994 47.98699999999999 0
1470.0 223.87199999999996 20 1470.0 -20.0 0 -57 63.839 60.58 4
1320.0 244.2049999999999 20 1320.0 0.0 0 -60 81.24099999999999 52.728999999999985 0
2730.0 304.8349999999999 20 2730.0 0.0 0 -81 91.33899999999998 87.123 0
1440.0 200.22600000000006 15 1440.0 0.0 0 -51 71.30900000000003 49.53999999999999 0
2190.0 325.078 12 2190.0 0.0 0 -70 109.94000000000001 96.23299999999998 0
2400.0 311.3479999999999 17 2400.0 -135.0 11 -79 85.445 82.22699999999999 27
1530.0 167.94299999999998 12 1530.0 0.0 0 -44 48.257 50.77799999999999 0
1770.0 269.98900000000003 25 1830.0 0.0 0 -73 77.63599999999998 62.086 0
1740.0 251.51700000000005 20 1740.0 0.0 0 -66 86.32100000000004 64.03299999999999 0
2430.0 329.452 23 2430.0 0.0 0 -82 102.77400000000002 86.972 0
2310.0 337.71700000000004 17 2310.0 0.0 0 -72 133.72100000000003 83.11099999999999 0
1050.0 182.90399999999994 15 1050.0 0.0 0 -45 58.74899999999998 40.20899999999999 0
1980.0 271.67199999999997 22 1980.0 0.0 0 -70 75.328 81.31699999999998 0
1830.0 304.11199999999985 17 1830.0 -35.0 2 -72 89.32799999999997 82.74799999999999 7
2310.0 306.33299999999997 16 2310.0 0.0 0 -74 96.03399999999999 84.05499999999996 0
2730.0 331.9149999999999 23 2730.0 0.0 0 -80 103.64399999999993 94.869 0
2850.0 401.252 20 2850.0 0.0 0 -94 147.029 84.04999999999997 0
1290.0 205.19500000000005 18 1290.0 0.0 0 -51 68.10499999999998 48.092 0
1470.0 256.7339999999999 22 1470.0 -20.0 1 -62 92.21799999999996 51.303 4
2430.0 290.437 17 2430.0 0.0 0 -75 87.748 78.05999999999999 0
1620.0 219.24299999999997 20 1620.0 0.0 0 -58 59.289999999999985 55.660000000000004 0
2190.0 278.313 18 2190.0 0.0 0 -77 66.05799999999999 61.534 0
2370.0 304.7759999999999 18 2370.0 0.0 0 -79 102.428 77.85499999999999 0
1320.0 200.83399999999997 16 1320.0 0.0 0 -48 73.106 55.545999999999985 0
1890.0 304.76 19 1920.0 0.0 0 -73 99.535 70.58699999999997 0
1620.0 268.45799999999997 20 1620.0 0.0 0 -66 91.01799999999999 60.99299999999999 0
1440.0 220.707 17 1440.0 0.0 0 -57 83.00099999999999 49.743999999999986 0
2430.0 333.99399999999986 21 2430.0 0.0 0 -84 88.73999999999998 104.35499999999996 0
1500.0 208.101 15 1500.0 -25.0 3 -47 71.14700000000002 63.75799999999999 5
1740.0 277.15999999999997 17 1740.0 0.0 0 -65 89.44100000000002 56.51 0
2280.0 294.72899999999987 16 2280.0 -5.0 0 -69 108.85400000000001 85.19199999999996 1
1500.0 210.234 19 1500.0 0.0 0 -59 57.727000000000004 49.93 0
1890.0 296.39 26 1890.0 0.0 0 -76 106.38699999999999 66.45 0
1860.0 223.85499999999996 18 1860.0 0.0 0 -62 62.962999999999994 59.28399999999999 0
1980.0 276.406 16 1980.0 -510.0 34 -78 64.68199999999999 77.39600000000002 102
1530.0 233.26399999999995 17 1530.0 0.0 0 -60 74.062 53.12399999999999 0
1410.0 281.70799999999997 20 1680.0 -240.0 80 -77 68.387 56.03 16
1620.0 238.56300000000005 17 1620.0 0.0 0 -57 83.698 56.13699999999999 0
1680.0 212.18899999999988 17 1680.0 0.0 0 -57 68.28999999999999 50.687999999999995 0
2010.0 275.4099999999999 20 2010.0 0.0 0 -69 96.47999999999998 73.39899999999999 0
2100.0 256.965 20 2100.0 0.0 0 -66 87.351 63.31499999999998 0
1800.0 206.10299999999995 17 1800.0 0.0 0 -60 65.814 49.869 0
1350.0 200.20699999999997 16 1350.0 0.0 0 -48 77.80699999999999 53.974 0
2490.0 356.953 20 2490.0 0.0 0 -81 148.33200000000002 92.70499999999998 0
1770.0 265.6169999999999 21 1770.0 0.0 0 -71 81.91199999999996 56.12299999999999 0
1770.0 285.9619999999999 16 1770.0 0.0 0 -66 92.03899999999996 74.37099999999997 0
1920.0 268.17999999999995 14 1920.0 0.0 0 -70 93.85200000000002 62.06499999999996 0
2040.0 254.27299999999997 17 2040.0 0.0 0 -58 89.98800000000003 76.492 0
1650.0 324.8 20 1650.0 0.0 0 -69 133.46599999999998 68.072 0
1410.0 200.70199999999994 18 1410.0 0.0 0 -55 61.65399999999999 50.376 0
1680.0 246.50899999999993 15 1680.0 0.0 0 -60 81.23799999999997 60.342999999999975 0
1350.0 228.857 20 1350.0 0.0 0 -57 93.11899999999999 37.262 0
1290.0 194.73299999999998 16 1290.0 -40.0 2 -46 73.57499999999999 49.123000000000005 8
1650.0 312.5779999999999 26 1650.0 0.0 0 -78 92.83999999999996 58.325999999999986 0
1950.0 254.99099999999993 18 1950.0 -15.0 2 -69 85.50299999999997 50.40099999999998 3
1950.0 261.30099999999993 16 1950.0 0.0 0 -75 66.34699999999997 60.478 0
1470.0 248.50299999999993 19 1470.0 0.0 0 -62 89.26999999999998 53.556000000000004 0
2160.0 319.44399999999996 24 2160.0 0.0 0 -80 107.03600000000002 79.33399999999995 0
1410.0 245.42800000000005 19 1410.0 0.0 0 -58 85.33199999999997 59.572999999999986 0
2070.0 322.5269999999999 24 2070.0 0.0 0 -79 109.68400000000003 83.445 0
2010.0 283.2489999999999 21 2010.0 0.0 0 -68 96.72399999999996 81.567 0
2010.0 256.2269999999999 18 2010.0 0.0 0 -68 78.718 70.40199999999997 0
1530.0 220.919 18 1530.0 0.0 0 -58 72.356 60.241999999999976 0
1260.0 218.281 14 1260.0 0.0 0 -50 77.88000000000002 48.41199999999999 0
1560.0 247.65200000000002 18 1560.0 0.0 0 -62 74.61999999999999 71.50200000000001 0
2010.0 290.224 22 2010.0 0.0 0 -73 89.87499999999997 67.58999999999997 0
2340.0 343.643 23 2340.0 0.0 0 -80 132.221 86.60199999999999 0
1710.0 219.17399999999995 16 1710.0 0.0 0 -60 56.47399999999999 68.68299999999998 0
1080.0 261.92399999999986 20 1080.0 0.0 0 -59 102.52799999999999 49.83100000000001 0
1710.0 265.0159999999999 14 1710.0 0.0 0 -65 86.23899999999996 61.11300000000001 0
1275.0 337.06499999999994 18 2520.0 -1245.0 83 -82 109.77499999999998 95.55799999999999 249
1590.0 196.86299999999991 11 1590.0 0.0 0 -47 70.95000000000002 56.10899999999999 0
2040.0 335.89499999999987 23 2040.0 -155.0 3 -77 126.64499999999995 84.70799999999997 31
2070.0 317.215 18 2070.0 -10.0 0 -70 121.46000000000001 82.91099999999999 2
1710.0 285.012 20 1710.0 0.0 0 -71 96.16699999999999 65.29299999999999 0
1950.0 328.56800000000004 22 1950.0 0.0 0 -73 132.67999999999998 82.21599999999998 0
1830.0 255.29399999999995 16 1830.0 -5.0 0 -65 73.35000000000001 64.721 1
1950.0 295.329 21 1950.0 0.0 0 -80 92.641 54.52799999999999 0
2640.0 331.27099999999984 23 2640.0 0.0 0 -76 131.52000000000004 97.92 0
2790.0 277.61499999999995 22 2790.0 0.0 0 -72 93.95600000000002 89.29799999999999 0
2280.0 301.8849999999998 24 2280.0 0.0 0 -76 92.40999999999997 79.53199999999997 0
2160.0 318.47600000000006 18 2160.0 0.0 0 -73 113.014 79.53799999999998 0
2250.0 304.486 18 2250.0 0.0 0 -67 124.64299999999999 79.23199999999997 0
1980.0 263.34000000000015 17 1980.0 -20.0 1 -56 112.811 78.49299999999997 4
1950.0 240.86100000000005 18 1950.0 0.0 0 -67 61.397 68.009 0
1620.0 244.67599999999993 20 1620.0 0.0 0 -70 62.665 51.846 0
2010.0 256.6329999999999 20 2010.0 0.0 0 -72 78.595 56.88899999999998 0
1950.0 343.46899999999994 25 1950.0 0.0 0 -77 129.95299999999992 73.145 0
1890.0 292.07699999999994 17 1890.0 0.0 0 -70 106.50299999999999 73.709 0
1410.0 222.1679999999999 16 1410.0 0.0 0 -56 63.01999999999999 57.355999999999995 0
2010.0 234.3509999999999 10 2010.0 0.0 0 -63 56.282 77.01799999999999 0
2070.0 268.81499999999994 16 2070.0 0.0 0 -66 89.21799999999996 77.25899999999999 0
2280.0 267.298 14 2280.0 0.0 0 -58 106.34000000000003 80.97599999999996 0
1800.0 274.9699999999998 19 1800.0 0.0 0 -60 107.67399999999995 55.94199999999999 0
2100.0 256.125 15 2100.0 0.0 0 -55 100.757 84.34899999999993 0
1440.0 209.552 11 1440.0 0.0 0 -46 67.52599999999998 62.089999999999975 0
1440.0 191.37099999999998 15 1440.0 0.0 0 -57 61.99399999999999 31.996999999999996 0
1440.0 161.36899999999994 15 1440.0 0.0 0 -43 48.17199999999999 48.925999999999995 0
1890.0 270.61599999999993 19 1890.0 0.0 0 -71 78.40799999999996 59.098 0
1320.0 227.42899999999995 16 1320.0 0.0 0 -63 69.159 37.549 0
1860.0 277.67899999999986 26 1860.0 0.0 0 -68 93.31499999999998 74.848 0
1410.0 217.94999999999993 16 1410.0 0.0 0 -60 65.08499999999998 45.809999999999995 0
2190.0 264.30099999999993 16 2190.0 0.0 0 -68 82.39599999999999 75.85 0
2850.0 321.831 17 2850.0 0.0 0 -82 92.65199999999999 91.841 0
1980.0 257.753 14 1980.0 0.0 0 -71 53.552 77.15900000000002 0
1890.0 247.29799999999997 17 1890.0 0.0 0 -64 81.35099999999998 63.872999999999955 0
2370.0 354.19699999999995 22 2370.0 0.0 0 -80 140.49299999999997 102.276 0
2040.0 330.57599999999985 18 2040.0 0.0 0 -76 125.41699999999996 72.306 0
2430.0 277.1319999999999 17 2430.0 -445.0 29 -79 73.48199999999997 77.23599999999998 89
2040.0 269.11 18 2040.0 0.0 0 -68 66.214 78.56499999999998 0
1560.0 251.57999999999998 21 1620.0 0.0 0 -68 70.63 47.943000000000005 0
1890.0 261.24299999999994 19 1890.0 0.0 0 -65 84.193 71.96599999999998 0
1980.0 266.76500000000004 12 1980.0 0.0 0 -65 87.78000000000003 65.90299999999999 0
2190.0 254.66899999999998 19 2190.0 0.0 0 -68 74.93199999999997 76.94200000000001 0
2400.0 326.4799999999999 24 2400.0 0.0 0 -67 122.37499999999997 100.212 0
1200.0 190.947 15 1200.0 0.0 0 -48 76.44799999999998 47.19799999999999 0
2040.0 271.064 24 2040.0 0.0 0 -72 88.26999999999997 71.04400000000001 0
2430.0 357.8469999999999 19 2430.0 0.0 0 -83 121.98399999999997 85.42599999999997 0
2220.0 343.69199999999995 19 2220.0 0.0 0 -80 127.38700000000003 78.246 0
2310.0 311.93799999999993 17 2310.0 0.0 0 -72 109.61800000000001 89.11600000000003 0
1530.0 230.18799999999993 18 1530.0 0.0 0 -50 94.62799999999997 53.64999999999999 0
2910.0 342.90500000000003 20 2910.0 0.0 0 -81 129.31000000000003 101.92500000000003 0
2070.0 300.21799999999985 22 2070.0 -90.0 7 -77 96.99599999999997 62.63200000000001 18
2580.0 384.33999999999986 21 2580.0 0.0 0 -81 153.027 99.11799999999995 0
1230.0 220.03699999999992 18 1230.0 0.0 0 -60 73.155 40.37499999999999 0
1830.0 195.00799999999998 16 1830.0 0.0 0 -52 55.446000000000005 68.43999999999998 0
1650.0 324.5209999999999 20 1650.0 0.0 0 -72 116.29299999999998 63.898999999999965 0
1710.0 212.905 17 1710.0 0.0 0 -51 79.14600000000004 60.19399999999997 0
2220.0 256.56299999999993 18 2220.0 0.0 0 -71 71.68599999999998 68.964 0
1740.0 256.301 19 1740.0 0.0 0 -61 82.684 72.401 0
2340.0 316.1400000000001 17 2340.0 0.0 0 -78 97.85499999999998 95.54000000000002 0
2190.0 258.1560000000001 20 2190.0 0.0 0 -60 84.47500000000002 79.02899999999995 0
2070.0 273.751 18 2070.0 0.0 0 -69 78.207 79.46199999999999 0
1680.0 238.14899999999986 19 1680.0 0.0 0 -64 74.25399999999996 59.20700000000001 0
1920.0 287.3219999999999 23 1920.0 0.0 0 -79 72.81099999999999 71.629 0
1410.0 230.24599999999998 15 1410.0 0.0 0 -59 70.07199999999999 54.31700000000001 0
1440.0 253.42699999999996 14 1440.0 0.0 0 -61 91.67199999999998 51.070999999999984 0
1770.0 261.34999999999997 18 1770.0 0.0 0 -70 87.719 58.479 0
2130.0 261.644 17 2130.0 0.0 0 -74 65.46899999999998 55.474999999999994 0
2280.0 352.5909999999998 22 2280.0 0.0 0 -88 117.30199999999996 63.19699999999999 0
1560.0 248.98 19 1560.0 0.0 0 -65 71.88399999999999 63.031 0
2610.0 354.30400000000003 20 2610.0 0.0 0 -83 122.52599999999998 98.53999999999999 0
2310.0 313.999 19 2310.0 -625.0 31 -78 96.765 89.47000000000003 125
1470.0 275.28699999999986 20 1470.0 0.0 0 -56 108.77299999999997 67.90199999999999 0
1590.0 193.812 18 1590.0 0.0 0 -48 69.23600000000002 51.989000000000004 0
1200.0 228.3979999999999 17 1200.0 0.0 0 -58 55.68699999999999 43.879000000000005 0
2340.0 303.189 18 2340.0 -105.0 35 -73 93.93600000000002 80.03099999999999 7
1890.0 326.7859999999999 21 1890.0 0.0 0 -79 119.61699999999999 68.201 0
1980.0 192.682 13 1980.0 -15.0 1 -45 70.24500000000002 72.92899999999997 3
720.0 179.08099999999993 14 720.0 0.0 0 -48 52.640999999999984 25.599000000000004 0
1950.0 360.02499999999986 23 1950.0 -170.0 11 -87 123.05699999999999 82.03000000000002 34
2970.0 310.26899999999995 17 2970.0 0.0 0 -73 118.75500000000004 103.28499999999995 0
1950.0 315.30300000000005 20 1950.0 0.0 0 -76 110.84499999999998 64.52099999999999 0
1950.0 310.397 23 1950.0 -10.0 0 -81 86.31699999999998 77.29799999999999 2
2070.0 311.33999999999986 20 2070.0 -445.0 29 -78 88.00399999999999 81.88600000000001 89
2310.0 338.57099999999997 24 2310.0 0.0 0 -81 130.12699999999998 82.57899999999997 0
2100.0 298.14499999999987 20 2100.0 0.0 0 -80 78.37399999999997 66.331 0
1650.0 226.69099999999995 20 1650.0 0.0 0 -67 52.406000000000006 46.816 0
2040.0 284.52399999999994 21 2040.0 0.0 0 -64 93.01699999999998 75.119 0
3030.0 402.11999999999995 21 3030.0 0.0 0 -91 133.40299999999996 119.25399999999999 0
1920.0 255.185 18 1920.0 0.0 0 -61 101.221 72.24499999999999 0
2190.0 350.39000000000004 25 2190.0 -10.0 0 -76 132.25400000000002 94.91199999999996 2
1620.0 261.25399999999996 17 1620.0 0.0 0 -63 76.12499999999999 73.28199999999998 0
2700.0 364.249 17 2700.0 0.0 0 -77 129.71400000000006 110.95999999999992 0
1650.0 245.369 19 1650.0 0.0 0 -62 89.91599999999994 55.13699999999998 0
1470.0 251.48700000000002 22 1470.0 0.0 0 -57 97.92299999999996 51.63399999999999 0
1410.0 234.25099999999992 17 1470.0 0.0 0 -68 60.95799999999999 44.35999999999999 0
2310.0 365.358 21 2310.0 0.0 0 -81 142.85099999999997 83.134 0
2490.0 310.83300000000014 20 2490.0 -5.0 0 -72 123.40600000000002 78.86 1
1680.0 265.07599999999996 20 1680.0 0.0 0 -62 98.72999999999999 69.514 0
2070.0 227.54799999999997 15 2070.0 0.0 0 -62 58.786999999999985 70.25999999999999 0
1860.0 285.81699999999995 18 1860.0 0.0 0 -69 95.69099999999999 63.501999999999995 0
2640.0 333.0529999999998 18 2640.0 0.0 0 -75 119.18300000000004 98.50299999999996 0
2100.0 371.76899999999995 23 2100.0 0.0 0 -87 126.27899999999994 87.41100000000002 0
2430.0 271.23199999999997 14 2430.0 0.0 0 -74 75.99100000000001 82.729 0
1800.0 325.65999999999997 23 1800.0 -5.0 0 -72 122.28499999999997 76.22299999999998 1
1530.0 206.84799999999996 16 1530.0 -10.0 0 -57 66.63999999999999 40.760999999999996 2
1350.0 222.83000000000004 18 1350.0 0.0 0 -58 74.292 58.67499999999999 0
2190.0 305.755 21 2190.0 -285.0 19 -81 85.42399999999998 88.669 57
1860.0 243.556 16 1860.0 0.0 0 -62 72.942 74.23700000000001 0
1590.0 272.47299999999984 20 1590.0 0.0 0 -67 95.83499999999994 50.776999999999994 0
1650.0 232.66899999999998 18 1650.0 0.0 0 -61 77.00999999999998 64.298 0
1650.0 244.30599999999995 17 1650.0 0.0 0 -54 96.60499999999996 60.90199999999999 0
1500.0 219.101 16 1500.0 -20.0 1 -57 65.89399999999999 61.34900000000001 4
1230.0 215.2489999999999 17 1230.0 0.0 0 -58 67.095 39.026999999999994 0
1980.0 243.29500000000002 17 1980.0 0.0 0 -62 77.26299999999999 61.741999999999976 0
2130.0 289.23299999999995 16 2130.0 0.0 0 -66 97.73599999999999 84.39 0
1800.0 208.05799999999996 15 1800.0 0.0 0 -54 49.27500000000003 46.516999999999975 0
1740.0 333.80299999999994 17 1740.0 0.0 0 -72 128.00899999999993 89.04299999999999 0
1380.0 221.56299999999993 13 1380.0 0.0 0 -48 82.78499999999998 59.04299999999999 0
1380.0 218.92899999999995 19 1380.0 0.0 0 -56 71.55499999999998 48.99600000000001 0
1620.0 244.30999999999995 20 1620.0 0.0 0 -60 87.256 59.08399999999999 0
1620.0 275.008 18 1620.0 0.0 0 -68 103.197 58.51700000000001 0
1950.0 298.4549999999999 20 1950.0 0.0 0 -71 106.97099999999998 74.44800000000001 0
1920.0 288.224 15 1920.0 -115.0 9 -73 79.81899999999997 74.86699999999999 23
1860.0 293.0229999999999 21 1860.0 0.0 0 -77 100.47599999999998 63.547000000000004 0
2220.0 301.49499999999995 18 2220.0 0.0 0 -75 96.92600000000002 76.23099999999995 0
2490.0 309.214 16 2490.0 0.0 0 -77 101.15100000000001 72.23899999999996 0
1920.0 246.79599999999985 16 1920.0 0.0 0 -53 83.79800000000002 65.52 0
2970.0 382.0320000000001 19 2970.0 0.0 0 -85 149.005 108.32899999999995 0
2040.0 290.98099999999994 19 2040.0 0.0 0 -78 94.71099999999998 60.31899999999999 0
2040.0 245.20999999999998 17 2040.0 0.0 0 -62 73.56799999999998 75.14299999999999 0
2010.0 285.96100000000007 21 2010.0 0.0 0 -71 80.90399999999998 80.975 0
3000.0 323.2559999999998 22 3000.0 -140.0 9 -86 92.574 100.331 28
2580.0 293.5959999999999 13 2580.0 -320.0 8 -76 76.26999999999998 89.99999999999997 64
1500.0 234.43 19 1500.0 0.0 0 -63 74.29400000000001 50.753 0
1950.0 277.9 23 1950.0 0.0 0 -67 91.15099999999998 79.99399999999999 0
1170.0 189.92899999999997 12 1170.0 0.0 0 -48 50.069999999999986 46.141 0
2220.0 294.80099999999993 17 2220.0 0.0 0 -76 92.88799999999999 76.87700000000001 0
1230.0 212.38899999999998 16 1230.0 0.0 0 -54 65.38599999999998 44.02999999999999 0
2580.0 366.167 23 2580.0 0.0 0 -85 136.056 88.65599999999996 0
1710.0 273.8860000000001 18 1710.0 0.0 0 -65 85.71000000000002 70.46799999999999 0
1890.0 277.2309999999999 18 1890.0 0.0 0 -60 107.64599999999996 77.19199999999998 0
1470.0 227.64099999999996 16 1470.0 0.0 0 -54 89.47000000000001 42.867999999999995 0
1320.0 182.14 12 1320.0 0.0 0 -42 62.562000000000026 46.97299999999997 0
2100.0 301.9609999999999 20 2100.0 0.0 0 -74 103.27999999999999 81.288 0
1890.0 278.823 18 1890.0 0.0 0 -70 84.84299999999996 76.45199999999998 0
2220.0 325.5639999999999 18 2220.0 0.0 0 -79 111.599 64.107 0
2160.0 282.5619999999999 24 2160.0 0.0 0 -67 120.78599999999999 71.16999999999997 0
2490.0 305.38 13 2490.0 0.0 0 -69 109.31100000000006 99.30199999999996 0
1560.0 251.184 23 1560.0 0.0 0 -66 80.95999999999998 53.857 0
1860.0 263.027 20 1860.0 0.0 0 -69 87.183 59.98200000000001 0
990.0 157.015 15 990.0 0.0 0 -41 48.897999999999996 31.327999999999996 0
1980.0 319.1709999999999 18 1980.0 0.0 0 -74 109.81099999999995 73.243 0
1560.0 240.15299999999993 17 1560.0 0.0 0 -54 91.62899999999999 63.376999999999995 0
2400.0 319.72399999999993 17 2400.0 0.0 0 -67 123.053 94.46199999999999 0
1950.0 320.4479999999999 19 1950.0 0.0 0 -70 107.76499999999993 90.746 0
1650.0 230.77499999999992 20 1650.0 0.0 0 -61 82.13999999999997 54.87499999999999 0
2010.0 302.3289999999999 20 2010.0 -90.0 7 -76 97.444 79.276 18
2100.0 301.80499999999995 15 2100.0 0.0 0 -70 89.763 90.503 0
1590.0 266.61899999999986 19 1590.0 0.0 0 -67 90.77499999999999 52.97199999999999 0
2130.0 332.9629999999998 24 2130.0 0.0 0 -86 101.88499999999996 76.55699999999997 0
2280.0 311.4440000000001 23 2280.0 0.0 0 -72 105.53899999999996 98.11699999999999 0
1830.0 237.29399999999998 17 1830.0 0.0 0 -57 81.343 60.993999999999986 0
2250.0 298.58000000000004 18 2250.0 0.0 0 -78 79.98399999999998 88.16199999999999 0
1800.0 321.76 21 2130.0 0.0 0 -76 112.346 80.123 0
1650.0 214.31499999999994 17 1650.0 0.0 0 -53 68.04399999999998 62.794 0
1680.0 229.02900000000005 14 1680.0 0.0 0 -57 67.50900000000003 69.75399999999999 0
2100.0 265.778 16 2100.0 0.0 0 -67 91.31500000000004 63.86999999999999 0
2760.0 373.62199999999996 17 2760.0 -75.0 25 -83 135.743 98.36099999999998 5
1200.0 251.02899999999997 15 1200.0 -35.0 2 -57 92.616 51.44600000000001 7
1320.0 214.90699999999987 18 1320.0 0.0 0 -55 59.156 47.306999999999995 0
1380.0 188.89499999999998 16 1380.0 0.0 0 -44 65.91999999999997 49.254999999999995 0
1080.0 193.43399999999994 17 1080.0 0.0 0 -48 71.83099999999999 38.398 0
2010.0 291.95399999999995 20 2010.0 0.0 0 -68 101.22800000000001 82.15399999999997 0
1710.0 283.2529999999999 15 1710.0 0.0 0 -67 108.30100000000002 61.19300000000001 0
1710.0 249.63299999999995 19 1710.0 0.0 0 -61 78.98999999999998 60.94 0
1650.0 279.24399999999997 17 1650.0 0.0 0 -68 94.486 66.343 0
1740.0 199.892 15 1740.0 0.0 0 -54 69.82000000000002 50.308000000000014 0
2070.0 305.051 17 2130.0 0.0 0 -72 111.99999999999999 75.15700000000001 0
2340.0 349.764 19 2400.0 0.0 0 -81 117.79499999999999 102.72299999999997 0
1560.0 199.93800000000002 17 1560.0 -5.0 0 -56 72.48399999999998 40.736999999999995 1
2370.0 346.69 20 2370.0 0.0 0 -80 113.94200000000001 93.02600000000001 0
1980.0 312.93499999999983 21 1980.0 0.0 0 -71 114.83599999999996 75.04899999999998 0
1950.0 298.92099999999994 22 1950.0 0.0 0 -71 107.70499999999996 70.95199999999997 0
2760.0 329.8979999999999 17 2760.0 0.0 0 -80 101.11499999999997 102.96600000000002 0
1920.0 247.327 22 1920.0 0.0 0 -69 69.926 61.97200000000001 0
2160.0 297.04999999999995 16 2160.0 0.0 0 -72 96.46 77.24799999999996 0
1350.0 239.04399999999993 14 1350.0 0.0 0 -56 71.12099999999998 53.948999999999984 0
1560.0 204.222 14 1560.0 -5.0 0 -52 60.006999999999984 48.52899999999999 1
1770.0 269.22799999999995 19 1770.0 0.0 0 -64 98.936 60.763 0
2250.0 314.95500000000004 17 2250.0 0.0 0 -76 95.07399999999997 92.48199999999997 0
1860.0 278.524 17 1860.0 0.0 0 -64 94.771 64.88199999999995 0
1680.0 255.97299999999993 14 1680.0 0.0 0 -67 70.815 59.144000000000005 0
2670.0 247.7139999999999 15 2670.0 0.0 0 -63 78.68199999999999 83.62299999999996 0
2070.0 290.6229999999999 16 2070.0 0.0 0 -69 105.246 69.59999999999998 0
1560.0 209.16799999999995 15 1560.0 0.0 0 -57 57.30599999999999 54.65999999999998 0
2130.0 232.542 17 2130.0 0.0 0 -61 60.739 81.21499999999997 0
1800.0 217.988 14 1800.0 0.0 0 -50 80.424 60.576999999999984 0
2220.0 317.0719999999999 19 2220.0 0.0 0 -81 103.82299999999995 75.503 0
1020.0 177.08999999999997 16 1020.0 0.0 0 -38 68.21499999999997 50.045 0
1560.0 254.70099999999996 20 1560.0 0.0 0 -69 78.31499999999998 43.577999999999996 0
3030.0 345.595 15 3270.0 -240.0 80 -78 120.62100000000004 115.86199999999997 16
1950.0 219.40200000000002 17 1950.0 0.0 0 -60 68.017 61.17099999999998 0
1680.0 255.19399999999996 18 1680.0 0.0 0 -63 83.54999999999998 68.98999999999998 0
1530.0 210.24899999999997 14 1530.0 0.0 0 -56 58.83799999999999 59.78100000000002 0
2400.0 330.11800000000005 19 2400.0 0.0 0 -77 127.60600000000007 88.78699999999999 0
2250.0 269.519 20 2250.0 -90.0 6 -76 57.10699999999998 66.779 18
1050.0 173.191 17 1050.0 0.0 0 -41 59.72499999999999 43.09700000000001 0
1770.0 263.02599999999995 18 1770.0 0.0 0 -71 84.402 59.88999999999997 0
2220.0 314.72299999999984 16 2220.0 0.0 0 -79 83.03699999999998 93.67299999999999 0
2100.0 354.67900000000003 20 2100.0 0.0 0 -79 138.09899999999996 81.401 0
2370.0 295.191 20 2400.0 0.0 0 -76 99.71100000000001 71.426 0
2250.0 275.403 18 2250.0 0.0 0 -71 84.44399999999999 66.59799999999998 0
2370.0 304.158 26 2370.0 -10.0 1 -68 119.21799999999999 99.90399999999998 2
1920.0 275.41999999999996 14 1920.0 0.0 0 -63 105.418 65.64499999999998 0
1920.0 314.9089999999998 20 1920.0 0.0 0 -76 109.72199999999995 74.62400000000001 0
1920.0 255.38900000000007 17 1920.0 0.0 0 -64 87.839 65.93099999999998 0
2640.0 455.495 26 2640.0 -230.0 24 -95 178.072 126.29600000000002 46
1230.0 203.74899999999997 16 1230.0 0.0 0 -51 60.948999999999984 55.627999999999986 0
2040.0 254.04700000000003 19 2040.0 0.0 0 -67 80.237 60.41799999999999 0
1590.0 240.77399999999994 18 1590.0 0.0 0 -67 74.978 55.269 0
1440.0 252.9489999999999 19 1440.0 0.0 0 -60 97.189 50.85099999999999 0
1830.0 255.23499999999999 18 1830.0 0.0 0 -66 81.707 70.873 0
1860.0 297.2639999999999 21 1860.0 0.0 0 -72 100.58999999999996 75.5 0
1290.0 228.49099999999996 20 1290.0 0.0 0 -60 76.94099999999999 48.036 0
2490.0 320.82800000000003 18 2490.0 0.0 0 -73 106.38400000000001 98.22800000000001 0
1800.0 283.07899999999995 20 1800.0 0.0 0 -71 91.86699999999998 65.62599999999999 0
1800.0 248.31900000000002 15 1800.0 0.0 0 -60 89.57999999999998 62.776999999999994 0
2490.0 296.111 19 2490.0 -130.0 3 -76 108.558 74.85399999999997 26
1950.0 239.36399999999998 13 1950.0 -10.0 0 -62 73.45 60.815 2
2040.0 330.897 19 2040.0 0.0 0 -81 96.69299999999997 92.656 0
2250.0 321.59299999999996 18 2250.0 0.0 0 -80 98.82599999999996 85.707 0
2790.0 363.0159999999999 18 2790.0 -75.0 1 -88 120.06900000000003 96.97099999999998 15
2100.0 371.356 25 2100.0 0.0 0 -83 155.63499999999996 77.13199999999998 0
1230.0 217.77899999999997 17 1230.0 0.0 0 -51 75.01299999999998 48.91 0
1470.0 192.26600000000002 16 1470.0 0.0 0 -47 69.72699999999999 55.60899999999998 0
1980.0 276.90099999999995 16 1980.0 0.0 0 -72 65.77 77.07600000000001 0
2580.0 327.26699999999994 17 2580.0 0.0 0 -67 122.29100000000005 108.17899999999997 0
1590.0 232.3149999999999 19 1590.0 -5.0 0 -60 74.809 51.42399999999999 1
1740.0 279.06899999999996 21 1740.0 0.0 0 -66 99.32199999999996 63.624999999999986 0
1650.0 283.17699999999996 22 1650.0 0.0 0 -75 88.35599999999998 53.699999999999996 0
1920.0 216.88099999999994 18 1920.0 0.0 0 -53 65.25800000000001 73.72299999999998 0
1170.0 248.09499999999997 17 1170.0 0.0 0 -69 81.13299999999997 31.891999999999992 0
2160.0 313.51900000000006 21 2160.0 0.0 0 -71 122.88499999999996 80.78299999999997 0
2130.0 242.13499999999996 19 2130.0 0.0 0 -61 90.58000000000001 76.90199999999997 0
1770.0 310.23 20 1770.0 0.0 0 -68 112.53 73.535 0
2370.0 269.94599999999997 13 2370.0 0.0 0 -68 75.28100000000002 80.65499999999999 0
1470.0 178.09599999999995 15 1470.0 0.0 0 -49 42.94099999999999 51.40099999999999 0
2250.0 310.5389999999998 21 2250.0 0.0 0 -77 94.49799999999998 87.94 0
2400.0 260.90099999999995 14 2400.0 0.0 0 -67 83.98300000000002 86.07999999999998 0
1650.0 280.185 23 1650.0 0.0 0 -73 85.71699999999998 59.626999999999995 0
2070.0 252.50599999999994 20 2070.0 0.0 0 -64 96.06499999999998 68.37499999999999 0
1860.0 243.07000000000002 20 1860.0 0.0 0 -63 84.66700000000003 57.331 0
1530.0 281.4089999999998 19 1530.0 0.0 0 -68 99.56499999999994 55.67499999999999 0
2490.0 290.3599999999999 16 2490.0 0.0 0 -70 94.29300000000002 84.47199999999998 0
2070.0 305.41499999999996 17 2070.0 0.0 0 -75 94.368 66.04499999999997 0
1620.0 219.36299999999997 17 1620.0 0.0 0 -59 60.70399999999999 63.48900000000001 0
1320.0 214.99800000000005 16 1320.0 0.0 0 -57 73.86699999999998 45.321999999999996 0
2160.0 255.0719999999999 16 2160.0 0.0 0 -64 76.25099999999999 74.40999999999998 0
2010.0 261.85400000000004 16 2010.0 0.0 0 -51 104.23299999999999 86.74699999999999 0
1650.0 242.69700000000006 19 1650.0 0.0 0 -61 80.93699999999998 59.605000000000004 0
2190.0 297.445 20 2190.0 0.0 0 -75 105.465 72.433 0
1920.0 289.25399999999996 16 1920.0 -40.0 3 -63 101.48699999999997 87.65400000000001 8
1770.0 239.74300000000005 17 1770.0 0.0 0 -59 86.048 51.90599999999999 0
2010.0 280.2649999999999 14 2010.0 0.0 0 -68 80.26399999999997 64.735 0
1080.0 182.45799999999997 15 1080.0 0.0 0 -55 45.54899999999999 31.227999999999998 0
1890.0 263.317 18 1890.0 0.0 0 -72 80.36999999999999 58.847999999999985 0
2670.0 360.2619999999999 20 2670.0 0.0 0 -88 101.35000000000001 102.42699999999998 0
1710.0 239.09199999999996 21 1710.0 0.0 0 -61 81.596 63.89999999999999 0
1950.0 278.13 18 1950.0 0.0 0 -59 114.09799999999993 65.85099999999998 0
1890.0 365.6559999999999 19 1890.0 0.0 0 -85 130.58700000000002 49.533 0
1350.0 201.81199999999993 13 1350.0 -10.0 0 -52 64.50199999999997 41.84899999999999 2
1800.0 267.73699999999997 19 1800.0 0.0 0 -65 98.28099999999999 60.183 0
2250.0 372.26999999999987 21 2250.0 0.0 0 -87 134.48699999999997 79.275 0
2910.0 366.95399999999995 16 2910.0 0.0 0 -81 132.284 113.97099999999998 0
1200.0 262.04 20 1200.0 -10.0 0 -59 89.17299999999997 61.466999999999985 2
1410.0 231.24699999999993 19 1410.0 0.0 0 -59 77.63599999999997 51.382999999999996 0
1380.0 280.09499999999986 20 1380.0 0.0 0 -68 93.41499999999995 57.41599999999999 0
2220.0 268.32300000000004 17 2220.0 0.0 0 -64 93.89100000000003 85.24299999999997 0
2070.0 309.17399999999986 19 2070.0 0.0 0 -75 105.17200000000001 73.88799999999999 0
1650.0 241.10499999999993 16 1650.0 0.0 0 -64 65.246 65.847 0
2130.0 259.93899999999996 18 2130.0 0.0 0 -71 60.06199999999999 69.55100000000002 0
2070.0 275.517 25 2070.0 0.0 0 -72 91.86399999999999 63.61699999999999 0
1590.0 230.0539999999999 17 1590.0 0.0 0 -60 69.13799999999999 59.740999999999985 0
2190.0 264.61400000000003 13 2190.0 0.0 0 -59 89.359 84.62299999999998 0
1860.0 322.30799999999994 23 1860.0 -470.0 31 -79 97.39199999999998 71.91599999999998 94
2010.0 320.443 22 2010.0 0.0 0 -77 104.11199999999998 81.20599999999999 0
1590.0 258.234 21 1590.0 0.0 0 -63 90.25699999999998 62.974999999999994 0
2280.0 202.39499999999995 19 2280.0 -10.0 1 -58 64.351 63.27799999999998 2
2520.0 317.00399999999996 17 2520.0 -260.0 17 -77 123.73 78.06199999999998 52
1740.0 237.52299999999994 12 1740.0 0.0 0 -60 66.57399999999997 64.581 0
1920.0 254.54399999999993 15 1920.0 0.0 0 -65 85.28699999999999 70.808 0
2580.0 334.06999999999994 18 2580.0 0.0 0 -82 119.85399999999998 93.37699999999998 0
1650.0 274.377 21 1650.0 0.0 0 -68 95.20099999999996 62.346999999999994 0
2220.0 290.8379999999999 19 2220.0 0.0 0 -80 89.24500000000002 77.46299999999997 0
1980.0 333.40099999999984 24 1980.0 0.0 0 -76 132.44099999999992 68.94899999999998 0
1530.0 224.34999999999994 17 1530.0 0.0 0 -56 73.77999999999999 53.41499999999999 0
930.0 132.13099999999994 13 930.0 0.0 0 -37 44.39999999999998 29.817 0
2520.0 267.8599999999999 17 2520.0 0.0 0 -74 65.22699999999998 66.19499999999998 0
3120.0 344.29999999999984 22 3120.0 0.0 0 -81 116.48199999999999 115.24100000000003 0
1650.0 205.38399999999996 17 1650.0 0.0 0 -54 69.55599999999998 64.88499999999999 0
2040.0 301.79599999999994 21 2040.0 0.0 0 -73 102.665 78.09299999999999 0
2700.0 347.26800000000003 19 2700.0 -10.0 0 -76 121.095 98.794 2
2070.0 275.9299999999999 22 2070.0 0.0 0 -66 111.24099999999996 68.376 0
2250.0 272.0719999999999 20 2250.0 0.0 0 -64 87.04099999999998 83.65000000000003 0
1920.0 287.6739999999999 22 1920.0 0.0 0 -67 109.87599999999999 73.17899999999996 0
1740.0 244.44399999999993 18 1740.0 0.0 0 -65 73.208 52.432999999999986 0
1200.0 222.92299999999994 14 1200.0 0.0 0 -48 83.98699999999998 62.66000000000001 0
1950.0 289.75499999999994 19 1950.0 0.0 0 -73 100.92999999999998 71.29799999999999 0
1440.0 195.89499999999992 15 1440.0 0.0 0 -50 61.92799999999997 36.651 0
2190.0 307.72799999999995 17 2190.0 0.0 0 -79 93.36199999999995 84.871 0
1830.0 262.63 18 1830.0 0.0 0 -67 86.208 66.447 0
1050.0 168.847 14 1050.0 0.0 0 -45 51.321999999999996 37.981999999999985 0
1860.0 255.30499999999995 18 1860.0 0.0 0 -66 94.53999999999998 58.65200000000001 0
1800.0 211.55100000000007 14 1800.0 0.0 0 -51 72.12600000000002 64.15599999999996 0
2160.0 271.461 18 2160.0 0.0 0 -70 71.94299999999998 77.74199999999999 0
3540.0 471.3449999999999 23 3540.0 -255.0 85 -109 154.95299999999995 136.651 17
2310.0 254.33199999999994 15 2310.0 -20.0 0 -65 82.66299999999998 84.66900000000001 4
2520.0 297.26699999999994 18 2520.0 0.0 0 -78 86.87100000000001 79.849 0
1590.0 200.096 13 1590.0 0.0 0 -52 63.033000000000015 48.72599999999998 0
1650.0 258.405 18 1650.0 0.0 0 -68 62.848999999999975 58.599000000000004 0
2310.0 305.474 18 2310.0 0.0 0 -68 110.47699999999999 92.96399999999997 0
1440.0 248.13500000000002 19 1440.0 -25.0 1 -66 72.53099999999999 60.492999999999995 5
1530.0 212.44 18 1530.0 0.0 0 -50 77.464 48.812000000000005 0
2190.0 288.692 15 2190.0 0.0 0 -66 99.12299999999999 80.00700000000003 0
1560.0 218.78699999999998 14 1560.0 0.0 0 -54 80.707 58.88099999999999 0
1440.0 241.30299999999994 17 1440.0 0.0 0 -64 76.945 49.95299999999999 0
1590.0 261.16799999999995 15 1590.0 0.0 0 -68 74.87899999999998 64.89399999999999 0
2790.0 320.74600000000004 15 2790.0 -80.0 8 -77 99.91100000000003 105.78199999999998 16
2250.0 309.564 23 2250.0 0.0 0 -84 88.96399999999998 78.80299999999998 0
2250.0 277.06899999999996 18 2250.0 -265.0 6 -76 75.90599999999999 70.908 53
3150.0 322.1549999999999 15 3150.0 0.0 0 -75 116.82600000000005 107.00499999999997 0
2040.0 343.26300000000003 19 2040.0 0.0 0 -75 127.00200000000004 76.583 0
2190.0 289.9709999999999 20 2190.0 0.0 0 -77 101.95399999999995 69.24499999999999 0
3000.0 328.10500000000013 22 3000.0 0.0 0 -73 129.426 103.55099999999999 0
1590.0 254.85799999999995 21 1590.0 -15.0 0 -63 85.50800000000001 59.647 3
2940.0 339.07900000000006 22 2940.0 0.0 0 -81 118.58700000000002 93.84099999999997 0
2100.0 285.85999999999984 22 2100.0 0.0 0 -80 83.73199999999997 65.67499999999998 0
1710.0 263.4109999999999 17 1710.0 0.0 0 -69 94.78199999999998 49.230999999999995 0
1500.0 226.50699999999995 18 1500.0 0.0 0 -54 82.41499999999996 57.163 0
2070.0 269.533 20 2070.0 0.0 0 -68 91.90100000000004 71.98799999999999 0
1410.0 163.22299999999998 14 1410.0 0.0 0 -48 54.98599999999999 40.88699999999999 0
1860.0 271.103 19 1860.0 0.0 0 -71 89.24599999999998 54.49799999999999 0
1260.0 184.13199999999995 15 1260.0 0.0 0 -48 55.309 44.96499999999999 0
1530.0 228.829 18 1530.0 0.0 0 -55 69.923 63.57799999999998 0
1590.0 257.1209999999999 20 1590.0 0.0 0 -62 65.48699999999998 61.277 0
2130.0 327.5259999999999 21 2130.0 0.0 0 -74 120.73599999999998 80.04600000000002 0
1530.0 246.3049999999999 15 1530.0 0.0 0 -62 74.19199999999998 64.647 0
1350.0 211.26199999999997 16 1350.0 0.0 0 -50 76.60199999999999 51.655 0
1530.0 275.7779999999999 19 1530.0 0.0 0 -61 108.28299999999996 59.60899999999997 0
2520.0 300.49199999999996 17 2520.0 -20.0 0 -69 100.81599999999997 104.15 4
1890.0 264.19399999999996 22 1890.0 0.0 0 -58 93.49899999999997 78.64000000000001 0
1860.0 184.83300000000003 13 1860.0 0.0 0 -39 74.73600000000002 73.46899999999997 0
2580.0 273.97900000000004 14 2580.0 0.0 0 -63 101.28700000000002 90.86499999999997 0
1650.0 292.85499999999996 26 1650.0 -15.0 1 -77 90.96599999999997 63.26299999999999 3
1590.0 238.48300000000003 21 1590.0 0.0 0 -60 90.12499999999996 55.09899999999999 0
1680.0 237.79899999999998 18 1680.0 0.0 0 -63 79.97599999999998 56.763999999999996 0
1980.0 291.607 19 1980.0 0.0 0 -65 122.94600000000001 66.826 0
1170.0 245.26999999999998 19 1170.0 0.0 0 -61 97.40999999999997 37.693 0
1770.0 300.577 23 1770.0 0.0 0 -78 81.71199999999999 60.663 0
2460.0 356.0109999999999 19 2460.0 0.0 0 -80 133.45499999999996 89.96499999999997 0
2190.0 271.70899999999995 15 2190.0 -15.0 1 -63 99.41000000000001 74.36999999999998 3
2820.0 310.58099999999985 22 2820.0 0.0 0 -79 109.141 91.77399999999999 0
1710.0 259.64599999999996 18 1710.0 0.0 0 -65 84.41099999999997 61.32499999999999 0
1650.0 209.91200000000003 13 1650.0 0.0 0 -53 74.60200000000003 59.40400000000001 0
1770.0 242.55099999999987 16 1770.0 0.0 0 -59 77.80899999999997 60.41399999999999 0
2520.0 297.84999999999985 19 2520.0 0.0 0 -77 85.40199999999997 93.001 0
1830.0 232.07100000000005 18 1830.0 0.0 0 -59 77.64900000000002 57.68399999999997 0
2160.0 256.6419999999999 17 2160.0 0.0 0 -65 92.024 66.03699999999998 0
1680.0 317.27499999999986 23 1680.0 0.0 0 -75 133.998 51.834999999999994 0
1530.0 190.898 16 1530.0 -5.0 0 -51 69.37899999999999 51.474 1
2220.0 269.7129999999999 15 2220.0 0.0 0 -70 76.267 75.90399999999997 0
2580.0 347.0079999999999 19 2580.0 -405.0 33 -85 121.82899999999995 89.00599999999999 81
2640.0 397.9650000000002 24 2640.0 0.0 0 -91 139.18499999999997 84.67199999999995 0
1260.0 209.39999999999992 14 1260.0 -70.0 1 -49 67.31300000000002 39.596999999999994 14
1020.0 196.45299999999997 17 1020.0 -20.0 0 -53 62.969999999999985 41.788000000000004 4
2280.0 362.53599999999983 18 2280.0 0.0 0 -77 144.79199999999994 92.315 0
1200.0 181.09299999999996 14 1200.0 0.0 0 -40 70.13099999999999 50.096999999999994 0
1590.0 266.948 16 1590.0 0.0 0 -59 106.61199999999998 64.13199999999998 0
2190.0 332.2439999999998 21 2190.0 0.0 0 -81 92.92299999999999 93.90399999999998 0
2340.0 282.1730000000001 13 2340.0 0.0 0 -62 108.82800000000009 76.89999999999996 0
1680.0 206.54799999999992 13 1680.0 -30.0 2 -43 87.22699999999993 64.48400000000001 6
1470.0 211.10299999999995 20 1470.0 0.0 0 -59 71.09199999999996 44.084 0
1080.0 207.19799999999992 15 1080.0 0.0 0 -54 70.725 35.521 0
2640.0 317.72400000000005 18 2640.0 0.0 0 -76 115.89100000000002 92.38899999999998 0
1800.0 268.77299999999997 19 1800.0 0.0 0 -64 101.91899999999995 64.97399999999998 0
1620.0 273.365 19 1620.0 0.0 0 -63 89.08099999999996 69.43099999999998 0
2250.0 234.24 17 2250.0 0.0 0 -57 87.874 79.08599999999994 0
1980.0 247.07700000000003 17 1980.0 0.0 0 -71 56.84399999999999 73.736 0
1410.0 209.98999999999995 15 1410.0 0.0 0 -52 62.093999999999994 53.17299999999998 0
1800.0 283.151 23 1800.0 0.0 0 -67 109.45999999999997 64.53799999999998 0
1860.0 310.881 21 1860.0 0.0 0 -74 112.42099999999998 59.022 0
1530.0 259.57599999999996 17 1530.0 0.0 0 -62 91.49599999999998 55.023999999999994 0
1530.0 286.7679999999998 18 1530.0 0.0 0 -66 107.25899999999996 58.958 0
1290.0 225.79399999999998 20 1290.0 0.0 0 -53 75.98799999999999 51.62099999999999 0
1770.0 263.1949999999999 20 1770.0 0.0 0 -68 91.56599999999997 55.69799999999998 0
1290.0 190.413 15 1290.0 0.0 0 -50 59.30599999999998 48.785 0
1650.0 326.52500000000003 21 1650.0 0.0 0 -80 102.40199999999999 70.353 0
2400.0 315.815 19 2460.0 0.0 0 -81 91.18899999999998 90.877 0
2040.0 254.69199999999998 18 2040.0 0.0 0 -68 86.99899999999997 68.766 0
1710.0 250.40300000000005 19 1710.0 0.0 0 -67 66.67699999999998 58.63699999999999 0
1410.0 207.38599999999994 16 1410.0 0.0 0 -55 69.07399999999998 44.980999999999995 0
1770.0 244.049 20 1770.0 0.0 0 -63 93.773 51.51400000000001 0
2040.0 290.002 19 2040.0 0.0 0 -69 92.71399999999998 85.13200000000002 0
1530.0 214.51199999999994 18 1530.0 0.0 0 -54 71.41699999999997 53.607 0
2520.0 312.89 16 2520.0 0.0 0 -73 102.47000000000001 97.17199999999997 0
2430.0 261.543 19 2430.0 0.0 0 -74 78.011 73.75799999999998 0
2190.0 272.65000000000003 15 2190.0 0.0 0 -62 95.67600000000002 82.329 0
1710.0 254.127 19 1710.0 0.0 0 -69 78.14299999999997 56.081999999999994 0
2730.0 356.77799999999985 24 2730.0 -450.0 37 -88 127.68699999999998 95.218 90
2010.0 222.48999999999995 14 2010.0 0.0 0 -61 57.14599999999999 65.78200000000001 0
2280.0 358.61699999999996 16 2280.0 0.0 0 -86 106.90999999999998 94.69100000000002 0
1770.0 208.90099999999998 15 1770.0 0.0 0 -54 73.60299999999998 58.573999999999984 0
2640.0 374.4249999999998 18 2640.0 0.0 0 -83 147.47699999999995 94.029 0
1950.0 252.14799999999997 21 1950.0 0.0 0 -63 87.84200000000001 57.01899999999999 0
1890.0 316.834 18 1890.0 0.0 0 -71 118.76899999999998 76.61399999999999 0
1770.0 256.345 19 1770.0 0.0 0 -68 68.29999999999997 55.78800000000002 0
2010.0 268.522 18 2010.0 0.0 0 -60 93.31999999999998 77.394 0
1650.0 257.3519999999999 18 1650.0 0.0 0 -60 92.66399999999997 68.61599999999999 0
1530.0 223.6649999999999 17 1530.0 0.0 0 -57 78.04599999999996 49.569999999999986 0
1770.0 266.4759999999999 14 1770.0 0.0 0 -58 93.47099999999995 71.961 0
1980.0 271.6259999999999 21 1980.0 0.0 0 -61 97.49799999999998 82.36999999999999 0
1020.0 200.99299999999994 14 1020.0 0.0 0 -46 75.90299999999998 35.772999999999996 0
1770.0 284.03 16 1770.0 0.0 0 -76 76.463 64.788 0
1440.0 201.36299999999994 18 1440.0 -10.0 0 -57 56.44499999999999 51.905 2
1890.0 282.995 21 1890.0 0.0 0 -69 105.714 67.74400000000001 0
1770.0 354.734 22 1770.0 0.0 0 -81 137.34499999999997 66.44399999999997 0
1440.0 236.96699999999996 21 1440.0 0.0 0 -64 68.616 59.227999999999994 0
2310.0 313.2950000000001 20 2310.0 0.0 0 -73 116.91999999999997 83.44199999999998 0
1470.0 223.26299999999992 17 1470.0 0.0 0 -59 73.70899999999999 46.821999999999996 0
1260.0 199.26299999999995 15 1260.0 0.0 0 -49 60.892 51.87399999999999 0
1890.0 217.19500000000002 17 1890.0 0.0 0 -55 67.00400000000002 62.005999999999965 0
2370.0 295.7810000000001 21 2370.0 -200.0 23 -76 88.88099999999999 87.82099999999997 40
3000.0 328.28000000000003 14 3000.0 0.0 0 -79 115.27900000000004 95.403 0
1590.0 226.68 20 1590.0 -5.0 0 -60 69.93299999999999 55.782999999999994 1
1230.0 192.25199999999995 20 1230.0 0.0 0 -53 61.859999999999985 36.189 0
1800.0 235.306 17 1800.0 0.0 0 -64 81.93699999999998 61.74599999999999 0
2160.0 271.56999999999994 17 2160.0 -335.0 27 -77 63.69499999999999 72.14600000000002 67
2490.0 323.7099999999999 15 2490.0 -460.0 11 -74 106.29600000000003 97.62599999999998 92
1710.0 270.58099999999996 21 1710.0 0.0 0 -71 89.64899999999999 53.01799999999999 0
2250.0 266.90199999999993 17 2250.0 0.0 0 -68 78.06099999999998 82.72899999999997 0
2220.0 284.66700000000003 19 2220.0 0.0 0 -66 107.21000000000001 88.31999999999996 0
1560.0 291.898 24 1560.0 -10.0 0 -66 104.53599999999997 70.54200000000002 2
1350.0 301.50599999999986 20 1350.0 0.0 0 -56 126.46600000000002 69.78899999999999 0
1380.0 221.18199999999987 22 1380.0 0.0 0 -54 76.00599999999999 48.233999999999995 0
2010.0 223.60299999999995 20 2010.0 0.0 0 -69 64.78899999999999 40.858999999999995 0
1590.0 274.26800000000003 19 1590.0 0.0 0 -66 96.064 61.653999999999996 0
1860.0 300.772 21 1860.0 -210.0 13 -77 106.531 59.19 42
1980.0 281.163 20 1980.0 0.0 0 -75 86.84699999999998 71.30199999999998 0
1110.0 208.14899999999994 19 1110.0 0.0 0 -52 63.87099999999999 50.57199999999999 0
1530.0 252.79599999999996 20 1530.0 0.0 0 -63 83.628 56.76599999999999 0
1230.0 240.5459999999999 20 1230.0 0.0 0 -61 73.10099999999998 41.577999999999996 0
2220.0 318.52599999999984 19 2220.0 -155.0 12 -78 103.19300000000001 89.52399999999999 31
1800.0 287.36099999999993 19 1800.0 0.0 0 -71 98.966 67.66099999999997 0
1860.0 259.53800000000007 20 1860.0 0.0 0 -65 79.05799999999999 69.87299999999996 0
1470.0 279.56399999999996 25 1470.0 0.0 0 -69 90.77999999999997 56.88399999999999 0
1950.0 267.291 21 1950.0 0.0 0 -72 83.76299999999996 62.85 0
2250.0 344.5819999999999 19 2250.0 -430.0 35 -80 128.07099999999997 72.34399999999997 86
1890.0 233.91699999999997 16 1890.0 0.0 0 -60 73.27199999999999 71.353 0
2010.0 311.74599999999987 20 2010.0 0.0 0 -71 108.00399999999996 82.16999999999999 0
2010.0 269.23599999999993 17 2010.0 0.0 0 -65 92.34 70.964 0
1650.0 267.67699999999996 22 1650.0 -15.0 1 -59 99.38899999999997 77.418 3
1440.0 293.6229999999999 16 1500.0 0.0 0 -65 96.99399999999996 70.17399999999999 0
1710.0 248.95799999999994 18 1710.0 0.0 0 -66 75.00799999999997 59.15899999999999 0
1710.0 282.90899999999993 19 1710.0 0.0 0 -76 95.96499999999995 44.908 0
1320.0 208.417 20 1320.0 -10.0 0 -59 64.50399999999999 41.82999999999999 2
2010.0 302.2949999999999 14 2010.0 0.0 0 -71 104.25299999999997 71.80199999999999 0
1560.0 262.2339999999999 19 1560.0 0.0 0 -64 74.60199999999996 65.24599999999998 0
2280.0 282.92099999999994 21 2280.0 -5.0 0 -57 123.06199999999998 91.01399999999997 1
1800.0 260.878 20 1800.0 0.0 0 -69 92.04199999999999 54.08999999999999 0
1020.0 182.234 18 1020.0 0.0 0 -44 69.65499999999997 44.415 0
1830.0 270.068 20 1830.0 0.0 0 -68 78.58799999999998 61.075 0
2280.0 371.91999999999985 19 2280.0 0.0 0 -72 138.957 107.588 0
1830.0 279.265 18 1830.0 0.0 0 -73 86.83600000000001 67.076 0
2640.0 306.4219999999999 21 2640.0 0.0 0 -74 116.42400000000006 95.57499999999999 0
1860.0 252.12699999999998 14 1860.0 0.0 0 -57 92.22200000000004 72.371 0
1770.0 253.84399999999997 18 1770.0 0.0 0 -67 79.07399999999997 61.584999999999994 0
2430.0 340.15700000000004 23 2430.0 -70.0 9 -86 110.21199999999999 94.48499999999999 14
1860.0 296.89700000000005 25 1860.0 0.0 0 -73 97.68599999999995 74.42600000000003 0
1950.0 313.3799999999999 26 1950.0 0.0 0 -76 114.5749999999999 68.79899999999999 0
2640.0 334.97699999999986 19 2640.0 -110.0 14 -75 136.18200000000002 91.68499999999997 22
1980.0 261.62100000000004 20 1980.0 0.0 0 -67 92.404 70.216 0
1530.0 283.83900000000006 20 1530.0 0.0 0 -69 97.27300000000001 62.233 0
3135.0 376.8770000000001 16 3390.0 -255.0 85 -89 99.98900000000005 125.63699999999996 17
1920.0 297.61800000000005 23 1920.0 -30.0 2 -67 125.15199999999999 66.83399999999997 6
1710.0 285.41099999999994 21 1710.0 0.0 0 -64 108.66799999999995 68.38399999999999 0
2040.0 245.00199999999998 18 2040.0 0.0 0 -64 74.14599999999999 73.60399999999998 0
1710.0 256.57399999999996 21 1710.0 0.0 0 -69 80.708 59.01199999999998 0
1590.0 272.72100000000006 17 1590.0 0.0 0 -61 93.15299999999999 68.72999999999999 0
1230.0 250.95699999999997 19 1230.0 0.0 0 -61 84.72899999999998 46.55299999999998 0
1710.0 312.80299999999994 28 1710.0 0.0 0 -79 121.25799999999995 68.51599999999999 0
1620.0 228.12199999999996 18 1620.0 0.0 0 -59 71.19799999999998 54.73799999999999 0
2220.0 338.3979999999999 20 2220.0 -475.0 31 -87 104.33199999999998 87.14100000000002 95
1920.0 291.42799999999994 20 1920.0 0.0 0 -65 116.76799999999999 72.77899999999998 0
2280.0 314.31899999999996 18 2280.0 0.0 0 -78 93.81199999999998 84.71199999999997 0
2220.0 312.7879999999999 22 2220.0 -115.0 9 -83 102.707 71.422 23
2070.0 319.96399999999994 22 2130.0 0.0 0 -75 99.68299999999999 89.78200000000001 0
1920.0 285.453 22 1920.0 0.0 0 -67 97.05799999999996 86.92599999999997 0
1980.0 269.30899999999997 17 1980.0 0.0 0 -60 99.299 81.678 0
2220.0 274.5530000000001 18 2220.0 0.0 0 -67 103.00300000000001 71.96699999999998 0
2250.0 289.3259999999999 16 2250.0 0.0 0 -77 89.71700000000001 76.24799999999998 0
1560.0 228.29899999999998 22 1560.0 -25.0 0 -54 76.589 56.208999999999996 5
2010.0 256.272 18 2010.0 0.0 0 -69 85.56299999999996 59.21199999999998 0
1590.0 245.142 19 1590.0 0.0 0 -58 80.46400000000001 62.28799999999998 0
1380.0 285.6499999999999 21 1380.0 0.0 0 -68 102.30299999999994 40.70799999999999 0
2010.0 294.7029999999999 22 2010.0 0.0 0 -65 107.31699999999996 85.47700000000002 0
1620.0 227.92699999999996 16 1620.0 0.0 0 -60 61.97200000000002 54.93099999999998 0
1950.0 305.319 17 1950.0 0.0 0 -72 113.11900000000006 73.73699999999997 0
1890.0 217.96699999999996 17 1890.0 -20.0 2 -63 70.219 63.42299999999997 4
2460.0 299.8960000000001 23 2460.0 -5.0 0 -75 103.58800000000001 87.19900000000001 1
1470.0 160.43300000000005 10 1470.0 0.0 0 -41 56.84100000000001 44.794 0
1980.0 282.187 21 1980.0 0.0 0 -69 98.445 75.64299999999999 0
2160.0 294.00399999999996 18 2160.0 -20.0 1 -70 106.38200000000002 78.423 4
1950.0 295.1180000000001 22 1950.0 0.0 0 -65 105.62700000000002 73.619 0
1800.0 311.83600000000007 20 1800.0 0.0 0 -71 110.856 74.26599999999999 0
2340.0 330.6149999999999 20 2340.0 0.0 0 -80 114.15499999999999 86.165 0
1710.0 265.183 21 1830.0 0.0 0 -64 91.44800000000002 59.83499999999998 0
2100.0 273.51800000000003 16 2100.0 0.0 0 -61 104.42399999999996 76.38699999999997 0
1680.0 278.1579999999999 18 1680.0 0.0 0 -66 100.536 50.531 0
2190.0 248.12499999999997 18 2190.0 0.0 0 -62 74.66799999999999 78.80999999999999 0
1410.0 270.51499999999993 16 1410.0 0.0 0 -66 100.90299999999995 45.824 0
1800.0 239.46799999999993 16 1800.0 0.0 0 -65 70.489 56.56 0
1830.0 239.8409999999999 13 1830.0 0.0 0 -59 65.515 69.75200000000001 0
1500.0 259.5919999999999 18 1500.0 0.0 0 -58 95.268 57.596 0
1770.0 230.15399999999994 15 1770.0 0.0 0 -51 85.843 61.066 0
1860.0 348.56699999999995 27 1860.0 0.0 0 -82 132.552 73.38499999999998 0
2490.0 309.06899999999996 18 2490.0 -20.0 1 -73 112.74199999999999 92.11699999999995 4
1860.0 277.22700000000003 18 1860.0 0.0 0 -65 96.88399999999997 75.377 0
2250.0 330.8989999999999 24 2250.0 0.0 0 -87 119.80799999999999 70.05099999999999 0
1170.0 213.0 16 1170.0 0.0 0 -52 72.73199999999997 47.226 0
1650.0 260.10999999999996 22 1650.0 0.0 0 -75 71.70999999999998 49.517 0
3090.0 330.29999999999984 17 3090.0 0.0 0 -79 104.674 116.51799999999999 0
2160.0 298.193 19 2160.0 0.0 0 -83 93.21800000000002 66.21000000000001 0
1590.0 283.9249999999999 20 1590.0 0.0 0 -71 76.88399999999999 60.945999999999984 0
1800.0 352.3470000000001 18 1800.0 -25.0 1 -75 139.72599999999997 77.62999999999994 5
1500.0 216.92799999999997 21 1500.0 0.0 0 -49 78.04699999999997 64.78399999999998 0
1740.0 290.0919999999999 24 1740.0 -15.0 1 -75 95.53499999999997 66.399 3
2250.0 256.7289999999999 19 2250.0 0.0 0 -67 77.51099999999997 79.18199999999997 0
1800.0 273.8129999999999 22 1800.0 0.0 0 -64 91.39699999999998 69.03499999999998 0
2520.0 323.928 19 2520.0 -5.0 0 -73 127.45599999999999 92.66899999999997 1
1950.0 306.04299999999995 23 1950.0 0.0 0 -75 114.40699999999997 67.914 0
1800.0 264.039 19 1800.0 0.0 0 -57 99.822 82.02499999999999 0
2460.0 316.659 24 2460.0 -25.0 1 -70 123.31700000000001 93.38599999999995 5
2460.0 377.889 22 2460.0 -190.0 4 -90 134.254 93.35399999999998 38
1680.0 239.57899999999998 20 1680.0 0.0 0 -61 82.36199999999997 56.772000000000006 0
2580.0 316.772 18 2580.0 -140.0 6 -79 112.91499999999999 81.20699999999998 28
2040.0 296.7029999999999 19 2040.0 0.0 0 -77 93.567 69.063 0
1830.0 256.85699999999997 16 1830.0 -5.0 0 -62 83.759 60.26 1
2940.0 327.1939999999999 21 2940.0 0.0 0 -84 112.52199999999998 97.39299999999999 0
1170.0 251.24699999999996 15 1170.0 0.0 0 -59 80.74200000000002 57.69099999999999 0
1440.0 235.46799999999993 18 1440.0 0.0 0 -55 79.85299999999998 64.616 0
2010.0 335.5819999999999 20 2010.0 0.0 0 -77 113.18499999999996 83.39699999999998 0
1800.0 261.66499999999996 23 1800.0 0.0 0 -62 93.59599999999996 57.47200000000001 0
1710.0 262.15500000000003 21 1710.0 0.0 0 -57 102.54499999999997 81.80099999999997 0
1500.0 206.99399999999997 19 1500.0 -5.0 0 -58 70.33599999999998 51.16899999999999 1
1680.0 274.16700000000003 21 1680.0 0.0 0 -62 103.20299999999999 66.931 0
1440.0 242.24099999999999 18 1440.0 0.0 0 -65 76.19299999999997 48.35600000000001 0
1680.0 286.7919999999999 21 1680.0 0.0 0 -65 102.84799999999997 73.34999999999998 0
1980.0 293.459 19 1980.0 0.0 0 -72 104.751 66.41799999999999 0
2760.0 308.45199999999994 18 2760.0 0.0 0 -75 98.66499999999998 105.11899999999999 0
1680.0 281.74 19 1680.0 0.0 0 -74 80.80699999999997 66.19100000000002 0
1860.0 272.46899999999994 22 1860.0 0.0 0 -64 106.26299999999999 62.897999999999996 0
1980.0 219.449 13 1980.0 0.0 0 -48 90.36099999999999 71.027 0
1890.0 261.908 20 1890.0 0.0 0 -64 89.238 67.71699999999997 0
1500.0 254.54999999999998 19 1500.0 -30.0 0 -64 80.56899999999997 60.02400000000001 6
2220.0 309.16999999999996 19 2220.0 -195.0 16 -80 93.17599999999999 80.88199999999999 39
1140.0 204.11399999999992 18 1140.0 0.0 0 -51 70.61699999999996 34.26199999999999 0
1200.0 197.179 15 1200.0 0.0 0 -47 77.83999999999999 44.783 0
1830.0 209.88000000000002 13 1830.0 0.0 0 -50 78.40700000000001 63.099 0
2430.0 301.72799999999984 21 2430.0 0.0 0 -77 99.97399999999999 85.36399999999998 0
1890.0 315.911 26 1890.0 0.0 0 -81 107.16299999999997 71.385 0
1770.0 241.73300000000006 18 1770.0 0.0 0 -63 79.64600000000003 62.278000000000006 0
2370.0 308.63599999999997 20 2370.0 -15.0 1 -77 103.04999999999997 85.129 3
2730.0 299.14000000000016 17 2730.0 -235.0 15 -75 91.70000000000002 93.47500000000002 47
1200.0 296.63599999999985 16 1200.0 0.0 0 -62 113.08799999999997 56.525000000000006 0
1770.0 273.7999999999999 20 1770.0 0.0 0 -67 106.38099999999993 61.39499999999998 0
1170.0 230.04999999999998 17 1170.0 0.0 0 -49 88.93699999999998 50.46299999999999 0
2310.0 310.376 20 2310.0 0.0 0 -76 94.24600000000001 94.648 0
1920.0 241.43899999999994 17 1920.0 0.0 0 -54 84.936 77.18199999999999 0
2100.0 294.09 19 2100.0 0.0 0 -79 92.54499999999999 66.455 0
1680.0 236.21799999999993 18 1680.0 0.0 0 -58 79.08399999999997 56.79999999999999 0
2430.0 295.729 24 2430.0 0.0 0 -66 107.78300000000002 90.79999999999995 0
2280.0 316.70599999999996 18 2280.0 0.0 0 -76 95.70499999999996 80.118 0
2130.0 360.6019999999998 24 2130.0 0.0 0 -84 127.99700000000001 90.086 0
1980.0 239.763 21 1980.0 0.0 0 -62 88.84999999999998 70.865 0
1680.0 263.61499999999995 19 1680.0 0.0 0 -65 100.00199999999998 62.63599999999999 0
1470.0 281.57199999999995 22 1470.0 0.0 0 -70 106.13799999999999 54.333000000000006 0
1410.0 176.61999999999998 11 1410.0 -15.0 0 -38 63.778999999999975 59.98699999999998 3
2310.0 283.5489999999999 23 2310.0 0.0 0 -74 104.92099999999998 72.88699999999999 0
1920.0 292.2359999999999 19 1920.0 -30.0 2 -67 97.54799999999996 75.27900000000001 6
1230.0 243.39399999999995 21 1230.0 0.0 0 -61 95.59799999999998 45.458 0
2430.0 349.66 24 2430.0 0.0 0 -87 124.32900000000001 89.95800000000001 0
1770.0 300.1169999999999 21 1770.0 0.0 0 -69 107.10899999999995 74.33 0
2130.0 288.17300000000006 21 2130.0 -25.0 1 -56 112.39500000000001 75.51199999999999 5
2430.0 315.54600000000005 16 2430.0 0.0 0 -66 121.69100000000005 95.73999999999995 0
2190.0 309.6639999999999 24 2190.0 -5.0 0 -76 112.33799999999995 75.94799999999998 1
1620.0 222.891 21 1620.0 0.0 0 -64 79.55799999999999 49.02700000000001 0
2340.0 261.896 18 2340.0 -30.0 0 -66 69.47699999999998 85.81999999999996 6
2490.0 301.34 21 2490.0 0.0 0 -74 102.47999999999996 86.132 0
1740.0 306.9089999999999 23 1740.0 0.0 0 -75 97.06099999999996 68.836 0
1680.0 224.462 21 1680.0 0.0 0 -68 58.27899999999999 54.79199999999998 0
2760.0 378.8799999999999 24 2760.0 0.0 0 -88 144.73700000000002 83.304 0
1950.0 271.9819999999999 22 1950.0 0.0 0 -71 74.196 54.370999999999995 0
2730.0 287.25800000000004 13 2730.0 0.0 0 -74 69.803 82.30699999999999 0
1830.0 258.8269999999999 22 1830.0 0.0 0 -72 79.05799999999996 61.489000000000004 0
2460.0 272.9 16 2460.0 0.0 0 -67 84.63299999999998 95.429 0
1200.0 191.96599999999998 15 1200.0 0.0 0 -53 54.57199999999999 44.23199999999999 0
1500.0 227.27999999999994 14 1500.0 0.0 0 -49 82.02400000000002 63.78999999999999 0
1530.0 215.571 15 1530.0 0.0 0 -55 75.28500000000001 58.882999999999996 0
1920.0 249.79899999999998 17 1920.0 0.0 0 -67 65.44799999999998 67.023 0
1920.0 241.56799999999998 20 1920.0 0.0 0 -66 73.79499999999999 66.84899999999999 0
2340.0 351.2259999999999 20 2340.0 0.0 0 -78 126.08899999999997 88.388 0
1440.0 301.6309999999999 22 1440.0 0.0 0 -63 129.23299999999995 56.195999999999984 0
1680.0 253.46299999999997 19 1680.0 0.0 0 -66 82.34099999999998 51.756999999999984 0
2310.0 304.17 18 2310.0 -30.0 0 -69 117.48299999999999 82.16899999999997 6
1410.0 197.39199999999988 14 1410.0 -20.0 1 -52 64.17899999999999 42.44699999999999 4
1920.0 280.30000000000007 15 1920.0 0.0 0 -68 85.499 70.73899999999998 0
1560.0 253.31199999999998 17 1560.0 0.0 0 -64 77.91699999999997 51.55299999999998 0
2070.0 290.7439999999999 20 2070.0 0.0 0 -75 93.69699999999997 72.333 0
2340.0 311.556 17 2340.0 0.0 0 -75 106.124 91.91199999999996 0
2370.0 292.8179999999998 17 2370.0 0.0 0 -72 76.38499999999999 96.206 0
1620.0 211.30899999999994 14 1620.0 0.0 0 -50 79.56400000000001 65.26399999999998 0
1800.0 263.4569999999999 21 1800.0 0.0 0 -70 74.71499999999999 62.861 0
2160.0 325.63399999999996 17 2160.0 -45.0 6 -81 100.477 86.36800000000002 9
1680.0 326.1369999999999 25 1680.0 0.0 0 -79 112.58499999999997 67.14599999999999 0
2070.0 312.904 17 2100.0 0.0 0 -70 114.91099999999997 76.486 0
2520.0 338.794 20 2520.0 0.0 0 -80 112.71500000000003 92.37299999999999 0
1890.0 239.857 18 1890.0 0.0 0 -65 91.31700000000001 58.90599999999998 0
2160.0 260.613 17 2160.0 0.0 0 -59 102.54800000000003 85.29199999999994 0
1740.0 324.55199999999996 16 1740.0 0.0 0 -75 101.34299999999996 82.55399999999999 0
1740.0 337.3929999999998 21 1740.0 -105.0 8 -75 115.57899999999995 86.401 21
1710.0 341.4699999999999 23 1710.0 0.0 0 -79 130.94899999999996 67.667 0
1800.0 274.703 15 1800.0 0.0 0 -63 96.95399999999998 73.905 0
1680.0 286.31099999999986 24 1680.0 0.0 0 -73 103.42699999999994 60.15899999999999 0
1350.0 215.6179999999999 18 1350.0 0.0 0 -56 68.38999999999999 53.32399999999999 0
2490.0 290.22899999999987 15 2490.0 -715.0 59 -77 74.71999999999998 91.55000000000007 143
2400.0 334.95500000000004 20 2400.0 0.0 0 -79 128.321 92.52 0
1980.0 257.59999999999997 19 1980.0 0.0 0 -67 92.541 59.11199999999998 0
1950.0 323.08099999999985 22 1950.0 0.0 0 -76 114.58799999999995 71.114 0
2370.0 335.90899999999993 21 2370.0 0.0 0 -70 127.82799999999999 82.45299999999999 0
1650.0 226.98900000000006 15 1650.0 0.0 0 -52 80.63300000000001 64.79099999999998 0
2220.0 333.54799999999994 19 2220.0 0.0 0 -86 103.52899999999997 66.08 0
2370.0 279.7419999999999 20 2370.0 0.0 0 -74 80.03799999999998 81.59100000000001 0
1980.0 288.222 16 1980.0 0.0 0 -71 95.262 54.16699999999999 0
2040.0 311.26899999999995 17 2040.0 0.0 0 -67 98.55299999999997 91.66499999999999 0
1620.0 240.72599999999997 20 1620.0 0.0 0 -65 70.99199999999998 53.056000000000004 0
1560.0 228.001 15 1560.0 0.0 0 -66 52.44899999999999 25.201000000000004 0
2040.0 260.319 18 2070.0 0.0 0 -57 88.245 79.19899999999997 0
1950.0 248.74599999999992 17 1950.0 0.0 0 -62 86.93299999999999 73.11099999999999 0
1530.0 210.66300000000004 19 1530.0 0.0 0 -57 59.56899999999999 48.29099999999998 0
2280.0 326.26099999999985 19 2280.0 0.0 0 -81 99.909 88.842 0
2400.0 271.50399999999996 15 2400.0 0.0 0 -73 69.31399999999998 76.74499999999998 0
1950.0 240.01200000000006 17 1950.0 0.0 0 -63 80.68400000000001 67.235 0
1800.0 284.476 17 1800.0 0.0 0 -61 111.95000000000002 73.95799999999997 0
1620.0 220.27099999999996 17 1620.0 0.0 0 -48 79.49799999999999 70.70299999999999 0
3030.0 331.44399999999996 16 3030.0 -160.0 4 -76 94.91499999999999 108.125 32
2100.0 289.1959999999999 16 2100.0 -280.0 18 -74 81.29299999999996 86.18500000000002 56
1950.0 298.91700000000003 19 1950.0 0.0 0 -74 93.08600000000003 86.18999999999998 0
1680.0 245.66500000000002 18 1680.0 0.0 0 -63 83.40399999999997 58.52799999999999 0
1860.0 254.572 14 1860.0 0.0 0 -65 77.783 77.14399999999996 0
1860.0 297.3789999999999 20 1860.0 0.0 0 -76 94.05199999999996 65.996 0
2400.0 289.85 19 2400.0 0.0 0 -77 92.43500000000002 81.44800000000001 0
2400.0 292.16100000000006 20 2400.0 -45.0 1 -67 115.84300000000002 88.04199999999997 9
2160.0 273.9849999999999 20 2160.0 0.0 0 -73 88.612 69.05599999999998 0
2520.0 324.471 16 2520.0 0.0 0 -75 107.834 95.011 0
1590.0 307.44800000000004 22 1620.0 0.0 0 -70 107.12799999999999 72.649 0
2520.0 338.339 15 2520.0 -315.0 21 -75 112.65500000000003 105.01299999999996 63
1590.0 246.64799999999994 14 1590.0 0.0 0 -56 74.16399999999994 73.135 0
1830.0 276.782 18 1830.0 0.0 0 -73 79.81 65.44399999999999 0
1290.0 193.411 12 1290.0 0.0 0 -54 51.112 49.33299999999999 0
1350.0 225.6409999999999 17 1350.0 -10.0 0 -59 68.29799999999997 52.08999999999999 2
1620.0 198.35100000000006 14 1620.0 0.0 0 -49 67.54200000000003 60.60799999999999 0
1890.0 278.23 20 1890.0 0.0 0 -71 103.33299999999997 56.419 0
1830.0 322.6700000000001 21 1830.0 0.0 0 -84 109.05299999999995 69.14599999999999 0
1740.0 258.52 20 1740.0 0.0 0 -72 65.487 51.122 0
1470.0 232.45099999999988 18 1470.0 0.0 0 -55 81.96099999999998 59.98000000000001 0
1800.0 291.845 18 1800.0 0.0 0 -75 88.13 53.90899999999999 0
1770.0 298.58600000000007 17 1770.0 0.0 0 -73 104.00300000000001 64.031 0
2010.0 312.61499999999995 20 2010.0 0.0 0 -74 110.80099999999999 74.862 0
2190.0 277.3729999999998 16 2190.0 0.0 0 -71 84.01399999999997 84.07799999999999 0
2160.0 260.772 19 2160.0 -25.0 1 -67 79.555 54.40699999999997 5
1830.0 242.11299999999997 19 1830.0 0.0 0 -65 79.80199999999998 57.00899999999999 0
1500.0 243.11899999999994 20 1500.0 0.0 0 -64 88.99799999999998 48.205999999999996 0
1590.0 250.58000000000007 18 1590.0 0.0 0 -68 78.623 61.357000000000006 0
960.0 204.61599999999999 17 960.0 0.0 0 -56 63.14999999999999 34.388 0
2100.0 287.36899999999997 19 2100.0 0.0 0 -74 75.137 80.77700000000002 0
1950.0 264.23499999999996 17 1950.0 0.0 0 -64 87.85 77.72899999999997 0
1800.0 311.28200000000004 20 1800.0 0.0 0 -62 126.23399999999994 76.44299999999997 0
1350.0 188.517 16 1350.0 0.0 0 -51 69.451 35.038 0
1470.0 245.89599999999996 18 1470.0 0.0 0 -63 80.45599999999999 52.28299999999999 0
2400.0 350.0889999999999 14 2400.0 0.0 0 -82 118.07700000000001 87.59999999999998 0
2550.0 327.821 20 2550.0 -400.0 10 -80 101.30599999999998 85.79099999999997 80
1530.0 230.41299999999995 13 1530.0 0.0 0 -52 81.80099999999997 60.86799999999998 0
1650.0 239.2959999999999 17 1650.0 0.0 0 -63 61.34599999999999 44.92 0
1710.0 237.46899999999997 18 1710.0 0.0 0 -63 76.59399999999997 48.47299999999999 0
1200.0 227.91999999999993 20 1200.0 0.0 0 -56 86.59499999999997 50.098000000000006 0
1950.0 345.334 20 1950.0 0.0 0 -80 126.32 45.40799999999999 0
2100.0 321.61699999999996 19 2100.0 0.0 0 -81 110.32099999999997 74.2 0
1560.0 203.70999999999992 16 1560.0 0.0 0 -50 71.048 62.256 0
1410.0 198.18799999999996 17 1410.0 0.0 0 -59 55.000999999999976 32.32 0
1590.0 219.46200000000002 17 1590.0 0.0 0 -56 71.62300000000003 58.00899999999999 0
1560.0 237.93199999999996 16 1560.0 0.0 0 -62 67.71499999999999 61.55399999999999 0
1950.0 277.96999999999997 20 1950.0 0.0 0 -63 104.588 71.729 0
2220.0 270.0680000000001 14 2220.0 0.0 0 -61 95.94700000000005 85.39799999999998 0
1920.0 251.57499999999996 19 1920.0 0.0 0 -54 100.22099999999999 70.237 0
1560.0 288.07399999999996 17 1560.0 -260.0 21 -74 94.71799999999999 63.13399999999999 52
1410.0 254.95699999999994 22 1410.0 0.0 0 -62 94.17699999999998 49.38700000000001 0
1710.0 313.054 15 1710.0 -45.0 3 -77 100.229 69.22399999999999 9
1320.0 180.485 17 1320.0 0.0 0 -48 62.955 48.57499999999998 0
1950.0 323.8039999999999 22 1950.0 0.0 0 -69 119.42999999999999 84.13699999999997 0
1980.0 277.773 18 1980.0 0.0 0 -68 99.40700000000001 66.761 0
1260.0 210.04399999999993 21 1260.0 0.0 0 -48 79.77399999999997 46.316 0
1620.0 315.5679999999999 19 1620.0 0.0 0 -73 113.61799999999997 65.23100000000001 0
1980.0 254.268 17 1980.0 0.0 0 -65 87.69200000000001 69.22899999999998 0
2190.0 310.14899999999994 22 2190.0 0.0 0 -79 110.217 74.26099999999997 0
2070.0 284.641 19 2070.0 0.0 0 -64 119.53799999999998 64.30299999999997 0
2130.0 225.67599999999993 14 2130.0 -30.0 2 -58 80.09899999999998 65.05 6
2280.0 284.25199999999995 23 2280.0 0.0 0 -77 83.476 67.627 0
2040.0 307.3789999999999 17 2040.0 0.0 0 -70 104.59999999999995 80.16899999999997 0
1620.0 262.53 26 1620.0 0.0 0 -65 96.49 58.537 0
1650.0 249.88999999999996 17 1650.0 0.0 0 -56 99.28799999999995 64.92699999999999 0
2250.0 322.811 20 2250.0 0.0 0 -80 107.48199999999994 76.28599999999999 0
1470.0 199.61099999999993 14 1470.0 0.0 0 -49 67.35399999999998 53.19999999999999 0
2040.0 278.707 24 2040.0 -10.0 0 -80 94.86099999999998 57.0 2
1440.0 236.60300000000004 22 1440.0 0.0 0 -57 93.948 52.26 0
2070.0 303.148 17 2070.0 0.0 0 -67 121.73999999999995 78.76899999999993 0
2430.0 295.425 17 2430.0 0.0 0 -76 93.60999999999999 83.52099999999996 0
1980.0 338.6179999999999 25 1980.0 0.0 0 -86 124.82599999999996 65.567 0
1860.0 262.77899999999994 21 1860.0 0.0 0 -65 81.38499999999998 73.709 0
2940.0 377.07399999999996 15 2940.0 0.0 0 -76 147.03600000000006 115.47999999999999 0
1740.0 255.97099999999995 19 1740.0 0.0 0 -63 80.89999999999996 64.49699999999999 0
1530.0 200.62400000000005 16 1530.0 0.0 0 -51 73.597 51.168 0
1590.0 252.05899999999986 16 1590.0 0.0 0 -63 71.923 63.09999999999999 0
1530.0 213.219 14 1530.0 0.0 0 -53 69.81599999999997 47.08000000000002 0
1830.0 291.12099999999987 20 1830.0 0.0 0 -61 119.92199999999997 79.152 0
2520.0 399.29299999999984 23 2520.0 0.0 0 -90 139.25499999999997 96.948 0
2100.0 315.19 21 2100.0 0.0 0 -80 101.725 76.749 0
1620.0 247.1399999999999 19 1620.0 0.0 0 -70 82.63499999999999 43.55099999999999 0
2490.0 298.4309999999999 11 2490.0 0.0 0 -75 77.553 96.76600000000003 0
1770.0 162.49699999999993 16 1770.0 0.0 0 -54 49.59699999999998 29.669 0
2280.0 347.26399999999984 23 2280.0 0.0 0 -83 130.21699999999996 84.69999999999997 0
1800.0 272.8229999999999 17 1800.0 0.0 0 -67 94.18900000000001 55.835999999999984 0
2040.0 320.328 22 2040.0 0.0 0 -70 115.24399999999997 84.27099999999997 0
1680.0 275.35599999999994 19 1680.0 -5.0 0 -74 75.35999999999997 55.428 1
1710.0 255.43499999999992 16 1710.0 0.0 0 -55 89.27699999999997 80.75599999999999 0
2220.0 316.9009999999999 21 2220.0 0.0 0 -71 114.60000000000001 94.16699999999999 0
1830.0 263.81399999999996 20 1830.0 0.0 0 -68 84.41799999999998 61.45299999999999 0
1950.0 373.5769999999998 26 2190.0 0.0 0 -88 122.47399999999995 103.04299999999998 0
1500.0 234.00099999999992 17 1500.0 0.0 0 -58 78.48899999999999 43.28299999999999 0
1290.0 195.44099999999995 17 1290.0 -20.0 2 -50 59.43499999999998 44.672000000000004 4
1320.0 320.1049999999999 22 1320.0 0.0 0 -69 134.75300000000001 57.687 0
1650.0 259.84099999999984 19 1650.0 -25.0 2 -52 103.71999999999997 70.17399999999999 5
1950.0 301.39799999999997 19 1950.0 0.0 0 -67 118.38099999999997 76.47599999999997 0
2070.0 272.761 18 2070.0 0.0 0 -64 89.032 79.61099999999998 0
2340.0 330.5529999999998 20 2340.0 0.0 0 -77 106.77799999999999 85.858 0
2130.0 296.3819999999999 15 2130.0 -485.0 32 -77 84.15199999999999 72.50599999999999 97
1770.0 212.11000000000004 17 1770.0 0.0 0 -55 71.71499999999999 47.277999999999984 0
1680.0 346.2830000000001 23 1710.0 0.0 0 -68 124.636 83.927 0
1380.0 231.14599999999996 17 1380.0 0.0 0 -61 75.64699999999999 47.13700000000001 0
1650.0 233.17000000000002 17 1650.0 0.0 0 -59 77.82999999999998 55.186 0
2190.0 323.34 21 2190.0 -240.0 26 -84 110.54399999999997 70.926 48
1290.0 252.24099999999996 19 1290.0 0.0 0 -58 95.36799999999998 65.14200000000001 0
2760.0 347.47399999999993 26 2760.0 -35.0 2 -86 112.32699999999996 89.39500000000002 7
1260.0 236.67300000000006 18 1260.0 0.0 0 -55 97.40599999999998 41.25 0
1650.0 243.55299999999997 16 1650.0 0.0 0 -67 62.607999999999976 62.03199999999999 0
2190.0 296.54999999999995 19 2190.0 0.0 0 -68 117.05200000000002 82.02899999999998 0
1440.0 242.17599999999996 18 1440.0 0.0 0 -60 83.61099999999996 56.503 0
2400.0 304.33900000000006 17 2400.0 0.0 0 -66 114.17300000000003 91.76699999999998 0
2490.0 313.1069999999998 18 2490.0 0.0 0 -73 98.47 103.146 0
2340.0 380.19199999999984 23 2340.0 -40.0 2 -88 132.55200000000002 91.209 8
2250.0 279.0099999999999 19 2250.0 0.0 0 -72 89.03799999999995 75.68500000000003 0
2760.0 370.26899999999983 21 3030.0 -240.0 80 -90 112.47899999999996 105.79199999999997 16
1770.0 255.23800000000003 20 1770.0 0.0 0 -63 83.35499999999999 68.145 0
2430.0 313.4909999999998 15 2430.0 0.0 0 -71 117.95500000000003 91.78199999999998 0
1860.0 333.81699999999995 22 1860.0 0.0 0 -79 121.05199999999996 72.01199999999999 0
1770.0 315.94499999999994 21 1770.0 0.0 0 -73 109.06299999999997 73.28900000000002 0
1380.0 220.26899999999998 20 1380.0 0.0 0 -56 77.672 50.29899999999999 0
1500.0 235.67299999999997 17 1500.0 0.0 0 -64 64.62599999999999 58.68599999999999 0
1440.0 251.6349999999999 18 1440.0 0.0 0 -60 95.17299999999993 51.72700000000001 0
1890.0 282.84 18 1890.0 0.0 0 -75 83.942 74.317 0
1590.0 221.11500000000004 17 1590.0 0.0 0 -67 51.959 42.583 0
1830.0 264.51400000000007 19 1830.0 -5.0 0 -65 95.57499999999999 66.405 1
1620.0 221.4609999999999 17 1620.0 0.0 0 -51 75.44500000000002 67.154 0
2160.0 312.126 19 2160.0 0.0 0 -79 90.63700000000001 81.91999999999997 0
2160.0 292.37299999999993 22 2160.0 0.0 0 -71 101.30899999999997 71.80499999999998 0
1650.0 257.23900000000003 18 1650.0 0.0 0 -61 89.90499999999997 66.67099999999998 0
1620.0 266.6559999999999 14 1620.0 0.0 0 -64 75.24999999999996 64.96900000000002 0
2400.0 273.1869999999999 16 2400.0 0.0 0 -74 67.66399999999997 80.287 0
2340.0 322.6809999999998 20 2340.0 -15.0 1 -76 105.789 86.76899999999995 3
1500.0 271.68799999999993 20 1500.0 0.0 0 -66 83.36599999999997 62.18599999999999 0
1650.0 243.603 18 1650.0 -15.0 2 -59 86.63999999999997 63.85699999999999 3
1770.0 219.551 16 1770.0 0.0 0 -52 76.611 61.85999999999999 0
2250.0 328.95399999999995 21 2250.0 0.0 0 -76 129.32399999999996 82.36399999999999 0
1620.0 245.26899999999992 19 1620.0 0.0 0 -63 71.19699999999999 59.62100000000001 0
1620.0 248.04300000000003 17 1620.0 0.0 0 -65 83.198 60.006999999999984 0
2550.0 313.16200000000003 17 2550.0 0.0 0 -72 99.82500000000002 99.99300000000001 0
1950.0 295.25000000000006 17 1950.0 0.0 0 -75 95.59499999999997 60.981999999999985 0
3270.0 374.4780000000001 19 3270.0 0.0 0 -85 132.616 123.82199999999999 0
2550.0 327.1980000000001 16 2550.0 0.0 0 -85 84.867 99.48199999999997 0
2580.0 314.415 18 2580.0 0.0 0 -70 120.31500000000005 90.17499999999998 0
2040.0 321.4929999999998 20 2040.0 -10.0 0 -72 108.10200000000002 72.30799999999999 2
1860.0 296.0389999999999 21 1860.0 -75.0 10 -75 99.82399999999997 64.73699999999998 15
1770.0 316.47899999999987 21 1770.0 0.0 0 -74 109.13499999999998 76.473 0
2670.0 372.815 19 2670.0 0.0 0 -81 145.185 103.765 0
1680.0 300.25399999999985 25 1680.0 -250.0 27 -81 96.93999999999997 51.544000000000004 50
2280.0 294.121 18 2280.0 -610.0 66 -82 63.603000000000016 87.065 122
1470.0 292.52799999999996 23 1470.0 0.0 0 -75 88.975 61.61000000000001 0
1440.0 232.09599999999995 20 1440.0 0.0 0 -61 72.21099999999998 50.727 0
1920.0 318.9789999999999 20 1920.0 0.0 0 -84 83.318 76.77800000000002 0
2460.0 320.02099999999996 22 2460.0 0.0 0 -73 108.41299999999995 89.772 0
1890.0 200.68800000000005 16 1890.0 0.0 0 -61 34.797 61.69300000000001 0
1770.0 258.96199999999993 14 1770.0 0.0 0 -55 106.05900000000003 64.71699999999997 0
1980.0 281.087 20 1980.0 0.0 0 -64 112.006 73.15799999999999 0
1290.0 190.4 17 1290.0 0.0 0 -50 63.132 48.162 0
2820.0 361.50100000000003 22 2820.0 -105.0 13 -85 131.701 106.07699999999997 21
1800.0 319.97899999999987 18 1800.0 0.0 0 -74 122.35199999999992 70.76800000000001 0
1890.0 245.56699999999992 20 1890.0 0.0 0 -64 80.613 67.48799999999999 0
1560.0 260.73499999999996 20 1650.0 0.0 0 -71 80.22900000000001 49.305 0
1980.0 287.644 20 1980.0 0.0 0 -77 71.14399999999998 72.87700000000001 0
2880.0 345.8919999999999 21 2880.0 0.0 0 -86 110.04599999999998 111.57199999999997 0
1290.0 247.82799999999995 19 1290.0 0.0 0 -58 92.21399999999997 47.976 0
750.0 151.20899999999997 14 750.0 0.0 0 -38 44.17599999999999 35.129999999999995 0
2460.0 318.24999999999994 15 2460.0 -705.0 76 -80 91.24899999999998 92.98200000000001 141
1860.0 272.074 20 1860.0 0.0 0 -63 88.64799999999997 77.20599999999997 0
2430.0 267.72800000000007 16 2430.0 -30.0 3 -75 65.84199999999998 88.02000000000001 6
2190.0 292.83099999999996 20 2190.0 0.0 0 -73 84.64299999999999 58.226 0
2160.0 287.411 21 2160.0 0.0 0 -80 82.09399999999998 68.53 0
2130.0 294.904 19 2130.0 0.0 0 -67 110.17600000000002 78.79899999999994 0
1320.0 213.283 18 1320.0 0.0 0 -56 62.58399999999999 54.63199999999999 0
2310.0 261.136 18 2310.0 0.0 0 -68 85.18499999999997 62.921 0
1890.0 288.74999999999994 24 1890.0 0.0 0 -66 103.91 68.60499999999999 0
2010.0 284.51 19 2010.0 0.0 0 -76 98.05099999999997 61.13799999999999 0
1470.0 197.15699999999998 17 1470.0 0.0 0 -54 63.93599999999998 48.88299999999998 0
1440.0 240.99500000000003 23 1440.0 0.0 0 -62 81.60699999999999 47.232000000000006 0
2190.0 280.66900000000004 14 2190.0 0.0 0 -63 91.09600000000002 104.05499999999999 0
1500.0 247.581 18 1500.0 0.0 0 -57 88.87499999999997 54.361999999999995 0
1020.0 184.58799999999997 16 1020.0 0.0 0 -48 59.58999999999999 41.735 0
1830.0 240.04099999999994 17 1830.0 0.0 0 -60 76.76599999999999 61.59299999999998 0
1620.0 275.428 19 1620.0 0.0 0 -57 110.06899999999997 77.03699999999998 0
2370.0 403.17999999999995 21 2370.0 0.0 0 -88 150.73599999999996 95.04999999999998 0
2130.0 338.78299999999973 20 2130.0 0.0 0 -74 136.9759999999999 82.69800000000001 0
2550.0 327.9599999999998 18 2550.0 0.0 0 -76 105.38799999999999 101.51800000000001 0
1710.0 241.37199999999996 20 1710.0 0.0 0 -67 72.76899999999998 61.160999999999994 0
2400.0 311.429 19 2400.0 0.0 0 -72 104.37999999999998 104.31799999999998 0
1560.0 269.3169999999999 19 1560.0 0.0 0 -68 88.02799999999996 56.08000000000001 0
1950.0 256.25300000000004 21 1950.0 0.0 0 -68 90.83099999999999 61.526999999999994 0
1200.0 185.65899999999996 14 1200.0 0.0 0 -44 73.54999999999998 44.08899999999999 0
1770.0 299.506 15 1770.0 0.0 0 -66 119.66699999999997 72.648 0
1140.0 200.42599999999996 16 1140.0 0.0 0 -53 66.79799999999997 40.836 0
2340.0 277.42100000000005 19 2340.0 0.0 0 -61 100.86000000000003 87.29899999999998 0
1350.0 213.53799999999995 20 1350.0 0.0 0 -51 73.40799999999999 45.488 0
1470.0 205.117 20 1470.0 0.0 0 -60 65.97299999999998 40.16 0
1860.0 293.33799999999985 20 1860.0 0.0 0 -66 97.26799999999999 83.32699999999998 0
