410.0 488.05399999999986 10 1290.0 -1180.0 107 -111 154.157 59.352 118
3000.0 1008.3479999999994 18 4170.0 -1330.0 185 -230 277.86999999999995 195.92299999999997 133
1770.0 1008.7849999999996 20 3570.0 -1805.0 164 -238 283.679 170.51600000000002 181
2460.0 863.6969999999995 14 3240.0 -780.0 162 -186 283.08799999999997 149.64199999999997 78
2850.0 988.0869999999999 17 3780.0 -930.0 155 -232 286.45099999999996 155.515 150
1810.0 760.7979999999998 13 3420.0 -1820.0 182 -158 251.9679999999999 160.29999999999995 175
2710.0 993.1619999999998 19 4470.0 -2270.0 207 -243 260.073 176.22300000000004 227
1420.0 783.3819999999997 15 3150.0 -1730.0 158 -187 238.32899999999995 121.02199999999999 173
1620.0 885.1009999999998 16 2730.0 -1110.0 165 -201 276.57699999999994 117.993 182
2540.0 840.4399999999997 15 4260.0 -1770.0 161 -197 220.14299999999997 188.25099999999998 177
2375.0 771.6219999999997 14 3540.0 -1635.0 188 -175 247.81900000000002 131.47099999999995 246
2095.0 874.095 15 3510.0 -1415.0 232 -223 186.30099999999996 156.343 134
3790.0 918.568 16 5070.0 -1380.0 180 -219 291.219 161.031 138
2020.0 909.2119999999998 19 3570.0 -1550.0 158 -233 236.412 125.68599999999999 224
1890.0 525.32 11 2370.0 -480.0 80 -122 168.82599999999996 91.755 32
2170.0 880.385 14 3990.0 -1820.0 166 -192 285.31299999999993 182.22699999999998 182
1795.0 506.72199999999987 7 2520.0 -725.0 84 -117 144.27599999999993 101.29999999999997 145
120.0 67.43899999999996 1 120.0 0.0 0 -14 27.09099999999999 4.134999999999998 0
1800.0 465.19300000000004 8 2400.0 -1010.0 122 -109 122.06999999999998 106.90799999999999 161
1975.0 776.5699999999998 12 3000.0 -1025.0 156 -170 266.04699999999997 116.92799999999998 143
2830.0 894.9019999999999 15 3960.0 -1380.0 214 -197 284.14000000000004 178.57 131
1950.0 778.2399999999997 12 3690.0 -1740.0 158 -164 289.91499999999985 138.49699999999999 174
2110.0 769.795 14 3390.0 -1650.0 195 -179 228.35199999999998 144.212 165
625.0 664.9459999999997 11 2280.0 -1655.0 169 -149 181.03299999999996 116.68499999999999 240
0.0 41.362 0 0.0 0.0 0 -14 0.0 0.0 0
760.0 628.1709999999998 12 2490.0 -1830.0 166 -147 193.26499999999996 98.17900000000002 183
1870.0 866.3459999999997 14 3090.0 -1220.0 151 -193 265.971 147.66299999999995 122
2640.0 1088.7139999999995 20 4260.0 -1730.0 158 -238 354.29699999999997 184.863 173
3100.0 946.4559999999998 18 4860.0 -1830.0 166 -225 256.772 208.20999999999998 183
1550.0 698.3669999999998 12 3240.0 -1785.0 167 -157 228.12499999999997 130.74999999999994 188
0.0 41.321 0 0.0 0.0 0 -14 0.0 0.0 0
1230.0 734.3439999999999 12 3000.0 -1860.0 169 -164 216.26299999999998 135.90699999999995 186
1000.0 487.70599999999985 8 1770.0 -770.0 70 -107 151.88799999999995 85.985 77
2120.0 878.1879999999996 18 3870.0 -1810.0 165 -198 269.751 166.85300000000004 181
1150.0 791.96 13 2880.0 -1730.0 158 -185 220.781 129.144 173
2140.0 873.2699999999999 17 3900.0 -1870.0 182 -175 323.17599999999993 177.664 187
1810.0 938.3349999999996 18 3450.0 -1810.0 164 -202 309.86799999999994 159.853 181
1960.0 756.3249999999999 14 3750.0 -2120.0 193 -182 191.136 158.883 212
1290.0 483.94999999999993 8 1650.0 -360.0 75 -112 147.61900000000003 75.95599999999999 36
3250.0 883.9629999999997 15 4110.0 -1240.0 191 -204 258.29299999999995 173.73399999999998 107
2270.0 830.1619999999998 15 3480.0 -1360.0 170 -175 282.0709999999999 151.39800000000002 136
1780.0 1024.6779999999997 19 3870.0 -2090.0 232 -241 291.95899999999995 169.65499999999997 209
2220.0 674.6649999999997 11 3450.0 -1230.0 158 -156 177.97599999999997 159.18200000000002 246
0.0 40.53600000000001 0 0.0 0.0 0 -14 0.0 0.0 0
1220.0 691.2769999999999 10 2910.0 -1930.0 176 -142 259.118 109.77799999999999 193
1435.0 424.74999999999983 6 1950.0 -2045.0 117 -93 132.52999999999994 72.02199999999999 409
1900.0 922.7459999999996 17 3210.0 -1310.0 166 -218 256.49399999999997 143.361 131
3220.0 1011.7549999999998 17 4920.0 -1700.0 154 -238 287.2949999999999 205.346 170
2550.0 816.5909999999996 15 4230.0 -2030.0 185 -194 212.376 181.28699999999998 203
3890.0 1015.2789999999999 17 5970.0 -2080.0 232 -211 339.82599999999985 269.61999999999995 208
3900.0 1048.1409999999998 18 5040.0 -1245.0 157 -218 371.89199999999994 212.27599999999998 135
3290.0 882.9859999999996 17 4980.0 -1735.0 159 -196 272.115 183.12099999999992 178
620.0 631.4489999999997 12 2160.0 -1540.0 175 -145 187.20099999999996 99.66800000000002 213
940.0 585.55 10 2430.0 -1700.0 183 -128 211.02599999999998 83.54299999999999 227
2840.0 1002.6499999999999 18 4050.0 -1370.0 170 -211 359.62699999999995 166.898 137
510.0 689.7839999999998 11 2220.0 -1710.0 156 -147 244.361 90.38099999999999 171
2850.0 957.8079999999997 17 5070.0 -2220.0 238 -225 273.07899999999995 205.471 206
360.0 438.3709999999999 8 1140.0 -780.0 71 -110 106.67500000000003 50.592999999999996 78
2830.0 779.8409999999999 13 4440.0 -1610.0 146 -170 277.16999999999996 159.95299999999997 161
1150.0 767.2049999999997 12 3090.0 -1940.0 176 -176 244.24899999999997 120.24300000000002 194
3510.0 846.6689999999996 14 4860.0 -1425.0 167 -177 284.161 216.73499999999999 135
570.0 564.0419999999999 10 2280.0 -1880.0 171 -121 177.5309999999999 106.77599999999998 188
2210.0 767.376 15 3390.0 -1225.0 156 -159 286.5849999999999 150.082 127
2040.0 713.9279999999997 12 3510.0 -1470.0 162 -175 179.45999999999998 151.008 203
1610.0 712.7509999999997 12 3240.0 -1670.0 151 -145 259.34899999999993 141.48399999999995 167
1190.0 888.3679999999998 17 3360.0 -2170.0 243 -226 198.89 151.01499999999996 217
2190.0 878.918 17 3420.0 -1460.0 201 -191 278.455 158.57099999999997 233
2410.0 777.9869999999997 14 4080.0 -1670.0 152 -188 178.90599999999995 191.86499999999998 167
1420.0 707.805 12 3150.0 -1730.0 158 -166 199.38400000000004 139.632 173
3750.0 903.6250000000001 18 5070.0 -1425.0 179 -213 255.40299999999993 208.40999999999997 153
2455.0 933.6539999999998 17 3930.0 -1635.0 177 -221 270.2799999999999 158.505 221
1200.0 418.21699999999976 7 1800.0 -600.0 85 -106 106.899 71.416 120
1685.0 698.7019999999999 12 2790.0 -1235.0 174 -160 207.78100000000003 113.44399999999999 196
1580.0 942.3449999999998 16 3390.0 -1810.0 238 -214 276.599 163.951 240
3080.0 1051.362 19 4170.0 -1455.0 200 -233 338.9069999999999 177.237 175
1950.0 893.417 16 3570.0 -1620.0 147 -199 281.167 156.34300000000002 162
1630.0 771.997 12 3030.0 -1400.0 180 -165 260.30499999999995 135.43900000000002 269
2850.0 1079.4160000000002 18 4350.0 -1500.0 221 -242 322.759 191.87999999999997 150
1540.0 808.8819999999998 15 3450.0 -1910.0 198 -186 235.481 132.258 191
1470.0 768.8489999999996 14 3240.0 -1800.0 166 -171 248.57099999999997 136.314 179
1940.0 909.581 18 3720.0 -2080.0 189 -220 253.6289999999999 155.07799999999995 208
290.0 569.7729999999998 11 1890.0 -1600.0 164 -132 173.60199999999998 74.89599999999999 232
3100.0 898.9719999999998 17 4830.0 -1770.0 161 -208 247.229 223.51599999999988 177
1865.0 833.2859999999997 16 3180.0 -1905.0 199 -202 208.92700000000002 145.425 242
2455.0 1026.6329999999998 18 4650.0 -2195.0 235 -252 245.15599999999995 218.27300000000002 204
4410.0 1028.5349999999996 19 5580.0 -1340.0 166 -235 303.53 232.54499999999996 134
3570.0 1035.8939999999996 20 4860.0 -1645.0 203 -245 282.511 207.98200000000003 200
2650.0 740.1290000000001 13 3810.0 -1490.0 175 -179 194.753 152.01699999999997 182
3635.0 973.5219999999999 16 5010.0 -1375.0 162 -217 299.25399999999996 214.09199999999998 121
1810.0 673.2719999999997 11 3630.0 -1820.0 166 -153 189.30999999999997 164.94099999999997 182
1140.0 422.01499999999993 8 1830.0 -690.0 80 -105 94.261 80.38100000000001 138
2090.0 630.356 11 2970.0 -2095.0 116 -138 196.60599999999997 131.86499999999995 331
0.0 40.14 0 0.0 0.0 0 -14 0.0 0.0 0
4340.0 901.2129999999999 14 5400.0 -1060.0 219 -218 277.15699999999987 167.35399999999996 106
2350.0 759.9399999999998 14 4140.0 -1940.0 194 -177 213.34199999999998 175.333 194
1550.0 1050.3829999999996 19 3690.0 -2140.0 234 -260 251.773 160.41400000000002 214
1220.0 537.7489999999998 10 2130.0 -1060.0 96 -111 182.47499999999994 101.375 106
3850.0 1046.9059999999995 17 4770.0 -1030.0 164 -210 376.11499999999995 220.87399999999997 158
1470.0 750.8369999999999 12 3300.0 -1960.0 178 -156 258.33899999999994 153.41999999999996 196
2750.0 829.1639999999995 15 4470.0 -1840.0 168 -181 263.5429999999999 195.71000000000006 184
2885.0 760.7819999999996 14 3840.0 -955.0 161 -180 194.137 164.618 151
580.0 582.9399999999998 10 2520.0 -1940.0 176 -127 188.09499999999994 114.81599999999997 194
4140.0 884.0650000000002 14 5370.0 -1730.0 202 -189 278.133 231.93499999999995 173
3220.0 912.9229999999999 17 4890.0 -1730.0 157 -217 267.39799999999997 180.586 173
1250.0 1011.5440000000001 16 3390.0 -2140.0 250 -233 283.15399999999994 162.95 214
2550.0 867.2299999999999 14 3750.0 -1480.0 174 -188 268.39899999999994 173.17499999999998 148
2720.0 853.1499999999997 15 3480.0 -760.0 158 -200 247.44399999999996 144.70499999999998 76
2430.0 941.7739999999999 17 4110.0 -1810.0 171 -203 292.91299999999995 192.47399999999996 194
1300.0 706.2109999999998 11 2910.0 -1820.0 183 -152 229.13199999999995 132.14199999999997 252
4315.0 865.5869999999999 16 5670.0 -1865.0 204 -199 267.83 193.20799999999997 171
2170.0 960.4530000000001 16 3780.0 -1610.0 230 -218 300.738 156.54799999999997 161
1880.0 870.5409999999998 14 3540.0 -1660.0 237 -222 213.14999999999998 133.54599999999996 166
2740.0 1091.5829999999999 19 4830.0 -2090.0 237 -267 265.816 202.04200000000003 209
2370.0 849.771 14 3630.0 -1260.0 154 -193 255.753 160.90199999999996 126
1380.0 845.2679999999997 16 3120.0 -2070.0 188 -191 261.37499999999994 138.39 207
0.0 41.56199999999998 0 0.0 0.0 0 -14 0.0 0.0 0
4490.0 1218.0429999999994 23 5790.0 -1770.0 208 -287 333.37399999999997 251.81499999999994 177
2080.0 743.8789999999997 13 3360.0 -1280.0 159 -149 271.1459999999999 160.57399999999996 128
2200.0 873.9599999999998 15 3420.0 -1220.0 151 -220 179.402 167.143 122
2250.0 1011.8489999999997 18 4080.0 -2210.0 201 -230 296.839 192.268 221
1420.0 533.8709999999999 8 2340.0 -920.0 84 -107 189.81899999999993 112.321 92
3900.0 1073.6429999999996 20 5550.0 -1650.0 241 -264 266.37699999999995 211.093 165
2430.0 782.3039999999999 13 3180.0 -750.0 155 -171 249.05699999999996 139.91899999999995 75
2220.0 791.4740000000002 14 3510.0 -1530.0 186 -176 239.32200000000003 154.41999999999996 153
1850.0 955.5229999999998 18 3570.0 -1730.0 158 -222 271.617 164.913 174
2860.0 869.0319999999998 15 4560.0 -1950.0 207 -188 292.9279999999999 160.33599999999996 195
2840.0 955.2449999999998 18 4080.0 -1380.0 168 -226 255.19 183.50799999999995 138
1250.0 504.15899999999993 9 1650.0 -400.0 83 -117 132.48100000000002 87.24599999999998 40
520.0 558.6379999999997 10 2220.0 -1710.0 157 -118 195.6629999999999 97.12299999999999 171
1115.0 741.95 13 2550.0 -1495.0 176 -171 217.11600000000004 111.39000000000001 291
2700.0 845.0189999999997 15 3630.0 -930.0 153 -203 242.20099999999996 145.84599999999998 152
3930.0 987.5019999999997 18 5670.0 -1890.0 171 -225 273.926 245.33 189
2240.0 885.4389999999999 17 3870.0 -1645.0 151 -209 250.673 166.996 166
2420.0 911.3779999999998 15 3600.0 -1180.0 152 -205 270.91599999999994 158.47399999999996 118
2040.0 950.9609999999997 16 3210.0 -1650.0 207 -205 313.29699999999997 144.322 213
1330.0 925.2849999999996 17 3060.0 -1730.0 157 -202 310.4590000000001 134.64199999999997 173
0.0 39.58099999999999 0 0.0 0.0 0 -14 0.0 0.0 0
3525.0 933.3269999999999 17 4500.0 -1175.0 181 -205 310.889 189.16099999999997 176
1210.0 634.7839999999997 10 2970.0 -1760.0 160 -143 197.71799999999996 122.67999999999998 176
3010.0 1064.004 17 4950.0 -1940.0 223 -236 321.10100000000006 222.382 194
1860.0 514.522 9 2250.0 -390.0 81 -114 161.88599999999997 102.89699999999998 39
1490.0 829.3539999999998 14 3300.0 -1970.0 179 -182 302.70099999999996 115.17499999999997 197
4220.0 1050.533 17 5460.0 -1410.0 173 -240 305.369 234.76599999999996 141
2350.0 846.6519999999996 16 3630.0 -1440.0 195 -176 295.6249999999999 158.74699999999999 144
0.0 41.247 0 0.0 0.0 0 -14 0.0 0.0 0
0.0 41.649 0 0.0 0.0 0 -14 0.0 0.0 0
3730.0 971.6419999999998 17 5490.0 -2100.0 191 -233 266.96099999999996 213.46999999999997 210
1870.0 855.6859999999999 16 3660.0 -1790.0 163 -196 256.18299999999994 156.35000000000002 179
150.0 66.72899999999998 1 150.0 0.0 0 -14 27.59099999999999 5.921000000000001 0
180.0 76.19900000000001 1 180.0 0.0 0 -14 34.649999999999984 8.890999999999998 0
3190.0 866.4979999999998 16 4470.0 -1690.0 199 -190 304.3539999999999 169.797 169
2325.0 843.1699999999998 15 3330.0 -1025.0 153 -188 274.72999999999996 129.84599999999998 164
3670.0 748.4729999999996 14 4800.0 -1130.0 159 -167 254.81099999999995 169.033 226
2600.0 598.1039999999997 10 3000.0 -500.0 94 -128 196.32999999999996 127.364 60
1870.0 870.0639999999997 16 3570.0 -1700.0 155 -204 242.98399999999998 161.05800000000002 170
1110.0 792.1929999999998 14 2580.0 -1470.0 161 -192 198.54399999999995 128.85799999999998 202
2090.0 742.7760000000001 14 3330.0 -1240.0 159 -170 208.49599999999998 152.793 124
0.0 41.111000000000004 0 0.0 0.0 0 -14 0.0 0.0 0
3180.0 955.0589999999995 17 4860.0 -1680.0 153 -228 279.8539999999999 187.736 168
2095.0 513.994 10 3030.0 -1715.0 156 -122 166.24099999999999 98.38099999999999 265
1190.0 709.6189999999999 13 3180.0 -2000.0 181 -164 202.20700000000002 147.51300000000003 200
1370.0 911.2289999999999 14 3450.0 -2220.0 240 -200 264.088 174.51 222
2610.0 749.5309999999997 14 3780.0 -1225.0 154 -166 219.63599999999997 165.89099999999996 245
0.0 41.091 0 0.0 0.0 0 -14 0.0 0.0 0
3360.0 1021.1329999999997 18 4650.0 -1560.0 186 -213 368.36099999999993 201.04799999999997 156
3020.0 937.3009999999996 17 4230.0 -1950.0 219 -211 279.25899999999996 188.711 195
1060.0 583.2839999999998 11 2070.0 -1010.0 170 -130 186.98899999999995 93.55099999999999 161
2490.0 1003.9899999999996 20 3780.0 -1470.0 180 -219 348.429 153.36100000000002 147
2550.0 904.4929999999996 14 3780.0 -1490.0 178 -180 333.426 171.73200000000003 149
1680.0 774.5689999999998 13 3330.0 -2110.0 192 -177 220.904 157.40499999999994 211
3020.0 1046.6680000000001 19 4320.0 -1300.0 164 -221 359.61499999999995 194.25099999999998 130
2220.0 937.6359999999997 18 3960.0 -1740.0 158 -228 260.61 156.05 174
1270.0 817.1679999999997 15 3090.0 -1820.0 166 -181 247.29799999999992 158.45899999999995 182
1680.0 745.8669999999998 13 3450.0 -2060.0 187 -157 251.04899999999995 151.069 206
2260.0 846.6299999999995 16 3990.0 -1940.0 176 -175 326.0009999999999 156.041 194
1830.0 957.24 18 3930.0 -2100.0 234 -221 301.24399999999997 156.859 210
2140.0 877.3909999999996 17 3900.0 -2190.0 199 -212 225.80999999999995 170.76799999999994 219
3740.0 892.1549999999995 18 5070.0 -1500.0 183 -212 257.10099999999994 192.41899999999995 150
2380.0 575.6419999999998 9 3300.0 -920.0 84 -113 212.20600000000002 146.87599999999998 92
4595.0 1167.8509999999994 19 5880.0 -1395.0 256 -256 351.82999999999987 269.466 123
1460.0 901.6139999999997 16 3240.0 -1780.0 162 -207 285.3209999999999 137.831 178
2330.0 791.2779999999997 14 3630.0 -1300.0 163 -184 232.09599999999992 151.00199999999998 130
3265.0 847.595 15 4530.0 -1325.0 233 -207 222.68199999999993 174.64100000000002 184
1925.0 868.0039999999998 16 3300.0 -1895.0 197 -218 208.90599999999998 143.93299999999994 240
1870.0 835.1659999999998 16 3090.0 -1310.0 166 -188 257.94599999999997 141.42499999999995 131
1830.0 793.7639999999997 15 3330.0 -1660.0 180 -162 280.39799999999997 155.48499999999999 225
1840.0 1024.9029999999993 21 3600.0 -1855.0 173 -232 335.7279999999999 149.00099999999995 195
2685.0 782.468 12 3570.0 -1115.0 171 -166 251.83499999999995 162.61300000000003 162
2350.0 882.5059999999995 16 4140.0 -1790.0 163 -225 203.63399999999996 178.616 179
1830.0 808.1709999999996 14 3120.0 -1500.0 207 -180 248.9869999999999 140.049 150
4210.0 1042.0929999999998 18 5430.0 -1220.0 155 -225 350.068 229.51099999999994 122
1020.0 505.95399999999984 9 1860.0 -840.0 76 -100 190.43699999999995 83.67399999999999 84
1140.0 666.2079999999996 11 2460.0 -1335.0 169 -147 225.62999999999997 95.82700000000003 135
890.0 905.6289999999997 18 2610.0 -1950.0 178 -211 271.5439999999999 110.261 195
90.0 61.79499999999998 1 90.0 0.0 0 -15 18.241999999999997 3.8059999999999987 0
2480.0 773.4059999999995 14 4110.0 -1890.0 171 -179 239.18399999999994 154.582 189
1560.0 806.2009999999999 15 3390.0 -1940.0 189 -178 242.78900000000004 163.514 194
645.0 657.3049999999998 13 2550.0 -1905.0 179 -163 173.75199999999998 108.03899999999999 203
2620.0 838.4900000000002 16 3930.0 -1310.0 165 -200 232.46 167.50200000000007 131
0.0 40.947 0 0.0 0.0 0 -14 0.0 0.0 0
2170.0 909.941 17 3840.0 -1670.0 152 -219 269.7399999999999 150.37800000000001 167
3740.0 1077.16 20 5430.0 -1690.0 244 -256 281.179 209.67 169
1570.0 667.4689999999998 11 3480.0 -1910.0 174 -161 166.94299999999996 154.643 191
2230.0 786.3839999999998 14 3690.0 -1460.0 160 -169 249.827 175.701 201
1850.0 746.7879999999998 15 3150.0 -1425.0 180 -148 274.70899999999995 142.533 155
2005.0 814.5689999999995 15 3060.0 -1145.0 167 -192 242.84499999999994 134.17 180
4140.0 1044.3919999999996 18 4920.0 -780.0 162 -228 345.4189999999999 206.42999999999998 78
460.0 730.5039999999998 11 2250.0 -1790.0 163 -152 268.82 98.193 179
2310.0 822.4389999999997 14 4080.0 -1790.0 162 -171 292.07399999999996 176.39299999999994 179
975.0 909.0659999999993 18 2400.0 -1425.0 157 -220 263.7729999999999 101.30999999999997 198
2240.0 838.8049999999997 16 3960.0 -1775.0 162 -208 189.82 153.09599999999998 183
560.0 574.2769999999998 10 2370.0 -1810.0 165 -123 191.658 106.88099999999997 181
3670.0 945.6889999999999 18 4890.0 -1220.0 155 -220 265.40599999999984 219.10999999999996 122
870.0 600.766 11 2670.0 -1890.0 172 -123 211.322 128.10399999999998 189
1080.0 890.1919999999998 15 3240.0 -2160.0 243 -222 208.2079999999999 151.79299999999998 216
2550.0 884.797 16 3840.0 -1570.0 186 -189 281.632 180.36599999999999 157
2120.0 704.2969999999997 12 3570.0 -1450.0 160 -155 220.82100000000003 164.199 201
2630.0 965.6389999999999 19 4380.0 -1770.0 161 -226 277.7729999999999 180.823 179
1960.0 803.8149999999999 12 3210.0 -1420.0 169 -175 259.45099999999996 137.10899999999998 142
1620.0 896.5419999999998 17 2820.0 -1380.0 167 -196 308.0889999999999 118.46199999999999 138
2830.0 904.84 18 4050.0 -1220.0 150 -228 184.54399999999995 191.88100000000003 122
1980.0 874.8869999999997 15 3300.0 -1320.0 167 -201 265.90200000000004 140.79000000000002 132
1460.0 808.8169999999998 15 3210.0 -1750.0 159 -199 199.71099999999996 146.151 175
1890.0 396.826 6 2670.0 -780.0 71 -97 120.18499999999996 82.17499999999995 78
1940.0 881.0609999999997 16 3120.0 -1325.0 174 -213 228.99699999999999 129.906 147
2205.0 786.182 11 3870.0 -1665.0 185 -168 253.9879999999999 167.7519999999999 233
0.0 41.647000000000006 0 0.0 0.0 0 -14 0.0 0.0 0
1890.0 815.8039999999997 14 3360.0 -1660.0 180 -174 272.55099999999993 149.64499999999998 225
1860.0 919.7909999999998 16 3660.0 -2025.0 201 -210 265.458 165.946 195
4400.0 917.1939999999997 16 5580.0 -1180.0 155 -226 268.587 187.94799999999992 118
685.0 534.3549999999999 8 2280.0 -1595.0 162 -116 158.48399999999998 112.93599999999998 227
2690.0 1010.8169999999996 17 3960.0 -1530.0 183 -214 345.31299999999993 179.02499999999995 153
2330.0 847.7889999999999 17 3510.0 -1240.0 158 -201 246.17099999999988 131.78 124
3130.0 764.4079999999998 13 4230.0 -1230.0 174 -175 233.97499999999997 170.90899999999996 195
3125.0 824.6399999999998 13 4770.0 -2135.0 212 -177 299.299 174.63700000000003 286
1660.0 786.7049999999999 15 3240.0 -1660.0 171 -184 226.21599999999998 141.039 246
970.0 557.0209999999998 8 1890.0 -920.0 84 -120 182.33199999999997 86.46999999999997 92
2870.0 994.0369999999998 19 4440.0 -1640.0 237 -224 299.2089999999999 191.17100000000002 164
1260.0 727.014 11 3060.0 -1800.0 164 -165 241.5979999999999 111.07699999999998 180
2215.0 900.6049999999998 17 3690.0 -1515.0 166 -193 299.58700000000005 176.08599999999993 211
2240.0 904.7969999999998 17 3540.0 -1610.0 191 -188 319.813 157.91199999999995 161
2770.0 899.2059999999999 15 4380.0 -1875.0 177 -188 315.8879999999999 177.07799999999992 214
870.0 705.0459999999998 12 2220.0 -1350.0 173 -162 212.4729999999999 101.52000000000001 135
3910.0 1050.2589999999998 20 5190.0 -1520.0 184 -257 248.97099999999995 230.82999999999998 152
1960.0 554.6689999999999 10 2370.0 -410.0 85 -128 170.843 94.805 41
2310.0 795.5719999999999 14 3690.0 -1670.0 182 -186 220.3089999999999 159.17699999999996 227
2260.0 775.1689999999995 13 4020.0 -1760.0 160 -182 228.84599999999992 152.49099999999999 176
2390.0 890.0349999999997 15 3720.0 -1330.0 148 -216 220.91199999999998 169.739 188
1370.0 521.661 9 2250.0 -880.0 80 -119 152.606 107.67699999999998 88
830.0 553.6979999999996 9 2460.0 -1630.0 166 -124 175.07999999999996 107.40299999999999 234
4240.0 1068.413 19 5430.0 -1360.0 190 -245 309.47499999999997 232.12899999999993 136
1915.0 824.9689999999997 13 3420.0 -1645.0 167 -189 233.30699999999993 145.68099999999998 237
950.0 487.03699999999986 8 1800.0 -850.0 77 -109 147.90799999999996 82.97399999999998 85
3330.0 934.1169999999995 17 4620.0 -1290.0 163 -221 254.98799999999994 196.237 129
2900.0 839.7509999999997 17 4320.0 -1570.0 170 -196 249.46899999999997 168.903 213
1680.0 776.5289999999999 13 3300.0 -1850.0 194 -181 222.826 138.575 185
1110.0 696.4679999999998 12 2790.0 -1910.0 174 -151 209.015 143.31 191
3400.0 703.703 12 4170.0 -770.0 160 -162 247.02799999999996 124.14700000000002 77
2700.0 919.6939999999995 17 4470.0 -1770.0 161 -227 231.98999999999998 187.98499999999996 177
3290.0 899.9529999999999 16 4170.0 -1470.0 216 -206 264.722 188.177 130
1280.0 668.898 10 3090.0 -1860.0 169 -152 186.43800000000002 136.97 186
2080.0 1052.8869999999995 21 3390.0 -1660.0 197 -255 276.0559999999999 149.007 166
0.0 39.23499999999998 0 0.0 0.0 0 -14 0.0 0.0 0
2000.0 539.6989999999998 9 2910.0 -910.0 83 -106 197.52899999999994 134.43699999999995 91
960.0 520.116 9 1560.0 -600.0 85 -125 142.85 72.13599999999998 120
1725.0 550.3949999999998 9 2550.0 -825.0 75 -122 155.33699999999993 122.18599999999996 165
2530.0 876.2549999999994 16 3720.0 -1420.0 174 -189 300.64099999999996 162.15099999999998 142
70.0 197.50199999999995 3 660.0 -590.0 92 -46 56.26099999999997 29.444999999999993 42
3350.0 909.1289999999998 16 4500.0 -1150.0 148 -212 242.1929999999999 208.15 115
330.0 53.42699999999998 1 330.0 0.0 0 -15 6.707000000000001 16.162000000000003 0
150.0 66.39199999999998 1 150.0 0.0 0 -14 24.071999999999996 7.648999999999999 0
440.0 596.8659999999999 11 2310.0 -1870.0 176 -137 161.39399999999998 106.51999999999997 187
2120.0 499.722 8 2970.0 -850.0 77 -109 150.66399999999993 135.14599999999996 85
0.0 40.82300000000001 0 0.0 0.0 0 -14 0.0 0.0 0
2320.0 683.4399999999998 12 3630.0 -1310.0 166 -151 208.584 154.09799999999996 131
2520.0 933.1269999999998 17 3810.0 -1590.0 191 -205 291.77699999999993 175.833 159
1190.0 827.597 16 2850.0 -1850.0 168 -185 262.7 121.43299999999998 185
630.0 445.19799999999975 7 1410.0 -780.0 71 -102 142.31299999999996 59.978 78
2970.0 977.9559999999998 18 4170.0 -1370.0 166 -218 300.57899999999995 181.0739999999999 137
600.0 490.70799999999997 9 1530.0 -930.0 85 -116 143.46699999999993 66.819 93
3360.0 1077.0499999999997 19 4080.0 -1240.0 196 -246 315.75099999999986 186.68299999999996 124
2280.0 880.8739999999998 14 3450.0 -1990.0 228 -195 272.02199999999993 156.211 199
1910.0 779.5759999999998 14 3090.0 -1280.0 155 -173 246.67599999999993 136.72099999999998 128
970.0 740.7819999999998 13 2970.0 -1820.0 166 -157 250.56299999999993 130.228 182
1200.0 512.8909999999998 9 2040.0 -1290.0 128 -101 204.42999999999992 85.33499999999998 174
3580.0 877.6519999999996 15 4530.0 -950.0 158 -202 257.827 190.34999999999997 154
1640.0 504.6589999999999 9 2040.0 -400.0 83 -106 182.3009999999999 73.124 40
1080.0 722.1379999999999 13 2700.0 -1690.0 172 -157 227.22699999999998 136.70499999999996 241
2230.0 913.9799999999997 17 4050.0 -1840.0 170 -210 275.003 165.58 184
1450.0 570.8129999999999 11 2310.0 -1205.0 126 -129 173.24499999999998 108.68299999999998 155
2410.0 799.4779999999998 13 4170.0 -1885.0 171 -194 200.09199999999998 170.903 201
2220.0 816.0939999999998 14 3870.0 -1650.0 150 -198 188.89700000000002 138.628 165
350.0 342.4529999999999 6 1140.0 -790.0 72 -94 51.93899999999999 51.727999999999994 79
4440.0 927.6999999999997 17 5700.0 -1260.0 159 -203 296.23299999999995 227.84399999999994 126
2390.0 967.8929999999997 16 4140.0 -1800.0 169 -205 335.7819999999998 176.52299999999997 180
3560.0 1140.4689999999994 22 4440.0 -1015.0 178 -258 363.02099999999996 193.86499999999998 99
2200.0 699.1059999999997 14 3960.0 -2020.0 183 -170 202.27499999999998 139.259 202
1900.0 826.5999999999999 15 3750.0 -1890.0 172 -193 225.60699999999997 173.76399999999998 189
1320.0 742.2529999999997 15 2550.0 -1520.0 181 -165 239.51599999999993 119.25499999999997 152
2670.0 806.857 15 3450.0 -870.0 170 -174 265.157 126.74799999999998 87
1230.0 436.47199999999987 8 2010.0 -780.0 71 -108 103.85499999999996 76.83699999999997 78
1790.0 940.2969999999999 16 3510.0 -1720.0 238 -203 309.881 162.34499999999997 156
1170.0 717.3439999999998 11 3240.0 -1830.0 167 -149 250.03699999999998 149.36699999999996 183
1175.0 627.6120000000001 11 2820.0 -1645.0 173 -136 219.711 115.41199999999998 237
500.0 726.5919999999999 14 2310.0 -2080.0 189 -166 228.552 95.427 208
2460.0 880.0969999999996 17 3330.0 -1530.0 207 -206 265.2459999999999 139.68099999999995 203
3100.0 739.771 15 4830.0 -1855.0 175 -155 247.51799999999997 208.22999999999996 198
2465.0 950.4459999999999 17 4350.0 -1885.0 220 -227 248.705 188.41599999999997 262
1940.0 867.7170000000001 15 3690.0 -1860.0 174 -192 259.31399999999996 167.832 197
2410.0 700.3719999999998 13 3780.0 -1370.0 152 -155 242.01299999999995 142.56799999999998 192
2360.0 934.2530000000002 17 4170.0 -1810.0 165 -208 292.13899999999984 180.91500000000002 181
3010.0 981.9609999999999 17 4650.0 -1780.0 161 -206 345.52899999999994 201.08999999999995 178
1540.0 670.8059999999999 12 2820.0 -1280.0 162 -155 195.84299999999996 122.10799999999998 217
1930.0 929.3279999999996 17 3120.0 -1190.0 147 -213 299.7999999999999 128.123 119
0.0 41.461 0 0.0 0.0 0 -14 0.0 0.0 0
2860.0 968.3099999999996 18 3840.0 -1290.0 192 -218 307.8569999999999 155.505 189
2280.0 871.5189999999996 17 4050.0 -1770.0 161 -219 222.2669999999999 165.35699999999997 177
3110.0 854.7989999999998 15 4140.0 -1030.0 157 -212 223.18099999999998 160.52799999999996 142
1440.0 787.9769999999999 15 3210.0 -1970.0 179 -182 241.04499999999993 132.89499999999998 197
2940.0 1094.3379999999997 19 4230.0 -1300.0 162 -234 366.75199999999984 188.799 130
955.0 637.9009999999996 12 2370.0 -1575.0 180 -139 220.64799999999997 94.29499999999997 141
180.0 75.56099999999998 1 180.0 0.0 0 -23 6.126999999999999 9.535000000000004 0
1150.0 865.499 17 2880.0 -1770.0 161 -201 261.81699999999995 119.369 177
980.0 514.259 8 2310.0 -1330.0 168 -116 144.73599999999996 105.361 133
1380.0 824.7809999999997 17 2670.0 -1290.0 162 -200 219.00499999999994 120.95099999999998 129
1460.0 830.8929999999996 14 3210.0 -1750.0 159 -185 268.946 141.878 175
3930.0 1070.9759999999997 21 5160.0 -1450.0 175 -245 321.40299999999996 210.90199999999996 145
2520.0 890.4979999999996 18 3660.0 -1160.0 147 -211 258.2739999999999 149.92799999999997 116
1300.0 448.4729999999999 7 2070.0 -770.0 160 -103 138.415 85.51599999999998 77
2200.0 950.7329999999997 17 3900.0 -2260.0 206 -228 271.771 157.916 226
1930.0 973.7259999999999 18 3570.0 -2060.0 187 -213 328.76599999999996 160.80699999999996 206
1970.0 876.8439999999998 16 3630.0 -1770.0 161 -208 247.99699999999987 149.14199999999997 177
660.0 649.1569999999997 12 2280.0 -1620.0 182 -155 181.94399999999996 102.81699999999998 302
1585.0 472.29499999999985 7 2310.0 -725.0 84 -98 172.76999999999995 100.984 145
1840.0 793.0470000000001 13 3480.0 -1730.0 157 -175 258.424 135.36399999999995 173
1520.0 651.0239999999999 11 3360.0 -1840.0 168 -167 162.94499999999996 123.40399999999998 184
1915.0 490.6639999999999 8 2430.0 -515.0 72 -124 105.91999999999999 106.43399999999994 103
1040.0 474.2499999999999 8 1410.0 -370.0 77 -105 153.23299999999995 64.58999999999999 37
3715.0 971.2449999999997 17 4800.0 -1085.0 159 -211 332.991 196.20599999999996 181
2550.0 933.4889999999997 17 3840.0 -1290.0 162 -206 277.33299999999997 181.56299999999996 129
3670.0 804.3189999999998 14 4440.0 -770.0 160 -187 283.80299999999994 132.777 77
1940.0 671.4689999999995 12 3210.0 -1460.0 172 -158 197.375 122.914 146
980.0 481.29399999999987 9 1350.0 -370.0 77 -118 133.02400000000003 60.079999999999984 37
1495.0 682.1549999999999 12 2640.0 -1295.0 174 -141 249.0579999999999 121.47099999999998 244
3150.0 1137.4729999999995 18 5070.0 -1920.0 203 -229 375.3119999999999 255.82999999999998 192
2740.0 945.791 18 4050.0 -1590.0 178 -219 263.3949999999999 185.12499999999997 144
820.0 606.8719999999998 10 2580.0 -1760.0 160 -146 186.60900000000004 88.25299999999999 176
1760.0 812.0269999999997 15 3510.0 -1750.0 159 -167 295.7819999999999 156.32299999999998 175
1950.0 547.1619999999998 8 2850.0 -900.0 82 -135 130.476 118.05799999999996 90
2850.0 906.737 17 4080.0 -1450.0 200 -193 298.0289999999999 179.708 145
1540.0 671.4099999999999 11 3270.0 -1730.0 157 -155 192.40799999999996 130.51799999999994 173
2100.0 740.6159999999999 14 3180.0 -1520.0 199 -179 193.908 138.84999999999997 223
1465.0 538.3799999999998 9 1980.0 -515.0 72 -135 131.86899999999997 78.37499999999999 103
0.0 40.147000000000006 0 0.0 0.0 0 -14 0.0 0.0 0
1960.0 969.7889999999996 18 3720.0 -1860.0 169 -217 311.22499999999997 161.81899999999996 186
360.0 61.54599999999999 1 360.0 0.0 0 -14 17.565999999999995 16.605 0
3000.0 928.2709999999998 18 4320.0 -1480.0 181 -215 274.15899999999993 188.91900000000004 148
1290.0 536.0209999999998 10 1890.0 -600.0 85 -128 154.58899999999997 84.647 120
1780.0 882.5639999999997 16 3390.0 -1850.0 168 -194 278.356 151.724 185
3190.0 893.8249999999997 14 3930.0 -740.0 154 -206 259.516 165.73099999999994 74
3650.0 1062.2099999999998 19 4920.0 -1270.0 159 -250 301.965 211.09300000000002 127
2070.0 669.2629999999999 12 3270.0 -1200.0 154 -150 201.82699999999997 143.16299999999995 120
0.0 41.388 0 0.0 0.0 0 -14 0.0 0.0 0
3400.0 978.219 18 4770.0 -1530.0 173 -231 277.77 189.71700000000007 138
2680.0 1065.8269999999993 19 3960.0 -1280.0 159 -233 360.4699999999999 174.49499999999998 128
2500.0 963.354 16 3720.0 -1220.0 155 -218 289.019 163.66399999999996 122
1925.0 859.3709999999999 16 3390.0 -1465.0 150 -202 236.95399999999995 150.37899999999996 215
2200.0 953.7940000000001 16 3360.0 -1435.0 170 -214 296.727 150.608 171
1845.0 826.035 16 3240.0 -1590.0 184 -193 237.98499999999999 142.73 204
0.0 40.333000000000006 0 0.0 0.0 0 -14 0.0 0.0 0
2550.0 687.7839999999997 13 4140.0 -1690.0 172 -169 209.28300000000002 128.718 241
2760.0 907.8959999999995 16 3990.0 -1660.0 194 -200 300.3789999999999 168.085 166
3370.0 893.8309999999997 17 4440.0 -1980.0 239 -216 247.92099999999994 164.213 191
550.0 706.472 14 2370.0 -1920.0 175 -176 170.713 102.294 192
1200.0 652.0499999999997 11 2910.0 -1960.0 178 -144 207.14799999999997 124.327 196
2040.0 715.7659999999997 13 3750.0 -1710.0 155 -167 231.86599999999996 134.63100000000003 171
2910.0 965.1619999999998 16 3930.0 -1230.0 172 -207 320.8069999999999 184.93999999999994 187
3870.0 968.6319999999997 17 5670.0 -2200.0 200 -219 293.14099999999996 234.71800000000002 220
3920.0 919.8279999999999 16 4710.0 -1540.0 213 -203 294.52299999999997 199.26299999999998 139
3990.0 862.225 14 4920.0 -1060.0 167 -180 322.5449999999999 194.38599999999994 161
1730.0 873.155 16 3450.0 -2005.0 196 -212 223.11 148.104 229
2190.0 991.8459999999997 18 3420.0 -1460.0 201 -220 305.55100000000004 157.351 146
1010.0 579.8719999999996 9 2790.0 -1780.0 162 -131 172.45199999999997 119.15899999999998 178
2370.0 1100.3709999999999 18 3990.0 -1620.0 238 -245 339.5899999999999 187.272 162
1610.0 824.2699999999995 14 2880.0 -1270.0 158 -189 253.66899999999998 124.54999999999997 127
1370.0 728.9909999999996 13 3120.0 -1870.0 170 -168 238.48899999999995 110.998 187
1830.0 803.055 13 3540.0 -1710.0 156 -183 270.3639999999999 125.66799999999998 171
3290.0 933.3729999999999 17 4380.0 -1760.0 211 -222 252.52599999999998 197.477 170
1620.0 823.007 14 3300.0 -1770.0 161 -181 259.5869999999999 153.028 177
1700.0 829.5169999999998 14 3480.0 -1990.0 181 -191 238.361 160.48299999999995 199
1555.0 611.7789999999997 10 3210.0 -1725.0 175 -118 233.718 138.612 246
2440.0 797.1929999999996 16 4140.0 -1790.0 187 -193 188.56699999999998 162.93399999999997 176
-160.0 599.709 10 1620.0 -1780.0 162 -132 195.57799999999995 77.806 178
4360.0 795.2 11 5100.0 -1370.0 210 -187 262.58099999999996 154.575 137
0.0 40.542 0 0.0 0.0 0 -14 0.0 0.0 0
2235.0 710.4319999999999 12 3780.0 -1545.0 169 -149 225.81299999999993 178.96199999999996 212
2090.0 951.8050000000001 16 4170.0 -2130.0 240 -224 250.209 187.256 213
2690.0 543.9959999999998 9 3510.0 -820.0 75 -119 166.88299999999998 146.50099999999998 82
3190.0 979.3799999999997 19 4410.0 -1700.0 197 -213 315.5089999999999 199.75699999999992 170
2110.0 805.8259999999999 15 3870.0 -1850.0 168 -168 279.7169999999999 178.23099999999997 185
2875.0 1044.2729999999997 20 4020.0 -1195.0 173 -250 268.703 180.45999999999998 194
3070.0 864.7309999999998 16 4380.0 -1460.0 178 -192 252.76299999999995 197.3679999999999 146
2350.0 877.2979999999998 14 4050.0 -1700.0 155 -207 253.18799999999993 155.69799999999998 170
2125.0 723.8529999999996 13 3600.0 -1795.0 192 -147 260.304 161.424 238
2770.0 903.415 17 4500.0 -1770.0 161 -203 258.1599999999999 203.46099999999998 177
2720.0 999.9909999999999 17 3990.0 -1270.0 156 -202 343.49099999999993 197.431 127
1870.0 910.646 17 3690.0 -1960.0 178 -220 249.02499999999995 151.71099999999998 196
815.0 725.7779999999998 14 2280.0 -1675.0 181 -162 229.25699999999995 106.208 225
3110.0 852.2969999999998 14 4020.0 -910.0 151 -176 272.508 194.938 147
1360.0 655.126 11 3030.0 -1870.0 170 -141 222.32399999999996 127.83500000000001 187
2830.0 1028.462 18 4500.0 -1710.0 155 -233 302.5399999999999 202.04899999999995 171
2735.0 797.8879999999997 12 4020.0 -1285.0 210 -177 238.77599999999995 176.624 190
1245.0 620.1259999999996 11 2670.0 -1705.0 180 -147 149.75099999999998 122.30999999999996 222
2605.0 963.713 18 3990.0 -1505.0 176 -230 243.14599999999996 181.91600000000003 201
1330.0 664.5419999999999 13 2640.0 -1310.0 166 -155 189.154 119.965 131
1630.0 798.6319999999997 12 3300.0 -1720.0 157 -177 243.85199999999998 143.94799999999998 177
1470.0 565.4749999999999 9 2970.0 -1500.0 166 -140 138.09499999999997 120.35500000000002 209
3020.0 946.6259999999997 17 4710.0 -1690.0 245 -221 254.14899999999994 210.343 169
3590.0 1036.403 19 4770.0 -1560.0 165 -235 293.8009999999999 206.79099999999994 194
1820.0 574.483 9 2730.0 -910.0 83 -127 188.60999999999999 110.17799999999998 91
1490.0 713.8149999999997 12 3270.0 -1780.0 162 -180 184.96599999999998 126.122 178
810.0 832.8119999999996 17 2550.0 -1740.0 210 -196 263.018 94.059 223
2110.0 986.2889999999998 18 4290.0 -2180.0 237 -243 248.81499999999994 172.90400000000002 218
2955.0 823.679 15 4410.0 -1595.0 179 -185 246.89000000000001 192.84199999999998 229
1390.0 664.655 12 2760.0 -1600.0 170 -144 227.228 117.489 210
1120.0 806.3249999999998 15 2910.0 -1830.0 166 -183 254.27999999999986 129.30700000000002 183
2740.0 881.0469999999998 16 4530.0 -1790.0 163 -222 225.0889999999999 175.68800000000002 179
2500.0 873.8229999999998 15 4200.0 -1870.0 170 -180 309.40099999999984 188.052 187
2930.0 738.5119999999998 14 4290.0 -1610.0 170 -184 209.71899999999994 145.53699999999998 211
1370.0 868.204 16 3300.0 -1930.0 209 -196 275.801 147.68699999999998 193
460.0 765.2350000000002 13 2310.0 -1850.0 168 -182 212.95799999999994 105.727 185
2320.0 938.8789999999997 16 3600.0 -1280.0 160 -218 284.6099999999999 156.87899999999996 128
1440.0 819.5269999999999 14 3180.0 -1740.0 159 -188 254.63099999999997 138.89399999999995 174
2895.0 897.1319999999997 16 4440.0 -1575.0 159 -197 298.1289999999999 179.897 226
2200.0 810.1739999999999 15 3480.0 -1330.0 167 -187 227.19099999999997 150.569 138
1240.0 779.0649999999996 13 2880.0 -1640.0 149 -174 239.07899999999992 126.358 164
1660.0 747.3789999999998 15 3150.0 -1490.0 164 -176 212.63199999999998 138.183 206
1280.0 427.9349999999999 7 1650.0 -370.0 77 -99 129.278 69.292 37
2570.0 968.1290000000001 20 4350.0 -1910.0 173 -207 319.86799999999994 194.15599999999998 191
2920.0 754.2039999999996 12 4200.0 -1520.0 182 -165 260.0309999999999 154.28299999999996 152
1290.0 849.4799999999994 16 3180.0 -1770.0 161 -202 230.04699999999997 144.23099999999997 177
3755.0 1009.3189999999997 18 5160.0 -1885.0 209 -245 261.09899999999993 210.73499999999993 172
2940.0 842.2399999999999 15 3930.0 -990.0 166 -217 198.96699999999998 145.387 159
510.0 61.485 1 510.0 0.0 0 -14 15.594 23.63999999999999 0
790.0 792.8369999999999 15 2460.0 -1780.0 162 -180 257.126 104.452 178
3210.0 905.3769999999995 16 4500.0 -1290.0 163 -198 295.146 196.41299999999993 129
1420.0 904.7039999999998 17 3210.0 -1790.0 163 -214 256.39699999999993 144.69299999999998 179
2270.0 775.0359999999996 12 3870.0 -1600.0 212 -164 241.7729999999999 186.02899999999988 144
2950.0 966.9929999999999 17 4200.0 -1630.0 188 -224 285.657 167.207 163
790.0 671.6079999999998 12 2610.0 -1820.0 166 -153 190.97999999999996 123.96899999999998 182
2320.0 983.7040000000002 17 3540.0 -1460.0 176 -194 369.5929999999999 171.776 146
2020.0 946.405 17 3330.0 -1310.0 165 -213 291.68799999999993 148.51200000000003 131
1480.0 810.1709999999999 14 2970.0 -1490.0 153 -193 215.76999999999998 127.19200000000001 219
2280.0 1007.7779999999996 17 4320.0 -2040.0 216 -212 325.7659999999999 209.97599999999997 204
2790.0 772.9079999999999 15 3900.0 -1320.0 184 -178 219.87999999999997 172.14499999999992 203
1600.0 866.6339999999997 16 3300.0 -1960.0 208 -188 292.39399999999995 141.67699999999996 196
1990.0 895.9589999999998 19 3810.0 -1940.0 177 -218 232.7469999999999 173.74599999999995 194
2700.0 813.935 12 4200.0 -1500.0 165 -179 251.90499999999986 180.19599999999994 207
1400.0 543.1719999999999 10 2280.0 -880.0 80 -125 169.54099999999997 93.39099999999999 88
2030.0 593.2739999999999 10 2940.0 -910.0 83 -131 184.608 127.15999999999997 91
1180.0 523.6729999999998 10 2100.0 -1270.0 116 -130 135.79599999999996 81.07799999999999 127
3080.0 853.3679999999998 15 4080.0 -1160.0 182 -208 211.636 174.95999999999998 176
2020.0 775.3779999999996 14 3270.0 -1890.0 216 -194 203.53199999999993 117.69199999999998 189
2790.0 967.286 18 4530.0 -1740.0 226 -241 246.46599999999998 176.28599999999997 227
2870.0 898.1819999999999 16 4560.0 -1690.0 154 -211 259.0069999999999 187.964 169
1010.0 772.5729999999996 15 2700.0 -1720.0 159 -169 261.4289999999999 121.31599999999997 171
2050.0 969.3609999999999 17 3330.0 -1460.0 175 -211 319.0979999999999 152.785 146
4530.0 1127.416 21 6210.0 -1680.0 251 -265 315.38000000000005 254.107 165
860.0 634.2149999999999 11 2400.0 -1700.0 171 -139 199.504 111.294 239
2150.0 926.8699999999995 16 3960.0 -1810.0 165 -227 230.19199999999995 175.058 181
3840.0 1114.1439999999998 20 5130.0 -1290.0 161 -253 345.7779999999999 216.86799999999994 129
720.0 78.35100000000003 1 720.0 0.0 0 -14 35.172000000000004 27.399999999999984 0
3230.0 850.3449999999997 13 4350.0 -1120.0 141 -204 219.25299999999996 183.89 112
1770.0 698.911 12 3570.0 -2100.0 191 -159 210.611 154.94099999999997 210
2580.0 909.5329999999998 16 3840.0 -1380.0 184 -185 329.168 178.252 138
3450.0 990.1619999999999 15 5100.0 -1845.0 177 -219 324.9659999999999 203.17299999999997 204
1760.0 791.4979999999996 14 3450.0 -1730.0 156 -153 313.4119999999999 152.264 173
2810.0 1072.8939999999998 19 4800.0 -2020.0 228 -241 312.839 221.85899999999998 202
2200.0 830.7229999999997 15 3390.0 -1820.0 204 -182 259.852 156.29199999999994 182
2410.0 846.9379999999998 15 3660.0 -1250.0 159 -188 283.873 147.579 125
3190.0 852.8749999999998 15 3930.0 -1450.0 219 -191 233.83499999999995 193.5889999999999 145
2010.0 504.557 8 2910.0 -900.0 82 -103 166.64799999999997 131.349 90
1820.0 739.0299999999999 14 2730.0 -1090.0 188 -159 253.50299999999996 122.198 165
1350.0 536.05 10 2250.0 -900.0 82 -130 134.08799999999997 98.41899999999997 90
1245.0 805.3039999999996 14 2880.0 -1635.0 167 -180 254.8819999999999 128.768 236
1960.0 798.2879999999998 13 3210.0 -1460.0 172 -170 254.19499999999996 148.30100000000002 146
1530.0 823.574 14 3180.0 -1760.0 160 -200 212.8309999999999 140.964 176
3430.0 953.669 16 4200.0 -1080.0 188 -203 341.35499999999996 164.195 108
1750.0 588.6859999999998 10 2640.0 -890.0 81 -133 174.946 117.75299999999999 89
1770.0 832.5880000000002 14 2970.0 -1830.0 204 -182 272.51 128.82099999999994 183
1550.0 508.3009999999998 8 1890.0 -340.0 70 -115 149.845 85.31700000000002 34
2100.0 813.2519999999997 14 2880.0 -780.0 162 -179 267.109 122.98299999999998 78
1500.0 860.3729999999998 13 2910.0 -1410.0 155 -179 305.402 139.32599999999996 196
3590.0 1109.8289999999995 19 4890.0 -1540.0 187 -234 378.71299999999985 209.83499999999998 154
1300.0 476.13499999999993 8 2220.0 -920.0 84 -100 166.37599999999998 92.60999999999996 92
3500.0 875.8899999999998 15 4830.0 -1540.0 187 -204 229.11499999999995 207.37499999999994 154
710.0 589.3719999999997 11 2190.0 -1720.0 186 -139 155.02199999999996 75.927 231
1910.0 785.1329999999998 16 3630.0 -1900.0 172 -174 241.68399999999997 159.963 190
1230.0 644.2129999999997 12 3030.0 -1840.0 172 -149 193.554 118.12799999999999 184
1680.0 885.4669999999998 16 3270.0 -1590.0 145 -203 273.77099999999996 137.48499999999996 159
1940.0 745.5119999999998 13 3660.0 -2020.0 184 -167 236.23499999999996 143.18699999999998 202
3220.0 933.8930000000001 16 4470.0 -1290.0 161 -191 351.7199999999999 177.77599999999998 129
2365.0 851.3309999999996 14 3720.0 -1595.0 170 -169 298.6969999999999 172.72799999999995 211
2930.0 980.7159999999998 18 4590.0 -2180.0 198 -233 259.65899999999993 200.60099999999994 218
1050.0 105.81599999999995 2 1050.0 0.0 0 -23 23.322 52.955 0
3170.0 895.8989999999998 16 5010.0 -1975.0 187 -185 302.979 219.878 211
3510.0 986.3489999999998 16 4740.0 -1395.0 177 -200 346.6859999999999 221.933 156
1580.0 971.7300000000002 19 3750.0 -1810.0 165 -234 265.083 162.15399999999997 181
3530.0 984.2329999999997 18 4770.0 -1390.0 170 -225 288.337 211.772 139
2175.0 735.8149999999997 14 3450.0 -1275.0 161 -173 187.1819999999999 161.84199999999996 255
2000.0 787.1809999999997 15 3690.0 -1690.0 153 -169 258.9749999999999 163.01599999999996 169
3160.0 969.0659999999999 16 4350.0 -1470.0 180 -238 243.65099999999998 171.892 147
4170.0 928.9129999999999 17 5400.0 -1330.0 163 -215 251.11299999999994 203.70700000000002 133
2690.0 988.4119999999998 17 4320.0 -1630.0 148 -210 332.2969999999999 194.85699999999994 163
2930.0 942.4979999999997 18 4140.0 -1310.0 165 -213 301.347 174.607 131
2240.0 595.6879999999999 10 2640.0 -950.0 133 -125 218.51299999999998 105.23199999999999 95
2890.0 1119.2849999999992 22 4230.0 -1400.0 161 -266 313.352 184.75000000000006 125
1440.0 885.0529999999999 16 2730.0 -1290.0 165 -196 296.969 117.73 129
1440.0 534.15 9 2310.0 -940.0 85 -114 180.99599999999998 99.78899999999996 94
970.0 700.5509999999998 11 2730.0 -1760.0 160 -155 227.51699999999994 114.79299999999998 176
1120.0 731.2239999999999 13 3090.0 -1970.0 201 -154 256.392 140.81399999999996 197
3770.0 903.5049999999997 15 4980.0 -1780.0 205 -210 273.48900000000003 189.81199999999998 178
0.0 40.767 0 0.0 0.0 0 -14 0.0 0.0 0
2215.0 772.7439999999999 14 3780.0 -1765.0 178 -170 243.50599999999994 169.4 249
2800.0 1014.412 18 4440.0 -1800.0 163 -244 252.552 185.14599999999996 180
2240.0 792.3689999999997 14 3930.0 -1690.0 154 -183 226.32099999999997 163.754 169
3535.0 977.6539999999997 18 4860.0 -1400.0 163 -236 265.25699999999995 191.19699999999995 132
3050.0 877.2709999999998 16 4350.0 -1300.0 163 -213 224.26499999999996 188.351 130
1950.0 809.4949999999999 17 3540.0 -1660.0 176 -194 219.47399999999996 158.58299999999997 235
1730.0 871.7019999999998 16 3420.0 -1690.0 154 -210 227.95499999999996 148.47699999999995 169
2420.0 836.8050000000002 15 3690.0 -1330.0 171 -197 239.72099999999998 161.50199999999998 133
1670.0 929.8659999999996 16 3570.0 -1900.0 239 -228 239.06099999999995 157.10499999999996 246
1460.0 446.80899999999997 7 2010.0 -550.0 77 -100 168.82899999999995 59.916000000000004 110
2710.0 818.2319999999995 15 4440.0 -1840.0 168 -198 214.24399999999997 181.72400000000002 184
1240.0 859.771 16 2580.0 -1440.0 165 -180 317.554 114.26299999999998 129
2120.0 909.5229999999999 18 3420.0 -1430.0 183 -200 300.8649999999999 152.20699999999994 156
2250.0 898.6750000000002 15 3990.0 -1990.0 180 -202 289.236 165.514 199
1940.0 600.4949999999998 11 2340.0 -400.0 83 -139 175.98199999999997 99.502 40
0.0 41.517 0 0.0 0.0 0 -14 0.0 0.0 0
2600.0 829.9469999999995 15 4110.0 -1725.0 185 -196 255.11699999999996 150.03 263
3320.0 962.7249999999998 17 4080.0 -760.0 158 -211 332.9729999999999 162.64199999999997 76
190.0 471.5419999999999 8 1110.0 -1120.0 102 -96 182.66 51.37099999999999 112
3320.0 963.1859999999999 16 5070.0 -1750.0 159 -231 257.46599999999995 210.02499999999995 175
2850.0 803.5499999999996 14 4650.0 -2260.0 206 -198 222.20599999999996 167.57200000000003 226
2280.0 868.4759999999999 15 3960.0 -1750.0 162 -182 278.529 160.95600000000002 182
1040.0 556.1729999999997 9 2850.0 -1810.0 164 -129 176.75199999999995 103.43499999999999 181
2430.0 870.5859999999998 16 3660.0 -2040.0 228 -203 260.513 152.859 204
2600.0 1073.2789999999998 19 4320.0 -1720.0 240 -240 342.4169999999999 174.18599999999995 172
1090.0 720.4819999999999 14 2820.0 -1730.0 157 -159 251.188 111.89600000000002 173
2920.0 957.2489999999997 19 4260.0 -1900.0 209 -222 278.39700000000005 181.94499999999994 174
1270.0 576.4549999999998 11 3000.0 -1730.0 157 -137 180.60099999999997 98.18599999999998 173
2310.0 815.6129999999997 15 3600.0 -1520.0 185 -186 224.1979999999999 168.55399999999997 152
1740.0 843.3299999999998 15 3420.0 -1890.0 172 -202 225.76699999999997 156.23 189
4030.0 971.1149999999998 17 4770.0 -1460.0 219 -214 306.16 206.34799999999996 146
1110.0 709.1559999999997 13 2910.0 -1850.0 171 -167 207.66799999999995 123.584 190
240.0 85.59899999999998 1 240.0 0.0 0 -21 19.150999999999993 13.629000000000001 0
2410.0 868.0759999999997 16 4050.0 -1900.0 203 -190 265.51 180.2609999999999 190
2595.0 971.6059999999995 18 3840.0 -1245.0 148 -209 319.5409999999999 181.29199999999997 109
1175.0 616.156 10 2970.0 -1795.0 181 -143 195.60499999999996 106.12100000000001 253
2690.0 965.9709999999998 17 4050.0 -1530.0 186 -223 286.193 172.43299999999996 153
1600.0 873.007 14 3690.0 -2090.0 233 -208 226.32099999999994 163.6 209
2750.0 875.149 15 4530.0 -1780.0 162 -192 284.86199999999997 178.954 178
2260.0 999.8189999999997 17 3840.0 -1580.0 225 -206 363.8839999999999 166.56799999999998 158
1500.0 900.1279999999998 17 3120.0 -1620.0 238 -202 284.68100000000004 135.60299999999995 162
2285.0 795.2179999999995 14 3690.0 -1435.0 156 -170 270.539 157.74099999999996 197
3030.0 1112.0629999999999 17 4260.0 -1430.0 169 -221 385.83699999999993 210.31400000000002 143
1650.0 905.9429999999996 17 3420.0 -1790.0 162 -202 281.17199999999997 151.739 179
940.0 689.8709999999996 13 2730.0 -1790.0 180 -170 169.53299999999996 107.78399999999996 249
1155.0 800.6269999999997 14 2580.0 -1605.0 194 -176 259.3079999999999 116.41999999999999 216
390.0 100.587 1 390.0 0.0 0 -25 23.395 16.343999999999998 0
2580.0 917.5569999999998 17 3810.0 -1420.0 174 -216 254.76799999999994 169.58799999999997 142
3080.0 926.1269999999998 19 4380.0 -1520.0 185 -219 257.98099999999994 180.188 152
1510.0 721.5459999999999 13 2940.0 -1640.0 178 -154 252.87499999999997 136.42899999999992 223
1540.0 818.7439999999997 13 3210.0 -1670.0 152 -192 250.0669999999999 134.85399999999996 167
1160.0 534.3499999999999 10 1980.0 -820.0 75 -130 141.875 85.74799999999998 82
4000.0 1192.740999999999 21 5220.0 -1430.0 252 -268 379.79299999999995 210.28999999999996 127
0.0 41.05500000000001 0 0.0 0.0 0 -14 0.0 0.0 0
2940.0 989.8999999999996 19 4200.0 -1700.0 199 -234 280.443 183.594 170
1540.0 844.9099999999997 15 3180.0 -1660.0 153 -191 254.3319999999999 148.85600000000002 166
1440.0 816.8029999999999 15 3270.0 -2000.0 182 -188 253.2659999999999 134.90999999999997 200
4880.0 973.1359999999997 17 5880.0 -1000.0 153 -204 306.069 261.49399999999997 134
1965.0 762.712 12 3360.0 -1395.0 152 -187 183.88099999999997 142.719 191
2630.0 941.5739999999998 14 4260.0 -2100.0 191 -209 267.98499999999996 205.94699999999997 210
2110.0 768.5799999999997 13 3420.0 -1480.0 181 -164 265.8579999999999 131.32899999999995 148
0.0 41.52100000000001 0 0.0 0.0 0 -14 0.0 0.0 0
2010.0 607.784 9 2580.0 -570.0 80 -131 202.28199999999995 109.908 114
3170.0 925.2609999999999 17 4590.0 -1680.0 179 -224 234.585 198.86499999999998 223
1230.0 833.8489999999995 16 2490.0 -1385.0 172 -193 259.2639999999999 103.20299999999999 151
2505.0 617.005 10 3600.0 -1095.0 160 -144 174.303 146.28199999999995 183
3210.0 614.7349999999997 11 3990.0 -1100.0 100 -144 180.73599999999993 149.25 110
1700.0 759.0439999999999 13 3390.0 -1960.0 178 -162 248.3379999999999 154.76499999999996 196
2770.0 999.1459999999998 18 4080.0 -1420.0 176 -231 298.7479999999999 172.86499999999998 142
1060.0 654.567 12 2880.0 -1940.0 191 -141 220.85499999999996 120.178 194
1945.0 706.3229999999998 12 3630.0 -1695.0 155 -173 192.1039999999999 132.164 251
1700.0 950.1659999999995 19 3450.0 -2095.0 199 -232 256.101 141.46499999999997 244
4120.0 929.9789999999997 17 5400.0 -1330.0 167 -206 310.75899999999984 198.58700000000005 138
1840.0 905.9720000000001 18 3570.0 -1835.0 171 -199 305.4179999999999 149.102 194
1920.0 969.2129999999996 18 3720.0 -1890.0 172 -218 302.31499999999994 162.464 189
3310.0 976.9479999999999 16 4920.0 -1610.0 230 -221 284.344 214.588 161
1635.0 797.377 14 2670.0 -1035.0 145 -196 207.16799999999995 110.95700000000002 207
120.0 78.61399999999999 1 120.0 0.0 0 -24 8.221999999999996 5.940999999999998 0
2240.0 788.7449999999998 14 3210.0 -1200.0 183 -166 280.87799999999993 140.509 179
3120.0 1008.9299999999995 16 4290.0 -1210.0 154 -225 316.6579999999999 180.002 121
2975.0 814.4989999999999 15 3930.0 -955.0 161 -191 257.786 144.667 151
120.0 56.53999999999998 1 120.0 0.0 0 -15 13.485000000000001 3.539 0
2230.0 864.8439999999998 15 3510.0 -1500.0 182 -180 297.532 159.91599999999994 150
3030.0 975.1719999999999 20 4260.0 -1460.0 177 -239 245.73299999999992 185.45199999999994 146
2120.0 846.7569999999998 15 3870.0 -1750.0 159 -198 221.57899999999998 152.68499999999997 175
120.0 77.756 1 120.0 0.0 0 -20 18.472 4.795999999999999 0
2900.0 818.3989999999998 14 4170.0 -1405.0 173 -170 267.7 199.71299999999994 154
3620.0 1045.356 17 4920.0 -1300.0 164 -214 387.455 214.40099999999993 130
1070.0 466.56699999999995 8 1920.0 -850.0 77 -114 105.19599999999997 93.613 85
2515.0 894.9629999999999 15 3090.0 -575.0 152 -196 286.26899999999995 148.98199999999994 51
1600.0 876.4519999999997 15 3300.0 -1700.0 154 -206 247.07199999999995 143.67400000000004 170
1260.0 669.8709999999999 12 3030.0 -1770.0 161 -160 176.24799999999996 132.94099999999997 177
2270.0 726.3869999999997 11 3840.0 -1690.0 172 -153 246.2019999999999 159.82899999999998 241
3030.0 1036.484 18 4320.0 -1330.0 166 -212 356.6239999999999 204.36499999999998 133
1530.0 495.27999999999986 9 1920.0 -390.0 81 -108 178.059 70.813 39
2270.0 771.1419999999997 14 4050.0 -2000.0 182 -180 226.26399999999998 159.30199999999996 200
250.0 655.9069999999998 11 1830.0 -1580.0 190 -152 193.44999999999996 83.66899999999997 217
810.0 129.93699999999998 2 810.0 0.0 0 -33 21.009999999999998 39.12599999999999 0
2290.0 890.7529999999999 17 3540.0 -1375.0 173 -195 299.61999999999995 152.91499999999996 150
2790.0 832.5159999999997 15 4050.0 -1450.0 178 -204 218.64800000000002 139.85000000000002 145
3560.0 957.9499999999996 17 5310.0 -1750.0 159 -237 242.15499999999997 209.87299999999996 175
1120.0 432.568 7 2010.0 -890.0 81 -109 118.85999999999999 69.847 89
500.0 694.2390000000001 11 2310.0 -1810.0 171 -148 217.85099999999994 115.642 181
2410.0 798.027 13 3630.0 -1220.0 150 -186 234.36699999999996 145.86699999999996 122
2430.0 947.2719999999996 17 3660.0 -1370.0 176 -201 330.48099999999994 146.279 151
1880.0 858.5099999999999 14 3630.0 -1810.0 171 -195 266.0129999999999 151.755 181
1910.0 887.5079999999997 16 3720.0 -1810.0 165 -191 306.146 155.69099999999997 181
2050.0 813.718 13 3780.0 -1790.0 162 -165 302.86899999999997 163.45499999999998 263
2680.0 930.8689999999997 15 3870.0 -1190.0 147 -199 323.48999999999995 164.296 119
3180.0 928.5249999999996 16 4950.0 -1770.0 161 -195 300.88399999999996 225.88799999999998 177
4140.0 1118.6159999999998 19 5400.0 -1500.0 210 -251 340.5309999999999 232.765 150
4665.0 1250.7839999999997 24 5910.0 -1385.0 258 -300 328.74600000000004 249.51600000000002 137
995.0 745.7999999999997 12 2400.0 -1405.0 143 -171 232.62999999999997 103.29699999999998 201
2280.0 869.2899999999998 14 3540.0 -1520.0 180 -178 295.4769999999999 171.33299999999997 152
1940.0 785.4929999999998 15 3180.0 -1240.0 159 -170 241.49799999999996 151.261 124
1730.0 717.1509999999998 12 3120.0 -1470.0 172 -177 162.138 145.06999999999996 130
1920.0 844.3439999999999 15 3630.0 -1770.0 161 -183 266.28499999999997 172.72499999999997 177
430.0 415.58000000000004 7 1200.0 -770.0 70 -93 144.982 45.934 77
3040.0 1121.5839999999998 21 4800.0 -2210.0 201 -276 277.87299999999993 214.88299999999998 221
1950.0 842.5229999999998 14 3330.0 -1380.0 150 -181 284.96 146.21999999999997 188
1400.0 454.68799999999976 9 2220.0 -820.0 75 -118 108.81999999999998 79.83000000000001 82
2150.0 921.1490000000001 16 3930.0 -1780.0 162 -210 256.5469999999999 181.71499999999997 178
2440.0 971.7849999999999 18 4170.0 -1840.0 168 -224 268.718 193.65899999999996 184
2470.0 884.6319999999997 17 3690.0 -1980.0 223 -188 294.0729999999999 169.65399999999994 198
3770.0 1058.5159999999996 19 5580.0 -1845.0 169 -242 306.5799999999999 202.426 188
1280.0 743.2779999999997 13 3030.0 -1945.0 191 -169 213.6949999999999 137.46599999999998 188
1820.0 685.4229999999998 11 3480.0 -1660.0 151 -146 244.858 132.214 166
1470.0 703.1869999999996 12 3030.0 -1760.0 177 -156 223.39099999999996 134.70499999999996 245
2750.0 834.3489999999999 14 4470.0 -1720.0 157 -202 198.00399999999996 203.07099999999997 172
3430.0 1014.95 16 4530.0 -1340.0 173 -216 349.981 190.19999999999996 128
2900.0 790.9499999999997 13 4200.0 -1300.0 164 -185 219.81499999999997 176.21599999999998 130
1820.0 809.3689999999999 15 3570.0 -1800.0 166 -175 256.459 165.82099999999997 185
3560.0 981.7069999999998 17 4770.0 -1410.0 197 -223 286.35699999999986 208.95399999999998 141
1230.0 883.4159999999996 15 2970.0 -2120.0 192 -190 296.61899999999997 135.581 212
2060.0 871.75 16 3360.0 -1330.0 166 -199 268.3229999999999 138.94199999999998 133
1705.0 720.1419999999997 13 3180.0 -1475.0 162 -167 215.28599999999994 134.08299999999997 203
2700.0 844.4709999999998 14 3960.0 -1350.0 162 -171 323.74299999999994 166.80999999999995 135
0.0 40.628 0 0.0 0.0 0 -14 0.0 0.0 0
1550.0 493.88400000000007 8 2400.0 -850.0 77 -108 155.36899999999997 111.52900000000001 85
1300.0 723.2079999999999 12 2940.0 -1840.0 167 -169 205.26699999999994 130.641 184
1320.0 862.9809999999999 15 3060.0 -1740.0 158 -204 239.23299999999995 133.607 174
0.0 41.581999999999994 0 0.0 0.0 0 -14 0.0 0.0 0
3405.0 817.9129999999997 13 4830.0 -1725.0 182 -200 175.5149999999999 187.26699999999994 223
3380.0 963.8159999999997 14 5100.0 -1860.0 168 -199 308.9419999999999 249.2249999999999 186
2050.0 803.165 14 3900.0 -2080.0 190 -171 265.86799999999994 142.935 208
500.0 437.6709999999998 7 1290.0 -790.0 72 -103 123.43499999999997 59.227 79
2070.0 738.8109999999999 14 3300.0 -1400.0 190 -159 250.37499999999997 138.51899999999992 140
60.0 435.10299999999995 6 1860.0 -1800.0 164 -106 107.98500000000001 90.112 180
1100.0 837.5389999999998 16 2910.0 -1810.0 165 -190 251.77100000000002 138.96300000000002 181
270.0 624.6859999999998 11 2010.0 -1760.0 160 -125 241.69899999999993 97.51000000000002 176
0.0 40.06700000000001 0 0.0 0.0 0 -14 0.0 0.0 0
1710.0 904.2709999999998 16 3360.0 -1650.0 150 -207 283.9549999999999 142.699 165
1950.0 948.4689999999998 16 3690.0 -1950.0 177 -198 335.4549999999999 170.43900000000002 195
2480.0 911.8459999999998 17 3780.0 -1300.0 164 -198 293.42799999999994 178.26099999999997 130
1950.0 879.3669999999997 15 3090.0 -1220.0 155 -200 252.39399999999995 142.161 130
3060.0 977.185 17 4710.0 -1650.0 150 -223 277.1149999999999 208.63199999999995 165
4380.0 1164.6000000000004 21 5160.0 -880.0 182 -253 381.003 229.54699999999997 88
1610.0 757.5589999999997 13 3420.0 -2110.0 192 -169 231.78099999999992 151.50599999999997 211
1450.0 708.0289999999997 12 2730.0 -1520.0 182 -137 274.8029999999999 127.70299999999997 152
3380.0 980.1369999999995 19 4680.0 -1365.0 174 -234 281.94399999999996 177.18400000000003 143
1230.0 493.9569999999998 9 2010.0 -780.0 71 -135 82.90199999999997 87.52199999999999 78
1840.0 1009.8079999999997 19 3870.0 -2030.0 229 -224 304.327 188.72199999999995 203
3240.0 960.4159999999997 18 4560.0 -1510.0 184 -206 318.2139999999998 210.28499999999997 151
1390.0 934.9049999999996 16 2880.0 -1490.0 203 -204 311.626 136.13499999999996 149
4250.0 1049.7609999999995 18 5490.0 -1390.0 172 -221 364.40199999999976 228.42099999999996 139
3480.0 1108.4909999999998 21 5100.0 -1620.0 237 -259 293.253 209.79500000000004 162
2745.0 846.4109999999997 14 4110.0 -1365.0 220 -201 221.017 177.173 205
1070.0 958.4559999999997 17 3270.0 -2200.0 239 -219 289.24899999999997 145.208 220
1370.0 396.3729999999998 5 2160.0 -790.0 72 -97 118.7959999999999 61.83999999999999 79
0.0 39.70899999999999 0 0.0 0.0 0 -14 0.0 0.0 0
1750.0 897.3999999999996 15 2910.0 -1160.0 151 -208 258.9819999999999 140.02599999999998 116
2020.0 901.2740000000001 17 3630.0 -1980.0 180 -199 291.72199999999987 158.30699999999993 198
2530.0 959.922 19 3810.0 -1690.0 200 -220 285.777 170.154 169
3020.0 866.818 16 4230.0 -1210.0 156 -203 250.53799999999995 176.44299999999998 121
2500.0 800.0279999999999 13 3720.0 -1350.0 185 -174 271.66600000000005 141.70799999999994 135
90.0 70.34599999999996 1 90.0 0.0 0 -18 16.844999999999995 4.877 0
2010.0 740.7339999999998 14 2970.0 -1190.0 182 -162 262.20099999999996 119.71599999999998 176
2985.0 979.1639999999999 16 4350.0 -1365.0 149 -210 320.9849999999999 198.69499999999994 187
420.0 600.2139999999997 12 2250.0 -1830.0 167 -142 175.46699999999996 91.71999999999997 183
0.0 41.184999999999995 0 0.0 0.0 0 -14 0.0 0.0 0
940.0 516.1139999999998 9 1800.0 -1240.0 112 -113 171.14799999999997 83.45399999999998 124
1990.0 827.5689999999996 16 3780.0 -1960.0 178 -195 241.42899999999995 156.41199999999995 196
1945.0 867.3759999999996 18 3000.0 -1145.0 164 -197 263.925 129.719 183
3760.0 1051.8629999999998 19 5040.0 -1340.0 172 -241 300.35699999999997 214.22899999999993 134
2090.0 814.4839999999999 16 2940.0 -870.0 162 -178 266.29799999999994 130.888 72
2860.0 962.9670000000001 16 4590.0 -1730.0 157 -223 274.4769999999999 197.282 173
3070.0 1073.244 20 4530.0 -1510.0 231 -260 283.40200000000004 192.694 145
1960.0 877.531 17 3210.0 -1630.0 194 -212 233.34099999999995 145.91899999999998 163
1820.0 690.9239999999998 12 3630.0 -1820.0 165 -147 221.16399999999996 139.60699999999997 182
1810.0 943.9459999999998 16 3510.0 -1790.0 163 -219 279.03599999999994 139.66699999999997 179
3740.0 976.7049999999997 17 5040.0 -1730.0 202 -224 308.186 190.94699999999997 173
210.0 80.05799999999996 1 210.0 0.0 0 -24 6.519999999999998 10.690999999999997 0
2670.0 948.5999999999998 16 3960.0 -1405.0 174 -197 334.4839999999999 178.87499999999994 152
2060.0 873.0729999999999 16 3720.0 -1710.0 155 -194 284.18100000000004 153.89899999999994 171
3300.0 973.3269999999995 19 4530.0 -1290.0 163 -221 305.09000000000003 181.71599999999998 135
2640.0 889.3809999999999 17 3540.0 -1020.0 177 -206 265.4959999999999 143.112 85
2705.0 932.821 15 3510.0 -1185.0 226 -199 317.26499999999993 152.821 103
2490.0 902.1259999999997 15 4170.0 -2030.0 184 -200 263.15399999999994 191.87799999999993 203
2710.0 975.8039999999995 17 4830.0 -2120.0 229 -224 263.73299999999995 223.128 196
3390.0 908.6279999999997 16 5130.0 -1740.0 158 -195 293.91499999999996 214.044 174
2440.0 823.5089999999999 14 3270.0 -1060.0 173 -170 289.67499999999995 154.34699999999998 90
3130.0 1122.1969999999994 18 4050.0 -920.0 225 -255 343.24799999999993 170.58899999999997 85
2290.0 771.9329999999999 13 3600.0 -1310.0 166 -187 203.27599999999995 143.85700000000003 131
3400.0 1036.5729999999999 19 5070.0 -1930.0 175 -233 336.7 210.51899999999995 193
2280.0 798.8339999999997 13 3600.0 -1440.0 184 -172 275.859 146.06599999999995 156
1740.0 856.5099999999998 15 3330.0 -1670.0 202 -192 248.71599999999998 162.28699999999995 223
3160.0 1147.1869999999994 20 4440.0 -1380.0 168 -261 342.5739999999999 202.00099999999998 138
1560.0 903.9029999999998 16 3240.0 -1800.0 164 -201 276.08199999999994 158.546 180
2810.0 910.3729999999999 15 4080.0 -1810.0 211 -206 262.373 186.48599999999996 181
4165.0 990.1909999999997 14 5040.0 -905.0 153 -188 371.7049999999999 233.65999999999994 142
2110.0 801.6029999999998 14 3180.0 -1290.0 178 -184 230.339 144.877 199
1820.0 597.4599999999997 12 2220.0 -400.0 83 -144 168.05099999999996 92.068 40
1780.0 416.18699999999995 7 2160.0 -380.0 79 -107 95.63999999999999 78.57599999999998 38
2700.0 919.6379999999996 14 3900.0 -1320.0 160 -192 326.01699999999994 168.31400000000005 132
2290.0 814.5319999999999 14 3510.0 -1540.0 184 -182 264.35599999999994 153.67399999999998 154
2210.0 869.5069999999997 15 3510.0 -1570.0 187 -196 266.105 153.086 157
1690.0 770.1619999999997 12 3660.0 -1970.0 205 -172 225.17000000000002 168.01799999999997 197
1620.0 458.4169999999999 9 2010.0 -390.0 81 -114 113.78000000000003 86.938 39
2870.0 947.7069999999998 18 4590.0 -1990.0 180 -220 265.09099999999995 204.051 199
1600.0 592.7399999999999 9 3240.0 -1640.0 167 -128 188.52699999999993 142.254 235
2315.0 831.698 15 3810.0 -1495.0 165 -175 290.80999999999995 168.98399999999998 208
2920.0 775.9899999999997 13 3990.0 -1070.0 158 -161 264.3169999999999 187.34999999999997 177
1570.0 820.8929999999998 17 3330.0 -1905.0 180 -187 241.95399999999998 146.81299999999996 205
1820.0 826.2750000000001 16 3660.0 -2010.0 183 -188 269.553 144.06599999999997 201
2505.0 747.6979999999999 12 3390.0 -1425.0 199 -166 245.02899999999997 124.886 193
1500.0 689.6059999999997 12 2760.0 -1360.0 174 -153 218.06399999999996 122.921 136
3740.0 990.8479999999998 17 5010.0 -1930.0 216 -206 316.94799999999987 239.76600000000002 193
2950.0 640.2779999999997 12 3870.0 -1430.0 130 -123 236.92899999999992 171.2969999999999 143
1420.0 643.12 11 2940.0 -1520.0 169 -138 230.67800000000003 116.84999999999998 212
1820.0 753.9009999999997 12 3630.0 -2020.0 184 -179 202.3529999999999 146.46800000000002 202
0.0 39.93500000000001 0 0.0 0.0 0 -14 0.0 0.0 0
1490.0 863.6190000000001 14 3540.0 -2050.0 225 -211 212.16999999999996 156.21 205
1660.0 570.4019999999999 10 2550.0 -1015.0 95 -123 185.394 110.76599999999996 114
3780.0 1077.6559999999997 20 5160.0 -1640.0 173 -242 325.9619999999999 222.53399999999993 214
1570.0 426.72699999999986 8 1950.0 -380.0 79 -115 77.189 86.19399999999997 38
0.0 41.445 0 0.0 0.0 0 -14 0.0 0.0 0
0.0 39.430000000000014 0 0.0 0.0 0 -14 0.0 0.0 0
2860.0 1001.6809999999997 19 4050.0 -1190.0 148 -221 322.7249999999999 183.617 119
3260.0 988.5759999999998 20 4560.0 -1310.0 163 -239 272.49600000000004 180.22099999999998 131
320.0 410.0639999999999 7 1110.0 -790.0 72 -98 120.20699999999997 43.82399999999999 79
1790.0 805.2349999999999 14 3630.0 -1880.0 173 -174 263.95199999999994 157.58799999999997 192
3685.0 1026.9569999999997 17 5190.0 -1585.0 243 -231 313.442 223.467 183
1670.0 931.7099999999996 17 3930.0 -2080.0 228 -213 269.76499999999993 172.53499999999997 208
610.0 502.88699999999994 9 1530.0 -1120.0 102 -112 165.96699999999993 66.614 112
1120.0 767.829 13 2820.0 -1860.0 169 -162 276.69800000000004 117.47899999999997 186
0.0 39.004999999999995 0 0.0 0.0 0 -14 0.0 0.0 0
0.0 41.78699999999998 0 0.0 0.0 0 -14 0.0 0.0 0
1880.0 771.197 15 3600.0 -1990.0 180 -181 216.89600000000002 157.01099999999997 199
120.0 76.23899999999999 1 120.0 0.0 0 -19 19.179000000000006 7.103 0
865.0 678.8039999999996 12 2700.0 -1835.0 179 -151 211.52399999999986 117.97399999999999 182
3250.0 1045.5359999999996 17 4410.0 -1160.0 150 -255 276.801 178.34199999999998 116
2420.0 855.2859999999995 15 3870.0 -1700.0 182 -189 270.21799999999996 168.46399999999997 226
2070.0 862.1189999999998 16 3840.0 -2000.0 182 -210 242.68499999999992 145.27900000000002 200
3650.0 1070.4079999999997 20 4920.0 -1660.0 195 -232 359.65499999999986 208.85 166
0.0 41.291 0 0.0 0.0 0 -14 0.0 0.0 0
1210.0 711.6469999999996 12 2400.0 -1450.0 201 -143 260.955 108.74700000000001 145
2100.0 805.9409999999998 12 3690.0 -1590.0 145 -179 244.37399999999997 165.89199999999997 159
3100.0 995.6249999999995 18 4380.0 -1660.0 193 -228 314.0849999999999 182.15200000000002 166
2940.0 928.4969999999998 15 4620.0 -1680.0 153 -199 304.176 195.07099999999997 168
1660.0 799.7239999999997 15 3360.0 -1700.0 155 -192 210.22399999999993 148.58099999999996 170
2270.0 872.9719999999998 16 4050.0 -2030.0 184 -206 252.33899999999997 162.80599999999995 203
2550.0 763.1959999999996 13 4290.0 -1870.0 169 -159 261.18399999999997 189.002 187
1920.0 641.1469999999998 13 3300.0 -1470.0 166 -156 182.67499999999998 125.731 212
790.0 448.6369999999999 7 1710.0 -920.0 84 -110 122.66 69.88299999999998 92
1600.0 521.1559999999997 8 2520.0 -920.0 84 -114 169.43999999999988 105.65799999999996 92
1010.0 755.9919999999994 14 2700.0 -1760.0 160 -169 249.52999999999992 102.625 176
2730.0 932.3969999999999 17 3960.0 -1630.0 193 -212 275.3309999999999 176.813 163
3740.0 982.2369999999997 17 5040.0 -1300.0 165 -206 329.134 226.29699999999997 130
3980.0 813.7439999999995 15 5190.0 -1940.0 215 -190 257.42699999999996 178.87999999999997 194
2390.0 789.0649999999997 15 4290.0 -1810.0 165 -170 270.219 179.661 181
2830.0 908.2929999999999 17 3810.0 -1130.0 189 -195 324.083 155.63699999999997 167
710.0 616.3519999999999 9 2640.0 -1930.0 176 -139 193.79999999999998 111.909 193
-20.0 169.73600000000002 3 390.0 -410.0 85 -39 35.443999999999996 15.335 41
1780.0 887.3019999999998 16 3540.0 -1760.0 172 -183 301.57 171.76999999999995 176
1470.0 825.2899999999998 15 3030.0 -1560.0 159 -193 222.59699999999992 142.42999999999998 226
440.0 647.9839999999997 12 2190.0 -1990.0 181 -141 211.64099999999993 104.49499999999999 283
150.0 94.06399999999994 1 150.0 0.0 0 -26 17.96799999999999 6.882 0
1780.0 725.7549999999998 12 3270.0 -1490.0 165 -174 202.68599999999998 136.14000000000001 208
3690.0 940.3099999999997 17 4440.0 -750.0 156 -215 259.5549999999999 202.26799999999994 75
150.0 72.74999999999997 1 150.0 0.0 0 -19 16.915000000000003 7.118999999999999 0
690.0 555.1899999999998 10 2310.0 -1630.0 165 -113 211.06499999999988 95.42899999999999 234
3495.0 960.8679999999998 17 4890.0 -1725.0 207 -226 261.21099999999996 207.81999999999996 213
0.0 41.85200000000001 0 0.0 0.0 0 -14 0.0 0.0 0
840.0 784.6069999999997 16 2640.0 -2040.0 186 -181 235.414 117.77299999999995 204
2660.0 907.6089999999998 16 3840.0 -1180.0 150 -200 281.39099999999996 172.92999999999995 118
2550.0 929.9659999999998 18 3840.0 -1780.0 205 -194 317.7439999999999 179.19999999999996 178
3960.0 1126.723 20 5250.0 -1320.0 166 -252 323.5419999999999 251.08700000000002 135
0.0 41.377 0 0.0 0.0 0 -14 0.0 0.0 0
620.0 532.4359999999999 8 1530.0 -910.0 83 -121 177.13499999999996 59.749 91
2530.0 817.8419999999996 17 4320.0 -1990.0 181 -207 183.036 185.65200000000002 199
1540.0 916.6559999999998 15 3240.0 -2080.0 189 -194 300.7719999999999 151.89000000000001 208
1760.0 816.8409999999998 16 3480.0 -1840.0 167 -191 231.50299999999993 141.90999999999997 272
1990.0 741.5799999999996 15 3750.0 -1760.0 160 -171 233.55799999999996 152.044 176
0.0 41.889999999999986 0 0.0 0.0 0 -14 0.0 0.0 0
210.0 74.74399999999997 1 210.0 0.0 0 -23 4.630000000000001 10.308000000000003 0
0.0 40.129999999999995 0 0.0 0.0 0 -14 0.0 0.0 0
2100.0 527.039 9 2490.0 -390.0 81 -121 148.56499999999994 110.25699999999999 39
2010.0 870.1619999999995 14 3810.0 -2050.0 186 -200 246.28700000000003 172.92 205
1960.0 825.2939999999999 16 3660.0 -1840.0 167 -191 230.47799999999995 161.14299999999997 184
1250.0 818.2959999999998 15 2970.0 -1990.0 180 -184 266.2559999999999 121.06099999999998 199
690.0 460.7929999999999 8 1470.0 -780.0 71 -115 111.61599999999997 66.08399999999999 78
1140.0 620.5809999999998 11 2940.0 -1800.0 169 -152 153.21899999999997 124.53999999999998 180
1575.0 803.7169999999999 13 3270.0 -1695.0 200 -182 240.928 142.23799999999994 236
2825.0 827.6899999999999 13 4170.0 -1345.0 147 -197 218.8389999999999 173.02899999999994 269
1040.0 680.3809999999999 12 2880.0 -1840.0 168 -147 230.53799999999998 111.53799999999998 184
2730.0 953.0249999999996 17 4770.0 -2040.0 215 -216 259.9519999999999 231.88199999999992 204
3260.0 866.4109999999997 17 4530.0 -1440.0 171 -212 209.31900000000002 199.55499999999995 144
2490.0 928.6859999999997 17 4170.0 -2160.0 196 -221 239.32299999999995 189.162 216
1905.0 474.8559999999999 8 2400.0 -495.0 82 -112 118.46999999999996 113.98199999999997 33
0.0 40.96200000000001 0 0.0 0.0 0 -14 0.0 0.0 0
1900.0 836.1009999999997 12 3450.0 -1550.0 217 -179 274.2249999999999 138.08199999999997 155
3330.0 1004.2089999999997 17 4620.0 -1290.0 162 -217 329.63999999999993 199.38499999999996 129
2210.0 825.8919999999997 16 3990.0 -2030.0 184 -181 254.8539999999999 178.69699999999992 203
2285.0 886.9009999999996 15 3150.0 -1105.0 166 -202 263.24899999999997 145.50099999999998 162
2420.0 973.9259999999996 16 4170.0 -1830.0 166 -204 349.245 175.086 183
2710.0 1038.062 18 4470.0 -1760.0 160 -230 326.33999999999986 205.157 176
1950.0 504.8479999999998 9 2310.0 -360.0 75 -115 135.654 108.82199999999997 36
1930.0 889.5410000000002 16 4410.0 -2480.0 226 -236 189.83399999999997 155.15699999999993 248
-60.0 625.8409999999999 12 1830.0 -1890.0 178 -140 209.84699999999992 75.49499999999999 189
3930.0 1022.4249999999996 18 5130.0 -1200.0 154 -226 314.739 225.62799999999993 120
1070.0 745.6579999999998 13 2850.0 -1820.0 170 -154 268.50699999999995 122.805 182
2330.0 923.858 16 3930.0 -1600.0 234 -213 271.6319999999999 160.85699999999997 160
4200.0 922.3259999999996 17 5010.0 -810.0 150 -219 250.517 218.477 66
3145.0 930.2799999999999 16 4500.0 -1355.0 158 -202 286.9109999999999 206.75499999999997 120
2850.0 1006.3539999999997 18 4650.0 -1890.0 172 -237 265.37699999999995 215.14099999999996 189
4790.0 1062.0299999999995 20 5550.0 -760.0 158 -244 299.096 245.46099999999996 76
840.0 436.44999999999993 7 1620.0 -1435.0 147 -88 157.1069999999999 70.34799999999998 209
1075.0 828.499 16 2580.0 -1625.0 180 -189 256.145 113.71900000000001 233
280.0 676.1269999999997 12 2100.0 -2020.0 184 -156 217.41599999999994 75.721 202
1130.0 740.9239999999995 13 2910.0 -1780.0 162 -161 238.253 135.98199999999997 178
1840.0 735.413 11 3630.0 -2100.0 191 -145 254.24599999999992 167.09199999999996 210
3015.0 841.3949999999996 14 4560.0 -1595.0 161 -188 273.59999999999997 186.05399999999995 226
1600.0 834.934 14 2910.0 -1360.0 170 -163 311.562 143.86599999999999 136
2400.0 863.6509999999998 15 3990.0 -1590.0 198 -209 246.35499999999988 139.74 209
4110.0 994.8999999999995 17 5400.0 -1380.0 171 -217 325.6619999999999 222.079 138
0.0 40.79399999999999 0 0.0 0.0 0 -14 0.0 0.0 0
1300.0 776.3009999999997 14 2490.0 -1190.0 152 -176 259.7779999999999 96.877 119
150.0 67.65999999999998 1 150.0 0.0 0 -21 5.378000000000001 7.467999999999998 0
3295.0 988.4169999999993 15 4920.0 -1625.0 224 -244 228.03 220.76999999999998 146
2480.0 770.5059999999999 14 4200.0 -1720.0 156 -187 203.77999999999997 169.747 172
2330.0 1058.0339999999997 20 4140.0 -2060.0 217 -244 315.87100000000004 177.367 206
2360.0 958.1359999999999 16 3540.0 -1180.0 146 -227 269.71 156.33 118
2345.0 848.6489999999998 14 3600.0 -1455.0 157 -198 250.63300000000004 134.523 197
2950.0 1012.8629999999998 19 4680.0 -1750.0 159 -235 297.48699999999997 198.98499999999996 177
1070.0 654.5759999999998 13 2850.0 -1880.0 171 -143 220.88199999999998 130.147 188
1565.0 844.7269999999999 14 3330.0 -1765.0 197 -188 232.98799999999994 166.769 250
5265.0 924.0849999999999 16 6120.0 -1020.0 184 -184 358.65799999999996 244.08599999999996 80
660.0 641.688 12 2220.0 -1560.0 160 -139 205.96099999999996 108.18699999999997 228
1910.0 388.953 5 2700.0 -790.0 72 -97 85.68999999999997 109.19399999999997 79
2820.0 877.217 16 4410.0 -1750.0 159 -212 238.87599999999998 174.23899999999995 175
1480.0 837.1009999999998 15 2970.0 -1490.0 204 -202 237.10199999999995 115.12 149
2220.0 932.3819999999994 15 3900.0 -1810.0 164 -209 295.95099999999996 158.13799999999998 181
2300.0 854.8619999999999 15 3300.0 -1000.0 168 -185 296.91900000000004 137.91799999999998 160
2530.0 482.8639999999998 8 3450.0 -920.0 84 -108 173.77899999999997 112.50799999999995 92
2430.0 826.716 16 3720.0 -1335.0 170 -188 243.842 163.284 138
2840.0 814.8249999999996 14 4620.0 -1790.0 162 -190 250.52199999999993 167.079 179
3175.0 1040.49 20 4560.0 -1585.0 181 -241 284.44199999999995 206.7 142
1840.0 807.1069999999999 16 3090.0 -1250.0 160 -194 217.176 129.135 125
150.0 73.05499999999996 1 150.0 0.0 0 -23 7.903 5.180999999999997 0
1600.0 791.3269999999998 14 3180.0 -1640.0 149 -173 239.91999999999996 144.96599999999998 164
0.0 39.75799999999998 0 0.0 0.0 0 -14 0.0 0.0 0
2180.0 1000.1549999999997 18 4080.0 -2140.0 254 -253 231.191 163.381 207
2560.0 842.7620000000002 14 3870.0 -1470.0 199 -196 250.5649999999999 158.154 147
1470.0 653.953 12 3300.0 -1830.0 167 -154 192.78300000000002 121.72599999999998 183
3660.0 942.4699999999998 16 4920.0 -1330.0 168 -216 249.1339999999999 201.37299999999996 140
1370.0 549.2539999999998 8 2220.0 -850.0 77 -113 174.97299999999998 116.75099999999998 85
2580.0 942.4859999999999 17 3750.0 -1190.0 154 -202 329.35799999999995 158.04700000000003 119
1090.0 497.97199999999987 10 1950.0 -860.0 78 -118 131.21699999999998 92.21200000000002 86
840.0 756.1869999999999 12 2790.0 -1950.0 199 -162 251.15299999999996 134.70699999999997 195
1910.0 758.6689999999996 13 3720.0 -1810.0 165 -176 210.596 157.68299999999996 181
2790.0 952.1839999999997 17 4470.0 -1680.0 152 -208 307.03099999999995 203.243 168
2165.0 588.5879999999997 10 2670.0 -505.0 71 -131 173.15499999999997 121.95599999999997 101
1170.0 745.6609999999997 13 2760.0 -1850.0 185 -159 270.62500000000006 119.65599999999998 254
1750.0 853.7259999999999 16 3360.0 -1800.0 181 -185 297.81399999999996 134.33599999999996 250
2840.0 937.8519999999999 17 4140.0 -1600.0 215 -223 263.56999999999994 165.592 150
2445.0 560.6919999999999 10 3000.0 -555.0 78 -114 209.825 106.21499999999997 111
1330.0 612.5639999999999 9 3210.0 -1880.0 185 -125 200.62399999999997 125.00999999999996 188
2830.0 883.4639999999999 18 4110.0 -1280.0 160 -229 197.153 166.76 128
2780.0 920.7379999999998 14 4080.0 -1300.0 165 -206 275.26699999999994 181.07 130
1750.0 859.1659999999998 17 2940.0 -1465.0 193 -202 229.443 139.55999999999997 174
4010.0 627.5969999999999 11 4380.0 -610.0 127 -124 205.73199999999994 205.14099999999993 61
940.0 633.0409999999997 11 2730.0 -1790.0 163 -138 207.68699999999998 122.01899999999999 179
1400.0 432.71799999999996 7 1740.0 -340.0 70 -104 119.84999999999997 68.529 34
470.0 631.2269999999999 10 2280.0 -1810.0 165 -134 208.539 107.39699999999999 181
0.0 36.805999999999976 0 0.0 0.0 0 -13 0.0 0.0 0
1810.0 744.0619999999997 13 3570.0 -1880.0 171 -182 191.794 142.34499999999997 188
1900.0 857.664 13 3090.0 -1220.0 157 -174 311.597 136.54 122
1620.0 643.861 11 3090.0 -1470.0 180 -130 249.322 125.65599999999998 147
1380.0 541.6709999999998 10 2310.0 -930.0 85 -125 152.45599999999993 97.98899999999998 93
50.0 176.13899999999995 3 450.0 -495.0 96 -38 63.26799999999999 16.208 59
2565.0 811.614 15 3750.0 -1225.0 163 -183 255.65299999999993 144.765 181
440.0 681.4059999999996 12 2250.0 -1810.0 165 -145 240.5099999999999 102.78399999999999 181
1670.0 848.0299999999996 16 3420.0 -1750.0 226 -209 212.32699999999997 140.50300000000004 231
3360.0 832.853 14 4530.0 -1170.0 150 -200 258.245 143.90900000000002 117
5230.0 696.0949999999997 12 7770.0 -2710.0 246 -236 163.49799999999993 98.542 271
380.0 802.3579999999998 15 2430.0 -2050.0 215 -177 264.21599999999995 115.994 205
2230.0 915.2320000000001 16 3870.0 -2100.0 191 -201 289.05599999999987 173.23199999999997 210
2640.0 935.7049999999995 18 3870.0 -1450.0 175 -220 260.23299999999995 168.18999999999997 145
3730.0 847.755 13 4860.0 -1860.0 211 -180 282.5719999999999 197.743 186
2480.0 739.275 14 3990.0 -1570.0 173 -186 193.04299999999995 138.08499999999998 217
0.0 41.524999999999984 0 0.0 0.0 0 -14 0.0 0.0 0
1570.0 787.6139999999999 14 3360.0 -1790.0 163 -184 226.26700000000005 153.41799999999998 179
820.0 606.42 10 2460.0 -1640.0 168 -139 179.85199999999998 105.60299999999998 236
1510.0 967.6539999999998 17 3960.0 -2450.0 223 -228 295.347 147.16500000000002 245
2090.0 963.7829999999999 17 3330.0 -1240.0 156 -213 309.44699999999995 149.534 124
1490.0 722.7759999999997 13 3240.0 -1910.0 173 -152 252.59999999999997 137.278 191
1780.0 883.699 16 2880.0 -1200.0 172 -190 291.2059999999999 143.72699999999998 192
1210.0 705.1869999999999 14 2970.0 -1795.0 164 -144 251.16699999999997 142.45499999999996 183
2580.0 904.4919999999996 18 3840.0 -1270.0 159 -205 258.325 167.185 127
2900.0 770.4019999999999 13 4710.0 -1855.0 171 -160 265.32899999999995 198.3829999999999 190
1115.0 631.0269999999998 10 2850.0 -1735.0 158 -156 150.783 121.36400000000002 255
3900.0 970.3139999999999 16 5490.0 -1780.0 161 -219 274.88499999999993 235.3319999999999 178
1160.0 480.25899999999996 8 1500.0 -340.0 70 -114 141.76299999999995 58.547 34
1510.0 696.8059999999998 12 3210.0 -1700.0 155 -154 202.58099999999996 153.47199999999998 170
2395.0 1157.5619999999997 23 4620.0 -2225.0 243 -278 303.90199999999993 209.59499999999997 207
1020.0 744.7969999999997 14 2760.0 -1990.0 180 -165 258.26099999999997 111.99899999999997 199
2235.0 888.9609999999998 15 3960.0 -1725.0 157 -207 255.65399999999997 170.26099999999997 263
4450.0 860.6949999999999 16 6210.0 -2440.0 222 -220 209.68499999999995 192.00699999999998 244
3020.0 936.729 17 3810.0 -1400.0 219 -204 303.23699999999997 171.73199999999997 140
1540.0 883.5780000000002 16 3510.0 -1970.0 204 -215 221.51199999999994 166.06899999999996 197
3140.0 902.3119999999998 16 4290.0 -1150.0 147 -213 241.57699999999988 187.29099999999997 115
2820.0 1080.6290000000001 19 4380.0 -1720.0 246 -234 342.51399999999995 188.83799999999994 172
1655.0 829.2059999999998 16 3120.0 -1945.0 194 -190 235.653 145.923 263
2350.0 984.2260000000001 20 3300.0 -1030.0 175 -231 284.63899999999995 143.08699999999996 160
2550.0 858.7859999999996 17 3750.0 -2050.0 225 -215 194.777 137.29999999999998 205
1860.0 478.3189999999999 9 2370.0 -510.0 85 -119 110.61300000000003 103.60899999999998 34
1370.0 743.1489999999998 14 3330.0 -1750.0 159 -171 242.31799999999996 116.54299999999995 175
1530.0 886.5209999999996 17 3360.0 -1830.0 167 -191 301.5269999999999 150.55300000000003 183
1810.0 599.4669999999998 11 2220.0 -570.0 99 -132 199.4329999999999 93.28699999999998 57
390.0 671.1759999999997 13 2190.0 -1800.0 164 -154 222.08699999999993 87.07599999999998 180
150.0 55.64099999999996 1 150.0 0.0 0 -19 3.2319999999999993 5.588 0
1580.0 562.1799999999998 10 1950.0 -370.0 77 -130 167.25499999999997 84.27799999999996 37
450.0 73.576 1 450.0 0.0 0 -14 26.79700000000001 22.97599999999999 0
2970.0 788.5869999999999 13 3870.0 -960.0 160 -169 254.58300000000003 170.70499999999996 152
2190.0 927.832 18 3360.0 -1405.0 179 -216 270.2909999999999 143.736 164
2590.0 892.2239999999996 16 4350.0 -2160.0 196 -202 268.976 191.42499999999995 216
120.0 55.161000000000016 1 120.0 0.0 0 -14 16.138 4.71 0
4490.0 1027.6709999999996 17 5730.0 -1240.0 156 -225 333.234 232.917 124
2370.0 1033.1029999999996 18 4050.0 -1865.0 174 -254 244.03999999999994 189.715 205
4400.0 1139.9019999999998 21 5130.0 -1280.0 201 -273 321.94499999999994 199.03999999999996 128
0.0 39.22 0 0.0 0.0 0 -14 0.0 0.0 0
3160.0 919.3499999999999 16 4440.0 -1300.0 167 -212 235.53799999999995 214.29199999999997 130
540.0 68.63900000000001 1 540.0 0.0 0 -18 15.656000000000002 20.607000000000006 0
0.0 39.434999999999995 0 0.0 0.0 0 -14 0.0 0.0 0
1820.0 773.5039999999999 14 3570.0 -1950.0 177 -167 261.28799999999984 154.42399999999992 195
2140.0 858.833 15 3420.0 -1370.0 171 -201 250.05499999999995 147.103 137
1600.0 828.8599999999996 15 3270.0 -1850.0 168 -195 234.69999999999993 136.20499999999998 185
3985.0 884.8419999999998 15 5040.0 -1055.0 156 -208 250.63199999999998 195.659 174
2810.0 1006.3389999999993 16 3540.0 -1090.0 183 -212 348.8539999999999 160.595 109
2680.0 964.143 16 4440.0 -2090.0 190 -205 317.33899999999994 199.07500000000002 209
0.0 39.29999999999999 0 0.0 0.0 0 -14 0.0 0.0 0
1340.0 452.23599999999993 9 2250.0 -910.0 83 -121 83.65300000000002 99.49099999999999 91
2550.0 882.7299999999999 14 3810.0 -1260.0 228 -189 296.43 169.54099999999997 176
3450.0 1055.316 18 4740.0 -1490.0 202 -235 332.44399999999996 202.33900000000003 149
1970.0 779.4019999999998 14 3570.0 -1600.0 163 -194 197.51999999999998 140.09199999999998 230
3515.0 965.4659999999997 18 4380.0 -1195.0 214 -235 244.22099999999992 182.123 170
1705.0 785.8659999999999 14 3210.0 -1505.0 155 -176 236.118 149.06299999999996 223
1260.0 874.4289999999999 16 3270.0 -2010.0 209 -197 266.2389999999999 153.24099999999999 201
1780.0 722.1859999999996 13 3000.0 -1220.0 158 -157 248.07299999999995 128.09799999999998 122
1860.0 764.3629999999999 13 3600.0 -1940.0 176 -162 249.794 158.70599999999996 194
4120.0 1088.0509999999997 18 4860.0 -845.0 165 -227 352.1820000000001 247.66599999999997 95
1560.0 731.486 13 3300.0 -1810.0 164 -162 223.91 146.85099999999997 181
2650.0 890.7059999999999 13 4740.0 -2090.0 230 -206 253.05599999999995 188.21799999999996 209
1970.0 923.7039999999997 18 3900.0 -1930.0 192 -217 265.763 158.908 193
2680.0 810.2879999999999 15 4380.0 -1780.0 170 -189 219.321 186.922 178
1830.0 733.0639999999995 12 3570.0 -1740.0 159 -153 248.53099999999992 164.94199999999995 174
2130.0 967.4279999999997 18 3930.0 -1940.0 193 -215 303.87800000000004 177.28599999999997 194
2820.0 950.2859999999995 19 4020.0 -1530.0 184 -221 292.77799999999996 156.33100000000002 153
2310.0 969.2509999999999 16 3990.0 -1790.0 163 -200 344.34 179.52599999999995 179
2460.0 758.5119999999997 14 3750.0 -1470.0 180 -169 225.95399999999998 146.35699999999994 147
2250.0 858.6319999999998 14 4050.0 -1800.0 164 -173 318.61599999999993 174.82699999999994 180
2370.0 907.1919999999998 16 3540.0 -1340.0 166 -188 332.3129999999999 152.88299999999995 134
2690.0 1016.9219999999996 17 3810.0 -1120.0 232 -230 306.2099999999999 167.79500000000002 112
2890.0 897.0289999999998 17 4560.0 -2000.0 182 -224 209.77199999999993 195.38299999999995 200
2435.0 846.5729999999999 15 4020.0 -1585.0 161 -205 205.45599999999993 175.19999999999996 227
2000.0 909.5339999999997 16 3240.0 -1630.0 222 -199 301.6909999999999 147.29900000000004 150
3110.0 866.6119999999996 16 3900.0 -1210.0 202 -193 277.09899999999993 164.62199999999999 121
