2040.0 263.914 19 2040.0 -50.0 4 -64 96.44799999999998 78.59199999999998 10
1260.0 231.50499999999997 19 1260.0 -270.0 18 -61 71.23999999999998 40.45199999999999 54
1710.0 298.1289999999999 28 1710.0 -5.0 0 -68 119.22399999999998 58.94799999999999 1
2040.0 290.59899999999993 23 2040.0 -130.0 17 -67 111.2 82.38699999999999 26
1590.0 231.83899999999994 19 1590.0 -30.0 4 -62 73.48299999999998 51.294 6
1920.0 317.8059999999999 20 1920.0 0.0 0 -69 123.86099999999996 77.415 0
2100.0 222.42699999999996 15 2100.0 0.0 0 -53 67.05900000000001 69.40599999999999 0
1920.0 242.807 17 1920.0 0.0 0 -53 84.041 86.47499999999998 0
1860.0 221.40200000000002 17 1860.0 0.0 0 -50 86.12200000000001 68.22799999999998 0
1680.0 231.4130000000001 15 1680.0 -490.0 40 -60 59.00599999999999 68.02300000000002 98
2100.0 279.245 17 2100.0 -340.0 45 -66 85.52300000000001 81.21499999999997 68
2070.0 251.40399999999988 17 2070.0 0.0 0 -59 97.711 71.65699999999995 0
2460.0 301.30799999999994 16 2460.0 -985.0 24 -62 121.99200000000005 96.23799999999999 197
1740.0 242.98199999999994 17 1740.0 -45.0 15 -57 72.671 59.87899999999998 3
2370.0 332.4949999999999 15 2610.0 -240.0 80 -73 97.64499999999995 119.19999999999999 16
1440.0 207.13099999999994 17 1440.0 0.0 0 -42 78.79400000000003 61.95399999999999 0
1890.0 264.792 21 1890.0 0.0 0 -64 85.76599999999999 59.26499999999999 0
1740.0 257.41999999999996 19 1740.0 -345.0 17 -62 88.65099999999998 57.465999999999994 69
1500.0 237.17000000000004 15 1500.0 -735.0 18 -60 87.03300000000002 51.469 147
1590.0 239.00199999999998 17 1590.0 0.0 0 -62 68.96 50.56499999999999 0
900.0 143.737 15 900.0 0.0 0 -40 54.91699999999999 25.192000000000004 0
1620.0 195.05399999999995 16 1620.0 0.0 0 -57 56.53599999999999 50.071999999999996 0
1320.0 234.61999999999998 18 1320.0 0.0 0 -63 76.42999999999999 32.898999999999994 0
1320.0 174.89999999999995 16 1320.0 0.0 0 -44 67.81799999999998 40.158 0
1830.0 264.925 23 1830.0 -465.0 62 -67 83.05299999999998 63.111 93
1890.0 270.4769999999999 18 1890.0 -180.0 12 -66 98.582 72.88899999999998 36
1470.0 224.43900000000002 16 1470.0 0.0 0 -48 84.28700000000002 60.720999999999975 0
990.0 170.059 15 990.0 0.0 0 -43 59.88799999999998 33.831999999999994 0
2040.0 306.0570000000001 20 2040.0 -295.0 7 -67 104.73600000000002 81.22400000000002 59
1590.0 188.20800000000006 16 1590.0 0.0 0 -49 67.98299999999999 54.687 0
1950.0 283.69500000000005 18 1950.0 -730.0 18 -67 110.11600000000001 71.56299999999997 146
1770.0 219.05699999999996 15 1770.0 0.0 0 -54 74.301 59.18199999999997 0
1290.0 183.51 20 1290.0 0.0 0 -43 63.02199999999998 48.92399999999999 0
1320.0 180.13800000000006 17 1320.0 0.0 0 -48 59.214999999999996 41.136999999999986 0
1770.0 220.05 15 1770.0 -10.0 1 -52 81.099 62.08400000000002 2
2460.0 254.34000000000006 12 2460.0 -225.0 11 -58 92.05100000000002 91.46100000000001 45
1770.0 218.99999999999997 19 1770.0 0.0 0 -56 72.79 50.75399999999999 0
1710.0 254.7189999999999 21 1710.0 -135.0 11 -66 86.42199999999998 66.41999999999999 27
1470.0 193.74000000000004 15 1470.0 -90.0 30 -46 62.05799999999999 65.14299999999999 6
1800.0 240.89699999999996 21 1800.0 -10.0 0 -60 87.72699999999998 58.29399999999997 2
1110.0 162.72199999999998 14 1110.0 0.0 0 -43 50.127999999999986 30.770999999999997 0
1800.0 255.3889999999999 20 1800.0 -1035.0 69 -61 98.154 65.14300000000001 207
1470.0 230.009 20 1470.0 0.0 0 -58 82.41999999999997 52.789999999999985 0
2520.0 317.48500000000007 19 2520.0 -425.0 35 -75 116.853 91.86399999999999 85
1530.0 228.12299999999996 20 1530.0 0.0 0 -59 74.285 55.29499999999999 0
1500.0 252.1269999999999 20 1500.0 -190.0 4 -62 93.89800000000002 54.89199999999998 38
2040.0 331.73599999999993 20 2040.0 0.0 0 -64 142.76500000000004 77.12399999999997 0
1710.0 221.57700000000003 17 1710.0 0.0 0 -51 86.005 60.66599999999999 0
960.0 146.461 15 960.0 -20.0 0 -45 42.28999999999999 22.608999999999998 4
2100.0 273.9859999999999 18 2100.0 0.0 0 -70 88.351 76.59799999999998 0
1500.0 187.226 14 1500.0 0.0 0 -50 58.10299999999998 57.913 0
2430.0 273.28299999999996 14 2700.0 -270.0 90 -69 76.81700000000004 98.88199999999999 18
2460.0 285.81 14 2460.0 -360.0 60 -67 87.52399999999999 92.69800000000001 36
1590.0 266.93299999999994 19 1590.0 0.0 0 -60 103.96899999999998 65.499 0
1830.0 208.46299999999994 16 1830.0 -400.0 20 -59 58.73500000000001 61.536 80
1560.0 295.625 20 1560.0 -120.0 8 -65 112.04000000000002 61.164 24
1920.0 254.465 20 1920.0 -1155.0 28 -71 79.45499999999997 62.19999999999999 231
2070.0 262.25300000000004 18 2070.0 0.0 0 -58 90.89799999999998 77.554 0
1650.0 230.801 19 1650.0 -355.0 8 -62 70.03500000000001 60.934 71
1860.0 237.68000000000006 18 1860.0 0.0 0 -62 63.60000000000001 64.15900000000002 0
2640.0 262.2939999999999 16 2640.0 -460.0 61 -68 74.18799999999999 86.52 92
1890.0 296.73400000000004 22 1890.0 0.0 0 -67 109.96900000000001 76.98499999999999 0
1590.0 207.78199999999998 16 1590.0 0.0 0 -58 59.848999999999975 55.469999999999985 0
1680.0 256.3179999999999 22 1680.0 -90.0 2 -70 79.98199999999999 64.23399999999998 18
1980.0 283.803 21 1980.0 -685.0 57 -70 100.50699999999999 80.98399999999998 137
1650.0 245.92 19 1650.0 0.0 0 -61 91.43999999999998 61.27299999999999 0
1710.0 219.97100000000003 18 1710.0 0.0 0 -55 69.16599999999998 59.88400000000001 0
1260.0 184.43699999999995 16 1260.0 -15.0 5 -43 60.74299999999998 46.69999999999999 1
1800.0 269.244 22 1800.0 -10.0 0 -65 88.67199999999998 72.07500000000003 2
1680.0 208.33499999999998 12 1680.0 0.0 0 -44 81.71900000000001 74.705 0
1670.0 344.98900000000015 20 2190.0 -520.0 86 -80 136.99 78.14199999999997 52
1170.0 189.20800000000006 18 1170.0 0.0 0 -47 72.27999999999999 48.916999999999994 0
2520.0 271.333 12 2520.0 0.0 0 -62 104.49900000000004 93.81599999999997 0
1740.0 302.945 20 2280.0 -240.0 80 -73 103.038 75.728 16
2010.0 264.561 18 2010.0 -330.0 8 -64 89.85199999999999 79.004 66
1650.0 239.95999999999995 19 1650.0 0.0 0 -62 86.48899999999999 56.772 0
1530.0 264.074 19 1530.0 0.0 0 -64 69.82399999999998 70.31 0
2310.0 311.6869999999999 20 2310.0 0.0 0 -67 111.23999999999997 96.83 0
1380.0 186.11700000000002 17 1380.0 0.0 0 -50 67.71199999999999 37.967999999999996 0
2040.0 231.90100000000004 12 2040.0 0.0 0 -62 51.033 84.01700000000002 0
1710.0 251.57 21 1710.0 0.0 0 -62 74.46199999999999 73.45899999999999 0
1950.0 270.68899999999996 18 1950.0 -360.0 30 -60 94.60899999999998 89.204 72
1560.0 238.08599999999998 19 1560.0 0.0 0 -61 79.591 61.444999999999986 0
2520.0 290.138 18 2520.0 0.0 0 -66 104.46400000000001 99.78599999999997 0
1800.0 222.27000000000004 17 1800.0 0.0 0 -61 61.599999999999994 59.31099999999999 0
1980.0 256.938 19 1980.0 -475.0 11 -60 95.25399999999999 80.89399999999999 95
2190.0 241.412 17 2190.0 -530.0 35 -61 83.17000000000002 72.557 106
1590.0 242.65899999999996 20 1590.0 0.0 0 -48 100.89799999999998 72.98799999999997 0
1530.0 220.14199999999997 18 1530.0 0.0 0 -59 67.227 54.37399999999999 0
1650.0 249.85099999999994 16 1650.0 0.0 0 -54 100.978 77.894 0
1800.0 225.6040000000001 19 1800.0 0.0 0 -62 63.54100000000002 47.73599999999998 0
1950.0 235.27200000000008 20 1950.0 0.0 0 -60 80.67399999999999 65.05499999999999 0
1740.0 201.62199999999999 16 1740.0 0.0 0 -55 58.38499999999999 62.295 0
2640.0 270.803 19 2640.0 0.0 0 -67 83.414 89.591 0
1530.0 186.57999999999998 16 1530.0 -30.0 2 -50 63.97199999999998 51.678 6
1560.0 285.9419999999999 20 1560.0 0.0 0 -65 117.811 43.839999999999996 0
1320.0 200.04499999999996 20 1320.0 -25.0 0 -50 81.87799999999999 48.416 5
2460.0 319.0619999999999 17 2460.0 0.0 0 -60 129.39100000000005 105.49799999999995 0
1770.0 254.9539999999999 22 1770.0 -5.0 0 -61 91.078 73.253 1
1590.0 241.918 22 1590.0 -55.0 2 -61 86.51899999999999 58.24499999999998 11
1740.0 268.175 20 1740.0 -830.0 55 -67 95.991 58.05399999999999 166
1290.0 249.62799999999996 20 1290.0 0.0 0 -55 94.99699999999997 59.340999999999994 0
1680.0 280.6579999999999 19 1680.0 -135.0 45 -66 102.07199999999999 67.41799999999998 9
2430.0 288.801 15 2430.0 0.0 0 -55 119.89500000000004 98.10600000000001 0
1830.0 253.63 21 1830.0 -60.0 5 -61 94.23199999999997 65.80299999999998 12
1140.0 136.37700000000004 14 1140.0 0.0 0 -37 46.419999999999995 40.02999999999999 0
1950.0 233.48599999999996 18 1950.0 -290.0 24 -62 67.94299999999998 58.998000000000005 58
2100.0 263.25499999999994 18 2100.0 0.0 0 -63 85.27999999999999 81.58599999999998 0
2610.0 279.055 17 2610.0 -670.0 16 -66 96.566 99.09799999999996 134
1710.0 232.61000000000004 16 1710.0 0.0 0 -47 89.68800000000002 75.30199999999996 0
1920.0 252.75500000000005 22 1920.0 0.0 0 -59 85.32199999999997 75.37599999999999 0
1860.0 240.038 18 1860.0 0.0 0 -60 81.63200000000002 65.74000000000001 0
2400.0 243.25700000000006 15 2400.0 0.0 0 -58 85.08200000000001 74.86799999999995 0
1560.0 295.363 25 1560.0 0.0 0 -71 107.61699999999998 63.522 0
1860.0 279.6789999999999 16 1860.0 0.0 0 -66 108.35299999999997 58.76399999999999 0
1680.0 258.898 17 1680.0 0.0 0 -64 80.057 74.013 0
2280.0 244.57999999999993 20 2280.0 0.0 0 -64 87.97300000000003 77.51499999999997 0
2310.0 256.508 19 2310.0 0.0 0 -64 78.71399999999998 85.74300000000002 0
1410.0 170.43 13 1410.0 0.0 0 -49 42.14499999999999 45.135 0
1830.0 264.4489999999999 17 1830.0 -830.0 20 -59 105.36899999999997 71.943 166
1950.0 220.75699999999995 20 1950.0 0.0 0 -67 62.267999999999994 47.64299999999999 0
2250.0 258.8500000000001 16 2250.0 -340.0 28 -62 94.244 66.32099999999998 68
1770.0 215.844 15 1770.0 0.0 0 -51 85.87799999999999 63.414999999999985 0
2010.0 293.4329999999999 21 2010.0 -125.0 6 -66 97.84599999999999 79.166 25
1500.0 221.49799999999993 19 1500.0 0.0 0 -60 73.35499999999998 50.591 0
2130.0 258.1629999999999 21 2130.0 0.0 0 -55 108.12200000000001 80.703 0
1830.0 282.92499999999995 15 1830.0 0.0 0 -63 101.39599999999999 72.11800000000001 0
1830.0 237.91199999999995 15 1830.0 -950.0 47 -61 67.121 70.26700000000001 190
1020.0 114.90599999999998 13 1020.0 0.0 0 -34 38.57299999999999 28.668 0
1650.0 257.027 22 1650.0 -50.0 6 -62 93.02499999999996 61.69099999999999 10
1920.0 254.62099999999995 12 1920.0 -535.0 13 -66 76.19399999999997 65.47200000000001 107
1800.0 293.4219999999999 19 1800.0 -235.0 19 -70 100.451 73.66000000000001 47
1770.0 200.15200000000002 15 1770.0 0.0 0 -48 76.81200000000001 58.74199999999999 0
1950.0 263.3329999999999 19 1950.0 0.0 0 -60 96.02699999999999 76.302 0
2670.0 293.54999999999984 16 2670.0 -165.0 22 -63 103.73299999999998 101.77399999999996 33
2160.0 250.03099999999998 19 2160.0 -230.0 5 -64 79.26999999999998 77.69999999999997 46
1920.0 258.2569999999999 21 1920.0 0.0 0 -62 92.05899999999998 76.98799999999999 0
1620.0 226.79400000000004 17 1620.0 0.0 0 -58 70.84799999999998 58.61600000000001 0
1230.0 235.41099999999994 19 1230.0 0.0 0 -61 77.598 54.22399999999999 0
2580.0 253.699 13 2580.0 -140.0 11 -63 82.23799999999999 92.25400000000002 28
1770.0 236.15 19 1770.0 0.0 0 -57 80.33799999999997 64.102 0
1980.0 257.8269999999999 18 1980.0 0.0 0 -64 94.57299999999996 60.68199999999999 0
2160.0 218.84699999999998 15 2160.0 0.0 0 -55 82.03400000000002 70.75199999999998 0
1230.0 201.982 17 1230.0 0.0 0 -54 67.40299999999998 40.30099999999998 0
1800.0 247.58499999999998 16 1800.0 0.0 0 -52 102.46399999999998 70.65699999999998 0
1560.0 219.83599999999996 18 1560.0 0.0 0 -57 80.11499999999998 56.396 0
1860.0 222.08900000000008 15 1860.0 0.0 0 -57 81.51900000000003 62.48699999999998 0
1710.0 229.34300000000005 14 1710.0 0.0 0 -58 65.99 65.63400000000003 0
1440.0 178.682 14 1440.0 0.0 0 -52 49.43199999999998 35.60499999999999 0
1800.0 250.20300000000003 20 1800.0 -30.0 0 -61 81.235 74.56899999999997 6
1800.0 263.81600000000003 20 1800.0 -525.0 35 -68 87.26799999999999 63.376999999999995 105
2430.0 261.74800000000005 16 2430.0 -330.0 44 -63 101.55700000000002 92.56199999999997 66
1530.0 217.19599999999997 21 1530.0 0.0 0 -61 65.83599999999998 45.996 0
2430.0 335.69599999999997 21 2430.0 -550.0 13 -78 116.39599999999997 99.60300000000004 110
2220.0 291.33499999999987 23 2220.0 -195.0 4 -64 116.163 87.519 39
1980.0 284.9320000000001 18 1980.0 0.0 0 -61 112.18299999999999 81.44999999999999 0
1890.0 245.32199999999997 17 1890.0 -185.0 15 -63 74.521 75.15499999999999 37
1260.0 194.13599999999997 19 1260.0 0.0 0 -54 46.245 36.732 0
1980.0 264.90199999999993 19 1980.0 0.0 0 -67 89.41499999999998 71.53600000000002 0
2010.0 281.20699999999994 18 2010.0 -355.0 8 -65 112.11300000000001 70.149 71
2220.0 253.95899999999997 18 2220.0 -90.0 2 -59 95.876 66.0 18
1590.0 261.80499999999995 20 1590.0 0.0 0 -65 88.50899999999999 56.607 0
1830.0 259.89700000000005 16 1830.0 0.0 0 -60 101.444 64.179 0
1350.0 238.65299999999993 22 1350.0 -210.0 17 -64 78.518 35.944 42
1860.0 282.984 18 1860.0 -240.0 20 -69 88.84799999999997 78.90099999999998 48
2370.0 279.44099999999986 20 2370.0 -15.0 1 -68 92.89899999999997 80.07 3
2130.0 313.8959999999999 18 2130.0 0.0 0 -68 129.87200000000004 79.95599999999997 0
1950.0 314.75100000000003 20 1950.0 -25.0 1 -72 126.25299999999997 67.642 5
1200.0 236.53900000000002 16 1200.0 0.0 0 -59 76.95500000000003 49.30200000000001 0
3180.0 322.4680000000001 14 3180.0 -425.0 10 -67 123.78500000000004 131.786 85
1860.0 248.33 18 1860.0 0.0 0 -62 74.98499999999999 68.11000000000003 0
2430.0 251.59500000000003 12 2430.0 -1085.0 72 -60 78.01400000000001 92.73899999999998 217
1710.0 228.73 18 1710.0 0.0 0 -57 85.02 57.58399999999998 0
1770.0 218.10500000000005 15 1770.0 0.0 0 -52 70.56900000000002 69.036 0
1920.0 290.56399999999996 21 1920.0 -455.0 30 -69 101.25 77.87399999999997 91
1650.0 276.61999999999995 15 1650.0 0.0 0 -62 123.21699999999998 46.222999999999985 0
1530.0 249.77399999999997 23 1530.0 0.0 0 -65 100.05199999999998 54.069 0
2100.0 225.257 16 2100.0 -410.0 34 -59 84.15000000000003 71.50199999999998 82
1440.0 181.03999999999996 17 1440.0 0.0 0 -45 70.62299999999998 45.76999999999999 0
1800.0 230.47000000000003 23 1800.0 0.0 0 -64 75.55399999999997 58.530999999999985 0
1020.0 172.06899999999996 16 1020.0 0.0 0 -45 58.495999999999995 30.191 0
1710.0 229.59499999999997 20 1710.0 0.0 0 -56 71.81299999999999 58.99699999999999 0
2010.0 285.4180000000001 20 2010.0 -10.0 1 -66 89.39699999999996 90.003 2
1470.0 238.50299999999993 16 1470.0 0.0 0 -56 78.04099999999998 60.58399999999999 0
2070.0 244.18199999999993 18 2070.0 0.0 0 -57 90.92699999999999 77.07599999999998 0
900.0 133.17399999999995 13 900.0 0.0 0 -35 40.903999999999996 29.435999999999996 0
2730.0 286.329 20 2730.0 -20.0 1 -74 108.79700000000003 86.41899999999998 4
2040.0 254.76600000000002 18 2040.0 -25.0 2 -64 91.29800000000002 73.88099999999999 5
1320.0 187.67099999999994 16 1320.0 0.0 0 -47 70.71999999999997 44.261999999999986 0
2580.0 257.328 19 2580.0 0.0 0 -64 92.805 95.042 0
1380.0 199.95999999999992 17 1380.0 0.0 0 -45 72.24799999999998 55.99099999999999 0
1530.0 175.46599999999995 12 1530.0 0.0 0 -50 41.67699999999999 31.645999999999997 0
2340.0 317.31600000000003 14 2340.0 0.0 0 -70 99.56000000000002 105.214 0
1920.0 243.13799999999995 19 1920.0 0.0 0 -61 87.87899999999998 71.474 0
1170.0 260.26800000000003 17 1410.0 -240.0 80 -66 92.685 43.977000000000004 16
1950.0 233.73299999999998 15 1950.0 -805.0 67 -59 70.699 65.35000000000001 161
1290.0 233.52799999999996 17 1290.0 0.0 0 -50 86.14999999999993 61.18599999999999 0
1830.0 276.197 20 1830.0 0.0 0 -67 97.56700000000002 56.43699999999998 0
2160.0 285.54499999999996 16 2160.0 -130.0 17 -65 115.12400000000004 71.352 26
2790.0 296.52199999999993 16 2790.0 0.0 0 -67 99.67800000000001 110.87199999999997 0
2280.0 300.37199999999996 19 2280.0 0.0 0 -64 117.15300000000003 87.94099999999997 0
1530.0 266.9449999999998 21 1530.0 -570.0 76 -62 87.17299999999997 60.57899999999999 114
1680.0 264.9259999999999 19 1680.0 -145.0 9 -65 101.36199999999997 60.656999999999975 29
1110.0 157.57399999999998 13 1110.0 0.0 0 -42 44.39399999999999 33.407 0
1230.0 217.92899999999995 20 1290.0 0.0 0 -50 78.91399999999999 46.39200000000001 0
1965.0 328.056 20 2220.0 -265.0 85 -73 114.351 85.67400000000005 19
1980.0 266.49999999999994 19 1980.0 0.0 0 -65 78.17299999999999 82.754 0
2100.0 257.657 22 2100.0 0.0 0 -64 93.577 78.335 0
1920.0 238.93099999999998 18 1920.0 0.0 0 -52 92.79700000000004 78.86499999999997 0
1830.0 244.74100000000004 20 1830.0 0.0 0 -57 87.453 69.73300000000002 0
2070.0 310.56500000000005 22 2070.0 -160.0 10 -71 109.89399999999998 88.36200000000001 32
1830.0 255.93899999999996 17 1830.0 0.0 0 -56 95.62800000000001 77.025 0
1865.0 339.6240000000001 19 2490.0 -625.0 88 -79 127.85300000000001 90.60499999999996 125
1830.0 234.20600000000002 13 1830.0 0.0 0 -45 85.67500000000004 81.04299999999996 0
1920.0 218.063 17 1920.0 0.0 0 -49 87.754 66.69299999999998 0
1710.0 231.201 19 1710.0 0.0 0 -55 74.79899999999999 70.65400000000001 0
2610.0 353.70900000000006 15 2610.0 -660.0 16 -73 138.67100000000002 102.98199999999999 132
1590.0 252.80399999999997 20 1590.0 0.0 0 -67 69.25899999999999 69.93099999999998 0
1500.0 270.8219999999999 21 1500.0 0.0 0 -60 99.91499999999998 61.44299999999998 0
2130.0 247.31400000000005 15 2130.0 -435.0 28 -60 76.644 86.04800000000002 87
2100.0 217.27799999999993 15 2100.0 -10.0 0 -56 70.33300000000001 71.88499999999998 2
1860.0 272.2129999999999 15 1860.0 0.0 0 -66 88.984 80.29199999999997 0
1680.0 271.708 20 1680.0 -5.0 0 -65 90.75099999999999 71.96000000000002 1
1950.0 233.56499999999997 14 1950.0 0.0 0 -55 79.69899999999998 67.94999999999999 0
1170.0 215.12499999999997 16 1170.0 0.0 0 -51 85.93999999999998 44.474999999999994 0
1860.0 194.989 14 1860.0 0.0 0 -51 65.29299999999999 66.231 0
1980.0 230.647 17 1980.0 0.0 0 -59 68.70599999999999 70.19100000000003 0
1410.0 158.47099999999998 14 1410.0 0.0 0 -42 51.64599999999999 36.510999999999996 0
1830.0 251.9799999999999 22 1830.0 0.0 0 -67 76.38499999999999 70.49699999999999 0
1980.0 223.35499999999988 16 1980.0 -295.0 14 -61 78.56700000000001 50.21699999999999 59
2370.0 285.947 14 2370.0 0.0 0 -64 103.35399999999998 93.671 0
1980.0 250.1090000000001 16 1980.0 -395.0 52 -60 88.63900000000002 69.97999999999998 79
1680.0 239.14299999999997 16 1680.0 0.0 0 -61 70.94599999999997 64.42200000000001 0
1650.0 264.34399999999994 18 1650.0 -25.0 1 -65 102.72100000000002 53.135 5
1530.0 196.5349999999999 17 1530.0 0.0 0 -58 62.670999999999985 44.91599999999999 0
1800.0 259.6460000000001 17 1800.0 0.0 0 -63 83.36299999999999 71.296 0
2280.0 264.01800000000003 13 2280.0 0.0 0 -62 81.27600000000002 70.77199999999996 0
1950.0 262.70599999999996 16 1950.0 0.0 0 -60 95.99400000000001 72.52199999999998 0
1710.0 238.37599999999992 17 1710.0 0.0 0 -56 81.69099999999999 60.90399999999999 0
1830.0 196.867 16 1830.0 0.0 0 -49 75.37900000000002 58.25799999999999 0
2160.0 239.725 18 2160.0 0.0 0 -56 83.981 78.35499999999995 0
2910.0 275.987 15 2910.0 0.0 0 -64 98.63800000000002 103.385 0
1230.0 236.07199999999997 18 1230.0 -660.0 55 -63 61.36399999999999 55.668 132
2460.0 289.2429999999999 19 2460.0 -360.0 9 -70 95.413 83.18099999999998 72
1680.0 233.85899999999992 16 1680.0 0.0 0 -55 76.61 69.051 0
1590.0 185.183 14 1590.0 0.0 0 -54 42.78199999999998 36.99399999999999 0
2400.0 262.6879999999998 18 2400.0 -115.0 2 -62 85.302 89.46599999999995 23
1830.0 232.87199999999996 16 1830.0 -10.0 0 -56 76.413 70.61099999999998 2
1500.0 205.56600000000003 13 1500.0 0.0 0 -48 64.82999999999998 65.639 0
2280.0 329.72899999999987 26 2280.0 -200.0 26 -65 130.39399999999998 101.40699999999998 40
2250.0 247.58 15 2250.0 0.0 0 -59 98.245 82.02999999999999 0
685.0 228.16799999999992 14 1740.0 -1055.0 87 -63 58.31299999999999 63.173999999999985 211
1560.0 188.08599999999998 15 1560.0 -225.0 75 -48 47.69299999999999 52.837 15
2100.0 260.899 21 2100.0 -5.0 0 -60 101.37900000000002 72.19799999999998 1
1650.0 212.78200000000004 16 1650.0 0.0 0 -53 81.276 61.40899999999998 0
2130.0 274.68800000000005 16 2130.0 0.0 0 -67 91.102 81.14200000000001 0
2760.0 287.28199999999987 15 2760.0 -350.0 29 -69 94.965 80.09299999999998 70
1980.0 241.18999999999994 19 1980.0 0.0 0 -58 78.58600000000001 73.00499999999998 0
1230.0 144.868 14 1230.0 0.0 0 -43 45.858999999999995 33.400999999999996 0
1890.0 245.767 21 1890.0 0.0 0 -62 80.80099999999999 72.45899999999999 0
1560.0 222.7 18 1560.0 0.0 0 -54 67.96399999999997 54.08999999999998 0
1860.0 219.18299999999988 14 1860.0 0.0 0 -54 71.668 71.13 0
1770.0 247.29499999999996 17 1770.0 0.0 0 -63 72.25299999999997 66.47999999999999 0
1710.0 248.18000000000006 22 1710.0 0.0 0 -65 73.70399999999998 65.23700000000002 0
1560.0 227.1880000000001 17 1560.0 -225.0 18 -60 74.96999999999998 53.49100000000002 45
1950.0 296.3839999999999 20 1950.0 0.0 0 -61 110.37700000000001 92.55299999999998 0
1590.0 264.749 17 1590.0 0.0 0 -64 88.15999999999997 62.87099999999999 0
2130.0 252.45899999999995 18 2130.0 -565.0 14 -65 72.99 78.33699999999999 113
1860.0 229.93099999999995 21 1860.0 0.0 0 -64 75.10399999999998 54.608000000000004 0
1470.0 226.82799999999997 24 1470.0 -5.0 0 -59 72.21599999999998 41.458999999999996 1
2040.0 255.03299999999996 18 2040.0 -125.0 8 -65 92.68000000000004 68.687 25
1530.0 229.64899999999994 20 1530.0 -25.0 0 -55 89.38799999999998 60.222999999999985 5
2130.0 306.4579999999999 23 2130.0 -5.0 0 -69 113.68000000000002 82.08899999999997 1
1860.0 248.71900000000016 20 1860.0 0.0 0 -68 82.31299999999996 62.463000000000015 0
2280.0 272.715 23 2280.0 0.0 0 -67 91.18100000000001 79.73699999999998 0
1860.0 287.6099999999999 21 1860.0 -160.0 10 -65 99.34899999999998 81.8 32
1230.0 199.964 17 1230.0 0.0 0 -50 65.74099999999999 51.81399999999999 0
2430.0 280.87499999999994 19 2430.0 0.0 0 -62 110.82000000000002 91.91999999999999 0
2190.0 276.018 17 2190.0 -170.0 14 -67 90.07999999999997 87.53900000000003 34
1950.0 258.4639999999999 20 1950.0 -80.0 5 -62 85.56299999999999 66.963 16
1710.0 233.01299999999998 20 1710.0 0.0 0 -62 76.77299999999997 47.69899999999999 0
2310.0 310.572 21 2310.0 0.0 0 -70 117.06099999999998 87.02499999999998 0
1440.0 216.98800000000003 20 1440.0 0.0 0 -58 65.45499999999998 47.92899999999999 0
1710.0 276.51 16 1710.0 0.0 0 -67 103.39099999999998 56.76699999999999 0
1110.0 153.42 15 1110.0 0.0 0 -44 47.84299999999999 32.457 0
1590.0 195.08199999999997 17 1590.0 0.0 0 -49 68.58900000000001 55.87199999999999 0
1740.0 232.908 18 1740.0 -635.0 15 -63 72.32799999999999 57.481 127
1530.0 270.85499999999996 21 1530.0 -15.0 1 -62 107.294 68.53099999999998 3
1680.0 226.35499999999996 20 1680.0 0.0 0 -60 73.28299999999999 54.84099999999999 0
2190.0 317.26 21 2190.0 -485.0 40 -70 120.86499999999998 70.47900000000001 97
1920.0 291.22499999999997 16 1920.0 0.0 0 -58 111.823 93.687 0
1650.0 243.01900000000003 15 1650.0 -545.0 36 -64 76.84299999999999 61.806000000000026 109
2070.0 242.82799999999997 12 2070.0 -1065.0 26 -63 58.04399999999999 51.441 213
1650.0 227.94199999999992 21 1650.0 0.0 0 -61 66.864 63.36499999999998 0
1620.0 216.48099999999994 17 1620.0 0.0 0 -57 65.94999999999999 59.477999999999994 0
2670.0 323.67400000000004 17 2670.0 -445.0 29 -67 124.35 105.15999999999997 89
1620.0 238.20300000000003 14 1620.0 0.0 0 -59 79.98199999999997 57.542000000000016 0
1410.0 231.18199999999996 16 1410.0 0.0 0 -53 81.307 60.66599999999998 0
2070.0 255.22299999999998 19 2070.0 -485.0 24 -68 73.379 67.41 97
1410.0 203.50299999999993 17 1410.0 0.0 0 -50 66.64499999999998 45.86899999999999 0
2040.0 269.83199999999994 17 2040.0 -45.0 3 -57 111.35400000000003 76.22200000000001 9
1675.0 272.6339999999999 11 2340.0 -665.0 88 -69 98.08500000000001 64.868 133
1950.0 258.66800000000006 21 1950.0 -735.0 61 -67 90.31600000000003 53.885000000000005 147
1770.0 259.299 18 1770.0 0.0 0 -61 103.11000000000001 69.27199999999998 0
1980.0 241.533 18 1980.0 0.0 0 -61 75.754 67.389 0
2220.0 298.71999999999997 20 2220.0 0.0 0 -65 106.64000000000001 78.26999999999998 0
2190.0 292.79600000000005 20 2190.0 -465.0 38 -69 106.06500000000003 91.99399999999999 93
1860.0 243.5 16 1860.0 0.0 0 -58 83.22000000000001 70.58699999999997 0
1260.0 227.52699999999993 20 1260.0 0.0 0 -55 84.58099999999997 44.98899999999998 0
1500.0 222.77399999999997 18 1500.0 0.0 0 -50 85.827 62.79599999999999 0
1380.0 221.03199999999995 19 1380.0 0.0 0 -58 77.067 54.085000000000015 0
1860.0 250.90499999999997 19 1860.0 -285.0 19 -67 77.68799999999997 64.857 57
1860.0 243.53099999999995 19 1860.0 -15.0 0 -63 79.74799999999996 60.76700000000001 3
1500.0 208.09299999999996 18 1500.0 -5.0 0 -55 79.371 41.260999999999996 1
1200.0 163.77600000000004 15 1200.0 0.0 0 -44 58.50399999999998 38.205 0
1560.0 197.59799999999996 14 1560.0 0.0 0 -55 60.02399999999999 47.670999999999985 0
1155.0 268.36 18 1830.0 -675.0 90 -69 85.93200000000002 64.43699999999997 135
1800.0 223.10399999999993 15 1800.0 0.0 0 -61 70.646 48.51099999999998 0
1680.0 219.98499999999999 16 1680.0 0.0 0 -58 69.22399999999999 63.98599999999998 0
1650.0 193.72600000000003 17 1650.0 0.0 0 -52 56.30399999999999 58.391999999999996 0
1890.0 210.75400000000002 11 1890.0 0.0 0 -59 54.803999999999995 69.37100000000001 0
1890.0 243.74200000000002 18 1890.0 0.0 0 -54 94.786 76.90699999999998 0
2430.0 268.12999999999994 20 2430.0 0.0 0 -57 104.001 92.038 0
1320.0 262.20000000000005 23 1320.0 0.0 0 -67 94.64199999999998 51.72700000000001 0
1890.0 228.83899999999994 15 1890.0 0.0 0 -65 64.31199999999998 59.46399999999999 0
2040.0 249.8689999999999 20 2040.0 -395.0 9 -61 91.82399999999998 69.157 79
1800.0 273.043 22 1800.0 0.0 0 -71 94.85199999999998 58.07599999999999 0
2040.0 254.22199999999992 16 2040.0 0.0 0 -62 95.92800000000003 59.786000000000016 0
1950.0 226.545 15 1950.0 -385.0 19 -60 59.54799999999997 74.91500000000002 77
1470.0 211.41499999999994 19 1470.0 0.0 0 -54 70.30899999999998 57.350999999999985 0
1650.0 253.3099999999999 19 1650.0 -465.0 65 -62 97.47799999999998 51.68999999999999 93
2160.0 280.59199999999987 19 2160.0 0.0 0 -70 82.14699999999995 80.359 0
1560.0 227.28899999999993 15 1560.0 0.0 0 -55 80.72499999999998 50.33299999999999 0
1890.0 230.09699999999998 15 1890.0 0.0 0 -59 73.28999999999999 57.320999999999984 0
1710.0 200.82799999999995 15 1710.0 0.0 0 -56 47.24399999999999 41.00399999999999 0
1740.0 247.457 18 1740.0 0.0 0 -55 103.07500000000002 65.923 0
1470.0 223.11899999999994 17 1470.0 0.0 0 -58 77.844 50.93499999999999 0
1950.0 264.103 14 1950.0 -910.0 60 -61 93.29200000000002 73.81899999999999 182
2040.0 211.36200000000002 17 2040.0 0.0 0 -62 65.62000000000003 67.59599999999999 0
2400.0 227.328 16 2400.0 -655.0 43 -64 59.81899999999999 65.47200000000001 131
2340.0 284.43499999999995 15 2340.0 0.0 0 -65 105.33500000000001 85.11000000000001 0
1920.0 244.46199999999996 16 1920.0 -25.0 1 -63 76.88199999999998 65.92399999999998 5
1530.0 247.1829999999999 19 1530.0 0.0 0 -54 92.69399999999999 71.758 0
1500.0 260.62000000000006 17 1500.0 0.0 0 -54 102.93399999999998 74.38199999999999 0
1680.0 227.43500000000003 18 1680.0 -1000.0 25 -60 79.856 58.978999999999985 200
1980.0 261.7530000000001 17 1980.0 0.0 0 -67 81.38700000000001 69.71499999999999 0
1950.0 230.21699999999998 18 1950.0 -185.0 12 -65 63.23199999999999 71.435 37
2220.0 243.94699999999995 16 2220.0 0.0 0 -60 78.49100000000001 76.46799999999998 0
1500.0 217.88199999999998 19 1500.0 0.0 0 -56 79.987 53.80899999999999 0
1380.0 202.542 12 1380.0 0.0 0 -45 67.951 52.53600000000002 0
2130.0 245.24200000000002 16 2130.0 -45.0 1 -59 82.405 74.95299999999999 9
1650.0 252.25500000000002 18 1650.0 0.0 0 -61 88.28899999999996 64.961 0
1890.0 231.60300000000004 14 1890.0 0.0 0 -56 72.78900000000002 69.79899999999999 0
2250.0 259.703 18 2250.0 -30.0 4 -66 83.77700000000002 77.26299999999998 6
1860.0 222.2839999999999 18 1860.0 0.0 0 -56 82.78299999999997 56.69699999999998 0
1710.0 233.90300000000002 16 1710.0 0.0 0 -60 81.106 70.62899999999999 0
1410.0 228.885 20 1410.0 0.0 0 -62 82.40799999999999 43.138 0
1650.0 190.90699999999998 16 1650.0 0.0 0 -52 57.657999999999994 44.028 0
1830.0 282.09099999999995 20 1830.0 0.0 0 -64 105.37799999999997 77.96699999999997 0
1350.0 243.44499999999988 16 1350.0 0.0 0 -62 82.27099999999997 50.872 0
1110.0 200.21799999999996 18 1110.0 -805.0 67 -59 62.342999999999996 33.616 161
2250.0 357.35300000000007 18 2250.0 0.0 0 -70 143.46800000000002 101.54 0
2280.0 276.899 15 2280.0 0.0 0 -63 103.74000000000002 81.65700000000001 0
2100.0 293.018 17 2100.0 -410.0 34 -68 103.07800000000002 84.023 82
1650.0 240.8879999999999 14 1650.0 0.0 0 -59 86.02999999999999 51.87700000000001 0
1350.0 191.59999999999994 15 1350.0 0.0 0 -47 53.07300000000001 51.904999999999994 0
1770.0 232.55699999999993 21 1770.0 0.0 0 -59 78.29799999999999 63.55399999999998 0
1770.0 231.69199999999995 21 1770.0 0.0 0 -62 70.54100000000003 58.217999999999996 0
1620.0 255.93499999999997 19 1620.0 -290.0 7 -63 99.35599999999997 52.16699999999998 58
2430.0 307.654 13 2430.0 -445.0 29 -64 123.43100000000007 99.39899999999994 89
2055.0 336.964 21 2310.0 -255.0 85 -84 108.63799999999999 98.091 17
2220.0 205.384 12 2220.0 0.0 0 -48 77.80000000000004 63.13999999999996 0
1560.0 222.221 19 1560.0 0.0 0 -52 87.63599999999998 58.391999999999996 0
2130.0 270.5330000000001 18 2130.0 0.0 0 -66 94.18700000000001 74.57199999999999 0
2130.0 329.9760000000001 18 2130.0 -515.0 12 -73 105.95499999999997 92.36500000000002 103
1380.0 222.01699999999997 15 1380.0 0.0 0 -54 81.098 50.714 0
1320.0 238.08399999999997 21 1320.0 0.0 0 -57 87.31399999999996 47.357 0
1590.0 188.13199999999995 17 1590.0 0.0 0 -44 63.395999999999994 57.09699999999998 0
2340.0 304.31699999999995 16 2340.0 0.0 0 -67 122.604 82.69099999999997 0
1590.0 241.13299999999998 20 1590.0 0.0 0 -58 83.58699999999999 60.21799999999999 0
2070.0 241.18599999999995 18 2070.0 0.0 0 -62 81.30099999999999 66.80599999999998 0
1650.0 273.343 23 1650.0 0.0 0 -51 113.23600000000002 84.47799999999998 0
1560.0 278.59899999999993 23 1560.0 0.0 0 -67 111.05499999999999 60.855 0
1590.0 290.2459999999999 22 1590.0 0.0 0 -66 113.863 62.62799999999999 0
1470.0 190.11799999999994 16 1470.0 0.0 0 -45 71.90599999999998 54.97699999999998 0
1140.0 176.97199999999992 14 1140.0 0.0 0 -44 59.86499999999998 45.37999999999999 0
1650.0 195.68299999999994 17 1650.0 0.0 0 -49 59.836999999999975 60.27699999999998 0
2280.0 257.861 15 2280.0 -845.0 56 -66 85.13999999999999 79.649 169
1410.0 195.34999999999994 15 1410.0 0.0 0 -44 79.44800000000001 54.80699999999999 0
1650.0 234.71299999999997 20 1650.0 0.0 0 -62 76.12899999999998 61.40899999999999 0
1860.0 237.31900000000007 17 1860.0 -415.0 10 -61 65.684 67.469 83
2220.0 238.87599999999998 17 2220.0 0.0 0 -57 88.02199999999999 83.31099999999998 0
2010.0 305.57399999999996 19 2010.0 0.0 0 -66 117.51199999999999 86.15599999999998 0
1320.0 209.52400000000006 19 1320.0 0.0 0 -49 81.67599999999997 53.95399999999999 0
1350.0 207.00999999999996 20 1350.0 0.0 0 -53 75.35099999999997 41.86599999999999 0
1830.0 273.38100000000003 18 1830.0 -190.0 4 -70 89.20299999999997 68.49499999999996 38
2070.0 206.945 17 2070.0 0.0 0 -54 59.81299999999999 54.488 0
1500.0 200.12499999999994 16 1500.0 0.0 0 -50 65.39499999999998 51.724 0
1890.0 223.202 17 1890.0 -395.0 52 -63 58.94499999999999 64.41899999999998 79
1260.0 154.37099999999998 17 1260.0 0.0 0 -42 51.199 38.367 0
2160.0 243.94899999999998 15 2160.0 0.0 0 -55 95.50900000000003 83.06099999999995 0
2070.0 252.35199999999995 16 2070.0 0.0 0 -62 68.792 80.81600000000003 0
1680.0 243.168 16 1680.0 0.0 0 -53 91.513 69.916 0
1440.0 171.29599999999996 21 1440.0 0.0 0 -42 56.33699999999999 43.099 0
1980.0 271.1469999999998 18 1980.0 0.0 0 -65 91.067 68.64299999999997 0
1500.0 229.58399999999995 18 1500.0 0.0 0 -60 74.95599999999999 51.751 0
2280.0 300.5529999999999 20 2280.0 -385.0 25 -65 107.78300000000002 90.89299999999997 77
2250.0 227.49099999999996 14 2250.0 -680.0 56 -63 57.57699999999999 70.89300000000001 136
1800.0 279.1069999999999 16 1800.0 0.0 0 -65 96.29400000000004 68.79899999999998 0
1170.0 196.05599999999998 16 1170.0 0.0 0 -48 65.367 44.51399999999998 0
2460.0 246.441 15 2460.0 -150.0 10 -60 84.19300000000004 90.47099999999999 30
2670.0 263.51000000000005 14 2670.0 -650.0 43 -65 82.49900000000002 85.586 130
2340.0 262.7009999999999 16 2340.0 0.0 0 -61 91.96900000000004 82.34299999999999 0
1350.0 242.72999999999993 19 1350.0 0.0 0 -56 87.62999999999997 54.47899999999999 0
2085.0 328.78299999999996 20 2340.0 -255.0 85 -79 108.58900000000001 90.25399999999999 17
1710.0 232.04000000000002 17 1710.0 0.0 0 -56 74.45999999999997 75.603 0
1710.0 225.813 21 1710.0 0.0 0 -61 77.62599999999999 47.65199999999999 0
1710.0 218.815 22 1710.0 0.0 0 -55 81.42399999999996 58.027999999999984 0
1350.0 176.757 15 1350.0 -10.0 0 -45 55.919999999999995 48.09299999999999 2
1800.0 235.319 18 1800.0 0.0 0 -56 86.63600000000001 71.92699999999999 0
1860.0 234.48399999999995 14 1920.0 0.0 0 -57 87.07100000000004 58.08099999999997 0
2130.0 213.021 15 2130.0 0.0 0 -46 78.97400000000002 75.42899999999996 0
990.0 173.11599999999999 14 990.0 0.0 0 -40 65.61599999999997 35.39299999999999 0
2010.0 223.592 17 2010.0 0.0 0 -50 88.79700000000001 71.60999999999997 0
1860.0 283.138 18 1860.0 0.0 0 -64 111.297 67.36799999999998 0
1320.0 204.033 11 1320.0 0.0 0 -47 68.60999999999999 55.07100000000001 0
2280.0 280.53400000000005 17 2280.0 0.0 0 -61 108.36 87.85699999999997 0
1500.0 210.695 15 1500.0 0.0 0 -46 77.168 66.46699999999997 0
1830.0 256.4119999999999 20 1830.0 -90.0 2 -65 93.77599999999997 60.627999999999986 18
1920.0 265.049 23 1920.0 -245.0 32 -67 90.18499999999999 64.51099999999998 49
1770.0 235.87599999999998 18 1770.0 0.0 0 -54 86.49300000000002 61.971 0
2340.0 302.1039999999999 19 2340.0 0.0 0 -62 126.967 98.94699999999997 0
1290.0 190.234 19 1290.0 0.0 0 -55 67.00899999999999 34.71 0
1470.0 183.74200000000002 11 1470.0 0.0 0 -37 65.68900000000002 60.994000000000014 0
2130.0 206.71900000000005 15 2130.0 0.0 0 -59 56.15399999999998 68.87400000000001 0
1530.0 200.6790000000001 14 1530.0 0.0 0 -46 75.122 57.87399999999998 0
1650.0 224.262 21 1650.0 0.0 0 -59 80.53699999999998 69.14099999999999 0
2280.0 293.14099999999996 17 2280.0 -90.0 30 -68 94.22199999999998 94.187 6
1890.0 255.41099999999994 19 1890.0 -85.0 4 -61 93.90700000000004 73.525 17
1590.0 252.348 22 1710.0 0.0 0 -62 89.859 69.79699999999998 0
1950.0 261.205 19 1950.0 -10.0 0 -60 91.93799999999999 75.21999999999998 2
1470.0 224.91700000000003 19 1470.0 0.0 0 -55 74.341 51.86299999999998 0
1350.0 207.202 18 1350.0 0.0 0 -53 70.99799999999999 53.957999999999984 0
1710.0 259.551 21 1710.0 0.0 0 -61 88.46999999999998 63.28299999999999 0
1800.0 227.993 18 1800.0 0.0 0 -59 57.50299999999999 59.593000000000025 0
1650.0 211.09999999999994 14 1650.0 0.0 0 -55 71.917 63.17499999999999 0
1560.0 254.90699999999995 20 1560.0 0.0 0 -62 81.332 60.47299999999999 0
2130.0 278.36199999999997 20 2130.0 0.0 0 -60 100.76699999999997 79.751 0
2490.0 265.20899999999995 12 2490.0 -715.0 59 -65 92.56300000000003 83.94999999999999 143
2070.0 250.90200000000002 19 2070.0 0.0 0 -61 91.871 73.80099999999997 0
1770.0 219.8359999999999 15 1770.0 -75.0 3 -61 43.93799999999999 70.326 15
1710.0 251.56899999999993 19 1710.0 0.0 0 -61 78.955 69.05399999999999 0
1380.0 176.765 18 1380.0 0.0 0 -51 48.997 46.870000000000005 0
1350.0 185.83099999999996 16 1350.0 0.0 0 -51 53.54699999999998 53.570999999999984 0
2220.0 280.013 18 2220.0 -95.0 2 -62 104.52600000000004 90.13399999999999 19
2280.0 259.03800000000007 19 2340.0 0.0 0 -60 99.01300000000002 79.60999999999999 0
1710.0 170.73100000000005 12 1710.0 0.0 0 -41 60.34200000000001 51.15599999999998 0
2475.0 298.79 17 2730.0 -255.0 85 -74 96.77400000000003 87.215 17
1020.0 159.96999999999994 16 1020.0 0.0 0 -39 60.30499999999999 42.59899999999999 0
1530.0 269.84399999999994 22 1530.0 0.0 0 -64 87.056 55.781 0
1830.0 242.45 20 1830.0 0.0 0 -63 84.47099999999998 64.36199999999998 0
1860.0 256.54699999999985 13 1860.0 0.0 0 -58 84.56 86.55599999999997 0
1560.0 238.577 25 1560.0 -5.0 0 -60 81.41199999999999 68.87699999999998 1
1590.0 217.421 18 1590.0 0.0 0 -56 77.30999999999999 54.441 0
1080.0 186.7769999999999 15 1080.0 0.0 0 -45 65.3 42.13999999999999 0
1860.0 267.32800000000003 19 1860.0 -135.0 9 -63 90.77699999999999 65.17999999999996 27
1350.0 245.15099999999998 18 1590.0 0.0 0 -54 82.03999999999999 71.425 0
2550.0 286.967 14 2550.0 -1000.0 83 -64 99.86300000000006 94.22200000000001 200
1320.0 211.17200000000005 20 1320.0 0.0 0 -54 78.96099999999998 48.04599999999999 0
1590.0 193.87099999999998 14 1590.0 0.0 0 -55 53.35899999999999 57.507000000000005 0
1440.0 215.39399999999995 18 1440.0 0.0 0 -54 80.78299999999999 46.111 0
1320.0 193.22499999999997 17 1320.0 0.0 0 -54 63.78599999999999 44.461999999999996 0
2040.0 262.0869999999999 20 2040.0 0.0 0 -65 90.95699999999997 68.88199999999998 0
1740.0 252.52599999999993 22 1740.0 0.0 0 -62 74.38499999999998 54.14 0
1590.0 246.5969999999999 20 1590.0 0.0 0 -63 76.77299999999998 56.627999999999986 0
1770.0 245.958 16 1770.0 0.0 0 -66 69.79499999999999 64.85900000000001 0
2250.0 285.31 20 2250.0 0.0 0 -65 90.73 91.64099999999999 0
1740.0 277.3929999999999 20 1740.0 -5.0 0 -62 109.27999999999997 70.539 1
1920.0 234.22699999999998 19 1920.0 0.0 0 -58 80.81799999999997 64.52 0
1920.0 242.72899999999996 18 1920.0 0.0 0 -51 92.706 70.98099999999997 0
1890.0 254.63599999999997 20 1890.0 -140.0 9 -64 85.54099999999997 62.667999999999985 28
2280.0 218.4239999999999 17 2280.0 -190.0 12 -60 68.27299999999998 67.06799999999998 38
990.0 187.481 17 990.0 0.0 0 -40 74.35099999999997 40.64 0
2010.0 274.029 17 2010.0 0.0 0 -65 86.65599999999996 55.479000000000006 0
2370.0 318.6870000000002 23 2370.0 0.0 0 -67 130.172 100.30399999999999 0
1380.0 212.87 18 1380.0 0.0 0 -54 78.29299999999998 47.98099999999999 0
1890.0 269.344 20 1890.0 0.0 0 -67 88.42899999999996 72.548 0
1890.0 190.219 17 1890.0 0.0 0 -49 66.40999999999998 56.41099999999998 0
1140.0 180.44899999999998 17 1140.0 0.0 0 -48 57.66199999999997 37.972999999999985 0
1980.0 241.72500000000005 17 1980.0 -5.0 0 -59 84.49399999999999 77.984 1
1710.0 245.91700000000003 18 1710.0 -5.0 0 -56 96.36900000000003 71.771 1
1830.0 268.34899999999993 19 1950.0 0.0 0 -56 101.76800000000001 78.40299999999998 0
2100.0 297.38399999999984 22 2100.0 -60.0 3 -62 116.475 85.574 12
1770.0 221.70800000000006 17 1770.0 0.0 0 -60 60.35199999999998 41.725 0
1500.0 249.56399999999996 17 1500.0 0.0 0 -57 89.22900000000001 53.021 0
1350.0 213.61099999999988 19 1350.0 0.0 0 -55 72.85000000000001 48.775000000000006 0
2460.0 236.32499999999993 15 2460.0 -10.0 1 -57 89.42 67.48799999999996 2
1800.0 229.15099999999998 17 1800.0 -120.0 6 -62 78.033 50.380999999999986 24
1260.0 209.04899999999992 17 1260.0 -15.0 2 -50 69.761 43.181000000000004 3
1710.0 250.94799999999995 20 1710.0 -300.0 40 -61 90.99999999999999 60.396000000000015 60
1440.0 199.704 17 1440.0 0.0 0 -53 66.18999999999998 42.449999999999996 0
1680.0 224.66299999999998 14 1680.0 0.0 0 -53 85.143 58.98599999999997 0
2130.0 228.64099999999993 19 2130.0 0.0 0 -60 77.03399999999998 61.058999999999976 0
1860.0 257.8809999999999 18 1860.0 -5.0 0 -60 94.77899999999997 68.93299999999999 1
1620.0 272.4139999999999 19 1620.0 -170.0 14 -64 98.803 64.067 34
1290.0 258.936 16 1290.0 -810.0 54 -60 109.21 40.699000000000005 162
1110.0 197.57999999999993 17 1110.0 0.0 0 -47 76.13599999999998 43.17799999999999 0
3375.0 401.55400000000003 14 3630.0 -255.0 85 -103 118.12800000000001 118.85500000000002 17
2310.0 278.983 21 2310.0 0.0 0 -63 94.02699999999996 99.40399999999998 0
2010.0 279.95099999999996 20 2010.0 0.0 0 -62 103.98499999999999 81.154 0
1830.0 266.8309999999999 22 1830.0 0.0 0 -62 107.979 72.91899999999998 0
2160.0 225.09300000000002 14 2160.0 0.0 0 -60 78.09000000000003 69.40499999999997 0
1530.0 246.5289999999999 20 1530.0 0.0 0 -53 97.98199999999999 60.66899999999998 0
1890.0 195.83899999999997 20 1890.0 -20.0 0 -57 60.856999999999985 45.249 4
2010.0 225.52899999999994 21 2010.0 0.0 0 -50 75.94699999999997 78.81499999999997 0
2100.0 276.133 21 2100.0 -105.0 5 -66 102.407 80.25699999999998 21
1410.0 205.346 19 1410.0 0.0 0 -55 57.673999999999985 48.783 0
2220.0 268.86199999999985 17 2220.0 0.0 0 -56 103.38700000000003 93.83899999999997 0
2160.0 304.19200000000006 23 2160.0 -600.0 40 -71 112.08200000000002 89.66099999999993 120
1650.0 229.00099999999995 20 1650.0 -30.0 2 -54 76.99099999999999 60.00099999999999 6
2280.0 292.8109999999999 16 2280.0 -1020.0 85 -71 86.30199999999998 81.067 204
1740.0 207.56399999999994 18 1740.0 0.0 0 -59 67.10399999999997 61.62999999999999 0
1290.0 186.17499999999995 14 1290.0 0.0 0 -47 70.966 46.618 0
1710.0 268.8259999999999 21 1710.0 -580.0 77 -63 100.481 74.773 116
1920.0 217.453 14 1920.0 0.0 0 -59 49.458 71.12699999999998 0
2040.0 270.9359999999999 16 2040.0 0.0 0 -67 87.57499999999999 77.648 0
2340.0 267.65299999999996 20 2340.0 -170.0 14 -64 103.33000000000001 82.279 34
1740.0 242.46199999999996 20 1740.0 0.0 0 -60 85.258 58.214999999999996 0
2370.0 293.5930000000001 16 2370.0 0.0 0 -66 104.853 101.20200000000003 0
1920.0 219.84399999999994 15 1920.0 0.0 0 -48 92.06600000000003 71.73299999999996 0
1680.0 235.05499999999995 17 1680.0 -700.0 17 -62 83.59900000000002 52.210999999999984 140
1440.0 173.801 18 1440.0 0.0 0 -51 51.72599999999998 35.985 0
1890.0 281.72599999999994 20 1890.0 0.0 0 -62 95.74999999999999 82.81199999999998 0
1380.0 227.33399999999995 18 1380.0 0.0 0 -60 77.67499999999998 52.41199999999998 0
2490.0 307.613 17 2490.0 -390.0 26 -69 118.147 96.31499999999996 78
1350.0 168.48999999999998 15 1350.0 0.0 0 -46 54.80599999999998 37.59699999999999 0
1410.0 170.68299999999996 13 1410.0 0.0 0 -42 47.09699999999999 62.23999999999998 0
1680.0 200.9159999999999 16 1680.0 0.0 0 -53 65.863 52.11099999999999 0
1980.0 264.6339999999999 19 1980.0 -600.0 30 -62 101.24900000000002 67.87799999999997 120
2190.0 269.53100000000006 17 2190.0 -625.0 31 -66 104.42700000000002 75.228 125
1350.0 213.98199999999997 17 1350.0 0.0 0 -54 66.80999999999999 54.264999999999986 0
1740.0 260.20999999999987 19 1740.0 -25.0 1 -59 92.08300000000001 67.12999999999998 5
2310.0 247.37000000000003 12 2310.0 0.0 0 -60 65.49999999999996 84.18900000000002 0
2100.0 287.2489999999999 17 2100.0 -455.0 11 -63 94.63099999999999 89.91499999999999 91
1590.0 225.85599999999994 19 1590.0 0.0 0 -61 78.82499999999999 54.69100000000002 0
2160.0 277.715 23 2160.0 -135.0 11 -68 109.826 71.03699999999998 27
1830.0 257.9569999999999 19 1830.0 0.0 0 -59 92.61299999999997 79.03899999999999 0
1740.0 233.399 15 1740.0 0.0 0 -63 60.50599999999999 67.09999999999998 0
1890.0 230.952 21 1890.0 0.0 0 -57 93.38099999999996 59.483000000000004 0
1470.0 214.00400000000002 16 1470.0 0.0 0 -54 63.08299999999999 46.414 0
1380.0 193.588 13 1380.0 0.0 0 -48 56.555999999999976 44.500000000000014 0
1980.0 226.85500000000005 14 1980.0 0.0 0 -52 81.12600000000002 78.185 0
2160.0 260.633 19 2160.0 0.0 0 -66 94.791 75.211 0
1410.0 165.58999999999997 15 1410.0 0.0 0 -45 59.568999999999996 47.410000000000004 0
1800.0 215.10800000000003 17 1800.0 -5.0 0 -57 73.729 57.36599999999998 1
1230.0 151.27999999999997 16 1230.0 0.0 0 -50 35.46999999999999 24.641999999999996 0
1260.0 257.0869999999999 22 1530.0 -270.0 90 -67 87.91999999999996 53.91 18
1230.0 196.06300000000002 19 1230.0 0.0 0 -48 52.68199999999999 46.635000000000005 0
2010.0 246.92999999999998 21 2010.0 -50.0 4 -65 79.944 66.87899999999998 10
1965.0 336.168 19 2220.0 -265.0 85 -81 113.168 83.55000000000003 19
2580.0 311.4339999999999 17 2580.0 0.0 0 -66 126.72900000000003 103.62299999999995 0
1200.0 187.48099999999994 18 1200.0 -15.0 1 -40 70.97399999999999 48.17000000000001 3
1770.0 232.78500000000005 20 1770.0 -510.0 12 -61 79.69300000000003 61.83299999999998 102
1260.0 204.80599999999993 19 1260.0 0.0 0 -47 76.39499999999997 39.108 0
2040.0 276.07300000000004 21 2040.0 -30.0 1 -67 92.753 73.238 6
1500.0 221.82599999999996 14 1500.0 0.0 0 -55 66.639 54.40199999999999 0
1410.0 202.64099999999996 21 1410.0 0.0 0 -45 70.872 55.26800000000001 0
2010.0 297.66499999999985 21 2010.0 0.0 0 -68 98.39699999999999 84.55299999999998 0
1170.0 204.59099999999998 18 1170.0 0.0 0 -50 72.86199999999998 42.55499999999999 0
1800.0 256.053 21 1800.0 0.0 0 -62 89.49199999999996 71.76599999999998 0
1320.0 154.88199999999998 14 1320.0 0.0 0 -42 53.54899999999998 39.57399999999999 0
1560.0 170.84100000000004 12 1560.0 0.0 0 -42 58.10399999999998 58.77200000000001 0
1800.0 268.635 22 1800.0 0.0 0 -67 88.87699999999997 69.68099999999998 0
1830.0 222.36700000000002 14 1830.0 0.0 0 -43 88.96800000000003 79.52699999999996 0
1860.0 258.52000000000004 14 1860.0 0.0 0 -63 81.472 73.55400000000002 0
1650.0 249.13899999999992 16 1650.0 0.0 0 -57 83.257 72.99199999999999 0
1860.0 267.21999999999997 17 1860.0 -385.0 51 -63 101.928 65.404 77
1980.0 238.63799999999992 14 1980.0 0.0 0 -66 70.70799999999998 66.115 0
2205.0 324.701 20 2460.0 -255.0 85 -85 98.71499999999996 94.93100000000004 17
2160.0 260.557 19 2160.0 -930.0 23 -64 82.762 60.965999999999966 186
2250.0 274.70199999999994 20 2250.0 0.0 0 -65 94.42499999999998 85.364 0
1860.0 196.14399999999998 18 1860.0 0.0 0 -50 65.53999999999998 51.367999999999995 0
1170.0 207.25799999999995 18 1170.0 0.0 0 -58 70.84799999999997 37.30499999999999 0
1740.0 245.02100000000002 15 1740.0 0.0 0 -52 113.44999999999999 62.39799999999998 0
1380.0 255.46300000000002 19 1380.0 0.0 0 -58 99.13300000000001 47.562000000000005 0
2190.0 226.95399999999995 15 2190.0 -115.0 7 -61 69.66899999999998 79.84 23
1680.0 207.231 17 1680.0 0.0 0 -52 67.79299999999999 55.559999999999974 0
2100.0 266.769 17 2190.0 0.0 0 -60 96.76899999999999 76.31400000000002 0
1710.0 235.33199999999994 19 1710.0 0.0 0 -62 77.14799999999998 66.076 0
1890.0 220.96599999999998 16 1890.0 0.0 0 -55 82.894 58.719999999999956 0
1830.0 230.95899999999986 18 1830.0 -200.0 13 -59 71.97499999999998 64.368 40
1890.0 242.59299999999996 18 1890.0 0.0 0 -60 90.83299999999997 62.786 0
2640.0 282.00199999999995 12 2640.0 0.0 0 -63 109.37200000000003 91.46299999999997 0
1410.0 244.337 21 1410.0 0.0 0 -66 80.88399999999997 57.14199999999998 0
2070.0 280.49500000000006 22 2070.0 -225.0 15 -63 107.82499999999999 87.314 45
1320.0 238.397 23 1320.0 0.0 0 -58 82.40099999999998 53.85500000000001 0
1830.0 259.23100000000005 20 1830.0 0.0 0 -66 81.77899999999998 64.23400000000001 0
1860.0 201.40599999999998 12 1860.0 0.0 0 -50 68.13500000000002 65.69599999999997 0
1980.0 267.03899999999993 16 1980.0 0.0 0 -63 96.01800000000001 69.736 0
2340.0 271.4579999999999 17 2340.0 -370.0 9 -63 102.39299999999997 83.76599999999999 74
1890.0 228.94399999999993 16 1890.0 0.0 0 -60 65.93600000000002 58.85499999999999 0
1740.0 239.07900000000004 20 1740.0 -35.0 2 -64 72.55599999999998 70.329 7
1770.0 264.3449999999999 21 1770.0 -490.0 40 -64 86.15299999999999 65.934 98
1050.0 187.10199999999995 16 1050.0 0.0 0 -44 68.16399999999999 44.818999999999996 0
1800.0 239.40299999999993 13 1800.0 0.0 0 -63 75.282 64.25199999999998 0
2040.0 260.281 19 2040.0 -10.0 0 -63 110.69800000000001 61.453999999999986 2
1710.0 245.96899999999997 20 1710.0 -30.0 0 -63 79.90599999999998 66.47099999999999 6
1770.0 263.7659999999999 21 1770.0 -420.0 20 -67 97.726 62.31799999999999 84
1830.0 225.65899999999996 17 1830.0 -725.0 60 -64 72.31199999999998 56.623 145
1680.0 236.28899999999993 20 1680.0 0.0 0 -54 85.972 61.778 0
2070.0 309.8099999999999 21 2070.0 -15.0 0 -66 110.012 87.573 3
1380.0 232.0829999999999 19 1440.0 0.0 0 -53 84.18099999999997 64.25099999999999 0
1980.0 245.68699999999995 16 1980.0 -25.0 2 -51 81.589 83.12200000000001 5
1230.0 151.789 15 1230.0 0.0 0 -35 53.977 43.277999999999984 0
1680.0 254.99600000000004 20 1680.0 -20.0 1 -64 93.27600000000002 49.52199999999999 4
1050.0 156.54299999999998 16 1050.0 0.0 0 -42 55.67599999999998 30.055 0
1770.0 239.049 18 1770.0 -305.0 20 -62 80.91599999999998 57.15100000000001 61
2010.0 271.9319999999999 20 2010.0 0.0 0 -67 97.23 66.203 0
1500.0 242.40799999999987 18 1500.0 0.0 0 -54 96.65299999999996 57.15 0
1560.0 226.87999999999994 18 1560.0 0.0 0 -61 60.84699999999999 52.880999999999986 0
2070.0 236.53300000000002 19 2070.0 0.0 0 -61 78.833 67.66099999999997 0
1740.0 262.28899999999993 17 1740.0 -520.0 13 -65 81.05299999999995 68.583 104
1620.0 215.89199999999994 21 1620.0 0.0 0 -61 72.83099999999999 47.339000000000006 0
1110.0 193.25799999999992 15 1110.0 0.0 0 -45 69.94699999999997 48.438999999999986 0
1920.0 343.62499999999994 25 2160.0 -240.0 80 -85 122.52399999999999 71.01000000000002 16
1560.0 255.194 20 1560.0 -5.0 0 -60 89.44299999999997 63.19999999999999 1
1830.0 233.599 14 1830.0 0.0 0 -48 96.15299999999999 62.049999999999976 0
1710.0 218.3170000000001 18 1710.0 0.0 0 -56 69.618 74.15800000000002 0
1800.0 256.872 16 1800.0 -25.0 0 -62 88.731 75.84299999999998 5
1740.0 251.52299999999997 17 1740.0 -250.0 33 -63 91.82899999999997 63.73199999999998 50
1770.0 226.22400000000002 13 1770.0 0.0 0 -48 87.74100000000001 70.41400000000002 0
2010.0 252.71199999999996 20 2010.0 0.0 0 -65 82.84099999999998 69.79199999999997 0
1710.0 237.80200000000008 21 1710.0 0.0 0 -62 76.20699999999998 59.18499999999997 0
1440.0 255.51999999999992 17 1440.0 -370.0 9 -64 80.95599999999997 70.53599999999996 74
1710.0 244.96699999999993 17 1710.0 -1445.0 72 -60 85.81499999999998 55.243 289
1935.0 241.50300000000001 14 2190.0 -255.0 85 -66 73.50299999999997 72.574 17
1860.0 221.63500000000005 12 1860.0 0.0 0 -50 84.45000000000005 70.335 0
1650.0 234.99899999999997 19 1650.0 0.0 0 -62 65.16099999999997 73.944 0
1980.0 222.29600000000002 18 1980.0 0.0 0 -60 80.13999999999999 62.425 0
2640.0 316.00199999999995 16 2640.0 0.0 0 -70 103.524 107.94200000000001 0
1380.0 233.78099999999995 20 1380.0 0.0 0 -63 66.66799999999999 42.121 0
1890.0 283.7499999999999 17 1890.0 0.0 0 -62 122.89 70.75000000000001 0
1890.0 280.1299999999999 21 1890.0 -865.0 21 -71 89.54200000000003 68.89099999999999 173
2160.0 277.20699999999994 14 2160.0 -735.0 61 -68 76.60499999999996 81.82100000000003 147
1440.0 219.27799999999996 19 1440.0 0.0 0 -54 73.12199999999999 52.428999999999995 0
1020.0 193.08599999999998 17 1020.0 0.0 0 -46 68.09599999999999 43.07099999999999 0
2100.0 275.0599999999999 19 2100.0 0.0 0 -57 103.57499999999999 96.198 0
2250.0 240.63700000000003 13 2250.0 0.0 0 -56 84.82200000000003 84.75100000000002 0
1830.0 192.62699999999995 18 1830.0 0.0 0 -55 52.95699999999999 63.486999999999995 0
1555.0 303.804 19 2220.0 -670.0 88 -66 113.53500000000003 92.57100000000001 134
2280.0 271.1389999999999 20 2280.0 -35.0 2 -68 84.74399999999999 84.405 7
1920.0 265.89300000000003 14 1920.0 0.0 0 -61 113.49700000000006 58.61399999999999 0
1770.0 254.72200000000007 13 1770.0 0.0 0 -60 87.81000000000002 62.53600000000002 0
2010.0 236.02900000000002 13 2010.0 0.0 0 -53 73.09300000000002 81.83999999999999 0
1680.0 276.27900000000005 18 1680.0 -1015.0 25 -60 106.69300000000003 76.86699999999996 203
1200.0 194.16199999999998 18 1200.0 0.0 0 -47 68.89999999999998 40.19999999999999 0
2370.0 291.154 16 2370.0 -10.0 0 -65 98.486 68.65799999999996 2
1890.0 270.55100000000004 19 1890.0 -10.0 0 -63 99.22000000000001 74.41999999999999 2
1770.0 245.507 17 1770.0 0.0 0 -57 83.03500000000001 67.90499999999997 0
2340.0 332.885 15 2850.0 -510.0 85 -77 119.93500000000003 100.298 51
1680.0 218.903 19 1680.0 0.0 0 -51 80.37700000000002 62.387999999999984 0
1170.0 166.96799999999996 13 1170.0 0.0 0 -39 57.05099999999999 48.139999999999986 0
1980.0 253.94600000000003 20 1980.0 -410.0 27 -64 86.92099999999999 72.72399999999999 82
1470.0 216.90300000000002 17 1470.0 0.0 0 -54 70.991 54.474 0
2220.0 270.14300000000003 17 2460.0 0.0 0 -63 94.90700000000001 93.42699999999996 0
1590.0 243.49999999999997 14 1590.0 0.0 0 -62 59.587999999999994 61.34100000000001 0
2190.0 235.612 17 2190.0 0.0 0 -56 92.123 81.39299999999996 0
1890.0 245.15699999999995 18 1890.0 0.0 0 -61 81.3 71.10099999999998 0
1890.0 278.80999999999983 14 1890.0 -20.0 0 -65 81.83399999999997 77.14599999999999 4
1770.0 245.11599999999993 18 1770.0 -90.0 30 -57 98.482 63.224999999999994 6
1980.0 217.046 13 1980.0 0.0 0 -58 74.027 65.35799999999996 0
1410.0 219.12399999999997 20 1410.0 0.0 0 -55 67.80399999999999 59.76599999999998 0
2010.0 246.797 15 2010.0 0.0 0 -52 93.24000000000002 85.04799999999999 0
1980.0 252.447 17 1980.0 0.0 0 -64 90.12200000000003 67.015 0
2160.0 270.49399999999997 15 2160.0 -10.0 0 -60 106.89999999999999 84.70400000000001 2
2160.0 260.7799999999999 18 2160.0 -175.0 11 -66 75.46899999999998 86.547 35
1590.0 192.68099999999998 16 1590.0 -5.0 0 -47 64.67099999999998 56.971999999999994 1
1650.0 228.89600000000002 18 1650.0 0.0 0 -53 81.09699999999998 61.92400000000001 0
2430.0 262.98499999999996 12 2430.0 -935.0 77 -60 99.40900000000003 84.23899999999999 187
2065.0 291.37999999999994 14 2730.0 -665.0 88 -65 105.09000000000003 102.67200000000001 133
2550.0 264.20699999999994 14 2550.0 0.0 0 -56 108.499 93.429 0
2010.0 259.29999999999995 19 2010.0 0.0 0 -62 92.55800000000005 74.17299999999999 0
1230.0 212.76699999999997 20 1230.0 0.0 0 -56 77.90099999999997 46.45300000000001 0
2430.0 348.945 21 2730.0 -300.0 100 -89 94.49899999999997 105.41200000000005 20
1740.0 242.474 23 1740.0 0.0 0 -62 79.14099999999998 61.26799999999999 0
1860.0 228.02700000000002 17 1860.0 0.0 0 -54 86.06700000000001 64.06099999999998 0
1770.0 235.45699999999994 16 1770.0 0.0 0 -53 100.17200000000003 65.71799999999996 0
1740.0 247.787 21 1740.0 0.0 0 -64 79.25299999999999 58.699999999999996 0
1680.0 214.53699999999995 17 1680.0 0.0 0 -63 59.32499999999999 49.94299999999999 0
1290.0 193.833 18 1290.0 0.0 0 -47 62.551999999999985 57.254999999999995 0
1770.0 235.4399999999999 19 1770.0 -30.0 2 -59 83.108 61.900999999999996 6
2070.0 272.99100000000004 19 2070.0 0.0 0 -67 91.16599999999998 76.216 0
1890.0 238.86699999999993 18 1890.0 0.0 0 -61 74.234 64.53000000000002 0
2100.0 254.28799999999998 18 2100.0 0.0 0 -58 91.995 81.73 0
1470.0 215.20599999999993 18 1470.0 0.0 0 -49 73.44899999999998 61.427 0
1320.0 207.05699999999996 19 1320.0 0.0 0 -56 72.32399999999997 41.069 0
1830.0 279.3179999999999 21 1830.0 0.0 0 -59 106.09800000000001 87.59699999999997 0
1770.0 257.7369999999999 20 1770.0 0.0 0 -57 102.44499999999998 69.64299999999997 0
1650.0 250.88099999999991 17 1650.0 -1170.0 78 -62 81.35600000000002 56.806999999999974 234
2340.0 283.80100000000004 17 2340.0 -30.0 2 -62 104.17100000000002 91.49 6
1650.0 224.63599999999994 18 1650.0 -185.0 12 -60 67.91699999999999 54.81199999999999 37
1410.0 232.96 19 1410.0 0.0 0 -56 89.13999999999997 52.901999999999994 0
1920.0 256.791 19 1920.0 0.0 0 -56 82.49900000000002 77.239 0
1980.0 244.53100000000003 19 1980.0 0.0 0 -62 80.24800000000002 57.866000000000014 0
1530.0 213.62199999999996 20 1530.0 0.0 0 -51 80.80699999999999 55.48099999999999 0
2190.0 265.68 17 2190.0 0.0 0 -61 104.83400000000005 77.594 0
2250.0 250.779 15 2250.0 -10.0 0 -52 88.35 95.15899999999999 2
1950.0 295.6449999999998 22 1950.0 0.0 0 -67 107.12499999999999 77.36099999999999 0
1830.0 247.39399999999995 19 1830.0 0.0 0 -61 81.24999999999997 73.848 0
2070.0 235.482 17 2070.0 0.0 0 -61 79.04300000000002 77.78799999999998 0
1560.0 214.1819999999999 17 1560.0 0.0 0 -58 57.64699999999999 49.62 0
2160.0 264.51899999999995 17 2160.0 -5.0 0 -72 78.77799999999998 68.264 1
2310.0 292.59400000000005 15 2310.0 -280.0 37 -71 106.89600000000003 84.421 56
1890.0 254.234 18 1890.0 0.0 0 -62 88.92099999999998 73.73700000000001 0
1620.0 191.82 16 1620.0 0.0 0 -52 52.96999999999999 57.27199999999998 0
1650.0 248.9580000000001 20 1650.0 0.0 0 -57 81.51799999999997 65.15499999999999 0
1800.0 239.75000000000009 23 1800.0 0.0 0 -61 89.00799999999998 70.75299999999997 0
1830.0 225.81799999999996 18 1830.0 0.0 0 -60 56.252999999999986 60.71399999999999 0
1560.0 226.28600000000003 19 1560.0 -5.0 0 -56 75.254 60.35699999999999 1
1170.0 181.02999999999997 15 1170.0 0.0 0 -46 64.65999999999997 33.538000000000004 0
1710.0 297.25399999999996 19 1710.0 0.0 0 -68 102.27399999999999 67.93699999999998 0
1530.0 200.566 17 1530.0 0.0 0 -52 64.971 43.672 0
1890.0 231.8919999999999 18 1890.0 0.0 0 -49 97.08899999999997 76.72699999999998 0
2100.0 242.14199999999997 19 2100.0 0.0 0 -57 84.34300000000002 74.59599999999999 0
1560.0 254.31699999999992 23 1560.0 0.0 0 -61 97.92299999999997 55.36199999999999 0
1950.0 195.185 13 1950.0 0.0 0 -51 63.515 68.34599999999999 0
2190.0 288.98699999999997 17 2190.0 0.0 0 -67 109.52300000000002 82.38099999999999 0
1770.0 216.05599999999995 19 1770.0 -5.0 0 -49 80.06099999999998 49.801999999999985 1
1500.0 242.66099999999994 22 1500.0 0.0 0 -58 76.92499999999998 64.094 0
1800.0 288.4190000000001 19 1800.0 0.0 0 -67 94.75900000000001 70.106 0
2100.0 265.1089999999999 18 2100.0 -360.0 9 -65 85.623 83.45200000000001 72
2370.0 265.4709999999999 18 2370.0 -290.0 24 -65 89.77799999999996 88.323 58
2130.0 267.0219999999999 17 2130.0 0.0 0 -63 83.66599999999998 90.19899999999998 0
1620.0 264.1869999999999 24 1620.0 -190.0 9 -63 101.94699999999997 62.937 38
2550.0 287.86600000000004 19 2550.0 -275.0 6 -65 112.181 98.472 55
2040.0 317.705 22 2040.0 0.0 0 -76 111.64999999999996 78.183 0
2070.0 273.021 18 2070.0 0.0 0 -60 102.66500000000002 78.26999999999998 0
2460.0 248.221 14 2460.0 0.0 0 -55 97.14000000000001 89.32999999999997 0
1770.0 272.09899999999993 17 1770.0 0.0 0 -65 95.85300000000002 69.017 0
1920.0 279.7079999999999 18 1920.0 0.0 0 -65 100.73799999999994 69.12299999999999 0
1830.0 217.068 21 1830.0 0.0 0 -57 81.37999999999998 49.761999999999986 0
1170.0 167.781 15 1170.0 0.0 0 -44 57.36899999999998 41.20099999999999 0
1410.0 204.15999999999994 17 1410.0 0.0 0 -55 65.064 45.02999999999999 0
1530.0 218.3379999999999 14 1530.0 -755.0 18 -61 71.83299999999997 51.692 151
1470.0 179.502 19 1470.0 0.0 0 -49 61.94199999999999 48.171 0
2670.0 284.62999999999994 15 2670.0 -120.0 6 -62 99.06500000000003 96.97099999999996 24
1440.0 227.46099999999993 20 1440.0 0.0 0 -61 89.59199999999997 43.117 0
1350.0 164.46999999999997 16 1350.0 0.0 0 -44 46.413000000000004 49.243999999999986 0
1755.0 303.32499999999993 23 2460.0 -255.0 85 -76 120.096 81.20700000000001 17
1320.0 225.121 18 1320.0 0.0 0 -57 77.25499999999998 49.79 0
2400.0 261.756 17 2400.0 -820.0 68 -64 97.35300000000002 81.48599999999996 164
2010.0 271.35 22 2010.0 -40.0 2 -61 104.36399999999998 76.86999999999999 8
1890.0 270.3699999999999 24 1890.0 0.0 0 -65 95.14899999999997 74.87699999999998 0
1980.0 287.797 17 2250.0 -270.0 90 -76 72.47399999999999 81.07100000000001 18
2340.0 195.25400000000002 12 2340.0 0.0 0 -49 76.067 70.47599999999998 0
1410.0 160.56799999999996 15 1410.0 -20.0 1 -35 65.11199999999998 50.43499999999999 4
1620.0 233.09000000000003 20 1620.0 0.0 0 -57 80.881 64.785 0
2370.0 262.419 16 2370.0 0.0 0 -52 104.52500000000005 96.44500000000004 0
1710.0 286.024 20 1710.0 0.0 0 -66 96.83699999999997 67.121 0
1950.0 249.8799999999999 23 1950.0 0.0 0 -64 76.189 59.117 0
1260.0 217.43199999999993 13 1260.0 0.0 0 -46 84.364 46.07399999999998 0
1470.0 220.49499999999998 20 1470.0 0.0 0 -58 73.81 46.027 0
1800.0 231.9619999999999 18 1800.0 0.0 0 -61 83.80599999999997 55.10199999999998 0
1470.0 232.47199999999998 20 1470.0 0.0 0 -60 73.458 57.500000000000014 0
1680.0 201.27799999999996 15 1680.0 0.0 0 -50 65.29499999999999 61.191 0
1950.0 241.31599999999992 19 1950.0 -330.0 22 -66 75.01199999999997 64.64299999999999 66
1110.0 216.755 18 1110.0 0.0 0 -50 79.50799999999998 46.62299999999999 0
1815.0 294.48799999999994 20 2070.0 -255.0 85 -79 87.22399999999999 68.95200000000001 17
1800.0 236.04700000000003 16 2040.0 -240.0 80 -66 58.563 50.42699999999999 16
2370.0 296.75000000000017 13 2370.0 -1140.0 76 -67 97.99399999999999 99.85700000000001 228
1470.0 258.71999999999997 19 1470.0 0.0 0 -59 81.14299999999997 65.22599999999998 0
1140.0 224.71099999999996 23 1140.0 0.0 0 -55 87.11399999999999 50.120999999999995 0
2010.0 283.655 18 2010.0 -605.0 15 -69 101.93900000000002 77.79499999999999 121
1590.0 253.9749999999999 18 1590.0 -265.0 17 -63 85.53500000000001 55.174 53
1650.0 229.51900000000006 18 1650.0 0.0 0 -52 85.17300000000002 66.678 0
2400.0 290.145 17 2400.0 0.0 0 -64 107.14700000000002 103.00399999999999 0
1620.0 209.61299999999994 18 1620.0 0.0 0 -55 69.36 56.243 0
1830.0 215.85999999999987 16 1830.0 0.0 0 -53 72.425 66.53699999999998 0
1830.0 232.11599999999999 17 1830.0 -5.0 0 -51 94.32500000000002 76.03499999999997 1
2100.0 226.80099999999993 17 2100.0 0.0 0 -65 67.51599999999998 46.07500000000001 0
1245.0 252.57199999999995 19 1500.0 -255.0 85 -68 77.44899999999998 62.44299999999999 17
1500.0 208.51 17 1500.0 -205.0 5 -58 62.028 47.34399999999999 41
1950.0 254.859 16 1950.0 0.0 0 -64 84.01499999999997 76.33300000000001 0
1590.0 220.4719999999999 18 1590.0 0.0 0 -59 72.15199999999997 55.925 0
1830.0 237.464 16 1830.0 0.0 0 -54 81.87200000000001 69.777 0
2100.0 232.4719999999999 15 2100.0 0.0 0 -57 69.33300000000003 63.76899999999999 0
1980.0 235.47299999999998 16 1980.0 -40.0 5 -58 75.72200000000002 73.63599999999998 8
1380.0 215.93299999999996 17 1380.0 0.0 0 -58 69.44799999999998 53.5 0
1560.0 217.73999999999995 17 1560.0 -15.0 5 -52 71.402 55.782 1
1530.0 282.69399999999996 17 1770.0 -240.0 80 -68 90.76299999999996 73.85100000000003 16
1440.0 230.874 23 1470.0 0.0 0 -61 79.49099999999999 50.219 0
1740.0 230.42100000000002 21 1740.0 0.0 0 -50 92.69199999999998 73.21799999999998 0
1350.0 245.74799999999993 23 1350.0 0.0 0 -65 88.44399999999999 42.912000000000006 0
1410.0 215.62400000000008 17 1410.0 0.0 0 -52 78.416 57.05299999999999 0
1620.0 138.87899999999996 11 1620.0 0.0 0 -36 48.61 48.30399999999999 0
1890.0 237.068 19 1890.0 -405.0 27 -62 88.67100000000002 60.14399999999999 81
1590.0 205.463 19 1590.0 0.0 0 -47 79.80000000000003 67.36099999999996 0
1500.0 226.802 20 1500.0 0.0 0 -62 63.294 52.63200000000001 0
1890.0 265.284 18 1890.0 0.0 0 -63 90.11999999999998 54.38199999999998 0
2010.0 218.06999999999996 19 2010.0 -10.0 1 -58 76.49000000000001 59.75699999999998 2
1755.0 324.431 23 2010.0 -255.0 85 -76 116.21999999999997 77.67099999999999 17
1380.0 216.87299999999993 17 1380.0 -355.0 47 -59 64.292 47.037 71
2085.0 295.4299999999999 20 2340.0 -265.0 85 -72 93.829 81.97499999999998 19
2070.0 276.377 22 2070.0 0.0 0 -60 93.36099999999999 92.63299999999998 0
1920.0 220.626 19 1920.0 0.0 0 -60 64.514 72.53499999999998 0
1770.0 166.01599999999996 15 1770.0 0.0 0 -51 51.712999999999994 46.19799999999999 0
1980.0 254.39200000000005 15 1980.0 -515.0 12 -63 79.66199999999999 71.59899999999998 103
1590.0 204.02500000000003 17 1590.0 0.0 0 -50 79.58100000000002 57.123999999999995 0
1830.0 263.485 18 1830.0 -10.0 0 -62 87.55099999999999 68.43399999999998 2
2520.0 259.681 16 2520.0 0.0 0 -60 87.92800000000003 90.50699999999996 0
2340.0 280.2359999999999 19 2340.0 -100.0 8 -67 103.416 76.33899999999998 20
2070.0 296.6610000000002 19 2070.0 0.0 0 -72 105.64900000000002 73.01200000000001 0
2040.0 239.848 18 2040.0 -345.0 8 -67 74.52899999999998 71.78300000000002 69
1350.0 189.33499999999998 16 1350.0 0.0 0 -50 56.507999999999996 55.43599999999999 0
1260.0 237.47199999999998 18 1260.0 0.0 0 -57 97.23800000000003 50.544 0
2010.0 232.34199999999998 18 2010.0 -240.0 20 -65 73.40799999999999 71.143 48
1380.0 178.42899999999995 16 1380.0 0.0 0 -46 59.068 48.587 0
1110.0 153.95199999999997 12 1110.0 0.0 0 -36 58.82499999999999 41.213999999999984 0
2190.0 221.69499999999996 16 2190.0 0.0 0 -55 83.39500000000002 76.85499999999999 0
1740.0 226.781 12 1740.0 0.0 0 -60 55.17199999999999 72.10000000000002 0
1140.0 210.06499999999997 19 1140.0 0.0 0 -47 75.68599999999999 45.821000000000005 0
2250.0 272.77600000000007 15 2250.0 -70.0 9 -61 88.413 94.842 14
1890.0 213.81700000000004 14 1890.0 0.0 0 -56 74.76300000000002 65.48799999999997 0
1560.0 217.11500000000004 16 1560.0 0.0 0 -57 67.70499999999997 61.39399999999998 0
1740.0 243.77999999999997 18 1740.0 0.0 0 -55 76.59099999999997 74.051 0
1260.0 199.334 15 1260.0 0.0 0 -45 77.906 46.56999999999998 0
1500.0 239.685 17 1500.0 0.0 0 -55 80.51400000000001 60.728999999999985 0
1800.0 253.444 17 1800.0 0.0 0 -61 85.41399999999999 78.2 0
1980.0 285.5439999999999 19 1980.0 0.0 0 -62 109.38199999999998 82.91599999999997 0
1290.0 188.158 16 1290.0 0.0 0 -51 64.62799999999999 45.332999999999984 0
2100.0 262.899 21 2100.0 -370.0 49 -70 80.63099999999997 69.53099999999998 74
1230.0 158.11699999999996 14 1230.0 0.0 0 -45 50.80099999999997 32.00499999999999 0
1920.0 250.726 19 1920.0 -50.0 4 -60 92.664 70.40499999999996 10
2130.0 233.047 16 2130.0 0.0 0 -56 76.06800000000003 67.32799999999997 0
1470.0 181.96899999999997 15 1470.0 0.0 0 -47 62.51699999999999 49.34599999999999 0
1530.0 182.79499999999993 17 1530.0 -10.0 0 -42 68.03899999999999 63.96299999999998 2
2400.0 276.66099999999994 22 2400.0 0.0 0 -67 89.58699999999999 90.06499999999997 0
1830.0 256.555 21 1830.0 -225.0 18 -65 76.298 81.07899999999997 45
2010.0 243.07099999999997 19 2010.0 0.0 0 -57 91.95600000000002 71.10099999999998 0
2100.0 280.953 17 2100.0 0.0 0 -60 111.82000000000001 85.46899999999997 0
1770.0 231.891 16 1770.0 0.0 0 -59 65.21799999999999 68.424 0
2070.0 266.661 19 2070.0 0.0 0 -63 82.65499999999997 95.21000000000001 0
2190.0 257.0579999999999 21 2190.0 -15.0 1 -57 106.95799999999997 82.84399999999998 3
1650.0 225.73599999999993 17 1650.0 -560.0 46 -63 75.56299999999999 45.407999999999994 112
1770.0 229.99999999999997 17 1770.0 -590.0 14 -61 67.53599999999997 60.39500000000001 118
1800.0 216.586 14 1800.0 0.0 0 -56 64.38900000000001 60.14499999999997 0
1890.0 189.91199999999998 13 1890.0 0.0 0 -45 70.22800000000001 69.74399999999997 0
1800.0 267.992 22 1800.0 0.0 0 -63 88.69299999999998 87.189 0
1560.0 187.41099999999994 16 1560.0 0.0 0 -52 63.72999999999999 49.15399999999999 0
1860.0 245.43999999999994 18 1860.0 -15.0 2 -62 82.07799999999995 63.078 3
1560.0 249.78399999999996 16 1560.0 0.0 0 -57 99.33700000000005 54.88799999999997 0
1530.0 241.51999999999998 20 1530.0 0.0 0 -57 75.80399999999999 62.718999999999994 0
1410.0 272.2269999999999 15 1410.0 0.0 0 -61 89.08200000000001 57.304 0
1650.0 220.19999999999996 14 1650.0 -1215.0 60 -61 47.06099999999999 42.903999999999996 243
1410.0 222.22199999999995 18 1410.0 0.0 0 -59 65.89699999999999 54.543 0
1470.0 209.54299999999995 15 1470.0 0.0 0 -49 69.44799999999998 51.34499999999998 0
1890.0 232.507 19 1890.0 0.0 0 -65 73.47299999999998 54.229 0
1740.0 234.37700000000004 16 1740.0 0.0 0 -57 83.388 64.17999999999999 0
1290.0 199.299 17 1290.0 0.0 0 -52 57.87999999999999 53.306000000000004 0
1650.0 260.00899999999984 19 1770.0 0.0 0 -63 88.18200000000002 62.789 0
1470.0 237.98699999999997 17 1470.0 0.0 0 -52 87.83899999999997 63.87299999999999 0
2790.0 312.55 19 2790.0 -335.0 22 -71 119.10400000000001 78.25600000000001 67
1470.0 234.58800000000002 23 1470.0 0.0 0 -55 93.33899999999997 66.05299999999998 0
2070.0 227.36300000000006 18 2070.0 -120.0 10 -64 61.318999999999996 62.375000000000014 24
1860.0 218.50199999999998 18 1860.0 0.0 0 -58 63.782 55.645 0
1890.0 302.99399999999997 19 1890.0 -490.0 12 -67 115.49000000000004 47.391999999999996 98
1950.0 315.8509999999999 24 1950.0 -805.0 53 -74 110.89599999999997 83.11599999999999 161
2190.0 273.17699999999996 20 2190.0 -20.0 1 -63 89.19099999999999 75.81899999999999 4
960.0 160.3489999999999 15 960.0 0.0 0 -35 57.377999999999986 44.022999999999996 0
1890.0 289.3709999999999 17 1890.0 0.0 0 -65 103.50299999999999 72.163 0
1560.0 200.35099999999994 17 1560.0 0.0 0 -51 69.54200000000002 54.01399999999997 0
2130.0 292.0759999999999 17 2130.0 -420.0 55 -67 116.65000000000002 79.73499999999999 84
1620.0 206.03899999999993 18 1620.0 0.0 0 -59 61.70299999999999 41.09699999999999 0
1590.0 193.55999999999997 17 1590.0 0.0 0 -47 52.92399999999999 64.42099999999998 0
1440.0 256.979 22 1440.0 0.0 0 -65 78.44299999999998 56.800999999999995 0
1560.0 234.486 22 1560.0 -10.0 0 -64 80.826 50.939 2
1920.0 243.73999999999987 14 1920.0 -850.0 70 -61 68.00599999999999 66.02099999999999 170
1710.0 264.254 17 1710.0 0.0 0 -57 104.51000000000002 72.14899999999999 0
2400.0 262.15900000000005 13 2400.0 -20.0 0 -62 103.15500000000004 81.372 4
1680.0 273.24600000000004 20 1680.0 0.0 0 -68 105.88899999999998 50.662 0
1560.0 232.75899999999993 17 1560.0 0.0 0 -46 89.47 70.89799999999998 0
1440.0 245.29199999999994 19 1440.0 0.0 0 -60 83.64399999999999 56.08799999999999 0
1710.0 225.78199999999993 24 1710.0 0.0 0 -53 86.04599999999998 64.663 0
1950.0 230.36499999999998 18 1950.0 0.0 0 -53 87.159 72.606 0
1500.0 231.20999999999995 21 1500.0 0.0 0 -59 78.32600000000001 47.916 0
2370.0 291.9529999999999 18 2370.0 0.0 0 -68 110.24900000000001 81.87699999999998 0
2670.0 285.82300000000004 14 2670.0 -660.0 44 -63 119.59000000000006 84.25699999999998 132
2190.0 294.13899999999995 19 2190.0 -200.0 16 -63 106.17000000000003 99.82299999999998 40
1770.0 266.7489999999999 24 1770.0 0.0 0 -69 80.787 70.14899999999997 0
2190.0 294.257 17 2190.0 -805.0 20 -67 112.87000000000003 84.34899999999996 161
1620.0 204.20999999999995 13 1620.0 0.0 0 -52 68.51199999999999 54.11299999999998 0
2250.0 252.18400000000003 15 2250.0 -315.0 7 -64 76.345 74.41499999999999 63
1560.0 208.10299999999995 17 1560.0 0.0 0 -50 68.18499999999999 66.73199999999999 0
1500.0 236.40699999999993 22 1500.0 -5.0 0 -50 85.21599999999998 63.714 1
1770.0 274.478 23 1770.0 0.0 0 -63 103.42799999999997 76.69199999999998 0
2040.0 264.8529999999999 18 2040.0 0.0 0 -67 70.43499999999997 84.21400000000003 0
1350.0 216.658 21 1350.0 0.0 0 -56 67.83299999999998 49.034 0
1440.0 181.11899999999997 18 1440.0 0.0 0 -48 59.497 41.79099999999999 0
1875.0 266.432 16 2130.0 -255.0 85 -71 75.59299999999998 77.78400000000002 17
1470.0 249.041 19 1470.0 0.0 0 -63 90.48299999999999 47.47599999999999 0
1620.0 256.80999999999995 19 1620.0 0.0 0 -63 95.38799999999999 49.080999999999996 0
2310.0 246.59400000000005 14 2310.0 0.0 0 -61 83.21900000000002 77.67399999999998 0
1740.0 233.60999999999993 24 1740.0 -35.0 2 -61 68.13399999999999 53.027 7
1770.0 265.4689999999998 21 1770.0 -485.0 32 -69 72.84799999999998 53.084999999999994 97
1590.0 230.38499999999996 22 1590.0 -190.0 12 -66 78.11599999999999 48.69499999999999 38
1680.0 203.30199999999994 20 1680.0 0.0 0 -50 69.749 61.465999999999994 0
1950.0 252.76899999999998 21 1950.0 0.0 0 -61 94.48499999999997 65.58899999999998 0
1530.0 215.68499999999995 18 1530.0 0.0 0 -63 63.67999999999999 47.093 0
1740.0 215.74799999999993 17 1740.0 -625.0 31 -63 67.97699999999999 53.97999999999998 125
1710.0 231.85200000000003 14 1710.0 -355.0 8 -60 71.28099999999999 60.13000000000002 71
3000.0 296.1309999999999 15 3000.0 -840.0 55 -66 111.92600000000003 114.91099999999997 168
1410.0 228.00600000000003 17 1410.0 -445.0 11 -63 77.10600000000002 41.505 89
2010.0 284.75499999999994 22 2010.0 0.0 0 -70 101.27899999999998 72.80099999999999 0
1800.0 259.173 16 1800.0 -405.0 10 -61 80.53999999999999 82.81300000000002 81
2100.0 259.86400000000003 19 2100.0 -160.0 21 -62 91.918 73.92399999999999 32
2250.0 317.744 15 2250.0 0.0 0 -68 124.52100000000003 88.21899999999998 0
1350.0 190.79999999999995 15 1350.0 0.0 0 -51 66.452 41.62999999999999 0
1800.0 259.35099999999994 20 1800.0 -390.0 26 -66 90.72799999999998 64.66499999999998 78
1920.0 242.87499999999994 19 1920.0 -200.0 16 -66 70.13599999999998 57.77799999999999 40
1260.0 138.14199999999994 15 1260.0 -25.0 1 -37 47.546999999999976 28.402 5
2640.0 284.62499999999983 18 2640.0 0.0 0 -61 112.86700000000002 99.53299999999996 0
2430.0 297.474 18 2430.0 -185.0 4 -68 115.06 86.15399999999998 37
1920.0 238.879 11 1920.0 0.0 0 -64 44.38699999999999 60.923000000000016 0
2010.0 275.1809999999999 20 2010.0 -80.0 6 -70 84.49599999999997 69.476 16
1800.0 245.573 18 1830.0 0.0 0 -57 104.74700000000003 61.82900000000001 0
1500.0 263.181 25 1500.0 0.0 0 -62 86.91199999999998 51.04599999999999 0
2190.0 246.26199999999992 13 2190.0 0.0 0 -58 75.948 93.73299999999999 0
1890.0 283.03 15 1890.0 0.0 0 -69 82.89399999999996 64.70599999999999 0
1650.0 233.31800000000004 19 1650.0 0.0 0 -61 80.03699999999999 53.96399999999999 0
1350.0 215.84200000000004 16 1350.0 0.0 0 -52 79.86200000000001 48.47299999999999 0
1680.0 219.6069999999999 15 1680.0 0.0 0 -57 77.035 62.083 0
2070.0 251.14699999999996 22 2070.0 0.0 0 -67 73.90999999999998 67.186 0
1860.0 216.62499999999994 21 1860.0 0.0 0 -58 73.124 55.241999999999976 0
1440.0 154.55100000000002 12 1440.0 0.0 0 -34 53.328000000000024 48.43799999999999 0
1830.0 211.1449999999999 15 1830.0 0.0 0 -53 74.76700000000001 64.49699999999999 0
1620.0 258.39799999999997 20 1620.0 0.0 0 -61 92.29899999999998 65.847 0
2040.0 248.418 20 2040.0 -295.0 7 -60 102.86599999999999 75.46700000000001 59
1890.0 228.565 18 1890.0 0.0 0 -53 82.62999999999998 72.547 0
2280.0 300.401 19 2280.0 0.0 0 -70 89.32599999999998 96.02200000000002 0
2040.0 246.766 18 2040.0 -340.0 45 -61 85.18299999999999 82.36000000000001 68
1770.0 259.079 16 1770.0 -470.0 39 -60 75.28199999999998 81.70700000000002 94
2130.0 245.455 13 2130.0 -1175.0 29 -64 74.60699999999999 76.029 235
2130.0 285.96399999999994 19 2130.0 -670.0 16 -65 102.001 80.72199999999998 134
1920.0 234.47799999999995 19 1920.0 0.0 0 -56 89.30799999999999 66.39899999999999 0
1830.0 269.93 17 1830.0 0.0 0 -64 89.62200000000001 67.408 0
2010.0 248.35899999999998 19 2010.0 -370.0 30 -60 97.31800000000001 60.07699999999998 74
1200.0 145.987 17 1200.0 0.0 0 -41 51.288999999999994 37.233999999999995 0
1770.0 237.19899999999998 21 1770.0 -455.0 30 -62 78.99099999999997 62.10999999999999 91
2010.0 236.98800000000003 15 2010.0 0.0 0 -58 78.40600000000002 65.30099999999999 0
1530.0 208.44600000000005 18 1530.0 0.0 0 -54 63.68899999999999 55.178999999999995 0
1530.0 185.33599999999998 14 1530.0 0.0 0 -49 47.18599999999999 57.88000000000002 0
1470.0 262.79900000000004 13 1470.0 0.0 0 -62 98.85200000000002 54.13800000000002 0
1740.0 242.36599999999999 21 1740.0 -575.0 38 -63 98.72400000000002 61.58799999999998 115
1860.0 269.215 20 1860.0 -630.0 84 -64 102.48799999999999 60.24399999999999 126
1530.0 276.97399999999993 23 1530.0 -180.0 4 -69 104.52999999999996 57.471 36
1680.0 246.63000000000002 18 1680.0 0.0 0 -59 82.071 63.589999999999996 0
1980.0 246.319 17 1980.0 -135.0 11 -63 75.08299999999997 63.67400000000002 27
1680.0 251.8969999999999 19 1680.0 0.0 0 -59 92.87699999999995 60.988999999999976 0
1800.0 231.17300000000003 16 1800.0 -330.0 22 -60 96.516 51.48999999999999 66
1680.0 240.6229999999999 16 1680.0 0.0 0 -54 84.425 72.77499999999996 0
1800.0 245.472 18 1800.0 0.0 0 -56 92.29500000000002 70.71899999999997 0
1080.0 186.54599999999996 16 1080.0 0.0 0 -34 67.987 54.769999999999975 0
1470.0 206.20499999999996 18 1470.0 0.0 0 -48 74.97399999999998 57.029 0
1740.0 248.789 17 1740.0 0.0 0 -62 84.26700000000001 54.38899999999999 0
1980.0 269.491 15 1980.0 0.0 0 -64 92.65400000000002 70.91499999999999 0
2070.0 212.87799999999993 14 2070.0 0.0 0 -58 48.577000000000005 72.25799999999998 0
1020.0 185.97099999999992 14 1020.0 0.0 0 -40 73.94899999999997 47.74599999999998 0
1425.0 262.939 19 1680.0 -255.0 85 -66 80.22699999999998 68.281 17
2400.0 294.18999999999994 17 2400.0 -435.0 36 -65 115.62800000000003 91.01799999999996 87
1950.0 249.03799999999995 22 1950.0 -65.0 1 -62 86.892 71.77099999999999 13
1590.0 213.01100000000005 16 1590.0 0.0 0 -53 74.45699999999997 36.617999999999995 0
2085.0 340.456 18 2340.0 -255.0 85 -74 123.48400000000002 104.46799999999995 17
1965.0 300.042 14 2220.0 -255.0 85 -69 97.58500000000004 85.41999999999997 17
1800.0 242.06799999999996 20 1800.0 0.0 0 -55 95.81299999999997 67.82299999999998 0
1020.0 172.02 16 1020.0 0.0 0 -43 61.707 43.699999999999996 0
2190.0 225.259 17 2190.0 -210.0 17 -63 59.391 69.069 42
2130.0 271.977 20 2130.0 -260.0 17 -64 92.363 87.32699999999997 52
1620.0 240.70499999999996 19 1620.0 -40.0 3 -62 73.93699999999998 59.465 8
1650.0 205.236 18 1650.0 0.0 0 -52 62.60899999999999 66.92399999999998 0
1770.0 267.90499999999986 17 1770.0 -95.0 6 -61 105.06599999999999 63.921999999999976 19
2070.0 278.5509999999999 19 2070.0 -605.0 50 -66 105.68599999999998 71.20199999999997 121
1770.0 257.68099999999987 21 1770.0 -120.0 8 -66 89.14699999999998 60.714999999999996 24
2250.0 316.69199999999995 17 2250.0 -105.0 8 -69 111.899 100.73499999999999 21
1650.0 249.13799999999998 18 1650.0 0.0 0 -59 71.23199999999999 60.20899999999999 0
2190.0 246.50799999999998 21 2190.0 0.0 0 -72 76.841 60.776 0
1440.0 163.522 14 1440.0 0.0 0 -46 53.108999999999995 49.11399999999998 0
2040.0 315.142 16 2550.0 -510.0 85 -75 107.27200000000002 93.75299999999999 51
1890.0 238.84099999999995 21 1890.0 -905.0 22 -63 79.42199999999998 54.76999999999999 181
1860.0 224.92499999999995 17 1860.0 -25.0 1 -52 88.364 70.43199999999997 5
2010.0 247.39299999999997 18 2010.0 0.0 0 -65 82.14199999999998 64.47899999999997 0
1860.0 245.32 17 1860.0 -410.0 54 -60 83.016 68.88999999999997 82
1410.0 204.63599999999997 18 1410.0 0.0 0 -51 76.033 51.258 0
1680.0 229.87399999999988 16 1680.0 0.0 0 -55 80.582 60.239000000000004 0
2160.0 268.14199999999994 20 2160.0 0.0 0 -63 93.32599999999998 67.362 0
2580.0 253.43800000000007 14 2580.0 0.0 0 -63 78.41900000000001 89.80799999999998 0
1740.0 186.019 12 1740.0 0.0 0 -40 66.01500000000004 58.46099999999999 0
1560.0 170.36499999999998 18 1560.0 0.0 0 -50 55.80099999999999 35.73100000000001 0
1740.0 243.314 21 1740.0 0.0 0 -59 84.42299999999997 55.387999999999984 0
2040.0 242.17399999999998 18 2040.0 -610.0 40 -63 86.60400000000001 63.831999999999994 122
2160.0 246.02699999999993 24 2160.0 0.0 0 -66 88.74 70.362 0
