520.0 226.105 16 1620.0 -1100.0 91 -60 64.31399999999998 54.697999999999986 220
1140.0 271.1980000000001 20 1680.0 -540.0 90 -70 89.45300000000002 58.29400000000001 54
1020.0 212.542 18 1290.0 -270.0 90 -57 73.58499999999998 46.33599999999999 18
0.0 6.200000000000002 0 0.0 -3580.0 89 -2 0.0 0.0 716
0.0 6.794 0 0.0 -3580.0 89 -2 0.0 0.0 716
0.0 10.267999999999999 0 0.0 -3570.0 89 -2 0.0 0.0 714
880.0 209.839 10 1560.0 -680.0 90 -48 67.571 65.32299999999998 136
0.0 21.111999999999995 0 0.0 -3550.0 88 -4 0.0 0.0 710
260.0 197.0859999999999 14 1350.0 -1090.0 90 -54 50.597999999999985 50.964000000000006 218
430.0 130.46299999999997 11 1110.0 -680.0 90 -31 48.66899999999999 44.28799999999998 136
-255.0 170.476 12 1110.0 -1365.0 90 -38 68.765 39.55799999999998 273
-100.0 178.29699999999994 13 990.0 -1090.0 90 -42 55.033999999999985 46.73399999999999 218
0.0 1.024 0 0.0 -3595.0 89 -1 0.0 0.0 719
1860.0 248.16 18 2130.0 -270.0 90 -73 52.5 47.204000000000015 18
0.0 2.7800000000000002 0 0.0 -3590.0 89 -1 0.0 0.0 718
-100.0 155.053 11 990.0 -1090.0 90 -44 48.21899999999999 33.370000000000005 218
1770.0 313.09699999999987 24 2040.0 -270.0 90 -78 98.836 58.701 18
0.0 3.908 0 0.0 -3585.0 89 -1 0.0 0.0 717
0.0 12.459999999999994 0 0.0 -3560.0 89 -3 0.0 0.0 712
580.0 170.52899999999994 10 1260.0 -680.0 90 -41 67.972 45.203999999999986 136
0.0 4.63 0 0.0 -3590.0 89 -1 0.0 0.0 718
0.0 9.718000000000002 0 0.0 -3570.0 89 -2 0.0 0.0 714
-675.0 93.78099999999998 7 690.0 -1365.0 90 -26 22.256 20.883 273
0.0 4.345999999999999 0 0.0 -3585.0 89 -1 0.0 0.0 717
0.0 9.28 0 0.0 -3570.0 89 -2 0.0 0.0 714
410.0 210.19800000000004 12 1500.0 -1090.0 90 -50 80.36600000000001 56.16499999999998 218
-255.0 199.47799999999998 14 1110.0 -1365.0 90 -48 71.87299999999999 44.59299999999999 273
0.0 5.849999999999998 0 0.0 -3580.0 89 -1 0.0 0.0 716
1260.0 282.19499999999994 17 1530.0 -270.0 90 -67 92.02999999999999 66.05699999999997 18
0.0 2.0900000000000003 0 0.0 -3590.0 89 -1 0.0 0.0 718
1330.0 275.47700000000003 18 2010.0 -680.0 90 -71 96.18500000000002 53.397999999999996 136
0.0 11.661999999999999 0 0.0 -3565.0 89 -2 0.0 0.0 713
1050.0 236.88399999999993 15 1590.0 -540.0 90 -61 62.29 59.996 54
0.0 3.0220000000000002 0 0.0 -3590.0 89 -1 0.0 0.0 718
40.0 155.84200000000004 12 1140.0 -1110.0 92 -37 49.728999999999985 50.09199999999999 222
-315.0 105.31 6 1050.0 -1365.0 90 -29 42.54299999999999 28.091999999999995 273
-225.0 153.73299999999995 13 1140.0 -1370.0 90 -44 46.252 38.724000000000004 274
430.0 172.55999999999995 12 1530.0 -1100.0 91 -45 47.647999999999996 43.715999999999994 220
-190.0 105.271 9 900.0 -1090.0 90 -28 30.521 28.450000000000003 218
1260.0 258.8699999999999 21 1530.0 -270.0 90 -61 101.50499999999997 54.71399999999999 18
200.0 193.87299999999996 13 1290.0 -1090.0 90 -48 61.093999999999994 60.44500000000001 218
0.0 5.769999999999998 0 0.0 -3580.0 89 -1 0.0 0.0 716
590.0 172.13400000000001 10 1680.0 -1125.0 92 -43 56.20800000000002 51.039999999999964 225
0.0 3.49 0 0.0 -3585.0 89 -1 0.0 0.0 717
500.0 180.64300000000003 14 1050.0 -550.0 91 -53 43.56100000000001 32.827 55
470.0 196.88099999999991 11 1560.0 -1090.0 90 -50 64.25399999999998 44.51399999999999 218
290.0 212.01599999999988 10 1380.0 -1090.0 90 -51 73.54799999999996 54.61299999999998 218
1610.0 298.164 17 2160.0 -550.0 91 -71 94.37499999999996 78.38800000000002 55
80.0 178.56699999999995 15 1170.0 -1090.0 90 -46 54.899 43.897000000000006 218
0.0 5.1819999999999995 0 0.0 -3580.0 89 -1 0.0 0.0 716
1350.0 280.65699999999987 18 1620.0 -270.0 90 -65 89.19899999999998 66.96399999999998 18
0.0 4.702 0 0.0 -3585.0 89 -1 0.0 0.0 717
1710.0 362.9599999999999 22 2250.0 -540.0 90 -77 149.62799999999996 92.19199999999998 54
1290.0 259.887 19 1590.0 -270.0 90 -60 79.53099999999998 72.25 18
-250.0 135.20099999999996 12 840.0 -1090.0 90 -33 44.074999999999996 37.641 218
1440.0 266.86100000000005 17 1980.0 -540.0 90 -69 68.72999999999998 79.36000000000003 54
860.0 240.29999999999998 14 1950.0 -1090.0 90 -55 95.08800000000001 73.396 218
0.0 7.484 0 0.0 -3585.0 89 -2 0.0 0.0 717
-340.0 141.649 10 750.0 -1090.0 90 -34 47.00999999999999 29.578999999999997 218
110.0 184.08199999999997 13 1200.0 -1100.0 90 -48 61.193 38.748999999999995 220
0.0 10.381999999999996 0 0.0 -3575.0 89 -2 0.0 0.0 715
1030.0 249.23799999999994 16 1710.0 -680.0 90 -59 80.854 68.77599999999998 136
260.0 196.60999999999999 12 1350.0 -1090.0 90 -47 61.763999999999996 50.079000000000015 218
-285.0 172.731 11 1080.0 -1365.0 90 -37 63.39800000000002 44.959999999999994 273
1770.0 261.333 20 2040.0 -270.0 90 -68 83.58899999999998 71.505 18
0.0 5.555999999999997 0 0.0 -3580.0 89 -1 0.0 0.0 716
0.0 6.547999999999998 0 0.0 -3580.0 89 -2 0.0 0.0 716
0.0 3.658 0 0.0 -3590.0 89 -1 0.0 0.0 718
0.0 4.960000000000001 0 0.0 -3585.0 89 -1 0.0 0.0 717
0.0 12.987999999999996 0 0.0 -3560.0 89 -3 0.0 0.0 712
1800.0 343.946 23 2070.0 -270.0 90 -79 134.17399999999998 70.14699999999999 18
620.0 206.77400000000003 9 1710.0 -1090.0 90 -49 61.815000000000005 70.91200000000003 218
-70.0 150.83599999999998 11 1020.0 -1100.0 90 -37 43.053999999999995 36.007 220
1110.0 235.44899999999996 17 1650.0 -540.0 90 -62 73.06499999999997 58.90599999999999 54
-435.0 107.39399999999999 9 930.0 -1365.0 90 -29 35.789 31.337999999999994 273
0.0 2.3440000000000003 0 0.0 -3590.0 89 -1 0.0 0.0 718
140.0 251.0229999999999 20 1230.0 -1090.0 90 -59 94.71799999999998 49.021 218
0.0 6.173999999999999 0 0.0 -3580.0 89 -2 0.0 0.0 716
0.0 5.946000000000002 0 0.0 -3580.0 89 -1 0.0 0.0 716
-5.0 139.148 10 1110.0 -1115.0 92 -39 29.945999999999998 37.63299999999999 223
0.0 7.401999999999996 0 0.0 -3580.0 89 -2 0.0 0.0 716
900.0 197.48999999999995 16 1170.0 -270.0 90 -51 59.61399999999998 39.769 18
-15.0 207.48399999999995 15 1350.0 -1365.0 90 -50 60.61499999999997 34.742 273
0.0 3.9079999999999995 0 0.0 -3590.0 89 -1 0.0 0.0 718
-430.0 135.879 10 660.0 -1090.0 90 -32 44.19399999999999 26.875999999999998 218
1620.0 264.63700000000006 15 1890.0 -270.0 90 -58 106.50900000000003 77.91299999999995 18
910.0 244.11999999999998 11 2010.0 -1100.0 91 -52 90.73000000000005 72.95299999999997 220
0.0 2.2159999999999997 0 0.0 -3590.0 89 -1 0.0 0.0 718
-555.0 97.209 11 810.0 -1365.0 90 -25 34.30199999999999 21.765 273
1040.0 227.762 15 1590.0 -550.0 91 -56 73.23800000000003 52.161 55
0.0 6.513999999999996 0 0.0 -3580.0 89 -2 0.0 0.0 716
1410.0 232.75800000000004 15 1950.0 -540.0 90 -62 79.56900000000002 57.179 54
2070.0 276.75199999999995 16 2340.0 -270.0 90 -70 79.16999999999999 83.25500000000001 18
770.0 243.12099999999998 18 1410.0 -640.0 90 -58 90.091 64.88399999999999 128
410.0 236.6989999999999 13 1500.0 -1090.0 90 -51 78.66200000000003 57.602000000000004 218
1380.0 289.92099999999994 22 1920.0 -540.0 90 -69 86.32899999999998 84.83399999999997 54
1360.0 228.04500000000002 14 2040.0 -680.0 90 -55 71.15200000000003 76.64899999999999 136
0.0 21.547999999999995 0 0.0 -3550.0 88 -4 0.0 0.0 710
1130.0 218.50399999999993 17 1680.0 -550.0 91 -59 53.19499999999999 61.98899999999999 55
1550.0 287.172 19 2100.0 -550.0 91 -64 105.29500000000002 85.47999999999998 55
1170.0 265.0769999999999 19 1710.0 -540.0 90 -60 100.55399999999999 66.82599999999998 54
0.0 9.135999999999997 0 0.0 -3580.0 89 -2 0.0 0.0 716
-190.0 183.70699999999997 16 900.0 -1090.0 90 -52 55.98699999999998 36.64999999999999 218
1260.0 198.749 18 1530.0 -270.0 90 -57 55.338 41.62599999999999 18
20.0 182.56199999999995 13 1110.0 -1090.0 90 -41 72.31200000000001 40.38299999999999 218
280.0 208.49499999999998 14 1380.0 -1100.0 91 -49 65.03500000000003 57.53699999999997 220
350.0 165.91099999999994 9 1440.0 -1090.0 90 -41 49.99499999999999 54.501000000000005 218
670.0 192.16099999999997 17 1350.0 -680.0 90 -47 68.877 48.832 136
0.0 4.559999999999999 0 0.0 -3585.0 89 -1 0.0 0.0 717
-330.0 129.796 12 1050.0 -1380.0 92 -38 32.602 34.09199999999999 276
80.0 162.493 10 1170.0 -1090.0 90 -32 56.48899999999999 53.438 218
0.0 5.087999999999999 0 0.0 -3580.0 89 -1 0.0 0.0 716
-100.0 153.432 10 990.0 -1090.0 90 -40 47.936 37.797 218
-190.0 123.09200000000004 6 900.0 -1090.0 90 -25 46.29700000000002 38.92599999999999 218
1170.0 269.04599999999994 17 1440.0 -270.0 90 -59 99.55099999999996 57.696 18
0.0 1.3500000000000003 0 0.0 -3595.0 89 -1 0.0 0.0 719
610.0 203.6719999999999 16 1290.0 -680.0 90 -52 66.53099999999999 46.824 136
2430.0 367.0439999999998 23 2700.0 -270.0 90 -87 134.89399999999998 96.15799999999997 18
260.0 195.91299999999993 12 1350.0 -1095.0 90 -46 59.23099999999999 45.14199999999998 219
430.0 161.48199999999997 13 1110.0 -680.0 90 -42 47.950999999999986 38.531000000000006 136
-980.0 118.76799999999997 11 840.0 -1820.0 90 -33 33.472999999999985 19.656 364
0.0 9.758000000000003 0 0.0 -3570.0 89 -2 0.0 0.0 714
2400.0 414.5169999999998 19 2670.0 -270.0 90 -92 150.07600000000002 106.105 18
-465.0 131.22999999999993 11 900.0 -1365.0 90 -31 54.02799999999999 37.254 273
0.0 10.158 0 0.0 -3565.0 89 -2 0.0 0.0 713
1260.0 284.635 21 1530.0 -270.0 90 -71 112.592 46.967000000000006 18
0.0 2.798 0 0.0 -3590.0 89 -1 0.0 0.0 718
100.0 171.39499999999998 13 1200.0 -1100.0 91 -49 49.89199999999998 38.12499999999999 220
0.0 13.181999999999995 0 0.0 -3560.0 89 -3 0.0 0.0 712
0.0 5.805999999999998 0 0.0 -3585.0 89 -1 0.0 0.0 717
2190.0 351.96199999999993 18 2580.0 -270.0 90 -83 108.85299999999998 101.45100000000002 18
1410.0 255.36299999999997 15 1950.0 -540.0 90 -54 94.78099999999999 82.93700000000001 54
-195.0 194.49199999999993 11 1170.0 -1365.0 90 -52 49.97499999999999 40.685999999999986 273
1680.0 274.8499999999999 17 1950.0 -270.0 90 -61 107.92 75.16899999999997 18
0.0 6.511999999999999 0 0.0 -3580.0 89 -2 0.0 0.0 716
0.0 5.141999999999999 0 0.0 -3580.0 89 -1 0.0 0.0 716
0.0 7.236000000000001 0 0.0 -3580.0 89 -2 0.0 0.0 716
840.0 215.783 15 1380.0 -540.0 90 -55 71.669 48.026999999999994 54
2100.0 314.14399999999995 17 2370.0 -270.0 90 -78 101.35999999999997 89.388 18
0.0 8.857999999999997 0 0.0 -3570.0 89 -2 0.0 0.0 714
0.0 6.190000000000001 0 0.0 -3580.0 89 -2 0.0 0.0 716
460.0 215.724 11 1560.0 -1100.0 91 -53 55.297 61.858000000000004 220
-555.0 196.514 13 810.0 -1365.0 90 -42 75.71799999999998 44.13899999999998 273
1030.0 237.27300000000005 15 1710.0 -680.0 90 -53 84.09000000000002 75.20799999999998 136
310.0 192.18599999999995 11 1410.0 -1125.0 92 -50 52.657999999999994 49.73499999999999 225
0.0 3.486 0 0.0 -3585.0 89 -1 0.0 0.0 717
-320.0 147.74999999999994 10 780.0 -1100.0 91 -36 52.66999999999999 27.160999999999994 220
860.0 210.90499999999997 13 1950.0 -1090.0 90 -46 74.101 68.63899999999998 218
1560.0 220.84100000000004 14 1830.0 -270.0 90 -55 67.46599999999998 71.86999999999999 18
0.0 7.203999999999999 0 0.0 -3575.0 89 -2 0.0 0.0 715
0.0 7.621999999999999 0 0.0 -3575.0 89 -2 0.0 0.0 715
1490.0 261.36600000000004 19 2040.0 -550.0 91 -61 98.07199999999999 76.40900000000002 55
0.0 9.043999999999999 0 0.0 -3575.0 89 -2 0.0 0.0 715
0.0 3.7360000000000007 0 0.0 -3585.0 89 -1 0.0 0.0 717
0.0 2.2660000000000005 0 0.0 -3590.0 89 -1 0.0 0.0 718
0.0 1.43 0 0.0 -3595.0 89 -1 0.0 0.0 719
45.0 147.131 10 1410.0 -1365.0 90 -45 34.52799999999999 49.14100000000003 273
0.0 7.974000000000001 0 0.0 -3575.0 89 -2 0.0 0.0 715
0.0 16.384000000000004 0 0.0 -3560.0 89 -3 0.0 0.0 712
1800.0 312.991 23 2070.0 -270.0 90 -73 112.10100000000003 88.40299999999996 18
0.0 11.521999999999995 0 0.0 -3565.0 89 -2 0.0 0.0 713
280.0 231.79399999999998 15 1380.0 -1100.0 91 -56 78.332 51.19899999999998 220
510.0 217.91000000000003 18 1050.0 -540.0 90 -55 69.234 42.958 54
0.0 3.6820000000000013 0 0.0 -3585.0 89 -1 0.0 0.0 717
55.0 168.20199999999994 7 1170.0 -1115.0 92 -40 47.93499999999998 48.24800000000001 223
1310.0 287.41299999999995 18 1860.0 -555.0 91 -69 85.36799999999995 75.959 56
0.0 14.185999999999986 0 0.0 -3555.0 88 -3 0.0 0.0 711
655.0 194.86300000000003 12 1770.0 -1115.0 92 -49 58.66599999999999 30.301 223
0.0 2.8299999999999996 0 0.0 -3590.0 89 -1 0.0 0.0 718
0.0 3.3779999999999997 0 0.0 -3585.0 89 -1 0.0 0.0 717
0.0 4.344 0 0.0 -3585.0 89 -1 0.0 0.0 717
1170.0 217.98999999999995 14 1440.0 -270.0 90 -58 57.41699999999998 58.96100000000001 18
50.0 168.11299999999997 13 1170.0 -1090.0 90 -38 61.645999999999994 48.729000000000006 218
0.0 9.713999999999995 0 0.0 -3570.0 89 -2 0.0 0.0 714
0.0 10.922 0 0.0 -3575.0 89 -2 0.0 0.0 715
-375.0 121.82199999999999 7 990.0 -1365.0 90 -29 41.324 41.92100000000001 273
-140.0 155.48099999999994 11 960.0 -1100.0 91 -34 53.72999999999997 30.581999999999994 220
265.0 206.30600000000004 14 1380.0 -1115.0 92 -49 67.51800000000001 49.67100000000001 223
640.0 169.75199999999995 12 1320.0 -680.0 90 -41 70.36400000000002 44.02199999999999 136
-250.0 112.44 11 840.0 -1110.0 90 -32 29.297999999999995 26.229 222
-375.0 129.94699999999997 14 990.0 -1365.0 90 -33 40.88899999999999 30.708999999999996 273
-555.0 120.16999999999999 9 810.0 -1365.0 90 -29 42.440999999999995 33.749999999999986 273
0.0 2.628 0 0.0 -3590.0 89 -1 0.0 0.0 718
0.0 7.1839999999999975 0 0.0 -3575.0 89 -2 0.0 0.0 715
-190.0 135.21399999999994 12 900.0 -1090.0 90 -35 48.45400000000001 30.971999999999998 218
410.0 228.9319999999999 15 1500.0 -1110.0 90 -52 80.30600000000001 57.703999999999986 222
0.0 3.2579999999999996 0 0.0 -3590.0 89 -1 0.0 0.0 718
0.0 8.511999999999999 0 0.0 -3575.0 89 -2 0.0 0.0 715
0.0 8.091999999999999 0 0.0 -3575.0 89 -2 0.0 0.0 715
-285.0 137.86800000000005 8 1080.0 -1365.0 90 -35 48.71400000000001 40.78999999999999 273
1560.0 216.28399999999993 17 1830.0 -270.0 90 -62 64.706 57.52899999999999 18
0.0 12.229999999999997 0 0.0 -3560.0 89 -3 0.0 0.0 712
-100.0 233.14299999999986 14 990.0 -1090.0 90 -50 93.43699999999998 47.388999999999996 218
0.0 8.554 0 0.0 -3575.0 89 -2 0.0 0.0 715
0.0 0.8760000000000001 0 0.0 -3595.0 89 -1 0.0 0.0 719
1920.0 316.589 21 2190.0 -270.0 90 -79 107.05099999999999 84.89899999999997 18
1560.0 256.73400000000004 19 1830.0 -270.0 90 -66 75.95899999999999 66.79899999999999 18
-410.0 115.86699999999999 10 690.0 -1100.0 91 -30 32.995 25.609999999999996 220
2270.0 327.44200000000006 15 2820.0 -550.0 91 -81 96.88099999999997 105.42700000000002 55
835.0 257.55699999999996 12 1950.0 -1115.0 92 -63 71.27899999999998 72.36700000000005 223
-75.0 179.83900000000003 12 1290.0 -1365.0 90 -40 70.42700000000002 52.85099999999998 273
-100.0 141.146 8 990.0 -1090.0 90 -32 55.05200000000001 34.56799999999998 218
0.0 5.501999999999998 0 0.0 -3580.0 89 -1 0.0 0.0 716
160.0 176.785 14 1260.0 -1100.0 91 -49 52.41099999999999 46.830999999999996 220
0.0 7.247999999999999 0 0.0 -3580.0 89 -2 0.0 0.0 716
-585.0 131.30399999999997 12 780.0 -1365.0 90 -34 51.07399999999999 28.797000000000004 273
0.0 7.49 0 0.0 -3575.0 89 -2 0.0 0.0 715
200.0 187.02399999999992 12 1290.0 -1090.0 90 -46 65.769 48.287 218
-495.0 159.36099999999996 10 870.0 -1365.0 90 -37 63.40999999999998 30.215999999999994 273
0.0 10.675999999999998 0 0.0 -3565.0 89 -2 0.0 0.0 713
0.0 5.008000000000001 0 0.0 -3580.0 89 -1 0.0 0.0 716
110.0 186.09699999999992 11 1200.0 -1090.0 90 -40 73.04200000000002 43.458999999999975 218
0.0 5.3119999999999985 0 0.0 -3585.0 89 -1 0.0 0.0 717
-440.0 136.307 12 660.0 -1100.0 91 -30 46.94599999999999 31.458 220
0.0 7.515999999999999 0 0.0 -3575.0 89 -2 0.0 0.0 715
400.0 241.36300000000003 18 1110.0 -680.0 90 -51 95.87800000000001 47.492000000000004 136
-20.0 109.218 12 1080.0 -1100.0 91 -33 32.958000000000006 25.766000000000002 220
0.0 8.043999999999999 0 0.0 -3580.0 89 -2 0.0 0.0 716
-795.0 106.31299999999999 10 570.0 -1365.0 90 -28 33.702999999999996 19.92 273
105.0 243.29499999999996 13 1470.0 -1365.0 90 -57 86.34400000000004 55.64100000000001 273
260.0 203.72399999999993 17 1350.0 -1110.0 91 -54 56.901 39.586 222
370.0 204.01800000000003 9 1470.0 -1100.0 91 -47 62.554000000000016 62.236000000000004 220
1490.0 357.24500000000006 15 2580.0 -1090.0 90 -73 146.98700000000008 99.41099999999999 218
0.0 0.72 0 0.0 -3595.0 89 -1 0.0 0.0 719
1620.0 282.29400000000004 19 2160.0 -540.0 90 -69 92.08599999999998 80.40800000000002 54
0.0 4.568 0 0.0 -3585.0 89 -1 0.0 0.0 717
950.0 188.787 13 1500.0 -550.0 91 -57 48.224999999999994 38.94799999999999 55
1120.0 213.34599999999995 15 1800.0 -680.0 90 -53 66.51299999999998 65.60099999999997 136
0.0 4.2139999999999995 0 0.0 -3590.0 89 -1 0.0 0.0 718
1370.0 272.99600000000004 15 1920.0 -560.0 91 -67 74.66499999999999 73.425 57
160.0 232.969 14 1260.0 -1100.0 91 -58 83.90899999999998 43.144999999999996 220
1240.0 227.65199999999993 12 1800.0 -560.0 93 -54 88.25799999999997 57.33799999999998 56
435.0 205.5570000000001 13 1800.0 -1470.0 125 -46 93.89600000000004 60.04499999999998 280
100.0 205.22100000000003 13 1200.0 -1100.0 91 -51 62.84600000000002 46.120999999999995 220
0.0 7.239999999999999 0 0.0 -3575.0 89 -2 0.0 0.0 715
0.0 11.783999999999999 0 0.0 -3570.0 89 -2 0.0 0.0 714
-435.0 137.31799999999998 12 930.0 -1365.0 90 -37 43.392999999999994 31.425999999999988 273
1950.0 240.05200000000002 14 2220.0 -270.0 90 -63 58.908 85.604 18
0.0 5.4899999999999975 0 0.0 -3580.0 89 -1 0.0 0.0 716
-105.0 205.182 12 1260.0 -1365.0 90 -45 84.62400000000001 44.932 273
0.0 7.0280000000000005 0 0.0 -3575.0 89 -2 0.0 0.0 715
0.0 12.953999999999997 0 0.0 -3565.0 89 -3 0.0 0.0 713
2030.0 312.1809999999999 14 2580.0 -550.0 91 -79 85.18400000000003 80.43300000000002 55
0.0 3.1420000000000003 0 0.0 -3590.0 89 -1 0.0 0.0 718
-10.0 180.518 10 1080.0 -1090.0 90 -41 71.86200000000002 38.553999999999995 218
2070.0 303.2469999999999 21 2340.0 -270.0 90 -72 112.90299999999999 81.53799999999997 18
0.0 5.825999999999999 0 0.0 -3580.0 89 -1 0.0 0.0 716
-310.0 135.17699999999996 14 780.0 -1090.0 90 -33 51.46499999999998 29.969 218
960.0 272.0319999999999 14 1500.0 -540.0 90 -60 104.48299999999998 52.007 54
-100.0 140.17399999999995 11 990.0 -1090.0 90 -42 34.47099999999999 33.633 218
-525.0 117.538 7 840.0 -1375.0 90 -26 48.13700000000002 31.697999999999983 275
520.0 196.41000000000003 11 1620.0 -1100.0 91 -55 50.20899999999999 49.858999999999995 220
740.0 236.19099999999997 12 1830.0 -1090.0 90 -50 84.60600000000005 74.12599999999996 218
0.0 3.45 0 0.0 -3585.0 89 -1 0.0 0.0 717
435.0 178.61899999999997 9 1800.0 -1365.0 90 -42 61.761000000000024 68.11399999999999 273
-795.0 84.523 7 570.0 -1365.0 90 -22 28.905999999999995 21.650000000000002 273
320.0 195.982 14 1410.0 -1090.0 90 -51 62.83999999999999 44.27499999999999 218
1260.0 235.939 15 1530.0 -270.0 90 -60 65.57400000000001 52.24900000000002 18
-20.0 177.69599999999997 12 1080.0 -1110.0 92 -50 53.76799999999999 29.771 222
-80.0 160.055 12 1020.0 -1100.0 91 -43 53.749999999999986 32.303999999999995 220
0.0 6.122000000000001 0 0.0 -3580.0 89 -2 0.0 0.0 716
1760.0 275.05999999999995 20 2310.0 -550.0 91 -68 75.41599999999998 89.48399999999998 55
1200.0 252.02699999999996 16 1470.0 -270.0 90 -58 96.92500000000003 56.788999999999994 18
0.0 2.210000000000001 0 0.0 -3590.0 89 -1 0.0 0.0 718
590.0 172.05799999999996 10 1680.0 -1090.0 90 -37 65.88200000000002 59.68099999999998 218
1310.0 290.037 19 1860.0 -550.0 91 -73 96.25999999999998 69.927 55
20.0 174.46199999999993 13 1110.0 -1090.0 90 -49 50.06299999999998 27.923 218
650.0 227.667 12 1740.0 -1090.0 90 -53 89.46900000000002 61.93099999999999 218
0.0 12.837999999999994 0 0.0 -3560.0 89 -3 0.0 0.0 712
760.0 181.28899999999996 13 1440.0 -680.0 90 -46 59.55999999999999 43.216 136
-470.0 97.29599999999996 8 630.0 -1100.0 91 -22 33.48799999999999 22.875999999999998 220
-220.0 142.37099999999995 12 870.0 -1090.0 90 -38 45.00599999999999 29.988999999999994 218
1830.0 302.12399999999997 23 2100.0 -270.0 90 -78 73.57699999999998 82.18400000000001 18
0.0 0.986 0 0.0 -3595.0 89 -1 0.0 0.0 719
1830.0 294.47399999999993 21 2100.0 -270.0 90 -74 89.18599999999999 80.26699999999998 18
75.0 157.217 8 1440.0 -1365.0 90 -42 31.994999999999997 55.81000000000001 273
0.0 4.573999999999999 0 0.0 -3585.0 89 -1 0.0 0.0 717
0.0 7.0120000000000005 0 0.0 -3575.0 89 -2 0.0 0.0 715
0.0 11.539999999999994 0 0.0 -3570.0 89 -2 0.0 0.0 714
740.0 183.18900000000002 17 1290.0 -550.0 91 -51 56.221999999999994 43.633 55
1200.0 265.92199999999997 20 1740.0 -545.0 90 -71 81.34700000000001 61.646 55
-200.0 192.26099999999997 15 900.0 -1100.0 91 -50 59.60199999999999 33.574999999999996 220
640.0 236.285 18 1320.0 -680.0 90 -57 84.17899999999997 50.852 136
0.0 8.718 0 0.0 -3575.0 89 -2 0.0 0.0 715
50.0 145.84799999999996 14 1140.0 -1105.0 91 -39 38.899 32.80999999999999 221
1030.0 241.93 13 2130.0 -1100.0 91 -60 76.86800000000001 68.40199999999996 220
0.0 5.713999999999998 0 0.0 -3580.0 89 -1 0.0 0.0 716
0.0 8.608 0 0.0 -3575.0 89 -2 0.0 0.0 715
1160.0 208.27100000000002 13 1710.0 -550.0 91 -50 65.73600000000002 58.72299999999997 55
50.0 150.665 14 1140.0 -1100.0 90 -43 46.36099999999999 36.68 220
2250.0 312.9469999999999 18 2520.0 -270.0 90 -79 93.52100000000002 94.60799999999996 18
0.0 4.032 0 0.0 -3585.0 89 -1 0.0 0.0 717
-40.0 150.95499999999996 7 1050.0 -1090.0 90 -34 47.684 41.348 218
0.0 2.804 0 0.0 -3590.0 89 -1 0.0 0.0 718
-220.0 123.67899999999996 11 870.0 -1090.0 90 -32 45.35699999999999 34.48999999999999 218
-555.0 100.74 7 810.0 -1365.0 90 -27 26.808 28.318999999999996 273
1320.0 213.11299999999997 21 1590.0 -270.0 90 -55 67.41399999999999 59.292 18
0.0 2.9500000000000006 0 0.0 -3590.0 89 -1 0.0 0.0 718
0.0 3.3199999999999994 0 0.0 -3590.0 89 -1 0.0 0.0 718
1110.0 186.38699999999997 14 1650.0 -540.0 90 -49 63.18299999999998 54.535000000000004 54
1340.0 257.438 16 1890.0 -550.0 91 -62 84.14199999999998 77.83 55
0.0 6.0280000000000005 0 0.0 -3580.0 89 -2 0.0 0.0 716
10.0 171.69399999999996 13 1110.0 -1100.0 91 -37 61.553 51.55999999999999 220
0.0 5.5059999999999985 0 0.0 -3585.0 89 -1 0.0 0.0 717
0.0 1.9340000000000006 0 0.0 -3595.0 89 -1 0.0 0.0 719
0.0 7.999999999999998 0 0.0 -3575.0 89 -2 0.0 0.0 715
1420.0 267.99299999999994 17 2100.0 -680.0 90 -67 102.032 67.38800000000002 136
1640.0 287.17099999999994 17 2190.0 -550.0 91 -80 80.79499999999999 71.71699999999998 55
-980.0 113.36299999999997 5 840.0 -1820.0 90 -31 19.05599999999999 33.519999999999996 364
640.0 167.554 7 1740.0 -1100.0 91 -38 53.556000000000026 64.27199999999999 220
0.0 3.014 0 0.0 -3590.0 89 -1 0.0 0.0 718
0.0 9.563999999999997 0 0.0 -3570.0 89 -2 0.0 0.0 714
950.0 238.237 19 1500.0 -550.0 91 -58 76.29399999999997 53.127999999999986 55
0.0 5.963999999999999 0 0.0 -3580.0 89 -1 0.0 0.0 716
0.0 1.768 0 0.0 -3590.0 89 -1 0.0 0.0 718
0.0 7.0619999999999985 0 0.0 -3575.0 89 -2 0.0 0.0 715
260.0 175.63900000000007 12 1350.0 -1090.0 90 -46 42.003 53.705 218
405.0 206.17700000000002 10 1860.0 -1365.0 90 -45 71.40400000000001 71.338 273
1160.0 277.5950000000001 14 2250.0 -1090.0 90 -64 97.30899999999998 84.489 218
320.0 183.28900000000002 10 1410.0 -1090.0 90 -42 57.66200000000002 57.566 218
50.0 153.67099999999996 10 1140.0 -1090.0 90 -40 47.62999999999999 46.14599999999999 218
470.0 232.92999999999998 16 1620.0 -1090.0 90 -55 79.77599999999998 59.00499999999997 218
0.0 4.656 0 0.0 -3585.0 89 -1 0.0 0.0 717
0.0 5.6400000000000015 0 0.0 -3580.0 89 -1 0.0 0.0 716
1110.0 267.284 17 1650.0 -540.0 90 -65 96.96299999999998 57.505000000000024 54
0.0 5.064000000000001 0 0.0 -3585.0 89 -1 0.0 0.0 717
1920.0 253.73299999999998 16 2460.0 -540.0 90 -61 86.93700000000001 85.42899999999999 54
0.0 5.199999999999999 0 0.0 -3580.0 89 -1 0.0 0.0 716
0.0 3.991999999999999 0 0.0 -3590.0 89 -1 0.0 0.0 718
-220.0 173.30199999999996 13 870.0 -1090.0 90 -45 59.618 37.45299999999999 218
170.0 153.902 8 1260.0 -1090.0 90 -29 65.75300000000001 51.51299999999999 218
0.0 7.547999999999999 0 0.0 -3580.0 89 -2 0.0 0.0 716
1240.0 245.73000000000005 15 1920.0 -680.0 90 -53 89.51200000000003 79.19099999999997 136
0.0 3.7379999999999995 0 0.0 -3590.0 89 -1 0.0 0.0 718
0.0 3.792 0 0.0 -3585.0 89 -1 0.0 0.0 717
0.0 1.4200000000000002 0 0.0 -3595.0 89 -1 0.0 0.0 719
-50.0 194.15799999999993 12 1050.0 -1100.0 91 -44 62.66500000000002 44.540999999999976 220
0.0 10.401999999999994 0 0.0 -3565.0 89 -2 0.0 0.0 713
260.0 183.59699999999992 14 1350.0 -1100.0 91 -48 63.97499999999998 40.94199999999999 220
0.0 4.2379999999999995 0 0.0 -3585.0 89 -1 0.0 0.0 717
-280.0 105.02599999999997 9 810.0 -1090.0 90 -34 26.451999999999995 17.738 218
1560.0 342.34400000000005 24 1830.0 -270.0 90 -81 131.46299999999997 75.189 18
1650.0 299.1189999999999 24 1920.0 -270.0 90 -75 114.69000000000003 62.656 18
0.0 11.764 0 0.0 -3565.0 89 -2 0.0 0.0 713
0.0 3.014 0 0.0 -3590.0 89 -1 0.0 0.0 718
220.0 160.12400000000002 11 1320.0 -1100.0 91 -34 63.410000000000025 51.62900000000001 220
-255.0 157.08099999999996 12 1110.0 -1370.0 90 -41 54.00899999999999 37.084999999999994 274
530.0 195.599 11 1620.0 -1090.0 90 -45 71.63700000000001 60.55299999999997 218
0.0 0.336 0 0.0 -3595.0 89 -1 0.0 0.0 719
0.0 2.838 0 0.0 -3590.0 89 -1 0.0 0.0 718
-155.0 173.46500000000003 12 960.0 -1115.0 92 -41 58.76299999999999 39.153999999999996 223
0.0 6.675999999999999 0 0.0 -3575.0 89 -2 0.0 0.0 715
0.0 12.066 0 0.0 -3565.0 89 -3 0.0 0.0 713
1890.0 322.885 17 2160.0 -270.0 90 -77 104.424 67.901 18
1260.0 253.78399999999993 17 1800.0 -550.0 90 -59 84.38999999999997 70.55299999999998 56
0.0 6.147999999999999 0 0.0 -3585.0 89 -2 0.0 0.0 717
-255.0 176.67799999999997 12 1110.0 -1390.0 91 -40 69.74099999999999 45.20399999999999 278
650.0 206.81599999999997 16 1290.0 -655.0 91 -54 67.92999999999999 48.95999999999998 131
560.0 206.57499999999996 17 1200.0 -640.0 90 -51 66.604 48.675 128
680.0 215.7719999999999 16 1770.0 -1095.0 90 -57 72.25399999999996 57.737999999999985 219
1000.0 292.6419999999999 15 2100.0 -1100.0 91 -67 103.184 87.267 220
0.0 0.562 0 0.0 -3595.0 89 -1 0.0 0.0 719
-240.0 139.332 11 1140.0 -1380.0 92 -34 48.033999999999985 42.121999999999986 276
0.0 1.594 0 0.0 -3595.0 89 -1 0.0 0.0 719
290.0 226.906 14 1380.0 -1090.0 90 -55 73.093 52.88499999999999 218
-435.0 138.189 13 930.0 -1365.0 90 -35 43.72599999999999 28.728999999999996 273
380.0 220.56 15 1470.0 -1090.0 90 -53 73.75000000000001 54.74799999999997 218
140.0 173.198 10 1230.0 -1125.0 92 -41 65.27100000000002 44.114 225
1260.0 181.17999999999995 19 1530.0 -270.0 90 -52 55.38699999999999 37.314 18
0.0 9.114 0 0.0 -3570.0 89 -2 0.0 0.0 714
1680.0 326.32399999999996 19 1950.0 -285.0 91 -85 100.14800000000004 68.85199999999998 21
105.0 209.66100000000006 14 1470.0 -1365.0 90 -50 74.64899999999996 56.58899999999998 273
0.0 6.515999999999998 0 0.0 -3580.0 89 -2 0.0 0.0 716
140.0 194.44599999999994 14 1230.0 -1090.0 90 -47 65.91499999999999 53.51199999999998 218
0.0 1.6640000000000001 0 0.0 -3595.0 89 -1 0.0 0.0 719
1200.0 247.159 21 1470.0 -270.0 90 -59 80.91999999999997 48.82699999999999 18
-10.0 175.47099999999995 14 1080.0 -1090.0 90 -48 53.10899999999997 37.754999999999995 218
980.0 264.74999999999994 14 2070.0 -1090.0 90 -56 90.90600000000003 90.41799999999998 218
-100.0 173.554 14 990.0 -1090.0 90 -47 49.256000000000014 40.260999999999996 218
0.0 4.55 0 0.0 -3590.0 89 -1 0.0 0.0 718
350.0 210.87100000000004 15 1440.0 -1090.0 90 -55 57.40999999999998 56.56300000000001 218
2130.0 321.6190000000001 16 2400.0 -270.0 90 -87 76.73099999999997 93.33400000000002 18
1410.0 359.531 22 1680.0 -280.0 90 -82 124.17499999999998 79.31299999999997 20
0.0 5.122 0 0.0 -3580.0 89 -1 0.0 0.0 716
400.0 206.38499999999996 12 1620.0 -1100.0 91 -51 61.17499999999998 62.307999999999986 220
0.0 2.742 0 0.0 -3590.0 89 -1 0.0 0.0 718
0.0 12.513999999999992 0 0.0 -3560.0 89 -3 0.0 0.0 712
435.0 213.12199999999993 12 1860.0 -1365.0 90 -45 92.03600000000002 66.01099999999997 273
110.0 215.04299999999992 18 1200.0 -1090.0 90 -61 68.97899999999998 33.349000000000004 218
1920.0 280.50000000000006 12 2460.0 -550.0 90 -53 115.73500000000006 99.86899999999997 56
-820.0 167.18499999999997 8 1020.0 -1850.0 92 -34 64.01700000000001 40.99599999999998 370
1040.0 248.7 16 1590.0 -550.0 91 -73 63.78799999999998 48.227999999999994 55
750.0 191.64299999999994 15 1290.0 -540.0 90 -53 53.035999999999994 40.915 54
-10.0 124.77099999999997 9 1080.0 -1090.0 90 -35 34.605999999999995 32.874 218
160.0 190.20100000000005 11 1260.0 -1100.0 91 -48 49.814 54.59500000000002 220
20.0 195.52200000000002 11 1110.0 -1090.0 90 -46 64.80900000000003 36.833999999999975 218
0.0 1.198 0 0.0 -3595.0 89 -1 0.0 0.0 719
0.0 4.023999999999999 0 0.0 -3585.0 89 -1 0.0 0.0 717
1680.0 285.40299999999985 20 1950.0 -270.0 90 -73 98.59400000000001 66.72199999999998 18
-390.0 172.50299999999996 12 990.0 -1380.0 92 -41 60.72999999999999 42.85999999999999 276
390.0 212.97100000000003 12 1770.0 -1380.0 92 -60 40.489000000000004 50.37000000000001 276
1010.0 215.196 11 1560.0 -550.0 91 -51 65.05099999999997 58.56300000000002 55
0.0 3.6500000000000004 0 0.0 -3585.0 89 -1 0.0 0.0 717
870.0 172.914 14 1140.0 -270.0 90 -48 47.00399999999999 40.90299999999999 18
0.0 21.461999999999996 0 0.0 -3550.0 88 -4 0.0 0.0 710
350.0 177.64600000000002 13 1440.0 -1090.0 90 -43 66.71400000000001 52.46200000000002 218
0.0 10.125999999999998 0 0.0 -3575.0 89 -2 0.0 0.0 715
280.0 215.46699999999993 13 1380.0 -1100.0 91 -50 75.27800000000002 48.94599999999997 220
0.0 16.388000000000005 0 0.0 -3560.0 89 -3 0.0 0.0 712
0.0 2.054 0 0.0 -3590.0 89 -1 0.0 0.0 718
0.0 7.302 0 0.0 -3575.0 89 -2 0.0 0.0 715
320.0 211.88999999999996 12 1410.0 -1090.0 90 -52 80.74099999999999 50.066 218
920.0 234.05899999999997 19 1470.0 -550.0 91 -63 62.69099999999999 38.665 55
0.0 4.016 0 0.0 -3585.0 89 -1 0.0 0.0 717
-10.0 165.92199999999997 18 1080.0 -1090.0 90 -44 43.80599999999999 37.59 218
-110.0 129.36399999999995 9 990.0 -1100.0 91 -30 42.18199999999999 37.518 220
0.0 6.491999999999999 0 0.0 -3580.0 89 -2 0.0 0.0 716
0.0 10.558 0 0.0 -3565.0 89 -2 0.0 0.0 713
-75.0 197.111 17 1290.0 -1365.0 90 -48 77.15899999999998 46.27799999999999 273
715.0 216.36300000000003 14 1830.0 -1145.0 94 -56 61.93800000000004 70.08699999999999 229
350.0 168.61199999999997 12 1440.0 -1090.0 90 -47 46.02199999999999 48.12500000000001 218
0.0 2.0400000000000005 0 0.0 -3595.0 89 -1 0.0 0.0 719
-270.0 184.99799999999996 12 1110.0 -1380.0 92 -42 66.05799999999999 46.050999999999995 276
1160.0 280.30899999999997 17 1710.0 -555.0 91 -62 111.67199999999997 69.53399999999996 56
0.0 1.646 0 0.0 -3595.0 89 -1 0.0 0.0 719
110.0 169.39799999999997 15 1200.0 -1095.0 90 -45 54.542999999999985 47.717 219
0.0 7.988000000000001 0 0.0 -3575.0 89 -2 0.0 0.0 715
-20.0 180.54800000000006 10 1080.0 -1100.0 91 -45 45.12 49.98600000000002 220
0.0 12.291999999999994 0 0.0 -3560.0 89 -3 0.0 0.0 712
460.0 224.58600000000004 13 1560.0 -1100.0 91 -51 78.64400000000002 63.046000000000014 220
0.0 4.194000000000001 0 0.0 -3585.0 89 -1 0.0 0.0 717
1320.0 235.78199999999993 19 1590.0 -270.0 90 -57 91.20499999999998 57.52599999999998 18
1080.0 303.911 20 1350.0 -270.0 90 -72 101.69499999999996 43.666 18
-1130.0 129.83499999999995 8 690.0 -1820.0 90 -33 33.375 13.626000000000001 364
0.0 10.486 0 0.0 -3565.0 89 -2 0.0 0.0 713
1290.0 226.23200000000003 19 1560.0 -270.0 90 -58 72.78599999999999 53.45 18
-435.0 115.07399999999997 9 930.0 -1400.0 91 -25 46.85 35.30399999999999 280
495.0 178.034 11 1860.0 -1365.0 90 -41 70.04400000000001 66.31200000000001 273
-160.0 172.636 12 930.0 -1090.0 90 -45 58.137 34.516999999999996 218
-710.0 172.754 7 1110.0 -1820.0 90 -37 58.18300000000002 45.01199999999997 364
0.0 4.868000000000001 0 0.0 -3585.0 89 -1 0.0 0.0 717
0.0 7.319999999999999 0 0.0 -3580.0 89 -2 0.0 0.0 716
0.0 2.662000000000001 0 0.0 -3590.0 89 -1 0.0 0.0 718
0.0 7.275999999999999 0 0.0 -3575.0 89 -2 0.0 0.0 715
680.0 218.15400000000008 16 1890.0 -1090.0 90 -62 56.107000000000006 63.922000000000025 218
620.0 214.46299999999997 12 1710.0 -1095.0 90 -53 70.039 61.75100000000001 219
-200.0 143.22200000000004 12 900.0 -1100.0 91 -40 43.160999999999994 32.06099999999999 220
1440.0 279.96099999999996 18 1980.0 -540.0 90 -73 73.40199999999997 82.581 54
-465.0 102.16699999999997 13 900.0 -1365.0 90 -33 23.103 20.5 273
0.0 4.071999999999999 0 0.0 -3585.0 89 -1 0.0 0.0 717
450.0 221.298 13 1830.0 -1385.0 92 -53 76.679 72.19099999999999 277
1550.0 289.981 23 2100.0 -550.0 91 -74 97.14499999999997 77.84599999999998 55
-40.0 160.044 13 1050.0 -1090.0 90 -41 58.92799999999998 35.90500000000001 218
1860.0 290.7070000000001 20 2130.0 -270.0 90 -78 83.01799999999999 74.51400000000001 18
140.0 207.00599999999994 16 1230.0 -1090.0 90 -51 67.559 45.95799999999999 218
140.0 211.23399999999992 14 1230.0 -1090.0 90 -51 73.129 50.492 218
0.0 5.3839999999999995 0 0.0 -3580.0 89 -1 0.0 0.0 716
0.0 3.6759999999999997 0 0.0 -3585.0 89 -1 0.0 0.0 717
985.0 278.59100000000007 15 2100.0 -1115.0 92 -59 98.59100000000001 85.02499999999996 223
-375.0 147.78300000000002 11 990.0 -1365.0 90 -41 37.10399999999999 32.05699999999999 273
0.0 3.382000000000001 0 0.0 -3585.0 89 -1 0.0 0.0 717
70.0 175.47899999999996 14 1170.0 -1100.0 91 -41 64.437 47.745 220
100.0 163.20099999999994 11 1260.0 -1100.0 91 -43 46.24999999999999 39.14199999999999 220
870.0 217.707 21 1140.0 -270.0 90 -53 73.07 48.812 18
-255.0 171.05399999999997 13 1110.0 -1365.0 90 -41 60.45999999999999 49.76499999999999 273
0.0 18.981999999999992 0 0.0 -3555.0 88 -4 0.0 0.0 711
960.0 177.40499999999994 14 1230.0 -270.0 90 -42 66.16499999999999 38.199999999999996 18
-180.0 148.67399999999998 12 1200.0 -1380.0 92 -47 47.358999999999995 28.930000000000003 276
1680.0 252.82499999999987 19 1950.0 -270.0 90 -66 87.87699999999998 71.12899999999998 18
0.0 5.333999999999999 0 0.0 -3585.0 89 -1 0.0 0.0 717
85.0 188.10799999999992 11 1200.0 -1125.0 92 -49 51.203999999999986 49.531 225
230.0 194.59599999999995 12 1320.0 -1090.0 90 -51 59.16299999999998 45.80800000000001 218
0.0 11.682 0 0.0 -3565.0 89 -2 0.0 0.0 713
0.0 18.527999999999995 0 0.0 -3555.0 88 -4 0.0 0.0 711
1170.0 194.84499999999997 12 1440.0 -270.0 90 -48 66.57100000000001 52.77399999999997 18
70.0 144.62099999999998 11 1170.0 -1100.0 91 -38 46.786 36.388 220
0.0 13.47199999999999 0 0.0 -3560.0 89 -3 0.0 0.0 712
630.0 202.63899999999992 16 900.0 -270.0 90 -51 73.09599999999999 35.089 18
0.0 24.163999999999998 0 0.0 -3545.0 88 -5 0.0 0.0 709
1260.0 227.2689999999999 18 1800.0 -560.0 91 -59 79.06 53.260999999999974 58
170.0 201.43600000000004 10 1260.0 -1090.0 90 -46 78.60200000000005 47.36999999999999 218
0.0 8.322000000000001 0 0.0 -3580.0 89 -2 0.0 0.0 716
1100.0 231.06599999999997 16 1650.0 -550.0 91 -57 76.032 60.599999999999994 55
0.0 1.23 0 0.0 -3595.0 89 -1 0.0 0.0 719
640.0 201.0829999999999 12 1740.0 -1100.0 91 -54 49.72799999999998 54.56099999999997 220
460.0 244.70699999999997 14 1560.0 -1100.0 91 -56 65.311 75.22399999999999 220
0.0 3.1460000000000004 0 0.0 -3590.0 89 -1 0.0 0.0 718
960.0 207.17799999999997 18 1500.0 -540.0 90 -52 62.82499999999999 56.402 54
0.0 8.159999999999998 0 0.0 -3575.0 89 -2 0.0 0.0 715
0.0 2.62 0 0.0 -3590.0 89 -1 0.0 0.0 718
0.0 14.93599999999999 0 0.0 -3555.0 88 -3 0.0 0.0 711
0.0 10.926 0 0.0 -3565.0 89 -2 0.0 0.0 713
-160.0 148.28099999999998 10 930.0 -1090.0 90 -36 43.97299999999999 37.65599999999999 218
810.0 161.14399999999998 16 1080.0 -270.0 90 -47 50.66399999999999 25.937 18
0.0 10.721999999999998 0 0.0 -3570.0 89 -2 0.0 0.0 714
1490.0 253.97800000000007 15 2040.0 -550.0 91 -59 81.087 82.99999999999997 55
350.0 205.47099999999995 15 1440.0 -1090.0 90 -52 70.07499999999999 49.87700000000001 218
1130.0 239.16000000000008 16 1680.0 -550.0 91 -67 56.441999999999986 39.44499999999999 55
860.0 247.11200000000002 13 1950.0 -1090.0 90 -58 91.16399999999999 77.69199999999998 218
1380.0 217.52700000000002 17 1920.0 -540.0 90 -53 78.20899999999999 68.373 54
-410.0 142.41899999999995 10 690.0 -1100.0 91 -37 35.586 19.025999999999996 220
0.0 11.107999999999993 0 0.0 -3575.0 89 -2 0.0 0.0 715
1950.0 295.3329999999999 20 2220.0 -270.0 90 -74 103.16999999999999 76.59899999999998 18
250.0 192.32 16 1350.0 -1100.0 91 -48 64.91999999999999 51.199999999999974 220
0.0 11.644000000000004 0 0.0 -3565.0 89 -2 0.0 0.0 713
0.0 9.385999999999997 0 0.0 -3575.0 89 -2 0.0 0.0 715
1060.0 187.22200000000007 13 1740.0 -690.0 91 -50 65.16800000000002 54.814 138
0.0 3.8399999999999994 0 0.0 -3585.0 89 -1 0.0 0.0 717
1620.0 275.89 22 1950.0 -270.0 90 -65 98.40499999999999 67.717 18
0.0 7.6000000000000005 0 0.0 -3575.0 89 -2 0.0 0.0 715
0.0 15.453999999999983 0 0.0 -3555.0 88 -3 0.0 0.0 711
0.0 11.551999999999996 0 0.0 -3565.0 89 -2 0.0 0.0 713
0.0 8.089999999999998 0 0.0 -3580.0 89 -2 0.0 0.0 716
1190.0 243.49500000000006 16 1740.0 -550.0 91 -57 80.49100000000003 63.267999999999994 55
430.0 148.647 16 1110.0 -680.0 90 -39 47.171 37.016 136
680.0 235.74699999999996 20 1770.0 -1105.0 91 -62 68.386 52.02099999999999 221
60.0 183.96500000000003 11 1440.0 -1380.0 92 -46 57.664999999999985 58.88400000000003 276
1170.0 233.39599999999993 19 1440.0 -270.0 90 -53 72.077 66.05900000000001 18
830.0 226.14500000000004 13 1920.0 -1090.0 90 -54 76.928 73.638 218
310.0 211.81000000000006 13 1410.0 -1100.0 91 -52 62.07599999999998 61.66600000000001 220
0.0 9.629999999999997 0 0.0 -3570.0 89 -2 0.0 0.0 714
-230.0 172.22799999999992 12 870.0 -1125.0 92 -46 45.083999999999996 34.773999999999994 225
490.0 223.983 11 1590.0 -1100.0 91 -58 53.77999999999999 66.43100000000001 220
160.0 196.489 15 1260.0 -1100.0 91 -50 63.54299999999998 44.33999999999998 220
70.0 141.67599999999996 11 1170.0 -1100.0 91 -41 37.62199999999999 34.339 220
0.0 5.7799999999999985 0 0.0 -3580.0 89 -1 0.0 0.0 716
0.0 13.469999999999995 0 0.0 -3555.0 88 -3 0.0 0.0 711
-170.0 124.18899999999996 10 930.0 -1100.0 91 -34 32.05899999999999 30.133999999999993 220
1400.0 228.26800000000006 13 1950.0 -550.0 91 -55 78.73200000000003 67.743 55
1350.0 227.41 15 1890.0 -540.0 90 -55 77.16300000000001 71.58599999999998 54
0.0 9.625999999999998 0 0.0 -3575.0 89 -2 0.0 0.0 715
-160.0 145.87599999999995 13 930.0 -1090.0 90 -42 43.95099999999999 29.855000000000004 218
600.0 206.85 18 1140.0 -540.0 90 -54 57.57899999999998 47.038 54
560.0 203.77499999999995 16 1110.0 -550.0 91 -47 67.634 44.591 55
-920.0 186.38099999999997 11 900.0 -1820.0 90 -46 65.588 32.97 364
610.0 266.235 15 1710.0 -1100.0 91 -64 80.81499999999997 70.17199999999998 220
70.0 159.43699999999998 13 1170.0 -1100.0 91 -46 33.18300000000001 31.668999999999993 220
0.0 3.3660000000000005 0 0.0 -3585.0 89 -1 0.0 0.0 717
910.0 251.81600000000003 13 1590.0 -680.0 90 -56 84.65700000000002 68.68299999999999 136
2480.0 323.75000000000006 16 3030.0 -550.0 91 -71 113.55500000000004 105.256 55
45.0 174.70899999999995 11 1410.0 -1380.0 92 -39 64.57300000000002 57.54199999999999 276
-350.0 151.87499999999997 10 750.0 -1105.0 91 -37 38.18799999999999 39.19899999999999 221
0.0 3.8579999999999997 0 0.0 -3585.0 89 -1 0.0 0.0 717
2030.0 353.7939999999999 16 2580.0 -550.0 91 -82 111.21399999999998 103.47900000000004 55
70.0 149.92099999999996 8 1170.0 -1100.0 91 -29 62.086 46.404999999999994 220
-40.0 145.49099999999996 13 1050.0 -1090.0 90 -39 53.353999999999985 30.258 218
0.0 2.84 0 0.0 -3590.0 89 -1 0.0 0.0 718
0.0 9.4 0 0.0 -3570.0 89 -2 0.0 0.0 714
0.0 10.411999999999999 0 0.0 -3575.0 89 -2 0.0 0.0 715
0.0 9.194 0 0.0 -3575.0 89 -2 0.0 0.0 715
140.0 211.28099999999986 15 1230.0 -1090.0 90 -47 73.38699999999999 49.746999999999986 218
260.0 172.51399999999995 13 1350.0 -1090.0 90 -41 59.219999999999985 49.388999999999996 218
110.0 212.04800000000003 15 1200.0 -1090.0 90 -51 78.96399999999998 47.010999999999996 218
0.0 4.858 0 0.0 -3585.0 89 -1 0.0 0.0 717
1260.0 269.3839999999999 19 1800.0 -540.0 90 -64 75.80599999999998 78.975 54
0.0 8.25 0 0.0 -3575.0 89 -2 0.0 0.0 715
200.0 185.85899999999998 15 1290.0 -1090.0 90 -45 60.48800000000001 48.914999999999985 218
0.0 21.263999999999996 0 0.0 -3550.0 88 -4 0.0 0.0 710
2010.0 315.888 17 2550.0 -540.0 90 -67 123.31600000000009 96.43399999999998 54
1350.0 222.16599999999994 17 1620.0 -270.0 90 -55 80.17299999999999 54.562 18
1350.0 288.094 20 1890.0 -540.0 90 -73 96.23500000000001 60.197999999999986 54
640.0 214.85699999999997 15 1320.0 -680.0 90 -56 55.41399999999999 46.418 136
350.0 154.64999999999995 12 990.0 -640.0 90 -41 54.895999999999994 40.64599999999999 128
0.0 8.399999999999999 0 0.0 -3570.0 89 -2 0.0 0.0 714
250.0 184.50600000000003 13 1350.0 -1100.0 91 -39 77.64699999999999 47.08399999999999 220
1500.0 245.24499999999998 18 1770.0 -270.0 90 -65 59.64699999999999 55.278999999999975 18
260.0 207.804 17 1350.0 -1090.0 90 -60 66.32700000000001 31.889999999999997 218
-1100.0 179.533 12 1020.0 -1820.0 90 -40 58.19499999999998 40.932999999999986 364
2190.0 273.41099999999994 20 2460.0 -270.0 90 -75 71.20399999999998 93.36599999999997 18
0.0 4.386 0 0.0 -3585.0 89 -1 0.0 0.0 717
2180.0 298.4989999999999 19 2730.0 -550.0 91 -80 82.83199999999998 95.05899999999997 55
0.0 7.0120000000000005 0 0.0 -3575.0 89 -2 0.0 0.0 715
0.0 11.083999999999993 0 0.0 -3570.0 89 -2 0.0 0.0 714
0.0 12.817999999999994 0 0.0 -3560.0 89 -3 0.0 0.0 712
-140.0 140.17799999999997 10 960.0 -1100.0 91 -39 40.846 26.310999999999996 220
1860.0 232.48600000000002 18 2130.0 -270.0 90 -69 63.299 42.823 18
225.0 213.02599999999995 14 1590.0 -1365.0 90 -55 70.66800000000002 62.94799999999996 273
180.0 214.85599999999994 8 1560.0 -1380.0 92 -44 91.00700000000002 58.38899999999997 276
560.0 202.5469999999999 14 1200.0 -640.0 90 -50 74.108 45.714999999999996 128
160.0 195.574 14 1260.0 -1100.0 91 -46 59.882999999999996 44.24000000000001 220
0.0 1.0120000000000002 0 0.0 -3595.0 89 -1 0.0 0.0 719
415.0 184.099 15 1530.0 -1115.0 92 -47 55.96800000000002 43.033999999999985 223
2730.0 369.18499999999995 18 3000.0 -270.0 90 -86 115.71800000000003 117.23199999999997 18
0.0 8.511999999999999 0 0.0 -3575.0 89 -2 0.0 0.0 715
0.0 7.185999999999999 0 0.0 -3575.0 89 -2 0.0 0.0 715
-170.0 164.97199999999998 13 930.0 -1105.0 91 -37 60.123999999999995 42.953 221
-110.0 183.82799999999997 11 990.0 -1100.0 91 -43 60.18899999999999 45.233 220
-200.0 137.08499999999998 13 900.0 -1100.0 91 -34 37.248 25.192999999999994 220
45.0 185.719 12 1410.0 -1365.0 90 -43 69.83900000000001 56.64999999999999 273
145.0 206.54400000000007 12 1260.0 -1115.0 92 -52 44.71999999999999 54.42600000000001 223
0.0 8.251999999999999 0 0.0 -3575.0 89 -2 0.0 0.0 715
0.0 7.645999999999999 0 0.0 -3580.0 89 -2 0.0 0.0 716
-315.0 116.69599999999996 6 1050.0 -1365.0 90 -30 38.889000000000024 30.169000000000004 273
1620.0 263.54099999999994 19 1890.0 -270.0 90 -71 76.08500000000002 67.69500000000001 18
0.0 5.758 0 0.0 -3580.0 89 -1 0.0 0.0 716
0.0 4.558000000000001 0 0.0 -3585.0 89 -1 0.0 0.0 717
350.0 227.42899999999997 9 1440.0 -1090.0 90 -44 91.49000000000001 65.66099999999997 218
0.0 3.84 0 0.0 -3585.0 89 -1 0.0 0.0 717
-315.0 186.01299999999995 12 1050.0 -1365.0 90 -42 66.68299999999998 41.29199999999998 273
0.0 7.6739999999999995 0 0.0 -3575.0 89 -2 0.0 0.0 715
-290.0 120.64299999999996 9 810.0 -1100.0 91 -34 31.746999999999993 29.537999999999993 220
0.0 12.199999999999996 0 0.0 -3560.0 89 -3 0.0 0.0 712
340.0 192.27199999999993 15 1440.0 -1100.0 91 -48 63.61399999999998 50.015999999999984 220
1830.0 238.884 14 2100.0 -270.0 90 -62 66.82900000000001 71.63999999999999 18
-290.0 109.71100000000004 9 810.0 -1100.0 91 -32 34.599999999999994 27.27399999999999 220
0.0 0.68 0 0.0 -3595.0 89 -1 0.0 0.0 719
950.0 295.0789999999999 17 2040.0 -1090.0 90 -65 101.55700000000002 67.786 218
1010.0 220.50899999999996 12 1560.0 -550.0 91 -57 75.01199999999999 46.830000000000005 55
-130.0 155.896 12 960.0 -1090.0 90 -40 44.12599999999998 37.90999999999998 218
0.0 6.833999999999999 0 0.0 -3580.0 89 -2 0.0 0.0 716
0.0 11.609999999999996 0 0.0 -3565.0 89 -2 0.0 0.0 713
1760.0 245.80200000000008 15 2310.0 -550.0 91 -59 71.91900000000005 88.585 55
1430.0 273.916 15 1980.0 -550.0 91 -64 98.14 73.37400000000001 55
1180.0 249.48899999999998 16 1860.0 -680.0 90 -63 80.71699999999998 58.458 136
-250.0 141.7139999999999 12 840.0 -1090.0 90 -40 40.179999999999986 27.542 218
780.0 203.61999999999995 14 1110.0 -270.0 90 -48 70.76599999999998 45.038 18
-105.0 165.729 9 1260.0 -1365.0 90 -40 62.44300000000005 38.059 273
230.0 243.71799999999988 15 1320.0 -1090.0 90 -59 83.10699999999997 44.22899999999999 218
1530.0 320.5899999999999 23 1800.0 -270.0 90 -73 114.57599999999998 74.504 18
790.0 214.39800000000005 11 1890.0 -1100.0 91 -55 68.56200000000004 53.52299999999998 220
20.0 154.167 13 1110.0 -1090.0 90 -40 51.661999999999985 34.045 218
0.0 14.685999999999996 0 0.0 -3560.0 89 -3 0.0 0.0 712
2310.0 325.3300000000001 20 2580.0 -270.0 90 -81 94.90600000000003 101.80499999999996 18
-140.0 182.17899999999997 14 960.0 -1100.0 91 -47 58.74899999999999 37.785 220
-70.0 178.18599999999995 12 1020.0 -1090.0 90 -43 57.56299999999999 42.77699999999997 218
50.0 155.16899999999995 14 1140.0 -1090.0 90 -44 46.32199999999998 35.403999999999996 218
680.0 216.81200000000004 14 1770.0 -1090.0 90 -48 85.62100000000004 59.65599999999998 218
970.0 238.26099999999997 16 1530.0 -560.0 93 -61 57.53899999999999 54.910000000000025 56
1500.0 274.53200000000004 20 2040.0 -540.0 90 -67 104.09099999999995 68.99399999999999 54
0.0 12.063999999999997 0 0.0 -3565.0 89 -3 0.0 0.0 713
0.0 21.559999999999995 0 0.0 -3550.0 88 -4 0.0 0.0 710
0.0 10.135999999999997 0 0.0 -3575.0 89 -2 0.0 0.0 715
15.0 183.89499999999995 13 1380.0 -1365.0 90 -46 63.722000000000016 50.05199999999999 273
0.0 7.286 0 0.0 -3575.0 89 -2 0.0 0.0 715
0.0 6.675999999999998 0 0.0 -3585.0 89 -2 0.0 0.0 717
1130.0 237.72599999999994 17 1680.0 -550.0 91 -62 72.93499999999997 51.24699999999999 55
-10.0 170.917 11 1080.0 -1105.0 90 -37 65.16799999999999 49.38899999999999 221
-70.0 149.76599999999996 9 1020.0 -1090.0 90 -33 57.322000000000024 37.12599999999997 218
50.0 156.651 10 1140.0 -1090.0 90 -42 44.62300000000001 38.947999999999986 218
0.0 2.926 0 0.0 -3590.0 89 -1 0.0 0.0 718
0.0 4.646 0 0.0 -3585.0 89 -1 0.0 0.0 717
740.0 231.986 13 1830.0 -1090.0 90 -58 61.79400000000001 67.71799999999998 218
50.0 184.448 12 1140.0 -1090.0 90 -49 53.50199999999998 38.69400000000001 218
0.0 7.502 0 0.0 -3580.0 89 -2 0.0 0.0 716
140.0 187.94199999999995 12 1230.0 -1090.0 90 -49 50.891 32.638999999999996 218
0.0 5.258000000000001 0 0.0 -3580.0 89 -1 0.0 0.0 716
110.0 173.33700000000002 12 1200.0 -1090.0 90 -39 50.37699999999999 52.612 218
0.0 5.719999999999997 0 0.0 -3580.0 89 -1 0.0 0.0 716
610.0 227.78699999999998 18 1710.0 -1100.0 91 -51 84.53700000000002 70.31899999999999 220
75.0 157.392 12 1440.0 -1365.0 90 -45 44.377 44.09299999999998 273
0.0 11.173999999999998 0 0.0 -3570.0 89 -2 0.0 0.0 714
800.0 263.7239999999999 22 1350.0 -550.0 91 -71 81.35299999999997 49.464000000000006 55
200.0 188.72699999999998 15 1290.0 -1090.0 90 -45 68.33399999999999 39.25300000000001 218
-795.0 95.99099999999999 10 570.0 -1365.0 90 -26 30.906 20.8 273
0.0 12.701999999999995 0 0.0 -3560.0 89 -3 0.0 0.0 712
-40.0 194.23699999999997 10 1050.0 -1105.0 91 -48 63.257000000000005 45.34900000000001 221
260.0 219.687 21 1350.0 -1090.0 90 -53 76.75399999999999 50.849 218
620.0 202.99199999999996 18 1170.0 -550.0 91 -54 57.722999999999985 34.377 55
380.0 189.92799999999997 12 1470.0 -1105.0 90 -51 58.734999999999985 46.39600000000001 221
0.0 9.125999999999998 0 0.0 -3580.0 89 -2 0.0 0.0 716
-860.0 144.47499999999997 10 960.0 -1820.0 90 -38 45.138999999999996 36.455 364
0.0 1.984 0 0.0 -3590.0 89 -1 0.0 0.0 718
0.0 3.478 0 0.0 -3585.0 89 -1 0.0 0.0 717
-950.0 126.36499999999997 11 870.0 -1820.0 90 -40 37.340999999999994 25.387 364
900.0 237.7089999999999 19 1440.0 -540.0 90 -62 78.72899999999997 48.913 54
0.0 5.857999999999998 0 0.0 -3585.0 89 -1 0.0 0.0 717
0.0 3.2159999999999993 0 0.0 -3590.0 89 -1 0.0 0.0 718
0.0 2.076 0 0.0 -3590.0 89 -1 0.0 0.0 718
110.0 179.63200000000003 16 1200.0 -1090.0 90 -43 66.43399999999998 42.28499999999999 218
1590.0 308.918 21 2130.0 -560.0 90 -75 103.99900000000001 78.56699999999996 58
0.0 9.397999999999996 0 0.0 -3575.0 89 -2 0.0 0.0 715
0.0 13.809999999999985 0 0.0 -3560.0 89 -3 0.0 0.0 712
1380.0 220.75499999999994 18 1650.0 -270.0 90 -60 54.22399999999999 51.621 18
0.0 8.835999999999999 0 0.0 -3575.0 89 -2 0.0 0.0 715
200.0 176.23799999999997 12 1290.0 -1090.0 90 -42 51.52099999999999 53.94799999999999 218
290.0 203.14800000000002 15 1380.0 -1090.0 90 -58 51.37899999999999 31.187999999999995 218
-585.0 107.18699999999998 10 780.0 -1365.0 90 -32 29.882 22.350999999999996 273
0.0 6.431999999999999 0 0.0 -3580.0 89 -2 0.0 0.0 716
0.0 7.659999999999998 0 0.0 -3575.0 89 -2 0.0 0.0 715
0.0 2.838 0 0.0 -3590.0 89 -1 0.0 0.0 718
-220.0 192.09599999999998 13 870.0 -1090.0 90 -43 75.73699999999998 34.87499999999999 218
500.0 261.70099999999996 12 1590.0 -1090.0 90 -64 71.59999999999997 51.85900000000003 218
-380.0 133.813 10 720.0 -1100.0 91 -34 45.18999999999998 20.595 220
1380.0 286.15399999999994 19 1650.0 -270.0 90 -70 103.36399999999999 59.50099999999999 18
310.0 186.72899999999993 11 1410.0 -1100.0 91 -48 54.59299999999999 51.31099999999999 220
20.0 180.45999999999998 15 1110.0 -1090.0 90 -45 67.679 41.074 218
0.0 9.497999999999996 0 0.0 -3575.0 89 -2 0.0 0.0 715
0.0 25.107999999999993 0 0.0 -3545.0 88 -5 0.0 0.0 709
0.0 4.225999999999999 0 0.0 -3585.0 89 -1 0.0 0.0 717
1470.0 330.66699999999986 23 1740.0 -270.0 90 -71 125.89599999999997 75.602 18
440.0 222.5519999999999 11 1530.0 -1090.0 90 -49 81.01200000000003 77.86999999999998 218
0.0 7.890000000000001 0 0.0 -3575.0 89 -2 0.0 0.0 715
445.0 211.15599999999998 14 1560.0 -1115.0 92 -47 78.46199999999999 63.78799999999998 223
-285.0 165.79599999999996 12 1080.0 -1365.0 90 -39 62.30999999999999 40.440999999999995 273
0.0 6.131999999999996 0 0.0 -3580.0 89 -2 0.0 0.0 716
0.0 0.33 0 0.0 -3595.0 89 -1 0.0 0.0 719
-10.0 165.10299999999992 13 1080.0 -1090.0 90 -40 56.35099999999998 38.631 218
0.0 3.1460000000000004 0 0.0 -3590.0 89 -1 0.0 0.0 718
-375.0 156.686 12 990.0 -1365.0 90 -39 51.07599999999999 38.486999999999995 273
1650.0 260.87199999999996 19 1920.0 -280.0 90 -61 95.46099999999998 71.08199999999998 20
740.0 250.23699999999994 13 1830.0 -1090.0 90 -59 84.38600000000002 75.27999999999996 218
0.0 4.146000000000002 0 0.0 -3585.0 89 -1 0.0 0.0 717
-630.0 108.47599999999998 8 750.0 -1380.0 92 -25 39.45799999999999 25.462999999999994 276
0.0 12.727999999999994 0 0.0 -3560.0 89 -3 0.0 0.0 712
1430.0 289.364 21 1980.0 -550.0 91 -75 83.469 75.26299999999998 55
1350.0 260.258 16 1620.0 -270.0 90 -63 93.49499999999999 66.607 18
1380.0 213.83199999999997 14 1650.0 -270.0 90 -58 55.71599999999999 61.551 18
0.0 3.1799999999999997 0 0.0 -3590.0 89 -1 0.0 0.0 718
80.0 140.18599999999998 13 1170.0 -1090.0 90 -40 46.28799999999998 30.674 218
0.0 3.2920000000000003 0 0.0 -3590.0 89 -1 0.0 0.0 718
0.0 20.32199999999999 0 0.0 -3550.0 88 -4 0.0 0.0 710
110.0 174.003 12 1200.0 -1105.0 90 -44 57.497 46.92299999999999 221
1500.0 253.29399999999995 14 1770.0 -270.0 90 -65 73.78999999999998 56.06600000000002 18
0.0 5.084 0 0.0 -3585.0 89 -1 0.0 0.0 717
-350.0 160.414 10 750.0 -1100.0 91 -34 61.588000000000015 29.708 220
400.0 203.22199999999995 14 1500.0 -1100.0 91 -48 73.73700000000002 58.34999999999997 220
350.0 171.8149999999999 15 1440.0 -1090.0 90 -44 67.20699999999998 36.096 218
990.0 278.2039999999999 19 1530.0 -540.0 90 -66 92.67699999999996 59.692000000000014 54
640.0 206.17000000000013 11 1740.0 -1100.0 91 -54 48.52200000000001 66.38000000000001 220
-1010.0 132.52199999999993 8 810.0 -1820.0 90 -33 44.05999999999999 24.618999999999996 364
620.0 186.92200000000005 9 1710.0 -1090.0 90 -47 57.30900000000001 60.60000000000003 218
0.0 5.257999999999998 0 0.0 -3580.0 89 -1 0.0 0.0 716
1800.0 297.5199999999999 21 2070.0 -275.0 90 -82 88.29400000000001 66.16299999999998 19
0.0 6.706000000000002 0 0.0 -3580.0 89 -2 0.0 0.0 716
-200.0 140.737 10 900.0 -1100.0 91 -36 44.64899999999999 27.051999999999996 220
650.0 199.78999999999996 18 1200.0 -550.0 91 -51 64.71999999999998 40.94500000000001 55
0.0 5.669999999999999 0 0.0 -3585.0 89 -1 0.0 0.0 717
0.0 3.6900000000000004 0 0.0 -3585.0 89 -1 0.0 0.0 717
0.0 6.936 0 0.0 -3575.0 89 -2 0.0 0.0 715
0.0 11.068000000000001 0 0.0 -3565.0 89 -2 0.0 0.0 713
0.0 11.491999999999994 0 0.0 -3565.0 89 -2 0.0 0.0 713
550.0 188.708 10 1650.0 -1100.0 91 -46 57.66900000000001 63.94499999999999 220
-375.0 213.11599999999993 15 990.0 -1365.0 90 -49 73.59899999999999 52.97899999999999 273
780.0 194.95600000000002 14 1320.0 -540.0 90 -45 58.99399999999999 40.297 54
0.0 6.564000000000002 0 0.0 -3580.0 89 -2 0.0 0.0 716
0.0 8.846 0 0.0 -3575.0 89 -2 0.0 0.0 715
280.0 221.043 14 1380.0 -1100.0 91 -52 76.19400000000002 55.13999999999998 220
940.0 178.17700000000005 12 1620.0 -680.0 90 -45 57.855999999999995 54.301 136
0.0 7.3 0 0.0 -3575.0 89 -2 0.0 0.0 715
-190.0 146.77799999999996 12 900.0 -1090.0 90 -39 52.127999999999986 31.104 218
440.0 182.86799999999994 9 1530.0 -1100.0 90 -46 55.027 25.86799999999999 220
470.0 172.9 12 1560.0 -1090.0 90 -49 45.45999999999998 47.043 218
1100.0 248.26599999999996 17 1740.0 -640.0 90 -63 82.58000000000001 57.440999999999995 128
-40.0 152.97799999999998 11 1050.0 -1095.0 90 -38 43.10399999999999 31.19599999999999 219
0.0 5.817999999999999 0 0.0 -3580.0 89 -1 0.0 0.0 716
200.0 180.07899999999998 11 1290.0 -1090.0 90 -36 75.23500000000001 51.333999999999975 218
0.0 3.374 0 0.0 -3585.0 89 -1 0.0 0.0 717
-510.0 133.27899999999997 10 870.0 -1380.0 92 -38 35.635 32.54099999999999 276
0.0 6.168000000000002 0 0.0 -3580.0 89 -2 0.0 0.0 716
0.0 11.217999999999993 0 0.0 -3570.0 89 -2 0.0 0.0 714
1720.0 370.79800000000006 15 2820.0 -1100.0 91 -86 110.941 110.77499999999999 220
-40.0 155.99599999999995 16 1050.0 -1090.0 90 -39 57.12699999999998 45.41399999999999 218
-770.0 159.263 10 1050.0 -1820.0 90 -44 42.69099999999999 35.858000000000025 364
290.0 154.01799999999994 10 1380.0 -1115.0 90 -36 55.390000000000015 45.245000000000005 223
1470.0 257.902 19 1740.0 -345.0 115 -57 89.38399999999999 80.78499999999998 23
0.0 4.258 0 0.0 -3585.0 89 -1 0.0 0.0 717
1050.0 278.41 21 1590.0 -540.0 90 -61 102.064 65.63799999999998 54
-35.0 169.80399999999997 14 1080.0 -1115.0 92 -41 50.091999999999985 36.651999999999994 223
1230.0 257.767 15 1770.0 -540.0 90 -66 85.87499999999997 57.727999999999994 54
0.0 5.765999999999997 0 0.0 -3580.0 89 -1 0.0 0.0 716
-345.0 158.15599999999998 12 1020.0 -1365.0 90 -38 59.18999999999999 38.090999999999994 273
0.0 7.895999999999998 0 0.0 -3575.0 89 -2 0.0 0.0 715
0.0 5.801999999999998 0 0.0 -3580.0 89 -1 0.0 0.0 716
0.0 3.003999999999999 0 0.0 -3590.0 89 -1 0.0 0.0 718
165.0 205.33900000000003 10 1650.0 -1485.0 130 -50 62.502000000000024 60.692000000000014 281
0.0 3.5360000000000014 0 0.0 -3585.0 89 -1 0.0 0.0 717
0.0 5.148000000000001 0 0.0 -3585.0 89 -1 0.0 0.0 717
1350.0 265.895 20 1620.0 -270.0 90 -60 100.60599999999997 61.132 18
0.0 8.362 0 0.0 -3570.0 89 -2 0.0 0.0 714
0.0 2.9599999999999995 0 0.0 -3590.0 89 -1 0.0 0.0 718
20.0 178.01099999999994 14 1110.0 -1090.0 90 -49 47.92299999999998 42.25099999999999 218
0.0 5.759999999999998 0 0.0 -3580.0 89 -1 0.0 0.0 716
1740.0 253.97699999999998 14 2280.0 -540.0 90 -57 77.36800000000001 89.89899999999999 54
0.0 3.5439999999999996 0 0.0 -3590.0 89 -1 0.0 0.0 718
0.0 2.741999999999999 0 0.0 -3590.0 89 -1 0.0 0.0 718
0.0 3.354 0 0.0 -3585.0 89 -1 0.0 0.0 717
0.0 0.668 0 0.0 -3595.0 89 -1 0.0 0.0 719
1670.0 304.786 15 2220.0 -550.0 91 -78 72.23100000000001 83.463 55
0.0 9.569999999999995 0 0.0 -3575.0 89 -2 0.0 0.0 715
1860.0 228.00100000000003 17 2130.0 -270.0 90 -60 76.11600000000001 58.388999999999974 18
0.0 4.941999999999999 0 0.0 -3585.0 89 -1 0.0 0.0 717
1040.0 291.98599999999993 16 2130.0 -1090.0 90 -64 107.22199999999998 84.77099999999999 218
1080.0 284.24099999999993 23 1620.0 -540.0 90 -71 99.60299999999997 60.188999999999986 54
0.0 3.003999999999999 0 0.0 -3590.0 89 -1 0.0 0.0 718
2160.0 305.71599999999995 19 2460.0 -270.0 90 -76 109.98600000000002 86.86799999999998 18
550.0 199.82199999999992 15 1230.0 -680.0 90 -48 69.821 50.222 136
0.0 10.357999999999999 0 0.0 -3565.0 89 -2 0.0 0.0 713
0.0 5.473999999999998 0 0.0 -3585.0 89 -1 0.0 0.0 717
-435.0 147.21300000000002 11 930.0 -1370.0 90 -35 53.30799999999999 35.083999999999996 274
800.0 270.8759999999999 16 1890.0 -1090.0 90 -62 98.39100000000003 71.575 218
-130.0 174.24900000000002 10 960.0 -1090.0 90 -46 46.521000000000015 27.106 218
0.0 10.749999999999998 0 0.0 -3570.0 89 -2 0.0 0.0 714
1100.0 246.61699999999996 17 1650.0 -550.0 91 -69 62.898999999999994 48.27199999999999 55
0.0 3.168 0 0.0 -3590.0 89 -1 0.0 0.0 718
-165.0 165.495 10 1200.0 -1365.0 90 -35 63.80200000000002 48.11499999999998 273
-195.0 175.30099999999996 15 1170.0 -1365.0 90 -46 59.44899999999999 43.541 273
1350.0 261.481 14 1890.0 -540.0 90 -68 76.043 71.20800000000001 54
0.0 3.7700000000000005 0 0.0 -3585.0 89 -1 0.0 0.0 717
0.0 7.217999999999999 0 0.0 -3580.0 89 -2 0.0 0.0 716
-495.0 89.83999999999996 8 870.0 -1365.0 90 -28 20.461 21.711999999999996 273
630.0 140.44 14 1170.0 -540.0 90 -38 41.352000000000004 32.619 54
0.0 4.310000000000001 0 0.0 -3585.0 89 -1 0.0 0.0 717
-105.0 158.22299999999996 9 1260.0 -1365.0 90 -35 63.429000000000016 48.23699999999998 273
1050.0 218.25499999999994 15 1320.0 -270.0 90 -55 56.95699999999998 61.238999999999976 18
110.0 166.69299999999998 15 1200.0 -1090.0 90 -49 45.089999999999996 40.68900000000001 218
250.0 170.36700000000002 15 1350.0 -1100.0 91 -43 49.60699999999999 44.21299999999999 220
0.0 2.8480000000000003 0 0.0 -3595.0 89 -1 0.0 0.0 719
500.0 179.82600000000002 9 1590.0 -1090.0 90 -43 55.00300000000002 61.74500000000002 218
-270.0 152.60600000000002 9 1110.0 -1380.0 92 -38 48.18100000000002 39.69799999999997 276
0.0 6.519999999999998 0 0.0 -3580.0 89 -2 0.0 0.0 716
0.0 12.283999999999995 0 0.0 -3570.0 89 -3 0.0 0.0 714
1680.0 252.19700000000006 17 1950.0 -270.0 90 -68 71.68700000000003 73.037 18
0.0 9.568000000000001 0 0.0 -3570.0 89 -2 0.0 0.0 714
0.0 7.2059999999999995 0 0.0 -3580.0 89 -2 0.0 0.0 716
1440.0 253.10399999999987 15 1710.0 -270.0 90 -63 80.13799999999999 60.33299999999998 18
1050.0 198.69300000000004 18 1320.0 -270.0 90 -55 58.96599999999998 41.400000000000006 18
620.0 236.03799999999995 11 1710.0 -1090.0 90 -59 69.85699999999999 65.792 218
410.0 219.5309999999999 15 1500.0 -1090.0 90 -56 71.40900000000002 56.49799999999999 218
1160.0 238.56900000000005 11 2250.0 -1105.0 92 -61 71.85599999999998 75.659 221
0.0 7.132000000000001 0 0.0 -3585.0 89 -2 0.0 0.0 717
930.0 242.91299999999995 12 1470.0 -540.0 90 -55 84.22100000000002 43.37499999999999 54
1750.0 360.61999999999995 18 2310.0 -560.0 93 -88 100.76100000000004 94.661 56
0.0 4.603999999999999 0 0.0 -3585.0 89 -1 0.0 0.0 717
-520.0 101.233 10 570.0 -1110.0 91 -27 34.515 18.452 222
0.0 4.095999999999999 0 0.0 -3590.0 89 -1 0.0 0.0 718
310.0 185.87699999999998 10 1410.0 -1100.0 91 -46 49.30599999999999 55.59000000000001 220
230.0 177.68699999999995 11 1320.0 -1100.0 90 -42 50.708999999999996 61.089999999999996 220
0.0 9.656 0 0.0 -3570.0 89 -2 0.0 0.0 714
-320.0 211.45599999999996 13 1500.0 -1820.0 90 -50 74.025 60.76299999999999 364
0.0 4.456 0 0.0 -3585.0 89 -1 0.0 0.0 717
-170.0 139.86499999999995 13 930.0 -1100.0 91 -36 45.19299999999999 31.950999999999997 220
1040.0 271.57000000000005 15 2130.0 -1090.0 90 -72 65.40299999999999 86.37100000000004 218
-585.0 123.376 7 810.0 -1395.0 93 -28 25.212 41.941999999999986 279
0.0 4.436000000000001 0 0.0 -3585.0 89 -1 0.0 0.0 717
0.0 3.24 0 0.0 -3590.0 89 -1 0.0 0.0 718
1350.0 207.562 14 1620.0 -300.0 92 -47 70.537 66.816 24
0.0 7.998 0 0.0 -3575.0 89 -2 0.0 0.0 715
230.0 162.63400000000004 9 1320.0 -1090.0 90 -40 51.709000000000024 48.60499999999998 218
0.0 6.182 0 0.0 -3580.0 89 -2 0.0 0.0 716
140.0 155.40699999999998 9 1230.0 -1090.0 90 -38 51.357000000000006 41.681999999999974 218
0.0 3.020000000000001 0 0.0 -3590.0 89 -1 0.0 0.0 718
1320.0 258.4109999999999 17 1590.0 -285.0 91 -64 83.47499999999998 60.65699999999999 21
1680.0 239.11800000000005 15 1950.0 -270.0 90 -57 73.49100000000001 74.464 18
0.0 4.93 0 0.0 -3585.0 89 -1 0.0 0.0 717
40.0 207.352 10 1140.0 -1100.0 91 -51 69.34500000000003 47.513 220
1140.0 213.88 17 1410.0 -270.0 90 -56 57.576 53.233000000000004 18
-40.0 171.146 13 1050.0 -1090.0 90 -45 56.65899999999999 36.982 218
130.0 165.43899999999994 12 1230.0 -1100.0 91 -45 45.748999999999995 41.456999999999994 220
0.0 14.559999999999985 0 0.0 -3555.0 88 -3 0.0 0.0 711
-395.0 148.65799999999996 10 720.0 -1115.0 92 -36 37.68299999999999 28.734999999999992 223
0.0 5.896000000000002 0 0.0 -3580.0 89 -1 0.0 0.0 716
-830.0 127.01599999999999 7 990.0 -1835.0 91 -31 41.54900000000002 29.10999999999998 367
2300.0 370.827 16 2850.0 -550.0 91 -81 118.24800000000002 113.58800000000001 55
0.0 5.841999999999997 0 0.0 -3580.0 89 -1 0.0 0.0 716
0.0 8.09 0 0.0 -3575.0 89 -2 0.0 0.0 715
260.0 187.792 12 1350.0 -1090.0 90 -51 50.058 59.51099999999998 218
0.0 4.3999999999999995 0 0.0 -3590.0 89 -1 0.0 0.0 718
320.0 187.30499999999995 18 1410.0 -1115.0 90 -56 58.39499999999999 46.851 223
370.0 194.548 14 1470.0 -1100.0 91 -47 62.592999999999996 52.36099999999999 220
0.0 8.498 0 0.0 -3575.0 89 -2 0.0 0.0 715
1160.0 244.61800000000005 16 1710.0 -550.0 91 -60 85.09600000000002 63.327000000000005 55
-125.0 153.874 15 990.0 -1115.0 92 -45 37.117 32.333 223
0.0 12.522000000000002 0 0.0 -3580.0 89 -3 0.0 0.0 716
0.0 11.249999999999993 0 0.0 -3570.0 89 -2 0.0 0.0 714
0.0 7.841999999999999 0 0.0 -3575.0 89 -2 0.0 0.0 715
-260.0 152.08899999999994 9 840.0 -1100.0 91 -41 45.26699999999998 29.181999999999995 220
0.0 10.298 0 0.0 -3575.0 89 -2 0.0 0.0 715
0.0 5.9799999999999995 0 0.0 -3580.0 89 -1 0.0 0.0 716
-20.0 172.08999999999995 14 1080.0 -1120.0 92 -42 60.350999999999985 38.767999999999994 224
-255.0 190.20899999999997 16 1110.0 -1365.0 90 -43 71.13199999999999 48.404 273
-705.0 82.02699999999997 8 660.0 -1365.0 90 -22 24.049999999999994 19.188 273
520.0 156.13 16 1200.0 -680.0 90 -45 40.467999999999996 42.172999999999995 136
0.0 5.064 0 0.0 -3585.0 89 -1 0.0 0.0 717
0.0 2.574 0 0.0 -3590.0 89 -1 0.0 0.0 718
-1030.0 174.96500000000006 6 810.0 -1840.0 92 -38 72.28800000000003 26.92 368
740.0 235.33899999999994 20 1290.0 -550.0 91 -59 67.40699999999998 58.05399999999998 55
0.0 6.126 0 0.0 -3580.0 89 -2 0.0 0.0 716
-105.0 193.79500000000002 16 1260.0 -1365.0 90 -49 55.284 46.399 273
0.0 5.555999999999998 0 0.0 -3585.0 89 -1 0.0 0.0 717
0.0 2.106 0 0.0 -3590.0 89 -1 0.0 0.0 718
0.0 8.685999999999998 0 0.0 -3580.0 89 -2 0.0 0.0 716
1130.0 232.57899999999998 13 2220.0 -1090.0 90 -49 94.04200000000004 74.21300000000002 218
1340.0 278.0559999999999 23 1890.0 -550.0 91 -68 95.67099999999999 51.270999999999994 55
0.0 4.646000000000001 0 0.0 -3585.0 89 -1 0.0 0.0 717
0.0 3.942 0 0.0 -3585.0 89 -1 0.0 0.0 717
1770.0 353.09499999999997 25 2040.0 -270.0 90 -88 128.292 79.61999999999999 18
0.0 2.562 0 0.0 -3590.0 89 -1 0.0 0.0 718
410.0 193.35999999999999 14 1500.0 -1090.0 90 -50 50.20099999999999 52.66799999999999 218
0.0 15.397999999999982 0 0.0 -3555.0 88 -3 0.0 0.0 711
260.0 173.91699999999994 12 810.0 -550.0 91 -42 60.26499999999999 32.482 55
-645.0 104.91699999999996 7 720.0 -1365.0 90 -27 33.840999999999994 28.595999999999993 273
0.0 13.283999999999995 0 0.0 -3560.0 89 -3 0.0 0.0 712
890.0 246.00099999999998 12 1980.0 -1090.0 90 -61 81.427 67.97899999999998 218
850.0 235.50099999999986 17 1950.0 -1130.0 93 -53 84.79299999999999 68.49099999999999 226
-70.0 114.02199999999998 11 1020.0 -1090.0 90 -37 37.144999999999996 24.947999999999997 218
0.0 7.867999999999999 0 0.0 -3580.0 89 -2 0.0 0.0 716
0.0 4.424 0 0.0 -3585.0 89 -1 0.0 0.0 717
0.0 0.8480000000000001 0 0.0 -3595.0 89 -1 0.0 0.0 719
0.0 4.693999999999999 0 0.0 -3585.0 89 -1 0.0 0.0 717
0.0 11.405999999999993 0 0.0 -3570.0 89 -2 0.0 0.0 714
-380.0 131.34199999999996 13 720.0 -1100.0 91 -33 34.297 26.802 220
530.0 262.6379999999999 16 1620.0 -1090.0 90 -63 92.32500000000002 68.759 218
600.0 165.16999999999993 12 1140.0 -540.0 90 -46 43.17899999999999 39.918 54
15.0 209.28700000000003 8 1380.0 -1365.0 90 -42 76.90700000000001 71.72399999999998 273
2460.0 353.539 18 2730.0 -270.0 90 -83 117.03099999999998 110.52300000000001 18
0.0 4.402000000000001 0 0.0 -3585.0 89 -1 0.0 0.0 717
0.0 8.121999999999998 0 0.0 -3575.0 89 -2 0.0 0.0 715
0.0 0.44399999999999995 0 0.0 -3595.0 89 -1 0.0 0.0 719
20.0 171.82199999999992 13 1110.0 -1090.0 90 -46 56.43699999999998 33.455999999999996 218
1530.0 229.675 15 1800.0 -270.0 90 -58 78.01000000000002 47.23199999999997 18
0.0 11.665999999999993 0 0.0 -3565.0 89 -2 0.0 0.0 713
0.0 4.519999999999999 0 0.0 -3585.0 89 -1 0.0 0.0 717
-95.0 195.331 15 1020.0 -1115.0 92 -53 58.64300000000001 40.98799999999999 223
0.0 0.948 0 0.0 -3595.0 89 -1 0.0 0.0 719
1080.0 216.5849999999999 19 1350.0 -280.0 91 -55 73.49999999999999 48.879 20
1560.0 323.02399999999994 19 1830.0 -270.0 90 -68 132.30900000000003 69.365 18
-495.0 182.23700000000002 12 870.0 -1365.0 90 -39 71.32100000000001 40.38 273
1110.0 301.35199999999986 19 1650.0 -540.0 90 -68 101.39699999999999 74.857 54
710.0 210.61400000000006 15 1800.0 -1090.0 90 -55 57.29499999999999 75.51500000000001 218
0.0 3.574 0 0.0 -3590.0 89 -1 0.0 0.0 718
580.0 234.99399999999997 13 1680.0 -1100.0 91 -56 83.71100000000001 63.035999999999994 220
0.0 3.416 0 0.0 -3590.0 89 -1 0.0 0.0 718
-40.0 202.22699999999995 13 1050.0 -1090.0 90 -50 69.07999999999998 42.19 218
375.0 260.425 15 1740.0 -1365.0 90 -56 89.33800000000001 84.73999999999997 273
0.0 5.135999999999998 0 0.0 -3585.0 89 -1 0.0 0.0 717
0.0 3.342 0 0.0 -3590.0 89 -1 0.0 0.0 718
0.0 9.690000000000003 0 0.0 -3570.0 89 -2 0.0 0.0 714
0.0 8.796000000000001 0 0.0 -3575.0 89 -2 0.0 0.0 715
320.0 183.62099999999998 12 1410.0 -1090.0 90 -40 60.75100000000001 61.146999999999984 218
520.0 182.73999999999995 16 1230.0 -680.0 90 -46 62.44499999999997 36.37799999999999 136
0.0 4.35 0 0.0 -3585.0 89 -1 0.0 0.0 717
0.0 1.708 0 0.0 -3590.0 89 -1 0.0 0.0 718
230.0 160.32900000000004 10 1320.0 -1090.0 90 -33 61.47200000000002 59.24599999999999 218
1650.0 272.679 18 1920.0 -270.0 90 -63 101.87300000000002 67.495 18
860.0 265.8019999999999 21 1410.0 -555.0 91 -64 83.38699999999999 55.766 56
530.0 210.85200000000003 11 1620.0 -1090.0 90 -56 59.64700000000002 52.262000000000015 218
1470.0 260.661 13 2010.0 -540.0 90 -64 74.24999999999999 70.55700000000002 54
0.0 10.507999999999996 0 0.0 -3570.0 89 -2 0.0 0.0 714
860.0 253.27799999999988 15 1950.0 -1090.0 90 -66 67.76699999999998 81.65600000000002 218
0.0 4.131999999999999 0 0.0 -3585.0 89 -1 0.0 0.0 717
230.0 220.08399999999995 16 1320.0 -1090.0 90 -56 63.43699999999997 41.40499999999999 218
0.0 6.9060000000000015 0 0.0 -3580.0 89 -2 0.0 0.0 716
0.0 3.272 0 0.0 -3590.0 89 -1 0.0 0.0 718
320.0 153.43799999999993 11 1410.0 -1090.0 90 -49 30.363999999999987 39.882999999999996 218
-110.0 150.71699999999998 14 990.0 -1100.0 91 -37 36.663999999999994 39.647 220
1010.0 217.66899999999998 13 1560.0 -550.0 91 -57 68.811 54.484999999999985 55
0.0 10.953999999999997 0 0.0 -3565.0 89 -2 0.0 0.0 713
1920.0 275.687 20 2190.0 -270.0 90 -66 96.04899999999998 78.97399999999998 18
0.0 6.249999999999999 0 0.0 -3585.0 89 -2 0.0 0.0 717
520.0 164.71399999999994 13 1200.0 -680.0 90 -43 51.62299999999998 38.937 136
0.0 2.750000000000001 0 0.0 -3590.0 89 -1 0.0 0.0 718
1740.0 253.87299999999993 18 2010.0 -270.0 90 -66 72.458 67.025 18
0.0 7.767999999999999 0 0.0 -3575.0 89 -2 0.0 0.0 715
540.0 185.67299999999994 16 1080.0 -540.0 90 -53 57.04299999999999 40.903 54
840.0 197.20600000000002 15 1110.0 -320.0 91 -41 77.64100000000002 46.112 28
0.0 5.359999999999999 0 0.0 -3580.0 89 -1 0.0 0.0 716
0.0 7.67 0 0.0 -3575.0 89 -2 0.0 0.0 715
0.0 2.57 0 0.0 -3590.0 89 -1 0.0 0.0 718
1290.0 222.72299999999998 16 1830.0 -540.0 90 -62 64.469 55.25899999999999 54
1910.0 307.09999999999997 14 2460.0 -550.0 91 -59 128.03100000000003 102.78199999999994 55
0.0 8.973999999999998 0 0.0 -3570.0 89 -2 0.0 0.0 714
10.0 141.04199999999997 9 1110.0 -1100.0 91 -33 51.752999999999986 41.82299999999999 220
950.0 232.57700000000003 15 1500.0 -550.0 91 -51 88.43700000000003 64.36399999999999 55
0.0 5.054 0 0.0 -3580.0 89 -1 0.0 0.0 716
1200.0 262.79699999999997 21 1740.0 -540.0 90 -62 88.55599999999998 69.72699999999998 54
2010.0 322.731 19 2280.0 -270.0 90 -76 106.04999999999998 83.01900000000002 18
1500.0 268.2139999999999 18 2040.0 -540.0 90 -69 71.47899999999998 70.90800000000002 54
170.0 163.47099999999998 11 1260.0 -1090.0 90 -40 61.335000000000015 46.99699999999997 218
580.0 171.94699999999992 15 1260.0 -680.0 90 -46 59.59299999999999 38.90499999999999 136
730.0 163.88600000000002 12 1410.0 -680.0 90 -47 46.778999999999996 46.59500000000001 136
530.0 216.118 11 1620.0 -1090.0 90 -52 67.7 61.15299999999999 218
0.0 4.3260000000000005 0 0.0 -3585.0 89 -1 0.0 0.0 717
-375.0 163.84099999999995 9 990.0 -1365.0 90 -34 61.27600000000002 40.303 273
930.0 220.84699999999998 16 1620.0 -690.0 92 -52 71.73700000000002 52.01199999999997 138
0.0 2.62 0 0.0 -3590.0 89 -1 0.0 0.0 718
0.0 5.026 0 0.0 -3585.0 89 -1 0.0 0.0 717
-105.0 172.853 13 1260.0 -1365.0 90 -42 57.516999999999996 43.86499999999999 273
440.0 201.39299999999992 16 990.0 -550.0 91 -48 62.96299999999999 42.50899999999999 55
0.0 0.922 0 0.0 -3595.0 89 -1 0.0 0.0 719
-645.0 118.64299999999997 11 720.0 -1365.0 90 -28 40.881 34.29 273
-50.0 182.582 14 1050.0 -1100.0 91 -43 56.182999999999986 48.374999999999986 220
1530.0 237.13899999999998 14 1800.0 -270.0 90 -51 90.89100000000002 67.42199999999995 18
0.0 11.049999999999997 0 0.0 -3565.0 89 -2 0.0 0.0 713
0.0 7.047999999999999 0 0.0 -3580.0 89 -2 0.0 0.0 716
1770.0 281.26699999999994 22 2040.0 -270.0 90 -81 77.56 64.83 18
-195.0 159.54899999999998 11 1170.0 -1365.0 90 -38 53.41 46.26299999999999 273
0.0 3.0360000000000005 0 0.0 -3590.0 89 -1 0.0 0.0 718
1220.0 275.93799999999993 17 1770.0 -550.0 91 -65 85.95999999999998 70.77500000000002 55
0.0 13.44799999999999 0 0.0 -3560.0 89 -3 0.0 0.0 712
-375.0 137.34899999999996 10 990.0 -1365.0 90 -39 40.66199999999999 33.588 273
770.0 206.78000000000011 13 1860.0 -1090.0 90 -49 74.01800000000003 68.63 218
0.0 8.013999999999996 0 0.0 -3575.0 89 -2 0.0 0.0 715
-375.0 184.5389999999999 15 990.0 -1365.0 90 -47 59.44899999999999 33.34799999999999 273
0.0 4.398 0 0.0 -3585.0 89 -1 0.0 0.0 717
0.0 0.338 0 0.0 -3595.0 89 -1 0.0 0.0 719
290.0 235.16299999999995 12 1380.0 -1090.0 90 -55 68.19499999999998 72.06000000000002 218
880.0 198.16999999999993 16 1560.0 -680.0 90 -50 68.95899999999997 52.476 136
550.0 205.84500000000003 15 1230.0 -680.0 90 -46 91.604 40.724 136
0.0 10.281999999999998 0 0.0 -3570.0 89 -2 0.0 0.0 714
300.0 170.705 16 990.0 -690.0 92 -47 48.11799999999999 32.757 138
