-790.0 135.65 11 990.0 -1780.0 89 -38 29.833 38.84299999999999 356
1110.0 125.82799999999999 10 1110.0 -670.0 55 -31 46.417999999999985 28.667999999999996 134
930.0 132.902 11 930.0 0.0 0 -31 54.602000000000004 30.66499999999999 0
115.0 180.908 11 1170.0 -1055.0 87 -41 64.01899999999999 48.89699999999999 211
1440.0 155.926 11 1440.0 0.0 0 -33 63.81000000000001 50.124999999999986 0
1320.0 140.531 9 1320.0 0.0 0 -29 57.319 49.394 0
810.0 133.19199999999998 10 810.0 0.0 0 -31 48.88699999999999 33.083 0
960.0 145.445 15 960.0 -1550.0 77 -37 56.94599999999999 31.916999999999998 310
990.0 131.17299999999994 8 990.0 0.0 0 -31 43.67799999999999 38.19099999999998 0
415.0 197.28999999999996 18 1470.0 -1055.0 87 -54 65.30299999999998 51.402999999999984 211
930.0 114.76799999999997 9 930.0 0.0 0 -29 32.093999999999994 35.957 0
1110.0 107.37299999999999 10 1110.0 -1460.0 72 -31 39.643999999999984 28.59699999999999 292
1050.0 125.16599999999998 7 1050.0 0.0 0 -30 46.66000000000003 33.30100000000001 0
325.0 207.86499999999995 18 1380.0 -1055.0 87 -51 70.02499999999998 49.898 211
-45.0 161.73100000000002 13 1020.0 -1065.0 88 -43 55.944999999999986 36.266999999999996 213
1080.0 143.23700000000005 9 1080.0 0.0 0 -33 37.36200000000001 43.798000000000016 0
60.0 144.131 11 1410.0 -1350.0 90 -34 53.48500000000003 44.73499999999997 270
960.0 110.49399999999997 9 960.0 0.0 0 -30 42.844999999999985 24.941 0
435.0 170.715 13 1110.0 -675.0 90 -40 60.181000000000026 41.179999999999986 135
780.0 122.387 12 780.0 -1370.0 34 -29 47.880999999999986 31.11 274
165.0 186.92499999999993 9 1500.0 -1335.0 89 -41 73.16100000000002 49.25399999999997 267
715.0 207.9 15 1770.0 -1070.0 89 -52 84.87300000000002 56.917999999999985 214
1515.0 223.567 16 2190.0 -680.0 90 -54 81.42500000000003 61.12500000000001 136
1110.0 136.642 7 1110.0 -1705.0 42 -30 61.17200000000002 38.94899999999997 341
780.0 113.15299999999999 12 780.0 0.0 0 -33 27.785999999999998 23.863000000000003 0
1095.0 223.07599999999996 20 1770.0 -675.0 90 -61 62.09099999999997 41.46999999999999 135
1125.0 161.12400000000002 14 1380.0 -255.0 85 -45 45.452 52.43399999999999 17
120.0 191.57099999999994 14 1470.0 -1350.0 90 -50 57.863 49.37 270
240.0 181.69299999999998 17 1320.0 -1080.0 90 -48 62.73999999999998 38.013 216
1440.0 145.58800000000005 8 1440.0 -2445.0 61 -35 59.334 49.65599999999999 489
285.0 154.18999999999988 13 960.0 -675.0 90 -35 57.34099999999998 39.62299999999999 135
705.0 200.69499999999994 17 1380.0 -675.0 90 -58 58.02599999999999 36.168 135
570.0 121.32400000000001 6 570.0 0.0 0 -29 44.776000000000025 20.647999999999996 0
960.0 116.75599999999999 11 960.0 -1555.0 38 -29 38.467 32.757 311
330.0 187.6339999999999 10 1680.0 -1350.0 90 -46 68.25299999999999 58.27899999999999 270
-330.0 159.12599999999995 13 1020.0 -1350.0 90 -45 48.13699999999999 30.382999999999992 270
1455.0 201.329 12 2130.0 -675.0 90 -43 79.98400000000002 80.13899999999998 135
-210.0 151.40599999999992 11 1140.0 -1350.0 90 -43 44.20799999999999 40.61799999999999 270
-480.0 165.34099999999995 14 870.0 -1350.0 90 -41 59.783999999999985 36.308 270
1110.0 126.45799999999996 9 1110.0 0.0 0 -34 41.799 40.608 0
1020.0 137.94200000000004 8 1020.0 -2245.0 56 -27 52.356000000000016 42.57200000000001 449
-700.0 137.57000000000005 8 1080.0 -1780.0 89 -37 25.011999999999993 41.99300000000001 356
960.0 118.90700000000004 5 960.0 0.0 0 -29 35.149999999999984 36.91100000000001 0
135.0 173.88700000000003 10 1470.0 -1335.0 89 -45 47.694999999999986 55.99799999999999 267
-675.0 142.932 12 660.0 -1335.0 89 -34 47.056 32.114 267
960.0 116.94299999999998 12 960.0 0.0 0 -31 40.943999999999996 28.782999999999998 0
930.0 121.222 12 930.0 -720.0 48 -34 46.503999999999984 28.422999999999995 144
1080.0 132.90499999999997 10 1080.0 0.0 0 -35 43.61899999999999 38.53399999999999 0
840.0 139.714 10 840.0 0.0 0 -32 50.253 40.53799999999998 0
1440.0 280.1309999999999 17 1680.0 -240.0 80 -66 78.86299999999999 70.61300000000001 16
660.0 116.69299999999997 12 660.0 -860.0 57 -33 36.212999999999994 15.036999999999999 172
885.0 223.42200000000003 13 1950.0 -1070.0 88 -56 89.19900000000004 61.983999999999966 214
1110.0 117.433 7 1110.0 0.0 0 -29 43.71700000000002 36.98999999999998 0
750.0 128.69899999999996 12 750.0 0.0 0 -31 52.21199999999998 32.69499999999999 0
870.0 103.40699999999998 10 870.0 -1760.0 43 -31 31.705 15.066 352
-560.0 111.33599999999998 7 1290.0 -1760.0 87 -36 23.618 19.581999999999997 352
780.0 100.58999999999995 10 780.0 0.0 0 -29 30.07699999999998 18.675999999999995 0
570.0 120.96599999999997 10 570.0 -2105.0 52 -31 45.681999999999995 22.763999999999996 421
540.0 182.408 12 1620.0 -1080.0 90 -42 71.97999999999998 57.891000000000005 216
-480.0 146.45999999999995 12 870.0 -1350.0 90 -37 49.457 36.73199999999999 270
-360.0 123.145 8 960.0 -1320.0 88 -35 29.020999999999997 35.25099999999999 264
720.0 116.368 11 720.0 -2080.0 52 -32 38.68 23.882 416
840.0 190.18799999999996 13 1920.0 -1095.0 90 -48 70.64200000000002 66.98299999999999 219
270.0 168.567 14 1350.0 -1085.0 90 -49 51.50799999999999 38.50999999999999 217
1170.0 120.63199999999996 8 1170.0 -1785.0 44 -30 47.743999999999986 38.84699999999998 357
780.0 142.599 14 780.0 -1385.0 34 -35 43.684 33.135999999999996 277
565.0 152.96099999999996 14 1230.0 -695.0 90 -38 59.34699999999999 45.82 139
-830.0 120.511 7 930.0 -1760.0 87 -34 25.039 36.629999999999995 352
1050.0 133.51600000000005 9 1050.0 -2080.0 52 -35 40.30300000000001 38.05000000000001 416
-240.0 195.32999999999998 12 1110.0 -1350.0 90 -42 78.41700000000002 41.334 270
690.0 116.41900000000003 11 690.0 0.0 0 -31 40.92799999999999 23.005 0
540.0 114.79 10 540.0 -2365.0 59 -31 37.60499999999999 22.697 473
805.0 240.44199999999995 21 1470.0 -665.0 88 -62 73.87399999999998 54.29199999999999 133
240.0 159.844 10 1590.0 -1350.0 90 -38 55.20300000000002 59.206 270
1515.0 196.04600000000002 14 1770.0 -255.0 85 -50 60.707999999999984 61.61800000000001 17
690.0 115.77499999999996 9 690.0 0.0 0 -32 33.542 24.473999999999997 0
-225.0 167.74099999999999 17 1110.0 -1335.0 89 -44 61.304999999999986 35.60699999999999 267
1440.0 164.207 14 1440.0 -1000.0 66 -38 60.365 51.634 200
750.0 105.508 9 750.0 0.0 0 -33 32.834999999999994 21.29 0
195.0 181.74099999999993 10 1530.0 -1335.0 89 -50 54.961 48.78599999999999 267
810.0 112.86999999999998 8 810.0 0.0 0 -32 24.903999999999996 20.977999999999994 0
900.0 121.96999999999997 9 900.0 -1645.0 41 -32 35.752 34.538999999999994 329
1140.0 197.00699999999998 11 1140.0 -1395.0 69 -41 91.07299999999998 39.408999999999985 279
435.0 166.58099999999993 17 1110.0 -675.0 90 -40 59.588999999999984 43.75 135
1260.0 112.774 8 1260.0 -1075.0 71 -30 37.45100000000001 36.196999999999996 215
775.0 160.13400000000001 14 1440.0 -665.0 88 -43 51.296 45.90799999999999 133
1170.0 170.17399999999995 9 1170.0 -1505.0 37 -37 62.73000000000002 51.35599999999996 301
-315.0 120.44599999999998 9 750.0 -1065.0 88 -32 40.556 22.046999999999997 213
870.0 112.619 11 870.0 0.0 0 -29 36.706999999999994 30.848 0
840.0 117.76899999999999 10 840.0 -1585.0 39 -31 34.519 23.188 317
810.0 125.481 10 810.0 -1135.0 56 -30 50.283999999999985 34.007999999999996 227
990.0 139.14099999999996 9 990.0 0.0 0 -34 45.63499999999999 39.68799999999999 0
1110.0 182.59199999999998 15 1380.0 -270.0 90 -49 61.07099999999999 37.97899999999999 18
1170.0 139.957 8 1170.0 0.0 0 -32 51.041 45.52199999999999 0
840.0 105.48299999999998 9 840.0 -2305.0 57 -31 32.373 18.096999999999998 461
990.0 122.95399999999995 11 990.0 0.0 0 -31 42.42599999999998 38.92999999999999 0
720.0 96.62699999999997 10 720.0 -1415.0 35 -29 31.764999999999993 23.653 283
690.0 120.74999999999996 10 690.0 0.0 0 -31 42.81299999999999 19.321999999999996 0
1620.0 270.989 19 2130.0 -510.0 85 -77 81.30799999999999 71.37599999999999 51
-75.0 193.642 16 990.0 -1065.0 88 -41 69.88099999999999 51.941 213
-430.0 136.255 11 1350.0 -1780.0 89 -45 34.56699999999999 34.477999999999994 356
870.0 121.78399999999996 8 870.0 -1975.0 49 -35 33.63099999999999 28.12799999999999 395
-450.0 124.37799999999999 10 870.0 -1320.0 88 -31 47.288999999999994 31.39299999999999 264
1590.0 212.15699999999998 12 1830.0 -240.0 80 -56 67.02499999999999 63.862000000000016 16
735.0 207.08900000000006 12 1800.0 -1065.0 88 -54 52.56100000000001 67.924 213
-495.0 115.86399999999999 10 840.0 -1335.0 89 -30 37.11799999999999 34.948999999999984 267
690.0 147.21199999999993 11 690.0 0.0 0 -34 51.573999999999984 28.554999999999996 0
325.0 200.39799999999997 15 1380.0 -1055.0 87 -52 71.897 50.599999999999994 211
840.0 118.09499999999998 12 840.0 0.0 0 -32 41.921 27.874999999999996 0
1110.0 132.99600000000004 8 1110.0 -1990.0 49 -33 41.955999999999996 38.724000000000025 398
810.0 115.93499999999999 8 810.0 -2095.0 52 -31 34.157000000000004 28.80399999999999 419
750.0 102.26999999999998 8 750.0 0.0 0 -30 23.747999999999994 25.397000000000002 0
375.0 153.35999999999996 15 1050.0 -675.0 90 -38 53.026999999999994 43.380999999999986 135
690.0 90.338 10 690.0 -1720.0 43 -29 23.872999999999994 14.293 344
-360.0 174.09299999999993 11 990.0 -1365.0 90 -46 56.149 29.92199999999999 273
810.0 126.362 10 810.0 0.0 0 -30 43.53099999999999 32.166 0
1050.0 149.15099999999998 12 1050.0 0.0 0 -32 57.034999999999975 46.414 0
840.0 102.81799999999997 9 840.0 -1890.0 47 -29 36.08299999999999 26.03 378
175.0 181.65299999999993 15 1230.0 -1055.0 87 -44 75.60599999999998 42.23999999999999 211
750.0 102.20699999999998 9 750.0 0.0 0 -32 20.98 20.707 0
270.0 210.87099999999998 15 1620.0 -1350.0 90 -48 68.36699999999999 66.16799999999998 270
990.0 117.74699999999999 12 990.0 -890.0 59 -33 33.09499999999999 32.254999999999995 178
930.0 116.03799999999998 10 930.0 0.0 0 -29 45.27499999999998 27.748999999999995 0
720.0 109.17299999999997 11 720.0 0.0 0 -30 39.47799999999999 23.501 0
810.0 132.391 11 810.0 -2315.0 57 -31 48.68499999999998 37.64999999999999 463
810.0 123.43699999999997 11 810.0 -1495.0 37 -33 39.12299999999999 18.084000000000003 299
15.0 172.31300000000002 15 1710.0 -1065.0 88 -48 48.81100000000001 59.66800000000003 213
0.0 171.78199999999998 12 1350.0 -1350.0 90 -42 59.332999999999984 52.95199999999998 270
1050.0 155.45799999999997 11 1050.0 0.0 0 -35 48.349 43.255999999999986 0
750.0 99.11699999999999 9 750.0 -1975.0 49 -31 25.9 16.116000000000003 395
-1030.0 104.78299999999997 9 750.0 -1780.0 89 -31 25.262999999999995 15.438999999999998 356
2355.0 327.197 20 2610.0 -255.0 85 -82 101.178 93.95700000000002 17
495.0 156.037 13 1170.0 -680.0 90 -37 57.458999999999996 43.34399999999999 136
2025.0 294.35300000000007 16 2280.0 -255.0 85 -79 67.31399999999995 81.55900000000003 17
1800.0 307.926 18 2040.0 -240.0 80 -74 88.77999999999997 91.98700000000004 16
1825.0 340.7409999999999 15 2490.0 -665.0 88 -82 120.98899999999999 78.22899999999998 133
-555.0 120.47699999999999 11 780.0 -1335.0 89 -36 34.50299999999999 22.568999999999996 267
1020.0 153.22899999999993 14 1020.0 -750.0 50 -36 58.205 44.44999999999999 150
495.0 175.27900000000005 11 1830.0 -1360.0 90 -39 67.41600000000003 65.63999999999999 272
1110.0 144.35399999999998 10 1110.0 -1355.0 67 -33 51.84500000000002 44.35699999999999 271
750.0 134.48099999999994 10 750.0 -1980.0 49 -29 49.112999999999985 32.936 396
1170.0 229.93799999999993 18 1710.0 -555.0 92 -54 81.29699999999998 62.05899999999999 57
990.0 117.24800000000002 6 990.0 0.0 0 -31 23.674999999999994 47.045 0
2235.0 280.711 18 2490.0 -255.0 85 -75 69.378 94.68800000000003 17
840.0 106.916 9 840.0 -2095.0 52 -32 22.615000000000002 27.805999999999994 419
210.0 201.36499999999998 15 1290.0 -1080.0 90 -42 77.72599999999998 49.673999999999985 216
930.0 106.70399999999998 10 930.0 -1265.0 84 -30 31.311 26.833999999999996 253
1015.0 203.14899999999994 16 1680.0 -665.0 88 -56 55.224999999999994 57.94899999999999 133
975.0 224.75499999999997 16 1650.0 -675.0 90 -65 56.153 61.098 135
1020.0 110.88099999999997 8 1020.0 0.0 0 -31 26.052999999999997 40.04 0
585.0 207.64299999999994 13 1650.0 -1065.0 88 -54 67.70000000000002 59.22899999999998 213
930.0 132.11399999999998 11 930.0 -1250.0 83 -35 39.074 31.026999999999987 250
1095.0 276.436 15 1770.0 -675.0 90 -67 95.72 67.261 135
1140.0 146.968 11 1140.0 -855.0 21 -32 58.49299999999998 48.92199999999999 171
900.0 159.08399999999997 12 900.0 -1715.0 85 -35 54.019000000000005 42.46599999999999 343
165.0 207.554 13 1500.0 -1365.0 99 -46 79.11900000000001 52.192000000000014 269
-135.0 141.999 13 1200.0 -1350.0 90 -37 62.70799999999998 37.87399999999999 270
40.0 166.72599999999994 12 1080.0 -1040.0 86 -43 49.69299999999999 36.22099999999999 208
1230.0 132.116 9 1230.0 0.0 0 -29 55.17400000000003 49.67899999999999 0
-240.0 162.072 13 1080.0 -1320.0 88 -41 50.18399999999998 34.893 264
780.0 133.44400000000002 10 780.0 -1985.0 49 -32 60.66999999999997 26.336 397
390.0 179.65099999999998 10 1470.0 -1080.0 90 -40 67.53900000000002 59.54100000000002 216
-390.0 152.84399999999997 13 930.0 -1320.0 88 -37 51.85499999999998 40.972 264
690.0 122.11399999999998 11 690.0 -2045.0 51 -31 50.262999999999984 27.375999999999994 409
780.0 113.01599999999998 11 780.0 -1825.0 45 -30 38.32599999999998 23.892 365
1230.0 135.40699999999998 9 1230.0 -1700.0 42 -30 55.98800000000001 41.51699999999998 340
930.0 108.23599999999999 10 930.0 -2065.0 51 -29 29.857999999999997 25.625999999999998 413
2895.0 349.9819999999999 17 3150.0 -255.0 85 -75 115.36300000000001 136.48700000000002 17
870.0 110.07799999999995 9 870.0 0.0 0 -29 35.388 25.979000000000003 0
840.0 124.07399999999998 9 840.0 0.0 0 -29 50.10899999999998 28.698999999999998 0
75.0 163.43599999999998 17 1140.0 -1065.0 88 -47 51.621999999999986 30.887 213
295.0 195.0659999999999 16 960.0 -665.0 88 -46 73.97699999999999 42.98199999999999 133
-700.0 142.84 7 1080.0 -1780.0 89 -35 47.104 43.59699999999999 356
15.0 187.67699999999994 19 1080.0 -1085.0 89 -45 70.52699999999999 36.513000000000005 217
1260.0 147.25599999999994 8 1260.0 0.0 0 -29 58.12599999999999 55.45099999999998 0
-315.0 150.591 15 1020.0 -1335.0 89 -41 44.544999999999995 37.394 267
1080.0 132.54199999999997 9 1080.0 -1515.0 37 -28 52.45799999999999 41.974000000000004 303
-315.0 163.21799999999996 11 1020.0 -1335.0 89 -33 59.22599999999999 45.78299999999999 267
870.0 126.80199999999999 12 870.0 -1200.0 80 -31 44.76599999999999 36.49799999999999 240
55.0 151.291 13 1110.0 -1055.0 87 -40 54.949 38.263999999999996 211
1005.0 293.6340000000001 14 2340.0 -1335.0 89 -69 102.27300000000001 95.93299999999999 267
-165.0 174.178 13 1170.0 -1340.0 89 -42 62.608 50.85499999999999 268
270.0 210.975 17 1350.0 -1120.0 95 -52 79.00599999999999 52.79199999999999 224
985.0 196.22099999999998 18 1650.0 -665.0 88 -55 60.63099999999999 52.91799999999998 133
1140.0 122.19 7 1140.0 -1685.0 42 -30 42.02199999999999 37.053999999999995 337
720.0 121.04999999999998 9 720.0 -1585.0 39 -29 37.753 31.820999999999987 317
820.0 297.50000000000006 17 1860.0 -1040.0 86 -62 122.55100000000002 77.41799999999998 208
-525.0 137.001 12 810.0 -1335.0 89 -38 45.57799999999999 27.607999999999997 267
-30.0 157.886 10 1320.0 -1380.0 92 -41 45.477 51.678999999999974 276
-765.0 118.57799999999996 10 570.0 -1335.0 89 -36 27.727999999999994 16.899999999999995 267
990.0 131.216 9 990.0 -955.0 63 -30 52.309 40.105999999999995 191
865.0 217.75999999999996 18 1530.0 -665.0 88 -60 71.48199999999997 50.13599999999999 133
1405.0 256.01500000000004 16 2070.0 -700.0 89 -68 66.069 73.26400000000001 140
1455.0 285.0989999999999 20 1710.0 -260.0 85 -67 104.15199999999997 69.97800000000001 18
1365.0 239.65899999999993 14 2040.0 -675.0 90 -55 91.35000000000002 85.21499999999999 135
1080.0 123.15899999999999 9 1080.0 0.0 0 -32 33.367000000000004 39.31099999999999 0
595.0 191.41400000000002 18 1260.0 -665.0 88 -48 64.428 50.896 133
-420.0 137.52999999999997 10 930.0 -1350.0 90 -41 43.92099999999999 27.227999999999994 270
1320.0 139.662 10 1320.0 0.0 0 -31 54.32600000000001 46.175000000000004 0
2175.0 305.762 18 2430.0 -255.0 85 -69 95.63 99.35699999999997 17
975.0 226.30799999999988 16 1650.0 -675.0 90 -59 63.23499999999998 60.28199999999999 135
870.0 109.64099999999999 13 870.0 -1920.0 48 -29 40.33599999999999 28.347999999999995 384
-770.0 122.04199999999997 8 990.0 -1760.0 87 -31 40.34499999999999 37.901999999999994 352
2325.0 265.63000000000005 12 2580.0 -255.0 85 -68 70.988 97.31500000000001 17
2460.0 336.524 21 2700.0 -240.0 80 -87 93.026 104.15 16
1170.0 133.54399999999998 9 1170.0 0.0 0 -37 50.703999999999986 31.203999999999994 0
1665.0 261.36999999999995 16 1920.0 -330.0 110 -66 79.11099999999999 73.33900000000001 22
-105.0 157.56899999999996 12 1230.0 -1335.0 89 -37 56.944999999999986 46.224000000000004 267
630.0 114.74700000000001 10 630.0 0.0 0 -34 34.663999999999994 23.537999999999997 0
975.0 198.344 11 2040.0 -1080.0 89 -50 59.14900000000002 67.28600000000002 216
-240.0 154.76500000000001 11 840.0 -1080.0 90 -39 53.345 30.133999999999997 216
1140.0 132.505 8 1140.0 0.0 0 -31 48.30300000000002 44.63899999999999 0
180.0 160.97900000000004 15 1260.0 -1080.0 90 -44 63.21799999999999 39.773999999999994 216
135.0 196.815 14 1230.0 -1065.0 88 -40 80.42499999999998 52.97799999999999 213
1740.0 267.84400000000005 20 2010.0 -270.0 90 -68 81.53599999999999 74.04700000000001 18
720.0 128.245 12 720.0 0.0 0 -32 41.336 33.071999999999996 0
240.0 170.32299999999998 11 1320.0 -1080.0 90 -50 36.023999999999994 49.918 216
660.0 100.51299999999999 11 660.0 -2250.0 56 -30 32.197 22.235 450
-270.0 167.91300000000007 12 1080.0 -1350.0 90 -40 68.04400000000001 38.34499999999999 270
45.0 197.02999999999997 14 1110.0 -1065.0 88 -48 64.66499999999998 44.092999999999996 213
450.0 192.10999999999996 15 1530.0 -1080.0 90 -55 67.35599999999998 44.574 216
570.0 97.072 9 570.0 0.0 0 -29 35.36 13.555000000000001 0
750.0 110.65199999999997 8 750.0 -1790.0 44 -29 34.410999999999994 19.738 358
15.0 132.0529999999999 9 1350.0 -1335.0 89 -40 49.332 34.073999999999984 267
295.0 242.66699999999997 18 1350.0 -1055.0 87 -53 100.85800000000002 51.82899999999999 211
840.0 126.374 9 840.0 -1480.0 37 -31 41.727999999999994 31.62599999999999 296
1110.0 149.07499999999996 8 1110.0 -1275.0 85 -35 51.39699999999998 38.947999999999986 255
1195.0 305.779 16 2310.0 -1055.0 87 -73 111.50600000000003 73.54299999999999 211
870.0 147.566 12 870.0 -1890.0 47 -36 53.67199999999999 32.793 378
-300.0 134.6 10 1050.0 -1360.0 90 -33 47.788 41.089 272
1050.0 147.36000000000004 10 1050.0 -1710.0 42 -35 57.388999999999974 32.882999999999996 342
870.0 103.94699999999999 6 870.0 0.0 0 -29 32.67499999999998 28.160000000000004 0
570.0 103.35199999999996 9 570.0 0.0 0 -29 23.458999999999996 20.562999999999995 0
720.0 128.986 10 720.0 0.0 0 -31 50.996999999999986 26.649 0
-40.0 245.155 14 1740.0 -1780.0 89 -59 87.52700000000002 62.34299999999999 356
960.0 140.44400000000002 9 960.0 0.0 0 -34 41.20300000000001 42.68799999999999 0
-135.0 135.06099999999998 12 1200.0 -1335.0 89 -40 34.18199999999999 27.604000000000003 267
1410.0 130.73999999999995 6 1410.0 -2515.0 62 -37 37.79799999999999 28.249000000000002 503
-180.0 174.376 14 1170.0 -1350.0 90 -43 63.91099999999999 34.44599999999999 270
690.0 130.328 13 690.0 -1255.0 83 -32 40.70799999999999 24.125 251
990.0 114.14899999999997 9 990.0 0.0 0 -33 32.691 24.958999999999996 0
1050.0 149.40299999999996 11 1050.0 -1785.0 89 -36 55.830999999999996 40.958 357
840.0 129.78499999999997 10 840.0 -1745.0 87 -30 46.78299999999999 27.39299999999999 349
-315.0 167.85799999999998 11 1020.0 -1335.0 89 -40 54.653000000000006 44.141 267
490.0 193.03099999999995 13 1530.0 -1040.0 86 -50 60.45299999999998 50.419 208
135.0 162.975 10 1470.0 -1335.0 89 -47 48.30899999999998 40.34099999999998 267
840.0 125.21699999999997 11 840.0 0.0 0 -32 33.384 31.150999999999996 0
630.0 115.26999999999994 10 630.0 -1825.0 45 -32 33.11899999999999 18.201 365
-75.0 164.027 16 990.0 -1065.0 88 -42 61.55399999999999 31.808999999999997 213
1020.0 109.74600000000002 7 1020.0 0.0 0 -35 21.136000000000003 35.32200000000001 0
630.0 121.76699999999997 10 630.0 -1650.0 82 -30 45.97199999999998 20.614 330
-285.0 172.75899999999993 15 780.0 -1065.0 88 -42 71.11999999999998 30.091 213
750.0 132.72899999999996 11 750.0 0.0 0 -32 44.617 31.745999999999995 0
105.0 136.838 11 1170.0 -1065.0 88 -38 39.821 37.788999999999994 213
740.0 172.79399999999998 16 1260.0 -520.0 86 -41 57.508999999999986 48.23699999999999 52
870.0 114.83999999999995 8 870.0 -2205.0 55 -33 28.908999999999985 25.622999999999998 441
1050.0 157.81100000000004 8 1050.0 0.0 0 -39 46.580000000000005 46.334999999999994 0
720.0 117.17099999999996 12 720.0 -1320.0 88 -33 43.014999999999986 20.897000000000002 264
780.0 110.75000000000003 7 780.0 -2425.0 60 -29 36.915 23.58299999999999 485
135.0 188.11200000000002 14 1200.0 -1065.0 88 -51 55.848 38.47899999999999 213
900.0 139.42799999999994 10 900.0 0.0 0 -32 34.39699999999999 34.224999999999994 0
840.0 95.53399999999999 8 840.0 -1155.0 57 -28 32.28399999999999 26.197 231
960.0 147.90299999999996 11 960.0 0.0 0 -35 45.758999999999986 31.822999999999993 0
900.0 114.62199999999999 10 900.0 -1390.0 34 -32 38.58999999999998 23.702 278
415.0 166.279 15 1080.0 -665.0 88 -48 55.01799999999999 33.378 133
990.0 100.462 12 990.0 -1200.0 30 -30 26.415999999999997 23.927999999999997 240
-30.0 154.47099999999998 13 1320.0 -1350.0 90 -45 48.264999999999986 42.762 270
540.0 114.76099999999997 8 540.0 0.0 0 -29 42.872 18.127999999999997 0
1050.0 129.198 9 1050.0 0.0 0 -34 40.04 36.56099999999999 0
1290.0 161.29299999999995 11 1290.0 -1295.0 86 -35 64.24200000000002 54.90899999999997 259
900.0 117.67099999999996 10 900.0 0.0 0 -34 27.239999999999995 24.186999999999998 0
990.0 130.524 9 990.0 -1220.0 30 -27 53.16600000000002 35.01399999999999 244
1140.0 119.167 9 1140.0 0.0 0 -31 38.46 37.347999999999985 0
225.0 216.56199999999995 15 1560.0 -1335.0 89 -52 77.13199999999999 54.32199999999999 267
720.0 112.18 9 720.0 -1850.0 46 -31 42.59899999999999 20.962999999999997 370
990.0 120.044 12 990.0 0.0 0 -36 54.28199999999998 20.779999999999998 0
660.0 112.80499999999999 9 660.0 0.0 0 -31 33.69299999999999 21.13 0
660.0 124.05900000000001 10 660.0 0.0 0 -29 52.28999999999999 26.337999999999997 0
90.0 211.0980000000001 14 1440.0 -1350.0 90 -50 77.90300000000002 55.89999999999999 270
810.0 94.82800000000002 11 810.0 -2115.0 52 -33 27.644000000000002 22.586 423
945.0 236.04199999999994 14 1620.0 -675.0 90 -54 102.685 52.492 135
1020.0 154.24 15 1020.0 -1725.0 43 -36 60.70399999999999 44.98399999999999 345
205.0 219.92399999999995 13 1260.0 -1055.0 87 -56 74.77799999999999 44.874999999999986 211
750.0 94.65899999999999 10 750.0 0.0 0 -30 26.964999999999993 19.471999999999998 0
405.0 194.58199999999997 14 1470.0 -1065.0 88 -47 75.675 52.54799999999999 213
105.0 205.50199999999998 15 1440.0 -1335.0 89 -52 65.59399999999998 43.21799999999999 267
1320.0 165.79699999999994 11 1320.0 0.0 0 -41 52.199 50.775999999999996 0
715.0 171.84100000000004 17 1380.0 -665.0 88 -51 48.06699999999999 37.58899999999999 133
-375.0 131.396 11 690.0 -1065.0 88 -38 39.763 25.451999999999998 213
1440.0 166.55599999999998 7 1440.0 0.0 0 -33 67.25800000000001 56.295999999999985 0
1260.0 158.407 12 1260.0 -1005.0 25 -35 61.592000000000006 47.96199999999998 201
840.0 127.59899999999999 13 840.0 0.0 0 -32 42.77699999999999 34.002 0
795.0 177.534 17 1470.0 -675.0 90 -51 52.298 44.55799999999999 135
900.0 115.65299999999998 11 900.0 -1515.0 37 -26 45.571 33.16599999999999 303
960.0 134.82899999999998 9 960.0 0.0 0 -32 53.943 35.64299999999999 0
1200.0 122.15600000000003 7 1200.0 -2555.0 63 -32 34.966999999999985 41.34400000000003 511
1200.0 154.146 12 1200.0 -1815.0 45 -36 65.14100000000002 33.73299999999999 363
-540.0 191.08599999999996 13 810.0 -1350.0 90 -44 80.013 33.605999999999995 270
750.0 111.81899999999999 10 750.0 0.0 0 -31 34.76299999999999 28.998999999999995 0
-560.0 136.90099999999998 9 1200.0 -1760.0 87 -39 27.973000000000006 39.43399999999998 352
780.0 115.39099999999998 10 780.0 -2155.0 53 -29 37.751999999999995 27.53599999999999 431
780.0 110.12499999999999 9 780.0 0.0 0 -31 38.43399999999998 18.516000000000002 0
810.0 136.166 9 810.0 0.0 0 -29 52.468999999999994 33.450999999999986 0
435.0 185.19399999999993 16 1110.0 -675.0 90 -46 64.61899999999999 41.728 135
1050.0 153.18299999999996 12 1050.0 0.0 0 -37 47.50399999999999 44.45799999999999 0
810.0 131.6 11 810.0 -1975.0 49 -32 45.42699999999999 33.477999999999994 395
1605.0 211.73 14 1860.0 -255.0 85 -51 75.46699999999998 65.77200000000002 17
745.0 184.49699999999996 15 1410.0 -665.0 88 -45 65.935 51.312 133
-120.0 185.02799999999993 11 1230.0 -1350.0 90 -44 58.733000000000004 47.339999999999996 270
1635.0 209.54300000000003 12 1890.0 -255.0 85 -54 58.04399999999999 65.59200000000001 17
2010.0 300.37 16 2280.0 -270.0 90 -74 103.32700000000001 80.336 18
600.0 124.394 12 600.0 0.0 0 -34 35.894 20.150000000000002 0
840.0 93.72 8 840.0 -1975.0 49 -29 25.63499999999999 17.855 395
1905.0 264.108 15 2160.0 -255.0 85 -62 93.607 75.99300000000001 17
480.0 192.005 14 1560.0 -1080.0 90 -52 61.27199999999998 47.036999999999985 216
1350.0 136.91699999999997 9 1350.0 0.0 0 -33 46.46400000000001 45.15399999999998 0
135.0 193.19299999999998 16 1200.0 -1065.0 88 -47 72.29899999999998 43.495000000000005 213
-270.0 170.46699999999993 13 1080.0 -1350.0 90 -46 54.78699999999999 28.053 270
535.0 176.532 13 1590.0 -1065.0 87 -43 69.05900000000001 56.703999999999986 213
720.0 102.69400000000002 10 720.0 -1430.0 35 -30 28.69899999999999 31.354000000000003 286
435.0 165.45499999999998 12 1500.0 -1065.0 88 -38 54.54800000000002 56.116000000000014 213
840.0 130.64000000000001 5 840.0 0.0 0 -32 33.257000000000005 34.81400000000002 0
1995.0 323.1339999999999 19 2250.0 -255.0 85 -74 120.59099999999997 84.71500000000002 17
75.0 158.72599999999994 11 1140.0 -1065.0 88 -43 49.41499999999999 43.97499999999998 213
1200.0 129.555 8 1200.0 0.0 0 -29 48.73500000000002 42.22799999999998 0
990.0 120.71899999999998 7 990.0 0.0 0 -32 30.518 40.39199999999999 0
510.0 183.42999999999998 14 1590.0 -1080.0 90 -46 65.47200000000001 55.35199999999999 216
930.0 116.09899999999999 11 930.0 0.0 0 -32 37.42700000000001 26.414 0
505.0 194.58100000000002 19 1170.0 -665.0 88 -53 65.75299999999999 34.433 133
-30.0 171.35999999999996 13 1320.0 -1350.0 90 -46 50.396999999999984 43.35999999999999 270
1470.0 197.78299999999993 12 1470.0 0.0 0 -40 80.124 59.11699999999999 0
1200.0 151.81500000000003 9 1200.0 -1565.0 39 -27 70.91300000000004 47.649 313
1110.0 135.124 11 1110.0 0.0 0 -30 44.50999999999999 47.691999999999986 0
720.0 118.611 10 720.0 0.0 0 -32 36.370999999999995 27.551999999999992 0
960.0 109.47699999999998 11 960.0 -1515.0 37 -32 40.54599999999999 28.148999999999994 303
240.0 174.95 15 1590.0 -1350.0 90 -46 55.774 52.46399999999999 270
-135.0 182.24199999999996 13 1200.0 -1335.0 89 -46 49.583 57.717000000000006 267
-240.0 165.90499999999992 10 1110.0 -1350.0 90 -39 62.742999999999974 41.867 270
745.0 206.28699999999995 16 1410.0 -695.0 93 -52 80.133 51.82399999999999 136
-210.0 188.774 15 1140.0 -1350.0 90 -49 59.829999999999984 47.718999999999994 270
960.0 126.80499999999999 9 960.0 -2125.0 53 -32 48.38799999999999 31.71900000000001 425
120.0 164.17299999999994 12 1200.0 -1080.0 90 -38 60.04599999999998 51.07599999999998 216
420.0 176.47799999999998 11 1500.0 -1080.0 90 -43 57.68700000000001 49.07899999999998 216
810.0 146.40900000000002 8 810.0 0.0 0 -29 60.013999999999996 42.04499999999998 0
1200.0 149.81199999999998 10 1200.0 0.0 0 -36 56.739000000000004 47.315 0
600.0 104.04599999999999 12 600.0 0.0 0 -29 36.55599999999999 14.412999999999998 0
1020.0 253.96499999999997 15 2040.0 -1020.0 85 -66 76.539 68.61499999999998 204
-420.0 165.15699999999998 9 1380.0 -1800.0 90 -40 55.98300000000002 49.962999999999994 360
-420.0 158.268 14 930.0 -1350.0 90 -49 42.22799999999999 22.134999999999994 270
-140.0 174.456 14 900.0 -1040.0 86 -42 56.517999999999994 37.306999999999995 208
165.0 168.78399999999996 13 840.0 -675.0 90 -41 58.027999999999984 37.448 135
-30.0 140.01 8 1320.0 -1350.0 90 -32 50.417000000000016 45.883999999999986 270
960.0 133.678 10 960.0 0.0 0 -33 47.981999999999985 33.528000000000006 0
1110.0 127.43299999999998 7 1110.0 0.0 0 -29 40.87999999999999 44.070999999999984 0
-420.0 160.20999999999995 12 930.0 -1355.0 90 -40 44.97099999999999 40.54899999999999 271
1290.0 142.879 9 1290.0 -1160.0 28 -34 43.358999999999995 49.55099999999998 232
1170.0 125.91299999999998 9 1170.0 0.0 0 -31 43.686 43.06099999999999 0
900.0 134.22099999999998 12 900.0 -1360.0 34 -33 41.43399999999998 22.497999999999998 272
0.0 181.06899999999996 13 1350.0 -1350.0 90 -45 66.702 48.528999999999996 270
990.0 101.77599999999997 9 990.0 -2075.0 51 -30 44.383999999999986 22.416999999999994 415
1965.0 325.0149999999999 19 2220.0 -255.0 85 -84 107.01699999999995 78.35599999999998 17
990.0 128.57799999999997 9 990.0 0.0 0 -32 36.66499999999999 40.89399999999999 0
-815.0 148.14000000000001 11 990.0 -1805.0 90 -38 44.82 41.242000000000004 361
720.0 105.58199999999998 9 720.0 0.0 0 -29 35.18099999999998 30.170999999999996 0
715.0 220.46800000000002 19 1380.0 -700.0 88 -58 74.92699999999998 55.795 140
660.0 110.33699999999996 10 660.0 0.0 0 -31 29.901 30.874999999999993 0
1755.0 261.38800000000003 17 2010.0 -260.0 85 -65 82.52000000000001 72.28599999999997 18
-585.0 127.06400000000001 10 750.0 -1335.0 89 -32 42.09199999999999 26.493000000000006 267
2025.0 255.08600000000004 18 2280.0 -255.0 85 -69 71.71699999999998 81.12300000000003 17
1335.0 253.78699999999998 20 2010.0 -675.0 90 -63 95.651 59.679999999999986 135
870.0 117.61399999999999 10 870.0 0.0 0 -30 33.668 29.616999999999987 0
1260.0 138.80300000000003 9 1260.0 -1340.0 89 -33 56.48000000000002 44.107000000000006 268
870.0 146.26500000000001 11 870.0 -1540.0 38 -35 47.31599999999999 32.175000000000004 308
1050.0 113.69099999999995 8 1050.0 -2140.0 53 -29 32.123 30.957999999999977 428
930.0 112.50299999999999 8 930.0 0.0 0 -30 37.29599999999999 27.072999999999993 0
750.0 111.58999999999997 9 750.0 0.0 0 -31 35.410999999999994 20.549999999999997 0
1200.0 126.90999999999994 8 1200.0 -2175.0 54 -33 36.89399999999999 41.94999999999999 435
-255.0 127.17899999999997 12 1080.0 -1335.0 89 -36 45.41099999999999 28.971999999999998 267
1635.0 247.66000000000003 18 1890.0 -260.0 85 -64 70.777 68.498 18
810.0 133.26 12 810.0 -1280.0 32 -32 46.708999999999996 36.516999999999996 256
750.0 111.65299999999999 11 750.0 -1740.0 43 -31 35.538999999999994 24.107999999999997 348
720.0 108.36099999999998 10 720.0 0.0 0 -31 30.985 18.831999999999997 0
840.0 119.07800000000002 8 840.0 0.0 0 -29 35.732 37.249 0
90.0 205.02200000000002 10 1440.0 -1350.0 90 -44 76.347 56.64099999999997 270
870.0 119.32 10 870.0 0.0 0 -32 39.65399999999999 26.149999999999995 0
690.0 106.61899999999996 12 690.0 -985.0 82 -32 33.160000000000004 23.373 197
205.0 192.25799999999998 13 1260.0 -1055.0 87 -50 57.97799999999998 43.08099999999999 211
1080.0 119.12900000000005 7 1080.0 -2415.0 60 -28 41.896000000000015 44.28399999999999 483
75.0 149.82200000000003 12 1410.0 -1335.0 89 -39 55.721000000000004 42.604 267
600.0 136.60100000000003 9 600.0 -1345.0 33 -31 54.91899999999999 28.71899999999999 269
1485.0 256.323 13 1740.0 -255.0 85 -61 87.03499999999997 69.89800000000001 17
465.0 211.91699999999992 12 1830.0 -1380.0 95 -52 71.23000000000002 66.048 274
865.0 215.80899999999997 21 1530.0 -665.0 88 -55 71.37499999999997 43.58499999999999 133
840.0 126.87699999999995 11 840.0 -2070.0 51 -34 42.76399999999998 33.563 414
825.0 183.08199999999997 12 1080.0 -255.0 85 -47 43.465999999999994 46.028000000000034 17
210.0 191.21399999999994 14 1530.0 -1335.0 89 -42 81.16799999999999 52.66099999999997 267
750.0 103.92599999999995 9 750.0 -1585.0 39 -29 33.67699999999999 29.702999999999992 317
1725.0 312.37600000000003 24 1980.0 -255.0 85 -69 115.97499999999997 84.41199999999998 17
-165.0 136.251 10 1170.0 -1335.0 89 -33 46.29699999999998 45.160999999999994 267
990.0 109.84799999999998 10 990.0 0.0 0 -29 40.96499999999999 27.972999999999995 0
-240.0 170.59300000000002 17 1110.0 -1350.0 90 -49 49.28699999999999 30.060000000000006 270
780.0 111.352 11 780.0 -1270.0 63 -31 35.547 32.839999999999996 254
990.0 119.04500000000003 7 990.0 0.0 0 -30 36.83399999999998 36.61400000000002 0
720.0 114.21099999999997 11 720.0 0.0 0 -30 40.903 23.486000000000004 0
1020.0 114.98599999999998 6 1020.0 0.0 0 -29 23.235999999999997 37.522000000000006 0
1020.0 136.554 13 1020.0 -1190.0 29 -32 47.634999999999984 34.766 238
745.0 242.09899999999996 19 1800.0 -1055.0 87 -61 76.52400000000002 59.38199999999999 211
1155.0 246.28399999999996 19 1830.0 -675.0 90 -56 84.42499999999998 77.446 135
720.0 118.64999999999993 7 720.0 0.0 0 -31 34.89600000000001 25.75899999999999 0
690.0 112.17799999999997 8 690.0 0.0 0 -29 32.82699999999999 23.023 0
-300.0 94.31199999999997 10 1050.0 -1350.0 90 -32 21.458 20.943999999999992 270
525.0 137.02499999999998 9 1200.0 -675.0 90 -34 52.492000000000026 40.78100000000001 135
810.0 108.15500000000004 7 810.0 0.0 0 -29 27.447999999999993 33.81900000000002 0
165.0 180.00399999999996 15 1500.0 -1335.0 89 -50 60.872000000000014 48.34099999999998 267
930.0 129.543 11 930.0 -835.0 69 -30 47.435999999999986 37.339 167
600.0 108.30499999999999 10 600.0 -2025.0 50 -31 31.833999999999996 20.139 405
900.0 121.185 12 900.0 0.0 0 -30 40.13499999999999 36.509 0
-105.0 175.24899999999997 11 1230.0 -1335.0 89 -46 57.75499999999998 42.50699999999999 267
720.0 89.99600000000001 12 720.0 0.0 0 -31 31.716 15.39 0
660.0 109.64 9 660.0 0.0 0 -31 30.18 26.756999999999998 0
810.0 107.69099999999999 8 810.0 0.0 0 -29 24.935999999999996 30.521 0
840.0 136.24999999999997 11 840.0 0.0 0 -38 39.89199999999999 27.51499999999999 0
-650.0 130.421 8 1110.0 -1760.0 87 -32 50.79600000000002 39.52899999999998 352
930.0 129.45299999999997 8 930.0 0.0 0 -29 42.326 44.328999999999986 0
750.0 138.04899999999998 10 750.0 0.0 0 -33 48.410999999999994 32.45899999999999 0
720.0 126.03699999999995 10 720.0 -1615.0 40 -33 46.29499999999999 26.410999999999998 323
1050.0 112.90099999999998 8 1050.0 -2140.0 53 -31 37.211 34.195999999999984 428
-530.0 138.50099999999998 10 1230.0 -1765.0 87 -42 31.224 36.87499999999999 353
780.0 127.44199999999996 9 780.0 0.0 0 -33 42.76199999999999 27.710000000000004 0
930.0 131.64499999999998 14 930.0 0.0 0 -33 50.14199999999998 35.493 0
-125.0 145.558 14 990.0 -1055.0 87 -43 41.77899999999999 29.950000000000003 211
1140.0 109.834 6 1140.0 -2185.0 54 -30 33.272999999999996 39.876 437
690.0 110.51599999999999 11 690.0 0.0 0 -32 35.31899999999999 24.371 0
630.0 139.289 13 630.0 0.0 0 -33 53.035999999999994 25.536999999999995 0
355.0 131.687 7 1410.0 -1055.0 87 -38 37.977 44.32699999999998 211
780.0 132.28700000000003 10 780.0 -1140.0 28 -35 43.67999999999999 31.583 228
1165.0 179.90899999999996 11 1830.0 -685.0 89 -51 43.781 39.605 137
1470.0 287.25 18 1710.0 -240.0 80 -66 106.49199999999993 66.69900000000001 16
840.0 140.67499999999995 12 840.0 0.0 0 -36 51.00099999999999 34.72500000000001 0
720.0 98.58999999999999 9 720.0 0.0 0 -29 26.674 17.759 0
1335.0 321.33200000000005 16 2430.0 -1065.0 88 -74 100.05700000000002 94.452 213
840.0 131.35 13 840.0 -1630.0 40 -39 42.489999999999995 25.009 326
1470.0 143.63600000000002 8 1470.0 0.0 0 -30 57.613000000000014 54.53699999999999 0
780.0 93.257 8 780.0 0.0 0 -29 19.055999999999997 27.050999999999995 0
-615.0 131.29099999999994 12 720.0 -1335.0 89 -38 39.008999999999986 26.509 267
1965.0 267.9899999999999 20 2220.0 -255.0 85 -69 66.76799999999999 80.212 17
840.0 152.725 10 840.0 0.0 0 -37 54.152999999999984 25.395999999999994 0
1110.0 131.16499999999996 11 1110.0 -1040.0 86 -30 40.60299999999999 49.12599999999998 208
-405.0 98.85099999999998 8 930.0 -1335.0 89 -32 25.144999999999996 23.531000000000002 267
1335.0 224.23 15 1590.0 -255.0 85 -56 66.61599999999999 61.492999999999995 17
1050.0 116.57000000000002 8 1050.0 0.0 0 -33 26.154999999999998 39.62100000000002 0
535.0 172.29999999999998 17 1200.0 -665.0 88 -49 53.40399999999998 31.159 133
355.0 162.94500000000002 13 1020.0 -665.0 88 -40 56.834999999999994 44.834999999999994 133
1405.0 228.78699999999998 15 2070.0 -665.0 88 -53 81.54399999999997 71.42699999999999 133
-120.0 174.881 15 1230.0 -1350.0 90 -41 59.815000000000005 50.90799999999998 270
315.0 162.57299999999995 18 990.0 -695.0 91 -42 55.804999999999986 39.774 139
-90.0 139.04399999999998 11 990.0 -1080.0 90 -39 38.39999999999999 40.129 216
1110.0 138.045 9 1110.0 -1320.0 33 -30 55.43900000000002 43.65199999999999 264
1290.0 122.98100000000001 5 1290.0 0.0 0 -29 35.435000000000024 49.538 0
1990.0 230.05099999999996 17 2520.0 -545.0 89 -65 66.73800000000001 71.759 56
990.0 112.907 9 990.0 -1860.0 46 -29 39.79 29.06399999999999 372
575.0 205.77599999999995 19 1200.0 -625.0 88 -57 67.58399999999997 38.968999999999994 125
990.0 141.98300000000003 9 990.0 -1935.0 48 -34 51.366000000000014 34.806000000000004 387
1110.0 149.142 8 1110.0 0.0 0 -34 58.13199999999999 42.576999999999984 0
505.0 244.45000000000002 15 1560.0 -1055.0 87 -56 102.49499999999999 56.938999999999965 211
1230.0 157.791 14 1230.0 -680.0 56 -41 49.816999999999986 45.440999999999995 136
-135.0 179.677 16 1200.0 -1335.0 89 -53 56.583 36.519999999999996 267
720.0 130.16699999999994 10 720.0 0.0 0 -33 49.84699999999999 25.442000000000004 0
735.0 224.79099999999994 17 1410.0 -675.0 90 -47 87.86599999999997 65.527 135
930.0 116.568 9 930.0 0.0 0 -29 34.553 29.366999999999994 0
630.0 118.76099999999997 9 630.0 0.0 0 -31 36.57799999999999 27.269 0
660.0 126.49299999999997 9 660.0 0.0 0 -29 44.08699999999999 27.462999999999997 0
1140.0 124.08599999999998 8 1140.0 -980.0 24 -32 27.112 41.015 196
1590.0 233.89300000000003 17 1830.0 -240.0 80 -65 65.642 67.721 16
-860.0 118.54100000000001 14 900.0 -1760.0 87 -31 46.422 35.102999999999994 352
930.0 130.47500000000002 10 930.0 -1895.0 47 -30 41.698 28.139999999999997 379
1320.0 168.13400000000004 13 1320.0 0.0 0 -35 63.387 67.48299999999999 0
1875.0 265.949 16 2130.0 -255.0 85 -61 75.25199999999998 89.84500000000004 17
1410.0 165.97600000000003 9 1410.0 0.0 0 -39 57.752999999999986 55.85100000000002 0
1050.0 151.598 8 1050.0 -1085.0 54 -35 55.16600000000002 45.084 217
-705.0 126.07699999999997 11 630.0 -1335.0 89 -33 37.182 20.882 267
810.0 105.22999999999998 13 810.0 0.0 0 -29 35.042 25.825000000000006 0
900.0 116.51000000000002 6 900.0 0.0 0 -32 35.31899999999999 30.479000000000017 0
840.0 112.642 10 840.0 0.0 0 -29 40.709 30.526 0
750.0 103.54799999999997 5 750.0 0.0 0 -29 25.794999999999995 26.817999999999998 0
1080.0 128.56 10 1080.0 -1875.0 46 -31 54.87800000000002 39.76899999999998 375
325.0 176.70999999999992 16 990.0 -665.0 88 -44 55.57299999999998 43.37499999999999 133
1230.0 126.445 10 1230.0 0.0 0 -32 46.644 42.908999999999985 0
990.0 114.39299999999999 6 990.0 -2455.0 61 -29 31.253000000000004 35.782999999999994 491
990.0 145.79999999999993 10 990.0 -1105.0 73 -35 54.660999999999994 35.102999999999994 221
960.0 108.37599999999999 9 960.0 -1360.0 34 -33 25.517999999999997 31.227 272
870.0 113.636 10 870.0 -1810.0 45 -32 37.45599999999999 24.750999999999994 362
-180.0 160.96899999999997 12 1170.0 -1350.0 90 -46 46.89999999999999 42.462999999999994 270
1140.0 137.127 10 1140.0 -1225.0 30 -33 45.277000000000015 39.44999999999999 245
-1030.0 148.95499999999998 13 750.0 -1780.0 89 -38 56.827 36.93599999999999 356
105.0 152.32999999999998 12 1170.0 -1065.0 88 -44 55.493999999999986 35.03 213
1020.0 110.623 9 1020.0 -1650.0 41 -32 30.324999999999992 31.49899999999999 330
435.0 181.12999999999997 15 1110.0 -675.0 90 -51 58.21299999999999 42.331 135
1170.0 103.23399999999998 6 1170.0 -2315.0 57 -32 19.759 38.56899999999999 463
-105.0 157.63899999999998 15 1200.0 -1325.0 87 -47 52.12999999999999 31.295 265
1695.0 224.069 14 1950.0 -255.0 85 -55 82.394 70.33699999999999 17
780.0 95.41599999999998 7 780.0 0.0 0 -29 28.584999999999994 18.676999999999996 0
690.0 121.34099999999998 9 690.0 0.0 0 -31 47.55999999999999 23.538000000000004 0
570.0 127.411 9 570.0 0.0 0 -32 45.003999999999984 21.673999999999992 0
495.0 185.23799999999994 14 1170.0 -675.0 90 -46 65.07599999999998 40.97500000000001 135
870.0 131.135 9 870.0 0.0 0 -30 45.622 41.50499999999999 0
1110.0 136.345 8 1110.0 0.0 0 -35 37.66199999999997 37.58700000000002 0
1455.0 246.91999999999996 15 2130.0 -675.0 90 -57 87.66400000000002 73.75699999999998 135
-105.0 170.28699999999998 12 1230.0 -1335.0 89 -41 64.208 45.11199999999999 267
630.0 118.98099999999998 11 630.0 -1970.0 49 -29 42.588999999999984 22.043999999999997 394
450.0 244.414 11 1770.0 -1320.0 88 -65 62.119 63.578 264
510.0 132.59599999999998 11 510.0 0.0 0 -31 43.65699999999998 21.932 0
-390.0 152.07799999999995 10 960.0 -1380.0 92 -36 59.321999999999996 36.17600000000001 276
325.0 145.665 14 990.0 -670.0 88 -39 47.38899999999999 35.047 134
720.0 118.47199999999997 9 720.0 0.0 0 -33 37.196 10.402000000000001 0
870.0 93.95799999999998 8 870.0 -2470.0 61 -29 25.35199999999999 20.513999999999996 494
1470.0 218.95300000000006 15 1740.0 -270.0 90 -54 66.361 70.20299999999997 18
285.0 143.35500000000002 11 960.0 -675.0 90 -35 55.635999999999996 41.41 135
-195.0 192.60699999999994 11 1140.0 -1335.0 89 -48 68.16300000000003 39.953999999999986 267
-540.0 144.902 14 810.0 -1355.0 90 -37 55.067999999999984 30.025999999999996 271
285.0 175.258 12 1350.0 -1065.0 88 -41 59.757999999999996 59.29699999999998 213
780.0 131.73999999999995 13 780.0 -1030.0 68 -35 43.49399999999999 25.724 206
1135.0 303.72299999999996 18 1800.0 -680.0 88 -66 134.311 61.08299999999997 136
-630.0 126.02599999999997 9 720.0 -1350.0 90 -34 44.264999999999986 28.390999999999995 270
-435.0 139.63599999999997 12 900.0 -1335.0 89 -41 37.98299999999999 29.603 267
1110.0 108.95900000000002 7 1110.0 0.0 0 -30 34.20499999999999 28.07899999999999 0
1080.0 120.02599999999998 8 1080.0 0.0 0 -31 34.87499999999999 43.776999999999994 0
705.0 206.47599999999994 16 1380.0 -675.0 90 -57 65.75299999999999 49.858999999999995 135
465.0 183.61799999999994 18 1140.0 -675.0 90 -45 65.04499999999997 43.355 135
870.0 123.05400000000002 10 870.0 0.0 0 -34 38.464999999999996 26.34699999999999 0
750.0 127.79199999999996 11 750.0 0.0 0 -31 39.37299999999998 33.443 0
1290.0 185.11700000000002 13 1290.0 0.0 0 -40 69.29299999999999 51.41599999999998 0
-480.0 140.99999999999997 15 870.0 -1350.0 90 -36 50.49199999999998 34.06399999999999 270
505.0 174.57299999999998 13 1560.0 -1055.0 87 -46 59.76799999999999 50.045999999999985 211
1170.0 134.74299999999997 11 1170.0 0.0 0 -32 56.56299999999999 34.86800000000001 0
810.0 120.85700000000001 12 810.0 0.0 0 -34 40.148999999999994 28.174 0
165.0 161.80499999999998 13 1230.0 -1105.0 94 -44 50.18799999999998 40.84099999999999 217
1260.0 103.17500000000001 6 1260.0 0.0 0 -29 32.63700000000003 32.475 0
930.0 145.587 16 930.0 -1030.0 25 -32 60.188999999999986 34.826 206
-105.0 140.338 13 1230.0 -1335.0 89 -41 49.58999999999999 36.812 267
1345.0 227.26 12 2010.0 -665.0 88 -52 83.31700000000001 72.28299999999999 133
870.0 129.9159999999999 9 870.0 0.0 0 -33 39.63399999999999 26.82999999999999 0
255.0 192.995 14 1320.0 -1075.0 88 -47 59.39799999999998 57.205000000000005 215
2235.0 321.08899999999994 17 2490.0 -255.0 85 -81 86.393 85.63000000000002 17
1485.0 234.344 17 1740.0 -255.0 85 -59 73.665 60.87300000000001 17
870.0 117.93999999999998 12 870.0 -2095.0 52 -30 36.01899999999999 29.502 419
585.0 207.16500000000005 15 1920.0 -1335.0 89 -51 80.99300000000001 66.71799999999996 267
780.0 93.46599999999997 6 780.0 0.0 0 -29 15.151999999999996 15.803999999999991 0
930.0 122.166 12 930.0 -1255.0 31 -32 34.639999999999986 26.786999999999992 251
1050.0 176.31299999999996 11 1050.0 -1275.0 31 -39 62.636 49.148 255
-90.0 163.113 9 1230.0 -1320.0 88 -37 58.15600000000002 48.31300000000001 264
1050.0 135.34900000000002 9 1050.0 0.0 0 -35 43.472000000000016 30.489999999999995 0
810.0 131.06999999999994 12 810.0 -1635.0 40 -36 47.13799999999999 24.028 327
-670.0 139.20399999999995 7 1110.0 -1780.0 89 -36 50.38400000000002 39.345999999999975 356
355.0 118.971 12 1020.0 -665.0 88 -33 40.611 31.221999999999998 133
210.0 184.2479999999999 15 1290.0 -1080.0 90 -45 61.86199999999999 41.53999999999999 216
960.0 118.25299999999997 9 960.0 -1245.0 83 -35 33.35999999999999 22.804999999999993 249
750.0 111.69599999999998 9 750.0 -2320.0 57 -29 43.56699999999999 22.837999999999997 464
690.0 100.86199999999998 7 690.0 0.0 0 -29 25.079 26.105 0
990.0 143.39300000000003 9 990.0 -820.0 20 -31 58.581999999999994 43.52999999999999 164
780.0 131.073 10 780.0 -1060.0 26 -31 47.32699999999999 33.626 212
315.0 241.72899999999998 13 1650.0 -1335.0 89 -54 95.754 60.711999999999975 267
990.0 139.08299999999997 13 990.0 -1220.0 61 -31 52.388999999999996 39.144 244
1380.0 161.34799999999998 8 1380.0 -1445.0 72 -32 67.308 55.01899999999996 289
555.0 168.97200000000004 12 1230.0 -675.0 90 -38 61.472 42.942000000000014 135
435.0 181.66599999999994 14 1500.0 -1065.0 88 -51 60.05699999999999 47.34099999999999 213
-240.0 216.285 17 1080.0 -1320.0 88 -48 80.961 41.542 264
1290.0 148.76899999999998 10 1290.0 -2190.0 54 -36 53.99299999999999 46.041999999999994 438
900.0 113.43299999999999 13 900.0 0.0 0 -32 39.629999999999995 28.176 0
720.0 119.51700000000002 10 720.0 0.0 0 -30 33.17 32.742999999999995 0
-300.0 125.04400000000005 8 1020.0 -1320.0 88 -33 26.905999999999995 41.209000000000024 264
-345.0 169.02399999999994 12 990.0 -1335.0 89 -44 44.96400000000001 43.56399999999998 267
2175.0 355.8999999999999 21 2430.0 -255.0 85 -88 123.11199999999998 91.95300000000002 17
990.0 135.899 11 990.0 0.0 0 -31 45.708999999999996 36.74199999999998 0
1275.0 233.7359999999999 15 1950.0 -675.0 90 -66 55.71499999999999 69.98499999999997 135
600.0 106.92699999999999 8 600.0 0.0 0 -29 33.15299999999999 22.991999999999994 0
750.0 147.327 7 750.0 0.0 0 -35 48.97399999999998 31.652000000000022 0
960.0 134.242 10 960.0 0.0 0 -29 44.878999999999984 41.562000000000005 0
840.0 122.05599999999998 12 840.0 0.0 0 -34 38.56799999999999 27.595999999999997 0
1290.0 120.46400000000003 8 1290.0 0.0 0 -29 33.17399999999999 46.114000000000026 0
750.0 143.57199999999995 10 750.0 0.0 0 -37 40.16999999999999 26.542999999999992 0
1140.0 117.93499999999997 10 1140.0 -1675.0 83 -31 42.18299999999999 22.86 335
465.0 221.17699999999994 16 1800.0 -1335.0 89 -57 69.444 57.03599999999997 267
1980.0 338.393 23 2250.0 -270.0 90 -86 113.411 80.798 18
-1110.0 120.08999999999996 11 690.0 -1800.0 90 -34 34.16199999999999 20.408000000000005 360
255.0 179.25699999999995 14 1320.0 -1065.0 88 -50 61.04599999999999 43.867999999999995 213
930.0 141.54199999999994 11 930.0 -970.0 48 -31 56.39099999999999 37.05499999999999 194
990.0 135.994 10 990.0 0.0 0 -33 41.78799999999999 40.741 0
1140.0 159.66799999999998 9 1140.0 -755.0 18 -33 60.09599999999999 55.10299999999999 151
900.0 130.29 11 900.0 0.0 0 -30 49.032 35.43099999999999 0
505.0 169.747 13 1170.0 -665.0 88 -43 55.02799999999999 38.385999999999996 133
-215.0 165.085 13 840.0 -1055.0 87 -40 65.02999999999999 33.67 211
1495.0 235.57299999999998 14 2160.0 -665.0 88 -46 96.79200000000003 92.54800000000002 133
1605.0 245.33599999999996 16 1860.0 -255.0 85 -58 81.33999999999999 79.71999999999998 17
2235.0 297.15400000000005 15 2490.0 -255.0 85 -81 55.55299999999999 100.04400000000004 17
-300.0 149.163 12 1050.0 -1350.0 90 -36 50.774000000000015 32.596 270
780.0 133.29899999999998 12 780.0 0.0 0 -32 49.079999999999984 29.239 0
1140.0 137.314 7 1140.0 -2270.0 56 -31 45.17099999999999 44.596999999999994 454
495.0 128.72099999999998 11 1170.0 -675.0 90 -35 43.901 40.29099999999999 135
990.0 150.07199999999997 13 990.0 -1050.0 52 -35 53.057999999999986 39.629 210
840.0 112.67699999999999 11 840.0 0.0 0 -31 28.743999999999996 25.993999999999996 0
-90.0 163.09599999999995 10 1260.0 -1350.0 90 -44 51.65099999999999 44.30799999999999 270
840.0 138.016 11 840.0 0.0 0 -33 51.398999999999994 37.237 0
805.0 179.67399999999998 15 1470.0 -665.0 88 -39 69.46900000000004 58.29900000000001 133
1080.0 132.906 9 1080.0 -1670.0 41 -29 56.548000000000016 36.49899999999998 334
690.0 110.41499999999996 9 690.0 0.0 0 -32 28.122999999999994 24.125999999999998 0
930.0 127.61200000000005 5 930.0 0.0 0 -30 29.256000000000025 36.285000000000025 0
840.0 98.38499999999999 10 840.0 0.0 0 -30 32.139 26.235 0
1740.0 288.27399999999983 19 2010.0 -270.0 90 -62 109.22899999999998 87.18799999999999 18
720.0 127.12799999999996 11 720.0 0.0 0 -31 48.797 30.985999999999997 0
1140.0 247.668 14 1800.0 -660.0 88 -59 76.23099999999998 70.87500000000001 132
1225.0 242.85100000000006 16 1890.0 -665.0 88 -56 100.41500000000002 73.63099999999996 133
900.0 151.72599999999994 12 900.0 -2025.0 50 -32 57.60299999999998 47.49599999999998 405
690.0 123.26399999999997 12 690.0 0.0 0 -35 28.987999999999992 13.406 0
930.0 142.539 12 930.0 0.0 0 -34 45.793000000000006 38.93900000000001 0
690.0 124.059 9 690.0 -2280.0 56 -30 52.38199999999999 26.431 456
720.0 124.84999999999998 11 720.0 0.0 0 -30 47.721 27.445 0
780.0 133.642 12 780.0 -1465.0 36 -31 48.01499999999999 38.39999999999999 293
870.0 143.58699999999996 11 870.0 0.0 0 -35 49.838000000000015 41.00899999999999 0
690.0 114.75599999999997 10 690.0 0.0 0 -30 35.251999999999995 28.680999999999997 0
960.0 125.84099999999998 11 960.0 -1205.0 60 -30 53.221999999999994 32.793 241
-30.0 144.45199999999997 12 1050.0 -1080.0 90 -41 52.615999999999985 29.026999999999994 216
-555.0 137.42999999999995 10 780.0 -1335.0 89 -33 56.97599999999998 31.820999999999994 267
1380.0 184.261 10 1380.0 0.0 0 -31 81.034 63.77799999999996 0
1695.0 257.7780000000001 16 1950.0 -255.0 85 -59 69.655 80.62300000000002 17
1110.0 145.63599999999997 16 1110.0 -1800.0 45 -34 52.440999999999995 40.144999999999996 360
900.0 142.17799999999994 12 900.0 -1145.0 76 -30 53.537 39.78799999999998 229
45.0 134.48599999999996 8 1110.0 -1065.0 88 -33 45.977999999999994 42.83399999999998 213
1260.0 140.15200000000004 7 1260.0 0.0 0 -30 53.44500000000002 48.22799999999998 0
720.0 118.61099999999998 12 720.0 -2130.0 53 -32 43.24699999999999 20.327999999999996 426
240.0 152.21599999999998 8 1590.0 -1350.0 90 -37 55.25400000000002 51.890999999999984 270
1110.0 139.82999999999998 9 1110.0 0.0 0 -34 45.46399999999999 45.54699999999999 0
1230.0 140.67399999999998 9 1230.0 -1325.0 66 -29 54.09900000000002 47.341999999999985 265
990.0 118.74099999999999 6 990.0 0.0 0 -34 21.259999999999998 42.73199999999999 0
900.0 114.485 10 900.0 0.0 0 -31 40.45399999999999 31.344999999999995 0
1110.0 135.60199999999998 12 1110.0 -1370.0 34 -34 45.413999999999994 44.64199999999998 274
960.0 136.89999999999998 10 960.0 0.0 0 -32 45.955 40.81699999999999 0
-360.0 173.24200000000002 16 990.0 -1350.0 90 -43 58.937999999999995 43.048 270
1095.0 257.054 19 1350.0 -255.0 85 -63 81.26399999999997 60.91299999999999 17
1075.0 231.94500000000005 19 1740.0 -665.0 88 -61 83.938 55.580999999999996 133
175.0 147.163 14 840.0 -665.0 88 -40 47.72699999999999 27.419 133
-600.0 131.51199999999994 13 750.0 -1350.0 90 -38 37.07199999999999 21.413 270
1110.0 141.511 10 1110.0 -1985.0 49 -33 47.739 41.38699999999999 397
810.0 123.37799999999999 13 810.0 -1630.0 40 -31 41.886 30.682 326
870.0 101.341 10 870.0 -1620.0 40 -31 31.454 20.304000000000002 324
810.0 139.84100000000004 8 810.0 0.0 0 -31 57.26700000000001 30.65099999999999 0
960.0 118.01899999999998 11 960.0 -1060.0 26 -31 41.934 33.779999999999994 212
810.0 129.21299999999997 10 810.0 -1545.0 38 -31 42.450999999999986 36.785999999999994 309
750.0 115.05199999999999 9 750.0 -1100.0 55 -29 42.945 22.814999999999998 220
720.0 170.87799999999996 11 720.0 -2085.0 52 -37 69.59599999999999 28.740999999999996 417
1690.0 337.854 19 2340.0 -650.0 86 -80 120.80199999999999 79.83900000000001 130
930.0 105.746 5 930.0 0.0 0 -30 28.789999999999996 33.146000000000015 0
1230.0 113.442 13 1230.0 -1515.0 75 -31 38.288 37.394999999999996 303
840.0 120.83899999999996 8 840.0 0.0 0 -31 46.02399999999998 27.868999999999993 0
315.0 176.56900000000002 13 1380.0 -1065.0 88 -48 45.66799999999998 48.22600000000002 213
-300.0 151.655 15 1050.0 -1350.0 90 -46 39.739000000000004 25.203 270
930.0 109.86599999999999 11 930.0 0.0 0 -32 34.766 27.618 0
660.0 125.35899999999998 10 660.0 -980.0 65 -32 47.40699999999998 23.443 196
435.0 213.90599999999992 15 1770.0 -1335.0 89 -51 77.367 61.366 267
600.0 126.23899999999998 10 600.0 -2515.0 62 -31 45.24399999999998 19.592000000000002 503
1290.0 144.902 11 1290.0 -1740.0 43 -32 56.77500000000002 51.00299999999997 348
1140.0 128.891 8 1140.0 0.0 0 -32 49.14500000000002 39.64199999999998 0
1545.0 268.7249999999999 22 1800.0 -255.0 85 -61 104.556 74.57999999999998 17
-670.0 135.045 12 1110.0 -1780.0 89 -35 53.131999999999984 35.80599999999999 356
810.0 103.19 7 810.0 0.0 0 -29 23.979000000000003 32.870999999999995 0
805.0 181.44499999999996 14 1470.0 -665.0 88 -48 67.16599999999997 38.178 133
-285.0 159.006 11 1020.0 -1305.0 86 -35 61.94799999999998 39.673999999999985 261
870.0 105.96499999999997 10 870.0 0.0 0 -30 28.734999999999996 29.136 0
990.0 108.43799999999997 12 990.0 0.0 0 -31 37.596999999999994 24.761 0
120.0 153.84999999999997 13 1200.0 -1105.0 91 -45 47.61299999999999 41.272999999999996 221
145.0 158.76999999999998 12 1200.0 -1055.0 87 -39 56.596999999999994 37.28499999999999 211
825.0 213.38499999999996 15 1500.0 -675.0 90 -54 79.33000000000001 51.11200000000001 135
900.0 111.71399999999997 10 900.0 0.0 0 -32 33.31599999999999 25.100999999999992 0
-390.0 119.52099999999999 8 930.0 -1320.0 88 -31 41.37099999999999 31.268999999999988 264
255.0 189.0349999999999 15 1320.0 -1065.0 88 -55 55.75899999999998 39.55599999999998 213
600.0 200.13299999999998 13 1680.0 -1080.0 90 -49 68.09699999999998 62.765 216
1320.0 181.64800000000002 9 1320.0 -1465.0 36 -35 71.37600000000002 60.8 293
1755.0 233.78000000000003 19 2010.0 -255.0 85 -71 69.06399999999998 59.22499999999998 17
930.0 135.09199999999998 12 930.0 0.0 0 -34 43.60999999999999 33.262 0
105.0 156.36599999999993 10 1410.0 -1325.0 86 -39 52.37000000000002 50.689 265
-125.0 148.95999999999998 11 930.0 -1070.0 88 -36 51.489 43.39499999999999 214
1080.0 144.548 9 1080.0 0.0 0 -33 51.03900000000002 46.88899999999997 0
1350.0 153.63499999999996 12 1350.0 -1580.0 39 -34 48.65999999999999 57.917999999999985 316
480.0 177.46599999999995 12 1560.0 -1080.0 90 -45 56.424 60.038000000000004 216
210.0 189.01199999999997 13 1320.0 -1110.0 100 -47 66.32900000000001 40.17999999999999 218
10.0 146.05599999999998 6 1050.0 -1040.0 86 -33 43.394999999999996 50.33499999999998 208
870.0 121.14599999999997 10 870.0 -1975.0 49 -31 40.643 36.410000000000004 395
960.0 125.38799999999998 9 960.0 -2175.0 54 -30 49.97999999999999 33.835999999999984 435
1020.0 134.53 7 1020.0 0.0 0 -32 49.35700000000002 33.567999999999984 0
-120.0 147.82799999999997 14 960.0 -1080.0 90 -39 51.584999999999994 30.122000000000003 216
-630.0 140.586 11 720.0 -1350.0 90 -36 50.366 29.457 270
1500.0 160.88300000000007 8 1500.0 -2410.0 60 -36 59.91800000000002 60.98599999999997 482
-270.0 168.90499999999994 13 1080.0 -1350.0 90 -44 50.44099999999999 23.907 270
870.0 124.10699999999994 12 870.0 -1605.0 40 -32 42.22699999999999 27.966999999999995 321
750.0 107.73699999999995 10 750.0 -1935.0 48 -30 36.059999999999995 21.113999999999997 387
660.0 136.82199999999997 12 660.0 0.0 0 -32 52.16799999999999 30.147 0
930.0 131.08099999999996 10 930.0 0.0 0 -30 52.969999999999985 31.182000000000002 0
-35.0 163.41799999999998 11 1020.0 -1055.0 87 -35 56.3 38.495999999999995 211
1080.0 129.10600000000002 11 1080.0 0.0 0 -30 50.913999999999994 37.28999999999999 0
30.0 188.104 16 1380.0 -1350.0 90 -49 60.02899999999999 41.80399999999999 270
-320.0 166.56 12 1440.0 -1770.0 87 -50 52.14999999999999 39.126999999999995 354
810.0 115.83999999999997 9 810.0 0.0 0 -29 32.547 39.38399999999999 0
960.0 116.25800000000001 10 960.0 0.0 0 -33 36.469999999999985 33.615 0
1080.0 144.42300000000006 11 1080.0 -1065.0 26 -34 54.10199999999999 45.49700000000001 213
1170.0 143.21200000000002 7 1170.0 0.0 0 -29 50.59600000000002 55.448 0
2055.0 254.432 15 2310.0 -255.0 85 -56 79.61599999999999 96.66799999999998 17
990.0 134.99299999999997 12 990.0 0.0 0 -34 51.41 38.901 0
1050.0 110.81399999999998 9 1050.0 0.0 0 -31 32.94 31.764999999999986 0
1215.0 198.98100000000005 16 1470.0 -255.0 85 -49 52.44499999999999 52.094000000000015 17
1140.0 132.546 11 1140.0 0.0 0 -35 50.71799999999998 38.496999999999986 0
1350.0 146.798 11 1350.0 0.0 0 -32 58.580000000000005 45.980999999999995 0
820.0 198.07399999999993 14 1470.0 -650.0 86 -45 72.50199999999998 56.98899999999999 130
-270.0 160.099 10 1080.0 -1350.0 90 -39 58.109999999999985 40.01 270
780.0 210.1769999999999 12 2130.0 -1350.0 90 -51 51.36199999999999 89.48299999999999 270
590.0 211.61899999999997 11 1680.0 -1090.0 90 -47 78.24000000000004 67.33400000000002 218
1410.0 170.778 10 1410.0 0.0 0 -32 68.29 62.08799999999998 0
445.0 196.23799999999997 13 1110.0 -665.0 88 -45 68.84399999999998 44.94500000000001 133
-1000.0 159.251 10 780.0 -1780.0 89 -38 51.60599999999999 33.75000000000001 356
1165.0 232.61899999999991 14 1830.0 -665.0 88 -56 72.36700000000002 60.28200000000001 133
990.0 122.02099999999996 6 990.0 -2665.0 66 -29 54.122000000000014 27.375 533
840.0 237.644 12 2190.0 -1350.0 90 -51 84.44700000000005 88.74799999999996 270
1300.0 204.74800000000002 13 1920.0 -620.0 87 -59 45.228999999999985 62.65600000000001 124
1560.0 123.63399999999999 9 1560.0 0.0 0 -32 36.01999999999999 37.731999999999985 0
465.0 179.89399999999998 13 1530.0 -1065.0 88 -51 54.36099999999999 45.61299999999999 213
540.0 133.03499999999997 9 540.0 0.0 0 -31 41.08399999999998 24.74299999999999 0
535.0 204.829 13 1590.0 -1065.0 87 -43 78.82000000000001 69.91700000000002 213
45.0 184.06400000000005 15 1110.0 -1065.0 88 -48 54.80299999999999 42.597 213
690.0 115.511 10 690.0 -1125.0 28 -30 32.025999999999996 24.026999999999994 225
745.0 240.45299999999997 15 1800.0 -1055.0 87 -53 85.884 68.862 211
1015.0 255.76400000000004 14 2070.0 -1055.0 87 -52 111.74400000000004 80.53599999999997 211
930.0 145.601 9 930.0 0.0 0 -35 50.72900000000003 27.265 0
-390.0 133.86799999999997 10 690.0 -1080.0 90 -36 40.345 28.020999999999997 216
1230.0 129.563 12 1230.0 0.0 0 -33 50.613 40.93699999999999 0
780.0 140.768 8 780.0 0.0 0 -29 55.93799999999999 43.213999999999984 0
900.0 133.12399999999997 9 900.0 -1795.0 44 -32 54.13600000000002 30.433000000000003 359
1260.0 154.601 13 1260.0 -565.0 75 -31 52.073 56.52499999999999 113
1050.0 140.98600000000005 10 1050.0 0.0 0 -30 54.00400000000002 43.50999999999998 0
600.0 123.46199999999995 10 600.0 0.0 0 -31 46.651999999999994 25.303 0
690.0 106.44699999999996 10 690.0 0.0 0 -29 34.80299999999999 23.119 0
-710.0 141.43799999999996 7 1050.0 -1760.0 87 -33 48.28100000000002 46.904999999999994 352
1200.0 213.07799999999995 15 1440.0 -240.0 80 -54 68.45499999999998 45.16600000000001 16
960.0 108.94099999999999 8 960.0 0.0 0 -29 35.910000000000004 29.91499999999999 0
810.0 125.29299999999999 11 810.0 -1665.0 41 -32 46.546 28.3 333
-105.0 168.43999999999994 13 1320.0 -1335.0 89 -40 64.15099999999998 48.62399999999999 267
1950.0 272.2350000000001 17 2190.0 -240.0 80 -76 74.80999999999999 76.29100000000003 16
510.0 113.75099999999999 10 510.0 0.0 0 -29 41.19599999999999 19.853 0
810.0 140.686 14 810.0 -2070.0 51 -34 52.129999999999995 33.88499999999999 414
1290.0 127.96700000000004 6 1290.0 -2610.0 65 -33 45.72500000000002 37.41399999999998 522
900.0 114.24599999999998 10 900.0 0.0 0 -29 36.379 29.373999999999995 0
840.0 128.93399999999997 12 840.0 0.0 0 -30 48.18099999999998 33.282999999999994 0
900.0 146.47199999999995 10 900.0 -1085.0 27 -35 58.85399999999999 33.595 217
945.0 197.65200000000002 12 1620.0 -675.0 90 -49 61.008999999999965 52.315000000000005 135
1350.0 166.08399999999995 12 1350.0 0.0 0 -37 62.48000000000002 55.19799999999997 0
1560.0 164.23700000000002 8 1560.0 -1365.0 34 -29 79.16800000000006 59.33799999999995 273
1110.0 130.172 10 1110.0 -1575.0 39 -29 46.37200000000001 43.50399999999999 315
1260.0 160.82399999999998 7 1260.0 0.0 0 -40 48.140999999999984 45.61300000000002 0
420.0 182.42799999999994 13 1500.0 -1080.0 90 -43 65.20999999999998 53.829 216
810.0 104.90199999999997 10 810.0 -2045.0 51 -32 26.425999999999995 21.711999999999996 409
445.0 158.02700000000004 13 1110.0 -665.0 88 -39 57.04299999999999 40.056000000000004 133
-375.0 116.29599999999998 12 960.0 -1335.0 89 -39 34.07899999999999 21.364000000000004 267
-1030.0 133.27099999999996 10 750.0 -1780.0 89 -37 42.274999999999984 25.239 356
-390.0 123.90599999999998 11 960.0 -1350.0 90 -34 38.8 30.99099999999999 270
385.0 199.43199999999993 15 1440.0 -1075.0 88 -56 52.68399999999999 55.31199999999997 215
960.0 107.16999999999996 7 960.0 0.0 0 -31 30.086999999999993 26.859999999999996 0
1725.0 261.67600000000004 13 1980.0 -255.0 85 -55 81.57600000000004 83.13599999999997 17
2100.0 248.764 15 2370.0 -270.0 90 -69 60.79999999999998 52.445 18
825.0 227.9259999999999 16 1500.0 -675.0 90 -51 90.33299999999998 50.94599999999999 135
750.0 122.52299999999998 10 750.0 -1645.0 41 -31 41.245999999999995 27.323 329
315.0 150.71699999999998 14 990.0 -685.0 90 -42 43.93799999999999 32.55299999999999 137
145.0 191.24399999999997 19 1200.0 -1055.0 87 -53 60.694999999999986 42.27000000000001 211
1110.0 118.29899999999999 8 1110.0 -1755.0 43 -30 37.545 42.770999999999994 351
990.0 143.95999999999998 7 990.0 0.0 0 -30 55.85900000000002 39.92199999999998 0
0.0 160.06599999999997 9 1350.0 -1350.0 90 -40 47.255 48.39800000000001 270
25.0 162.281 15 1080.0 -1055.0 87 -46 54.970999999999975 37.461 211
1075.0 220.32399999999998 12 1740.0 -665.0 88 -49 89.71199999999999 69.69999999999999 133
840.0 128.741 9 840.0 0.0 0 -30 44.245 40.602999999999994 0
930.0 129.72099999999998 14 930.0 0.0 0 -33 47.38499999999999 31.402999999999995 0
1110.0 130.45599999999996 9 1110.0 0.0 0 -30 44.76399999999999 41.87599999999999 0
960.0 114.771 10 960.0 -1725.0 43 -30 39.730999999999995 32.139999999999986 345
390.0 200.9030000000001 12 1710.0 -1320.0 88 -48 62.45799999999999 65.63100000000001 264
840.0 131.81199999999998 13 840.0 -1045.0 26 -30 51.21299999999998 32.008 209
840.0 126.70699999999997 10 840.0 0.0 0 -32 51.545999999999985 26.541999999999998 0
840.0 103.69199999999996 8 840.0 0.0 0 -29 25.867999999999995 29.536999999999995 0
960.0 123.78999999999999 13 960.0 0.0 0 -32 41.67499999999998 27.222999999999995 0
630.0 188.20200000000003 13 1980.0 -1350.0 90 -47 68.76500000000001 63.510000000000005 270
870.0 131.20399999999998 10 870.0 -2050.0 51 -31 44.732 40.50899999999999 410
2275.0 287.54499999999996 15 2940.0 -665.0 88 -70 90.11699999999996 105.00099999999998 133
1110.0 131.98999999999998 9 1110.0 0.0 0 -32 49.90499999999999 37.439 0
2310.0 307.952 16 2580.0 -240.0 80 -70 100.24200000000002 109.51899999999996 16
-675.0 122.49199999999998 8 660.0 -1335.0 89 -34 41.97499999999999 23.302999999999997 267
1080.0 131.04399999999998 8 1080.0 -2170.0 54 -31 39.41599999999999 44.044 434
900.0 106.216 9 900.0 0.0 0 -29 45.648999999999994 21.391000000000002 0
780.0 123.855 7 780.0 -1795.0 44 -30 49.260000000000026 20.20299999999999 359
1260.0 147.134 8 1260.0 0.0 0 -34 45.89699999999999 46.00599999999999 0
1020.0 173.71899999999994 14 1020.0 0.0 0 -35 66.49099999999999 45.209 0
750.0 93.99099999999999 11 750.0 -680.0 17 -29 22.206 17.215000000000003 136
1080.0 118.27900000000005 8 1080.0 -1325.0 88 -31 29.270999999999997 41.02600000000002 265
-360.0 185.65999999999994 15 990.0 -1350.0 90 -48 61.525000000000006 38.702999999999996 270
690.0 111.99 8 690.0 0.0 0 -29 29.324999999999992 25.551 0
900.0 177.48699999999997 13 900.0 0.0 0 -38 78.347 35.449999999999996 0
1055.0 208.55199999999994 14 1680.0 -625.0 88 -51 77.76700000000001 55.49699999999999 125
870.0 126.23099999999997 10 870.0 0.0 0 -35 34.822999999999986 26.788999999999994 0
105.0 163.75499999999994 15 1170.0 -1065.0 88 -42 58.550999999999995 38.218999999999994 213
1200.0 151.56199999999993 14 1200.0 -1090.0 54 -38 53.67799999999998 36.851 218
1075.0 230.7750000000001 18 1740.0 -665.0 88 -62 80.953 56.34499999999999 133
-600.0 136.01199999999994 12 750.0 -1350.0 90 -34 51.607 25.272000000000002 270
1110.0 131.24499999999998 11 1110.0 -1655.0 41 -31 41.504999999999995 35.516999999999996 331
1110.0 141.84899999999993 13 1110.0 -1565.0 39 -28 52.487999999999985 49.711999999999975 313
1200.0 117.86500000000001 11 1200.0 0.0 0 -30 41.298 43.44999999999998 0
930.0 128.80499999999998 15 930.0 -130.0 8 -32 49.981 33.748 26
900.0 108.18199999999997 11 900.0 -1590.0 39 -32 32.629999999999995 20.900000000000002 318
140.0 178.78299999999996 14 1230.0 -1090.0 90 -47 42.240999999999985 30.672999999999995 218
-225.0 166.848 15 1110.0 -1335.0 89 -45 57.65699999999999 40.71999999999999 267
2100.0 289.889 17 2370.0 -270.0 90 -69 96.918 90.40099999999998 18
1440.0 188.63400000000001 8 1440.0 -1815.0 45 -32 85.04000000000005 64.98899999999995 363
685.0 181.85399999999998 12 1350.0 -665.0 88 -42 66.83400000000002 52.96099999999998 133
870.0 118.37699999999998 13 870.0 -1510.0 37 -30 47.13199999999999 33.034000000000006 302
1290.0 179.38000000000002 14 1290.0 -1740.0 43 -36 63.63399999999998 55.963 348
1170.0 124.04499999999997 12 1170.0 0.0 0 -31 35.297 42.542999999999985 0
75.0 147.328 13 1140.0 -1065.0 88 -40 44.821999999999996 26.69 213
780.0 117.93699999999998 11 780.0 -2320.0 57 -30 34.86399999999999 27.124999999999993 464
715.0 239.20099999999996 15 1380.0 -665.0 88 -56 89.21799999999996 59.74400000000001 133
1020.0 163.789 15 1020.0 -1175.0 29 -33 68.06799999999998 48.772999999999996 235
780.0 124.52999999999999 10 780.0 0.0 0 -31 45.765999999999984 28.548 0
1050.0 126.28799999999995 10 1050.0 -1505.0 37 -30 46.91599999999999 39.317 301
990.0 138.82600000000002 8 990.0 0.0 0 -32 50.77000000000002 42.993 0
870.0 113.71999999999998 8 870.0 0.0 0 -30 43.023999999999994 23.810999999999993 0
295.0 145.24299999999997 12 960.0 -665.0 88 -39 45.760999999999996 34.532 133
945.0 194.47100000000003 12 1620.0 -675.0 90 -49 57.01999999999998 61.293000000000006 135
355.0 163.25699999999998 12 1020.0 -665.0 88 -36 57.071999999999996 41.213 133
-465.0 157.715 13 870.0 -1345.0 90 -39 51.21199999999998 31.818999999999992 269
525.0 200.886 13 1590.0 -1065.0 88 -50 69.46900000000002 59.40800000000001 213
900.0 199.33599999999998 13 900.0 -2055.0 51 -41 85.34399999999998 24.744 411
780.0 110.91499999999996 9 780.0 0.0 0 -29 31.70499999999999 20.947999999999997 0
780.0 109.15699999999998 10 780.0 0.0 0 -29 35.675999999999995 27.799999999999994 0
705.0 226.95499999999993 15 1770.0 -1065.0 88 -50 77.62199999999999 75.904 213
-135.0 128.75299999999996 9 1200.0 -1335.0 89 -40 30.866 40.910999999999994 267
960.0 120.61600000000003 10 960.0 -1265.0 63 -30 35.58699999999999 29.904000000000018 253
1225.0 285.87800000000004 15 1890.0 -665.0 88 -61 103.96100000000001 83.68400000000004 133
1620.0 247.50099999999995 16 1890.0 -270.0 90 -64 66.95299999999999 68.85300000000001 18
-210.0 186.03499999999994 10 1140.0 -1350.0 90 -38 75.07200000000003 41.512 270
1305.0 212.26299999999998 14 1980.0 -675.0 90 -47 79.72300000000001 71.28299999999996 135
1200.0 190.14099999999996 13 1200.0 -1570.0 39 -35 70.43599999999998 62.85199999999999 314
285.0 191.76299999999998 12 1620.0 -1355.0 91 -48 52.83299999999999 56.080999999999996 271
-60.0 167.456 15 1020.0 -1080.0 90 -46 55.23799999999998 41.58499999999999 216
930.0 132.32399999999996 11 930.0 -2130.0 53 -32 46.42499999999999 34.248999999999995 426
355.0 129.71599999999998 9 1050.0 -695.0 91 -35 43.419999999999995 33.889999999999986 139
990.0 163.101 10 990.0 -1380.0 34 -35 49.66499999999998 49.303999999999995 276
1350.0 142.02400000000006 9 1350.0 0.0 0 -30 57.01100000000003 53.50499999999997 0
-300.0 140.85299999999992 9 1050.0 -1350.0 90 -33 45.69199999999998 39.322 270
1020.0 144.27499999999995 9 1020.0 -1840.0 46 -31 50.896999999999984 48.632999999999996 368
-760.0 139.84699999999995 9 1020.0 -1780.0 89 -35 46.206999999999994 36.811 356
1995.0 304.92400000000004 19 2250.0 -275.0 86 -74 95.39299999999999 70.86399999999999 21
990.0 105.27499999999999 8 990.0 0.0 0 -31 29.216 32.478 0
1200.0 138.251 11 1200.0 0.0 0 -32 50.12399999999999 45.84299999999999 0
870.0 120.88300000000001 10 870.0 -230.0 15 -31 38.93499999999999 32.25699999999999 46
810.0 125.39299999999996 7 810.0 0.0 0 -29 52.637999999999984 27.996999999999993 0
770.0 263.3139999999999 15 1800.0 -1030.0 85 -65 86.69499999999996 68.66499999999998 206
1195.0 184.27099999999996 16 1860.0 -665.0 88 -52 63.612 55.75000000000001 133
-315.0 128.7079999999999 11 1020.0 -1335.0 89 -39 35.82399999999999 28.651999999999994 267
900.0 118.76999999999994 9 900.0 0.0 0 -29 40.004999999999995 29.869999999999997 0
1110.0 116.85399999999997 8 1110.0 -2300.0 57 -30 34.867999999999995 38.16599999999999 460
1260.0 140.663 7 1260.0 0.0 0 -30 48.592999999999996 53.725999999999985 0
-470.0 194.26399999999998 13 1290.0 -1760.0 87 -50 64.14099999999999 41.27899999999998 352
2445.0 315.08200000000005 23 2700.0 -255.0 85 -84 95.26299999999996 100.04600000000003 17
805.0 177.761 18 1470.0 -665.0 88 -55 48.74000000000001 41.254 133
930.0 150.38499999999996 13 930.0 -2075.0 51 -36 49.13599999999998 34.945 415
1590.0 124.33799999999997 10 1590.0 -1350.0 33 -30 52.58700000000002 50.922 270
840.0 137.37899999999996 8 840.0 -1240.0 62 -30 47.821999999999996 33.641 248
900.0 144.24799999999996 11 900.0 -2065.0 51 -36 42.249 39.161999999999985 413
2070.0 344.49699999999996 22 2340.0 -270.0 90 -76 117.98199999999999 101.06999999999996 18
-585.0 157.40200000000002 12 750.0 -1335.0 89 -38 47.76599999999999 36.79399999999999 267
930.0 130.73399999999995 15 930.0 -1245.0 62 -35 46.90099999999998 38.182999999999986 249
870.0 131.74099999999993 8 870.0 0.0 0 -30 39.72599999999998 32.08899999999999 0
960.0 165.85899999999995 13 960.0 0.0 0 -32 65.334 54.263999999999996 0
660.0 98.21499999999999 10 660.0 0.0 0 -29 37.44199999999999 19.214 0
1140.0 87.997 5 1140.0 0.0 0 -29 13.520999999999997 35.065 0
2100.0 172.095 6 2100.0 0.0 0 -35 71.87800000000004 67.98700000000002 0
1170.0 152.294 6 1170.0 0.0 0 -37 41.382999999999996 51.24699999999999 0
1530.0 245.90099999999998 12 2610.0 -1080.0 90 -60 96.92400000000002 75.95499999999997 216
900.0 137.69299999999998 15 900.0 0.0 0 -36 42.449999999999996 38.94 0
990.0 166.42499999999998 11 990.0 -590.0 14 -34 69.86999999999998 40.903 118
600.0 112.74699999999999 11 600.0 0.0 0 -29 41.044 17.772 0
1950.0 278.8279999999999 17 2220.0 -270.0 90 -63 97.64099999999999 86.98400000000002 18
-15.0 202.39099999999993 16 1050.0 -1065.0 88 -45 71.84799999999998 43.678 213
720.0 125.23099999999997 10 720.0 -1430.0 35 -30 46.609999999999985 24.800999999999995 286
1455.0 259.47799999999995 18 1710.0 -255.0 85 -69 76.63799999999998 52.143999999999984 17
495.0 178.774 17 1170.0 -675.0 90 -50 61.80599999999998 40.324 135
30.0 165.128 12 1350.0 -1320.0 88 -38 61.518 52.18599999999998 264
520.0 201.86099999999996 13 1560.0 -1040.0 86 -53 68.91900000000001 52.670999999999985 208
1140.0 135.22799999999995 10 1140.0 0.0 0 -29 56.78799999999998 43.35899999999999 0
720.0 118.35199999999999 10 720.0 -1305.0 86 -29 41.83499999999998 28.509999999999998 261
2925.0 359.04299999999995 22 3180.0 -255.0 85 -92 94.56899999999997 126.52000000000004 17
-770.0 115.01199999999997 9 990.0 -1760.0 87 -30 39.288999999999994 32.437 352
960.0 94.764 8 960.0 0.0 0 -29 21.840999999999998 30.128 0
720.0 119.37700000000002 10 720.0 -1885.0 47 -30 45.24300000000002 14.238999999999999 377
60.0 199.90499999999992 12 1410.0 -1350.0 90 -48 63.47999999999998 58.12999999999999 270
900.0 110.14299999999997 9 900.0 0.0 0 -33 33.88499999999999 23.649999999999995 0
1080.0 135.118 11 1080.0 0.0 0 -34 37.931 35.165 0
585.0 200.593 15 1260.0 -675.0 90 -47 74.191 43.275999999999996 135
-390.0 175.51599999999996 11 1410.0 -1820.0 91 -37 76.438 50.37500000000001 364
900.0 117.44699999999999 8 900.0 -1565.0 39 -30 35.321000000000005 37.44199999999999 313
1050.0 122.83200000000004 9 1050.0 0.0 0 -31 34.062999999999995 45.991 0
-870.0 143.52299999999997 10 930.0 -1800.0 90 -35 37.47499999999999 43.077000000000005 360
1635.0 290.6059999999999 20 1890.0 -255.0 85 -72 83.352 62.82999999999998 17
75.0 178.64800000000002 13 1140.0 -1065.0 88 -39 75.47599999999998 50.03999999999999 213
-735.0 147.81099999999998 14 600.0 -1350.0 90 -40 48.82099999999999 23.546999999999997 270
1050.0 88.24499999999998 6 1050.0 -1845.0 46 -27 16.192999999999998 38.94099999999999 369
1110.0 127.07799999999996 10 1110.0 0.0 0 -30 49.826000000000015 45.553 0
750.0 124.51099999999998 11 750.0 0.0 0 -34 34.63699999999999 30.531999999999993 0
1380.0 169.98700000000005 10 1380.0 0.0 0 -35 76.72800000000001 44.42299999999998 0
-980.0 94.22899999999998 8 780.0 -1760.0 87 -31 20.835 18.054999999999996 352
900.0 127.93299999999996 9 900.0 0.0 0 -30 49.958999999999996 36.34999999999999 0
1230.0 147.71800000000002 10 1230.0 0.0 0 -29 57.932 52.60199999999998 0
780.0 135.45199999999994 12 780.0 0.0 0 -33 51.28099999999999 31.221000000000004 0
645.0 164.85099999999994 14 1320.0 -675.0 90 -47 59.05399999999999 36.11599999999999 135
1410.0 131.12499999999994 8 1410.0 0.0 0 -32 49.29200000000002 42.59199999999999 0
-375.0 131.83999999999997 11 960.0 -1335.0 89 -39 36.364 33.49999999999999 267
780.0 115.439 9 780.0 0.0 0 -31 41.126 24.567 0
1380.0 162.697 13 1380.0 -535.0 35 -34 65.32400000000001 49.67799999999999 107
90.0 225.39399999999992 14 1170.0 -1080.0 90 -49 90.05099999999999 51.852 216
990.0 146.67899999999997 14 990.0 -1295.0 86 -36 49.60999999999998 29.634999999999994 259
655.0 176.79299999999998 16 1320.0 -665.0 88 -47 59.25799999999998 44.346999999999994 133
-45.0 183.26800000000006 12 1290.0 -1335.0 89 -43 62.028999999999996 42.891 267
960.0 101.60499999999998 5 960.0 -2575.0 64 -23 20.30399999999999 25.542000000000012 515
-720.0 159.83999999999997 11 1080.0 -1800.0 90 -39 56.39299999999999 40.095 360
355.0 194.10699999999997 10 1410.0 -1055.0 87 -45 70.50199999999997 53.858000000000004 211
-30.0 185.79199999999997 13 1320.0 -1375.0 92 -43 59.796 50.973000000000006 275
990.0 119.05199999999999 10 990.0 -1865.0 46 -29 46.10599999999999 36.08499999999999 373
-540.0 117.19000000000001 11 810.0 -1350.0 90 -34 40.614000000000004 26.467999999999996 270
930.0 93.93499999999996 9 930.0 0.0 0 -32 24.320999999999994 22.880000000000003 0
240.0 148.51500000000004 8 1320.0 -1080.0 90 -32 57.178000000000004 57.300999999999995 216
-450.0 121.89100000000002 13 900.0 -1350.0 90 -36 33.563 26.749 270
810.0 134.654 13 810.0 -1310.0 32 -37 47.84599999999999 29.442999999999998 262
355.0 222.59399999999997 17 1020.0 -670.0 88 -52 80.09399999999998 44.97199999999999 134
1230.0 167.795 10 1230.0 0.0 0 -31 64.445 58.51899999999998 0
930.0 103.76399999999997 10 930.0 -2200.0 55 -31 30.426999999999996 19.73299999999999 440
720.0 123.82699999999994 7 720.0 0.0 0 -30 50.43100000000001 20.355 0
835.0 227.70199999999997 18 1500.0 -665.0 88 -51 82.58899999999998 61.935 133
570.0 130.40099999999998 7 570.0 -2495.0 62 -29 46.62599999999999 26.558999999999997 499
-170.0 203.93099999999993 9 1590.0 -1760.0 87 -57 38.386999999999986 42.425000000000026 352
840.0 118.75999999999995 8 840.0 -1235.0 61 -28 44.446 28.916 247
600.0 112.945 8 600.0 0.0 0 -31 32.188 22.758 0
720.0 126.57399999999998 12 720.0 0.0 0 -29 52.47999999999999 27.329000000000004 0
465.0 233.62900000000002 14 1800.0 -1335.0 89 -50 87.304 78.151 267
180.0 174.993 15 1260.0 -1080.0 90 -49 58.93599999999999 43.819 216
1290.0 128.97299999999996 11 1290.0 -1700.0 85 -31 52.264 34.52599999999999 340
990.0 112.52099999999999 9 990.0 -1290.0 64 -30 34.985 33.874 258
2220.0 336.74999999999994 20 2460.0 -240.0 80 -81 108.18899999999996 98.973 16
1440.0 179.19699999999995 12 1440.0 -570.0 38 -38 78.03800000000001 58.944 114
990.0 135.04199999999997 10 990.0 0.0 0 -34 45.07599999999999 36.36699999999999 0
1195.0 264.36199999999985 19 1860.0 -665.0 88 -62 86.27599999999998 75.622 133
-540.0 132.85899999999995 10 810.0 -1350.0 90 -36 53.24299999999998 24.100999999999996 270
-410.0 159.198 12 1350.0 -1760.0 87 -40 56.84100000000002 50.867999999999974 352
1485.0 301.89700000000005 17 1740.0 -255.0 85 -64 117.65300000000003 61.957999999999984 17
1260.0 133.2 7 1260.0 0.0 0 -33 46.53099999999999 35.567999999999984 0
360.0 180.38199999999998 14 1440.0 -1080.0 90 -45 71.617 47.503 216
1050.0 122.08699999999999 11 1050.0 0.0 0 -29 36.57899999999999 38.86399999999998 0
750.0 132.21799999999996 11 750.0 0.0 0 -30 41.10399999999999 33.625 0
855.0 250.77499999999998 19 1530.0 -675.0 90 -65 81.03199999999998 56.55399999999999 135
990.0 139.53 10 990.0 0.0 0 -32 51.727 42.641000000000005 0
870.0 115.71099999999997 12 870.0 -1380.0 34 -32 42.179 22.783 276
1050.0 122.395 9 1050.0 -2060.0 51 -30 45.56600000000002 33.151 412
435.0 210.2069999999999 19 1110.0 -675.0 90 -51 73.17899999999999 48.575999999999986 135
900.0 134.55699999999996 10 900.0 0.0 0 -33 52.16899999999998 30.949000000000005 0
1260.0 154.232 9 1260.0 -1165.0 77 -34 56.81500000000001 45.78599999999999 233
1015.0 232.18999999999994 17 1680.0 -665.0 88 -57 82.896 60.19 133
-75.0 171.22799999999995 13 1260.0 -1365.0 99 -45 53.77799999999999 49.309 269
1230.0 136.90200000000002 6 1230.0 0.0 0 -34 38.56699999999999 50.009000000000015 0
-960.0 146.65299999999993 13 870.0 -1800.0 90 -38 49.80399999999998 28.780000000000005 360
600.0 121.72699999999998 11 600.0 -1315.0 32 -31 42.76699999999998 26.974999999999998 263
495.0 165.72899999999998 15 1170.0 -675.0 90 -46 56.609 41.657999999999994 135
150.0 217.06799999999998 12 1230.0 -1080.0 90 -53 77.83000000000001 48.61499999999999 216
-60.0 167.02 11 1290.0 -1350.0 90 -39 64.99900000000001 50.56599999999999 270
990.0 113.61999999999998 10 990.0 -1650.0 41 -29 40.433 32.743999999999986 330
1260.0 123.452 5 1260.0 -2750.0 68 -30 40.601 41.556999999999995 550
1485.0 188.76500000000001 13 1740.0 -255.0 85 -56 39.199999999999996 62.605000000000025 17
-150.0 127.38399999999997 12 1200.0 -1350.0 90 -34 47.34699999999998 30.366999999999994 270
1075.0 240.169 15 1740.0 -700.0 88 -50 99.096 73.06599999999997 140
-105.0 147.89399999999998 10 960.0 -1065.0 88 -38 34.717999999999996 23.591999999999995 213
1140.0 129.85699999999997 6 1140.0 -2220.0 55 -28 53.962000000000025 44.56199999999999 444
810.0 105.91199999999999 12 810.0 -1030.0 51 -32 28.362999999999996 24.396 206
690.0 116.917 10 690.0 0.0 0 -31 37.793 24.983999999999995 0
1110.0 159.765 12 1110.0 -875.0 58 -33 73.977 44.292999999999985 175
355.0 200.533 13 1410.0 -1060.0 87 -51 66.32800000000002 54.590999999999994 212
-670.0 140.02800000000002 11 1110.0 -1780.0 89 -39 38.19799999999999 34.06299999999999 356
480.0 101.642 10 480.0 0.0 0 -29 30.59899999999999 14.170000000000002 0
780.0 114.49999999999999 10 780.0 0.0 0 -31 37.56999999999999 26.572 0
1050.0 144.583 15 1050.0 0.0 0 -37 49.34099999999999 32.639 0
495.0 225.41399999999996 15 1830.0 -1335.0 89 -49 82.48900000000002 77.85299999999998 267
660.0 120.126 15 660.0 -490.0 12 -31 38.13699999999999 25.462 98
870.0 114.66899999999995 10 870.0 0.0 0 -33 32.29999999999999 25.300999999999995 0
660.0 122.44299999999994 10 660.0 -1960.0 49 -32 31.813 15.443000000000001 392
780.0 107.12 7 780.0 0.0 0 -29 31.564999999999994 28.180999999999997 0
900.0 122.71699999999997 10 900.0 -1595.0 79 -31 46.541 31.197999999999997 319
480.0 237.833 15 1830.0 -1365.0 91 -65 73.66499999999998 63.485 273
-525.0 130.44899999999998 12 810.0 -1335.0 89 -34 43.55599999999999 25.932 267
630.0 118.32699999999997 10 630.0 0.0 0 -30 40.83899999999998 21.161999999999995 0
1650.0 239.83500000000004 19 1920.0 -300.0 90 -64 69.79599999999998 67.01399999999998 24
105.0 164.51399999999995 11 1170.0 -1065.0 88 -42 55.867999999999995 46.21399999999999 213
