450.0 91.821 1 450.0 0.0 0 -25 12.220000000000004 22.379999999999992 0
2175.0 553.5219999999999 9 2760.0 -1465.0 162 -121 169.1059999999999 116.18299999999999 205
1510.0 826.6989999999997 15 2970.0 -1710.0 183 -186 263.94699999999995 122.22599999999997 227
1450.0 738.976 13 3210.0 -1830.0 169 -148 293.1049999999999 136.01799999999997 190
990.0 642.4659999999997 12 2400.0 -1410.0 155 -152 183.78099999999995 96.31299999999999 196
1110.0 174.8939999999999 2 1110.0 0.0 0 -42 45.997999999999976 43.981 0
1330.0 839.1339999999994 16 3120.0 -1790.0 163 -199 264.72999999999985 111.53599999999997 179
2860.0 1011.7469999999993 19 4110.0 -1345.0 159 -230 304.2849999999999 181.59699999999995 129
2710.0 936.902 17 4020.0 -1410.0 174 -214 279.89300000000003 183.29899999999995 141
4010.0 974.407 18 5190.0 -1210.0 152 -221 291.93500000000006 219.98299999999995 121
2010.0 677.0379999999998 12 2610.0 -1225.0 157 -140 243.58499999999992 113.33 245
670.0 654.8929999999997 10 2430.0 -1760.0 160 -150 193.22099999999998 104.64400000000003 176
630.0 181.3559999999999 3 630.0 0.0 0 -50 32.657999999999994 24.815 0
1720.0 907.7739999999995 15 3480.0 -1760.0 160 -207 267.70799999999997 163.29899999999995 176
3130.0 1049.6339999999996 21 4350.0 -1430.0 177 -252 279.539 190.42100000000002 143
4050.0 955.3149999999994 18 4890.0 -840.0 174 -204 311.82199999999995 214.59499999999997 84
840.0 215.83199999999988 4 840.0 0.0 0 -51 60.58499999999996 38.167 0
3265.0 917.1719999999997 17 4320.0 -1055.0 181 -210 271.1389999999999 180.10299999999998 161
4530.0 1012.8449999999995 18 5700.0 -1460.0 178 -226 298.24099999999993 249.9759999999999 146
1380.0 773.3489999999997 14 3120.0 -1740.0 158 -178 218.37100000000004 149.28299999999996 174
1070.0 744.484 12 2340.0 -1340.0 168 -160 263.75299999999993 96.32599999999996 134
2710.0 1087.2149999999992 19 4440.0 -1815.0 170 -249 315.4439999999999 206.21399999999997 190
3450.0 1048.2390000000003 18 4710.0 -1630.0 191 -252 268.34299999999996 203.13799999999995 163
3515.0 785.4059999999998 14 4680.0 -1325.0 182 -174 224.03400000000002 207.189 265
2700.0 1020.0309999999993 18 4380.0 -1680.0 153 -212 342.48299999999995 205.41999999999993 168
2420.0 932.3979999999996 17 4110.0 -1880.0 192 -211 292.24199999999996 176.185 188
3890.0 1060.5689999999997 19 5640.0 -1880.0 186 -243 299.93799999999993 242.17399999999998 188
1390.0 592.516 9 2310.0 -920.0 84 -127 215.49099999999993 87.74099999999999 92
3870.0 1090.694 19 5130.0 -1500.0 210 -245 325.67399999999986 235.17199999999994 150
4500.0 1169.879 20 5790.0 -1290.0 163 -263 343.0049999999998 257.907 129
3140.0 990.3879999999997 17 4380.0 -1310.0 172 -224 277.13199999999995 199.73700000000002 131
2920.0 1206.2619999999995 23 4680.0 -1760.0 160 -292 313.54499999999996 202.02199999999996 176
2305.0 859.4699999999998 16 3270.0 -1105.0 173 -183 307.7630000000001 132.066 169
1950.0 754.0219999999998 12 3720.0 -2150.0 195 -181 195.57399999999998 150.16699999999997 215
1760.0 665.9820000000002 10 2670.0 -1230.0 112 -128 258.06199999999995 125.04700000000001 123
1745.0 664.2469999999997 12 3030.0 -1285.0 152 -144 225.2289999999999 127.50299999999999 113
1970.0 886.737 14 3660.0 -1760.0 162 -194 277.47999999999996 170.99199999999996 183
630.0 147.30999999999997 2 630.0 0.0 0 -39 26.322000000000003 30.331000000000003 0
1500.0 728.3839999999999 14 2370.0 -1150.0 137 -157 249.47899999999996 107.02199999999998 115
2260.0 861.6919999999998 16 3510.0 -1250.0 160 -185 300.1019999999999 149.67399999999998 125
3170.0 968.1389999999999 17 4950.0 -2090.0 190 -220 277.00299999999993 222.19499999999994 209
3640.0 1063.4769999999996 19 5430.0 -1950.0 177 -243 312.4119999999999 229.79199999999997 195
2110.0 750.0699999999997 14 3420.0 -1320.0 169 -166 268.4139999999999 120.117 132
330.0 712.2669999999998 14 2190.0 -1860.0 178 -168 213.10099999999994 97.738 186
750.0 214.31899999999993 3 750.0 0.0 0 -45 71.70699999999998 38.95499999999998 0
3040.0 724.0179999999998 11 3930.0 -890.0 81 -157 230.73000000000005 175.00199999999995 89
780.0 169.78599999999994 3 780.0 0.0 0 -37 56.788 36.31700000000001 0
3370.0 1028.255 18 4590.0 -1220.0 153 -236 313.289 190.676 122
2110.0 790.3 13 3600.0 -1500.0 167 -168 262.065 151.04399999999995 209
5000.0 956.984 17 6210.0 -1500.0 179 -234 223.31199999999995 239.77599999999995 179
3430.0 989.5929999999996 16 4680.0 -1255.0 159 -228 312.32499999999993 182.481 126
1970.0 834.4259999999997 16 3330.0 -1360.0 160 -192 239.55399999999997 154.91 120
1080.0 275.1049999999999 4 1080.0 0.0 0 -65 78.33800000000001 48.59700000000001 0
1300.0 889.3729999999998 16 3060.0 -1910.0 173 -206 257.222 133.41799999999995 191
2055.0 928.6659999999995 16 2970.0 -1005.0 165 -203 309.8289999999999 128.93299999999996 165
2440.0 693.0010000000001 11 3330.0 -890.0 164 -155 222.408 134.75299999999996 72
1090.0 817.8569999999999 15 2820.0 -1980.0 209 -193 235.455 119.71900000000001 198
4395.0 890.0889999999999 14 5370.0 -975.0 163 -201 260.54699999999997 227.148 156
2385.0 808.7129999999995 16 3480.0 -1175.0 168 -188 234.56799999999996 152.357 190
1535.0 681.9049999999999 12 3060.0 -1525.0 167 -154 202.03799999999995 146.22999999999993 210
3025.0 716.9549999999998 11 3750.0 -735.0 84 -160 216.21099999999998 154.017 146
970.0 736.2489999999997 13 2550.0 -1580.0 161 -175 207.142 107.812 229
1735.0 661.0619999999999 9 3150.0 -1415.0 157 -149 196.05499999999998 136.36200000000002 283
2250.0 805.67 16 3630.0 -1630.0 184 -184 236.54799999999997 159.41799999999998 147
1810.0 934.8229999999998 16 3570.0 -1820.0 165 -202 306.717 168.46999999999997 182
2170.0 1000.7719999999999 16 3690.0 -1520.0 216 -223 318.696 162.31399999999994 152
2510.0 808.8339999999998 14 4200.0 -1855.0 180 -194 229.25699999999995 157.82999999999998 180
2740.0 1026.0609999999997 19 3960.0 -1320.0 171 -241 297.5489999999999 163.147 132
3310.0 1045.1939999999995 19 4530.0 -1290.0 164 -252 286.151 188.76099999999997 129
3490.0 1038.5049999999997 20 5250.0 -1800.0 165 -231 313.7139999999999 226.45299999999992 184
1435.0 732.4439999999998 12 3060.0 -1755.0 159 -155 231.66899999999995 153.17199999999994 257
1850.0 875.6609999999998 15 3090.0 -1240.0 156 -199 267.853 138.52099999999996 124
1380.0 751.1509999999997 13 3060.0 -1680.0 152 -169 229.41099999999994 140.41199999999995 168
1590.0 795.0349999999996 14 3360.0 -1770.0 163 -175 255.79099999999994 151.13799999999998 177
1090.0 671.3769999999996 11 2640.0 -1550.0 158 -150 210.06699999999998 109.44600000000001 224
3300.0 865.9419999999997 16 5010.0 -1960.0 177 -203 249.75799999999998 204.56299999999996 196
2990.0 928.975 16 3750.0 -990.0 179 -193 318.457 177.84499999999997 99
2460.0 879.7709999999998 16 4290.0 -1920.0 175 -197 276.3059999999999 177.59400000000002 192
3460.0 1063.0509999999995 19 4680.0 -1220.0 154 -245 301.3339999999999 205.16399999999996 122
270.0 144.13999999999993 2 270.0 0.0 0 -34 43.40499999999999 12.571999999999996 0
1610.0 664.3989999999998 13 3360.0 -1850.0 168 -157 188.14899999999997 145.87099999999998 271
2390.0 910.9180000000001 19 3780.0 -1520.0 180 -233 227.153 140.78999999999996 207
360.0 143.60399999999996 2 360.0 0.0 0 -42 17.654999999999994 16.499000000000002 0
1620.0 759.4249999999996 15 3420.0 -2050.0 186 -172 221.65899999999993 156.16299999999995 205
1145.0 658.8439999999999 11 2760.0 -1615.0 174 -153 189.13899999999995 97.196 229
660.0 244.33799999999985 4 660.0 0.0 0 -55 71.993 32.597999999999985 0
2100.0 766.2969999999997 12 3870.0 -1770.0 171 -164 243.3089999999999 179.98 177
1600.0 744.0829999999997 12 3300.0 -1700.0 154 -148 272.61399999999986 149.414 170
3310.0 987.8889999999999 17 4740.0 -1430.0 222 -244 254.60000000000008 194.09099999999998 137
420.0 131.71499999999997 2 420.0 0.0 0 -40 9.624999999999996 19.865999999999996 0
1220.0 739.1929999999998 12 3030.0 -1810.0 165 -157 248.424 139.326 181
3120.0 853.485 15 4740.0 -1655.0 170 -181 269.75 210.75199999999995 241
350.0 739.044 13 2310.0 -1960.0 178 -160 253.25899999999993 107.31299999999999 196
2115.0 705.7119999999999 13 3600.0 -1485.0 164 -157 218.4989999999999 161.01699999999997 207
2380.0 839.2589999999998 14 3630.0 -1250.0 160 -175 306.9529999999999 153.67999999999998 125
600.0 559.164 10 1500.0 -1110.0 101 -129 177.62399999999997 66.253 111
3020.0 941.2429999999993 17 4800.0 -1920.0 174 -227 261.626 187.94699999999997 192
3110.0 1056.2669999999996 21 4500.0 -1600.0 182 -255 291.3489999999999 188.79099999999994 144
3500.0 967.6139999999996 19 4260.0 -830.0 166 -227 272.991 189.53699999999998 90
2990.0 908.361 17 4770.0 -1780.0 162 -216 257.863 195.809 178
4530.0 1075.7199999999998 17 5250.0 -990.0 174 -221 373.8489999999999 232.75299999999996 99
2670.0 819.1169999999996 14 3870.0 -1420.0 174 -188 256.02899999999994 152.63499999999996 142
2490.0 601.5369999999998 11 3390.0 -900.0 82 -164 108.95399999999998 94.32 90
2600.0 919.5379999999998 16 3810.0 -1210.0 156 -200 300.653 165.93999999999994 121
1150.0 744.4349999999998 15 2910.0 -1760.0 160 -170 221.84500000000003 129.337 176
2160.0 908.4269999999999 17 3510.0 -1350.0 161 -212 265.1019999999999 151.695 118
3020.0 1018.3279999999999 17 4260.0 -1530.0 185 -226 303.01699999999994 193.31599999999997 153
2335.0 904.2269999999996 16 3060.0 -900.0 104 -206 273.349 131.263 180
4340.0 1138.682 21 5580.0 -1330.0 165 -272 300.3189999999999 241.384 142
1670.0 676.6789999999999 12 3060.0 -1390.0 156 -159 189.58300000000003 128.42899999999997 198
1610.0 591.3249999999998 10 2520.0 -910.0 83 -148 130.986 112.43399999999997 91
570.0 139.72599999999994 2 570.0 0.0 0 -36 28.438000000000002 25.99899999999999 0
1130.0 501.9349999999999 9 1980.0 -850.0 77 -116 149.23799999999997 90.65599999999998 85
3170.0 1028.158 20 4650.0 -1600.0 183 -246 270.892 209.64399999999995 213
3490.0 968.5209999999996 19 4710.0 -1470.0 175 -214 307.39799999999997 198.26199999999997 147
300.0 134.10799999999998 2 300.0 0.0 0 -39 18.870999999999995 12.414 0
4670.0 1167.8299999999997 20 5430.0 -760.0 158 -283 282.84899999999993 244.89899999999997 76
3170.0 1083.7139999999997 20 4530.0 -1620.0 214 -253 292.97999999999996 206.49099999999996 146
2350.0 768.4769999999999 12 3270.0 -1510.0 138 -150 281.39699999999993 155.99699999999996 151
3400.0 1116.691 21 4620.0 -1350.0 169 -244 359.33099999999996 205.78799999999995 135
2330.0 831.501 14 4050.0 -1720.0 156 -206 188.58299999999997 184.57299999999995 172
1310.0 828.2759999999996 14 3150.0 -1890.0 173 -174 282.1389999999999 141.846 194
1820.0 621.2509999999997 12 2520.0 -700.0 81 -150 159.29399999999998 113.77699999999999 140
420.0 175.17599999999993 2 420.0 0.0 0 -34 71.31599999999997 23.025000000000002 0
2445.0 843.2419999999997 14 4050.0 -1655.0 173 -178 271.4219999999999 189.67399999999998 234
2600.0 1017.8179999999998 20 3330.0 -1000.0 176 -239 304.77599999999995 135.17899999999997 100
1670.0 673.2719999999998 13 2550.0 -880.0 80 -147 212.132 122.906 88
1370.0 672.5199999999998 12 3060.0 -1970.0 178 -148 219.122 132.94399999999996 197
1410.0 716.3369999999999 11 3180.0 -1770.0 161 -140 276.19499999999994 144.54900000000004 177
1490.0 637.9489999999998 11 2340.0 -1450.0 132 -136 230.02499999999998 97.722 145
3530.0 1043.3799999999997 18 4770.0 -1610.0 235 -257 263.428 196.536 161
1930.0 826.3229999999998 13 3750.0 -1960.0 195 -182 271.85299999999995 154.89899999999997 196
3525.0 944.7969999999998 17 4950.0 -1525.0 166 -203 307.35699999999986 212.531 208
1200.0 172.34899999999996 3 1200.0 0.0 0 -46 39.36 41.499 0
1470.0 838.6109999999996 15 3270.0 -1900.0 173 -181 271.9299999999999 152.32 190
2330.0 877.5969999999999 15 4170.0 -1840.0 181 -190 288.0179999999999 177.00899999999996 184
2740.0 926.6739999999995 15 4050.0 -1830.0 205 -209 295.0979999999999 164.79399999999995 166
3070.0 998.5309999999998 17 4350.0 -1280.0 160 -207 356.741 186.014 128
2660.0 879.1079999999996 17 3990.0 -1510.0 171 -193 290.477 171.02399999999994 136
2280.0 925.5559999999998 16 3510.0 -1600.0 187 -209 276.93199999999996 157.72100000000003 160
2870.0 986.9179999999999 18 4620.0 -1880.0 177 -223 304.46999999999997 199.45299999999997 201
1530.0 919.7689999999996 15 3210.0 -1680.0 153 -175 368.1929999999999 152.42 168
3240.0 754.458 13 4110.0 -1080.0 98 -151 263.9369999999999 180.00400000000002 108
4550.0 1074.0529999999999 19 5790.0 -1340.0 177 -256 293.654 238.80099999999993 134
3710.0 1116.581 19 4470.0 -910.0 170 -248 339.9779999999999 210.96300000000002 91
1630.0 907.2449999999997 16 3540.0 -1910.0 185 -211 260.50199999999995 162.091 186
2590.0 927.4249999999997 17 3870.0 -1370.0 172 -212 256.707 186.07599999999996 146
3150.0 939.5519999999998 17 4860.0 -1810.0 176 -230 255.56099999999995 177.20799999999997 181
3020.0 915.0489999999995 15 4320.0 -1390.0 173 -205 272.7099999999999 189.21299999999997 139
3210.0 876.0089999999997 15 4020.0 -1030.0 170 -188 288.292 176.906 88
3965.0 1057.8899999999999 21 4800.0 -1515.0 216 -240 312.0639999999999 219.37900000000005 136
3050.0 862.0979999999998 14 4290.0 -1360.0 166 -196 279.9959999999999 162.05599999999998 136
2400.0 899.5639999999996 16 4140.0 -1780.0 161 -206 247.666 181.81899999999996 178
2460.0 1000.083 18 4170.0 -1820.0 171 -226 311.0569999999999 187.31000000000003 193
1020.0 166.511 2 1020.0 0.0 0 -51 16.872999999999998 35.621 0
3280.0 831.4809999999997 13 4980.0 -1960.0 177 -190 221.10899999999995 221.921 196
2390.0 762.6659999999999 13 3720.0 -1330.0 169 -167 231.65499999999994 168.711 133
2190.0 929.641 19 3960.0 -1890.0 172 -218 281.2999999999999 160.36799999999997 189
3900.0 1013.1049999999997 18 5220.0 -1390.0 173 -246 276.20199999999994 213.193 139
2640.0 910.8199999999998 18 3870.0 -1360.0 173 -190 323.8619999999999 172.88399999999996 149
2070.0 936.4199999999996 17 3300.0 -1340.0 164 -211 295.4819999999999 129.615 134
2020.0 935.7639999999999 17 3750.0 -1950.0 177 -219 254.54699999999997 175.88600000000002 195
4610.0 1057.8189999999995 18 5190.0 -800.0 200 -235 306.94499999999994 209.40200000000002 73
4305.0 1025.5929999999998 17 5220.0 -1145.0 202 -236 295.54799999999994 221.21099999999996 166
3190.0 852.9829999999997 16 4950.0 -1760.0 160 -221 202.819 187.28699999999995 176
2520.0 963.5350000000001 17 4200.0 -1680.0 153 -224 276.3829999999999 183.61399999999992 168
3500.0 1017.4329999999998 18 4230.0 -800.0 158 -238 280.0089999999999 190.85999999999999 80
1990.0 897.4309999999995 18 3750.0 -1830.0 166 -217 251.33100000000002 145.91899999999995 183
1710.0 649.0369999999998 11 2070.0 -1080.0 140 -147 202.43599999999998 94.523 108
2780.0 659.894 11 3660.0 -880.0 80 -147 209.512 145.98299999999998 88
30.0 709.7309999999999 14 1860.0 -1830.0 167 -155 242.17899999999995 87.36299999999999 183
2300.0 891.4739999999997 14 3990.0 -1960.0 177 -201 276.411 164.5169999999999 196
3490.0 1029.6019999999999 19 4740.0 -1250.0 156 -239 310.87499999999994 195.66199999999995 125
2630.0 613.739 10 3330.0 -1120.0 119 -125 229.66999999999993 128.10299999999995 182
2760.0 909.919 17 4260.0 -1650.0 178 -215 249.69199999999995 188.21999999999994 222
4085.0 1044.7929999999992 19 5460.0 -1465.0 162 -243 286.822 241.385 204
1410.0 833.5329999999997 16 3240.0 -2020.0 184 -196 225.73799999999997 145.23199999999997 202
2060.0 793.8389999999997 14 3780.0 -1720.0 156 -179 247.58999999999992 161.58499999999998 172
3780.0 980.6519999999999 17 5460.0 -1700.0 154 -220 270.01699999999994 254.39599999999987 170
2170.0 910.915 15 3360.0 -1640.0 194 -207 267.435 152.344 164
2130.0 880.4119999999999 17 3960.0 -1830.0 175 -191 301.128 167.52499999999998 183
4130.0 1073.261 19 4890.0 -760.0 158 -228 364.0299999999999 223.20099999999994 76
1965.0 819.7669999999999 15 3600.0 -1845.0 186 -181 259.146 163.47099999999998 258
1450.0 885.0569999999998 15 3420.0 -1970.0 179 -217 249.94500000000002 128.47699999999995 197
4440.0 983.3019999999999 18 5310.0 -780.0 162 -215 322.40199999999993 193.99899999999997 78
810.0 183.39499999999987 3 810.0 0.0 0 -37 65.00999999999999 38.091999999999985 0
3470.0 1097.6309999999999 20 5160.0 -1720.0 160 -260 279.367 235.402 172
2340.0 824.355 13 4110.0 -1770.0 161 -176 269.688 186.64999999999998 177
1700.0 912.8259999999998 17 3510.0 -2060.0 187 -213 265.106 147.41199999999998 206
3610.0 1028.7979999999993 17 4770.0 -1300.0 158 -232 294.20699999999994 223.32899999999995 130
2170.0 795.8089999999997 14 3390.0 -1410.0 193 -172 268.4489999999999 141.28799999999995 141
2430.0 833.9129999999999 16 4140.0 -1780.0 161 -206 218.77299999999997 153.68599999999998 178
1890.0 794.2349999999996 13 3660.0 -1905.0 176 -186 208.11299999999991 170.301 204
2300.0 715.4439999999998 11 3690.0 -1390.0 153 -159 203.2479999999999 167.585 193
2700.0 945.8189999999998 17 3960.0 -1560.0 184 -207 301.0639999999999 174.84399999999997 156
1910.0 635.2369999999999 12 2820.0 -995.0 95 -138 235.91699999999997 94.516 108
2300.0 996.113 17 4020.0 -1830.0 166 -215 321.45400000000006 179.50699999999998 183
3280.0 971.1039999999997 17 5040.0 -1845.0 162 -241 215.88199999999998 212.4869999999999 193
2450.0 744.7659999999998 14 3360.0 -910.0 83 -172 230.366 125.54799999999997 91
3020.0 816.5889999999995 15 4260.0 -1340.0 166 -200 202.65799999999996 142.68699999999993 134
330.0 116.86499999999992 1 330.0 0.0 0 -34 14.259000000000002 14.436000000000007 0
1985.0 736.2739999999997 13 3420.0 -1435.0 159 -172 216.03299999999996 143.993 202
2550.0 1016.3290000000001 18 3810.0 -1360.0 177 -221 336.4539999999999 168.16400000000002 136
2240.0 761.1619999999999 15 3990.0 -1750.0 159 -185 205.14899999999992 159.95999999999998 175
420.0 165.93099999999993 3 420.0 0.0 0 -45 35.841 18.125999999999994 0
840.0 684.1559999999997 11 2640.0 -1800.0 164 -157 201.14899999999997 121.55099999999997 180
2330.0 951.7869999999994 19 3780.0 -1660.0 179 -224 274.83799999999997 159.47400000000002 222
2650.0 768.651 12 4320.0 -1670.0 152 -157 274.1479999999999 191.195 167
1520.0 806.3799999999997 13 3360.0 -1840.0 179 -185 239.50299999999993 141.167 184
480.0 132.01599999999996 2 480.0 0.0 0 -34 31.66499999999999 18.84499999999999 0
2430.0 939.1640000000001 16 4200.0 -1970.0 179 -227 242.13500000000002 180.452 197
3535.0 1051.9379999999994 20 4560.0 -1035.0 156 -240 317.22399999999993 201.098 146
4490.0 794.8239999999998 15 5730.0 -1510.0 182 -170 261.1719999999999 213.70499999999993 151
2090.0 847.5389999999996 14 3330.0 -1240.0 158 -197 223.993 139.71299999999997 124
870.0 173.26 3 870.0 0.0 0 -41 49.718999999999994 37.300000000000004 0
3950.0 1037.1589999999999 16 4680.0 -730.0 152 -231 322.21899999999994 197.30899999999997 73
3000.0 912.8199999999998 16 4230.0 -1230.0 157 -204 282.2939999999999 179.17699999999994 123
750.0 793.9039999999999 15 2460.0 -1900.0 172 -171 273.3349999999999 109.81800000000001 190
2700.0 648.467 10 3300.0 -650.0 89 -131 238.88799999999998 141.99600000000007 125
2820.0 639.8 11 3300.0 -480.0 80 -150 177.63199999999995 145.35899999999998 32
3080.0 876.3760000000002 16 4320.0 -1470.0 176 -198 258.10699999999997 184.67399999999998 147
4480.0 1098.6249999999998 18 5820.0 -1340.0 158 -243 340.94699999999995 253.0719999999999 118
690.0 168.82799999999992 3 690.0 0.0 0 -47 22.923000000000002 31.462000000000003 0
2190.0 1011.9279999999995 17 3390.0 -1200.0 149 -238 288.41399999999993 158.18299999999996 120
1300.0 637.4689999999998 10 2880.0 -1580.0 161 -141 193.39899999999997 129.45499999999998 229
2870.0 804.4279999999994 16 3780.0 -1530.0 139 -166 284.72799999999995 172.864 153
2170.0 843.4549999999997 15 3810.0 -1640.0 199 -195 243.07100000000003 166.92499999999995 223
1200.0 954.4319999999999 18 3270.0 -2070.0 221 -241 222.04500000000002 145.20299999999997 207
3260.0 929.5549999999998 17 4500.0 -1240.0 159 -216 241.343 211.42799999999997 124
1810.0 937.7620000000002 18 3540.0 -1820.0 175 -217 275.3239999999999 166.24499999999995 182
2310.0 741.0999999999999 14 4050.0 -2030.0 218 -179 194.12900000000002 162.41599999999997 203
3180.0 879.9999999999999 14 4410.0 -1340.0 166 -200 266.839 177.14099999999996 134
2920.0 908.318 16 4650.0 -1810.0 164 -228 232.965 178.927 181
2570.0 789.8549999999998 14 4200.0 -1770.0 161 -183 236.44599999999994 166.91199999999998 177
2640.0 1103.6089999999997 19 4380.0 -1740.0 158 -247 335.89199999999994 197.60099999999997 174
1650.0 739.5579999999998 14 3390.0 -1835.0 172 -165 239.24599999999998 138.752 193
2420.0 674.0699999999999 13 3270.0 -1480.0 134 -138 253.173 133.11599999999999 148
930.0 583.8299999999998 10 1830.0 -900.0 82 -133 173.652 83.989 90
670.0 794.9429999999999 13 2490.0 -1820.0 177 -169 288.0839999999999 104.78699999999999 182
3060.0 1022.7029999999995 18 4440.0 -1470.0 170 -233 291.64300000000003 198.55499999999995 131
860.0 785.8819999999998 13 2640.0 -1780.0 162 -166 275.683 116.66499999999998 178
480.0 730.7269999999997 13 2250.0 -1880.0 183 -158 252.08599999999996 100.64399999999998 188
2570.0 911.5279999999998 16 3840.0 -1270.0 164 -225 231.152 157.683 127
1710.0 655.9129999999999 11 2970.0 -1260.0 157 -156 166.52099999999996 128.333 126
2730.0 1028.636 17 4140.0 -1200.0 151 -222 336.77099999999996 183.75100000000003 120
1980.0 885.5109999999999 15 3810.0 -2110.0 192 -204 255.25400000000002 165.13099999999994 211
2500.0 985.3119999999996 19 3900.0 -1220.0 153 -216 323.7219999999999 172.348 122
1920.0 798.1499999999995 13 2820.0 -1120.0 127 -169 273.94399999999996 133.79299999999998 112
2090.0 1030.4369999999994 20 3330.0 -1370.0 177 -226 347.807 150.52599999999998 150
3440.0 1059.8249999999998 19 4710.0 -1370.0 182 -248 292.805 208.01699999999994 137
1920.0 711.3689999999997 13 2820.0 -900.0 82 -154 228.547 134.904 90
2590.0 938.814 19 3360.0 -860.0 172 -216 264.91099999999994 163.03699999999998 95
3290.0 586.8759999999999 10 3690.0 -400.0 83 -145 163.53599999999997 120.29199999999999 40
1470.0 798.9369999999999 14 3300.0 -1830.0 167 -178 270.4789999999999 130.18599999999992 183
2660.0 904.3829999999999 17 3870.0 -1520.0 185 -209 256.59399999999994 174.83100000000002 152
2570.0 864.539 15 3780.0 -1230.0 153 -173 334.13699999999994 156.995 123
1560.0 793.5849999999998 16 2820.0 -1260.0 161 -201 185.41899999999995 119.246 126
1610.0 726.79 13 2910.0 -1300.0 164 -174 204.66999999999996 121.19999999999997 130
4500.0 1211.8039999999999 21 5220.0 -860.0 162 -269 393.7919999999999 211.77899999999994 86
2460.0 863.5720000000001 16 4110.0 -1765.0 166 -204 238.822 181.021 188
330.0 151.94599999999994 3 330.0 0.0 0 -44 25.937000000000005 14.351999999999997 0
2910.0 730.1229999999997 12 3630.0 -1200.0 128 -155 232.582 167.89399999999998 192
2340.0 862.569 15 3270.0 -990.0 162 -193 281.905 138.95099999999996 153
3900.0 964.2849999999997 16 5580.0 -1960.0 178 -217 310.75 216.23999999999998 196
2400.0 1043.2319999999997 19 4140.0 -1770.0 160 -235 326.221 176.51999999999998 177
2090.0 789.4839999999994 15 3360.0 -1380.0 169 -184 234.66799999999992 122.09699999999998 138
2630.0 745.6899999999994 13 4380.0 -1830.0 166 -176 217.66099999999992 172.13399999999996 183
3950.0 1164.2690000000002 18 5190.0 -1360.0 182 -256 353.05500000000006 241.59699999999995 136
3280.0 1118.4899999999996 21 4530.0 -1250.0 157 -254 377.867 167.74299999999997 125
1420.0 695.1269999999998 13 2340.0 -1540.0 140 -154 232.42699999999996 98.71799999999999 154
1640.0 916.7579999999999 16 3240.0 -1770.0 181 -210 270.1329999999999 141.339 177
1230.0 306.8269999999999 6 1230.0 0.0 0 -80 59.937 59.16699999999998 0
690.0 142.35199999999995 2 690.0 0.0 0 -35 29.758999999999983 34.372 0
2760.0 794.622 14 4560.0 -1800.0 164 -178 239.74699999999993 197.03699999999995 180
2090.0 750.793 14 3390.0 -1460.0 179 -176 217.057 140.255 146
2910.0 1041.0429999999997 19 4590.0 -1920.0 175 -249 260.3159999999999 205.45199999999997 192
1700.0 900.8769999999996 17 3360.0 -1730.0 157 -200 291.6679999999999 152.69599999999997 173
2580.0 880.0039999999996 17 3960.0 -1380.0 164 -189 303.66699999999986 178.156 121
2840.0 923.6049999999998 14 3810.0 -970.0 201 -208 260.241 177.05499999999998 97
2220.0 873.2529999999998 14 3510.0 -1810.0 211 -212 220.9699999999999 158.88799999999998 181
2110.0 780.3359999999998 13 3900.0 -1790.0 162 -177 241.82100000000008 167.878 179
4690.0 1086.9249999999997 21 5460.0 -940.0 175 -271 268.755 225.42100000000002 94
3620.0 1017.5379999999997 20 4860.0 -1260.0 158 -238 290.7289999999999 201.912 126
1430.0 722.032 13 2760.0 -1390.0 173 -161 195.12499999999994 142.846 139
2260.0 963.4799999999997 18 3540.0 -1280.0 159 -217 294.77899999999994 160.687 128
1430.0 721.5499999999997 12 2760.0 -1330.0 148 -168 230.3259999999999 102.91500000000003 187
2540.0 682.4939999999997 10 3420.0 -880.0 80 -158 206.28 133.797 88
2240.0 1015.5949999999995 19 3990.0 -1770.0 160 -233 304.18899999999996 172.75100000000006 177
-10.0 641.029 12 1800.0 -1810.0 165 -142 208.29399999999995 82.027 181
2355.0 836.5989999999997 13 3210.0 -1145.0 183 -184 278.6049999999999 140.56499999999997 98
2750.0 871.1309999999999 17 4410.0 -1725.0 158 -195 265.7079999999999 192.63499999999996 179
1050.0 706.084 10 2880.0 -1830.0 167 -158 212.42999999999998 130.58700000000002 183
1400.0 781.5509999999997 14 3090.0 -1860.0 169 -172 254.72999999999993 141.914 186
1970.0 943.4919999999996 18 3270.0 -1310.0 163 -226 251.89399999999995 133.30700000000002 131
2690.0 834.1569999999997 15 4410.0 -1990.0 180 -187 256.94300000000004 186.8 199
2450.0 866.094 16 3720.0 -1270.0 159 -189 290.87 154.39799999999997 127
1730.0 852.2229999999997 14 3450.0 -2230.0 203 -204 234.24199999999996 136.504 223
1340.0 821.5109999999999 16 3060.0 -1770.0 160 -180 246.37399999999997 162.41399999999996 177
2620.0 936.1899999999996 17 4230.0 -1620.0 167 -221 240.344 184.19099999999992 234
2520.0 1083.4219999999996 20 3780.0 -1260.0 157 -253 308.917 167.909 126
2860.0 905.579 16 4050.0 -1430.0 176 -198 302.4229999999999 166.70399999999998 143
2400.0 681.864 12 3210.0 -810.0 74 -163 168.61199999999994 154.46499999999995 81
2070.0 919.5629999999996 17 4110.0 -2040.0 224 -228 228.68799999999996 180.88299999999995 204
1890.0 720.9679999999997 12 2760.0 -870.0 79 -162 212.73199999999997 132.354 87
1800.0 867.4939999999998 15 3030.0 -1520.0 182 -183 294.74099999999993 142.42999999999998 152
1820.0 621.6929999999999 11 2730.0 -910.0 83 -133 205.87199999999993 121.45599999999996 91
2295.0 815.2069999999999 15 3630.0 -1355.0 157 -176 270.75699999999995 152.545 120
3875.0 1090.5169999999998 17 5370.0 -1495.0 230 -263 295.058 213.05599999999998 144
1600.0 798.5419999999996 14 3420.0 -1935.0 179 -167 272.1839999999999 150.286 205
1960.0 612.0309999999996 10 2670.0 -1150.0 144 -126 237.27599999999998 88.971 230
2890.0 957.0049999999999 17 4200.0 -1310.0 165 -212 302.76799999999986 184.933 131
2200.0 937.4779999999998 17 4020.0 -1820.0 166 -227 247.85399999999996 167.10499999999996 182
5100.0 1155.8669999999997 20 5850.0 -1130.0 235 -270 294.1979999999999 270.996 113
660.0 201.5709999999999 3 660.0 0.0 0 -49 47.438999999999986 32.977000000000004 0
2640.0 893.3849999999998 18 4290.0 -1740.0 168 -209 247.30299999999997 190.31600000000003 174
3980.0 951.3219999999999 17 5730.0 -1920.0 174 -243 230.41599999999994 212.06399999999996 192
1660.0 688.5969999999998 11 2580.0 -1505.0 137 -140 246.51799999999994 125.115 209
4480.0 1024.4309999999994 18 6180.0 -2120.0 193 -235 286.96699999999987 263.2519999999999 212
2850.0 928.1589999999998 16 4650.0 -1990.0 203 -223 264.1349999999999 175.456 199
2330.0 890.7610000000001 15 4050.0 -1740.0 160 -184 322.013 174.41599999999994 174
2610.0 848.4939999999996 17 3870.0 -1365.0 174 -201 235.496 169.42299999999997 147
2090.0 842.5419999999997 14 3720.0 -2350.0 213 -195 239.252 162.12700000000004 235
3150.0 955.3519999999999 18 4380.0 -1340.0 178 -223 268.13399999999996 167.53500000000003 134
3370.0 929.9119999999998 16 4170.0 -890.0 174 -182 354.8739999999999 188.25699999999992 89
1820.0 951.905 16 3600.0 -1780.0 170 -212 294.5200000000001 168.388 178
1090.0 912.8510000000002 17 2850.0 -2000.0 182 -218 259.44399999999996 123.93399999999998 200
2050.0 987.0759999999998 16 4050.0 -2000.0 206 -220 277.01499999999993 181.26299999999995 200
420.0 151.26499999999993 2 420.0 0.0 0 -35 42.34999999999996 19.889999999999997 0
2255.0 952.9359999999997 16 3660.0 -1455.0 165 -203 336.02299999999997 153.21199999999996 201
2400.0 923.9639999999998 17 3630.0 -1230.0 155 -228 246.71799999999996 147.57599999999996 123
4050.0 985.1329999999999 17 4800.0 -1090.0 187 -229 314.51199999999994 178.462 109
2960.0 779.2009999999996 16 4140.0 -1360.0 177 -185 239.12400000000005 122.29700000000001 190
570.0 136.552 2 570.0 0.0 0 -34 32.153999999999996 23.975 0
2230.0 1009.3910000000001 19 3690.0 -1460.0 202 -238 291.227 155.835 146
360.0 135.10299999999995 2 360.0 0.0 0 -40 15.143999999999997 15.897000000000002 0
1260.0 711.7959999999997 12 2790.0 -1660.0 175 -157 235.7379999999999 117.833 250
1140.0 780.8439999999999 14 2430.0 -1290.0 160 -170 254.34499999999994 119.91599999999997 129
1910.0 811.9019999999997 13 3120.0 -1450.0 172 -185 228.19799999999998 145.642 145
2550.0 814.6609999999997 14 4350.0 -1930.0 191 -187 251.48799999999994 169.36199999999997 193
1590.0 624.8419999999998 11 1980.0 -390.0 81 -154 177.91899999999995 76.701 39
2130.0 960.2589999999997 16 3900.0 -1770.0 161 -220 269.179 183.42000000000004 177
980.0 734.545 12 2730.0 -1835.0 171 -159 249.45999999999995 121.38099999999999 192
2850.0 926.1430000000001 15 4620.0 -1780.0 162 -200 282.51499999999993 215.55299999999994 179
1580.0 955.9409999999999 17 3300.0 -1820.0 165 -202 333.181 154.9 182
1010.0 644.138 12 3000.0 -1840.0 167 -152 192.36299999999994 122.944 184
2250.0 1013.5849999999997 19 3960.0 -1770.0 160 -238 289.44999999999993 177.97799999999998 183
3610.0 1081.9419999999996 19 4890.0 -1280.0 160 -248 311.52799999999996 220.37599999999992 128
4290.0 894.01 16 5370.0 -1230.0 174 -203 263.77599999999995 220.32299999999995 192
1830.0 706.9849999999999 14 2430.0 -1180.0 138 -170 192.28 105.75199999999998 178
2420.0 795.1229999999999 14 3330.0 -910.0 83 -179 241.86399999999998 149.30199999999996 91
1810.0 712.543 13 3630.0 -1820.0 165 -150 260.01199999999994 154.65899999999996 182
1650.0 894.8619999999997 17 3390.0 -1740.0 158 -205 259.63 154.373 174
1310.0 813.236 15 2940.0 -1870.0 170 -176 265.76699999999994 137.053 187
4110.0 837.3539999999999 14 5880.0 -1960.0 178 -197 255.087 218.425 196
2940.0 928.3170000000001 16 4230.0 -1400.0 172 -201 303.93800000000005 185.85199999999992 140
600.0 156.9329999999999 3 600.0 0.0 0 -41 41.765999999999984 20.87 0
2740.0 1058.3399999999997 19 3480.0 -875.0 176 -240 331.786 154.60199999999998 83
1960.0 929.5699999999999 17 3750.0 -1900.0 173 -200 319.50299999999993 159.558 190
1320.0 648.7719999999998 13 2220.0 -1140.0 104 -148 200.277 102.02899999999998 114
1715.0 701.5919999999998 10 3180.0 -1465.0 161 -157 212.99599999999995 144.47700000000003 202
3430.0 828.611 15 4350.0 -1280.0 116 -204 228.55200000000002 161.52599999999998 128
3150.0 831.6739999999999 16 4980.0 -1940.0 177 -214 224.59199999999998 152.22 194
3845.0 1067.5429999999994 19 5130.0 -1285.0 152 -247 304.7709999999999 215.118 113
1770.0 980.3489999999994 19 3510.0 -1850.0 168 -234 272.3599999999999 155.968 185
3230.0 1011.046 16 4680.0 -1450.0 159 -237 286.56 198.80499999999998 200
2390.0 940.7149999999997 18 3690.0 -1570.0 188 -218 283.76099999999997 157.04999999999993 157
1660.0 885.8809999999995 15 2910.0 -1250.0 157 -196 298.5999999999999 122.85899999999998 125
570.0 169.805 3 570.0 0.0 0 -47 29.730000000000004 25.060000000000002 0
1340.0 889.6939999999998 15 3090.0 -1750.0 159 -211 240.89799999999997 140.868 175
2100.0 590.862 11 2970.0 -870.0 79 -123 205.063 137.441 87
1220.0 904.6619999999998 17 3000.0 -1780.0 162 -211 269.44899999999996 129.78900000000002 178
2100.0 737.0169999999998 12 3000.0 -1160.0 118 -151 267.6059999999999 131.88799999999998 142
2570.0 627.3569999999997 10 3270.0 -700.0 81 -135 210.09099999999995 141.01900000000003 140
570.0 183.82499999999987 3 570.0 0.0 0 -38 72.84699999999997 20.962000000000003 0
3080.0 877.9360000000001 15 4320.0 -1240.0 157 -205 244.73299999999995 191.95999999999998 124
3045.0 842.7059999999998 13 4170.0 -1185.0 154 -178 285.9649999999999 172.85499999999996 177
480.0 161.73999999999995 3 480.0 0.0 0 -50 17.820999999999998 20.761 0
4440.0 1009.0259999999998 17 5220.0 -780.0 162 -221 324.177 228.781 78
2450.0 835.2439999999998 14 4140.0 -2060.0 187 -190 251.29999999999998 165.47899999999998 206
2160.0 786.0989999999997 15 3420.0 -1520.0 182 -178 249.75399999999996 135.182 152
1040.0 854.0980000000001 15 2790.0 -1820.0 165 -189 278.03 130.344 182
4130.0 921.8999999999999 17 5040.0 -910.0 152 -210 261.97299999999996 223.92199999999997 146
2720.0 644.0229999999999 11 3600.0 -880.0 80 -147 197.56199999999998 146.84599999999998 88
2720.0 975.2819999999997 18 3990.0 -1280.0 158 -217 334.82899999999995 150.72000000000003 128
3380.0 945.046 16 4710.0 -1360.0 171 -216 275.24499999999995 204.671 139
3345.0 714.1879999999999 13 4080.0 -1225.0 129 -147 251.00799999999992 172.276 196
1510.0 524.9569999999999 9 2370.0 -860.0 78 -117 197.36 72.03899999999999 86
1720.0 861.8279999999997 15 3480.0 -2020.0 183 -193 272.276 150.83999999999995 202
2800.0 897.6189999999993 17 4020.0 -1295.0 166 -187 322.8869999999999 172.825 137
3740.0 987.8619999999997 18 5520.0 -1940.0 195 -233 266.532 225.53199999999998 194
1970.0 916.3069999999998 18 3750.0 -1780.0 162 -213 285.34399999999994 149.38299999999998 178
720.0 179.79699999999988 3 720.0 0.0 0 -44 49.967 32.384 0
780.0 641.7809999999996 11 2640.0 -1860.0 178 -155 169.90899999999996 113.14199999999998 186
1670.0 1009.4339999999997 17 3360.0 -1690.0 154 -236 279.75599999999986 156.94 169
4140.0 1048.8669999999997 20 5910.0 -1770.0 161 -249 286.21499999999975 240.937 177
3070.0 952.5169999999997 17 4800.0 -1730.0 157 -222 281.7489999999999 192.70899999999997 173
4200.0 1119.4619999999995 21 5040.0 -840.0 155 -263 315.0549999999999 213.98999999999995 68
3280.0 848.4839999999996 16 4590.0 -1355.0 170 -188 271.3109999999999 186.93599999999995 140
3360.0 926.4149999999997 17 5010.0 -1760.0 160 -225 219.713 174.72400000000002 176
1990.0 712.3089999999999 12 2880.0 -1200.0 124 -154 241.96499999999997 118.19500000000002 151
2745.0 883.1689999999999 15 4110.0 -1495.0 164 -192 298.3199999999999 172.073 207
1820.0 770.2099999999998 13 3510.0 -1690.0 153 -185 227.856 125.78199999999998 169
1660.0 531.0869999999999 10 2580.0 -920.0 84 -123 158.08599999999998 104.36099999999998 92
3380.0 1070.7269999999999 20 4590.0 -1560.0 185 -249 305.47399999999993 207.71600000000004 156
1320.0 821.2619999999998 13 3000.0 -1680.0 153 -190 233.78799999999998 124.736 168
4730.0 1105.997 19 6030.0 -1300.0 164 -259 308.795 249.50399999999996 130
700.0 704.7940000000001 14 2490.0 -1790.0 163 -167 196.94899999999996 113.842 179
2650.0 1000.3239999999996 19 3870.0 -1220.0 153 -245 259.26699999999994 166.703 122
3280.0 906.279 18 4350.0 -1280.0 176 -228 219.78799999999998 172.881 199
2250.0 617.304 10 3090.0 -890.0 80 -134 204.53999999999994 138.68099999999998 89
3805.0 897.9029999999998 14 5460.0 -1705.0 179 -191 291.45399999999995 240.19399999999996 243
3120.0 989.6289999999996 19 4350.0 -1420.0 196 -225 303.441 179.442 142
2470.0 941.5219999999999 16 4230.0 -1800.0 163 -196 307.8589999999999 198.72399999999993 180
-220.0 288.10299999999995 5 690.0 -1090.0 99 -57 106.79999999999997 35.043000000000006 109
3460.0 808.8519999999996 13 4560.0 -1200.0 173 -180 248.78299999999996 188.59699999999998 190
2000.0 876.377 16 3780.0 -1870.0 170 -200 267.036 159.149 187
2640.0 802.3139999999997 13 3840.0 -1200.0 173 -177 252.4999999999999 164.80899999999994 189
1500.0 891.1289999999999 16 3330.0 -2010.0 183 -191 318.84299999999996 131.253 201
2010.0 853.0379999999997 16 3420.0 -1420.0 167 -207 225.92999999999995 156.44000000000003 125
1450.0 547.9929999999999 11 2370.0 -980.0 92 -123 169.023 107.37899999999999 104
570.0 128.56499999999997 2 570.0 0.0 0 -37 19.177000000000007 25.160999999999998 0
2870.0 1003.8249999999999 18 4530.0 -1660.0 151 -241 256.31 207.50300000000004 166
340.0 756.0269999999996 14 2280.0 -1940.0 176 -172 232.18899999999994 104.59400000000001 194
3245.0 913.999 17 4830.0 -1585.0 161 -229 230.12399999999994 187.14900000000003 227
2980.0 795.6189999999999 15 4230.0 -1450.0 178 -205 184.39399999999995 160.63600000000002 145
1970.0 865.1749999999995 17 3720.0 -1910.0 173 -184 292.86299999999994 173.85799999999995 191
2330.0 1083.7899999999997 21 3990.0 -1660.0 151 -244 341.22699999999986 173.84199999999998 166
2360.0 725.2829999999999 12 3180.0 -820.0 75 -167 205.43 143.08099999999996 82
2250.0 888.4009999999996 16 3450.0 -1290.0 159 -202 277.266 149.58899999999997 129
2960.0 887.071 17 4200.0 -1240.0 155 -211 239.01799999999997 176.421 124
1460.0 738.967 12 2940.0 -1480.0 162 -150 268.77 142.45199999999997 203
920.0 650.5529999999999 11 2490.0 -1570.0 161 -132 229.55099999999993 123.544 229
2520.0 710.8870000000001 11 3960.0 -1440.0 160 -162 200.98900000000003 178.12399999999997 203
2050.0 779.277 14 3810.0 -1960.0 178 -164 278.8829999999999 149.74699999999996 196
2780.0 949.3949999999995 17 4500.0 -1910.0 173 -217 277.0009999999999 201.99400000000006 191
1970.0 788.6269999999997 14 3690.0 -1720.0 157 -166 260.21999999999997 164.54299999999995 172
2950.0 951.9129999999999 15 4590.0 -1640.0 149 -195 328.0709999999999 206.57499999999993 164
4330.0 988.8269999999999 14 5670.0 -1340.0 158 -214 318.13100000000003 231.11499999999995 118
2130.0 805.9679999999997 14 3360.0 -1405.0 181 -180 272.217 123.91599999999998 158
3750.0 996.2439999999998 17 4920.0 -1170.0 153 -217 319.9289999999999 201.92300000000003 117
720.0 198.35899999999992 3 720.0 0.0 0 -49 50.82299999999997 34.573 0
890.0 750.4389999999999 13 2670.0 -1780.0 162 -170 235.11499999999995 113.39200000000001 178
2715.0 862.2549999999998 15 4170.0 -1555.0 170 -186 270.49699999999996 185.55199999999996 214
2840.0 936.471 15 4620.0 -2050.0 186 -215 270.91999999999996 192.345 205
2380.0 880.9169999999997 14 4320.0 -1940.0 204 -198 261.0829999999999 193.80899999999997 194
2485.0 958.0539999999999 17 3540.0 -1065.0 161 -213 309.187 153.02899999999994 146
3120.0 605.2389999999998 9 4020.0 -900.0 82 -128 200.33599999999998 171.978 90
720.0 213.7909999999999 3 720.0 0.0 0 -53 52.666999999999994 32.640999999999984 0
2890.0 861.6719999999998 16 4290.0 -1480.0 170 -198 249.81099999999998 189.00899999999996 202
1600.0 850.1369999999998 15 2880.0 -1280.0 161 -200 206.28599999999994 159.78099999999998 128
4610.0 1131.9039999999998 20 5820.0 -1265.0 158 -272 306.57599999999996 213.593 132
2400.0 1017.8699999999997 18 3630.0 -1335.0 167 -217 354.9309999999999 160.162 144
2960.0 1030.0919999999999 19 3750.0 -790.0 164 -237 313.4 165.41899999999995 79
2800.0 1121.2139999999995 20 4530.0 -1730.0 157 -288 238.475 201.50799999999998 173
2330.0 858.3249999999996 15 4200.0 -1870.0 181 -181 289.952 189.602 187
1590.0 825.1889999999996 13 3270.0 -1960.0 178 -187 242.57099999999997 154.991 196
1930.0 623.607 10 2850.0 -1450.0 132 -119 241.64499999999998 135.299 198
2120.0 942.3639999999996 16 3840.0 -1900.0 172 -202 310.86299999999983 172.85999999999996 190
1465.0 772.1479999999998 13 2880.0 -1515.0 175 -159 271.20899999999995 136.119 135
1120.0 637.3169999999999 11 2010.0 -890.0 81 -132 245.04499999999993 83.51299999999999 89
2850.0 951.9479999999999 18 4110.0 -1260.0 160 -210 304.0879999999999 187.50099999999998 126
3200.0 915.6239999999997 18 4230.0 -1030.0 157 -214 258.527 186.961 140
1480.0 790.2709999999998 15 3240.0 -1760.0 160 -202 188.31499999999994 131.23199999999997 176
2080.0 806.2810000000001 14 3330.0 -1400.0 170 -176 263.3249999999999 143.67200000000003 140
4010.0 956.3929999999996 15 5310.0 -1440.0 176 -222 256.00199999999995 226.80699999999993 144
1910.0 846.7069999999997 16 3660.0 -1755.0 160 -201 217.1869999999999 162.94399999999996 176
2065.0 886.6070000000001 16 3870.0 -1685.0 184 -198 274.11699999999996 165.53399999999996 235
3560.0 1045.5509999999995 19 4800.0 -1360.0 166 -251 277.349 211.093 136
2570.0 1075.2969999999996 19 4290.0 -1980.0 180 -251 301.934 195.36699999999996 198
2690.0 834.747 14 3960.0 -1270.0 159 -189 273.66700000000003 148.19999999999996 127
1805.0 775.7529999999999 13 3180.0 -1475.0 160 -168 258.928 130.45999999999998 200
1710.0 891.8079999999998 15 3480.0 -2020.0 183 -206 242.05899999999994 164.21299999999997 202
1890.0 931.1869999999997 18 3600.0 -1970.0 179 -230 228.40999999999997 132.87599999999998 197
1380.0 683.6189999999997 13 3150.0 -1840.0 167 -149 225.48800000000003 133.54799999999997 184
3290.0 1114.8019999999997 21 4950.0 -2180.0 198 -277 283.13499999999993 204.39200000000002 218
3320.0 975.4889999999997 17 4590.0 -1300.0 161 -215 300.992 207.63400000000001 130
2100.0 590.8549999999999 10 2580.0 -480.0 80 -124 210.78699999999998 112.48999999999998 32
2220.0 826.7489999999998 15 3450.0 -1345.0 173 -187 245.32799999999992 153.67699999999996 146
2860.0 825.8729999999999 15 4050.0 -1190.0 152 -178 280.42799999999994 161.10099999999997 119
1020.0 803.086 14 2760.0 -1740.0 158 -162 292.7819999999999 130.39199999999997 174
2990.0 965.0869999999999 19 4380.0 -1480.0 161 -236 249.26799999999994 173.552 203
3450.0 958.2249999999998 16 4710.0 -1430.0 176 -206 328.89799999999997 186.605 143
2000.0 680.5249999999999 12 2880.0 -880.0 80 -156 214.57599999999996 110.906 88
1845.0 716.7959999999999 14 3480.0 -1635.0 167 -162 222.693 139.59199999999996 236
2240.0 896.7510000000001 16 3960.0 -1720.0 157 -195 300.597 170.32299999999998 172
1420.0 601.9819999999997 10 2340.0 -920.0 84 -150 155.61799999999997 95.215 92
570.0 141.27099999999996 2 570.0 0.0 0 -34 38.21000000000001 23.060000000000002 0
2550.0 1095.5359999999994 21 3810.0 -1260.0 158 -256 310.5429999999999 167.562 126
2370.0 865.7889999999999 15 3600.0 -1410.0 170 -177 330.3839999999999 145.951 141
3850.0 1102.0669999999998 17 5610.0 -1760.0 160 -235 351.12799999999993 260.70700000000005 176
3010.0 949.8309999999996 18 4200.0 -1740.0 204 -235 229.742 185.26 174
2980.0 975.6879999999996 17 4140.0 -1160.0 146 -228 282.928 169.071 116
710.0 720.7049999999997 12 2520.0 -1820.0 165 -160 242.83299999999997 100.45999999999998 182
2480.0 959.8989999999998 16 4260.0 -1780.0 162 -225 278.92900000000003 183.72499999999994 178
1560.0 692.3779999999998 13 3360.0 -1800.0 164 -157 226.31299999999996 123.85799999999996 180
2635.0 956.3449999999997 16 3570.0 -935.0 157 -221 276.78899999999993 165.70600000000002 149
1940.0 927.6719999999997 16 3180.0 -1500.0 182 -205 308.54599999999994 146.01999999999998 150
2990.0 890.7069999999997 18 4410.0 -1610.0 185 -217 236.353 186.22399999999993 144
3110.0 857.8519999999996 16 4800.0 -1710.0 155 -203 197.97799999999995 201.87199999999993 171
2260.0 852.9279999999997 16 3690.0 -1510.0 165 -208 221.91199999999995 156.27700000000004 207
2910.0 850.8539999999997 13 4230.0 -1470.0 180 -173 312.3949999999999 179.353 147
3455.0 946.0369999999997 16 5100.0 -1665.0 172 -234 232.56999999999996 205.91399999999996 239
2660.0 698.2659999999996 13 3060.0 -400.0 83 -164 187.218 132.173 40
1380.0 694.4109999999998 13 2820.0 -1440.0 159 -149 232.04299999999998 122.81099999999998 200
1490.0 854.1269999999998 17 3180.0 -1900.0 172 -200 246.515 135.398 190
2210.0 734.0669999999998 12 3870.0 -1940.0 176 -172 201.51799999999997 124.86799999999998 194
3180.0 1062.4079999999997 20 4470.0 -1380.0 171 -229 346.302 213.28 147
4485.0 868.6920000000002 17 5430.0 -945.0 158 -208 232.33599999999993 171.59099999999992 152
2100.0 932.4489999999998 18 3900.0 -1960.0 178 -216 272.30099999999993 167.593 196
2780.0 987.6049999999999 18 3990.0 -1570.0 184 -229 285.81999999999994 172.994 157
2100.0 875.6839999999996 18 3870.0 -1970.0 179 -196 270.68799999999993 172.21699999999998 197
3375.0 1052.3889999999994 17 4710.0 -1695.0 190 -229 350.6969999999999 198.66600000000005 153
3070.0 973.3919999999995 18 4830.0 -1760.0 160 -226 276.49699999999996 208.786 176
2820.0 1082.4389999999999 19 4230.0 -1500.0 163 -246 311.7699999999999 197.24699999999996 204
2680.0 898.2139999999999 16 4410.0 -1850.0 168 -210 254.957 184.994 185
3710.0 983.7819999999999 16 4920.0 -1210.0 153 -229 292.0399999999999 199.34399999999994 121
2590.0 922.5890000000003 15 4350.0 -1940.0 176 -220 278.236 156.004 194
820.0 831.7469999999997 17 2580.0 -1760.0 160 -206 224.15499999999997 111.273 176
1740.0 947.0419999999998 16 3720.0 -1980.0 220 -212 303.0239999999999 163.08299999999997 198
445.0 682.8159999999998 11 2070.0 -1625.0 166 -151 223.85099999999994 88.28099999999998 236
3190.0 990.6309999999996 18 4890.0 -1870.0 170 -228 297.751 201.21399999999997 187
2970.0 710.3529999999997 13 3840.0 -1385.0 139 -146 239.90899999999993 174.53099999999992 190
3960.0 1010.6449999999998 17 5280.0 -1570.0 178 -200 356.6399999999999 253.60599999999994 141
2600.0 828.9709999999998 15 4350.0 -1795.0 164 -184 231.943 212.22399999999993 184
2120.0 936.1009999999995 16 3360.0 -1530.0 182 -219 281.47499999999997 135.14299999999997 153
2900.0 961.1939999999998 17 4200.0 -1490.0 180 -224 289.9199999999999 169.96499999999997 149
3200.0 899.699 17 4140.0 -1120.0 173 -218 226.55099999999996 190.16999999999996 169
2550.0 1039.5659999999996 20 4230.0 -1680.0 226 -256 261.33000000000004 160.45499999999993 155
4000.0 1141.071 20 5250.0 -1350.0 177 -250 344.6929999999999 237.19299999999993 135
3155.0 986.3699999999998 17 4980.0 -1825.0 220 -237 264.77799999999996 212.878 229
1740.0 805.8439999999998 15 2970.0 -1460.0 175 -174 276.1129999999999 130.328 146
3790.0 935.9249999999998 17 4830.0 -1230.0 169 -215 298.4 172.45899999999997 192
2740.0 1041.8369999999993 20 3510.0 -1010.0 182 -237 322.10099999999994 148.415 101
1075.0 648.0199999999999 11 2640.0 -1565.0 160 -143 208.67799999999994 110.84499999999997 229
2000.0 887.328 17 3780.0 -1990.0 181 -197 280.364 166.02599999999995 199
2140.0 880.1019999999995 16 3600.0 -1460.0 178 -194 267.829 172.19799999999998 146
2195.0 788.796 14 3660.0 -1465.0 162 -181 249.80599999999995 150.92000000000002 204
2485.0 752.9599999999998 13 3990.0 -1555.0 179 -166 235.17299999999997 167.197 213
2930.0 808.7019999999998 13 4170.0 -1450.0 178 -166 294.347 177.35899999999998 145
2090.0 869.3549999999998 18 3450.0 -1570.0 177 -215 231.72299999999987 135.475 142
1640.0 693.0609999999997 12 2010.0 -370.0 77 -154 239.87099999999995 80.101 37
1400.0 818.0589999999996 13 3240.0 -1840.0 171 -170 288.61199999999997 137.61799999999994 184
3280.0 1026.995 20 4530.0 -1290.0 162 -233 313.91499999999996 190.07 129
2470.0 918.2079999999995 17 3990.0 -1370.0 161 -207 292.75899999999984 162.83300000000003 121
330.0 147.48399999999992 2 330.0 0.0 0 -34 48.65099999999997 14.357999999999999 0
3470.0 864.5839999999996 18 5130.0 -1660.0 151 -210 222.11099999999996 209.51399999999995 166
1790.0 903.247 17 3540.0 -1750.0 159 -212 262.07499999999993 148.40200000000002 175
3200.0 884.6969999999999 16 4650.0 -1450.0 195 -204 274.72599999999994 184.81899999999996 145
1820.0 552.6039999999998 9 2220.0 -400.0 83 -128 149.35399999999998 103.68499999999999 40
3350.0 803.3369999999999 14 4260.0 -1410.0 128 -157 299.75999999999993 189.93199999999993 141
2230.0 964.7679999999999 17 3450.0 -1530.0 181 -205 333.645 152.50199999999998 153
2260.0 869.2919999999995 16 3960.0 -1700.0 155 -203 245.02399999999994 173.39999999999998 170
2050.0 980.6059999999997 19 3810.0 -2020.0 183 -233 272.88599999999997 162.139 202
2780.0 1059.4999999999998 21 3990.0 -1280.0 159 -248 304.82599999999996 180.36299999999994 128
2020.0 691.9449999999997 12 3810.0 -1820.0 165 -150 219.29499999999996 174.49499999999995 182
3290.0 904.7879999999997 17 4080.0 -980.0 181 -209 287.6689999999999 142.295 98
3590.0 982.1399999999994 16 4860.0 -1270.0 158 -200 361.03899999999993 206.40699999999993 127
450.0 128.38499999999996 2 450.0 0.0 0 -35 25.27999999999999 18.940999999999992 0
2760.0 930.4240000000001 17 3990.0 -1260.0 156 -210 278.10999999999996 173.31000000000003 126
2585.0 1044.472 20 3660.0 -1825.0 221 -242 323.22599999999994 152.084 176
1630.0 841.5389999999996 14 3360.0 -1730.0 158 -192 250.50099999999995 149.03099999999995 173
2720.0 841.7009999999999 15 4470.0 -1945.0 191 -199 250.81699999999998 169.628 188
2360.0 757.0430000000003 13 4080.0 -1810.0 169 -177 220.70999999999998 164.62499999999997 190
2360.0 904.0909999999996 18 4080.0 -1890.0 171 -217 241.33199999999994 176.71999999999997 189
1300.0 787.7989999999998 15 2970.0 -1820.0 165 -187 223.67099999999996 127.14599999999997 182
2220.0 935.0709999999995 17 4260.0 -2040.0 185 -204 288.792 198.04299999999995 204
4330.0 1105.547 17 5670.0 -1340.0 158 -243 337.2139999999998 251.92899999999995 118
2420.0 957.8779999999998 18 3630.0 -1220.0 152 -217 291.006 166.84399999999997 123
2220.0 980.7079999999999 18 3450.0 -1230.0 157 -224 284.86799999999994 162.332 123
960.0 823.2149999999998 14 2700.0 -1860.0 169 -167 316.05699999999985 117.80000000000001 186
3570.0 1152.836 22 4440.0 -870.0 161 -257 366.2749999999999 203.4 71
2800.0 1069.0049999999997 19 4050.0 -1250.0 160 -249 297.851 184.06399999999994 125
1030.0 930.9159999999997 17 2850.0 -1820.0 166 -228 260.61499999999995 119.70599999999999 182
1495.0 602.4449999999999 11 2400.0 -1505.0 137 -139 185.012 103.89099999999996 241
2450.0 617.3609999999999 11 3330.0 -1645.0 102 -133 220.118 127.32199999999999 241
2770.0 770.4179999999997 15 4530.0 -1800.0 163 -172 235.08899999999988 192.07399999999996 180
1395.0 778.1669999999996 14 2940.0 -1665.0 170 -171 252.33599999999998 125.01799999999999 239
1710.0 537.1809999999998 9 2310.0 -1490.0 166 -124 167.26399999999995 93.73599999999999 209
330.0 128.74599999999998 2 330.0 0.0 0 -34 23.936999999999998 17.524 0
1670.0 706.4849999999999 12 3480.0 -1875.0 172 -160 194.04199999999994 167.65599999999992 194
2600.0 946.0210000000001 17 3360.0 -760.0 158 -212 314.02299999999985 140.63499999999993 76
390.0 146.47999999999996 2 390.0 0.0 0 -41 23.591999999999995 15.292999999999996 0
780.0 696.704 12 2250.0 -1470.0 163 -156 218.89699999999993 100.10999999999999 206
3650.0 909.8859999999999 15 4620.0 -1200.0 183 -223 224.2839999999999 206.20499999999998 179
1840.0 578.2939999999999 11 2220.0 -380.0 79 -154 118.625 98.61299999999999 38
3010.0 1002.2289999999999 18 4260.0 -1250.0 156 -243 244.71399999999997 202.855 125
3065.0 866.2510000000001 15 4560.0 -1565.0 171 -202 262.359 174.797 214
2620.0 931.6789999999999 17 3810.0 -1320.0 163 -198 322.376 169.47199999999992 132
2060.0 544.1779999999999 9 2910.0 -850.0 77 -121 184.05899999999997 110.28499999999997 85
2700.0 926.8819999999998 17 3660.0 -1050.0 178 -215 294.5469999999999 134.984 164
860.0 742.4979999999996 14 2310.0 -1640.0 177 -150 266.5439999999999 112.98499999999999 220
1750.0 823.2629999999998 14 3510.0 -1760.0 160 -187 258.61499999999995 142.24899999999994 176
2185.0 782.2050000000003 14 3810.0 -1625.0 177 -177 246.04399999999993 160.17299999999994 221
2330.0 932.2119999999994 15 4110.0 -1780.0 162 -213 267.6809999999999 185.85300000000007 178
2030.0 661.3459999999999 12 2850.0 -820.0 75 -155 176.90299999999996 133.205 82
3210.0 981.0929999999994 18 4470.0 -1520.0 183 -225 291.01499999999993 185.60399999999996 152
2010.0 1022.1789999999994 20 3300.0 -1290.0 163 -245 286.117 147.621 129
2750.0 837.1549999999994 17 4140.0 -1500.0 175 -182 271.4709999999999 178.652 205
1790.0 699.867 12 2700.0 -1470.0 134 -136 271.2659999999999 132.95000000000002 147
1720.0 711.9289999999995 13 3330.0 -1700.0 174 -151 248.4229999999999 143.22199999999995 250
3400.0 1099.1109999999996 20 4680.0 -1490.0 204 -264 281.1519999999999 207.464 149
2150.0 913.4299999999996 17 3930.0 -1850.0 168 -225 223.83699999999993 166.15900000000002 185
2420.0 924.0889999999999 17 4080.0 -1765.0 163 -215 277.87499999999994 164.26500000000001 187
2450.0 993.6129999999996 18 3690.0 -1370.0 166 -214 321.1849999999999 174.15 137
2580.0 833.9969999999998 14 4350.0 -1770.0 161 -181 250.52800000000002 202.87899999999993 177
2385.0 1107.8169999999996 22 3750.0 -1515.0 174 -258 324.06899999999996 169.694 135
2080.0 926.0769999999995 17 3450.0 -1560.0 169 -214 256.6979999999999 160.32 211
750.0 258.3399999999999 4 750.0 0.0 0 -66 50.855999999999995 37.17399999999999 0
1790.0 931.8289999999996 18 3510.0 -1880.0 190 -219 258.51199999999994 149.23799999999997 188
2460.0 947.1650000000001 17 4200.0 -1835.0 171 -222 266.741 187.87599999999995 193
2285.0 858.328 17 3600.0 -1495.0 170 -193 286.326 138.427 134
3170.0 886.4089999999999 15 5220.0 -1780.0 162 -224 227.82299999999992 187.98899999999998 178
940.0 781.9749999999996 15 2700.0 -1980.0 180 -182 227.94899999999996 118.68699999999997 198
3260.0 883.5469999999997 15 4500.0 -1400.0 169 -180 326.941 193.42799999999997 140
3600.0 1177.6209999999996 21 4770.0 -1570.0 183 -259 370.38599999999997 215.21499999999995 157
1940.0 698.0019999999998 12 2820.0 -1010.0 91 -154 231.51299999999995 116.523 101
4200.0 1175.1760000000002 20 5430.0 -1230.0 157 -266 348.11100000000005 238.004 123
3380.0 971.1509999999995 19 4590.0 -1210.0 152 -229 276.6859999999999 187.42699999999996 121
2620.0 1011.6539999999998 19 3870.0 -1430.0 172 -231 300.3809999999999 171.26399999999998 143
1600.0 615.1399999999998 10 3330.0 -1730.0 157 -139 165.789 155.29799999999994 173
3020.0 1010.701 19 4230.0 -1930.0 215 -253 232.60599999999994 188.09899999999996 193
770.0 720.3419999999999 13 2580.0 -1960.0 178 -165 232.62299999999996 105.85799999999998 196
1960.0 893.5210000000001 15 3660.0 -1720.0 155 -204 262.51099999999997 165.99099999999999 172
3195.0 756.5449999999997 13 4680.0 -1555.0 178 -162 257.216 184.87199999999996 214
2445.0 688.7729999999997 14 3030.0 -1265.0 144 -158 220.29899999999995 125.24699999999997 185
3210.0 844.3069999999997 13 4980.0 -1900.0 172 -185 255.72399999999996 211.09700000000004 190
3260.0 892.3609999999996 15 4050.0 -790.0 164 -192 298.55899999999997 175.77500000000003 79
2150.0 793.4719999999999 12 3930.0 -1790.0 162 -179 242.72099999999992 136.422 179
2870.0 645.0199999999999 10 3390.0 -520.0 73 -147 199.276 136.30499999999998 104
2400.0 966.6389999999996 18 4110.0 -1940.0 176 -234 242.21099999999998 131.75600000000003 194
390.0 164.7659999999999 3 390.0 0.0 0 -42 35.737999999999985 20.261 0
4140.0 1093.9049999999997 20 4890.0 -770.0 156 -253 318.90099999999995 207.8239999999999 77
2490.0 957.1459999999996 19 4200.0 -1880.0 170 -234 253.28199999999995 171.50400000000002 188
3770.0 980.8739999999999 16 5550.0 -1780.0 162 -224 273.0859999999999 244.15899999999993 178
2645.0 1007.9289999999997 18 3960.0 -1315.0 157 -234 295.7749999999999 172.87400000000005 115
1220.0 657.4389999999997 12 2910.0 -1910.0 174 -148 221.10999999999993 110.65599999999998 191
240.0 126.05099999999999 2 240.0 0.0 0 -34 24.885999999999996 12.830000000000002 0
3020.0 1074.7409999999998 21 4770.0 -1750.0 159 -256 292.74099999999993 207.28400000000002 175
2545.0 689.7689999999998 11 3750.0 -1205.0 164 -146 248.89999999999986 144.76099999999997 177
1180.0 726.1869999999999 13 2940.0 -1940.0 176 -154 250.02300000000002 135.147 194
2070.0 941.9119999999995 15 4080.0 -2010.0 182 -230 245.35399999999996 159.15299999999996 201
3285.0 838.3589999999999 14 4620.0 -1335.0 188 -203 219.86800000000002 185.56799999999998 218
1480.0 763.0759999999998 14 2730.0 -1510.0 180 -171 225.30599999999998 134.007 151
3010.0 902.5539999999995 16 4740.0 -1730.0 157 -215 228.204 219.563 173
2000.0 810.275 14 3750.0 -1790.0 167 -168 273.61499999999995 182.896 179
3880.0 1022.0669999999999 18 4650.0 -1030.0 183 -222 306.339 211.986 103
2180.0 853.9399999999999 15 3870.0 -1780.0 161 -196 255.605 166.33799999999997 178
2750.0 919.6819999999999 18 4470.0 -1940.0 176 -201 306.9660000000001 175.807 194
2810.0 887.4379999999999 17 4170.0 -1730.0 191 -201 259.113 181.30199999999994 158
2550.0 701.4300000000001 12 3150.0 -680.0 92 -147 230.68599999999992 147.76999999999998 128
4165.0 983.9349999999996 19 5490.0 -1985.0 215 -258 196.435 222.798 183
3130.0 897.346 15 4860.0 -1730.0 157 -185 311.746 218.394 173
420.0 153.97799999999998 3 420.0 0.0 0 -40 40.397000000000006 16.945999999999998 0
960.0 803.74 13 2640.0 -1680.0 152 -175 275.369 111.97099999999999 168
2470.0 719.6479999999997 13 4260.0 -1790.0 163 -169 219.76999999999987 156.26099999999997 179
1745.0 841.5029999999998 16 2850.0 -1105.0 163 -192 253.672 129.55000000000004 183
2960.0 837.9619999999994 15 4200.0 -1250.0 158 -186 243.42499999999993 194.04999999999995 125
955.0 668.2119999999998 13 2430.0 -1475.0 163 -148 212.32400000000004 109.10199999999998 205
1690.0 689.752 11 2610.0 -1600.0 146 -149 222.712 115.38499999999999 160
3570.0 958.7259999999998 15 4860.0 -1290.0 162 -235 230.68099999999995 213.38899999999998 129
1470.0 735.2009999999998 13 3210.0 -1900.0 172 -160 233.63099999999991 151.2179999999999 190
2440.0 927.4000000000003 15 3690.0 -1250.0 159 -195 328.50599999999986 159.37699999999995 125
3240.0 1061.7749999999999 18 5250.0 -2010.0 183 -249 280.75 229.91399999999996 201
2550.0 1003.2439999999996 20 4290.0 -1780.0 161 -233 288.77499999999986 187.19099999999997 178
3340.0 700.5559999999998 13 3720.0 -380.0 79 -154 209.115 168.488 38
2720.0 1003.6639999999998 19 4440.0 -1980.0 179 -230 298.34899999999993 194.19000000000003 198
3220.0 784.6970000000001 13 5040.0 -1820.0 169 -176 230.297 199.26399999999995 182
4190.0 1005.8779999999997 18 5430.0 -1610.0 188 -236 296.992 214.55299999999994 161
1365.0 707.2659999999998 13 2970.0 -1635.0 169 -149 250.69599999999997 124.67599999999999 232
480.0 193.55599999999995 3 480.0 0.0 0 -48 51.137 19.951999999999998 0
1935.0 712.268 13 3240.0 -1305.0 165 -155 228.84999999999994 148.40499999999997 221
1060.0 817.0619999999998 15 2880.0 -2040.0 186 -173 294.77199999999993 130.18199999999996 204
4470.0 1000.606 16 5250.0 -840.0 167 -231 273.92299999999994 223.121 84
2580.0 849.3659999999999 15 3870.0 -1490.0 181 -189 264.376 167.75499999999997 149
3170.0 920.8189999999998 18 4470.0 -1500.0 204 -229 236.494 181.39399999999998 150
865.0 703.5489999999999 12 2280.0 -1415.0 155 -158 222.84099999999992 100.23500000000001 194
420.0 166.36599999999999 3 420.0 0.0 0 -43 35.75 18.203999999999997 0
1210.0 534.3449999999999 10 2130.0 -920.0 84 -128 143.85099999999997 90.16199999999996 92
2710.0 900.4569999999998 16 4020.0 -1530.0 210 -202 308.1829999999999 142.19999999999996 153
3540.0 889.1689999999996 17 4740.0 -1200.0 154 -203 257.41999999999985 170.83899999999994 120
510.0 139.36599999999993 2 510.0 0.0 0 -34 35.226 22.267 0
3225.0 859.6219999999998 16 4590.0 -1365.0 159 -197 270.147 172.88899999999992 121
2090.0 857.8179999999995 17 3810.0 -1860.0 169 -190 264.157 174.00299999999996 186
1200.0 839.4759999999998 14 3180.0 -1980.0 205 -185 268.91299999999995 146.486 198
1360.0 648.0549999999997 12 2280.0 -1405.0 140 -146 199.66699999999994 101.87599999999999 189
810.0 194.80299999999997 4 810.0 0.0 0 -51 39.217999999999996 37.919 0
2620.0 876.6219999999997 16 3870.0 -1310.0 172 -191 293.11599999999993 161.22899999999998 131
3770.0 1016.8609999999998 17 5130.0 -1380.0 164 -240 299.39699999999993 186.61299999999994 122
3880.0 1125.4780000000003 20 5100.0 -1450.0 202 -262 319.73699999999985 216.04199999999997 145
3200.0 1130.84 22 4470.0 -1270.0 162 -263 330.0279999999999 197.197 127
4450.0 1114.2099999999996 21 5730.0 -1370.0 167 -268 308.0280000000001 224.08 137
5895.0 1272.3200000000002 19 7200.0 -1435.0 164 -290 354.698 310.3389999999999 128
3565.0 1082.2139999999995 16 5130.0 -1985.0 197 -237 318.95899999999995 242.679 267
2760.0 761.5719999999999 13 4020.0 -1270.0 161 -153 301.4469999999999 150.90799999999996 127
630.0 640.5509999999998 10 2310.0 -1810.0 180 -137 221.04599999999996 102.29600000000002 181
2650.0 732.9899999999999 13 3510.0 -1430.0 130 -137 283.724 170.93499999999997 143
1710.0 1033.8509999999997 17 3720.0 -2010.0 205 -224 324.73799999999994 182.742 201
520.0 304.68099999999987 5 1440.0 -950.0 86 -67 91.65799999999997 69.61200000000001 95
540.0 665.0729999999999 12 2460.0 -1920.0 174 -168 165.795 99.14099999999999 192
2900.0 1024.5369999999998 18 4170.0 -1270.0 159 -225 341.13699999999994 180.10299999999998 127
1320.0 674.1039999999997 12 2760.0 -1465.0 163 -145 232.97600000000003 110.16999999999997 209
2780.0 927.4889999999999 17 4080.0 -1540.0 185 -209 294.175 170.47 154
1510.0 839.9169999999998 15 3240.0 -1730.0 157 -204 218.84199999999993 145.70399999999998 173
1150.0 648.3209999999999 13 2070.0 -1670.0 152 -148 204.74399999999997 86.337 167
3860.0 1053.6299999999997 19 5070.0 -1370.0 189 -237 311.908 189.90199999999996 137
1590.0 684.7409999999999 12 3300.0 -2010.0 182 -147 252.26999999999992 123.12499999999996 201
2605.0 961.4800000000001 18 3540.0 -1005.0 162 -213 311.49099999999993 151.98999999999998 158
660.0 205.72200000000004 3 660.0 0.0 0 -37 90.97099999999999 30.157999999999998 0
1590.0 682.4159999999998 11 2490.0 -900.0 82 -149 213.12899999999993 116.78999999999996 90
2920.0 820.5040000000001 15 3840.0 -1020.0 175 -183 261.76300000000003 164.77699999999996 156
2320.0 1010.8429999999995 18 4020.0 -1700.0 155 -246 245.025 185.396 170
1190.0 914.244 17 2940.0 -1765.0 160 -209 274.8829999999999 134.59199999999998 178
2810.0 1001.5129999999999 21 4110.0 -1580.0 189 -248 251.532 175.266 158
1320.0 627.1869999999998 11 2160.0 -840.0 76 -140 196.78199999999995 100.21 84
930.0 668.5099999999998 10 2700.0 -1770.0 161 -155 178.66400000000002 125.83299999999993 177
1320.0 775.4159999999997 14 3090.0 -2000.0 182 -165 271.11499999999995 136.61999999999998 200
1350.0 767.2109999999998 13 3120.0 -1790.0 162 -153 290.229 150.322 179
1770.0 780.5419999999997 14 3510.0 -1740.0 186 -186 212.75400000000002 151.12900000000002 242
3100.0 847.1149999999996 16 4920.0 -1960.0 195 -210 224.644 185.34400000000002 196
2390.0 927.2689999999998 17 4140.0 -1750.0 159 -198 307.71499999999986 186.63799999999998 175
2050.0 879.1619999999998 15 3780.0 -1730.0 158 -189 301.29300000000006 168.81399999999996 173
300.0 143.37199999999993 2 300.0 0.0 0 -34 43.93099999999998 12.504999999999999 0
2580.0 819.3489999999998 14 4260.0 -1910.0 174 -178 258.15299999999996 187.63899999999992 191
1590.0 596.5929999999998 9 2190.0 -1300.0 149 -134 182.81699999999992 104.73099999999998 190
1670.0 631.7479999999999 11 2580.0 -910.0 83 -150 164.58899999999997 119.89099999999999 91
2670.0 806.8229999999999 17 3960.0 -1290.0 161 -199 210.06799999999996 159.04399999999998 129
2940.0 989.5139999999996 18 4230.0 -1290.0 164 -232 286.802 178.17599999999993 129
360.0 141.611 2 360.0 0.0 0 -35 35.89499999999998 17.284999999999997 0
3030.0 833.204 16 4800.0 -1940.0 176 -198 222.68599999999995 205.69099999999992 194
2985.0 1036.837 19 3900.0 -1015.0 163 -241 304.54599999999994 165.59399999999994 81
360.0 185.6009999999999 3 360.0 0.0 0 -42 60.064999999999976 16.160999999999994 0
4390.0 1001.1929999999998 18 5700.0 -1730.0 205 -220 293.388 218.46100000000004 173
2835.0 815.4519999999997 15 4320.0 -1565.0 171 -174 272.37699999999995 185.24100000000004 215
3580.0 1023.4959999999999 18 4590.0 -1150.0 182 -236 283.02899999999994 205.16399999999993 174
2390.0 818.7969999999996 14 3150.0 -760.0 158 -197 208.23199999999994 146.02099999999993 76
3450.0 994.9559999999997 17 4230.0 -830.0 166 -223 290.69399999999996 199.98 83
2440.0 901.8339999999996 17 3870.0 -1470.0 161 -215 238.17799999999988 156.145 206
2940.0 1017.9079999999996 18 4140.0 -1320.0 162 -204 375.48299999999995 188.901 132
1070.0 692.7369999999997 12 2880.0 -1970.0 179 -164 211.11699999999996 111.07399999999997 197
2610.0 1032.8549999999998 19 4470.0 -1290.0 160 -248 251.65400000000008 209.105 129
-110.0 268.9 4 810.0 -920.0 84 -53 109.26899999999995 34.367000000000004 92
1980.0 911.7179999999995 17 3720.0 -1880.0 188 -210 273.89599999999996 164.392 188
4850.0 1096.8359999999996 16 5640.0 -910.0 189 -236 349.9439999999999 241.015 91
2450.0 754.9269999999998 14 3330.0 -1270.0 115 -160 265.0259999999999 143.67999999999998 127
1510.0 521.9669999999998 10 2400.0 -890.0 81 -134 117.90599999999998 98.92999999999998 89
665.0 599.8749999999997 10 2430.0 -1765.0 160 -138 177.38999999999996 105.71099999999998 258
2380.0 931.966 16 3690.0 -1350.0 167 -219 240.16699999999997 176.48 135
2130.0 828.4739999999996 16 3840.0 -1830.0 166 -199 250.51099999999994 146.61599999999999 183
660.0 758.7009999999998 15 2430.0 -1770.0 161 -184 212.82299999999998 104.91699999999997 177
2940.0 939.489 16 4560.0 -1650.0 150 -223 230.93799999999993 209.32000000000002 165
2630.0 974.8239999999998 14 3960.0 -1380.0 161 -210 314.90799999999996 190.52599999999998 122
4025.0 818.4989999999999 15 5130.0 -1105.0 162 -174 278.73999999999995 213.37099999999998 184
2510.0 785.9419999999999 13 3780.0 -1270.0 161 -190 188.39999999999998 174.53899999999993 127
860.0 721.1439999999998 13 2760.0 -1900.0 172 -165 218.55399999999992 120.38999999999994 190
3580.0 1085.8089999999993 21 4350.0 -820.0 164 -243 346.99399999999986 194.93899999999996 82
1160.0 793.4299999999996 15 2910.0 -1920.0 174 -166 270.209 136.94099999999995 192
3570.0 1050.5049999999999 17 4350.0 -830.0 166 -229 313.36 205.238 83
1280.0 615.87 11 2880.0 -1600.0 163 -135 201.33399999999997 124.87699999999998 229
2470.0 943.4109999999996 18 3690.0 -1365.0 175 -228 266.265 148.753 151
2710.0 885.1459999999998 15 3900.0 -1245.0 159 -184 302.5029999999999 180.84099999999995 130
2410.0 940.8269999999994 16 3660.0 -1250.0 156 -223 264.02399999999994 152.46799999999996 125
300.0 148.054 2 300.0 0.0 0 -37 40.369 11.666999999999998 0
1570.0 896.674 15 3330.0 -1760.0 160 -222 229.64699999999996 146.476 176
3880.0 913.2379999999999 16 4680.0 -870.0 174 -212 266.22299999999996 184.87200000000004 94
1760.0 928.1349999999996 16 3030.0 -1390.0 173 -201 307.6 137.37599999999998 139
1500.0 839.492 16 3240.0 -1740.0 158 -203 227.59799999999996 133.99499999999998 174
2410.0 831.4470000000001 13 4200.0 -1790.0 163 -194 247.85899999999995 166.79599999999996 179
3400.0 1025.4449999999997 19 4650.0 -1420.0 172 -239 285.0689999999999 210.81900000000002 142
4100.0 964.4729999999995 16 5310.0 -1580.0 185 -211 280.0539999999999 241.16799999999992 158
2720.0 987.3010000000002 17 4440.0 -1720.0 157 -229 276.223 191.577 172
860.0 761.2269999999999 15 2670.0 -1810.0 165 -176 236.575 111.60499999999998 181
3360.0 980.8829999999999 16 4620.0 -1510.0 179 -217 286.559 210.23199999999994 151
2520.0 788.6380000000001 13 3750.0 -1480.0 176 -164 280.82599999999996 158.417 148
2510.0 1002.4519999999997 18 4290.0 -1780.0 238 -250 239.31099999999995 184.03099999999995 163
2440.0 876.4909999999998 17 4080.0 -1735.0 157 -218 238.96999999999994 152.42399999999998 183
2930.0 662.5509999999998 11 3840.0 -910.0 83 -161 181.52299999999997 150.822 91
2220.0 538.0029999999998 8 3150.0 -930.0 85 -123 159.24699999999996 129.01799999999994 93
3190.0 980.8309999999999 17 4980.0 -1840.0 173 -214 309.741 219.74699999999993 184
2270.0 711.504 12 3150.0 -1110.0 101 -153 237.95199999999994 137.08999999999995 111
2860.0 861.9159999999998 14 4530.0 -1670.0 152 -169 318.8559999999999 197.87499999999994 167
300.0 138.66599999999994 2 300.0 0.0 0 -36 33.469999999999985 11.693999999999999 0
2330.0 901.5459999999999 16 4110.0 -1830.0 167 -210 245.79199999999992 177.31999999999994 188
1760.0 983.8739999999996 19 3450.0 -1930.0 176 -237 257.36899999999997 149.15200000000002 193
2390.0 1003.1569999999998 18 3660.0 -1490.0 179 -219 328.8979999999999 168.15899999999996 149
1860.0 787.4859999999999 15 2760.0 -900.0 82 -184 224.88799999999998 126.12900000000002 90
2045.0 944.2459999999998 20 3390.0 -1345.0 157 -233 240.17999999999992 143.079 119
520.0 733.9489999999996 12 2340.0 -1820.0 165 -155 261.036 102.25199999999998 182
1930.0 948.9719999999996 17 3930.0 -2000.0 205 -230 256.109 158.27599999999993 200
1160.0 819.672 16 2940.0 -1970.0 179 -190 261.49699999999996 122.11000000000001 197
3205.0 838.7260000000002 14 4140.0 -1055.0 167 -182 281.826 173.55299999999997 163
2050.0 757.8909999999998 13 3780.0 -1850.0 169 -161 260.48699999999997 161.81899999999996 185
3080.0 822.8169999999998 14 4830.0 -1750.0 159 -203 219.59599999999998 175.05999999999997 175
620.0 723.9579999999999 13 2370.0 -1750.0 159 -167 221.39099999999996 109.802 175
1380.0 660.1219999999995 10 2760.0 -1380.0 154 -145 216.91499999999994 118.22299999999997 194
2420.0 851.8189999999997 15 4110.0 -1940.0 205 -191 266.4789999999999 174.81299999999996 194
600.0 157.069 2 600.0 0.0 0 -41 24.134999999999994 31.781999999999996 0
1010.0 739.2529999999995 15 2760.0 -1770.0 161 -163 247.96299999999997 114.034 177
690.0 239.1119999999999 4 690.0 0.0 0 -62 56.62199999999998 28.450999999999997 0
2045.0 724.6579999999998 12 3330.0 -1285.0 173 -164 206.52899999999994 160.765 243
1200.0 600.2559999999997 10 2460.0 -1260.0 157 -135 191.48899999999998 103.01899999999999 126
2570.0 1062.6979999999996 19 4680.0 -2110.0 235 -273 231.37599999999995 198.75800000000004 211
1270.0 834.2609999999997 15 3000.0 -1730.0 157 -185 264.8139999999999 136.84900000000002 173
2140.0 833.8999999999997 14 3060.0 -920.0 84 -182 276.30699999999996 132.98099999999997 92
2185.0 603.7509999999999 10 2910.0 -725.0 84 -142 159.08099999999996 122.19599999999997 145
770.0 763.3859999999997 15 2550.0 -1780.0 162 -187 210.0339999999999 106.395 178
3220.0 922.304 16 4410.0 -1190.0 152 -210 273.94499999999994 190.64799999999997 119
2690.0 843.947 15 3930.0 -1240.0 156 -188 273.40500000000003 155.648 124
3670.0 1078.6079999999997 19 5040.0 -1570.0 179 -248 316.8299999999999 210.70799999999997 141
2600.0 876.1779999999999 15 4260.0 -1710.0 156 -196 292.51599999999985 164.01 176
2890.0 929.8609999999999 16 4200.0 -1375.0 175 -215 285.427 171.368 144
1640.0 799.2469999999998 13 3210.0 -1570.0 161 -177 260.36099999999993 139.99599999999998 229
2640.0 999.6399999999996 19 3870.0 -1285.0 160 -244 279.7639999999999 148.76999999999998 134
3450.0 1088.1109999999994 19 4680.0 -1820.0 210 -246 289.547 223.25099999999998 182
2160.0 747.6740000000002 12 3390.0 -1280.0 165 -154 262.64999999999986 145.19799999999998 128
2840.0 883.181 15 4560.0 -1890.0 172 -201 257.921 205.158 189
1500.0 605.7669999999998 11 2370.0 -870.0 79 -156 139.49200000000002 99.10499999999999 174
2830.0 1175.8109999999997 19 4620.0 -1790.0 246 -275 316.347 208.04199999999992 163
1040.0 803.9369999999999 14 2850.0 -1810.0 175 -185 259.13199999999995 104.04799999999999 181
1470.0 926.8359999999997 18 3150.0 -1680.0 153 -208 298.775 137.55399999999997 168
2410.0 854.4219999999997 16 3630.0 -1620.0 210 -208 237.90999999999997 146.63499999999996 202
750.0 746.0529999999999 13 2490.0 -1740.0 190 -167 231.88600000000005 114.15999999999997 246
630.0 176.44299999999993 3 630.0 0.0 0 -46 41.36299999999998 24.220000000000002 0
1230.0 689.1729999999998 13 2970.0 -1920.0 175 -164 218.71299999999997 105.28 192
2350.0 980.2689999999998 19 4080.0 -1980.0 179 -233 270.126 171.67399999999995 198
4135.0 998.2510000000001 21 5220.0 -1215.0 186 -238 254.99799999999993 234.48799999999991 194
2900.0 967.9099999999997 16 4170.0 -1510.0 183 -210 310.7309999999999 200.409 151
2720.0 797.5379999999999 13 4380.0 -1670.0 153 -179 236.15999999999997 158.68699999999998 167
2810.0 1045.0069999999998 18 4050.0 -1560.0 187 -250 279.671 175.87599999999998 156
2220.0 837.5440000000001 14 3990.0 -1850.0 168 -190 265.70899999999995 160.18699999999995 185
1270.0 768.1569999999998 14 3090.0 -1870.0 170 -167 252.72799999999998 134.123 187
3770.0 1004.5699999999998 19 5040.0 -1790.0 206 -243 272.99999999999994 193.68599999999998 179
3060.0 1003.7549999999998 18 4320.0 -1610.0 193 -251 232.243 179.591 161
480.0 141.39999999999998 2 480.0 0.0 0 -33 41.419 20.508 0
2040.0 608.5809999999999 11 2400.0 -360.0 75 -138 199.06199999999998 99.41499999999996 36
2430.0 872.7679999999996 15 4110.0 -1680.0 153 -192 286.25499999999994 169.99099999999993 168
2640.0 990.9909999999995 17 3900.0 -1310.0 164 -226 294.27399999999994 174.06400000000002 136
1710.0 661.8639999999999 11 3180.0 -1535.0 171 -156 189.69799999999995 126.40299999999996 220
2070.0 610.7189999999998 10 2430.0 -360.0 75 -146 175.36299999999997 98.11599999999999 36
2080.0 894.8239999999998 17 3870.0 -2010.0 183 -223 236.95700000000002 148.65399999999997 201
2570.0 823.514 14 3870.0 -1300.0 165 -195 219.23999999999995 174.078 130
2050.0 674.6009999999998 11 3420.0 -1370.0 170 -154 186.359 158.69000000000003 137
3490.0 1062.1979999999999 20 4830.0 -1440.0 178 -238 316.62999999999994 223.04899999999995 128
2120.0 898.3579999999995 17 3480.0 -1360.0 160 -213 252.939 153.48999999999998 120
450.0 179.22999999999996 3 450.0 0.0 0 -39 64.11599999999999 21.796000000000003 0
2730.0 841.478 16 3660.0 -970.0 160 -168 309.0049999999999 178.242 151
5240.0 1060.1339999999996 21 6030.0 -1240.0 205 -267 273.382 235.8979999999999 124
2090.0 889.4609999999999 17 3420.0 -1590.0 180 -193 294.18399999999986 158.78399999999996 143
3250.0 785.4759999999999 14 3840.0 -1330.0 150 -170 256.76099999999997 165.96900000000002 192
1160.0 842.623 14 2970.0 -1810.0 165 -172 317.4889999999999 130.345 181
2390.0 796.8699999999998 13 3690.0 -1360.0 172 -164 267.267 173.79 142
750.0 171.12899999999993 3 750.0 0.0 0 -44 35.46999999999999 35.43499999999999 0
3150.0 983.1329999999997 18 4530.0 -1380.0 154 -224 310.1869999999999 178.853 194
1595.0 767.0309999999995 13 3300.0 -1705.0 185 -185 184.19399999999993 149.033 231
1940.0 782.8679999999998 14 3450.0 -1510.0 168 -168 271.024 149.216 211
2590.0 832.8030000000001 15 4260.0 -1670.0 152 -189 242.40299999999996 190.32799999999992 167
1420.0 699.3119999999997 11 3330.0 -1910.0 193 -169 201.89199999999994 114.904 191
3140.0 1035.2580000000003 19 4860.0 -1930.0 175 -243 283.375 215.112 193
1750.0 897.8759999999994 16 3030.0 -1470.0 203 -195 314.17499999999995 122.89499999999997 147
1905.0 711.8169999999999 11 3510.0 -1605.0 164 -143 262.2029999999999 150.45999999999995 233
2350.0 962.6629999999998 18 4020.0 -1870.0 170 -232 257.01199999999994 175.255 187
2150.0 713.6299999999999 12 3600.0 -1450.0 159 -153 247.45799999999997 152.569 199
2050.0 796.8959999999996 16 3750.0 -1960.0 178 -191 220.042 154.767 196
2210.0 841.6359999999999 14 3900.0 -1690.0 154 -187 248.53899999999996 178.42799999999997 169
1690.0 732.2990000000001 11 3450.0 -1940.0 176 -156 254.06900000000002 142.183 194
2650.0 784.9520000000001 14 4440.0 -1790.0 163 -190 222.12399999999994 165.77599999999995 179
240.0 137.86399999999992 2 240.0 0.0 0 -35 36.21799999999996 11.77 0
1320.0 829.846 16 3000.0 -1930.0 204 -187 244.14599999999996 115.52999999999997 193
1860.0 851.7939999999994 14 3630.0 -1870.0 181 -189 247.11499999999995 161.68300000000002 187
3390.0 999.5529999999994 16 4710.0 -1320.0 154 -217 323.757 208.5719999999999 117
2440.0 494.429 7 2790.0 -350.0 72 -110 148.73 122.35499999999998 35
2560.0 972.5329999999996 17 4320.0 -1760.0 160 -216 295.831 194.88500000000002 176
2630.0 995.0880000000002 18 4050.0 -1420.0 192 -227 307.563 171.35599999999997 142
630.0 184.64799999999997 3 630.0 0.0 0 -39 64.658 29.409 0
540.0 143.916 2 540.0 0.0 0 -39 25.057000000000002 26.948000000000008 0
2690.0 949.4150000000001 17 4470.0 -2010.0 183 -211 303.96900000000005 187.04299999999998 201
2185.0 910.6809999999996 16 3750.0 -1565.0 215 -224 239.63199999999992 150.18800000000002 143
1540.0 836.4379999999996 16 3120.0 -1580.0 161 -199 244.90000000000003 123.19499999999998 229
3190.0 909.3149999999998 16 4260.0 -1310.0 180 -209 264.10699999999997 187.54199999999997 201
1300.0 696.443 11 2790.0 -1490.0 166 -162 193.61599999999993 130.33499999999995 209
3400.0 1032.3569999999995 17 5430.0 -2030.0 213 -236 316.098 217.91199999999992 203
1650.0 611.4279999999999 10 2250.0 -600.0 85 -132 215.029 98.823 120
2510.0 772.3719999999997 15 4200.0 -1840.0 175 -190 184.65099999999998 189.94 199
2560.0 921.1289999999996 15 3810.0 -1310.0 168 -188 325.84799999999984 175.37099999999998 131
510.0 198.50799999999995 3 510.0 0.0 0 -46 60.59199999999997 22.702999999999996 0
2890.0 817.8939999999998 15 4710.0 -1820.0 166 -194 245.14299999999992 178.87299999999993 182
1290.0 703.7659999999998 12 3060.0 -1770.0 161 -145 252.433 142.38299999999998 177
2860.0 916.5059999999997 16 4680.0 -1820.0 214 -225 230.899 196.36399999999998 253
1890.0 817.3309999999998 14 3480.0 -1590.0 172 -192 211.654 162.10499999999996 214
2120.0 952.9449999999997 19 3390.0 -1350.0 168 -218 294.69899999999996 138.938 135
3370.0 878.3669999999995 16 4140.0 -940.0 175 -196 263.65299999999996 182.99299999999997 94
1960.0 866.9959999999996 15 3720.0 -1870.0 170 -201 247.34799999999998 164.367 187
2690.0 1076.5619999999997 17 4440.0 -1810.0 164 -256 255.27799999999993 211.63299999999998 181
1380.0 740.8530000000001 13 3150.0 -1770.0 168 -155 272.38499999999993 132.05799999999996 177
4470.0 1046.8580000000002 19 5730.0 -1450.0 197 -228 346.577 244.06299999999987 145
4440.0 960.1179999999996 18 5250.0 -835.0 170 -218 290.94799999999987 208.41899999999998 86
2750.0 962.205 17 4050.0 -1450.0 176 -211 309.827 174.76600000000002 160
3280.0 961.882 16 4050.0 -830.0 165 -199 343.148 168.87099999999995 83
3560.0 1023.0479999999997 20 4860.0 -1300.0 166 -253 253.66000000000003 195.148 130
3410.0 1008.957 18 4620.0 -1210.0 150 -231 303.628 183.04899999999992 121
3130.0 802.9329999999999 14 3870.0 -740.0 154 -193 230.54800000000003 153.07099999999994 74
3405.0 865.8469999999998 14 4260.0 -1055.0 175 -190 273.146 181.06399999999996 89
2460.0 1111.2889999999995 20 4140.0 -1700.0 153 -251 339.2779999999999 185.44599999999997 170
2730.0 904.8570000000001 17 3960.0 -1560.0 182 -188 316.67999999999995 176.33 156
2960.0 1032.69 19 4230.0 -1310.0 166 -232 335.49799999999993 179.499 135
3540.0 1059.508 18 4770.0 -1410.0 172 -232 357.731 191.319 141
3325.0 935.0099999999996 17 4740.0 -1615.0 174 -223 266.04400000000004 185.161 217
1270.0 760.4289999999997 13 3210.0 -1940.0 194 -192 182.321 125.39800000000001 194
4280.0 1017.3069999999993 18 6030.0 -2020.0 183 -240 284.1139999999999 240.97099999999995 202
3070.0 856.9439999999998 17 4320.0 -1250.0 159 -176 311.95 181.16899999999995 125
3990.0 911.345 17 5250.0 -1550.0 183 -220 250.32999999999998 193.13199999999998 155
1780.0 908.1089999999998 17 3510.0 -2040.0 185 -221 235.30699999999996 161.91499999999996 204
1770.0 760.2119999999998 13 3600.0 -1830.0 180 -185 167.08299999999997 142.75899999999996 183
2020.0 945.2399999999999 16 3540.0 -1520.0 214 -200 324.2529999999999 159.12899999999996 152
2180.0 802.4709999999998 14 3900.0 -1825.0 171 -175 280.9109999999999 155.16099999999997 193
3960.0 896.097 17 5790.0 -2040.0 186 -212 274.426 196.833 204
1300.0 965.2799999999994 19 3090.0 -1830.0 166 -211 322.727 136.23699999999997 183
2460.0 674.3499999999998 10 2820.0 -360.0 75 -155 192.361 133.018 36
1840.0 844.3799999999998 14 3600.0 -2000.0 182 -187 276.301 141.46699999999996 200
1260.0 811.6299999999998 15 3030.0 -1880.0 171 -177 258.8029999999999 144.94899999999998 188
2055.0 730.3689999999999 14 3540.0 -1485.0 164 -170 196.41599999999997 170.63399999999996 207
2870.0 1130.0999999999997 19 4260.0 -1485.0 174 -247 366.48599999999993 194.41600000000003 142
2820.0 839.4739999999998 14 4140.0 -1320.0 167 -173 302.80899999999997 181.16399999999996 132
2870.0 749.8489999999998 13 3780.0 -910.0 83 -147 280.8769999999999 173.87199999999996 91
2060.0 723.2779999999999 12 3870.0 -1890.0 172 -151 242.97299999999993 175.99199999999996 189
1380.0 646.7339999999999 11 2250.0 -870.0 79 -142 213.90399999999994 96.80300000000001 87
2520.0 638.9319999999999 10 3420.0 -900.0 82 -143 174.27599999999998 163.84599999999995 90
4090.0 1120.5930000000003 21 5670.0 -1840.0 167 -268 298.21500000000003 237.15599999999995 184
6540.0 958.6200000000001 17 7800.0 -1340.0 177 -241 334.49499999999995 183.54999999999998 134
1280.0 529.2759999999998 9 2160.0 -880.0 80 -130 130.498 96.03599999999997 88
2970.0 909.6229999999999 16 4170.0 -1500.0 178 -218 241.18599999999992 176.93399999999997 150
2450.0 828.3889999999996 14 4350.0 -1900.0 187 -201 242.79099999999988 154.30599999999998 190
2660.0 727.8699999999998 14 3540.0 -1240.0 155 -143 272.51399999999995 160.784 124
1620.0 771.1289999999997 13 3420.0 -1890.0 172 -167 244.74899999999988 152.52599999999995 189
2420.0 835.0569999999997 13 3690.0 -1270.0 159 -196 218.32999999999996 170.32299999999998 127
2050.0 883.7859999999997 16 3840.0 -1920.0 190 -212 240.84299999999993 164.90099999999995 192
3500.0 957.329 17 4770.0 -1380.0 182 -220 298.2289999999999 192.23300000000003 138
2230.0 797.6499999999999 15 4020.0 -1930.0 179 -187 242.569 147.92900000000003 207
4290.0 999.1839999999996 18 5580.0 -1430.0 191 -233 281.27199999999993 226.50299999999993 143
355.0 713.5279999999996 13 2310.0 -1955.0 177 -161 226.03699999999992 107.68699999999998 288
2350.0 922.9219999999996 16 4080.0 -1990.0 180 -219 248.54699999999997 172.151 199
1210.0 610.7429999999997 11 2130.0 -920.0 84 -131 219.40499999999994 88.572 92
2960.0 875.3380000000001 15 4170.0 -1210.0 150 -195 257.77 183.36899999999991 121
2860.0 924.1829999999997 17 4590.0 -1990.0 181 -202 277.43499999999995 213.95099999999994 199
450.0 128.61699999999993 2 450.0 0.0 0 -36 21.351999999999997 19.897 0
2100.0 841.0909999999997 14 3360.0 -1360.0 171 -186 280.80899999999997 137.815 146
2020.0 846.8369999999996 16 3510.0 -1570.0 172 -191 258.64699999999993 159.40200000000002 216
1900.0 999.9779999999998 18 3750.0 -1850.0 173 -237 261.205 177.82499999999996 185
2790.0 968.7559999999995 18 4560.0 -1950.0 177 -218 278.77899999999994 205.96599999999998 195
2160.0 929.4279999999994 17 3450.0 -1570.0 189 -203 290.444 167.33 157
2610.0 775.0829999999997 14 4440.0 -1830.0 167 -182 209.87099999999995 192.77999999999997 183
1240.0 850.6810000000002 15 2940.0 -1700.0 155 -199 243.82700000000003 132.23399999999998 170
2020.0 730.0809999999999 12 3840.0 -1830.0 166 -166 221.31899999999996 162.14299999999992 183
1860.0 812.6629999999996 13 3540.0 -1680.0 170 -188 236.04199999999997 156.453 239
1470.0 653.3580000000001 8 2370.0 -900.0 82 -146 206.96300000000002 95.63999999999999 90
3165.0 939.3409999999998 15 4530.0 -1365.0 161 -208 303.35999999999996 193.2079999999999 120
1780.0 646.6589999999999 11 2670.0 -890.0 81 -141 213.51499999999993 115.87199999999997 89
2550.0 654.2549999999999 11 3450.0 -1200.0 109 -143 215.27299999999994 145.09800000000004 120
1340.0 656.7819999999999 12 3060.0 -1860.0 169 -147 193.69299999999996 104.30199999999996 186
1800.0 819.2789999999999 13 3540.0 -1890.0 171 -171 290.08899999999994 145.573 189
2740.0 729.7969999999998 13 3660.0 -1400.0 140 -154 243.57999999999993 161.88099999999997 188
2380.0 755.1909999999998 13 3630.0 -1250.0 156 -167 219.96099999999993 169.93999999999997 125
3960.0 1096.8499999999995 19 5160.0 -1250.0 155 -241 332.228 244.32599999999994 125
760.0 581.8499999999998 9 1650.0 -890.0 81 -142 153.72999999999993 74.90400000000001 89
1860.0 594.2239999999999 11 2220.0 -360.0 75 -146 144.609 96.52399999999999 36
1570.0 840.4429999999998 13 3270.0 -1700.0 155 -191 250.36399999999998 143.386 170
1410.0 752.2539999999998 13 3240.0 -1830.0 167 -176 197.66099999999997 151.92400000000004 183
2055.0 660.7999999999998 13 2520.0 -625.0 91 -155 187.22599999999994 117.35799999999999 47
1700.0 899.4179999999996 17 3390.0 -1980.0 180 -202 283.729 143.95899999999997 198
2170.0 979.5449999999997 18 3840.0 -1670.0 152 -222 301.18299999999994 169.766 167
3060.0 994.9459999999996 19 4860.0 -1910.0 174 -242 261.6079999999999 193.42799999999994 191
1130.0 616.1719999999997 11 2040.0 -910.0 83 -139 191.6039999999999 92.43699999999998 91
3470.0 1061.3459999999998 17 5160.0 -1240.0 158 -215 393.0869999999998 219.62099999999998 124
620.0 683.0639999999999 11 2430.0 -1810.0 165 -146 226.97899999999993 112.48199999999996 181
780.0 148.09599999999998 2 780.0 0.0 0 -34 41.61899999999999 37.598 0
1600.0 686.9359999999996 10 3480.0 -1880.0 170 -141 258.91599999999994 132.06299999999996 188
900.0 620.3699999999999 11 2730.0 -1890.0 174 -141 189.72699999999998 107.57999999999997 195
4590.0 1194.7510000000002 18 5850.0 -1400.0 190 -245 431.4909999999999 257.022 140
2470.0 738.7859999999997 13 3390.0 -920.0 84 -172 220.18499999999992 130.895 92
3460.0 1076.3569999999995 18 4800.0 -1470.0 169 -250 316.60299999999995 196.81699999999992 131
2600.0 800.8199999999996 14 3810.0 -1490.0 181 -187 197.46800000000002 153.327 149
1880.0 655.9909999999999 12 2730.0 -1370.0 124 -150 196.522 120.71700000000001 137
570.0 255.83699999999993 4 570.0 0.0 0 -62 63.31499999999998 33.515 0
2590.0 793.7009999999998 14 3840.0 -1250.0 161 -174 251.27299999999997 169.1479999999999 125
3600.0 819.0649999999998 15 4320.0 -1350.0 157 -163 308.38299999999987 188.9 270
3180.0 1088.3319999999997 20 4410.0 -1530.0 182 -257 305.667 196.89 153
3130.0 903.2479999999995 16 4860.0 -1740.0 157 -215 246.731 172.531 174
2010.0 857.5249999999999 14 3060.0 -1080.0 160 -178 300.9559999999999 142.29599999999994 101
2110.0 861.3330000000001 16 3360.0 -1250.0 157 -201 258.12199999999996 147.71199999999996 125
1200.0 735.6289999999998 12 3030.0 -1830.0 167 -152 241.65099999999995 157.62 183
3100.0 993.1369999999998 17 4350.0 -1250.0 159 -211 329.62399999999985 193.24300000000002 125
1400.0 705.2569999999997 12 3180.0 -1970.0 179 -164 208.04799999999994 131.11700000000002 197
2610.0 952.7099999999997 16 4380.0 -1770.0 161 -215 280.39099999999996 197.14999999999995 177
2210.0 758.608 12 3060.0 -850.0 77 -151 279.454 152.908 85
1470.0 774.7599999999998 13 3300.0 -1830.0 165 -165 268.15099999999995 141.27199999999996 197
1200.0 800.9379999999998 15 3120.0 -1920.0 174 -188 242.017 137.02399999999994 277
3490.0 1206.093 23 4740.0 -1250.0 156 -297 301.222 205.56499999999997 125
2030.0 776.2679999999997 14 3750.0 -1780.0 161 -187 190.0259999999999 169.84299999999996 178
2260.0 903.0989999999997 17 4020.0 -2050.0 186 -218 232.89899999999992 186.81399999999996 205
1110.0 145.44899999999993 2 1110.0 0.0 0 -39 29.50699999999998 40.95700000000001 0
1110.0 706.0019999999998 12 2910.0 -1800.0 164 -163 209.76799999999997 131.39299999999994 180
