1410.0 185.141 14 1410.0 0.0 0 -47 63.962999999999994 46.689999999999976 0
2100.0 294.8979999999999 21 2100.0 0.0 0 -75 89.57799999999999 67.056 0
1950.0 267.904 18 1950.0 0.0 0 -66 88.54000000000002 69.223 0
1380.0 234.4379999999999 21 1380.0 0.0 0 -58 78.21899999999998 46.55499999999999 0
1830.0 251.68700000000004 15 1830.0 0.0 0 -54 102.552 68.90599999999998 0
1800.0 260.336 19 1800.0 -5.0 0 -63 92.107 69.357 1
1350.0 220.3589999999999 21 1350.0 0.0 0 -57 77.106 44.650999999999996 0
1920.0 216.54000000000002 18 1920.0 0.0 0 -60 49.09799999999999 45.220999999999975 0
1740.0 286.2169999999999 20 1740.0 0.0 0 -72 88.294 70.67799999999998 0
1410.0 177.47599999999997 16 1410.0 0.0 0 -49 56.59599999999999 50.438 0
1530.0 217.12099999999992 18 1530.0 -15.0 1 -61 61.729999999999976 52.45899999999999 3
1650.0 191.26900000000006 14 1650.0 0.0 0 -46 73.36699999999999 56.31799999999999 0
1320.0 233.7519999999999 19 1320.0 -10.0 0 -53 90.93999999999998 46.31900000000001 2
1920.0 246.64200000000002 18 1920.0 0.0 0 -63 77.85999999999999 70.00300000000001 0
2460.0 331.20900000000006 19 2460.0 0.0 0 -80 88.43599999999998 70.047 0
1950.0 278.2869999999999 21 1950.0 0.0 0 -67 107.94199999999998 70.53799999999998 0
2490.0 326.6689999999999 18 2490.0 0.0 0 -74 108.907 93.73599999999999 0
1770.0 247.821 18 1770.0 0.0 0 -66 68.298 51.599999999999994 0
2370.0 308.856 20 2370.0 0.0 0 -74 111.654 90.11199999999998 0
1500.0 225.45599999999993 17 1500.0 0.0 0 -52 91.01699999999998 53.75599999999999 0
2310.0 299.95900000000006 17 2310.0 0.0 0 -75 86.483 98.15199999999999 0
1890.0 297.9959999999999 23 1890.0 0.0 0 -82 100.22799999999997 63.058 0
2280.0 327.89 22 2280.0 0.0 0 -77 115.69699999999996 77.054 0
1050.0 211.09599999999998 17 1050.0 -10.0 0 -55 72.61199999999998 39.06399999999999 2
2340.0 333.6209999999999 22 2340.0 0.0 0 -82 104.246 93.07700000000003 0
1710.0 266.2099999999999 18 1710.0 0.0 0 -68 76.62999999999998 65.67999999999999 0
2130.0 295.699 19 2130.0 0.0 0 -68 104.22500000000002 75.01899999999999 0
1740.0 188.20599999999996 14 1740.0 0.0 0 -51 51.943999999999996 46.661999999999985 0
1950.0 215.51499999999996 16 1950.0 0.0 0 -56 62.803000000000026 65.372 0
1650.0 240.651 21 1650.0 0.0 0 -55 92.77299999999997 70.48199999999997 0
1860.0 235.56099999999986 17 1860.0 0.0 0 -63 76.97599999999998 53.92199999999998 0
2220.0 362.16999999999996 20 2220.0 0.0 0 -82 144.49900000000002 86.648 0
2340.0 313.999 19 2340.0 0.0 0 -77 97.55999999999999 100.99000000000001 0
2490.0 321.04599999999994 21 2490.0 -5.0 0 -73 119.48000000000002 85.521 1
1470.0 223.24199999999996 18 1530.0 0.0 0 -52 81.58200000000001 62.98599999999998 0
1980.0 302.4799999999999 23 1980.0 0.0 0 -68 115.16599999999997 75.146 0
1770.0 219.43699999999993 19 1770.0 0.0 0 -58 71.11899999999999 53.6 0
1770.0 279.556 17 1770.0 0.0 0 -71 94.196 64.32199999999999 0
1740.0 215.69600000000003 13 1740.0 0.0 0 -59 48.48899999999998 66.09499999999998 0
1650.0 213.47 15 1650.0 0.0 0 -49 78.20400000000001 60.572 0
1320.0 215.34099999999995 18 1320.0 0.0 0 -55 69.32699999999998 38.60899999999999 0
1830.0 263.62199999999996 22 1830.0 0.0 0 -62 98.461 69.97399999999999 0
1290.0 221.78799999999993 19 1290.0 0.0 0 -54 82.33699999999997 46.947999999999986 0
1920.0 279.18500000000006 20 1920.0 -5.0 0 -65 102.788 73.512 1
1770.0 209.50799999999998 13 1770.0 0.0 0 -52 69.38799999999999 61.334999999999994 0
1830.0 280.9359999999999 18 1830.0 0.0 0 -70 91.03299999999997 56.28699999999999 0
2070.0 270.0839999999999 18 2070.0 0.0 0 -64 84.88699999999996 76.471 0
1860.0 255.75799999999998 19 1860.0 0.0 0 -62 87.717 72.53999999999999 0
1110.0 187.138 17 1110.0 0.0 0 -47 72.84399999999998 41.864 0
1980.0 264.413 17 1980.0 0.0 0 -75 60.62299999999998 66.58600000000004 0
1740.0 217.0759999999999 15 1740.0 0.0 0 -60 67.55499999999998 52.39199999999999 0
2310.0 289.7409999999999 20 2310.0 0.0 0 -76 89.84199999999998 78.60700000000001 0
2970.0 353.853 21 2970.0 0.0 0 -83 123.85999999999997 105.00599999999996 0
1890.0 254.513 19 1890.0 0.0 0 -55 104.51699999999998 74.20499999999998 0
1740.0 258.782 19 1740.0 -20.0 0 -67 87.13699999999999 52.595 4
1380.0 184.58100000000002 15 1380.0 0.0 0 -52 52.78000000000002 31.127999999999997 0
1560.0 187.61500000000004 15 1560.0 0.0 0 -46 66.461 54.79499999999999 0
1770.0 268.718 19 1770.0 0.0 0 -66 86.65099999999998 47.09699999999999 0
1740.0 241.70700000000008 20 1740.0 0.0 0 -66 60.285000000000004 68.85500000000002 0
1530.0 260.95200000000006 19 1530.0 0.0 0 -69 83.51599999999998 51.87399999999999 0
1650.0 222.79699999999994 18 1650.0 0.0 0 -45 81.42599999999999 76.59199999999996 0
1740.0 249.78299999999993 22 1740.0 0.0 0 -61 80.97599999999998 54.61599999999999 0
1890.0 249.98599999999996 21 1890.0 0.0 0 -69 73.68599999999998 54.385999999999996 0
1470.0 246.91400000000004 18 1470.0 0.0 0 -65 74.62699999999998 61.10200000000001 0
1590.0 230.22899999999998 19 1680.0 0.0 0 -59 83.26399999999998 52.00399999999999 0
2790.0 343.19099999999986 23 2790.0 0.0 0 -91 101.83899999999997 82.993 0
1860.0 256.01500000000004 18 1860.0 0.0 0 -66 80.22699999999999 65.718 0
1560.0 248.436 19 1560.0 0.0 0 -64 79.49099999999997 57.651999999999994 0
1500.0 252.20499999999998 18 1500.0 0.0 0 -60 91.04799999999999 50.885999999999996 0
1530.0 221.2459999999999 16 1530.0 0.0 0 -55 78.96499999999997 46.46199999999999 0
1980.0 299.92199999999997 20 1980.0 0.0 0 -78 98.81799999999997 58.873999999999995 0
1470.0 216.62599999999998 19 1470.0 -10.0 0 -60 65.27599999999997 35.626999999999995 2
2040.0 288.021 22 2040.0 0.0 0 -68 95.552 83.33399999999997 0
2610.0 337.784 23 2610.0 0.0 0 -86 100.69999999999996 90.47599999999998 0
1980.0 300.85399999999987 23 1980.0 0.0 0 -80 97.54499999999996 67.094 0
1800.0 232.73300000000003 13 1800.0 0.0 0 -58 63.32799999999996 72.41900000000001 0
1710.0 269.6369999999999 22 1710.0 0.0 0 -71 102.51599999999996 46.160000000000004 0
2250.0 283.07199999999995 20 2250.0 -5.0 0 -60 113.14899999999997 88.798 1
2340.0 283.7399999999999 16 2340.0 0.0 0 -63 113.44200000000001 79.03599999999997 0
1530.0 242.39499999999998 18 1530.0 0.0 0 -61 76.85399999999998 54.618 0
1890.0 239.68300000000002 19 1890.0 0.0 0 -55 85.66700000000002 74.61500000000001 0
1680.0 264.7179999999999 23 1680.0 -5.0 0 -69 88.99399999999999 51.988 1
1590.0 237.7019999999999 17 1590.0 -5.0 0 -56 79.88299999999998 62.95099999999998 1
2790.0 323.1899999999999 21 2790.0 0.0 0 -80 114.094 102.07000000000001 0
1560.0 298.68899999999985 19 1560.0 0.0 0 -74 114.752 50.81900000000001 0
1710.0 259.7689999999999 17 1710.0 0.0 0 -67 79.24399999999997 59.11599999999999 0
1440.0 216.51199999999997 17 1440.0 0.0 0 -54 63.79999999999999 45.94 0
1710.0 302.60999999999984 24 1710.0 0.0 0 -71 112.47899999999997 72.74899999999998 0
1260.0 183.00699999999995 16 1260.0 0.0 0 -44 63.43299999999998 54.08099999999998 0
1590.0 215.70600000000002 15 1590.0 0.0 0 -51 53.27699999999999 65.94900000000001 0
2160.0 360.22599999999994 25 2160.0 0.0 0 -81 135.85600000000002 97.27600000000004 0
2220.0 307.946 18 2220.0 0.0 0 -68 112.85000000000001 97.82399999999998 0
1620.0 279.96899999999994 17 1620.0 0.0 0 -65 95.11900000000003 68.81299999999999 0
1710.0 223.04800000000003 21 1710.0 0.0 0 -54 70.16 60.88399999999999 0
2730.0 373.72799999999984 21 2730.0 0.0 0 -91 120.10100000000003 92.09199999999997 0
1170.0 162.26899999999998 14 1170.0 0.0 0 -45 61.025999999999996 33.078 0
2160.0 296.211 19 2160.0 -10.0 0 -71 95.59299999999999 90.083 2
2340.0 276.89500000000004 19 2340.0 0.0 0 -70 86.525 84.51 0
3330.0 378.08899999999994 19 3330.0 0.0 0 -86 121.43599999999999 121.10099999999996 0
2250.0 289.67699999999996 19 2250.0 0.0 0 -74 100.88400000000001 76.11300000000001 0
1110.0 202.30099999999996 18 1110.0 0.0 0 -47 65.81299999999999 40.59999999999999 0
1770.0 286.802 17 1770.0 0.0 0 -65 104.70099999999996 73.203 0
2310.0 287.04299999999995 22 2310.0 0.0 0 -70 118.76799999999999 65.29399999999998 0
1800.0 270.32199999999995 20 1800.0 0.0 0 -64 90.68099999999997 71.17199999999997 0
1290.0 227.46199999999996 19 1290.0 0.0 0 -60 81.76499999999999 37.05 0
1860.0 319.57700000000006 22 1860.0 0.0 0 -70 126.28200000000004 77.778 0
1500.0 266.2839999999999 19 1500.0 0.0 0 -64 91.61999999999999 62.117000000000004 0
1410.0 258.35499999999996 22 1410.0 0.0 0 -63 88.54899999999999 67.398 0
2520.0 324.70899999999995 20 2520.0 0.0 0 -79 110.69399999999999 84.441 0
1530.0 232.15800000000004 17 1530.0 0.0 0 -62 62.783999999999985 54.909000000000006 0
2280.0 334.51599999999985 20 2280.0 0.0 0 -84 97.041 90.49899999999998 0
1530.0 221.25199999999998 20 1530.0 0.0 0 -56 65.16299999999998 63.392999999999994 0
1410.0 205.661 17 1410.0 0.0 0 -52 78.815 53.665 0
1440.0 209.58999999999997 18 1440.0 0.0 0 -51 78.72599999999997 52.49799999999999 0
1590.0 266.505 23 1590.0 0.0 0 -71 85.53799999999998 49.622 0
1440.0 180.01199999999997 12 1440.0 0.0 0 -54 35.68899999999999 40.414000000000016 0
2070.0 270.99499999999995 17 2070.0 0.0 0 -57 108.50300000000001 87.22199999999998 0
2460.0 285.03799999999995 14 2460.0 0.0 0 -77 78.529 86.158 0
2190.0 324.913 21 2190.0 0.0 0 -68 127.79200000000002 91.54400000000001 0
1500.0 190.27 17 1500.0 0.0 0 -47 60.16099999999999 61.79999999999998 0
1470.0 194.34699999999995 16 1470.0 0.0 0 -43 81.22299999999997 54.597 0
1980.0 273.657 21 1980.0 0.0 0 -68 88.972 73.16399999999996 0
2010.0 299.67599999999993 24 2010.0 0.0 0 -74 103.81799999999996 72.98899999999999 0
1950.0 253.58700000000002 15 1950.0 0.0 0 -57 79.79100000000001 84.38399999999999 0
1740.0 249.93300000000005 17 1740.0 -5.0 0 -60 94.54600000000002 54.36099999999998 1
2160.0 284.78399999999993 18 2160.0 -25.0 1 -69 105.65100000000005 59.053000000000004 5
1650.0 243.171 21 1650.0 -15.0 1 -65 87.26599999999998 52.946 3
1620.0 177.96299999999997 19 1620.0 0.0 0 -47 62.123999999999995 48.77 0
1830.0 291.5299999999999 19 1830.0 0.0 0 -62 100.75099999999999 83.19400000000002 0
1590.0 241.33799999999997 16 1590.0 0.0 0 -55 78.81599999999997 68.46199999999999 0
1080.0 198.559 15 1080.0 0.0 0 -45 78.11699999999998 46.526999999999994 0
2700.0 331.1260000000001 20 2700.0 0.0 0 -77 119.42500000000001 101.94499999999996 0
1710.0 231.28999999999996 17 1710.0 0.0 0 -60 70.02399999999999 63.721999999999966 0
1740.0 208.005 12 1740.0 0.0 0 -49 69.53700000000002 62.18800000000001 0
2310.0 230.646 15 2310.0 0.0 0 -59 63.506000000000014 80.88700000000001 0
1800.0 278.10499999999996 18 1800.0 0.0 0 -64 107.61700000000002 69.80199999999999 0
1170.0 175.76899999999995 19 1170.0 0.0 0 -46 56.486999999999995 36.682 0
1470.0 232.54199999999992 22 1470.0 0.0 0 -60 74.79699999999998 44.907 0
1800.0 240.1329999999999 19 1800.0 0.0 0 -62 67.12999999999998 49.95699999999999 0
1020.0 225.398 12 1020.0 0.0 0 -43 85.52700000000002 62.20199999999998 0
1920.0 264.97599999999994 20 2010.0 0.0 0 -70 89.58699999999997 74.27099999999999 0
2100.0 257.691 15 2100.0 0.0 0 -69 72.68399999999997 69.933 0
1710.0 203.35799999999995 18 1710.0 0.0 0 -50 76.15399999999997 55.421 0
1050.0 190.20999999999998 16 1050.0 0.0 0 -49 68.22599999999997 40.517999999999994 0
1770.0 229.13699999999992 16 1770.0 0.0 0 -59 70.82199999999999 60.36499999999998 0
1650.0 272.298 22 1650.0 0.0 0 -63 97.22899999999998 64.19 0
1740.0 258.87299999999993 15 1740.0 0.0 0 -69 72.76699999999998 57.78599999999997 0
1710.0 319.9099999999999 19 1710.0 0.0 0 -73 110.04299999999996 73.16399999999997 0
1470.0 220.00999999999988 16 1470.0 0.0 0 -57 63.197999999999986 47.169 0
2160.0 315.85699999999997 25 2160.0 0.0 0 -74 104.942 87.26899999999999 0
1590.0 246.83400000000003 21 1590.0 0.0 0 -61 86.81199999999995 61.01500000000001 0
1080.0 174.62400000000002 19 1080.0 0.0 0 -51 50.399 34.758 0
1920.0 248.177 17 1920.0 0.0 0 -61 66.58099999999999 76.09499999999998 0
1320.0 183.28399999999993 17 1320.0 0.0 0 -52 57.91 45.179999999999986 0
2790.0 347.94699999999995 14 2790.0 0.0 0 -82 116.375 109.32899999999998 0
1710.0 281.1669999999999 21 1710.0 0.0 0 -72 80.14399999999999 61.85299999999999 0
1530.0 288.22899999999987 27 1530.0 -15.0 1 -63 111.60199999999998 70.203 3
2070.0 285.8649999999999 17 2070.0 0.0 0 -73 83.44599999999997 73.233 0
1410.0 223.686 19 1410.0 0.0 0 -60 81.14399999999998 39.02699999999999 0
2610.0 329.307 17 2610.0 0.0 0 -80 97.01999999999997 86.51800000000003 0
1230.0 208.8580000000001 17 1230.0 0.0 0 -53 78.543 50.73999999999999 0
1680.0 229.51400000000007 18 1680.0 -5.0 0 -61 69.29399999999998 59.646000000000015 1
1920.0 264.76399999999995 20 1920.0 0.0 0 -74 82.71099999999998 58.13999999999999 0
1920.0 218.57399999999998 10 1920.0 0.0 0 -54 71.89200000000002 68.812 0
2040.0 272.18 18 2040.0 0.0 0 -61 95.012 79.49899999999998 0
1410.0 262.8569999999999 19 1410.0 0.0 0 -59 101.77899999999997 65.29899999999999 0
2130.0 326.9659999999999 24 2130.0 0.0 0 -74 109.29799999999996 86.89499999999997 0
1560.0 248.396 19 1560.0 0.0 0 -58 88.99599999999998 48.679 0
1800.0 246.12499999999994 19 1800.0 0.0 0 -57 72.74099999999999 64.862 0
1770.0 298.28099999999995 24 1770.0 0.0 0 -73 96.981 69.84 0
2100.0 224.184 20 2100.0 -20.0 1 -66 69.258 66.602 4
2100.0 301.823 22 2100.0 0.0 0 -75 103.55399999999999 80.828 0
1110.0 162.19999999999996 13 1110.0 0.0 0 -42 45.96699999999999 38.62 0
1620.0 196.45400000000006 15 1620.0 -30.0 2 -53 48.931999999999995 57.993000000000016 6
3150.0 344.96899999999994 17 3150.0 -5.0 0 -82 119.71300000000002 113.03099999999998 1
1380.0 257.42099999999994 20 1380.0 0.0 0 -57 101.06899999999999 59.31699999999999 0
2490.0 288.4069999999999 14 2490.0 0.0 0 -73 85.61900000000004 69.93599999999999 0
1350.0 270.8159999999999 22 1350.0 0.0 0 -63 102.36499999999995 58.553 0
1500.0 277.477 18 1500.0 0.0 0 -64 94.35900000000001 64.83399999999997 0
2160.0 310.518 25 2160.0 0.0 0 -81 100.54899999999998 77.591 0
2370.0 289.881 13 2370.0 0.0 0 -71 93.60100000000001 75.32699999999998 0
1950.0 283.2339999999999 18 1950.0 0.0 0 -65 113.767 70.38399999999997 0
2040.0 249.507 20 2040.0 -5.0 0 -57 95.907 85.49099999999997 1
2280.0 280.69899999999984 18 2280.0 0.0 0 -64 102.85200000000003 86.61599999999997 0
1260.0 200.42499999999995 20 1260.0 0.0 0 -57 64.67399999999998 30.717 0
1710.0 297.349 23 1770.0 0.0 0 -81 91.52699999999999 64.86600000000001 0
2010.0 247.86899999999994 17 2010.0 0.0 0 -65 69.66799999999998 60.603999999999985 0
1440.0 296.0610000000001 24 1950.0 0.0 0 -72 94.76799999999997 71.73000000000002 0
2400.0 344.64400000000006 18 2400.0 0.0 0 -77 128.17500000000004 103.22200000000001 0
2130.0 334.69899999999996 23 2250.0 0.0 0 -76 123.15999999999998 92.20799999999998 0
2640.0 321.7049999999999 22 2640.0 0.0 0 -72 112.62899999999999 103.43100000000004 0
2760.0 365.9339999999999 22 2760.0 0.0 0 -86 123.51700000000001 99.05399999999997 0
1620.0 299.8429999999999 20 1890.0 0.0 0 -62 110.579 87.205 0
2310.0 271.6199999999999 19 2310.0 -10.0 0 -72 89.533 71.387 2
1290.0 258.68699999999995 16 1290.0 0.0 0 -60 98.31499999999997 47.984999999999985 0
2370.0 357.915 23 2370.0 0.0 0 -84 126.02 94.51699999999994 0
1890.0 249.64999999999992 20 1890.0 0.0 0 -65 78.45799999999998 64.14199999999998 0
1560.0 328.0589999999999 22 1560.0 0.0 0 -77 133.09999999999997 61.977000000000004 0
2820.0 377.5609999999999 18 2820.0 0.0 0 -88 135.18200000000002 112.32000000000001 0
1230.0 197.21 17 1230.0 0.0 0 -50 67.74399999999999 37.760999999999996 0
2250.0 309.58599999999984 20 2250.0 0.0 0 -71 102.66499999999995 88.87500000000001 0
1650.0 266.70099999999996 24 1710.0 0.0 0 -65 86.43299999999998 59.65799999999999 0
2160.0 281.70200000000006 20 2160.0 0.0 0 -70 95.27599999999998 69.92899999999999 0
1740.0 272.5420000000001 20 1740.0 -5.0 0 -59 109.089 74.37699999999995 1
2130.0 298.2039999999999 21 2130.0 0.0 0 -69 107.70599999999997 73.65699999999998 0
1440.0 246.86399999999992 18 1440.0 0.0 0 -61 82.47299999999997 55.75799999999998 0
1710.0 244.981 19 1710.0 0.0 0 -68 78.81999999999996 51.48499999999999 0
2220.0 302.1839999999999 19 2220.0 0.0 0 -71 105.97099999999999 92.77699999999997 0
1260.0 226.48199999999994 17 1260.0 0.0 0 -45 82.362 64.59699999999998 0
2250.0 302.40500000000003 21 2250.0 -5.0 0 -73 100.10999999999999 77.14200000000001 1
1650.0 232.21699999999996 20 1650.0 0.0 0 -60 78.92599999999999 63.741999999999976 0
1560.0 230.84699999999998 18 1560.0 0.0 0 -58 78.71799999999998 53.170999999999985 0
1350.0 186.20799999999994 15 1350.0 0.0 0 -53 57.39699999999999 41.06999999999999 0
2220.0 281.984 24 2250.0 0.0 0 -64 108.61700000000003 82.833 0
1860.0 242.32899999999998 18 1920.0 0.0 0 -62 81.49499999999998 66.787 0
1710.0 192.70499999999998 13 1710.0 0.0 0 -47 69.40100000000001 58.65899999999997 0
1560.0 195.39399999999992 17 1560.0 0.0 0 -51 68.13399999999999 54.047999999999995 0
2160.0 278.58099999999996 15 2160.0 0.0 0 -68 84.23899999999999 64.67800000000001 0
2160.0 265.561 17 2160.0 0.0 0 -64 86.46100000000001 84.20999999999998 0
2280.0 285.911 18 2280.0 0.0 0 -72 83.416 85.85999999999999 0
1980.0 241.54399999999995 15 1980.0 0.0 0 -61 81.832 63.386999999999986 0
2130.0 263.28399999999993 10 2130.0 0.0 0 -67 59.40499999999996 84.62200000000001 0
1470.0 238.9029999999999 16 1470.0 -5.0 0 -55 93.88600000000002 48.55999999999999 1
1080.0 214.65600000000003 17 1080.0 0.0 0 -52 80.06199999999998 45.777 0
2640.0 368.7789999999999 20 2640.0 0.0 0 -83 120.43999999999998 114.91400000000004 0
3120.0 293.02900000000005 16 3120.0 -10.0 1 -75 93.65200000000003 96.73799999999999 2
1170.0 229.13699999999997 20 1200.0 0.0 0 -52 85.64799999999998 48.173999999999985 0
1920.0 289.5409999999999 19 1920.0 0.0 0 -69 87.24600000000001 79.214 0
1170.0 168.61599999999993 16 1170.0 0.0 0 -41 50.72399999999998 37.20400000000001 0
1320.0 232.33199999999997 18 1320.0 0.0 0 -55 82.86799999999998 54.976 0
1950.0 292.95799999999986 20 1950.0 0.0 0 -74 74.85799999999999 89.42499999999998 0
3240.0 372.07699999999994 20 3240.0 0.0 0 -85 120.83700000000003 134.52599999999995 0
1320.0 194.348 14 1320.0 0.0 0 -59 43.457999999999984 40.329 0
2460.0 400.667 24 2460.0 -45.0 1 -92 157.61099999999996 80.636 9
1980.0 308.5519999999999 22 1980.0 -25.0 1 -81 95.48599999999999 65.718 5
1680.0 293.7479999999999 21 1680.0 -25.0 2 -72 115.85599999999997 62.56099999999998 5
2100.0 322.26499999999976 22 2100.0 0.0 0 -75 96.29799999999996 91.21600000000001 0
2190.0 281.7069999999999 22 2190.0 0.0 0 -68 95.42500000000001 78.332 0
2160.0 341.18599999999986 23 2160.0 -15.0 0 -85 118.81899999999999 72.74100000000001 3
2250.0 316.40299999999996 19 2250.0 0.0 0 -75 107.66200000000002 88.07600000000002 0
2340.0 293.82800000000003 17 2340.0 0.0 0 -66 116.74800000000003 90.80999999999997 0
1170.0 180.918 16 1170.0 0.0 0 -46 58.806999999999995 45.3 0
2520.0 312.1280000000001 25 2520.0 -120.0 40 -77 90.64999999999998 87.45400000000001 8
2130.0 229.25500000000005 13 2130.0 0.0 0 -56 80.939 75.12200000000001 0
2280.0 298.11999999999995 21 2280.0 0.0 0 -76 97.19399999999999 74.59399999999998 0
2100.0 314.67300000000006 19 2100.0 -15.0 1 -80 112.73099999999998 60.42500000000001 3
2070.0 294.793 20 2070.0 0.0 0 -72 109.12200000000001 74.165 0
2040.0 254.09 15 2040.0 0.0 0 -62 71.10000000000001 71.35300000000001 0
1890.0 264.34400000000005 17 2010.0 0.0 0 -63 98.63600000000002 75.71699999999996 0
2220.0 236.359 14 2220.0 0.0 0 -61 83.298 68.901 0
2070.0 269.30199999999996 19 2070.0 0.0 0 -65 90.971 74.85600000000001 0
1770.0 253.167 18 1770.0 0.0 0 -64 86.89699999999999 67.88299999999998 0
2220.0 309.938 20 2220.0 0.0 0 -79 93.94499999999998 78.76400000000001 0
1710.0 189.97099999999998 13 1710.0 0.0 0 -49 59.48699999999998 50.76099999999998 0
2010.0 253.05800000000002 20 2010.0 0.0 0 -62 82.94599999999997 79.71299999999998 0
2100.0 282.8090000000001 16 2100.0 0.0 0 -67 86.87399999999997 78.39800000000004 0
1620.0 247.53900000000004 20 1620.0 0.0 0 -63 90.41799999999998 49.166 0
990.0 175.84699999999992 15 990.0 0.0 0 -46 59.00199999999999 35.449999999999996 0
2670.0 313.23499999999996 18 2670.0 0.0 0 -81 84.06499999999998 89.50999999999998 0
2160.0 245.618 21 2160.0 0.0 0 -68 83.522 63.789999999999964 0
1590.0 261.058 19 1590.0 0.0 0 -60 92.69399999999997 65.65699999999998 0
1950.0 265.60999999999996 17 1950.0 0.0 0 -71 68.37199999999999 65.85199999999999 0
2010.0 277.3959999999999 24 2010.0 0.0 0 -78 81.23899999999998 62.53399999999999 0
1650.0 228.92199999999994 20 1650.0 0.0 0 -61 72.81800000000001 53.923999999999985 0
1800.0 259.9529999999999 18 1800.0 -20.0 1 -65 81.54699999999998 69.907 4
2550.0 294.557 17 2550.0 0.0 0 -67 97.97799999999998 107.508 0
2220.0 260.00100000000003 15 2220.0 0.0 0 -62 85.123 82.12500000000001 0
2610.0 367.613 18 2610.0 0.0 0 -83 134.889 107.32699999999997 0
1680.0 242.47800000000004 19 1680.0 0.0 0 -67 58.47599999999999 73.512 0
1920.0 243.32299999999992 15 1920.0 0.0 0 -68 73.36799999999998 60.32699999999999 0
2310.0 331.464 18 2310.0 0.0 0 -70 125.834 105.59599999999998 0
1680.0 245.29099999999994 19 1680.0 0.0 0 -57 68.01899999999998 71.93099999999998 0
1680.0 257.9629999999999 19 1680.0 0.0 0 -61 70.53699999999998 60.248 0
1800.0 233.69100000000006 18 1800.0 0.0 0 -53 77.47000000000001 70.523 0
1830.0 287.98499999999996 19 1830.0 0.0 0 -74 88.31899999999997 69.696 0
1650.0 271.85699999999997 18 1650.0 0.0 0 -59 103.843 71.88999999999999 0
1590.0 213.30499999999998 17 1590.0 0.0 0 -54 72.266 60.345 0
2070.0 295.83899999999994 19 2070.0 0.0 0 -76 83.27099999999996 73.73600000000002 0
2340.0 267.456 20 2340.0 0.0 0 -58 97.61400000000003 89.50899999999999 0
1620.0 348.6009999999999 23 1620.0 -20.0 1 -75 147.819 68.91200000000002 4
1950.0 359.01299999999986 20 1950.0 -30.0 0 -75 129.42 97.52899999999997 6
2640.0 331.812 16 2640.0 0.0 0 -84 99.31399999999998 94.29100000000003 0
1740.0 269.871 19 1740.0 0.0 0 -63 101.35999999999999 65.45499999999998 0
1380.0 200.99899999999994 17 1380.0 0.0 0 -51 66.63399999999999 45.404999999999994 0
1590.0 221.58699999999993 16 1590.0 0.0 0 -54 70.54900000000002 57.490999999999985 0
2130.0 309.82399999999996 24 2130.0 -5.0 0 -73 108.91799999999998 76.308 1
2070.0 286.22999999999985 18 2070.0 -5.0 0 -68 84.45700000000001 79.035 1
1590.0 234.85399999999998 18 1590.0 0.0 0 -61 74.86399999999999 50.95799999999999 0
2220.0 265.483 22 2220.0 -55.0 1 -64 99.68599999999998 82.347 11
1410.0 244.99399999999994 20 1410.0 -5.0 0 -62 86.28699999999999 57.55 1
3300.0 404.09999999999997 21 3300.0 0.0 0 -88 142.621 119.83999999999995 0
1260.0 222.96799999999993 17 1260.0 0.0 0 -52 84.11899999999997 50.22 0
2250.0 294.838 17 2250.0 0.0 0 -70 97.16699999999999 100.65599999999999 0
2520.0 352.03499999999997 22 2520.0 0.0 0 -89 106.58900000000001 96.82600000000001 0
780.0 159.143 13 780.0 0.0 0 -39 48.166 33.975 0
1260.0 199.50299999999993 15 1260.0 0.0 0 -52 61.333999999999996 46.27799999999999 0
2430.0 278.66800000000006 17 2430.0 0.0 0 -64 113.11700000000005 79.45699999999998 0
2220.0 279.41200000000003 17 2220.0 0.0 0 -72 84.058 66.56199999999998 0
2160.0 245.456 18 2160.0 0.0 0 -65 80.991 70.48100000000001 0
2070.0 318.5949999999999 25 2070.0 0.0 0 -77 109.44499999999998 87.404 0
1590.0 175.41500000000005 15 1590.0 0.0 0 -42 69.93399999999998 55.08899999999999 0
2040.0 303.1840000000001 20 2040.0 0.0 0 -73 110.94900000000001 77.69999999999999 0
1320.0 212.29299999999998 20 1320.0 0.0 0 -53 72.61499999999997 48.331999999999994 0
2220.0 341.574 20 2220.0 0.0 0 -80 101.51599999999998 98.297 0
1320.0 169.45599999999993 15 1320.0 0.0 0 -44 59.960999999999984 45.225999999999985 0
2250.0 269.3619999999999 20 2250.0 -20.0 1 -74 69.72999999999999 75.89800000000004 4
1440.0 229.283 18 1440.0 0.0 0 -56 82.85999999999999 53.181999999999995 0
1710.0 241.90400000000002 21 1710.0 0.0 0 -60 91.12099999999998 60.43199999999999 0
2220.0 341.26300000000003 21 2310.0 0.0 0 -78 141.08799999999997 89.47399999999999 0
1710.0 271.217 22 1710.0 0.0 0 -64 97.45999999999998 68.61200000000001 0
1710.0 229.52099999999996 18 1710.0 0.0 0 -54 87.59100000000001 60.184999999999995 0
1260.0 170.211 15 1260.0 -20.0 1 -45 48.81500000000002 44.614000000000004 4
1920.0 259.087 13 1920.0 0.0 0 -65 70.275 70.34400000000004 0
2550.0 313.36599999999993 18 2550.0 0.0 0 -77 87.14899999999999 92.884 0
1110.0 182.213 16 1110.0 0.0 0 -48 53.91499999999999 40.748 0
2040.0 276.76699999999994 18 2040.0 -30.0 2 -69 75.66599999999997 69.87000000000003 6
1770.0 255.48299999999998 19 1770.0 0.0 0 -63 87.20599999999997 63.309999999999974 0
1650.0 310.1239999999999 24 1650.0 -5.0 0 -72 119.04899999999996 66.95499999999998 1
1710.0 273.83899999999994 16 1710.0 0.0 0 -64 87.19899999999998 66.45499999999997 0
1920.0 331.9009999999999 20 1920.0 0.0 0 -69 135.46900000000002 85.872 0
2550.0 297.8069999999999 20 2550.0 0.0 0 -81 84.63599999999998 86.859 0
1950.0 237.65 17 1950.0 -5.0 0 -58 77.61500000000001 69.61399999999996 1
1320.0 219.63699999999992 18 1320.0 0.0 0 -59 81.34799999999997 47.766 0
1800.0 245.65199999999993 21 1800.0 -30.0 2 -61 82.23699999999998 58.10499999999998 6
1770.0 258.986 23 1770.0 0.0 0 -67 89.33999999999996 65.838 0
1770.0 286.0749999999999 21 1770.0 0.0 0 -68 91.90199999999997 80.49800000000002 0
1590.0 269.08499999999987 24 1590.0 0.0 0 -71 77.25699999999999 50.207 0
1500.0 191.18399999999994 19 1500.0 0.0 0 -52 66.34399999999998 51.33399999999999 0
2070.0 302.66599999999994 23 2070.0 0.0 0 -75 101.52199999999999 72.207 0
2130.0 348.191 20 2130.0 0.0 0 -82 120.64500000000001 85.56599999999999 0
2400.0 315.64699999999993 17 2400.0 0.0 0 -79 87.93199999999999 98.014 0
1680.0 275.93299999999994 19 1680.0 0.0 0 -64 103.50499999999998 67.83699999999999 0
1590.0 277.0559999999999 17 1590.0 0.0 0 -59 104.039 66.94499999999998 0
1770.0 274.483 22 1770.0 0.0 0 -70 95.88199999999999 62.811999999999976 0
1800.0 229.35 19 1800.0 0.0 0 -62 66.675 56.434 0
990.0 206.569 15 990.0 0.0 0 -47 77.243 46.70700000000001 0
1710.0 240.95800000000003 19 1710.0 0.0 0 -60 83.26099999999998 54.069999999999986 0
1830.0 275.70899999999995 23 1830.0 0.0 0 -67 79.14499999999997 68.55999999999999 0
1830.0 193.0589999999999 16 1830.0 0.0 0 -59 51.67899999999999 43.80899999999999 0
2310.0 284.08000000000004 21 2310.0 0.0 0 -70 100.85399999999998 82.49899999999998 0
2010.0 257.445 17 2100.0 0.0 0 -65 72.27399999999999 58.881999999999984 0
2970.0 345.80499999999995 20 2970.0 0.0 0 -91 107.07099999999998 78.95999999999997 0
2700.0 321.7979999999999 13 2700.0 0.0 0 -67 124.64500000000001 106.16999999999999 0
2160.0 305.5799999999999 19 2160.0 0.0 0 -65 120.23900000000003 91.45199999999997 0
1320.0 212.1659999999999 20 1320.0 0.0 0 -52 63.44699999999998 59.575999999999986 0
1200.0 171.97100000000003 13 1200.0 0.0 0 -44 50.858999999999995 48.93300000000001 0
2070.0 260.6059999999999 20 2070.0 0.0 0 -67 80.018 76.90799999999999 0
1710.0 235.54399999999995 15 1710.0 0.0 0 -51 94.94200000000001 73.53399999999999 0
1980.0 296.36999999999995 22 1980.0 0.0 0 -73 109.06599999999995 59.422000000000004 0
1620.0 274.678 19 1620.0 0.0 0 -65 109.88299999999997 61.92299999999999 0
1350.0 222.13600000000005 21 1530.0 0.0 0 -62 76.21399999999998 41.417 0
1830.0 230.156 18 1830.0 0.0 0 -65 67.72099999999999 69.20599999999999 0
1770.0 225.01700000000002 18 1770.0 0.0 0 -58 63.297 64.87000000000002 0
1800.0 231.32999999999996 19 1800.0 -10.0 0 -55 87.22 55.27699999999999 2
1320.0 252.26599999999993 18 1320.0 0.0 0 -58 85.40599999999998 49.720000000000006 0
1710.0 247.30100000000002 18 1710.0 0.0 0 -58 94.811 63.589 0
1650.0 256.8909999999999 19 1650.0 0.0 0 -63 86.38799999999996 65.524 0
2640.0 339.09599999999995 17 2640.0 0.0 0 -86 101.45199999999998 87.54399999999997 0
1710.0 229.11999999999998 18 1710.0 0.0 0 -59 76.03699999999999 60.11999999999999 0
2520.0 317.95999999999987 21 2520.0 0.0 0 -84 96.43099999999998 89.33900000000001 0
2460.0 300.9609999999999 20 2460.0 0.0 0 -70 109.44399999999996 95.84199999999998 0
2340.0 294.3499999999999 18 2340.0 -5.0 0 -70 91.418 87.85400000000001 1
2580.0 305.68500000000006 22 2580.0 0.0 0 -71 114.233 92.77199999999995 0
1650.0 277.919 21 1650.0 -10.0 1 -65 98.69699999999997 66.50399999999999 2
1830.0 265.17 21 1830.0 0.0 0 -70 84.44299999999997 54.59799999999999 0
1590.0 286.4319999999999 20 1590.0 0.0 0 -73 95.15799999999997 69.511 0
1620.0 305.328 21 1620.0 0.0 0 -66 125.10499999999999 71.27799999999999 0
1620.0 274.66299999999995 20 1620.0 0.0 0 -67 90.26799999999997 47.279999999999994 0
2370.0 257.292 16 2370.0 0.0 0 -60 80.33000000000003 92.60600000000001 0
1890.0 289.11799999999994 22 1890.0 0.0 0 -74 90.621 60.32399999999998 0
1590.0 264.60799999999995 17 1590.0 0.0 0 -63 105.65599999999998 55.58199999999998 0
2100.0 317.50699999999983 22 2100.0 0.0 0 -80 115.26499999999997 69.32999999999997 0
1440.0 251.2539999999999 18 1440.0 0.0 0 -62 84.82199999999997 57.57499999999999 0
2550.0 318.70599999999996 18 2550.0 0.0 0 -76 110.64900000000002 101.16399999999997 0
1890.0 299.93499999999995 24 1890.0 -30.0 1 -72 108.64699999999995 71.48899999999999 6
1650.0 255.87299999999996 22 1650.0 0.0 0 -69 72.87699999999998 52.832999999999984 0
1560.0 276.3909999999999 25 1560.0 -5.0 0 -72 92.129 57.714000000000006 1
1890.0 285.0550000000001 20 1890.0 0.0 0 -71 111.617 61.02600000000001 0
1440.0 222.26100000000002 17 1440.0 0.0 0 -54 69.03399999999999 64.94599999999998 0
2070.0 279.41099999999994 15 2070.0 0.0 0 -67 92.494 75.11199999999997 0
2370.0 332.9189999999999 22 2370.0 0.0 0 -83 119.587 68.45099999999998 0
1830.0 329.50999999999993 20 1830.0 0.0 0 -73 123.36299999999997 81.78999999999999 0
1440.0 222.41700000000006 15 1440.0 0.0 0 -56 80.265 45.31399999999998 0
1680.0 202.82799999999997 14 1680.0 0.0 0 -56 60.94999999999999 42.06099999999999 0
1920.0 263.416 18 1920.0 0.0 0 -63 85.36900000000001 72.92099999999999 0
1500.0 248.10899999999987 19 1500.0 0.0 0 -63 66.829 47.81400000000001 0
1530.0 241.14100000000002 13 1530.0 0.0 0 -59 83.58999999999999 53.136000000000024 0
1710.0 244.49300000000002 20 1710.0 0.0 0 -65 77.49699999999999 61.957 0
1830.0 249.25100000000003 19 1830.0 0.0 0 -67 72.03999999999999 61.418000000000006 0
1260.0 201.99699999999999 15 1260.0 0.0 0 -49 74.42999999999999 45.742 0
1740.0 241.08800000000002 22 1740.0 0.0 0 -66 74.29099999999998 48.589999999999996 0
1830.0 213.71599999999995 21 1830.0 0.0 0 -54 66.56899999999999 53.791999999999994 0
2220.0 336.03999999999996 22 2220.0 0.0 0 -76 105.44899999999997 92.10399999999998 0
2490.0 292.1409999999999 20 2490.0 0.0 0 -67 103.892 93.19799999999995 0
1890.0 252.43800000000002 18 1890.0 0.0 0 -62 87.42799999999997 67.05199999999996 0
1590.0 210.0769999999999 19 1590.0 0.0 0 -51 75.21299999999998 53.235 0
1710.0 239.0619999999999 17 1710.0 0.0 0 -59 84.65399999999997 51.977999999999994 0
1500.0 276.47700000000003 16 1500.0 0.0 0 -63 86.63300000000001 62.83000000000002 0
2340.0 266.541 13 2340.0 0.0 0 -65 85.21 74.89500000000001 0
1320.0 189.05399999999992 16 1320.0 0.0 0 -46 58.823 55.028999999999996 0
1950.0 264.34100000000007 22 1950.0 0.0 0 -65 102.18399999999997 67.66899999999995 0
2220.0 298.62000000000006 16 2220.0 0.0 0 -78 83.61100000000002 83.066 0
1290.0 184.71599999999995 17 1290.0 0.0 0 -47 65.70599999999997 44.827 0
1050.0 150.14299999999997 13 1050.0 0.0 0 -39 52.136999999999986 39.227 0
3060.0 397.19199999999995 26 3060.0 0.0 0 -84 161.35999999999999 117.78199999999997 0
1620.0 206.80200000000005 13 1620.0 0.0 0 -54 43.772999999999996 39.519 0
2070.0 291.458 24 2070.0 0.0 0 -77 104.11299999999997 69.35099999999998 0
2580.0 341.2509999999999 22 2580.0 -25.0 1 -91 118.311 80.62899999999999 5
1260.0 175.23 16 1260.0 0.0 0 -51 39.830999999999996 34.12899999999999 0
2160.0 300.7589999999999 17 2160.0 0.0 0 -79 90.72399999999999 80.91199999999999 0
1440.0 235.04099999999994 12 1440.0 0.0 0 -53 87.971 48.914 0
1650.0 230.92 16 1650.0 0.0 0 -57 77.931 62.13099999999997 0
2220.0 275.241 16 2220.0 0.0 0 -70 67.65299999999999 83.92899999999999 0
1590.0 214.24099999999993 18 1590.0 0.0 0 -61 54.80199999999999 54.09099999999998 0
2220.0 268.76300000000003 13 2220.0 0.0 0 -57 94.232 100.40899999999999 0
1230.0 174.781 16 1230.0 0.0 0 -42 59.667999999999985 50.021999999999984 0
1770.0 268.0559999999999 22 1770.0 0.0 0 -72 89.359 49.39699999999999 0
2040.0 256.143 17 2040.0 0.0 0 -64 85.33600000000001 68.32900000000001 0
2130.0 256.42999999999995 16 2130.0 0.0 0 -64 91.90400000000001 77.89099999999999 0
1170.0 213.54099999999997 16 1170.0 0.0 0 -54 80.507 37.15 0
2310.0 290.566 16 2310.0 0.0 0 -62 103.06400000000002 95.35799999999996 0
1110.0 198.98599999999996 14 1110.0 0.0 0 -47 77.26099999999997 42.82899999999999 0
1320.0 233.10899999999992 14 1320.0 0.0 0 -56 76.68200000000002 47.08599999999996 0
1440.0 229.53499999999994 21 1440.0 0.0 0 -65 66.39499999999997 45.477999999999994 0
1260.0 221.5519999999999 16 1260.0 0.0 0 -53 67.064 53.22799999999999 0
1470.0 268.478 25 1500.0 0.0 0 -67 92.47499999999998 54.704999999999984 0
2250.0 257.28999999999996 18 2250.0 0.0 0 -71 80.189 62.278999999999996 0
1800.0 297.6039999999999 21 1800.0 0.0 0 -65 110.755 69.119 0
2010.0 300.4170000000001 19 2100.0 0.0 0 -72 99.48000000000002 69.13600000000002 0
1980.0 303.83 22 2040.0 0.0 0 -72 107.502 79.107 0
1080.0 188.46799999999996 14 1080.0 0.0 0 -48 58.83599999999999 41.675999999999995 0
2850.0 391.77699999999993 19 2880.0 0.0 0 -83 149.103 112.40199999999994 0
1500.0 208.40099999999998 14 1500.0 0.0 0 -53 63.371000000000016 53.57899999999998 0
2460.0 305.4600000000001 19 2460.0 0.0 0 -78 93.72300000000001 82.63000000000001 0
1530.0 219.084 16 1530.0 0.0 0 -59 69.17399999999999 42.79 0
1800.0 226.73200000000003 16 1800.0 0.0 0 -64 61.00199999999998 56.589999999999996 0
2010.0 288.90700000000004 22 2010.0 0.0 0 -73 102.63800000000002 62.932999999999986 0
1920.0 298.0319999999999 21 1920.0 -20.0 1 -68 106.65800000000002 74.61399999999996 4
1650.0 253.7249999999999 18 1650.0 0.0 0 -57 96.61000000000003 60.233999999999966 0
1980.0 283.519 22 1980.0 0.0 0 -66 102.24200000000002 82.50199999999998 0
1950.0 254.10799999999998 17 1950.0 0.0 0 -67 76.60799999999999 67.32900000000001 0
1410.0 240.93399999999994 24 1410.0 0.0 0 -63 79.97099999999999 46.424 0
1200.0 270.5339999999998 22 1200.0 0.0 0 -66 99.25999999999999 41.035 0
1740.0 229.55499999999995 12 1740.0 0.0 0 -46 98.799 68.80399999999997 0
2280.0 332.797 24 2280.0 -180.0 60 -75 97.95299999999996 103.16000000000004 12
1590.0 239.57799999999992 19 1590.0 0.0 0 -65 77.08199999999998 57.32999999999999 0
1980.0 310.31199999999995 20 1980.0 0.0 0 -74 110.89099999999999 66.574 0
1860.0 284.28999999999985 22 1860.0 0.0 0 -70 92.06699999999996 69.67299999999999 0
1740.0 223.78099999999992 13 1740.0 -15.0 2 -56 76.96900000000001 60.61299999999998 3
1710.0 314.882 17 1710.0 0.0 0 -70 104.265 86.172 0
1980.0 235.858 15 1980.0 0.0 0 -62 61.467000000000006 66.058 0
1680.0 271.63100000000003 25 1680.0 0.0 0 -70 95.53200000000002 49.732 0
1680.0 257.82300000000004 19 1680.0 0.0 0 -62 92.37200000000003 53.208999999999996 0
1950.0 264.79100000000005 21 1950.0 -5.0 0 -72 69.361 76.54800000000003 1
2040.0 261.286 23 2040.0 0.0 0 -68 79.47399999999998 65.689 0
1800.0 287.143 20 1800.0 0.0 0 -74 86.70799999999998 69.82499999999997 0
2100.0 289.84399999999994 25 2100.0 0.0 0 -69 109.65299999999999 74.27099999999997 0
2100.0 224.91699999999992 13 2100.0 -30.0 2 -53 79.74100000000003 71.457 6
1830.0 251.92600000000002 18 1830.0 -25.0 1 -69 65.54099999999998 73.40300000000002 5
1620.0 223.299 17 1620.0 0.0 0 -61 68.90599999999999 47.248999999999995 0
1170.0 167.8719999999999 15 1170.0 0.0 0 -43 54.472999999999985 41.842 0
2130.0 266.06899999999996 17 2130.0 0.0 0 -71 71.50199999999998 77.09799999999998 0
2010.0 274.12799999999993 20 2010.0 0.0 0 -73 77.49899999999998 74.097 0
1440.0 206.201 15 1440.0 0.0 0 -49 70.19100000000002 56.21999999999998 0
2190.0 338.75800000000004 17 2190.0 0.0 0 -79 104.52999999999996 96.003 0
990.0 167.49699999999996 17 990.0 0.0 0 -42 58.634 42.094 0
2970.0 334.55500000000006 14 2970.0 0.0 0 -72 124.932 116.00300000000001 0
1620.0 220.27499999999995 20 1620.0 0.0 0 -60 73.19499999999998 49.21999999999999 0
1320.0 246.14700000000002 15 1320.0 0.0 0 -58 86.53600000000002 46.74599999999998 0
2820.0 254.96900000000005 17 2820.0 0.0 0 -68 83.50700000000003 89.183 0
1560.0 288.34999999999985 24 1560.0 -15.0 1 -75 88.79299999999998 55.89099999999998 3
1410.0 203.63499999999996 17 1410.0 0.0 0 -55 67.27599999999998 34.717999999999996 0
1950.0 330.0 21 1950.0 0.0 0 -75 115.55099999999996 78.689 0
1170.0 242.55600000000007 21 1170.0 0.0 0 -63 88.597 32.594 0
1830.0 296.84799999999996 19 1830.0 0.0 0 -76 85.21100000000001 68.419 0
1770.0 258.684 21 1860.0 0.0 0 -63 81.06799999999997 64.305 0
1740.0 230.61900000000003 13 1740.0 0.0 0 -60 64.36099999999999 57.26400000000001 0
1890.0 248.86999999999995 21 1890.0 0.0 0 -62 91.46799999999998 60.66299999999999 0
2580.0 278.791 15 2580.0 0.0 0 -58 112.38000000000002 99.13599999999994 0
1620.0 292.27799999999996 25 1620.0 0.0 0 -73 99.76599999999998 67.82000000000001 0
2220.0 328.87499999999994 19 2220.0 0.0 0 -66 130.53000000000003 92.88099999999997 0
2490.0 282.875 16 2490.0 0.0 0 -73 69.73799999999999 92.09500000000001 0
2430.0 365.78899999999993 19 2430.0 0.0 0 -87 124.633 77.84799999999998 0
1620.0 269.26900000000006 19 1620.0 0.0 0 -58 99.62599999999996 70.863 0
2160.0 295.50699999999995 25 2160.0 0.0 0 -85 82.90299999999996 58.766 0
1830.0 217.59799999999998 17 1830.0 0.0 0 -62 61.391 60.894999999999996 0
2010.0 282.8269999999998 18 2010.0 -10.0 0 -68 88.218 73.89999999999998 2
1620.0 241.82499999999993 18 1620.0 0.0 0 -59 78.40899999999999 60.38299999999999 0
2970.0 340.69200000000006 21 2970.0 0.0 0 -81 123.82299999999994 108.79399999999998 0
1950.0 287.4779999999999 16 1950.0 0.0 0 -74 92.16199999999998 67.916 0
2220.0 248.76899999999998 15 2220.0 0.0 0 -56 103.162 80.74799999999998 0
2310.0 309.09599999999995 19 2310.0 0.0 0 -71 110.59300000000002 91.11499999999997 0
1530.0 249.02599999999995 20 1530.0 -5.0 0 -59 77.74099999999997 59.02499999999999 1
1410.0 186.00499999999994 13 1410.0 0.0 0 -43 60.328000000000024 53.403999999999996 0
2040.0 200.96799999999993 17 2040.0 0.0 0 -59 56.66999999999999 59.464999999999996 0
2130.0 231.819 21 2130.0 0.0 0 -63 74.22499999999998 74.80399999999999 0
1230.0 204.81699999999995 16 1530.0 0.0 0 -57 62.58399999999999 49.242999999999995 0
1080.0 189.39600000000002 17 1080.0 0.0 0 -50 60.07199999999998 43.575 0
1620.0 306.65799999999996 21 1620.0 0.0 0 -75 115.07500000000002 49.126999999999995 0
1650.0 199.65699999999995 17 1650.0 0.0 0 -58 54.587999999999994 38.82099999999999 0
2520.0 255.53199999999995 16 2520.0 -15.0 5 -65 78.39299999999997 88.90300000000002 1
2820.0 308.93899999999996 14 2820.0 0.0 0 -75 97.19 108.79599999999998 0
1290.0 189.40999999999994 15 1290.0 0.0 0 -47 59.495999999999995 56.334999999999994 0
1770.0 223.29199999999994 11 1770.0 0.0 0 -47 85.56700000000001 70.29399999999998 0
1500.0 214.172 17 1500.0 0.0 0 -50 79.10800000000003 57.510999999999974 0
1530.0 231.49799999999993 17 1530.0 0.0 0 -65 83.82699999999997 40.523 0
2280.0 275.30600000000004 19 2280.0 0.0 0 -64 114.57599999999998 67.27799999999998 0
2160.0 293.50799999999987 24 2220.0 0.0 0 -76 88.395 79.82499999999997 0
1920.0 263.76000000000005 19 1920.0 0.0 0 -58 105.135 80.66999999999996 0
2010.0 291.5989999999999 21 2010.0 0.0 0 -79 94.73199999999999 65.778 0
1800.0 265.83099999999996 15 2070.0 0.0 0 -57 99.91100000000002 80.98599999999998 0
1110.0 211.05399999999997 19 1110.0 0.0 0 -45 82.50699999999999 49.343999999999994 0
3060.0 326.34799999999996 18 3060.0 0.0 0 -82 112.63500000000003 87.67299999999997 0
2490.0 306.38699999999994 18 2550.0 0.0 0 -78 76.31799999999998 101.89800000000004 0
2340.0 355.4420000000001 24 2340.0 -255.0 6 -91 109.76499999999999 86.45600000000005 51
1890.0 208.90799999999996 14 1890.0 0.0 0 -62 50.59099999999999 58.542999999999985 0
1920.0 256.0379999999999 18 1920.0 -10.0 1 -63 82.92899999999999 65.90599999999996 2
1440.0 232.64799999999997 21 1440.0 -15.0 0 -58 82.52599999999998 57.55899999999999 3
2070.0 237.375 19 2070.0 0.0 0 -65 78.397 56.95 0
2730.0 364.2279999999999 20 2730.0 0.0 0 -90 125.40399999999998 84.00600000000001 0
1980.0 356.71299999999997 26 1980.0 0.0 0 -83 129.28500000000003 74.24000000000001 0
1290.0 254.36999999999998 17 1290.0 0.0 0 -64 92.00999999999999 42.103999999999985 0
2160.0 295.1919999999999 16 2160.0 0.0 0 -73 85.96999999999998 84.32800000000002 0
2430.0 255.41 15 2430.0 0.0 0 -66 72.35499999999999 86.481 0
2820.0 403.627 23 2820.0 0.0 0 -91 137.23499999999999 109.83499999999997 0
1470.0 226.05899999999997 19 1470.0 0.0 0 -58 82.813 54.753 0
2130.0 300.026 20 2130.0 0.0 0 -66 101.828 80.11699999999999 0
2370.0 284.083 12 2370.0 0.0 0 -67 94.33000000000003 91.48799999999993 0
1890.0 259.4539999999999 21 1890.0 0.0 0 -68 85.03199999999997 48.40299999999999 0
1290.0 256.6459999999999 21 1290.0 0.0 0 -58 90.52399999999997 61.22799999999998 0
2040.0 263.795 20 2040.0 0.0 0 -57 94.026 83.11199999999995 0
1710.0 237.73499999999996 21 1710.0 0.0 0 -68 70.15199999999999 54.07399999999999 0
1650.0 267.98299999999995 17 1650.0 0.0 0 -62 101.72599999999998 62.01299999999997 0
2100.0 199.83999999999997 20 2100.0 0.0 0 -50 70.90899999999996 62.32499999999999 0
1380.0 183.91699999999994 15 1380.0 0.0 0 -55 54.955999999999975 35.55299999999999 0
2220.0 295.34499999999997 13 2220.0 0.0 0 -64 113.02800000000002 81.12699999999998 0
1680.0 203.06199999999993 16 1680.0 0.0 0 -48 68.791 59.303 0
1890.0 281.1179999999999 22 1890.0 0.0 0 -76 73.74699999999999 66.529 0
2100.0 278.84100000000007 20 2100.0 0.0 0 -62 104.84000000000002 84.70499999999996 0
1950.0 241.4609999999999 18 1950.0 0.0 0 -57 84.70500000000003 68.25999999999996 0
1650.0 240.00100000000003 17 1650.0 0.0 0 -63 74.76199999999999 63.83400000000001 0
3630.0 467.17099999999976 26 3630.0 -10.0 0 -100 205.03800000000004 130.283 2
1860.0 291.586 15 1860.0 0.0 0 -61 109.28300000000002 88.18599999999998 0
1140.0 262.94199999999995 23 1140.0 0.0 0 -71 82.42299999999999 37.459999999999994 0
1890.0 339.3879999999999 28 1890.0 0.0 0 -90 118.26199999999997 67.92899999999997 0
1920.0 212.4399999999999 14 1920.0 0.0 0 -50 74.44300000000001 61.285999999999994 0
1560.0 217.276 20 1560.0 0.0 0 -60 61.702000000000005 46.17999999999999 0
1530.0 223.34400000000002 20 1530.0 0.0 0 -53 87.16199999999996 61.093999999999994 0
2940.0 321.16099999999994 16 2940.0 0.0 0 -74 119.99800000000005 97.29199999999999 0
1530.0 251.84799999999993 20 1530.0 0.0 0 -61 89.54199999999999 60.32299999999998 0
1740.0 200.773 13 1740.0 0.0 0 -48 60.80600000000001 45.71699999999998 0
1710.0 251.84600000000003 17 1890.0 0.0 0 -57 89.19499999999998 85.811 0
2730.0 356.11599999999993 20 2730.0 0.0 0 -78 123.52800000000002 112.23799999999997 0
1260.0 203.22999999999996 21 1260.0 0.0 0 -49 70.92799999999998 47.864 0
1590.0 230.708 17 1590.0 0.0 0 -65 62.056999999999995 58.632000000000005 0
1140.0 159.03300000000002 16 1140.0 -20.0 1 -46 46.365 32.519999999999996 4
1590.0 252.02999999999997 19 1590.0 0.0 0 -70 83.42899999999999 55.450999999999986 0
2070.0 300.4209999999999 20 2070.0 0.0 0 -78 93.94699999999996 73.584 0
2520.0 314.20299999999986 21 2580.0 0.0 0 -76 99.944 97.85399999999997 0
2310.0 380.3139999999999 20 2310.0 -20.0 1 -81 144.356 97.57300000000001 4
2190.0 322.704 22 2190.0 0.0 0 -72 122.363 78.68899999999998 0
2220.0 306.74799999999993 22 2220.0 0.0 0 -69 106.49099999999999 94.50399999999998 0
1410.0 234.6279999999999 22 1410.0 0.0 0 -62 79.79199999999997 39.501 0
1800.0 255.442 19 1800.0 0.0 0 -68 83.15000000000002 57.44299999999999 0
2370.0 320.99199999999996 23 2370.0 0.0 0 -81 90.50699999999998 81.732 0
1320.0 226.281 19 1590.0 0.0 0 -55 83.58499999999998 55.12999999999999 0
2340.0 283.8469999999999 16 2340.0 0.0 0 -79 78.68999999999997 74.65100000000001 0
1590.0 229.61100000000002 20 1590.0 -10.0 0 -57 88.407 58.826000000000015 2
1710.0 298.80699999999985 20 1710.0 0.0 0 -68 100.53599999999997 77.23900000000003 0
1710.0 283.9639999999999 20 1710.0 0.0 0 -73 85.37299999999998 71.535 0
1830.0 313.32599999999996 21 1830.0 -5.0 0 -73 110.16700000000002 72.76799999999999 1
2010.0 243.595 18 2010.0 0.0 0 -63 80.39899999999997 64.50099999999998 0
1770.0 239.50900000000001 14 1800.0 0.0 0 -60 69.11999999999998 73.684 0
1230.0 200.82999999999993 18 1230.0 0.0 0 -54 69.24399999999997 34.914 0
1440.0 258.3819999999999 21 1440.0 0.0 0 -70 69.448 50.34799999999999 0
1710.0 249.35299999999995 15 1710.0 0.0 0 -65 73.63999999999999 59.47400000000001 0
1770.0 243.29199999999997 22 1770.0 0.0 0 -71 70.04099999999998 52.51999999999999 0
2640.0 286.19200000000006 15 2640.0 0.0 0 -65 109.59300000000006 97.85099999999996 0
1980.0 288.4869999999999 18 1980.0 0.0 0 -64 108.142 81.20799999999998 0
2100.0 297.1429999999999 20 2100.0 -15.0 1 -71 115.29099999999994 76.22999999999999 3
1140.0 201.658 17 1140.0 0.0 0 -52 58.78999999999999 39.77299999999999 0
2040.0 309.29400000000004 19 2040.0 0.0 0 -68 103.585 96.02800000000002 0
1860.0 254.65899999999996 15 1860.0 0.0 0 -54 105.12499999999999 69.056 0
2340.0 265.074 20 2340.0 0.0 0 -61 91.62200000000001 86.03299999999997 0
2190.0 312.33900000000006 23 2190.0 -15.0 2 -75 112.874 81.22799999999998 3
1260.0 203.67599999999996 18 1260.0 0.0 0 -51 73.824 47.40599999999999 0
1740.0 211.18499999999995 17 1740.0 -10.0 0 -48 73.984 74.80599999999997 2
1830.0 206.69799999999987 14 1830.0 0.0 0 -53 62.44500000000003 57.17499999999998 0
1650.0 229.68099999999998 19 1650.0 0.0 0 -63 79.79199999999999 49.176999999999985 0
1830.0 226.58599999999996 14 1830.0 0.0 0 -52 80.269 67.74899999999995 0
1530.0 247.87199999999993 22 1530.0 0.0 0 -62 95.59399999999998 54.40400000000001 0
1830.0 267.82399999999984 20 1830.0 -15.0 1 -62 100.85699999999997 71.683 3
2340.0 257.66099999999994 19 2340.0 0.0 0 -53 98.49800000000002 84.69600000000003 0
2070.0 360.36199999999997 24 2070.0 0.0 0 -87 127.78999999999996 82.94800000000001 0
1770.0 262.8069999999999 17 1770.0 0.0 0 -63 88.19699999999997 63.317999999999984 0
1650.0 251.75199999999992 23 1650.0 0.0 0 -58 94.63999999999999 63.907999999999994 0
1680.0 270.4839999999999 17 1680.0 0.0 0 -70 71.21299999999998 62.24299999999999 0
2010.0 277.752 19 2010.0 -10.0 0 -60 96.99700000000001 79.59899999999996 2
1980.0 300.217 21 1980.0 0.0 0 -75 114.682 66.63799999999999 0
1770.0 225.35 16 1770.0 0.0 0 -56 68.12899999999998 52.187 0
1860.0 282.839 20 1860.0 -10.0 0 -66 103.897 65.669 2
1350.0 200.91399999999996 18 1350.0 0.0 0 -52 69.54299999999998 48.26299999999999 0
1650.0 264.3559999999999 22 1650.0 0.0 0 -65 87.58800000000001 64.96600000000001 0
930.0 164.77499999999998 14 930.0 0.0 0 -41 57.256999999999984 30.665999999999997 0
1470.0 216.80999999999995 16 1470.0 -20.0 1 -55 79.74 56.33199999999998 4
2310.0 350.2869999999999 18 2310.0 -5.0 0 -76 124.70700000000005 88.39799999999997 1
1920.0 297.53200000000004 20 1920.0 0.0 0 -76 99.279 63.33999999999998 0
1740.0 260.94599999999997 22 1740.0 0.0 0 -66 90.92799999999998 63.91999999999999 0
1590.0 271.66799999999984 20 1590.0 0.0 0 -62 107.41900000000001 46.44499999999999 0
1740.0 244.44199999999998 20 1740.0 0.0 0 -60 78.50099999999999 69.161 0
2040.0 312.73900000000003 19 2100.0 0.0 0 -76 112.50900000000001 73.93400000000001 0
1830.0 288.967 17 1830.0 0.0 0 -63 115.217 74.45299999999999 0
2190.0 275.01599999999996 12 2190.0 0.0 0 -60 107.47100000000002 80.84099999999997 0
1110.0 198.40999999999997 16 1110.0 0.0 0 -46 68.74199999999999 51.43999999999999 0
2100.0 273.28000000000003 18 2100.0 0.0 0 -70 88.91999999999999 76.12499999999999 0
1470.0 245.91099999999992 18 1470.0 0.0 0 -55 86.41999999999999 50.14499999999999 0
2220.0 284.06499999999994 20 2220.0 0.0 0 -68 94.89699999999999 87.39800000000001 0
1830.0 265.313 17 1830.0 0.0 0 -66 82.27899999999998 76.70999999999998 0
2280.0 317.82500000000005 21 2280.0 0.0 0 -74 103.23500000000001 84.91799999999998 0
2010.0 241.26999999999995 18 2010.0 0.0 0 -61 84.247 65.689 0
1440.0 228.14099999999996 21 1440.0 0.0 0 -60 87.18599999999998 43.731 0
2130.0 296.049 23 2130.0 0.0 0 -74 97.99300000000001 74.18399999999997 0
2760.0 324.1169999999999 19 2760.0 0.0 0 -86 93.356 86.47899999999997 0
1770.0 263.36799999999994 23 1770.0 0.0 0 -67 94.43899999999996 68.05099999999999 0
2160.0 255.88599999999997 18 2160.0 0.0 0 -63 87.029 64.3 0
1380.0 206.23199999999997 18 1380.0 -15.0 1 -52 55.440000000000005 48.327 3
1290.0 227.30200000000002 20 1440.0 0.0 0 -49 88.821 52.195999999999984 0
2670.0 294.4199999999999 22 2670.0 0.0 0 -72 108.85399999999998 88.75200000000001 0
1590.0 271.275 16 1590.0 0.0 0 -62 88.334 68.56399999999998 0
1590.0 191.61499999999998 13 1590.0 0.0 0 -52 56.61999999999999 49.523 0
1590.0 258.4199999999999 17 1590.0 0.0 0 -56 91.456 69.24199999999996 0
2340.0 279.281 20 2340.0 -10.0 0 -65 103.755 81.66900000000001 2
2430.0 290.16099999999994 17 2550.0 0.0 0 -72 102.65999999999998 87.60300000000002 0
1230.0 227.10699999999994 19 1230.0 0.0 0 -51 87.59899999999999 56.144999999999996 0
2490.0 282.535 15 2490.0 0.0 0 -71 87.97300000000004 81.05000000000003 0
2190.0 288.89999999999986 21 2190.0 0.0 0 -75 95.557 75.66299999999997 0
1710.0 228.06199999999998 19 1710.0 0.0 0 -58 77.62299999999998 61.798999999999985 0
1440.0 245.60799999999992 21 1440.0 0.0 0 -67 79.877 50.66499999999999 0
1680.0 291.31899999999996 20 1680.0 0.0 0 -72 94.69599999999997 55.40599999999999 0
1590.0 210.74799999999993 15 1590.0 0.0 0 -58 54.438999999999986 47.65599999999999 0
1350.0 223.03699999999998 20 1350.0 0.0 0 -58 80.238 46.028999999999996 0
1050.0 228.00099999999998 15 1050.0 0.0 0 -56 81.22099999999998 37.353 0
2520.0 322.80600000000004 23 2520.0 0.0 0 -84 100.56000000000003 79.37399999999997 0
1590.0 205.6899999999999 17 1590.0 0.0 0 -56 60.982999999999976 46.64099999999999 0
1770.0 258.4969999999999 18 1770.0 0.0 0 -69 73.55999999999999 64.82600000000001 0
1920.0 248.84199999999987 16 1920.0 0.0 0 -65 65.571 73.57799999999999 0
1890.0 311.27699999999993 20 1890.0 0.0 0 -68 110.45899999999995 85.02899999999998 0
1440.0 199.35299999999995 15 1440.0 0.0 0 -48 66.42099999999996 58.395999999999994 0
1320.0 153.38399999999996 13 1320.0 0.0 0 -36 55.266 45.041 0
1980.0 328.64899999999983 22 1980.0 0.0 0 -75 130.01299999999998 66.273 0
1620.0 231.26599999999993 15 1620.0 0.0 0 -60 76.533 56.506 0
1410.0 267.775 16 1410.0 0.0 0 -63 82.53 66.17400000000002 0
1530.0 217.52799999999993 14 1530.0 0.0 0 -57 70.78099999999998 58.26199999999999 0
1200.0 174.6839999999999 15 1200.0 0.0 0 -47 48.53699999999999 34.99599999999999 0
2040.0 222.88700000000003 15 2040.0 0.0 0 -61 62.51000000000002 58.81899999999997 0
2040.0 245.51399999999992 17 2040.0 0.0 0 -64 82.124 55.066 0
2550.0 235.02700000000004 15 2550.0 0.0 0 -69 56.43899999999999 86.139 0
1590.0 251.92899999999995 17 1590.0 0.0 0 -57 84.68199999999997 67.16599999999998 0
1530.0 247.95299999999997 21 1530.0 0.0 0 -66 75.39099999999998 60.87299999999999 0
2700.0 353.87500000000006 20 2700.0 0.0 0 -86 116.846 97.36100000000008 0
2040.0 305.2659999999999 20 2040.0 0.0 0 -72 113.21499999999999 75.39999999999999 0
2520.0 321.779 24 2520.0 -45.0 15 -82 108.555 81.32999999999998 3
1650.0 238.98799999999994 19 1650.0 0.0 0 -57 74.90800000000002 64.976 0
1980.0 286.87699999999995 20 1980.0 -50.0 1 -69 96.53500000000003 67.25599999999999 10
1650.0 242.14499999999998 20 1650.0 0.0 0 -63 80.46399999999998 54.74600000000001 0
1710.0 235.571 16 1710.0 0.0 0 -58 82.906 57.62100000000001 0
2640.0 403.2309999999999 27 2640.0 0.0 0 -98 128.29099999999997 83.37099999999998 0
1980.0 315.80699999999985 20 1980.0 0.0 0 -75 119.36399999999998 64.8 0
1230.0 222.307 17 1230.0 0.0 0 -57 74.86799999999998 43.144000000000005 0
1710.0 278.1890000000001 17 1710.0 0.0 0 -68 99.835 53.526 0
1680.0 238.28200000000007 18 1680.0 0.0 0 -57 82.25199999999998 61.055 0
1710.0 223.00400000000002 16 1710.0 0.0 0 -62 58.91199999999999 51.06400000000002 0
1530.0 228.70499999999996 16 1530.0 0.0 0 -60 79.25599999999999 43.43999999999999 0
2250.0 297.1089999999999 22 2250.0 0.0 0 -83 84.11999999999996 70.715 0
2820.0 378.10799999999995 19 2820.0 -10.0 0 -85 141.733 108.03799999999998 2
1920.0 325.8239999999999 25 1920.0 0.0 0 -79 109.39699999999995 87.96699999999998 0
2100.0 322.471 19 2100.0 0.0 0 -77 118.765 76.299 0
2460.0 295.97999999999985 20 2460.0 0.0 0 -72 110.599 82.38099999999997 0
1560.0 241.769 19 1560.0 0.0 0 -59 69.163 62.818 0
2340.0 325.77 20 2340.0 0.0 0 -76 115.83099999999996 91.61000000000001 0
1440.0 255.14000000000004 20 1440.0 0.0 0 -70 80.93399999999997 47.96499999999998 0
3600.0 411.18899999999996 20 3600.0 0.0 0 -93 137.13899999999998 140.086 0
2460.0 314.4699999999999 16 2490.0 0.0 0 -75 94.85600000000002 95.06500000000004 0
2010.0 348.97499999999997 20 2010.0 0.0 0 -82 130.72599999999997 75.424 0
2100.0 269.4599999999999 19 2190.0 0.0 0 -65 87.52599999999998 71.845 0
1950.0 219.76299999999998 16 1950.0 0.0 0 -58 64.868 56.884 0
1650.0 258.0379999999999 15 1650.0 0.0 0 -55 88.16799999999999 69.23799999999999 0
1680.0 205.744 15 1680.0 0.0 0 -41 79.198 71.91699999999997 0
1680.0 268.66799999999984 21 1680.0 0.0 0 -65 110.12199999999997 57.63599999999999 0
1020.0 167.13199999999995 12 1020.0 0.0 0 -37 56.85799999999999 43.83899999999999 0
2280.0 304.408 16 2280.0 0.0 0 -73 81.69700000000002 95.01200000000001 0
1710.0 243.49800000000002 19 1710.0 0.0 0 -58 78.72399999999998 61.926 0
1860.0 268.074 20 1860.0 0.0 0 -63 80.22599999999998 73.94700000000003 0
2610.0 297.7879999999999 16 2610.0 0.0 0 -72 94.575 101.57100000000003 0
1740.0 226.83000000000004 15 1740.0 0.0 0 -53 79.29799999999999 66.45700000000001 0
1800.0 314.4099999999999 21 1800.0 0.0 0 -66 122.664 80.24299999999997 0
2100.0 255.529 25 2100.0 0.0 0 -69 95.26499999999997 61.21899999999999 0
2550.0 296.5520000000001 18 2550.0 -5.0 0 -73 102.982 86.89900000000002 1
1560.0 281.4969999999999 23 1560.0 0.0 0 -74 84.51999999999997 56.967999999999996 0
2820.0 363.4509999999999 21 2820.0 0.0 0 -81 133.894 107.744 0
1620.0 238.39999999999995 18 1620.0 0.0 0 -59 83.44799999999996 57.18300000000001 0
1620.0 227.623 21 1650.0 0.0 0 -62 84.06199999999997 52.995 0
2310.0 263.46999999999986 18 2310.0 0.0 0 -62 97.64300000000001 82.59500000000001 0
1770.0 290.67699999999996 21 1770.0 0.0 0 -72 107.388 59.516999999999996 0
2370.0 271.704 19 2370.0 0.0 0 -68 88.10700000000003 88.09099999999998 0
2100.0 265.023 21 2100.0 -25.0 2 -60 108.63799999999998 79.72700000000002 5
1650.0 245.10999999999996 18 1650.0 0.0 0 -57 89.89199999999995 68.17099999999998 0
2430.0 307.538 16 2430.0 0.0 0 -73 109.32800000000002 85.76899999999998 0
1650.0 244.74399999999997 18 1650.0 0.0 0 -61 74.768 50.412 0
1260.0 205.89000000000004 14 1260.0 0.0 0 -50 66.516 53.036 0
1440.0 262.7970000000001 25 1440.0 0.0 0 -64 97.31999999999998 57.638999999999996 0
2490.0 320.417 21 2490.0 0.0 0 -79 115.255 89.48499999999997 0
1740.0 248.63799999999998 16 1740.0 0.0 0 -65 59.007999999999996 70.73 0
900.0 167.87399999999997 14 900.0 0.0 0 -45 60.45199999999998 29.432000000000002 0
1110.0 204.41 15 1110.0 0.0 0 -52 72.52099999999999 42.565999999999995 0
1650.0 196.5289999999999 15 1650.0 -5.0 0 -55 52.59999999999999 39.626999999999995 1
1650.0 255.57799999999995 18 1650.0 0.0 0 -64 81.97299999999998 55.585999999999984 0
1710.0 230.91700000000006 16 1710.0 0.0 0 -59 71.18999999999998 59.67300000000001 0
1860.0 259.64 20 1860.0 0.0 0 -71 84.12199999999997 57.21899999999999 0
1320.0 242.54199999999997 18 1320.0 0.0 0 -56 81.12199999999999 56.93099999999999 0
1260.0 196.25799999999998 14 1260.0 0.0 0 -48 76.40399999999997 46.800999999999995 0
1500.0 186.6419999999999 18 1500.0 0.0 0 -50 57.29399999999999 42.928999999999995 0
1950.0 207.69699999999995 16 1950.0 0.0 0 -56 69.79700000000001 59.483 0
2490.0 307.97700000000003 16 2490.0 0.0 0 -69 119.74200000000005 92.32899999999997 0
2190.0 369.088 20 2190.0 0.0 0 -78 139.327 102.83 0
1530.0 282.73499999999996 22 1530.0 0.0 0 -71 103.97499999999998 52.230999999999995 0
2220.0 277.3759999999999 14 2220.0 0.0 0 -66 85.597 85.90499999999997 0
1860.0 271.66299999999995 19 1860.0 0.0 0 -66 92.13699999999999 52.773999999999994 0
1590.0 281.46399999999994 21 1650.0 0.0 0 -71 93.15899999999996 63.46899999999998 0
1380.0 233.58599999999998 18 1380.0 0.0 0 -65 78.207 53.717 0
3090.0 360.78999999999985 24 3090.0 -25.0 1 -91 135.81900000000005 103.80599999999995 5
1470.0 213.63899999999998 18 1470.0 -15.0 0 -48 64.639 65.63499999999999 3
1320.0 151.77299999999994 13 1320.0 0.0 0 -45 39.23299999999999 45.02 0
1920.0 235.78099999999998 18 1920.0 0.0 0 -59 80.83399999999999 68.81699999999998 0
1350.0 190.79899999999998 18 1350.0 -75.0 25 -52 55.99499999999998 38.99999999999999 5
1830.0 243.14599999999996 20 1830.0 0.0 0 -58 83.663 66.07199999999999 0
2460.0 329.6049999999999 19 2460.0 0.0 0 -74 122.57800000000002 97.99699999999997 0
1830.0 205.63000000000002 14 1830.0 0.0 0 -55 42.94099999999999 36.96699999999999 0
2640.0 373.31500000000005 21 2880.0 -240.0 80 -102 116.54699999999998 95.058 16
2220.0 318.2939999999999 19 2220.0 0.0 0 -77 102.78099999999999 92.508 0
2430.0 325.5129999999999 22 2430.0 0.0 0 -85 112.623 65.25999999999999 0
1500.0 249.55200000000008 23 1500.0 0.0 0 -65 77.374 59.872 0
2130.0 288.249 21 2130.0 0.0 0 -78 88.312 79.24399999999999 0
1290.0 219.60399999999996 14 1290.0 0.0 0 -47 83.83099999999997 57.58 0
3030.0 318.309 16 3030.0 0.0 0 -73 115.36400000000008 98.01799999999996 0
1410.0 225.60899999999987 19 1410.0 0.0 0 -58 83.872 47.65399999999999 0
1350.0 180.09699999999998 17 1350.0 0.0 0 -51 51.809999999999995 36.208 0
1560.0 263.2489999999999 21 1560.0 0.0 0 -64 91.601 61.67899999999998 0
2040.0 300.1119999999999 26 2040.0 0.0 0 -75 95.52999999999997 73.379 0
1530.0 212.75499999999994 17 1530.0 0.0 0 -53 72.87399999999997 56.28499999999998 0
1980.0 241.62199999999996 21 1980.0 0.0 0 -66 70.326 65.502 0
2310.0 335.5249999999998 18 2310.0 -10.0 0 -70 130.797 97.31599999999997 2
1470.0 216.57899999999992 14 1470.0 0.0 0 -54 76.509 57.655 0
3300.0 338.823 21 3300.0 -90.0 6 -85 99.38100000000003 116.28399999999996 18
1860.0 252.26500000000007 17 1860.0 0.0 0 -65 96.653 60.32600000000001 0
1170.0 220.97499999999994 15 1170.0 0.0 0 -54 80.54899999999996 39.43399999999999 0
2280.0 316.0349999999999 17 2280.0 0.0 0 -71 101.58699999999997 83.564 0
2670.0 275.318 17 2670.0 -5.0 0 -71 79.05399999999999 89.54899999999996 1
1470.0 219.31199999999995 17 1470.0 -45.0 15 -59 52.170999999999985 49.946 3
2280.0 298.295 24 2370.0 0.0 0 -68 107.58100000000002 80.89599999999999 0
1950.0 240.358 21 1950.0 0.0 0 -56 88.73399999999998 70.282 0
1560.0 228.56899999999996 17 1560.0 0.0 0 -57 79.59699999999998 60.780999999999985 0
1500.0 236.936 19 1500.0 0.0 0 -65 76.08899999999998 49.96599999999997 0
1440.0 232.783 20 1440.0 0.0 0 -53 85.88699999999999 53.974 0
1710.0 237.46699999999993 17 1710.0 0.0 0 -58 89.45200000000003 61.506 0
1950.0 270.3929999999998 20 1950.0 -75.0 25 -69 78.40399999999998 70.07199999999999 5
2130.0 255.61300000000003 13 2130.0 0.0 0 -62 79.05600000000001 71.617 0
2130.0 267.7419999999999 18 2130.0 0.0 0 -64 89.77899999999998 75.29899999999999 0
1410.0 207.19700000000003 16 1410.0 0.0 0 -51 65.88899999999998 48.193 0
1560.0 231.58599999999996 19 1560.0 0.0 0 -60 88.33799999999998 53.188999999999986 0
1710.0 287.92299999999994 19 1710.0 0.0 0 -77 93.93699999999997 60.45599999999998 0
1710.0 214.463 16 1710.0 0.0 0 -56 74.908 50.302000000000014 0
1860.0 270.474 23 1860.0 -5.0 0 -68 94.99799999999998 74.14399999999998 1
2010.0 240.51700000000008 14 2010.0 0.0 0 -56 79.26600000000002 80.51 0
2400.0 253.26299999999992 17 2400.0 0.0 0 -58 89.35300000000002 91.74199999999999 0
1320.0 206.30299999999994 17 1320.0 0.0 0 -58 60.551999999999985 44.338 0
2580.0 362.8839999999999 23 2580.0 -5.0 0 -88 121.691 95.574 1
1770.0 273.0549999999999 19 1770.0 0.0 0 -68 86.55799999999996 69.54499999999999 0
2850.0 362.50699999999983 18 2850.0 0.0 0 -84 120.01400000000004 90.82799999999999 0
1650.0 236.22099999999995 18 1710.0 0.0 0 -61 69.00299999999999 62.33299999999999 0
1470.0 223.8059999999999 18 1470.0 -5.0 0 -53 82.35499999999998 52.043999999999976 1
1470.0 236.15799999999993 17 1470.0 -10.0 0 -63 63.91200000000002 58.78899999999997 2
1890.0 303.6049999999999 18 1890.0 0.0 0 -67 117.72300000000003 75.83 0
1650.0 220.46799999999996 16 1650.0 0.0 0 -56 70.35899999999998 61.81699999999999 0
1800.0 225.20199999999997 20 1800.0 0.0 0 -61 68.08399999999999 54.95199999999999 0
1560.0 222.36699999999996 13 1560.0 0.0 0 -51 70.857 59.02499999999999 0
1800.0 250.05700000000002 20 1800.0 0.0 0 -64 87.96500000000002 64.48399999999998 0
2670.0 346.955 22 2670.0 0.0 0 -90 102.25999999999998 95.314 0
2160.0 248.24599999999995 19 2160.0 0.0 0 -64 88.129 68.01299999999999 0
1440.0 220.0919999999999 17 1440.0 0.0 0 -59 75.68499999999999 44.425 0
2610.0 315.803 19 2610.0 0.0 0 -80 91.63699999999996 89.68600000000004 0
1710.0 240.2499999999999 15 1710.0 0.0 0 -62 77.77499999999995 58.56599999999998 0
1500.0 240.08299999999994 19 1500.0 -5.0 0 -61 79.577 55.42299999999998 1
1080.0 172.12299999999993 15 1080.0 0.0 0 -47 51.922 30.414999999999996 0
1410.0 200.8119999999999 14 1410.0 0.0 0 -47 75.98899999999998 48.590999999999994 0
1800.0 259.7990000000001 22 1800.0 0.0 0 -69 91.51899999999998 66.51800000000001 0
2280.0 319.5379999999999 20 2280.0 0.0 0 -74 122.93100000000001 76.35699999999999 0
2100.0 310.93700000000007 25 2100.0 0.0 0 -83 93.04599999999999 72.20199999999998 0
1950.0 205.13499999999993 13 1950.0 0.0 0 -61 46.94299999999999 60.867999999999995 0
1500.0 252.89799999999994 22 1500.0 0.0 0 -65 87.45699999999998 53.29900000000001 0
1290.0 202.14499999999995 17 1290.0 0.0 0 -56 62.33099999999999 40.80499999999999 0
2400.0 342.52299999999997 21 2400.0 0.0 0 -72 121.52100000000002 116.23799999999996 0
1590.0 213.12399999999994 15 1590.0 0.0 0 -50 69.66499999999999 67.40199999999999 0
2310.0 310.6799999999999 18 2310.0 0.0 0 -71 111.45600000000002 84.53299999999996 0
1290.0 235.51999999999995 20 1290.0 0.0 0 -61 80.63199999999996 46.028999999999996 0
2100.0 331.4539999999998 24 2100.0 0.0 0 -77 126.51899999999998 84.68399999999998 0
2010.0 276.5759999999999 20 2010.0 0.0 0 -70 87.49399999999997 70.693 0
1080.0 160.52999999999997 13 1080.0 0.0 0 -43 46.599999999999994 31.262999999999998 0
2490.0 315.7129999999999 23 2490.0 0.0 0 -81 101.58599999999998 91.90299999999999 0
1980.0 279.17799999999994 26 1980.0 0.0 0 -73 97.118 66.97399999999999 0
1740.0 282.55699999999996 17 1740.0 0.0 0 -64 97.02600000000001 78.86999999999998 0
1860.0 268.356 21 1860.0 0.0 0 -66 89.50799999999998 67.812 0
2130.0 261.602 19 2130.0 0.0 0 -77 54.160999999999994 35.24399999999999 0
1830.0 316.4989999999999 22 1920.0 0.0 0 -67 107.80300000000004 81.564 0
1830.0 222.02999999999994 17 1830.0 0.0 0 -49 89.69800000000001 73.27199999999999 0
1440.0 202.77199999999996 14 1440.0 0.0 0 -51 67.81899999999997 42.935 0
2130.0 268.63100000000003 20 2130.0 0.0 0 -77 78.50399999999999 65.21699999999998 0
1380.0 220.85599999999994 16 1380.0 0.0 0 -55 79.081 54.602 0
1260.0 229.51199999999997 16 1260.0 0.0 0 -54 77.32199999999999 53.894999999999996 0
1680.0 282.5379999999999 20 1680.0 0.0 0 -62 110.52700000000002 71.53299999999997 0
1620.0 253.15499999999992 21 1620.0 0.0 0 -65 74.18799999999996 52.74799999999999 0
1530.0 225.16700000000003 18 1530.0 0.0 0 -55 89.04799999999999 46.660999999999994 0
2190.0 245.63899999999998 16 2190.0 -15.0 1 -64 70.87100000000001 72.06099999999996 3
1770.0 282.9149999999999 20 1770.0 0.0 0 -66 93.588 78.47600000000001 0
2610.0 342.83899999999994 18 2610.0 0.0 0 -85 96.97300000000003 88.543 0
1260.0 198.30100000000002 12 1260.0 0.0 0 -49 66.74300000000004 45.17199999999998 0
2100.0 342.20499999999987 19 2100.0 0.0 0 -86 104.178 84.12100000000001 0
1860.0 219.78999999999996 15 1860.0 0.0 0 -63 56.09299999999999 61.50199999999999 0
2640.0 347.32799999999986 24 2640.0 0.0 0 -84 118.78699999999995 92.13799999999999 0
1770.0 212.81499999999997 18 1770.0 0.0 0 -52 72.38499999999998 55.740999999999985 0
1740.0 246.80100000000002 20 1740.0 0.0 0 -66 80.321 57.01299999999999 0
2400.0 251.02300000000002 16 2400.0 0.0 0 -65 86.38500000000003 82.14399999999999 0
1410.0 255.351 18 1410.0 0.0 0 -57 104.131 49.44899999999999 0
1470.0 282.28299999999996 17 1470.0 0.0 0 -65 107.03499999999997 58.25 0
2070.0 235.44299999999996 16 2070.0 0.0 0 -65 52.149 45.974999999999994 0
1740.0 281.2589999999999 22 1740.0 -10.0 0 -68 90.83199999999998 65.60699999999999 2
1680.0 270.07199999999995 19 1680.0 0.0 0 -70 88.33099999999996 63.66799999999999 0
2130.0 309.2429999999999 21 2130.0 0.0 0 -67 118.51700000000001 91.50999999999998 0
2190.0 292.872 17 2190.0 -20.0 0 -63 131.95200000000006 75.35499999999998 4
1830.0 277.3609999999999 20 1830.0 0.0 0 -73 89.83000000000003 65.51599999999999 0
1470.0 221.6279999999999 16 1470.0 0.0 0 -56 66.67999999999998 59.376 0
1260.0 247.57399999999996 15 1260.0 0.0 0 -49 101.06899999999997 58.239 0
2940.0 409.6189999999999 21 2940.0 0.0 0 -103 134.9209999999999 103.04800000000004 0
1230.0 193.58999999999992 12 1230.0 0.0 0 -46 56.40599999999999 56.52999999999999 0
2010.0 248.51300000000003 15 2010.0 0.0 0 -52 91.82999999999998 74.19500000000001 0
2340.0 313.0979999999999 18 2340.0 0.0 0 -70 115.802 75.31400000000001 0
2640.0 319.679 19 2640.0 0.0 0 -82 98.15699999999998 93.60899999999998 0
2190.0 324.17100000000005 26 2190.0 0.0 0 -72 109.55 80.11500000000001 0
2400.0 300.4079999999999 21 2400.0 0.0 0 -71 113.74600000000001 88.53099999999998 0
1590.0 261.685 21 1590.0 0.0 0 -59 100.09199999999997 72.57399999999998 0
1710.0 205.60299999999998 15 1710.0 0.0 0 -53 58.870999999999995 46.894000000000005 0
1590.0 189.16099999999992 15 1590.0 0.0 0 -45 68.842 63.586999999999996 0
2100.0 313.4609999999999 19 2670.0 0.0 0 -74 104.79600000000003 95.03399999999998 0
1650.0 280.1460000000001 18 1650.0 0.0 0 -62 103.92699999999999 69.738 0
2310.0 301.39599999999996 23 2310.0 0.0 0 -74 100.87099999999998 91.17199999999997 0
2580.0 343.058 20 2580.0 0.0 0 -82 109.76100000000005 99.46299999999997 0
1920.0 235.559 20 1920.0 0.0 0 -66 79.413 62.635999999999974 0
1680.0 249.02100000000002 18 1680.0 0.0 0 -61 91.853 61.743999999999986 0
2850.0 346.8789999999999 21 2850.0 0.0 0 -78 126.91799999999999 112.11899999999993 0
2010.0 301.85499999999996 24 2010.0 0.0 0 -80 95.422 69.76899999999999 0
2700.0 345.164 23 2700.0 0.0 0 -93 107.25299999999996 86.50600000000001 0
1650.0 260.95000000000005 14 1650.0 0.0 0 -59 113.22000000000004 53.54499999999997 0
1650.0 225.83299999999997 16 1650.0 0.0 0 -60 60.00999999999998 64.03999999999999 0
1230.0 214.126 21 1230.0 0.0 0 -56 73.463 37.815 0
3150.0 409.59399999999994 21 3150.0 0.0 0 -87 143.11400000000006 138.67899999999997 0
1890.0 270.20000000000005 22 1890.0 0.0 0 -69 67.545 74.51500000000003 0
1170.0 224.6809999999999 15 1170.0 0.0 0 -51 90.02699999999996 50.18699999999999 0
2370.0 313.39799999999997 24 2370.0 0.0 0 -88 102.94600000000003 55.141 0
2340.0 267.2679999999999 21 2340.0 0.0 0 -73 85.94999999999999 61.15199999999998 0
1980.0 269.9049999999999 19 1980.0 0.0 0 -70 81.94899999999998 66.139 0
1800.0 259.098 17 1800.0 0.0 0 -60 87.19299999999998 76.237 0
1920.0 311.362 24 1920.0 0.0 0 -75 93.44299999999998 79.55 0
2190.0 246.9489999999999 13 2190.0 0.0 0 -56 96.262 77.87499999999999 0
1620.0 232.49499999999992 17 1620.0 0.0 0 -57 80.93299999999999 56.44399999999999 0
1890.0 221.96099999999996 21 1890.0 0.0 0 -63 63.819999999999986 57.46299999999999 0
1350.0 204.09999999999994 18 1350.0 0.0 0 -54 67.25 46.89299999999999 0
2250.0 261.86 19 2250.0 -25.0 0 -67 101.50199999999998 72.75299999999996 5
2130.0 297.832 18 2130.0 -5.0 0 -79 90.96199999999996 72.20299999999999 1
1350.0 231.71099999999996 15 1350.0 0.0 0 -55 86.85299999999998 52.17400000000001 0
1800.0 245.88099999999994 17 1800.0 0.0 0 -69 50.871999999999986 71.94399999999997 0
1650.0 243.38899999999995 17 1650.0 0.0 0 -57 74.804 60.181999999999974 0
1200.0 230.84499999999997 22 1200.0 0.0 0 -59 67.62499999999999 40.794999999999995 0
1650.0 260.26099999999997 20 1650.0 0.0 0 -66 81.29799999999997 58.74299999999999 0
1410.0 214.289 19 1410.0 0.0 0 -52 76.83399999999999 57.478999999999985 0
1770.0 225.28300000000002 20 1770.0 0.0 0 -67 67.58699999999999 44.033 0
1500.0 275.4339999999999 22 1500.0 0.0 0 -71 80.23599999999998 39.221999999999994 0
1530.0 195.11100000000002 13 1530.0 0.0 0 -42 75.04500000000002 65.29999999999995 0
2040.0 268.045 18 2040.0 0.0 0 -63 96.876 68.316 0
1560.0 228.48399999999998 17 1560.0 0.0 0 -61 64.41599999999997 45.788999999999994 0
2040.0 286.80300000000005 17 2040.0 -5.0 0 -67 94.66600000000003 85.62599999999995 1
1710.0 250.50099999999995 18 1710.0 0.0 0 -56 97.85199999999998 61.177 0
1890.0 257.492 22 1890.0 0.0 0 -69 86.49199999999998 65.08099999999999 0
1050.0 194.355 16 1050.0 0.0 0 -45 74.639 46.87299999999999 0
1800.0 253.69699999999995 18 1800.0 0.0 0 -67 79.26699999999998 61.815 0
1170.0 239.0899999999999 18 1170.0 0.0 0 -62 87.35499999999996 36.111999999999995 0
1980.0 268.433 20 1980.0 0.0 0 -68 87.83599999999998 72.48499999999999 0
2460.0 275.52500000000003 14 2460.0 0.0 0 -56 95.36600000000004 94.80800000000002 0
2430.0 277.5009999999999 16 2430.0 0.0 0 -73 89.95 77.091 0
2490.0 262.2779999999999 15 2490.0 0.0 0 -68 79.27500000000002 86.35599999999997 0
2220.0 267.7309999999998 18 2220.0 0.0 0 -72 90.70199999999998 58.15099999999999 0
1950.0 244.9520000000001 16 1950.0 0.0 0 -60 87.964 69.54700000000001 0
2220.0 247.21399999999994 14 2220.0 0.0 0 -63 71.73299999999999 78.989 0
1830.0 273.40899999999993 21 1830.0 0.0 0 -62 111.39699999999998 69.87199999999999 0
1560.0 262.65000000000003 21 1560.0 0.0 0 -65 93.08699999999999 70.60999999999999 0
1530.0 194.28899999999996 15 1530.0 -40.0 2 -49 62.302999999999976 49.13499999999998 8
2190.0 261.84499999999997 19 2190.0 0.0 0 -68 88.19999999999997 76.83499999999997 0
1980.0 284.891 20 1980.0 0.0 0 -74 81.377 74.19200000000001 0
2340.0 343.097 21 2340.0 0.0 0 -83 115.50399999999999 87.81400000000002 0
2580.0 323.76599999999996 20 2580.0 0.0 0 -68 126.60500000000002 110.821 0
2040.0 363.494 20 2040.0 0.0 0 -83 132.76100000000005 80.76099999999998 0
1890.0 277.04300000000006 18 1890.0 0.0 0 -73 82.91999999999997 76.34500000000001 0
1530.0 189.09599999999998 13 1530.0 0.0 0 -46 62.99999999999999 57.26599999999999 0
2310.0 268.11100000000005 15 2310.0 0.0 0 -68 77.78799999999998 57.45899999999999 0
2310.0 318.0429999999999 20 2310.0 0.0 0 -68 120.40899999999998 88.58499999999997 0
1920.0 310.232 19 1920.0 0.0 0 -76 96.20199999999996 70.691 0
1830.0 234.43300000000005 17 1830.0 0.0 0 -50 91.56099999999996 75.21999999999998 0
1830.0 263.2369999999999 21 1830.0 0.0 0 -72 73.004 62.284 0
1650.0 301.9440000000001 21 1650.0 0.0 0 -66 115.183 66.272 0
1980.0 276.91499999999996 18 1980.0 0.0 0 -62 95.34299999999998 85.40400000000002 0
2490.0 304.666 20 2490.0 0.0 0 -75 103.85299999999998 93.37199999999996 0
2280.0 274.70400000000006 15 2280.0 0.0 0 -65 84.95399999999998 81.81300000000002 0
1980.0 224.16200000000003 20 1980.0 0.0 0 -52 84.72900000000001 71.62399999999997 0
1380.0 197.49800000000002 18 1380.0 0.0 0 -54 66.78899999999999 43.543 0
2100.0 287.2 19 2100.0 0.0 0 -69 102.811 73.62099999999998 0
1950.0 308.291 22 1950.0 -10.0 0 -79 100.93399999999997 66.963 2
1680.0 213.21899999999997 16 1770.0 0.0 0 -55 59.309 66.50499999999998 0
3660.0 364.7610000000002 21 3660.0 -150.0 50 -89 114.72200000000001 127.638 10
1530.0 194.51699999999994 16 1530.0 0.0 0 -56 55.542999999999985 48.45599999999999 0
2700.0 336.2970000000001 16 2700.0 0.0 0 -70 135.05300000000008 110.31699999999998 0
2250.0 308.174 20 2250.0 0.0 0 -63 125.56400000000001 95.88099999999999 0
1590.0 283.46399999999994 21 1590.0 0.0 0 -72 101.11199999999998 65.40999999999998 0
2040.0 312.34899999999993 22 2040.0 0.0 0 -81 94.59199999999997 73.11700000000002 0
1740.0 239.935 16 1740.0 -5.0 0 -56 90.10199999999999 56.27199999999999 1
1920.0 250.9719999999999 16 1920.0 0.0 0 -62 87.04100000000001 73.86699999999996 0
2070.0 261.80299999999994 17 2070.0 0.0 0 -64 95.95100000000001 68.062 0
1620.0 234.16499999999996 22 1620.0 0.0 0 -68 76.52299999999997 49.417 0
1530.0 229.54599999999994 19 1530.0 0.0 0 -61 65.60099999999998 59.57999999999999 0
1860.0 244.4219999999999 20 1860.0 -25.0 1 -60 72.75300000000001 62.675 5
2460.0 313.7270000000001 20 2550.0 0.0 0 -76 93.39600000000002 96.72000000000001 0
1500.0 250.90999999999994 20 1500.0 0.0 0 -68 78.81199999999998 49.520999999999994 0
1830.0 281.30499999999995 22 1830.0 0.0 0 -73 83.64999999999998 59.399 0
2040.0 264.6919999999999 13 2040.0 -10.0 0 -60 77.17299999999999 73.72599999999998 2
3330.0 433.29499999999985 22 3330.0 0.0 0 -94 184.26799999999997 109.81299999999997 0
1890.0 259.481 17 1890.0 0.0 0 -78 54.01999999999999 64.31700000000001 0
1650.0 272.77899999999994 21 1650.0 -10.0 0 -66 90.06299999999999 65.762 2
1620.0 202.75100000000003 14 1620.0 0.0 0 -49 62.99300000000002 60.75299999999999 0
1950.0 288.3469999999999 20 1950.0 0.0 0 -65 101.01699999999997 76.73400000000001 0
2280.0 280.6749999999999 20 2280.0 0.0 0 -81 71.60199999999999 62.32899999999999 0
2370.0 320.89500000000004 24 2370.0 0.0 0 -72 123.03199999999993 83.97400000000002 0
2040.0 263.2969999999999 18 2040.0 0.0 0 -63 87.306 73.87999999999997 0
2010.0 292.5319999999998 21 2010.0 0.0 0 -68 102.79199999999997 72.88000000000001 0
1830.0 260.17099999999994 18 1830.0 0.0 0 -63 100.00100000000003 66.60499999999998 0
1770.0 258.456 21 1770.0 0.0 0 -66 78.40499999999999 72.934 0
1770.0 265.15500000000003 18 1770.0 -15.0 0 -68 89.06999999999996 62.97999999999998 3
1530.0 265.45 22 1530.0 0.0 0 -60 95.34699999999998 62.344999999999985 0
2160.0 287.9119999999999 21 2160.0 0.0 0 -79 76.85099999999998 74.529 0
2400.0 331.34799999999996 22 2400.0 -5.0 0 -79 112.87400000000002 95.68300000000002 1
1740.0 190.0769999999999 17 1740.0 0.0 0 -48 57.591999999999985 51.981999999999985 0
1770.0 277.19599999999986 20 1770.0 0.0 0 -63 101.35599999999997 72.44399999999999 0
1650.0 214.76899999999995 14 1650.0 -15.0 2 -55 75.492 48.55599999999998 3
2640.0 305.78600000000006 21 2640.0 0.0 0 -71 113.00300000000006 90.73799999999997 0
2040.0 275.6619999999999 18 2040.0 0.0 0 -62 97.61000000000001 90.37999999999997 0
2460.0 310.71399999999994 19 2460.0 -25.0 1 -76 103.26700000000001 83.088 5
1530.0 196.911 17 1590.0 0.0 0 -53 64.041 46.763999999999996 0
1410.0 253.95399999999998 22 1410.0 0.0 0 -66 91.61999999999998 54.04299999999999 0
1860.0 205.97699999999992 14 1860.0 0.0 0 -63 53.925000000000004 55.88199999999999 0
1830.0 269.64300000000003 19 1830.0 0.0 0 -65 105.45799999999997 64.08599999999998 0
2310.0 314.374 22 2310.0 0.0 0 -73 113.81800000000003 93.88199999999999 0
1920.0 244.46199999999993 17 2040.0 0.0 0 -59 78.05300000000003 75.093 0
1740.0 248.076 21 1740.0 0.0 0 -63 86.77499999999998 58.00099999999999 0
2040.0 271.92500000000007 19 2040.0 -25.0 2 -70 84.24499999999998 82.63800000000002 5
2190.0 293.2439999999998 22 2190.0 0.0 0 -66 100.43199999999997 87.05199999999999 0
1740.0 249.85199999999998 16 1740.0 0.0 0 -59 87.58700000000002 63.45499999999999 0
2160.0 273.8809999999999 20 2160.0 0.0 0 -69 86.309 57.218999999999994 0
2190.0 306.19999999999993 19 2190.0 0.0 0 -70 100.98299999999998 90.86699999999999 0
1710.0 263.26099999999997 19 1710.0 0.0 0 -67 88.77499999999999 59.684999999999995 0
2280.0 319.2570000000001 21 2280.0 0.0 0 -80 119.62700000000002 80.882 0
2340.0 289.2009999999999 17 2340.0 0.0 0 -64 101.44399999999999 90.718 0
1590.0 228.25099999999995 18 1590.0 0.0 0 -61 62.77399999999999 55.90199999999999 0
2040.0 232.427 18 2040.0 0.0 0 -64 78.52000000000001 55.85999999999999 0
2430.0 299.6210000000001 13 2430.0 0.0 0 -63 102.07900000000001 105.66399999999999 0
1740.0 303.852 20 1740.0 0.0 0 -67 113.04699999999998 83.61499999999997 0
2070.0 309.27000000000004 22 2070.0 0.0 0 -64 121.838 92.488 0
1770.0 235.27900000000005 15 1770.0 -20.0 1 -54 90.00100000000003 65.95899999999997 4
1680.0 231.8440000000001 19 1680.0 0.0 0 -64 69.16399999999999 60.517 0
2730.0 385.3899999999999 22 2730.0 -15.0 2 -93 125.87 92.42299999999997 3
1680.0 243.27399999999997 19 1680.0 -20.0 1 -52 93.52200000000002 72.699 4
2130.0 241.78599999999997 16 2130.0 0.0 0 -58 79.63200000000002 72.67500000000001 0
2220.0 276.692 17 2220.0 -5.0 0 -69 86.07999999999998 86.722 1
1950.0 261.764 16 1950.0 0.0 0 -60 97.306 78.08699999999997 0
1230.0 220.5349999999999 14 1230.0 0.0 0 -51 77.35699999999999 47.226000000000006 0
1170.0 272.39399999999983 24 1170.0 0.0 0 -61 97.35699999999999 57.263000000000005 0
2250.0 262.104 18 2250.0 0.0 0 -64 102.87800000000004 81.39 0
2130.0 267.414 14 2130.0 -5.0 0 -60 86.89 89.63899999999998 1
2010.0 268.607 13 2310.0 0.0 0 -65 83.578 91.721 0
2340.0 350.80399999999986 19 2340.0 0.0 0 -82 114.80699999999999 93.90600000000003 0
1470.0 188.97099999999998 21 1470.0 0.0 0 -51 64.34299999999999 47.24099999999999 0
2280.0 315.28099999999995 20 2280.0 0.0 0 -75 103.07100000000001 90.583 0
1680.0 255.3499999999999 18 1680.0 0.0 0 -69 72.66699999999997 49.42499999999998 0
1590.0 227.31799999999993 16 1590.0 0.0 0 -54 85.50399999999998 61.37799999999998 0
