2200.0 913.519 17 3060.0 -1740.0 158 -208 290.477 132.91500000000002 174
2575.0 620.5999999999998 10 3510.0 -935.0 103 -153 174.16299999999995 124.213 167
3970.0 903.2769999999999 14 5280.0 -1440.0 193 -210 264.65 199.699 144
2160.0 465.1349999999998 8 2160.0 0.0 0 -106 136.843 95.30099999999997 0
3090.0 931.4329999999997 18 3450.0 -1170.0 149 -193 349.33 149.675 117
2140.0 854.588 15 3900.0 -1760.0 160 -200 246.54799999999997 166.88299999999995 176
2470.0 902.3619999999997 15 3390.0 -1160.0 106 -186 335.1869999999999 146.943 116
4920.0 1143.3489999999997 20 5790.0 -1315.0 142 -258 345.43499999999983 242.10599999999994 176
2740.0 854.5739999999996 15 3660.0 -1100.0 100 -193 235.31200000000004 176.958 110
1910.0 1046.644 19 3780.0 -1870.0 170 -256 281.01699999999994 159.678 187
2615.0 968.9199999999996 17 3480.0 -865.0 172 -219 314.67899999999986 146.69599999999994 97
2940.0 889.6819999999998 15 4620.0 -1680.0 153 -222 223.767 185.92600000000002 168
2570.0 922.1909999999996 16 3480.0 -910.0 83 -219 267.8039999999999 143.20999999999998 91
3390.0 1089.7089999999996 22 4650.0 -1260.0 159 -291 221.24699999999999 192.09200000000004 126
2580.0 517.1839999999999 8 2580.0 0.0 0 -111 168.47999999999996 116.61199999999998 0
2400.0 929.3779999999996 17 3660.0 -1270.0 160 -221 270.2049999999999 140.20599999999996 128
2780.0 878.6519999999995 16 3690.0 -1005.0 96 -194 287.642 154.05499999999995 110
4020.0 843.7489999999998 12 4950.0 -930.0 85 -188 250.98599999999996 205.905 93
3400.0 916.126 18 4290.0 -890.0 81 -199 316.6429999999999 181.47099999999998 89
2530.0 785.1269999999996 14 3450.0 -935.0 86 -177 243.66200000000003 149.20099999999996 95
3380.0 954.0169999999998 17 4800.0 -1530.0 164 -250 175.83099999999996 210.33899999999997 203
2500.0 890.7299999999998 15 3270.0 -770.0 160 -203 282.05199999999996 130.962 77
3220.0 779.3589999999997 15 3600.0 -520.0 91 -165 263.09599999999995 164.19599999999997 52
1980.0 898.0639999999995 17 2850.0 -1110.0 101 -197 315.0079999999999 125.93999999999998 111
1980.0 756.5239999999997 16 2880.0 -1090.0 99 -173 247.6769999999999 105.49999999999997 109
4960.0 1062.0049999999997 18 6720.0 -1770.0 160 -250 284.5269999999999 281.918 177
2160.0 473.2479999999998 8 2160.0 0.0 0 -112 135.65199999999993 85.10999999999999 0
3110.0 921.1709999999997 14 3990.0 -1120.0 102 -200 294.05299999999994 174.89399999999998 112
2130.0 599.011 11 2130.0 0.0 0 -126 185.039 123.582 0
3825.0 1099.6879999999996 20 4650.0 -950.0 166 -253 292.67899999999986 218.21299999999997 92
2710.0 878.8059999999999 16 3270.0 -780.0 99 -187 305.691 144.647 134
3420.0 1054.3669999999995 17 4680.0 -1260.0 159 -231 335.671 207.40599999999998 126
3050.0 937.2859999999998 16 3960.0 -1650.0 150 -204 299.24299999999994 179.23199999999997 165
3430.0 836.1679999999999 15 4230.0 -1570.0 143 -197 239.64199999999994 170.486 157
1710.0 734.8749999999998 13 2610.0 -900.0 82 -169 233.8569999999999 111.61900000000001 90
2620.0 816.7769999999999 14 3420.0 -800.0 73 -198 212.91899999999998 150.06900000000002 80
4620.0 960.1769999999998 17 5460.0 -1150.0 104 -219 289.284 222.939 115
3220.0 930.462 16 3600.0 -720.0 110 -203 323.05199999999996 149.86499999999998 72
1740.0 439.22699999999986 8 1740.0 0.0 0 -110 115.18400000000001 63.852999999999994 0
2890.0 851.9489999999995 15 4620.0 -1730.0 158 -195 272.25199999999995 178.32599999999996 173
2090.0 840.2599999999999 15 2490.0 -425.0 86 -184 276.27399999999994 124.70099999999998 45
2780.0 800.0329999999997 14 3150.0 -370.0 77 -194 225.70299999999995 125.42100000000002 37
1080.0 943.3989999999999 18 2880.0 -1800.0 164 -223 268.424 131.394 180
3980.0 924.6219999999996 17 4380.0 -1150.0 151 -212 303.0789999999999 154.31399999999994 115
2770.0 934.573 17 3570.0 -1670.0 152 -202 312.8719999999999 165.66599999999997 167
3030.0 510.351 9 3030.0 0.0 0 -101 167.02400000000006 146.40800000000002 0
2720.0 902.1759999999998 17 3630.0 -1150.0 117 -210 253.73499999999996 156.36199999999997 139
3240.0 487.00399999999985 8 3240.0 0.0 0 -112 129.44599999999994 143.751 0
3710.0 859.2589999999998 16 4080.0 -370.0 77 -209 213.36599999999999 186.88200000000003 37
2380.0 900.5550000000001 18 4170.0 -1790.0 163 -222 211.86299999999994 195.17599999999996 179
2450.0 764.7899999999998 12 3270.0 -970.0 106 -180 199.52999999999997 148.025 97
3460.0 986.756 20 4320.0 -860.0 78 -230 293.50299999999993 178.65300000000002 86
4310.0 829.608 15 4710.0 -685.0 123 -188 247.93099999999995 161.587 97
5250.0 1243.895999999999 21 6150.0 -1330.0 121 -291 354.45599999999996 251.84699999999992 133
1610.0 698.922 14 2460.0 -940.0 85 -139 263.90099999999995 114.93899999999998 94
3080.0 1112.51 18 4770.0 -1880.0 193 -265 294.156 209.741 188
2670.0 780.7079999999995 14 3270.0 -650.0 89 -168 255.11999999999992 144.31699999999995 125
2010.0 916.15 17 2910.0 -1520.0 138 -203 311.345 117.189 152
3870.0 995.5549999999997 17 4770.0 -1060.0 86 -234 282.06299999999993 202.957 122
2990.0 987.1629999999997 20 3810.0 -1530.0 140 -228 307.004 163.26999999999995 153
2975.0 808.6520000000003 15 3660.0 -855.0 94 -162 300.60100000000006 166.68199999999996 154
3360.0 1092.8029999999999 20 4260.0 -1370.0 125 -243 338.93899999999985 193.58700000000005 137
2430.0 1012.6930000000003 18 4170.0 -1740.0 159 -233 299.626 183.79299999999992 174
4960.0 943.1119999999999 15 6210.0 -1250.0 156 -246 257.1839999999999 181.3599999999999 125
2500.0 872.501 16 3420.0 -1490.0 136 -205 256.3399999999999 149.579 149
3440.0 890.3829999999998 17 3840.0 -1050.0 142 -204 247.81899999999996 180.27599999999998 105
3460.0 848.9659999999998 15 4350.0 -1130.0 103 -182 271.508 203.64600000000002 113
2650.0 781.178 14 3030.0 -520.0 91 -173 248.91799999999992 136.624 52
2950.0 995.0359999999997 17 3840.0 -1280.0 162 -229 298.0319999999999 169.713 128
4550.0 983.8699999999995 16 5460.0 -1090.0 99 -235 293.83699999999993 183.219 109
2260.0 802.8689999999998 14 3150.0 -890.0 81 -174 264.19899999999996 145.90699999999998 89
4270.0 1018.1589999999999 18 5580.0 -1390.0 172 -246 293.858 213.77600000000004 139
3740.0 1009.376 16 4680.0 -940.0 171 -230 291.823 197.55599999999998 94
2960.0 923.579 14 4530.0 -1570.0 143 -215 276.99799999999993 182.86499999999995 157
2865.0 851.6739999999998 17 3450.0 -715.0 93 -184 287.8559999999999 155.62099999999998 130
2930.0 920.0089999999999 18 4380.0 -1450.0 160 -229 234.95800000000003 177.17399999999995 201
3920.0 882.026 14 4320.0 -540.0 95 -178 317.94999999999993 194.19699999999995 54
3430.0 816.9709999999998 14 4290.0 -1160.0 140 -165 280.493 195.9379999999999 116
3165.0 943.4379999999996 17 3660.0 -545.0 86 -220 268.8179999999999 165.006 38
2550.0 845.3960000000002 17 3390.0 -950.0 86 -191 267.62299999999993 144.222 95
3090.0 854.4239999999998 14 4650.0 -1560.0 160 -201 250.22899999999993 178.96699999999998 228
4810.0 1150.8149999999996 20 5730.0 -1230.0 148 -256 342.96799999999996 252.33699999999993 123
3310.0 947.2259999999998 17 4980.0 -1670.0 152 -224 252.95599999999993 212.15299999999996 167
2530.0 881.4199999999997 16 3420.0 -1205.0 125 -207 231.39999999999998 163.81499999999994 152
2970.0 873.6999999999999 16 3840.0 -970.0 88 -184 289.49299999999994 182.25500000000002 97
3070.0 1044.7149999999992 19 3990.0 -1160.0 176 -260 257.38599999999997 176.09799999999993 171
3230.0 885.467 15 4110.0 -1470.0 134 -183 307.096 193.53299999999996 147
2530.0 854.7939999999999 13 3420.0 -910.0 82 -184 269.9909999999999 165.03599999999997 91
2960.0 945.2769999999999 15 4680.0 -1720.0 156 -203 327.23599999999993 191.26899999999992 172
1090.0 519.1099999999997 9 2010.0 -920.0 84 -114 165.00599999999994 94.27700000000002 92
2930.0 851.8979999999995 14 4110.0 -1180.0 150 -191 247.69199999999992 176.4969999999999 118
3760.0 914.268 17 5340.0 -1220.0 155 -209 276.28200000000004 190.14600000000002 122
2570.0 971.8439999999999 17 4020.0 -1450.0 177 -236 239.91899999999995 182.25099999999998 145
3570.0 894.6089999999999 18 4170.0 -880.0 110 -214 246.66 150.72299999999998 148
1150.0 580.2399999999998 8 2070.0 -920.0 84 -123 190.68900000000002 99.55000000000001 92
3095.0 887.7099999999998 18 3780.0 -1375.0 142 -215 243.94099999999997 155.484 206
3920.0 960.596 19 4290.0 -970.0 132 -217 274.976 165.106 97
2440.0 848.6849999999998 15 3360.0 -1240.0 113 -170 327.0539999999999 155.781 124
4850.0 1134.8249999999996 21 5640.0 -875.0 173 -253 357.5549999999999 232.048 96
3430.0 768.376 15 4350.0 -920.0 84 -174 226.26799999999994 194.46199999999996 92
2860.0 791.6220000000001 13 3960.0 -1100.0 121 -182 214.6649999999999 143.93299999999996 110
1950.0 439.40599999999984 7 1950.0 0.0 0 -109 104.047 85.44400000000002 0
2970.0 864.9929999999998 15 3780.0 -1200.0 109 -193 272.273 163.475 120
2520.0 756.4899999999996 14 3120.0 -695.0 96 -160 268.6429999999999 138.843 139
3050.0 901.6749999999997 15 3960.0 -910.0 83 -203 281.55199999999996 168.70600000000002 91
2520.0 967.8389999999999 16 3810.0 -1290.0 163 -217 306.80600000000004 168.246 129
3430.0 774.1209999999996 12 3990.0 -560.0 79 -156 301.82999999999987 160.15 112
3820.0 1079.1919999999996 17 5520.0 -1700.0 155 -252 298.791 237.11699999999985 170
2940.0 790.2289999999997 13 3840.0 -1125.0 113 -177 248.90200000000002 160.24399999999997 135
3465.0 914.5239999999999 18 4020.0 -670.0 91 -217 255.43299999999988 165.32599999999994 134
3650.0 869.9459999999998 15 4920.0 -820.0 75 -179 311.0229999999999 206.03700000000003 82
4310.0 885.029 16 4710.0 -850.0 124 -203 268.25999999999993 194.76299999999992 85
4275.0 782.8829999999999 15 4770.0 -815.0 148 -165 281.9569999999999 171.55299999999997 65
3360.0 947.7829999999994 17 5190.0 -1830.0 172 -225 282.67799999999994 192.32499999999996 183
2580.0 810.4689999999999 15 2970.0 -390.0 81 -183 260.83799999999997 126.90099999999998 39
2670.0 498.2729999999998 8 2670.0 0.0 0 -111 165.62699999999998 97.02499999999996 0
3190.0 907.4749999999996 16 4110.0 -920.0 84 -194 301.4749999999999 189.45 92
3340.0 923.4079999999997 16 3720.0 -380.0 79 -227 254.30299999999997 148.783 38
3650.0 1070.0929999999994 21 4560.0 -940.0 85 -255 292.4579999999999 193.40900000000002 94
1920.0 471.2729999999999 8 1920.0 0.0 0 -113 120.375 89.52400000000002 0
2410.0 918.7579999999998 16 3300.0 -1340.0 122 -216 267.36099999999993 137.37 223
3300.0 987.5429999999997 18 5010.0 -1710.0 155 -253 224.407 195.072 171
1820.0 842.1400000000001 15 3690.0 -1870.0 170 -215 195.093 152.265 187
1590.0 925.5129999999998 17 3420.0 -1830.0 167 -214 265.66799999999995 162.69299999999996 183
3130.0 947.5939999999999 17 4020.0 -1410.0 128 -208 302.71900000000005 172.10499999999996 141
3620.0 1017.0649999999998 17 4530.0 -910.0 83 -227 320.98999999999995 183.54599999999996 91
3740.0 964.1029999999998 17 4590.0 -1360.0 123 -209 328.6299999999998 186.52 136
3840.0 901.1769999999999 15 4440.0 -610.0 159 -201 307.2129999999999 158.11999999999998 54
3580.0 1004.7919999999999 18 4440.0 -990.0 170 -229 313.5169999999999 177.79099999999997 83
2500.0 702.2439999999999 12 3420.0 -1070.0 115 -160 209.457 148.96799999999993 107
2920.0 960.14 16 4560.0 -1640.0 149 -228 279.46400000000006 169.44800000000004 164
660.0 618.5899999999998 10 1590.0 -1150.0 105 -127 231.41999999999993 70.90699999999998 115
3390.0 1002.7589999999998 17 3780.0 -650.0 135 -207 365.7329999999999 162.64399999999995 65
3690.0 1005.2589999999999 18 4200.0 -995.0 141 -226 321.78299999999996 173.69899999999998 131
2540.0 870.7089999999998 16 3540.0 -910.0 83 -188 297.97299999999996 160.41599999999997 91
2300.0 889.1159999999998 17 3480.0 -1180.0 150 -205 240.97199999999995 166.98700000000002 118
3380.0 936.9929999999995 16 4080.0 -1020.0 110 -207 305.324 160.202 172
2870.0 1037.5500000000004 21 4560.0 -1850.0 168 -247 268.6889999999999 201.23299999999995 185
2790.0 929.0809999999998 17 3630.0 -840.0 76 -221 249.28899999999996 164.15999999999997 84
3075.0 906.7279999999998 17 4470.0 -1395.0 154 -214 262.36099999999993 184.13 195
2520.0 803.5469999999998 14 2880.0 -1230.0 154 -176 268.1139999999999 120.72800000000001 123
3110.0 907.7509999999995 16 3480.0 -410.0 80 -195 307.9929999999999 162.72799999999998 41
3980.0 983.6779999999999 19 4860.0 -880.0 80 -235 259.36100000000005 169.08399999999997 88
1920.0 556.8169999999998 8 1920.0 0.0 0 -128 152.076 91.64999999999998 0
4300.0 856.656 15 5160.0 -1340.0 122 -205 215.48799999999997 215.49599999999995 134
3675.0 942.9859999999995 15 4410.0 -825.0 93 -218 256.77899999999994 198.695 156
2730.0 873.0169999999998 16 3570.0 -1070.0 97 -185 286.02499999999986 170.26199999999997 107
3675.0 939.0319999999996 17 4230.0 -735.0 103 -213 258.743 199.80799999999996 147
4000.0 963.3469999999999 16 4920.0 -920.0 84 -199 313.83399999999983 230.00299999999993 92
2070.0 766.5559999999998 13 2970.0 -900.0 82 -169 253.92899999999995 134.116 90
3380.0 1030.019 18 4620.0 -1240.0 158 -234 335.25399999999996 185.50299999999996 124
2080.0 1057.6789999999999 18 3900.0 -1820.0 173 -246 293.25399999999996 189.38 182
2850.0 1110.1519999999998 22 4050.0 -1400.0 172 -269 313.972 163.51199999999994 140
3400.0 856.7469999999996 16 4260.0 -860.0 78 -186 265.551 191.83399999999995 86
2340.0 965.3129999999999 19 3540.0 -1210.0 154 -221 271.61799999999994 165.59499999999994 121
2370.0 881.9469999999999 16 3240.0 -1580.0 144 -188 281.8259999999999 153.363 158
1910.0 1126.966 21 3690.0 -1800.0 163 -261 326.31 166.24899999999997 180
4080.0 1034.4079999999994 17 4980.0 -1180.0 114 -230 343.73499999999984 200.247 146
3350.0 993.8570000000001 16 5160.0 -1810.0 169 -222 318.55799999999994 206.31999999999994 181
3820.0 996.7299999999999 18 4200.0 -380.0 79 -223 327.7579999999999 166.912 38
2760.0 893.9150000000002 16 3600.0 -1260.0 114 -199 289.166 147.49199999999996 126
3680.0 948.0249999999996 15 4560.0 -1120.0 102 -193 321.842 213.885 112
2860.0 811.4159999999997 13 3240.0 -1030.0 138 -178 253.31199999999987 158.38 103
960.0 376.4619999999999 7 960.0 0.0 0 -92 102.79399999999995 39.946999999999996 0
3745.0 1015.5910000000001 18 4320.0 -1415.0 157 -234 295.08799999999997 196.54499999999993 199
3970.0 790.52 13 4320.0 -760.0 109 -173 249.22099999999998 193.41400000000002 76
2900.0 601.771 9 3300.0 -400.0 83 -154 125.314 133.188 40
3740.0 818.4929999999997 16 4620.0 -950.0 86 -173 292.1399999999999 184.144 95
4400.0 1113.3579999999995 22 5130.0 -830.0 160 -269 305.5079999999999 207.65900000000002 83
3550.0 893.6879999999999 14 5220.0 -1670.0 152 -210 247.51899999999992 211.194 167
2470.0 1005.7349999999999 18 3720.0 -1250.0 159 -215 302.7819999999999 161.86999999999995 125
1210.0 657.7919999999997 10 2070.0 -860.0 78 -147 205.72199999999995 90.76299999999998 86
2440.0 932.4249999999996 17 3300.0 -990.0 96 -216 280.4849999999999 145.07099999999997 112
2680.0 871.3939999999999 17 3540.0 -1130.0 134 -202 242.83899999999994 163.79500000000002 113
3660.0 774.0249999999999 13 5280.0 -1620.0 147 -204 196.877 156.79299999999992 162
3630.0 914.3379999999999 17 4470.0 -840.0 76 -221 230.11899999999997 198.538 84
2470.0 898.5829999999999 16 3780.0 -1310.0 165 -213 270.80199999999996 142.76399999999998 131
3470.0 861.0009999999996 12 4380.0 -1520.0 138 -179 302.0819999999999 188.97199999999992 152
3590.0 839.0279999999999 15 3990.0 -470.0 89 -187 269.0009999999999 161.777 47
4210.0 1036.116 20 5100.0 -1520.0 138 -238 304.89899999999994 222.20599999999996 152
3950.0 1038.5929999999998 18 4740.0 -1000.0 107 -227 320.0449999999999 220.18299999999994 93
4280.0 940.4909999999999 16 4650.0 -370.0 77 -193 342.9429999999999 201.14599999999993 37
3205.0 966.9799999999997 18 4320.0 -1115.0 159 -253 236.4509999999999 153.08299999999997 221
3430.0 956.4599999999999 17 4320.0 -1525.0 155 -208 307.40599999999995 196.50699999999995 216
1910.0 753.4289999999999 14 2460.0 -550.0 77 -164 251.57699999999994 116.19799999999998 110
3655.0 947.8769999999997 17 4230.0 -585.0 81 -224 282.1739999999999 165.63899999999998 116
1830.0 899.683 14 3090.0 -1260.0 161 -201 286.18499999999995 124.40299999999998 126
2070.0 823.0599999999995 14 3240.0 -1170.0 149 -185 263.62699999999995 134.196 117
3380.0 872.0669999999997 15 4320.0 -1260.0 115 -202 266.72099999999995 168.59100000000004 126
2430.0 947.7359999999996 16 3330.0 -1150.0 134 -196 334.43499999999983 158.611 115
2960.0 877.1039999999995 16 3810.0 -850.0 77 -202 266.25999999999993 158.35199999999998 85
1760.0 766.0699999999999 13 2970.0 -1210.0 147 -179 242.78899999999993 102.80699999999999 121
2630.0 990.5859999999996 17 3810.0 -1310.0 178 -220 304.1099999999999 165.948 131
2730.0 827.1709999999998 15 4470.0 -1740.0 158 -214 180.39399999999995 178.34899999999996 174
3390.0 900.3129999999996 17 4260.0 -870.0 79 -213 240.73699999999997 163.429 87
3990.0 855.727 13 4530.0 -540.0 76 -204 231.24699999999993 182.60999999999993 108
3640.0 948.1509999999998 17 4530.0 -890.0 81 -217 284.199 195.71999999999994 89
3480.0 999.0799999999999 17 4320.0 -1200.0 108 -226 316.802 174.387 120
2980.0 874.5529999999999 15 3840.0 -980.0 89 -185 284.59999999999997 177.462 98
4910.0 1181.946 24 5280.0 -1150.0 148 -287 296.31799999999987 241.66999999999996 115
3230.0 957.9200000000001 18 4470.0 -1240.0 159 -228 255.81899999999993 196.97399999999996 124
4690.0 1133.793 20 5070.0 -940.0 130 -244 366.21299999999997 231.04299999999995 94
3955.0 1149.809 17 4860.0 -905.0 177 -263 304.3779999999998 235.05199999999996 84
2990.0 881.2959999999996 16 3780.0 -840.0 174 -201 269.93399999999997 160.03999999999996 84
3710.0 863.4949999999998 16 4620.0 -910.0 83 -192 270.82199999999995 185.95399999999995 91
3160.0 933.3969999999997 17 4020.0 -860.0 78 -200 317.06699999999995 174.20299999999995 86
2590.0 983.5779999999997 17 3510.0 -1265.0 132 -208 339.996 157.15 161
3980.0 898.6039999999997 16 4380.0 -710.0 111 -210 279.22 163.121 102
2450.0 945.6369999999998 16 4200.0 -1750.0 159 -218 276.54300000000006 178.22699999999998 175
3040.0 1031.5129999999997 16 3960.0 -920.0 84 -215 363.98599999999993 178.68 92
3010.0 1034.8559999999995 18 4830.0 -1820.0 166 -243 289.6499999999999 201.3919999999999 182
4050.0 972.025 17 4410.0 -360.0 75 -217 281.15099999999995 181.27199999999993 36
2790.0 557.9949999999998 12 2790.0 -280.0 25 -112 204.15 125.22599999999998 28
2840.0 1035.083 18 4560.0 -1720.0 156 -240 306.8629999999999 191.40199999999996 172
4410.0 862.5039999999996 17 4770.0 -400.0 79 -204 254.58999999999995 181.17599999999996 44
2965.0 902.942 15 4200.0 -1235.0 156 -209 254.73800000000003 185.68 204
2920.0 895.3789999999998 15 3840.0 -1780.0 162 -198 286.5559999999999 167.265 178
1810.0 950.3439999999996 19 3540.0 -1950.0 177 -216 280.30299999999994 167.81199999999995 195
3500.0 879.2459999999996 16 4440.0 -1070.0 169 -202 250.93599999999998 199.42499999999995 162
3270.0 968.0689999999997 19 4110.0 -1280.0 116 -220 291.668 180.15099999999993 128
2270.0 862.0799999999996 13 3570.0 -1300.0 164 -193 283.4579999999999 134.08599999999998 130
3030.0 1110.9549999999997 21 3930.0 -1040.0 94 -246 360.5389999999999 178.28399999999993 104
2190.0 1212.4159999999995 22 3420.0 -1260.0 156 -271 385.17199999999997 165.92899999999997 125
5930.0 1110.1289999999997 18 6330.0 -400.0 83 -246 331.97299999999996 291.42900000000003 40
2710.0 803.6020000000001 13 3120.0 -410.0 85 -169 284.91900000000004 131.243 41
2500.0 954.3949999999999 17 3420.0 -920.0 84 -215 305.71700000000004 148.509 92
4730.0 995.7779999999998 16 5580.0 -1650.0 150 -225 301.24899999999997 217.21999999999997 165
2720.0 967.8049999999994 17 3600.0 -1090.0 99 -201 352.1139999999999 167.47899999999998 109
4820.0 905.7159999999998 17 5220.0 -960.0 148 -216 238.22099999999995 170.61599999999993 152
2860.0 667.4999999999998 12 3720.0 -950.0 86 -137 248.8369999999999 154.32099999999994 95
3570.0 915.0779999999999 16 4260.0 -800.0 90 -201 282.572 192.01 149
2980.0 886.1959999999998 17 3870.0 -1170.0 106 -190 291.361 176.01800000000003 117
2890.0 1071.4469999999994 18 4260.0 -1370.0 168 -238 342.295 188.05299999999997 137
5190.0 1159.5070000000003 20 6090.0 -1330.0 121 -236 406.57799999999986 287.564 133
5180.0 1019.0909999999999 19 6030.0 -850.0 77 -253 272.601 218.20799999999997 85
4070.0 1003.8099999999998 17 4890.0 -820.0 75 -243 256.28899999999993 212.82999999999993 82
1950.0 457.823 8 1950.0 0.0 0 -105 137.41599999999997 86.42899999999997 0
2310.0 851.4350000000001 14 2910.0 -760.0 99 -177 311.10699999999997 127.69599999999998 136
2495.0 860.1129999999997 16 3900.0 -1405.0 163 -226 203.16199999999998 144.394 127
2810.0 1063.3829999999998 19 4080.0 -1270.0 158 -260 270.9309999999999 183.018 127
2740.0 793.2499999999997 15 3600.0 -1560.0 142 -178 240.73399999999995 162.61299999999997 156
4370.0 1030.5939999999996 19 5640.0 -1270.0 159 -232 321.002 223.81299999999993 127
4010.0 979.9789999999996 18 4920.0 -1075.0 98 -218 311.45699999999994 201.36899999999997 124
3240.0 866.7709999999996 15 3840.0 -600.0 85 -193 288.11599999999993 159.504 120
3760.0 1047.6269999999993 18 4530.0 -770.0 160 -230 333.4209999999999 201.71899999999997 77
2530.0 820.0409999999999 15 3450.0 -920.0 84 -204 205.42000000000002 145.48199999999994 92
3150.0 1055.4889999999996 16 4410.0 -1260.0 161 -229 338.126 205.678 126
3580.0 992.3779999999997 18 4440.0 -1125.0 108 -231 277.35599999999994 193.74699999999993 139
3020.0 1030.4739999999997 20 3900.0 -880.0 80 -245 287.335 171.039 88
2640.0 878.8919999999999 15 3540.0 -1180.0 140 -191 307.54100000000005 145.366 118
1740.0 888.904 14 3000.0 -1260.0 159 -212 250.492 124.96099999999996 126
1740.0 469.4069999999999 8 1740.0 0.0 0 -111 132.92 71.115 0
1860.0 865.8829999999999 15 2730.0 -870.0 79 -202 256.996 126.57299999999998 87
1780.0 758.9379999999999 14 2640.0 -1110.0 100 -177 229.769 105.29899999999999 197
3560.0 957.3779999999996 15 4950.0 -1390.0 163 -225 255.45999999999992 210.13099999999994 123
4450.0 1001.2369999999997 18 5370.0 -975.0 91 -210 348.24499999999983 234.41299999999998 103
3640.0 891.5879999999999 17 4530.0 -995.0 95 -211 247.49699999999999 191.89700000000005 110
3810.0 857.424 16 4200.0 -770.0 115 -195 253.505 181.58499999999995 77
3430.0 984.8679999999997 17 3840.0 -530.0 96 -231 268.087 174.18300000000002 53
3440.0 1066.5319999999997 21 4770.0 -1240.0 159 -242 346.0009999999999 199.79100000000003 124
2350.0 792.3079999999995 15 3630.0 -1280.0 160 -191 197.9149999999999 137.32499999999996 128
2960.0 880.2259999999998 16 3810.0 -1180.0 145 -201 261.90099999999995 166.73299999999998 118
3960.0 606.5879999999999 11 3960.0 0.0 0 -116 235.18499999999997 168.23999999999992 0
1560.0 497.4349999999999 8 1560.0 0.0 0 -113 160.85199999999998 62.557 0
2270.0 1143.6319999999998 19 4020.0 -1750.0 164 -269 308.8749999999999 190.21999999999994 175
3230.0 966.6799999999998 16 4920.0 -1690.0 154 -238 251.43800000000005 196.242 169
3170.0 994.8539999999996 18 4410.0 -1240.0 153 -228 305.62199999999996 179.631 124
3120.0 1006.5579999999999 19 4350.0 -1230.0 154 -248 250.43999999999997 187.51600000000002 123
4080.0 973.1869999999997 17 4980.0 -1340.0 122 -202 338.1259999999999 218.88699999999997 134
3335.0 1090.7279999999998 20 4620.0 -1285.0 161 -266 282.678 189.37899999999996 134
3450.0 778.1849999999995 13 4320.0 -1560.0 142 -173 255.5869999999999 173.77699999999993 156
3300.0 921.6869999999997 16 4230.0 -1170.0 113 -206 285.9679999999999 180.54399999999998 141
4620.0 898.0109999999999 16 5220.0 -600.0 85 -198 279.20500000000004 221.90399999999988 120
3420.0 1089.1499999999999 19 4680.0 -1260.0 159 -264 281.257 203.44899999999998 126
2900.0 953.2629999999998 16 3720.0 -820.0 75 -205 305.60999999999996 176.32399999999996 82
4050.0 910.3309999999997 14 4950.0 -900.0 170 -225 245.2629999999999 171.30799999999994 90
2010.0 545.0839999999997 10 2010.0 0.0 0 -123 172.3889999999999 89.527 0
3840.0 966.9970000000001 17 4200.0 -360.0 75 -203 322.1169999999999 198.182 36
2610.0 926.7700000000001 15 3840.0 -1230.0 157 -222 288.0879999999999 122.382 123
4140.0 1114.6839999999997 18 4920.0 -780.0 162 -250 361.90199999999993 201.40099999999993 78
3295.0 962.9069999999998 17 4680.0 -1385.0 163 -226 248.42000000000002 218.15100000000004 122
2765.0 957.2399999999996 17 4260.0 -1495.0 165 -218 285.0669999999999 195.393 207
3510.0 993.0189999999997 17 4410.0 -900.0 82 -222 289.4609999999999 203.49899999999997 90
1590.0 895.5849999999996 17 3300.0 -1840.0 166 -200 278.5709999999999 144.18699999999998 184
2440.0 818.5399999999996 14 3660.0 -1220.0 153 -193 230.20299999999992 160.25499999999997 122
3900.0 962.9349999999997 17 4680.0 -860.0 169 -215 302.43699999999995 192.67400000000004 86
2610.0 860.3199999999999 16 3480.0 -1350.0 123 -205 225.793 159.13399999999996 135
3380.0 1039.9250000000002 17 5010.0 -1630.0 148 -231 304.13599999999997 226.91499999999994 163
2000.0 870.3829999999996 17 3600.0 -1600.0 163 -211 234.91999999999996 155.516 229
2740.0 1102.2289999999991 19 4110.0 -1280.0 161 -248 340.25699999999995 179.82300000000004 128
3210.0 989.6189999999999 18 4050.0 -840.0 76 -230 278.5589999999999 185.76399999999995 84
3600.0 1003.3719999999997 17 5280.0 -1680.0 153 -242 264.954 220.65999999999997 168
2250.0 920.9870000000002 17 3090.0 -1740.0 158 -205 291.34599999999995 131.762 174
5970.0 950.491 16 6840.0 -975.0 88 -197 312.70699999999994 286.797 108
2450.0 849.0139999999998 15 3360.0 -940.0 89 -178 297.13599999999997 123.22699999999996 94
2490.0 847.6079999999998 15 3330.0 -1380.0 139 -188 270.42 148.23399999999998 192
2040.0 415.96499999999986 7 2040.0 0.0 0 -88 124.71199999999996 99.43299999999996 0
3470.0 951.3389999999997 19 4170.0 -870.0 116 -213 300.76199999999994 173.975 157
3310.0 995.8279999999995 17 4200.0 -1050.0 95 -206 360.7939999999998 180.8429999999999 105
2780.0 792.7129999999999 14 3630.0 -1165.0 121 -170 260.531 164.58499999999995 148
2310.0 508.9629999999999 9 2310.0 0.0 0 -111 167.063 102.39399999999996 0
5260.0 1040.9109999999994 19 6030.0 -820.0 164 -237 299.23699999999997 264.0179999999999 82
3560.0 1083.58 20 4470.0 -1150.0 105 -253 297.963 204.018 115
3850.0 884.7879999999997 16 4230.0 -605.0 110 -207 248.04199999999997 181.374 83
3210.0 513.4579999999999 7 3210.0 0.0 0 -95 211.11799999999994 136.03000000000003 0
2040.0 891.4489999999998 16 3840.0 -1800.0 164 -232 187.69899999999998 169.67699999999996 180
2820.0 522.3699999999998 8 2820.0 0.0 0 -111 183.60299999999995 113.82399999999998 0
2870.0 917.6529999999998 17 3720.0 -850.0 77 -198 310.69599999999997 161.61699999999996 85
1610.0 814.7519999999997 13 3210.0 -1750.0 159 -177 270.256 137.68599999999995 175
2820.0 899.6129999999998 17 3630.0 -900.0 82 -177 334.43699999999995 174.27999999999994 90
1830.0 957.0409999999996 19 3330.0 -1500.0 166 -238 235.22799999999995 156.24599999999998 209
3570.0 1011.1809999999997 19 4020.0 -805.0 125 -225 290.9279999999999 202.67299999999994 101
1840.0 624.1989999999998 12 2430.0 -900.0 111 -129 216.54899999999995 110.257 149
1950.0 452.07299999999987 8 1950.0 0.0 0 -111 136.92699999999996 63.443999999999996 0
2190.0 561.8279999999999 11 2190.0 0.0 0 -142 128.96099999999998 97.445 0
2800.0 966.1249999999995 17 4140.0 -1340.0 158 -211 304.83 188.8329999999999 118
2860.0 747.2609999999999 14 3780.0 -1130.0 103 -172 234.63400000000001 147.327 113
2280.0 655.9099999999996 11 3210.0 -930.0 85 -148 179.88599999999997 153.94899999999996 93
2490.0 1083.8299999999997 21 4230.0 -1740.0 158 -251 302.366 197.93599999999998 174
2570.0 914.0339999999998 15 3450.0 -880.0 80 -194 324.7349999999999 146.688 88
2210.0 973.6639999999995 18 3510.0 -1300.0 160 -222 277.47600000000006 163.784 130
4220.0 892.9169999999999 15 4620.0 -1080.0 145 -195 290.639 186.82899999999992 108
3840.0 982.1959999999998 15 5100.0 -1260.0 157 -218 310.585 208.51299999999992 126
2990.0 1060.7730000000001 19 3840.0 -1255.0 134 -255 287.1039999999999 167.06399999999996 166
3930.0 978.4449999999997 18 4800.0 -1220.0 151 -215 326.3799999999998 191.14099999999996 122
2260.0 916.8109999999998 16 3480.0 -1300.0 162 -204 292.882 141.38 130
3060.0 884.7479999999996 16 3600.0 -770.0 123 -194 307.46 151.42799999999997 131
2720.0 839.979 14 3120.0 -400.0 83 -179 284.388 145.35299999999998 40
4110.0 900.4259999999996 15 4500.0 -1030.0 139 -194 307.66399999999993 180.56799999999996 103
3890.0 930.9079999999998 16 4800.0 -1030.0 103 -198 323.13999999999993 201.48799999999997 99
5120.0 1150.7149999999992 23 5490.0 -1210.0 153 -246 367.24699999999984 255.23299999999992 121
2640.0 479.782 8 2640.0 0.0 0 -108 133.464 122.94 0
4080.0 1036.5249999999996 18 4950.0 -1010.0 91 -246 279.165 204.98099999999997 188
3490.0 932.996 17 4380.0 -1510.0 137 -217 303.67799999999994 160.175 151
2570.0 778.3129999999998 12 3480.0 -1020.0 93 -149 321.9859999999999 145.15599999999998 102
3930.0 924.5439999999998 17 4290.0 -520.0 93 -208 290.942 177.76199999999997 68
2540.0 931.6780000000001 16 3390.0 -850.0 157 -194 336.847 155.951 69
2700.0 544.358 10 2700.0 0.0 0 -127 142.82 120.56399999999998 0
4530.0 919.2919999999999 15 4890.0 -1200.0 151 -199 298.88199999999983 206.903 120
4020.0 1206.9929999999997 23 5430.0 -1410.0 170 -280 340.9989999999999 238.8219999999999 141
2710.0 860.0059999999999 16 3630.0 -920.0 84 -200 253.087 159.249 92
3980.0 1026.8219999999997 18 4890.0 -1140.0 104 -213 336.0939999999998 238.70199999999994 114
2390.0 838.823 16 3330.0 -1230.0 112 -187 274.97799999999995 137.68400000000003 123
2410.0 944.5069999999996 17 3330.0 -1660.0 151 -207 321.86499999999995 139.11499999999998 166
4350.0 1017.154 18 4860.0 -810.0 112 -222 307.148 225.396 64
3360.0 979.6129999999996 17 3930.0 -700.0 91 -215 299.38 182.77599999999995 127
3590.0 960.8079999999997 18 4500.0 -1130.0 103 -216 298.1569999999999 200.59 113
2630.0 913.7659999999995 17 3810.0 -1390.0 170 -211 268.092 170.957 139
3760.0 947.367 17 4680.0 -1180.0 107 -204 324.40200000000004 189.56699999999992 118
3040.0 990.0829999999995 20 3630.0 -1340.0 151 -219 326.3699999999999 168.26300000000003 193
2890.0 978.6889999999996 18 3750.0 -1230.0 111 -201 357.74699999999984 175.54299999999995 123
4690.0 954.8299999999998 17 5100.0 -1130.0 150 -230 268.0909999999999 199.84599999999998 113
2900.0 987.5339999999999 19 4200.0 -1300.0 150 -243 241.35799999999995 173.23899999999998 116
2900.0 890.5409999999998 16 4620.0 -1720.0 157 -198 268.858 205.364 172
3730.0 965.704 16 4650.0 -920.0 84 -240 259.22299999999996 172.289 92
3030.0 865.7039999999998 15 3900.0 -1690.0 154 -200 242.3129999999999 173.81499999999997 169
3650.0 1011.8729999999998 18 5130.0 -760.0 157 -226 309.30400000000003 209.812 76
2760.0 876.2549999999999 15 3690.0 -1480.0 135 -209 219.89099999999993 171.811 148
2140.0 779.362 14 3030.0 -980.0 89 -159 280.67099999999994 142.28199999999998 98
3280.0 882.466 17 4140.0 -1500.0 152 -197 284.819 164.90899999999996 214
2910.0 602.6920000000001 10 3510.0 -650.0 89 -125 186.98199999999997 162.101 125
4650.0 1139.5460000000005 19 5910.0 -1260.0 160 -255 328.11099999999993 269.712 126
3760.0 903.4649999999999 15 4140.0 -690.0 107 -183 343.1439999999999 172.05300000000003 69
4420.0 927.1569999999998 16 5340.0 -955.0 88 -193 338.027 208.814 99
2130.0 981.3379999999997 16 3390.0 -1270.0 162 -221 294.4829999999999 147.47099999999998 127
2640.0 827.0199999999998 15 3540.0 -1170.0 138 -189 254.06699999999995 144.88699999999997 117
1830.0 657.3659999999999 11 2520.0 -690.0 80 -133 240.11299999999994 111.91 138
2990.0 937.1439999999999 17 4140.0 -1150.0 147 -234 215.40499999999994 185.70899999999997 115
2380.0 1144.375 22 4110.0 -1960.0 178 -278 303.6699999999999 174.402 196
2160.0 943.7739999999997 17 3450.0 -1290.0 161 -213 292.463 149.679 129
2730.0 882.0560000000002 16 3600.0 -975.0 88 -182 307.91399999999993 164.15499999999997 108
5210.0 1012.4989999999995 18 6030.0 -1370.0 125 -243 277.292 238.78499999999994 137
1930.0 919.2630000000001 16 3630.0 -1710.0 155 -207 278.6919999999999 164.65899999999993 171
3570.0 1118.6099999999997 20 4410.0 -840.0 76 -237 371.13199999999983 202.363 84
4010.0 841.877 15 4890.0 -1045.0 107 -185 260.612 209.08099999999993 99
3730.0 1011.9079999999997 18 4470.0 -740.0 154 -219 324.00399999999996 205.60799999999998 74
1800.0 552.184 9 2400.0 -600.0 85 -132 151.474 102.00699999999999 120
3625.0 892.8869999999998 16 4200.0 -1295.0 146 -215 248.39400000000006 162.065 187
3060.0 854.8159999999996 16 3900.0 -985.0 96 -185 295.67799999999994 162.28899999999996 113
2930.0 980.1359999999997 19 3840.0 -970.0 88 -231 289.66299999999995 150.401 97
2160.0 376.8389999999998 5 2160.0 0.0 0 -95 80.47799999999998 90.42 0
2220.0 885.5069999999998 17 4020.0 -1800.0 164 -220 213.54499999999993 168.806 180
4150.0 1006.4479999999999 17 5070.0 -1600.0 146 -218 305.7329999999999 233.88199999999992 160
2690.0 992.8959999999996 19 3570.0 -1130.0 102 -223 288.1929999999999 184.82899999999995 113
3730.0 875.9489999999997 16 4590.0 -1100.0 100 -200 250.72599999999997 200.89399999999998 110
3950.0 991.7349999999997 18 5340.0 -1390.0 165 -243 237.47299999999996 184.72599999999997 139
3200.0 908.891 18 4080.0 -1070.0 97 -223 249.301 156.14499999999998 107
3230.0 887.3069999999997 16 4140.0 -1040.0 94 -210 250.14800000000002 173.386 104
4580.0 968.3839999999999 17 4950.0 -950.0 130 -212 311.3019999999999 215.75699999999998 95
2500.0 954.9389999999996 18 4230.0 -1820.0 165 -232 262.619 168.57899999999995 182
2070.0 451.51899999999995 9 2070.0 0.0 0 -102 140.20299999999997 88.474 0
5690.0 923.1329999999997 16 6510.0 -1380.0 126 -216 261.0849999999999 230.98200000000003 138
3090.0 957.6099999999998 17 3990.0 -1090.0 99 -214 300.0659999999999 169.96300000000002 109
2740.0 926.6920000000001 18 3630.0 -995.0 95 -206 298.67999999999995 166.32299999999998 199
2800.0 981.9679999999996 17 3690.0 -1090.0 122 -199 348.39399999999995 178.86599999999996 109
2670.0 810.4970000000001 14 3060.0 -390.0 81 -194 218.79799999999994 133.13 39
1690.0 965.2819999999997 18 3480.0 -1790.0 163 -214 307.1509999999999 167.80399999999997 179
2570.0 898.1089999999997 16 3480.0 -910.0 83 -209 250.031 162.89499999999995 91
4380.0 953.1059999999998 16 4770.0 -705.0 125 -192 349.83899999999994 213.10899999999992 102
4360.0 1269.2579999999991 22 5520.0 -1160.0 149 -304 322.6869999999999 254.47399999999996 116
1510.0 802.0779999999997 14 2790.0 -1280.0 159 -185 254.02299999999997 116.23599999999998 128
2930.0 990.6509999999996 19 3810.0 -1160.0 105 -218 324.2539999999999 168.313 116
2940.0 902.5029999999996 17 3840.0 -1030.0 93 -206 261.667 173.95499999999996 103
2420.0 818.2339999999998 14 3330.0 -910.0 83 -175 280.66499999999996 141.01199999999997 91
2210.0 851.4689999999997 15 3960.0 -1750.0 159 -191 247.00199999999995 171.26299999999998 175
3410.0 851.8259999999997 14 4320.0 -910.0 83 -185 263.33399999999995 200.27499999999995 91
2910.0 502.4059999999998 9 2910.0 0.0 0 -117 157.50399999999993 118.26999999999998 0
2610.0 911.8729999999997 17 3540.0 -1240.0 113 -203 282.7669999999999 164.694 155
4070.0 827.4240000000001 14 4980.0 -1140.0 104 -173 294.52499999999986 206.65899999999993 114
2710.0 1009.3439999999997 17 3990.0 -1280.0 162 -224 317.4949999999999 174.65400000000002 128
3220.0 957.4010000000002 15 4140.0 -1060.0 96 -214 306.48 175.22899999999996 106
2670.0 883.8949999999999 17 3540.0 -1220.0 111 -206 251.24699999999996 127.05099999999996 122
3260.0 941.623 17 4170.0 -1400.0 127 -202 306.97300000000007 191.795 140
3030.0 892.769 16 3930.0 -1280.0 161 -202 278.4359999999999 168.15599999999998 128
2910.0 887.5979999999998 16 3720.0 -810.0 74 -179 331.1839999999999 162.28699999999995 81
3200.0 914.8959999999997 18 3750.0 -790.0 99 -203 317.162 141.66899999999993 134
2115.0 645.4879999999999 12 2850.0 -735.0 107 -150 190.51299999999998 121.43099999999998 129
3640.0 989.3799999999998 18 4530.0 -1330.0 132 -234 258.89500000000004 202.581 177
1880.0 892.8349999999996 15 3180.0 -1300.0 163 -208 255.74099999999999 149.19299999999998 130
1350.0 450.9689999999998 7 1350.0 0.0 0 -105 135.988 62.687000000000005 0
2510.0 999.7969999999996 19 3360.0 -1650.0 150 -217 325.91499999999996 154.10799999999992 165
2570.0 886.2869999999995 15 3870.0 -1300.0 165 -196 293.258 160.624 130
2880.0 567.9359999999999 10 2880.0 -195.0 27 -116 208.84199999999996 124.147 39
2540.0 720.5590000000002 13 3450.0 -910.0 83 -165 225.61499999999995 134.91799999999998 91
3820.0 1264.7570000000003 22 5040.0 -1280.0 161 -299 340.5859999999999 226.46799999999996 128
3680.0 1140.6979999999996 22 4920.0 -1240.0 155 -270 310.61099999999993 224.329 124
1410.0 399.9029999999999 7 1410.0 0.0 0 -102 88.59199999999997 64.08699999999997 0
3470.0 958.9559999999997 17 4380.0 -910.0 83 -218 287.7989999999999 185.14600000000004 91
3860.0 893.2620000000002 16 4680.0 -820.0 75 -204 260.54299999999995 202.508 82
2040.0 1125.5449999999994 22 3810.0 -1840.0 175 -263 303.287 185.66 184
3520.0 972.9589999999995 17 4410.0 -970.0 97 -207 336.03999999999985 182.22999999999996 97
2990.0 797.3959999999997 12 3870.0 -880.0 80 -178 246.15999999999994 157.13999999999993 88
3850.0 973.8859999999999 17 4740.0 -1760.0 160 -226 280.984 194.417 176
4315.0 1153.7399999999996 21 4860.0 -545.0 145 -263 356.866 198.87999999999997 48
3260.0 1013.6779999999999 19 3630.0 -780.0 124 -223 317.025 175.843 119
1920.0 467.80199999999996 8 1920.0 0.0 0 -116 111.44399999999999 81.362 0
2700.0 828.2649999999996 14 3090.0 -390.0 81 -179 279.86599999999993 133.089 39
2100.0 899.1269999999996 17 3330.0 -1230.0 154 -213 247.72499999999994 139.57199999999997 123
3570.0 968.924 17 4440.0 -870.0 79 -224 277.008 199.63199999999998 87
4050.0 990.9009999999996 17 5880.0 -1830.0 166 -244 272.52099999999996 210.24899999999997 183
4770.0 1043.2889999999993 18 5580.0 -1170.0 149 -218 345.88599999999997 256.66299999999995 117
3460.0 930.9089999999998 18 4770.0 -1310.0 162 -210 282.09499999999997 203.643 131
2710.0 1006.2729999999998 20 3630.0 -1145.0 121 -226 307.44199999999984 176.77099999999993 107
3550.0 893.4069999999995 16 4440.0 -920.0 85 -194 276.9059999999999 204.37299999999993 95
2330.0 747.491 12 3630.0 -1300.0 145 -174 200.16899999999998 159.747 184
1680.0 431.89899999999983 9 1680.0 0.0 0 -100 134.01999999999998 72.68699999999998 0
2120.0 756.04 14 3030.0 -970.0 90 -176 217.2879999999999 136.12899999999996 103
3910.0 1115.845 21 4830.0 -1580.0 144 -264 315.36099999999993 206.05999999999992 224
2870.0 815.001 14 4080.0 -1210.0 156 -182 214.236 203.118 121
5450.0 991.9820000000001 18 6300.0 -1000.0 90 -224 325.5 225.03899999999996 100
3820.0 1068.966 20 5040.0 -1290.0 168 -260 300.881 183.54099999999994 129
3330.0 930.4929999999994 18 4200.0 -940.0 85 -209 278.567 190.57299999999995 94
2840.0 846.1319999999997 13 4560.0 -1720.0 156 -205 218.77 189.58499999999995 172
4010.0 864.0139999999998 14 5310.0 -1300.0 165 -226 226.20299999999997 161.383 130
4750.0 898.5009999999995 17 5610.0 -1120.0 101 -214 261.51599999999996 204.40999999999994 112
2440.0 926.3499999999999 16 3750.0 -1310.0 165 -206 299.73699999999985 161.26099999999997 131
2150.0 543.0529999999998 8 2550.0 -400.0 83 -117 165.13999999999996 123.475 40
1845.0 970.0389999999995 17 3630.0 -1785.0 164 -226 280.127 164.98699999999997 183
3730.0 1056.7859999999996 19 4290.0 -700.0 91 -239 319.90799999999996 191.808 126
3980.0 1022.7299999999998 15 5250.0 -1400.0 171 -241 269.679 214.824 140
3130.0 924.4349999999996 16 3990.0 -1630.0 148 -232 212.081 176.17099999999994 163
4670.0 1162.3120000000001 20 5070.0 -1170.0 153 -263 343.89799999999985 235.974 117
3080.0 937.5269999999997 16 3960.0 -880.0 80 -203 312.8689999999999 174.203 88
2880.0 905.0240000000001 17 3780.0 -900.0 82 -208 263.56199999999995 169.57499999999996 90
2950.0 771.1889999999999 13 3330.0 -380.0 79 -186 215.86299999999994 129.10099999999994 38
4610.0 989.8959999999998 17 4980.0 -750.0 156 -226 306.08199999999994 196.751 75
2820.0 890.3259999999997 17 3210.0 -390.0 81 -215 242.39799999999997 133.36700000000002 39
3660.0 997.0649999999998 19 4560.0 -1150.0 104 -215 322.909 202.55599999999998 115
1560.0 856.958 15 3300.0 -1740.0 158 -199 258.55 141.123 174
2150.0 810.5369999999994 15 3060.0 -1000.0 91 -173 275.0519999999999 138.18499999999997 100
1990.0 930.1529999999995 18 3780.0 -1890.0 172 -229 237.108 165.21899999999997 189
1940.0 935.2619999999996 16 3690.0 -1900.0 172 -200 315.55499999999995 164.285 190
2050.0 973.2819999999997 19 3750.0 -1700.0 155 -225 282.788 171.70899999999995 170
2310.0 574.8239999999997 9 2310.0 0.0 0 -125 188.92899999999992 106.69499999999996 0
4430.0 905.8709999999999 17 5340.0 -1810.0 165 -219 248.14500000000004 214.05999999999995 181
3360.0 481.3569999999999 8 3360.0 0.0 0 -99 204.31499999999994 103.49299999999998 0
4950.0 927.7489999999999 17 5820.0 -900.0 81 -204 324.975 212.48999999999998 90
1920.0 892.971 15 3720.0 -1800.0 164 -211 260.28499999999997 145.19399999999996 180
2260.0 925.7299999999998 15 3510.0 -1250.0 160 -208 287.989 154.97099999999998 125
2580.0 913.4329999999995 15 4350.0 -1770.0 161 -205 284.98299999999995 185.684 177
3490.0 838.9579999999999 14 4410.0 -1400.0 128 -202 211.81099999999998 186.57399999999998 140
2640.0 862.7349999999998 15 3540.0 -945.0 87 -168 323.7679999999999 163.376 99
1560.0 434.6279999999999 9 1560.0 0.0 0 -111 100.37499999999999 70.596 0
3900.0 1042.2189999999998 19 4740.0 -1050.0 95 -216 369.3650000000001 209.95899999999995 105
4230.0 1007.8419999999998 16 5490.0 -1260.0 155 -231 286.0959999999999 236.37600000000003 126
3780.0 911.8609999999998 17 4170.0 -640.0 103 -188 305.35499999999985 197.07899999999995 64
4340.0 1178.956 22 5250.0 -1740.0 159 -273 341.65099999999984 226.07299999999998 174
3750.0 985.827 17 4110.0 -360.0 75 -213 308.1089999999999 193.81499999999994 36
2070.0 876.4279999999998 18 3750.0 -1800.0 164 -210 254.779 141.66499999999996 180
3380.0 974.6679999999996 18 4230.0 -1480.0 134 -212 311.6959999999999 196.50399999999996 148
3690.0 1051.01 18 4500.0 -1375.0 125 -240 304.35199999999986 204.25499999999997 194
4430.0 996.377 18 4830.0 -790.0 118 -214 334.07699999999994 202.54300000000003 79
3930.0 948.9179999999997 17 4290.0 -480.0 86 -200 331.07099999999997 192.49199999999996 48
3100.0 783.0749999999998 14 4020.0 -1120.0 102 -173 251.25599999999994 172.28499999999997 112
2630.0 860.702 16 3480.0 -850.0 77 -210 252.33599999999998 128.733 85
2120.0 835.3739999999998 15 3060.0 -1030.0 94 -186 266.1189999999999 130.44899999999998 103
2150.0 848.5459999999998 15 3840.0 -1690.0 153 -206 226.33599999999996 156.00199999999992 169
4440.0 1035.6419999999994 15 5370.0 -990.0 90 -197 388.9909999999999 253.00499999999997 99
3690.0 1134.4409999999998 19 4980.0 -1290.0 161 -246 402.96799999999973 201.88199999999998 129
1810.0 917.8519999999996 16 3120.0 -1310.0 153 -212 279.81999999999994 129.024 116
2130.0 968.5549999999998 17 3360.0 -1230.0 157 -215 317.3729999999999 145.76899999999995 123
4270.0 969.3559999999997 16 5190.0 -1010.0 102 -209 304.814 227.803 101
1300.0 934.0769999999997 19 3030.0 -1860.0 168 -224 250.44799999999998 132.34299999999996 186
3480.0 866.6959999999997 16 4380.0 -1350.0 123 -197 248.85599999999997 192.20099999999994 135
6540.0 997.0390000000001 18 6900.0 -650.0 116 -223 292.3039999999999 271.1289999999999 94
1600.0 655.4039999999999 12 2520.0 -1040.0 95 -145 225.74299999999997 97.97099999999998 104
2500.0 838.5169999999999 15 3420.0 -1050.0 102 -189 270.5799999999999 137.71300000000002 118
2800.0 924.6739999999999 16 3720.0 -990.0 90 -195 326.07099999999986 166.86300000000003 99
3540.0 975.1259999999997 19 3930.0 -1230.0 157 -225 288.87999999999994 173.40000000000003 123
2960.0 912.4769999999995 16 3810.0 -1290.0 117 -208 294.37499999999994 154.36999999999995 129
3390.0 789.8059999999998 16 4320.0 -1410.0 129 -191 192.24699999999999 192.52099999999996 141
1890.0 865.8449999999999 16 3720.0 -1830.0 172 -208 234.08399999999992 157.008 183
3170.0 978.8809999999996 17 4080.0 -1140.0 104 -215 324.82399999999996 171.356 114
4730.0 953.3449999999999 17 5130.0 -1110.0 148 -203 324.71799999999996 217.71 111
3280.0 852.5099999999996 15 4200.0 -920.0 84 -215 205.03899999999993 137.49099999999999 92
2260.0 899.862 17 3180.0 -920.0 84 -222 224.91899999999995 151.85999999999996 92
2740.0 812.0169999999997 15 3600.0 -1620.0 147 -180 285.335 123.66499999999999 162
3770.0 1079.6649999999997 19 4560.0 -860.0 78 -226 383.2999999999999 201.46699999999996 86
2670.0 923.9609999999997 17 3540.0 -1730.0 157 -206 291.251 157.114 173
3400.0 862.737 14 3750.0 -350.0 72 -174 327.56499999999994 156.504 35
1720.0 792.8159999999998 14 2910.0 -1190.0 146 -187 237.1899999999999 114.83099999999999 119
3140.0 1009.9689999999996 18 3510.0 -370.0 77 -230 304.17199999999997 162.63099999999994 37
3760.0 995.6849999999998 20 4680.0 -1620.0 148 -225 309.1829999999999 192.74999999999997 162
3290.0 817.7139999999996 15 3690.0 -1230.0 159 -191 233.63199999999992 140.55399999999997 123
3290.0 883.4819999999999 18 3690.0 -680.0 108 -198 268.6819999999999 170.75299999999996 68
3910.0 1020.1509999999998 18 5160.0 -1250.0 156 -244 255.49599999999998 232.79499999999993 125
3420.0 1030.1809999999998 19 4590.0 -1200.0 153 -256 261.197 183.45399999999998 123
3560.0 886.1489999999994 15 4440.0 -880.0 80 -195 286.4649999999999 195.72899999999996 88
2420.0 776.5419999999996 14 3270.0 -850.0 77 -165 267.859 141.247 85
4000.0 962.6599999999997 18 4890.0 -1150.0 104 -216 299.158 208.411 115
2840.0 904.7459999999999 18 3690.0 -1640.0 149 -207 283.18899999999996 142.07399999999998 164
2745.0 956.2199999999998 18 3210.0 -700.0 110 -211 318.24099999999993 141.74099999999999 78
2780.0 783.1939999999998 16 3150.0 -960.0 131 -199 202.60399999999998 122.48099999999997 96
2560.0 825.0369999999997 15 3480.0 -1220.0 111 -190 270.02399999999994 129.53399999999996 122
3400.0 910.3669999999997 16 4320.0 -920.0 84 -219 261.66099999999994 165.733 92
2530.0 761.8859999999997 14 3450.0 -1460.0 133 -178 230.613 142.82899999999998 146
3520.0 1216.932 21 4860.0 -1220.0 154 -267 360.93399999999997 236.422 122
2050.0 617.7779999999997 13 2970.0 -1080.0 98 -158 135.48399999999998 121.395 108
2250.0 890.3329999999999 14 3960.0 -1710.0 155 -211 246.61399999999992 164.38 171
3370.0 982.2019999999995 18 4620.0 -1250.0 159 -220 289.1869999999999 211.481 125
2880.0 893.6729999999995 16 4110.0 -1230.0 156 -214 258.22999999999996 156.98599999999996 123
3000.0 1093.4229999999998 22 4230.0 -1280.0 166 -250 337.01399999999995 176.66599999999997 128
2940.0 777.0209999999996 13 3810.0 -870.0 79 -165 265.88999999999993 156.20999999999995 87
5230.0 1233.7450000000001 23 6450.0 -1450.0 172 -294 320.09 291.62199999999996 145
4310.0 1031.5849999999998 17 5160.0 -1680.0 153 -218 344.441 232.56999999999996 168
2705.0 836.2829999999999 17 3390.0 -1335.0 138 -176 296.02399999999994 146.777 202
2570.0 827.7799999999996 14 3390.0 -820.0 75 -181 269.717 145.84699999999998 82
2590.0 935.1489999999999 16 3480.0 -1005.0 97 -205 322.202 149.67099999999996 112
4190.0 1168.8419999999999 21 5460.0 -1320.0 168 -256 402.56799999999987 216.65099999999995 132
3930.0 1075.3649999999996 21 5430.0 -1320.0 154 -255 287.18399999999997 228.23899999999998 117
3070.0 851.8019999999996 15 3960.0 -1000.0 91 -187 282.69800000000004 163.98899999999995 100
2560.0 1034.6499999999996 19 3810.0 -1250.0 156 -242 287.05 172.439 125
2220.0 735.0330000000002 12 2730.0 -620.0 95 -165 210.225 131.51299999999998 45
2840.0 861.5289999999997 17 3390.0 -1230.0 139 -195 265.05299999999994 153.36199999999997 178
3180.0 954.9319999999994 19 4080.0 -1060.0 115 -204 317.66099999999994 184.29299999999995 106
2890.0 946.593 19 3780.0 -1080.0 98 -214 295.12699999999995 163.507 108
2950.0 978.9979999999997 17 4140.0 -1245.0 159 -222 288.23599999999993 185.73 130
3020.0 970.0909999999994 16 3870.0 -850.0 77 -225 260.959 186.05099999999996 85
3230.0 961.598 17 4140.0 -910.0 83 -220 264.9069999999999 203.282 91
6970.0 974.7709999999996 19 8190.0 -1220.0 158 -285 234.62499999999994 197.795 122
4510.0 982.5920000000002 18 4890.0 -1110.0 145 -229 280.815 172.80299999999997 111
1820.0 877.8839999999997 15 3030.0 -1330.0 167 -197 277.47999999999996 141.48199999999997 133
2100.0 968.5579999999998 19 3000.0 -910.0 84 -205 338.92299999999994 131.98399999999998 91
2900.0 1110.3049999999996 19 3720.0 -820.0 75 -233 409.3199999999999 161.475 82
3760.0 1037.5819999999999 16 5130.0 -1370.0 169 -218 336.4129999999999 228.79299999999995 137
3620.0 901.8379999999996 17 4170.0 -1310.0 146 -211 283.114 150.86399999999998 186
2070.0 480.7749999999999 9 2070.0 0.0 0 -110 143.01699999999997 88.40499999999997 0
2640.0 388.30099999999993 6 2640.0 -2525.0 75 -91 101.53299999999997 100.33499999999998 505
1950.0 458.417 7 1950.0 0.0 0 -98 151.13499999999996 93.935 0
3130.0 900.1359999999996 18 4050.0 -1330.0 121 -213 246.58299999999997 175.974 133
2190.0 456.17499999999984 7 2190.0 0.0 0 -93 174.59299999999996 84.559 0
3370.0 864.7419999999996 15 4260.0 -1210.0 147 -185 278.2129999999999 198.89799999999997 121
4780.0 999.7379999999999 20 5520.0 -880.0 166 -216 316.50699999999995 247.25399999999993 88
2590.0 731.2929999999999 12 4230.0 -1700.0 155 -175 222.9289999999999 138.99599999999995 170
3290.0 856.0899999999998 16 4200.0 -910.0 83 -212 211.50799999999995 171.45000000000002 91
4465.0 1200.09 20 5820.0 -1355.0 169 -269 350.62200000000007 260.91599999999994 144
4730.0 1058.503 18 5640.0 -1100.0 100 -218 381.21799999999996 241.77300000000005 110
2320.0 1065.7409999999995 19 3570.0 -1250.0 157 -251 300.8019999999999 157.29 125
3410.0 914.8269999999999 17 4260.0 -1020.0 92 -207 281.8509999999999 180.261 102
5250.0 1012.0689999999998 20 5640.0 -820.0 120 -237 322.9479999999999 200.886 82
2310.0 883.039 15 3210.0 -1480.0 135 -181 319.123 146.22099999999995 148
2460.0 985.8349999999994 19 3330.0 -1500.0 136 -220 302.7849999999999 159.638 150
3250.0 1068.4329999999998 21 4500.0 -1250.0 156 -258 300.55699999999996 183.05500000000004 125
2690.0 775.9689999999998 15 3540.0 -1150.0 104 -166 263.018 153.81399999999996 115
2630.0 806.4509999999998 14 3180.0 -550.0 77 -177 245.89499999999992 150.831 110
2210.0 955.5239999999999 18 3900.0 -1690.0 153 -236 227.1899999999999 182.128 169
1830.0 975.1389999999996 18 3600.0 -1770.0 161 -234 268.649 157.834 177
3560.0 932.7439999999997 17 4380.0 -820.0 75 -218 247.24299999999997 202.16400000000002 82
2670.0 1148.0539999999996 23 3900.0 -1280.0 161 -283 280.6 174.841 133
865.0 582.878 9 1590.0 -725.0 84 -125 186.84400000000002 91.53999999999999 145
2040.0 894.154 16 2940.0 -1250.0 154 -191 315.437 121.29299999999999 125
4040.0 927.18 18 4440.0 -1200.0 156 -210 283.90999999999997 169.61700000000002 120
3470.0 999.2769999999996 17 4380.0 -910.0 83 -221 304.0789999999999 204.32300000000004 91
2920.0 986.0770000000001 18 4620.0 -1700.0 154 -223 308.86400000000003 194.63799999999998 170
2640.0 413.5919999999998 7 2640.0 0.0 0 -96 121.74699999999993 108.44099999999997 0
3140.0 962.8519999999997 17 4350.0 -1320.0 162 -221 312.849 158.11099999999996 132
4110.0 870.4019999999997 16 4980.0 -990.0 90 -187 275.4739999999999 223.76399999999998 99
3430.0 936.6739999999994 16 4350.0 -1080.0 98 -204 293.66599999999994 206.72899999999993 108
3760.0 874.0509999999998 16 4680.0 -1160.0 106 -207 261.24499999999995 169.43800000000002 116
2130.0 958.2359999999995 17 3870.0 -1740.0 159 -231 266.46900000000005 160.53299999999993 174
4190.0 1113.7809999999993 20 4950.0 -760.0 158 -259 326.086 202.67 76
1590.0 375.24299999999994 6 1590.0 0.0 0 -84 115.855 69.39499999999998 0
2490.0 852.7259999999998 14 3780.0 -1290.0 164 -202 225.96999999999997 168.07700000000003 129
3340.0 993.2469999999998 17 4110.0 -900.0 171 -236 266.964 180.52800000000002 90
2360.0 743.475 13 3510.0 -1150.0 104 -171 210.06800000000004 157.18099999999995 115
2805.0 891.4269999999996 17 3270.0 -465.0 77 -220 242.8339999999999 132.15900000000002 31
1920.0 981.8619999999997 19 2880.0 -960.0 160 -229 295.68499999999995 122.80999999999999 155
5800.0 1022.348 18 6690.0 -1090.0 99 -234 284.25600000000003 281.22799999999995 109
4750.0 1011.5899999999997 17 5670.0 -920.0 168 -244 259.90399999999994 233.32999999999996 92
2830.0 801.3160000000001 14 3720.0 -890.0 81 -187 237.60100000000003 152.86099999999996 89
1560.0 476.3769999999999 9 1560.0 0.0 0 -121 116.15099999999998 70.33699999999997 0
3465.0 891.8799999999999 15 5010.0 -1545.0 157 -213 268.0779999999999 173.15699999999995 223
2080.0 992.1759999999998 18 3990.0 -1910.0 189 -244 241.81799999999996 173.987 191
2790.0 503.3039999999999 8 2790.0 0.0 0 -117 147.05599999999998 111.63099999999997 0
3775.0 1041.845 19 4830.0 -1295.0 173 -247 291.9509999999999 195.67899999999997 123
1320.0 376.3499999999999 6 1320.0 0.0 0 -92 96.171 57.31299999999999 0
2985.0 928.9069999999999 17 4350.0 -1405.0 169 -213 260.18499999999995 199.73000000000002 124
3360.0 861.5359999999997 15 3900.0 -1330.0 148 -191 246.91599999999988 191.405 187
2415.0 820.4829999999997 15 2970.0 -705.0 91 -177 277.293 134.61699999999996 126
3420.0 1007.7939999999996 19 4740.0 -1400.0 174 -238 296.63499999999993 180.97999999999996 140
3420.0 1099.5710000000006 21 4650.0 -1300.0 166 -252 326.33099999999996 206.13899999999998 137
2410.0 982.7499999999999 17 4170.0 -1760.0 165 -226 290.2839999999999 179.38199999999998 176
2940.0 1009.4279999999998 18 4170.0 -1230.0 157 -228 309.8569999999999 186.188 123
2270.0 886.7249999999999 16 3570.0 -1300.0 152 -200 290.115 134.808 115
5230.0 1034.9899999999996 19 5640.0 -410.0 85 -228 319.73099999999994 248.75199999999992 41
3650.0 1082.0539999999994 18 4830.0 -1400.0 170 -251 314.5409999999999 205.76299999999998 140
4320.0 986.1899999999998 18 4710.0 -460.0 90 -218 319.8109999999999 202.62399999999997 53
3490.0 840.3749999999999 16 4410.0 -920.0 84 -184 274.86099999999993 180.18599999999995 92
3040.0 978.7419999999997 17 4320.0 -1280.0 163 -217 299.648 193.07399999999998 128
4115.0 973.7849999999999 18 4590.0 -865.0 102 -220 300.59899999999993 195.51999999999998 134
2130.0 450.24299999999977 7 2130.0 0.0 0 -104 128.84099999999998 93.12399999999997 0
2910.0 892.2319999999997 16 3720.0 -810.0 74 -197 305.156 148.381 81
2880.0 918.7529999999997 17 3690.0 -810.0 74 -208 288.34 159.49299999999994 81
3380.0 1036.6299999999999 17 5070.0 -1750.0 166 -265 238.041 193.41699999999992 175
1575.0 866.0089999999996 15 2970.0 -1395.0 164 -196 267.3499999999999 132.10899999999998 123
3450.0 861.4959999999996 17 4260.0 -930.0 85 -190 257.018 198.02300000000002 105
3370.0 1038.289 17 4230.0 -860.0 78 -239 304.154 193.11299999999994 86
2510.0 806.3059999999997 15 3240.0 -810.0 159 -188 223.97599999999994 150.832 81
3250.0 836.2749999999997 14 4170.0 -1110.0 101 -174 290.89599999999996 177.40899999999996 111
1850.0 788.4199999999998 16 2670.0 -1230.0 112 -180 247.23899999999998 123.106 123
3110.0 938.7879999999996 15 4080.0 -970.0 177 -224 204.34299999999996 163.23999999999995 97
3980.0 808.9389999999999 15 4800.0 -950.0 93 -192 193.83300000000006 222.0039999999999 108
2810.0 872.0609999999996 15 3720.0 -970.0 88 -204 272.817 133.56699999999998 97
3120.0 845.941 15 3510.0 -580.0 98 -184 283.95799999999997 151.063 58
3240.0 1027.6499999999999 20 4170.0 -1200.0 109 -224 333.67499999999995 184.805 120
3150.0 815.1619999999997 14 3990.0 -1010.0 111 -182 246.48099999999994 171.22599999999994 101
3360.0 1113.4449999999997 19 4650.0 -1310.0 163 -234 366.799 213.62599999999998 131
3450.0 1039.5879999999997 18 4350.0 -1170.0 106 -236 326.10299999999995 173.96199999999996 117
2630.0 722.5059999999997 12 3720.0 -1090.0 99 -147 255.61299999999994 169.71000000000004 109
2110.0 943.8499999999999 16 3870.0 -1760.0 165 -219 268.7289999999999 174.24499999999995 176
3000.0 881.1259999999997 17 3900.0 -1070.0 97 -187 314.0539999999999 163.432 107
1610.0 851.8919999999997 15 2850.0 -1240.0 155 -188 282.87499999999983 117.229 124
2810.0 906.938 16 3630.0 -1010.0 92 -191 309.3909999999999 169.34299999999993 101
5520.0 909.67 15 6000.0 -845.0 122 -193 306.13899999999995 244.41 105
1770.0 677.9859999999999 11 2670.0 -900.0 82 -140 232.88199999999992 127.476 90
2010.0 810.1009999999994 15 2940.0 -1130.0 103 -177 274.72899999999987 127.64999999999999 113
2310.0 693.4889999999997 12 3240.0 -1000.0 91 -137 257.143 145.97999999999993 100
3505.0 1047.4279999999999 19 4080.0 -735.0 95 -224 350.05899999999986 183.40799999999993 131
2130.0 869.0259999999998 16 3030.0 -900.0 82 -205 255.99099999999999 127.94399999999997 90
2210.0 1023.0059999999996 20 3630.0 -1490.0 162 -227 340.311 159.39899999999997 204
3070.0 1008.8799999999992 18 4380.0 -1380.0 170 -252 245.68399999999997 178.03199999999998 138
3800.0 758.9419999999999 12 4710.0 -910.0 83 -200 175.79099999999997 161.96800000000002 91
2540.0 898.7139999999997 16 3360.0 -1380.0 126 -213 245.67399999999992 151.41599999999997 138
6740.0 1129.0609999999997 19 7560.0 -870.0 79 -264 315.1039999999999 299.785 87
3390.0 989.194 18 3780.0 -1085.0 162 -232 274.96899999999994 179.26800000000003 178
4700.0 1100.5479999999998 17 5460.0 -760.0 158 -251 336.7339999999999 211.20600000000002 76
2750.0 869.0289999999998 16 3660.0 -1020.0 93 -203 275.95599999999996 129.43699999999998 102
3640.0 838.3439999999998 15 4500.0 -1170.0 106 -170 293.81799999999987 205.16899999999995 117
2640.0 785.5279999999999 14 3540.0 -1110.0 101 -156 284.56399999999996 164.707 111
2460.0 380.76899999999995 6 2460.0 0.0 0 -96 90.52699999999996 94.13499999999995 0
2750.0 961.2529999999999 17 4140.0 -1390.0 170 -224 287.15899999999993 133.474 139
2595.0 862.2799999999997 15 3180.0 -715.0 109 -188 296.5829999999999 135.134 130
2640.0 1006.9359999999998 18 4410.0 -1770.0 161 -246 253.045 194.74699999999999 177
3015.0 828.0469999999999 15 3570.0 -555.0 78 -205 209.592 150.228 111
2460.0 868.4579999999999 14 3300.0 -910.0 90 -174 315.586 151.17099999999996 91
2450.0 926.8999999999999 17 3330.0 -1060.0 105 -220 252.123 151.998 124
3870.0 925.0809999999996 15 4290.0 -540.0 98 -194 310.13599999999985 186.47899999999996 54
4130.0 806.2919999999996 15 4530.0 -785.0 127 -177 258.74099999999993 158.42299999999997 117
2780.0 881.8079999999999 17 3630.0 -1220.0 110 -196 294.75 151.57799999999997 122
3110.0 818.4139999999999 14 4020.0 -1130.0 103 -168 283.80100000000004 187.39399999999998 113
3415.0 934.6399999999998 17 4140.0 -1015.0 110 -194 340.6639999999998 167.907 174
4590.0 916.4669999999993 16 5850.0 -1360.0 169 -228 241.9499999999999 211.72299999999996 136
4240.0 849.7259999999995 15 4620.0 -405.0 82 -172 289.44599999999986 218.41199999999992 43
3200.0 900.6349999999999 18 3600.0 -510.0 93 -217 240.69999999999996 158.71499999999997 51
3240.0 867.7869999999997 16 4110.0 -1115.0 113 -205 237.25599999999997 137.20499999999996 136
2330.0 828.3279999999997 15 2730.0 -660.0 106 -181 289.1809999999999 115.669 66
2240.0 979.8289999999997 18 3150.0 -1150.0 117 -223 305.92099999999994 147.09499999999997 139
3680.0 893.766 17 4080.0 -1060.0 143 -211 247.48499999999999 182.13699999999997 106
4920.0 1144.731 20 5670.0 -845.0 167 -269 310.82300000000004 242.14799999999988 94
1650.0 470.9519999999999 8 1650.0 0.0 0 -106 148.81399999999996 73.735 0
2830.0 865.4079999999996 16 3690.0 -1390.0 126 -198 246.31499999999994 160.73799999999997 139
2120.0 783.1619999999996 13 3000.0 -880.0 80 -159 292.5449999999999 142.849 88
2010.0 930.704 17 3720.0 -1710.0 155 -216 267.12999999999994 171.807 171
3020.0 1051.591 19 4350.0 -1330.0 173 -241 286.777 207.153 133
3850.0 899.271 14 4740.0 -890.0 81 -208 271.81 183.97299999999998 89
3370.0 1005.4149999999997 18 4230.0 -860.0 78 -224 305.145 195.00799999999998 86
4260.0 1148.4139999999995 21 5550.0 -1290.0 163 -267 319.565 239.12299999999988 129
3620.0 881.1899999999996 16 4530.0 -910.0 83 -205 241.58199999999994 199.09 91
3200.0 864.435 14 4080.0 -880.0 80 -203 241.19999999999993 177.13 88
2380.0 783.3299999999998 17 3300.0 -1180.0 107 -196 185.31499999999994 142.688 118
2420.0 891.1739999999999 19 3240.0 -1560.0 142 -222 233.34699999999995 130.12199999999999 156
2840.0 1016.085 20 4080.0 -1240.0 155 -232 304.0259999999999 190.366 124
3780.0 1000.0369999999998 17 5010.0 -1230.0 154 -229 286.31899999999996 209.933 123
3240.0 871.9389999999996 17 4290.0 -1190.0 167 -219 191.271 183.423 188
4520.0 1001.0309999999996 17 5730.0 -1290.0 157 -233 298.03299999999996 234.91799999999998 129
3630.0 1188.0419999999992 23 4830.0 -1210.0 154 -277 348.2219999999999 202.022 121
5030.0 1089.2559999999994 18 5400.0 -1050.0 139 -228 363.1179999999998 237.22599999999997 105
3250.0 987.0099999999999 17 3990.0 -930.0 171 -220 329.091 160.99999999999997 93
3710.0 951.3559999999998 17 4530.0 -1390.0 127 -207 328.556 180.923 139
3290.0 897.5069999999998 16 4110.0 -1260.0 137 -206 257.702 184.77899999999997 170
3440.0 1147.1550000000002 23 4710.0 -1450.0 174 -290 285.011 181.09899999999996 145
4180.0 1047.55 15 5760.0 -1580.0 190 -247 299.73699999999997 223.268 158
3000.0 1000.8589999999996 19 3390.0 -555.0 100 -227 316.939 146.242 72
2960.0 1005.5709999999999 19 4680.0 -2020.0 183 -260 202.55799999999996 199.96999999999994 202
3370.0 906.7779999999998 17 3960.0 -1300.0 148 -208 270.673 176.32800000000003 189
3690.0 973.1610000000001 18 4590.0 -945.0 87 -188 355.63099999999986 226.42699999999994 99
1780.0 963.7509999999999 18 3540.0 -1760.0 160 -224 282.727 154.58699999999993 176
3900.0 888.3969999999995 16 4410.0 -510.0 85 -201 282.26899999999995 158.29100000000003 34
3640.0 1178.791 21 4890.0 -1340.0 166 -261 349.32699999999994 236.10599999999994 134
2430.0 476.4349999999999 7 2430.0 -2520.0 75 -114 125.808 95.083 504
3450.0 966.0079999999997 16 4290.0 -990.0 89 -206 310.33699999999993 207.93599999999998 99
3230.0 917.4199999999998 15 3600.0 -370.0 77 -194 324.6779999999998 147.82699999999994 37
2170.0 924.9089999999998 19 3060.0 -890.0 81 -218 273.881 129.025 89
2435.0 858.7039999999996 14 3240.0 -805.0 73 -202 232.684 154.70599999999996 161
4720.0 1128.4369999999997 18 5640.0 -940.0 88 -240 374.56199999999995 247.28199999999998 94
2235.0 846.7599999999996 16 2790.0 -555.0 78 -201 252.8439999999999 117.26399999999998 111
4785.0 1026.03 18 5250.0 -525.0 84 -227 327.82099999999986 223.68099999999998 43
3570.0 852.2379999999998 13 4290.0 -770.0 88 -177 280.55300000000005 191.108 149
1890.0 496.8539999999998 7 1890.0 0.0 0 -105 175.48899999999998 81.94999999999997 0
4140.0 1030.8509999999994 19 4590.0 -780.0 121 -225 346.55799999999994 190.807 96
2900.0 949.1359999999999 17 3720.0 -1105.0 122 -208 322.0939999999999 156.20799999999997 101
2970.0 999.434 17 4620.0 -1650.0 150 -239 269.12899999999996 193.2669999999999 165
2960.0 976.6409999999995 17 4950.0 -1990.0 180 -246 218.126 212.79799999999994 199
2060.0 994.6419999999996 20 3900.0 -1840.0 167 -240 273.508 153.38 184
3650.0 971.1989999999998 17 4530.0 -1280.0 116 -235 270.65899999999993 167.35 128
3350.0 899.0479999999995 15 4230.0 -880.0 80 -209 261.3029999999999 172.003 88
2920.0 850.6299999999997 14 3840.0 -920.0 84 -190 275.311 152.396 92
2640.0 541.2629999999999 10 2640.0 0.0 0 -123 160.36899999999991 112.05999999999999 0
2900.0 756.0059999999999 14 3750.0 -1195.0 134 -161 261.91 154.67699999999994 108
2670.0 892.5879999999999 15 3510.0 -950.0 98 -200 281.74899999999997 144.223 95
3410.0 1004.7999999999997 19 4620.0 -1210.0 153 -244 259.82699999999994 194.24499999999998 121
2490.0 903.4679999999997 14 4260.0 -1770.0 161 -199 277.741 189.88499999999996 177
2370.0 491.1439999999999 8 2370.0 0.0 0 -116 139.644 98.42 0
3600.0 1061.1519999999996 19 3990.0 -390.0 81 -242 322.337 174.21899999999997 39
4000.0 1025.428 17 5100.0 -860.0 78 -232 328.399 200.72599999999994 86
3990.0 935.2549999999998 18 4890.0 -930.0 84 -200 298.57 213.08299999999997 93
1980.0 908.6870000000002 16 3720.0 -1740.0 158 -207 267.5569999999999 170.90299999999993 174
3590.0 999.8809999999997 20 3990.0 -555.0 101 -228 289.9799999999999 180.45399999999998 71
4000.0 868.3609999999999 16 4380.0 -680.0 121 -205 237.56599999999997 154.587 98
2610.0 427.33599999999984 7 2610.0 0.0 0 -105 112.62499999999999 100.585 0
2070.0 971.9669999999994 16 3690.0 -1670.0 152 -210 305.1439999999999 171.81300000000002 167
2310.0 432.94799999999987 7 2310.0 0.0 0 -98 135.66999999999996 91.124 0
2650.0 913.5869999999998 17 3570.0 -1480.0 135 -216 265.9719999999999 150.742 148
2280.0 925.16 17 3540.0 -1260.0 161 -204 291.6619999999999 156.93399999999997 126
3160.0 934.1389999999997 17 4020.0 -1540.0 140 -223 257.018 171.71499999999995 154
3840.0 1066.995 17 5070.0 -1290.0 165 -240 308.63699999999994 227.65499999999994 135
2160.0 464.131 7 2160.0 0.0 0 -100 149.16199999999995 98.40799999999997 0
2620.0 870.0179999999998 15 3030.0 -550.0 97 -186 301.29599999999994 136.41999999999996 55
2430.0 969.9809999999995 18 3360.0 -1160.0 132 -203 342.81599999999986 148.36499999999998 116
2160.0 1107.4749999999997 19 3480.0 -1380.0 172 -246 339.402 163.60099999999994 138
1890.0 946.3599999999998 17 3720.0 -1830.0 170 -224 268.882 153.003 191
3070.0 925.6719999999997 17 3960.0 -1190.0 108 -208 299.55899999999986 157.91899999999998 119
2100.0 458.51799999999986 8 2100.0 0.0 0 -111 123.95599999999996 87.04299999999999 0
1590.0 340.2519999999999 4 1590.0 0.0 0 -86 83.12299999999999 60.093000000000025 0
2870.0 989.4809999999999 17 4260.0 -1390.0 169 -229 266.3379999999999 197.28300000000004 139
2995.0 778.5629999999998 15 3570.0 -975.0 117 -181 220.54599999999996 162.89100000000005 155
4110.0 1014.995 18 5010.0 -900.0 171 -243 279.08199999999994 208.26999999999998 90
3230.0 867.8139999999994 16 4080.0 -1030.0 93 -175 305.2759999999999 192.4759999999999 103
4010.0 927.0819999999997 17 4770.0 -760.0 158 -221 243.59199999999993 205.10099999999997 76
5340.0 1256.3639999999998 25 6210.0 -870.0 169 -304 329.37899999999996 263.951 87
4130.0 1092.366 19 4530.0 -400.0 83 -231 377.9479999999999 197.13399999999996 40
3110.0 954.7979999999998 17 4020.0 -1435.0 144 -212 281.0209999999999 193.19499999999996 196
2910.0 974.0949999999997 18 4200.0 -1290.0 161 -229 270.558 186.517 129
4110.0 994.5989999999997 18 4980.0 -1420.0 129 -231 318.624 182.34399999999997 142
3240.0 1124.8809999999996 19 4950.0 -1780.0 165 -260 312.0969999999999 229.2229999999999 185
2700.0 797.5989999999996 14 4470.0 -1770.0 161 -201 186.52199999999996 133.73100000000002 177
2700.0 920.8699999999997 18 3600.0 -900.0 82 -222 254.3089999999999 150.765 90
2980.0 908.3969999999999 17 3360.0 -610.0 100 -183 344.591 152.755 61
3860.0 1207.4299999999994 23 5250.0 -1390.0 163 -296 331.07199999999995 201.401 123
3340.0 1070.699 21 5070.0 -1800.0 172 -267 257.37699999999995 215.73399999999992 180
3130.0 1111.0259999999994 19 3990.0 -860.0 78 -250 346.487 180.43400000000003 86
1530.0 437.351 8 1530.0 0.0 0 -114 92.544 67.901 0
3140.0 798.0349999999997 16 4050.0 -970.0 88 -202 203.08999999999995 157.43899999999996 97
1930.0 805.5119999999996 16 2790.0 -870.0 78 -187 237.31899999999993 126.73799999999996 87
1620.0 485.1089999999998 8 1620.0 0.0 0 -106 178.78299999999996 66.31099999999999 0
4020.0 851.2459999999999 13 5760.0 -1740.0 158 -196 273.8539999999999 198.72699999999998 174
1000.0 492.21099999999984 9 1920.0 -920.0 84 -106 163.93199999999996 84.99299999999998 92
1200.0 378.7389999999998 7 1200.0 0.0 0 -95 96.42799999999998 49.337999999999994 0
2320.0 827.9799999999999 15 3120.0 -1330.0 121 -168 298.14699999999993 148.454 133
2980.0 870.3539999999998 15 3870.0 -890.0 81 -179 297.75899999999996 180.85099999999997 89
4290.0 853.0949999999998 16 5130.0 -1120.0 101 -187 293.81299999999993 189.48899999999998 112
3090.0 946.3519999999999 16 3450.0 -1080.0 140 -199 350.06099999999986 137.727 108
3770.0 954.5049999999999 17 4620.0 -1080.0 98 -214 292.317 201.81 108
2010.0 874.0409999999999 16 3270.0 -1265.0 159 -197 266.8639999999999 135.14899999999994 127
3000.0 893.1239999999997 16 3690.0 -1085.0 126 -211 254.14700000000002 154.612 217
3270.0 880.7649999999998 15 4140.0 -870.0 79 -206 245.59399999999994 184.31099999999998 87
2020.0 588.6339999999997 10 2880.0 -860.0 78 -153 153.74899999999997 87.23799999999999 86
5640.0 913.9039999999999 16 6030.0 -1130.0 148 -187 321.29 246.0759999999999 113
2590.0 790.1979999999999 13 3510.0 -920.0 155 -180 246.07499999999996 140.03300000000004 146
1320.0 799.252 14 2100.0 -780.0 71 -173 278.5039999999999 91.36599999999999 78
3500.0 921.4819999999994 17 3900.0 -690.0 109 -205 286.42199999999997 178.98799999999997 69
2885.0 1037.9449999999997 17 3960.0 -1075.0 153 -218 370.47299999999996 167.60799999999992 101
2750.0 793.4539999999998 15 3660.0 -910.0 83 -183 232.36799999999997 153.22299999999998 91
3720.0 903.1649999999997 16 4230.0 -625.0 95 -188 328.043 180.188 57
3170.0 861.8799999999997 16 4050.0 -1050.0 115 -198 266.7859999999999 164.68899999999996 105
3050.0 1005.5649999999999 18 4290.0 -1240.0 157 -249 257.2809999999999 184.05900000000003 124
2180.0 937.7659999999996 17 3030.0 -1030.0 93 -199 351.2599999999998 129.97 103
2300.0 979.9809999999999 19 3210.0 -980.0 91 -217 328.7169999999999 133.30499999999995 105
2860.0 839.6749999999997 15 3780.0 -920.0 155 -190 242.72399999999996 174.778 146
2270.0 855.8519999999995 17 3960.0 -1690.0 171 -215 219.70099999999994 152.11599999999999 240
3140.0 865.8229999999998 17 3990.0 -1590.0 144 -206 247.08799999999997 151.529 159
2750.0 916.1159999999999 15 3300.0 -550.0 77 -213 268.46199999999993 143.65 110
2050.0 963.4819999999999 18 3930.0 -1880.0 170 -241 242.74199999999993 156.28799999999998 188
1640.0 634.4569999999997 13 2550.0 -1040.0 94 -150 193.879 91.98899999999998 104
3320.0 976.8799999999998 19 4890.0 -1570.0 169 -251 226.982 203.51999999999998 212
2040.0 414.34899999999993 7 2040.0 0.0 0 -106 89.32799999999999 86.63599999999997 0
2340.0 913.6829999999999 17 4110.0 -1770.0 161 -231 206.62 179.60499999999996 177
3310.0 1017.3799999999999 18 4170.0 -1620.0 147 -229 300.865 182.16599999999994 162
3415.0 821.7590000000001 17 4020.0 -1095.0 129 -195 224.56000000000006 170.787 170
1430.0 671.0129999999999 12 2580.0 -1150.0 131 -165 180.30899999999994 103.85700000000001 115
3070.0 895.0699999999995 16 4860.0 -1870.0 170 -221 217.15499999999994 174.15899999999996 187
3060.0 971.3159999999998 16 3960.0 -900.0 82 -215 315.168 168.48599999999993 90
3860.0 1126.9110000000003 20 5100.0 -1265.0 161 -264 312.3619999999999 215.32999999999996 129
3360.0 974.2259999999997 18 3750.0 -660.0 105 -218 281.25199999999995 183.20299999999995 66
3090.0 905.5839999999995 17 3930.0 -1440.0 131 -213 267.674 161.212 144
2785.0 991.2809999999996 19 3510.0 -950.0 115 -229 289.47299999999996 156.84999999999997 190
4020.0 1015.5969999999995 19 5340.0 -1490.0 182 -232 307.89099999999996 220.03799999999998 149
3380.0 984.2429999999999 18 5100.0 -1720.0 156 -246 231.83799999999997 221.71200000000005 172
3310.0 1034.9629999999997 18 4710.0 -1400.0 184 -247 264.86999999999995 208.05700000000004 134
4220.0 880.355 15 5040.0 -820.0 75 -208 265.35699999999997 192.779 82
3085.0 911.4169999999997 16 4650.0 -1565.0 159 -224 229.135 198.05299999999997 225
1700.0 731.8349999999998 13 2610.0 -1070.0 116 -156 269.15299999999996 103.10399999999998 107
2840.0 909.1150000000002 17 3720.0 -1375.0 150 -198 302.5009999999999 160.85499999999996 187
2990.0 898.5759999999997 15 3870.0 -1320.0 131 -198 290.217 160.97300000000004 176
2380.0 1029.1229999999998 19 3690.0 -1310.0 172 -250 279.04799999999994 160.857 131
3920.0 955.9819999999999 17 4470.0 -550.0 77 -220 276.29499999999996 191.7749999999999 110
3280.0 677.2639999999999 11 3690.0 -590.0 122 -153 203.69799999999995 151.82300000000004 59
3210.0 848.1799999999998 14 3930.0 -760.0 87 -188 254.39399999999998 176.477 148
3080.0 896.0719999999995 17 3960.0 -1220.0 111 -206 278.7239999999999 160.88199999999998 122
3150.0 967.6609999999996 17 4080.0 -1265.0 124 -230 259.37100000000004 179.151 160
5090.0 998.7859999999998 16 5490.0 -1190.0 155 -201 358.15299999999996 247.65899999999993 119
4510.0 933.9799999999999 15 5430.0 -1190.0 108 -185 365.79699999999985 225.14599999999993 119
1550.0 671.7719999999997 11 2370.0 -1040.0 95 -145 238.42399999999995 95.85899999999997 104
2980.0 893.0699999999999 16 3840.0 -1660.0 151 -208 266.45099999999996 148.50099999999998 166
3380.0 966.4689999999998 18 4110.0 -880.0 165 -221 303.6629999999999 168.85000000000002 88
2720.0 851.9579999999997 15 3570.0 -1530.0 139 -179 290.9659999999999 169.878 153
3140.0 829.2739999999998 15 4050.0 -910.0 83 -203 211.833 162.165 91
4340.0 991.4480000000002 18 5250.0 -1410.0 153 -230 280.16999999999996 227.81199999999995 191
1770.0 795.3039999999996 13 2610.0 -1620.0 147 -173 268.83299999999997 112.97899999999998 162
2010.0 429.1629999999999 8 2010.0 0.0 0 -109 108.13599999999998 69.845 0
3070.0 931.8389999999997 16 4500.0 -1430.0 158 -209 288.84899999999993 189.65299999999993 199
4730.0 952.1339999999998 18 5610.0 -1490.0 135 -217 288.42699999999996 226.84199999999993 149
2510.0 808.7359999999994 15 3330.0 -860.0 79 -183 244.90599999999995 146.291 90
4200.0 1230.8819999999998 18 5430.0 -1310.0 163 -272 394.95099999999985 223.485 131
3190.0 922.1279999999998 17 4080.0 -1500.0 136 -204 306.82199999999995 171.08999999999995 150
2560.0 839.1769999999998 15 3870.0 -1310.0 167 -206 228.83599999999993 141.01099999999997 131
4100.0 991.4890000000003 17 5010.0 -1020.0 95 -228 290.5879999999999 210.72799999999998 113
3450.0 822.0369999999998 15 4350.0 -1180.0 107 -196 218.515 152.56899999999996 118
3910.0 839.2679999999998 13 5160.0 -1250.0 158 -185 294.50699999999995 190.87599999999998 125
2130.0 904.8449999999997 17 3030.0 -1070.0 97 -191 323.035 133.195 107
3510.0 1009.1649999999998 19 5310.0 -1800.0 164 -244 246.55400000000003 237.50899999999996 180
3320.0 837.5599999999996 13 4200.0 -880.0 80 -204 202.65400000000002 177.53399999999993 88
1220.0 737.0519999999999 14 2910.0 -1690.0 153 -182 176.643 129.56899999999996 169
3260.0 823.9699999999998 15 3630.0 -370.0 77 -192 264.512 122.76799999999997 37
3640.0 931.2109999999999 17 4500.0 -860.0 78 -207 281.52599999999995 169.21799999999996 86
3620.0 875.417 15 4590.0 -970.0 136 -181 307.371 199.93899999999996 168
1870.0 734.0159999999998 14 2790.0 -950.0 88 -154 256.76899999999995 122.87399999999997 98
3870.0 1065.9449999999997 21 5130.0 -1300.0 163 -248 321.16799999999995 209.60699999999997 130
3040.0 917.7909999999998 17 3930.0 -1390.0 151 -223 247.25799999999998 167.36199999999994 189
3980.0 965.8130000000001 18 4380.0 -900.0 128 -225 272.45099999999996 191.50799999999995 90
3070.0 886.3559999999997 17 3990.0 -1140.0 129 -198 271.78 176.17799999999997 114
4470.0 1073.776 19 5220.0 -800.0 160 -245 309.1979999999999 231.80599999999995 80
3265.0 908.5339999999995 13 3840.0 -575.0 81 -191 300.6469999999999 185.28599999999997 115
3490.0 866.9949999999999 15 4080.0 -740.0 114 -193 272.04799999999994 174.185 133
3590.0 1045.3929999999993 18 4410.0 -930.0 85 -217 357.2919999999999 215.17 93
2600.0 746.5299999999999 12 3450.0 -850.0 77 -172 220.61299999999997 139.20399999999995 85
3390.0 918.2159999999998 15 4650.0 -1470.0 180 -202 291.431 177.89899999999994 147
2595.0 908.7929999999998 18 3720.0 -1125.0 167 -241 201.71999999999997 142.35099999999997 185
3970.0 938.9499999999998 16 4860.0 -1330.0 121 -218 276.41299999999995 188.13 133
2300.0 813.2909999999998 14 4020.0 -1720.0 156 -194 215.42499999999995 171.65000000000003 172
2370.0 911.1769999999998 16 3180.0 -810.0 74 -225 226.741 142.78599999999994 81
2650.0 984.3209999999998 16 4410.0 -1760.0 160 -220 283.46199999999993 215.00699999999995 176
3740.0 1156.242 21 5400.0 -1660.0 151 -267 346.852 221.13899999999998 166
2990.0 856.5499999999998 15 3870.0 -1660.0 151 -204 225.801 173.79600000000002 166
3740.0 835.918 14 4140.0 -760.0 115 -174 274.58899999999994 183.625 76
3670.0 855.3149999999999 16 4590.0 -1370.0 125 -204 276.69899999999996 152.77699999999996 137
3480.0 1034.6409999999994 21 4350.0 -1110.0 101 -240 303.3839999999999 185.49499999999998 111
5340.0 907.0489999999995 12 5700.0 -360.0 75 -184 299.9749999999999 252.19699999999997 36
4580.0 1024.59 17 5490.0 -1140.0 104 -200 390.97700000000003 248.18899999999996 114
4300.0 876.0009999999999 14 4680.0 -725.0 136 -195 277.7389999999999 186.29499999999996 61
1350.0 424.3269999999999 6 1350.0 0.0 0 -99 126.15200000000002 59.709 0
1940.0 706.5920000000001 11 3060.0 -1120.0 102 -151 235.65999999999997 140.451 112
4270.0 883.8610000000001 18 6000.0 -1765.0 161 -212 256.108 218.45199999999994 180
2790.0 935.8659999999999 17 3690.0 -1050.0 113 -214 290.7869999999999 157.77700000000002 105
3130.0 1006.7469999999998 18 4050.0 -1290.0 136 -225 300.85100000000006 184.96499999999997 166
2710.0 891.8389999999999 15 3600.0 -890.0 81 -195 294.43399999999997 158.32999999999996 89
3380.0 939.8239999999997 17 4230.0 -905.0 83 -210 296.90599999999995 186.63699999999997 96
1320.0 485.98899999999975 8 1320.0 0.0 0 -105 163.77699999999993 60.735 0
2160.0 974.3029999999997 18 3810.0 -1890.0 172 -224 304.36899999999997 158.237 189
2620.0 715.8929999999997 13 3540.0 -1220.0 111 -167 198.69999999999993 148.72 122
2250.0 1062.202 19 3990.0 -1770.0 169 -251 298.63599999999985 182.00400000000005 180
3260.0 805.0009999999997 13 4110.0 -850.0 77 -179 252.441 175.589 170
4800.0 890.8079999999997 16 5160.0 -760.0 131 -190 300.28999999999985 214.42499999999998 116
2290.0 783.2099999999995 14 3180.0 -1210.0 110 -185 252.87799999999984 104.79799999999997 121
4380.0 857.7469999999997 14 5280.0 -1190.0 108 -205 221.219 189.37999999999997 119
2605.0 853.367 16 3330.0 -735.0 84 -195 248.85500000000002 157.343 146
2410.0 803.1549999999997 13 3270.0 -860.0 78 -182 241.924 143.93 86
2520.0 987.8489999999996 16 4260.0 -1740.0 159 -247 244.69499999999996 170.588 174
4530.0 889.7339999999999 15 5400.0 -1280.0 137 -199 273.0119999999999 226.76899999999995 169
2230.0 908.615 16 3090.0 -1110.0 100 -198 293.46700000000004 146.746 111
4410.0 955.2289999999998 16 5280.0 -890.0 80 -212 311.52000000000004 222.87199999999999 89
1830.0 489.22099999999995 9 1830.0 0.0 0 -117 142.43599999999995 76.838 0
3350.0 965.6799999999997 18 4260.0 -1620.0 148 -221 281.667 197.26899999999995 162
1980.0 817.1019999999996 13 2880.0 -900.0 82 -173 296.30799999999994 116.74200000000002 90
2115.0 802.5949999999998 14 2670.0 -555.0 78 -188 231.61999999999992 120.05600000000001 111
3690.0 1009.7929999999998 17 4980.0 -1290.0 167 -235 275.419 197.47099999999992 129
2920.0 1014.1909999999995 20 3780.0 -1690.0 154 -239 314.23599999999993 142.87499999999997 169
4080.0 1006.9969999999998 17 5040.0 -1070.0 181 -225 291.555 222.176 75
3110.0 889.876 15 3990.0 -1255.0 91 -183 301.20399999999995 181.03299999999996 163
2720.0 1007.6769999999995 19 3630.0 -1160.0 105 -225 318.799 161.82700000000003 116
2360.0 898.5699999999998 17 3240.0 -980.0 91 -199 291.9589999999999 137.921 108
3720.0 1055.7879999999996 20 4470.0 -750.0 156 -244 295.28 201.60500000000002 75
2470.0 864.246 17 3390.0 -1030.0 94 -196 271.3279999999999 148.48099999999997 103
3485.0 1006.0379999999999 17 4470.0 -1195.0 164 -220 332.70599999999996 194.41399999999996 113
2210.0 848.2329999999998 14 3510.0 -1300.0 163 -201 223.39299999999994 162.483 130
4920.0 1010.6369999999998 16 5820.0 -1135.0 115 -214 317.1159999999999 264.686 137
2430.0 908.5939999999996 16 2790.0 -690.0 105 -197 296.7589999999999 131.59799999999996 69
3610.0 910.0199999999995 16 4530.0 -1460.0 133 -196 311.225 183.249 146
2520.0 457.4269999999999 8 2520.0 0.0 0 -94 167.73 106.02499999999998 0
4290.0 1104.5489999999998 21 5100.0 -1360.0 124 -263 282.52700000000004 219.86199999999997 136
4580.0 908.1259999999999 15 5340.0 -970.0 177 -204 257.384 241.08499999999992 97
3740.0 965.3379999999999 17 5010.0 -1270.0 161 -199 352.34499999999986 215.58099999999996 127
2980.0 889.8709999999996 17 3870.0 -960.0 87 -202 280.33799999999997 159.409 96
3520.0 863.6259999999995 13 4920.0 -1400.0 180 -219 205.35999999999993 187.283 152
2990.0 1014.6819999999996 20 4350.0 -1240.0 159 -229 313.4989999999999 188.68699999999998 124
3320.0 1042.403 18 4560.0 -1240.0 155 -227 333.99199999999996 201.78799999999993 124
4450.0 855.0899999999997 16 5310.0 -920.0 83 -185 283.89399999999995 186.74200000000002 92
3870.0 968.6759999999999 15 4680.0 -1360.0 138 -231 240.91499999999994 207.56000000000006 191
5020.0 1126.5539999999996 19 5580.0 -560.0 79 -251 359.9269999999999 236.35999999999993 112
3010.0 915.91 18 3900.0 -1430.0 144 -224 229.487 171.25399999999993 197
1850.0 751.7179999999997 12 2760.0 -910.0 83 -151 256.5469999999999 150.99899999999997 91
2390.0 972.5649999999997 18 4260.0 -1870.0 169 -234 281.13199999999995 157.60999999999999 187
3050.0 839.851 16 3960.0 -1450.0 146 -195 240.31599999999995 170.96599999999995 199
2690.0 964.6019999999996 16 3960.0 -1270.0 158 -229 268.02699999999993 172.53799999999993 127
2230.0 891.3739999999998 16 3090.0 -860.0 78 -198 287.696 138.042 86
2910.0 808.9489999999998 15 3510.0 -600.0 85 -202 207.42899999999997 142.06899999999996 120
4130.0 821.3759999999997 14 5010.0 -1050.0 95 -188 233.128 172.06799999999996 105
4310.0 1038.8 18 4710.0 -470.0 97 -228 326.01499999999993 215.64199999999994 47
3650.0 1087.275 19 5370.0 -1720.0 156 -245 334.2099999999999 228.67699999999994 172
3260.0 934.6519999999997 17 3660.0 -790.0 118 -210 297.932 154.91899999999995 79
3410.0 980.0409999999998 17 4290.0 -1650.0 150 -230 259.023 199.806 165
1740.0 446.64099999999985 7 1740.0 0.0 0 -105 127.411 74.79699999999998 0
2220.0 452.8209999999999 8 2220.0 0.0 0 -95 152.76599999999993 104.84799999999997 0
2860.0 803.3519999999996 15 3780.0 -935.0 86 -179 269.924 140.67799999999997 95
2660.0 702.5959999999997 13 3570.0 -910.0 83 -161 220.78599999999992 139.03899999999996 91
3220.0 897.2449999999999 16 4110.0 -1170.0 106 -204 271.42699999999996 176.68400000000003 117
3190.0 976.7009999999997 19 3900.0 -940.0 103 -220 307.9999999999999 167.396 165
3180.0 1060.197 20 4920.0 -1740.0 158 -241 335.3109999999999 209.51299999999995 174
2700.0 955.1119999999996 16 3990.0 -1290.0 162 -213 294.395 176.81899999999996 129
1860.0 453.82899999999984 8 1860.0 0.0 0 -111 119.34799999999996 76.95199999999998 0
3160.0 823.1099999999999 14 4050.0 -890.0 81 -181 264.89199999999994 169.76299999999998 89
3090.0 930.066 17 4950.0 -1860.0 169 -239 199.23500000000004 203.12600000000003 186
3280.0 932.9559999999998 16 4170.0 -1300.0 118 -208 285.251 191.732 130
3100.0 902.5729999999999 15 4380.0 -1280.0 163 -204 283.03299999999996 182.11599999999996 128
2260.0 970.4879999999996 19 4020.0 -1760.0 160 -220 303.5049999999999 179.20899999999995 176
3940.0 955.9949999999999 17 4860.0 -1720.0 157 -203 314.1739999999999 211.724 172
2620.0 831.8369999999996 15 3210.0 -590.0 83 -189 244.6269999999999 146.92599999999996 118
2280.0 535.5849999999998 9 2280.0 0.0 0 -119 169.69899999999993 102.79499999999993 0
2320.0 687.8009999999999 12 3240.0 -955.0 88 -160 204.93599999999995 126.26899999999995 99
2680.0 865.5849999999996 15 3600.0 -1050.0 95 -189 274.6430000000001 162.381 105
3440.0 790.8329999999997 15 3840.0 -400.0 83 -191 237.3359999999999 109.18399999999998 40
3350.0 884.9879999999997 17 4200.0 -850.0 77 -195 284.84599999999995 179.628 85
3790.0 800.497 13 4290.0 -500.0 70 -187 237.83299999999994 162.65999999999994 100
3000.0 760.3769999999997 13 3870.0 -870.0 79 -189 175.50100000000003 138.77499999999998 87
4140.0 1106.4730000000002 19 5070.0 -1550.0 141 -265 285.72799999999995 228.50699999999998 155
3980.0 792.1059999999998 14 4380.0 -1010.0 138 -189 223.487 174.78299999999996 101
2500.0 1033.2179999999994 15 3720.0 -1220.0 153 -211 360.42299999999994 184.74499999999998 122
2110.0 949.0779999999997 18 3660.0 -1550.0 158 -225 250.05999999999997 175.00099999999998 225
3740.0 946.6189999999998 17 4650.0 -1390.0 127 -229 232.04399999999993 197.92299999999992 139
1320.0 794.869 13 3090.0 -1770.0 161 -179 246.71499999999997 139.99399999999997 177
3280.0 998.9239999999998 16 3690.0 -410.0 85 -226 304.24099999999993 157.442 41
3110.0 829.0659999999998 14 3930.0 -820.0 75 -175 289.38199999999995 175.50399999999996 82
4400.0 836.301 16 5310.0 -1110.0 101 -186 262.85999999999996 210.75199999999992 111
3790.0 1073.8159999999996 18 4710.0 -920.0 84 -237 341.3419999999999 216.46600000000004 92
3390.0 860.6609999999997 16 5100.0 -1710.0 155 -215 215.24999999999994 192.538 171
5070.0 1140.1130000000003 20 5820.0 -850.0 176 -243 406.15700000000004 230.808 85
2370.0 953.7660000000001 18 4170.0 -1800.0 164 -239 243.37499999999997 169.42700000000002 180
3760.0 949.9069999999997 15 5220.0 -1460.0 161 -211 295.31600000000003 226.669 203
3600.0 885.1419999999999 17 4500.0 -900.0 82 -203 262.085 197.22899999999993 90
3445.0 1103.3969999999997 17 4290.0 -845.0 154 -248 342.7579999999999 188.53099999999998 68
3600.0 912.9289999999999 17 4500.0 -1330.0 121 -203 311.04099999999994 147.39199999999997 133
3045.0 835.0849999999999 16 3960.0 -1145.0 104 -194 232.4489999999999 155.04099999999997 206
3175.0 815.5679999999999 15 3750.0 -755.0 118 -179 264.3929999999999 153.904 133
1860.0 963.1229999999998 18 3630.0 -1810.0 164 -213 322.085 157.01999999999995 181
1890.0 712.486 12 3000.0 -1110.0 122 -164 203.8429999999999 126.70199999999996 111
2090.0 808.0779999999995 14 2970.0 -1100.0 100 -178 256.0439999999999 129.03300000000002 110
2570.0 1016.9039999999997 19 4290.0 -1720.0 156 -229 307.70699999999994 192.40599999999998 172
1050.0 425.58999999999975 7 1050.0 0.0 0 -98 136.24499999999998 47.519 0
2310.0 886.7229999999997 16 3150.0 -840.0 76 -192 300.2919999999999 134.02600000000004 84
2780.0 840.5229999999998 14 3630.0 -1240.0 112 -192 243.74899999999994 154.126 124
