1900.0 796.0849999999997 16 3120.0 -1220.0 153 -180 249.80899999999997 140.714 122
2530.0 1071.6039999999996 20 4320.0 -1815.0 165 -244 308.97299999999996 165.12500000000003 184
3105.0 814.5269999999998 13 4020.0 -915.0 153 -192 234.25799999999998 153.98999999999995 147
3200.0 933.4689999999995 17 4440.0 -1420.0 174 -209 297.8649999999999 174.31599999999992 142
1170.0 806.1359999999997 13 2910.0 -1740.0 158 -175 284.88199999999995 118.085 174
360.0 104.42200000000001 1 360.0 0.0 0 -25 24.87399999999998 18.203000000000003 0
3610.0 1005.9849999999999 19 5040.0 -1430.0 159 -238 281.22399999999993 216.682 202
2570.0 864.4119999999998 13 3810.0 -1240.0 158 -182 312.17599999999993 146.90999999999997 124
1400.0 512.8369999999999 9 2250.0 -1510.0 137 -116 178.15199999999996 74.432 151
2160.0 882.1389999999994 16 3720.0 -1820.0 182 -211 250.17899999999986 150.77299999999994 253
2170.0 674.297 10 3840.0 -1685.0 154 -157 194.63899999999998 123.81799999999996 170
1490.0 678.3959999999998 12 3300.0 -1810.0 182 -147 215.64499999999987 138.98999999999995 250
2375.0 844.7349999999996 15 3690.0 -1615.0 181 -196 249.6159999999999 157.516 146
440.0 715.6349999999999 12 2340.0 -1900.0 172 -160 217.32399999999996 105.732 190
2440.0 864.6269999999998 15 3630.0 -1280.0 161 -175 312.4529999999999 171.16899999999998 128
2950.0 986.9469999999999 18 4200.0 -1320.0 163 -233 279.2999999999999 169.048 132
3420.0 971.5189999999997 17 5130.0 -1830.0 167 -212 319.51599999999996 211.302 183
2660.0 1031.8029999999997 16 4410.0 -1920.0 174 -226 302.419 214.57600000000002 192
3610.0 1062.9469999999997 21 4890.0 -1400.0 174 -224 364.4439999999999 218.77499999999998 140
1120.0 624.6129999999997 11 2940.0 -1820.0 166 -148 178.95899999999997 117.388 182
790.0 654.9639999999997 13 2610.0 -1820.0 166 -159 183.01599999999993 106.98099999999997 182
2700.0 913.1489999999997 16 3990.0 -1330.0 166 -185 318.9119999999999 186.235 133
2050.0 920.618 16 4110.0 -2060.0 232 -227 250.71999999999994 161.226 206
2590.0 780.5659999999999 14 4320.0 -2510.0 229 -185 213.73399999999992 174.269 251
1910.0 530.3979999999999 9 2310.0 -400.0 83 -126 142.91099999999997 101.75099999999999 40
2380.0 923.5879999999999 18 3900.0 -1620.0 232 -229 252.08499999999987 149.53599999999997 162
1960.0 821.6759999999997 13 3990.0 -2030.0 185 -153 317.092 190.571 203
3445.0 873.9509999999998 16 5010.0 -1705.0 171 -181 311.6929999999999 205.824 239
2390.0 882.2519999999996 17 4080.0 -1690.0 153 -232 172.567 174.633 169
1480.0 690.4319999999999 13 3240.0 -1780.0 161 -144 250.73999999999995 127.27799999999995 178
2150.0 527.2229999999998 10 3030.0 -880.0 80 -130 116.71999999999998 131.25899999999993 88
710.0 808.8939999999996 14 2490.0 -1780.0 162 -178 268.11999999999995 113.83499999999998 178
3200.0 964.1559999999997 15 4920.0 -1720.0 156 -219 282.326 207.6429999999999 172
1040.0 670.5459999999999 11 2700.0 -1850.0 168 -146 218.85099999999994 116.43699999999997 185
3210.0 951.2619999999996 16 4950.0 -1860.0 169 -221 268.01699999999994 208.87699999999998 186
5150.0 1120.1100000000001 18 6480.0 -1840.0 215 -263 307.76199999999994 274.28799999999995 184
2420.0 778.5229999999998 14 4200.0 -1780.0 162 -194 204.20999999999992 110.667 178
3220.0 1009.1449999999995 19 4920.0 -1860.0 187 -228 331.4419999999999 192.57800000000003 186
3830.0 988.1899999999998 19 4590.0 -930.0 193 -224 320.8709999999999 175.52999999999994 93
2170.0 1062.6159999999995 18 3810.0 -1680.0 152 -224 367.4039999999999 173.70100000000002 168
270.0 90.82199999999995 1 270.0 0.0 0 -25 17.642 11.946999999999997 0
3160.0 995.7799999999999 17 3960.0 -800.0 166 -230 311.1209999999999 154.01399999999995 80
1505.0 618.3349999999998 11 2940.0 -1565.0 170 -150 150.285 129.06299999999996 214
4390.0 1126.3609999999994 19 5610.0 -1550.0 189 -247 370.6949999999998 230.21899999999997 155
2690.0 915.9929999999995 16 3900.0 -1210.0 157 -219 228.45499999999987 174.618 121
2210.0 874.3229999999996 16 3450.0 -1240.0 156 -202 260.89399999999995 149.878 124
240.0 102.26899999999996 1 240.0 0.0 0 -24 31.93199999999999 9.489 0
2030.0 777.6349999999995 14 3600.0 -1570.0 161 -175 232.90099999999993 152.11899999999997 229
800.0 610.1539999999998 10 2700.0 -1900.0 173 -142 178.744 110.09299999999999 190
1970.0 859.7929999999999 15 3750.0 -1970.0 179 -196 263.1929999999999 151.1 197
2400.0 836.1409999999996 15 3720.0 -1410.0 176 -189 248.26599999999996 163.257 141
1920.0 772.7029999999997 15 3360.0 -1440.0 159 -186 227.36599999999999 126.844 200
2490.0 1071.6559999999997 19 3780.0 -1290.0 163 -260 300.12799999999993 149.51899999999998 129
2110.0 899.6519999999998 17 3360.0 -1250.0 158 -212 263.19999999999993 152.41899999999998 125
1920.0 723.6809999999996 13 3630.0 -1620.0 165 -167 197.86799999999997 148.24299999999997 233
2815.0 714.918 11 3540.0 -935.0 103 -142 271.2259999999999 147.56899999999996 166
2210.0 783.0880000000002 13 4020.0 -1980.0 180 -168 270.486 164.214 198
420.0 147.60199999999995 2 420.0 0.0 0 -31 57.25999999999998 18.877000000000002 0
2870.0 933.1149999999996 17 4110.0 -1560.0 184 -216 249.623 193.627 156
4120.0 1102.975 21 4890.0 -930.0 174 -248 342.183 214.67199999999997 93
1730.0 818.3219999999997 13 3480.0 -1750.0 159 -189 243.56899999999996 146.47499999999997 175
2010.0 866.2419999999997 16 3810.0 -1940.0 176 -200 246.681 173.92199999999997 194
2610.0 831.4839999999998 13 4290.0 -1680.0 182 -190 239.46099999999993 185.32700000000003 227
3760.0 945.2859999999995 18 4680.0 -1080.0 168 -202 317.3829999999999 195.02199999999996 163
1800.0 602.1430000000001 10 3540.0 -1740.0 158 -134 207.91899999999998 122.74799999999999 260
1250.0 471.48099999999977 8 1950.0 -700.0 81 -117 116.58699999999996 87.33199999999998 140
3750.0 1047.032 20 5130.0 -1860.0 206 -231 341.876 211.53099999999992 170
2120.0 953.8719999999996 18 3900.0 -1780.0 162 -209 321.2380000000001 170.80699999999996 178
2185.0 747.0499999999997 12 3270.0 -1275.0 176 -162 248.05399999999995 136.58899999999997 200
2760.0 782.1679999999994 15 4050.0 -1290.0 162 -162 263.9509999999999 184.63899999999992 129
4220.0 1028.8639999999998 19 5610.0 -1500.0 173 -232 308.3509999999999 246.63400000000004 134
2310.0 830.2059999999997 16 3480.0 -1290.0 166 -196 239.965 148.389 141
3990.0 773.8809999999999 12 5400.0 -1410.0 188 -177 225.23499999999996 218.307 141
1250.0 814.6109999999996 15 3030.0 -1780.0 162 -177 260.9929999999999 151.24599999999998 178
2730.0 875.0759999999998 15 4020.0 -1290.0 161 -179 337.4239999999998 162.937 129
2320.0 546.4039999999998 10 2730.0 -410.0 85 -134 138.71299999999997 112.38299999999997 41
150.0 97.52799999999995 1 150.0 0.0 0 -24 25.825999999999993 6.634000000000001 0
4310.0 991.246 18 5190.0 -940.0 167 -227 318.05499999999995 199.34900000000002 77
2840.0 903.1690000000001 17 4140.0 -1300.0 163 -203 298.923 154.07199999999997 130
1975.0 770.7239999999998 14 3390.0 -1605.0 174 -182 229.40499999999992 134.743 218
2590.0 915.7799999999996 18 4350.0 -1830.0 166 -219 223.07299999999998 199.676 183
1010.0 513.1479999999999 9 1920.0 -910.0 83 -129 135.875 79.311 91
1250.0 716.0319999999998 11 2730.0 -1480.0 181 -160 219.62699999999995 122.95899999999997 148
910.0 542.4239999999998 11 1830.0 -1130.0 127 -127 162.94799999999998 77.53499999999998 113
300.0 79.81999999999996 1 300.0 0.0 0 -24 10.733999999999996 10.368999999999994 0
3410.0 1144.3819999999996 18 5100.0 -1690.0 154 -248 357.9149999999999 234.4979999999999 169
1120.0 611.3039999999999 11 2040.0 -1060.0 113 -129 221.29999999999998 93.06099999999999 106
1095.0 681.5159999999998 12 2280.0 -1285.0 173 -145 238.48499999999996 100.029 182
1260.0 800.4699999999997 13 3000.0 -1800.0 163 -154 306.6109999999999 140.89799999999997 180
1870.0 786.5249999999999 13 3660.0 -1800.0 163 -190 216.95299999999995 150.30399999999992 180
1580.0 788.1339999999997 12 3540.0 -1960.0 202 -183 238.08599999999993 155.79999999999995 196
1720.0 886.3249999999998 14 3390.0 -1670.0 152 -195 278.6809999999999 154.32799999999992 167
1870.0 755.2619999999998 13 3630.0 -1760.0 160 -187 187.45099999999996 149.876 176
1960.0 888.1359999999997 16 3750.0 -1800.0 165 -188 309.8189999999999 156.338 180
1470.0 811.822 13 2700.0 -1360.0 167 -165 288.3179999999999 137.956 221
2460.0 740.7949999999998 14 3960.0 -1550.0 158 -172 203.082 170.63100000000003 225
1620.0 824.2059999999998 14 3540.0 -1930.0 195 -196 215.40399999999994 156.69000000000003 193
1270.0 787.4209999999998 13 2970.0 -1700.0 154 -159 295.7379999999999 131.86999999999998 170
1340.0 648.439 10 2550.0 -1210.0 157 -139 213.94099999999992 115.77099999999997 121
2650.0 881.0609999999999 14 3930.0 -1390.0 172 -172 334.8499999999999 179.92499999999998 139
1660.0 755.9719999999998 12 2970.0 -1600.0 190 -167 238.45899999999995 119.29299999999999 160
1910.0 788.3509999999998 14 3570.0 -1660.0 151 -188 207.63299999999992 156.195 166
2175.0 754.3249999999996 13 3120.0 -945.0 159 -176 209.33699999999996 130.23199999999997 150
2280.0 988.1940000000001 18 4020.0 -1805.0 165 -240 265.5799999999999 166.64499999999998 187
3810.0 912.7919999999996 18 4560.0 -825.0 164 -217 248.1699999999999 186.896 90
1700.0 718.9799999999998 11 3510.0 -1870.0 170 -150 254.49599999999992 148.59700000000004 187
2570.0 866.9179999999996 15 3810.0 -1500.0 181 -195 257.23599999999993 175.63899999999998 150
3940.0 924.7389999999996 15 5190.0 -1410.0 174 -204 270.70199999999994 236.81799999999996 141
2670.0 1111.0169999999994 20 4410.0 -1960.0 178 -271 265.99500000000006 205.79400000000004 196
2190.0 717.5459999999994 13 3480.0 -1410.0 172 -155 231.90099999999995 129.99199999999996 141
1580.0 850.9459999999998 15 3300.0 -1870.0 169 -178 298.885 153.10499999999996 187
1670.0 700.51 11 3420.0 -1750.0 159 -149 222.48399999999992 156.664 175
3130.0 952.8039999999996 19 4380.0 -1265.0 158 -218 294.10299999999995 190.36799999999997 126
2270.0 871.0509999999997 17 4050.0 -1830.0 166 -204 234.75800000000007 180.221 183
2640.0 867.4439999999998 14 3870.0 -1540.0 182 -196 275.6999999999999 162.50300000000001 154
2830.0 1096.688 21 4560.0 -1790.0 163 -243 333.6219999999999 204.99399999999991 179
2795.0 927.0249999999999 16 4560.0 -1805.0 163 -206 276.506 199.603 271
2320.0 840.587 14 4020.0 -1700.0 154 -184 275.95 170.09099999999998 170
910.0 747.5009999999999 14 2700.0 -1790.0 163 -183 188.311 115.65699999999997 179
1540.0 571.7879999999998 10 3030.0 -1490.0 164 -117 198.17399999999995 133.86999999999998 205
2680.0 985.692 17 3930.0 -1410.0 191 -224 293.22799999999995 178.53599999999997 141
180.0 112.11499999999998 2 180.0 0.0 0 -30 22.586 9.381 0
1450.0 807.2329999999995 15 2730.0 -1490.0 181 -179 271.7599999999999 110.697 149
180.0 92.27599999999995 1 180.0 0.0 0 -24 20.030999999999995 8.687999999999999 0
2700.0 823.2279999999998 14 4410.0 -2150.0 196 -207 210.18399999999997 110.59499999999998 215
2695.0 753.3009999999997 14 4080.0 -1385.0 155 -174 219.88199999999998 145.689 196
2690.0 743.1749999999998 14 3450.0 -760.0 158 -171 220.01399999999998 149.579 76
1470.0 565.5879999999997 8 1860.0 -390.0 81 -124 179.81900000000002 84.755 39
3910.0 1017.0359999999997 19 4650.0 -990.0 206 -222 325.98299999999995 202.38599999999994 99
690.0 120.99600000000005 1 690.0 0.0 0 -35 19.54800000000001 24.259 0
3620.0 1097.1539999999995 21 4350.0 -1060.0 219 -249 333.99499999999995 188.075 106
370.0 482.79399999999987 8 1290.0 -920.0 84 -109 159.961 57.006 92
1970.0 516.8099999999998 9 2340.0 -370.0 77 -132 130.00699999999998 81.70900000000002 37
1640.0 794.3169999999998 13 3390.0 -1750.0 159 -167 270.91299999999995 156.91799999999995 175
4185.0 804.4759999999998 14 5220.0 -1035.0 154 -195 248.34799999999996 164.174 170
1405.0 768.1049999999997 14 2910.0 -1505.0 166 -174 246.9399999999999 120.88499999999998 209
2390.0 862.2939999999999 14 4110.0 -1940.0 202 -197 256.29999999999995 174.323 194
2250.0 908.6429999999998 14 4230.0 -1980.0 208 -210 264.42900000000003 183.77899999999997 198
2500.0 1081.549 20 4230.0 -1970.0 179 -233 369.545 179.23899999999995 197
2790.0 816.0219999999999 15 4050.0 -1260.0 159 -182 250.57999999999998 170.95100000000002 126
2150.0 844.1749999999998 14 3900.0 -1750.0 159 -163 324.16799999999995 179.71399999999997 175
1240.0 649.3359999999998 12 2490.0 -1250.0 156 -154 174.63899999999998 116.173 125
4405.0 841.781 14 5670.0 -1265.0 160 -186 270.224 225.27899999999994 253
4210.0 1221.5859999999996 20 5820.0 -1610.0 235 -284 315.731 272.49300000000005 161
2010.0 878.2699999999999 14 3660.0 -1650.0 239 -207 267.26399999999995 143.14999999999995 165
1480.0 833.9789999999997 15 3240.0 -1830.0 166 -195 230.50300000000007 148.911 183
735.0 520.0009999999999 10 1230.0 -495.0 82 -119 173.72599999999997 48.38100000000001 33
2400.0 912.9629999999999 15 4080.0 -1860.0 169 -194 304.6609999999999 185.24399999999997 186
3970.0 1181.4099999999996 20 5160.0 -1580.0 188 -261 379.41999999999996 223.0279999999999 158
760.0 509.8059999999998 8 1680.0 -920.0 84 -113 159.692 78.26400000000001 92
1770.0 867.2669999999998 18 2850.0 -1250.0 176 -212 227.76599999999996 125.56799999999998 194
3130.0 965.6809999999996 17 5250.0 -2120.0 234 -242 234.68500000000003 203.666 212
3100.0 917.7149999999999 17 4050.0 -990.0 163 -220 233.73600000000005 178.42899999999992 154
240.0 125.68899999999996 2 240.0 0.0 0 -34 23.077999999999996 14.003000000000002 0
2040.0 857.9800000000001 17 3780.0 -1860.0 169 -204 241.93599999999995 155.05399999999997 186
2255.0 729.1489999999997 11 3900.0 -1645.0 172 -159 234.72899999999998 169.61099999999996 232
1655.0 859.3919999999996 15 3210.0 -1825.0 182 -192 282.068 134.75900000000001 251
1560.0 969.814 20 2700.0 -1480.0 186 -229 281.15500000000003 119.31700000000002 202
1860.0 649.2119999999999 14 2760.0 -900.0 82 -164 151.50999999999996 121.46699999999996 90
2070.0 1013.0249999999996 19 3300.0 -1275.0 161 -227 329.551 147.54 132
1690.0 752.8269999999997 12 3390.0 -1700.0 154 -176 213.94099999999992 149.86499999999998 170
2180.0 683.5329999999999 13 3090.0 -910.0 83 -154 198.01 147.26399999999995 91
1760.0 1022.8689999999997 16 3840.0 -2080.0 223 -227 318.4599999999999 167.366 208
1050.0 759.028 13 2820.0 -1770.0 161 -164 260.16900000000004 123.119 177
3045.0 1046.6779999999994 18 3900.0 -985.0 169 -213 385.3689999999998 181.11199999999994 83
2290.0 724.6569999999998 12 3540.0 -1250.0 159 -154 254.95399999999987 149.611 125
1595.0 739.2439999999997 12 3180.0 -1695.0 171 -157 253.98099999999994 137.77400000000003 236
2080.0 707.5120000000002 12 3870.0 -1920.0 190 -161 219.531 150.764 192
3810.0 1068.6369999999993 19 4560.0 -990.0 178 -248 313.6449999999999 195.59599999999995 99
2120.0 545.5179999999998 9 3000.0 -880.0 80 -142 115.868 115.29499999999997 88
660.0 821.3699999999999 14 2610.0 -1950.0 177 -186 271.25199999999995 110.88399999999997 195
210.0 77.43499999999997 1 210.0 0.0 0 -24 3.555999999999999 10.669999999999996 0
2330.0 824.5689999999997 14 3570.0 -1315.0 164 -181 265.176 151.132 139
1650.0 668.7499999999998 11 3510.0 -1860.0 170 -160 175.97199999999998 153.07299999999995 186
630.0 187.70100000000002 2 630.0 0.0 0 -41 63.848999999999975 24.314999999999987 0
2425.0 782.872 14 4020.0 -1595.0 180 -177 253.71199999999996 162.83099999999996 229
1820.0 852.0949999999997 14 3660.0 -1840.0 168 -176 298.64 168.84799999999993 184
3160.0 854.3559999999999 13 5010.0 -1850.0 169 -186 260.71299999999997 215.97099999999995 185
3720.0 1114.1959999999997 21 4980.0 -1500.0 182 -253 333.9429999999999 215.63399999999996 150
2330.0 846.8159999999997 14 3570.0 -1240.0 153 -174 302.71900000000005 165.74999999999994 124
390.0 128.833 2 390.0 0.0 0 -34 30.120999999999988 15.102 0
1950.0 569.4829999999998 11 2820.0 -870.0 79 -151 123.51499999999996 112.55699999999999 87
2790.0 822.9619999999995 15 4020.0 -1490.0 208 -198 200.26899999999998 150.46900000000002 149
2340.0 955.5719999999998 17 3540.0 -1200.0 154 -209 327.25 151.15300000000002 120
3320.0 1079.757 19 4710.0 -1390.0 163 -241 327.4229999999999 217.2279999999999 123
1000.0 650.6920000000002 9 2760.0 -1760.0 186 -153 205.61299999999997 96.457 230
4180.0 880.8359999999999 14 5340.0 -1160.0 150 -198 257.03899999999993 225.77200000000002 116
150.0 80.64199999999995 1 150.0 0.0 0 -25 7.2549999999999955 7.118999999999999 0
990.0 731.797 13 2820.0 -1830.0 171 -177 180.19199999999998 133.40799999999996 183
1820.0 563.3749999999998 10 2640.0 -1385.0 140 -117 192.06499999999994 124.99799999999998 195
2960.0 895.6049999999994 16 4680.0 -1860.0 168 -207 252.03299999999996 210.198 186
2430.0 533.6359999999999 9 2820.0 -390.0 81 -132 148.26 99.07800000000002 39
2270.0 857.9649999999998 17 3990.0 -1855.0 176 -201 246.09099999999998 168.53099999999992 199
1730.0 804.4179999999996 15 3420.0 -1950.0 177 -190 219.63899999999992 147.518 195
2845.0 658.097 12 4500.0 -1655.0 169 -147 220.87699999999998 158.94099999999997 238
760.0 691.1879999999996 12 2610.0 -1850.0 168 -168 171.32899999999995 118.30799999999999 185
270.0 94.23899999999995 1 270.0 0.0 0 -24 22.238999999999987 11.232000000000003 0
1880.0 876.3359999999999 15 3600.0 -1740.0 157 -202 259.60599999999994 157.158 174
2430.0 914.5649999999997 16 4110.0 -2230.0 203 -213 256.08399999999995 178.44499999999996 223
1330.0 574.3759999999997 10 2190.0 -860.0 78 -138 148.436 99.32499999999996 86
3050.0 625.0099999999999 11 3930.0 -1280.0 116 -130 227.68899999999994 150.55399999999997 128
2450.0 586.1629999999999 11 2820.0 -730.0 109 -120 229.9609999999999 112.35099999999996 73
3080.0 922.0189999999997 16 4770.0 -1690.0 153 -220 262.0 187.135 169
1455.0 607.332 11 3090.0 -1635.0 171 -129 209.03999999999988 120.82999999999997 230
4090.0 865.1449999999998 15 5310.0 -1470.0 180 -184 295.08099999999985 215.82799999999995 147
2730.0 751.1149999999999 14 3300.0 -570.0 80 -178 193.901 152.9159999999999 114
3610.0 990.6139999999999 18 4830.0 -1460.0 203 -225 284.0539999999999 206.84699999999998 146
1170.0 572.3409999999999 9 1740.0 -570.0 80 -126 192.74800000000002 81.34199999999997 114
2870.0 892.1139999999998 16 4530.0 -1670.0 151 -182 330.9979999999999 190.219 167
1315.0 729.8409999999999 14 2760.0 -1525.0 167 -165 235.95099999999996 115.19899999999997 211
880.0 593.5319999999997 10 2400.0 -1520.0 156 -140 178.063 89.60499999999999 222
1930.0 676.0729999999998 11 3630.0 -1960.0 178 -153 198.94699999999995 146.59499999999997 196
210.0 98.13499999999998 1 210.0 0.0 0 -24 25.479999999999993 10.323999999999998 0
3060.0 902.9109999999998 17 4800.0 -2040.0 220 -210 241.88299999999998 208.85999999999999 204
2400.0 545.1879999999999 9 3270.0 -870.0 79 -124 173.165 127.25099999999998 87
1070.0 629.8879999999999 10 1980.0 -910.0 83 -144 177.81699999999998 102.54499999999999 91
2540.0 934.2009999999999 15 4560.0 -2020.0 222 -213 265.43600000000004 210.96699999999993 202
1560.0 908.1339999999997 17 3300.0 -2050.0 222 -207 281.25399999999996 141.189 205
2250.0 814.948 15 3930.0 -1680.0 153 -192 246.98799999999994 142.48099999999997 168
2800.0 967.8409999999997 17 4440.0 -1850.0 192 -222 286.02699999999993 182.25 185
3180.0 1001.2479999999997 17 4440.0 -1325.0 167 -232 330.85599999999994 171.95299999999997 139
2180.0 835.4649999999999 14 3690.0 -1510.0 207 -185 271.02 156.76799999999994 151
2620.0 955.4339999999995 17 4320.0 -1700.0 245 -230 250.127 182.92699999999996 170
2700.0 777.2739999999997 14 3300.0 -600.0 85 -175 242.82299999999995 145.40599999999995 120
2920.0 893.9269999999997 16 4650.0 -1970.0 179 -183 310.2829999999999 207.23999999999995 197
1620.0 920.9569999999997 15 3420.0 -2060.0 187 -193 320.04799999999994 165.14499999999998 206
3390.0 1099.3169999999998 17 4980.0 -1590.0 231 -247 350.3839999999999 211.34199999999996 159
2295.0 724.1419999999997 14 3480.0 -1185.0 160 -171 201.74599999999998 143.45999999999995 177
330.0 114.52999999999994 2 330.0 0.0 0 -32 23.111999999999995 12.696999999999996 0
1210.0 798.766 15 2880.0 -1920.0 174 -188 233.02899999999994 123.91899999999997 192
420.0 141.385 2 420.0 0.0 0 -33 40.375 18.885 0
1190.0 590.4259999999998 11 2640.0 -1450.0 161 -145 142.62099999999998 120.972 204
3750.0 982.7229999999998 18 5040.0 -1570.0 188 -223 280.29599999999994 229.381 157
2530.0 1034.8289999999997 19 4020.0 -1220.0 153 -221 354.05099999999993 175.40299999999996 122
90.0 98.21899999999997 1 90.0 0.0 0 -24 28.473999999999986 3.672 0
2430.0 822.7499999999998 14 4200.0 -1770.0 161 -184 246.5419999999999 192.19200000000004 177
660.0 749.6439999999998 11 2430.0 -1770.0 161 -157 269.4169999999999 106.338 177
2375.0 883.5749999999999 15 3480.0 -1105.0 156 -200 263.5829999999999 157.48499999999999 104
1515.0 726.6139999999997 12 3060.0 -1585.0 162 -150 255.97099999999998 139.655 231
90.0 90.95 1 90.0 0.0 0 -24 20.233000000000004 4.191999999999999 0
4080.0 1077.3379999999997 21 5760.0 -1680.0 153 -269 253.232 243.11200000000002 168
4390.0 1114.8349999999998 19 5310.0 -770.0 160 -255 324.22399999999993 241.68200000000004 77
4040.0 986.4859999999996 18 5310.0 -1210.0 153 -215 330.888 210.615 121
1380.0 810.5089999999996 14 3210.0 -1840.0 168 -168 293.05199999999996 143.07199999999997 185
3160.0 1093.7440000000004 21 4470.0 -1360.0 169 -233 375.6959999999999 199.31799999999996 136
570.0 177.64499999999992 3 570.0 0.0 0 -39 59.69300000000001 25.724999999999998 0
2500.0 811.2439999999998 15 4110.0 -1610.0 164 -156 318.6419999999998 175.91399999999996 232
1630.0 629.788 11 2550.0 -920.0 84 -130 222.35899999999998 110.55099999999996 92
2150.0 882.0199999999999 15 3420.0 -1270.0 162 -207 254.94 149.41199999999998 127
780.0 156.44899999999993 2 780.0 0.0 0 -33 55.85699999999996 33.19 0
1580.0 747.71 14 2820.0 -1270.0 157 -161 256.13399999999996 129.564 127
2030.0 857.0480000000001 14 3600.0 -1770.0 166 -198 231.586 165.976 197
1660.0 849.7069999999998 13 2910.0 -1250.0 158 -163 332.74199999999985 133.59699999999998 125
1590.0 804.2919999999997 15 3390.0 -1800.0 164 -190 205.68499999999992 166.56799999999998 180
2360.0 964.3059999999999 18 3720.0 -1410.0 168 -217 298.46299999999985 162.737 126
1890.0 775.7229999999997 14 3570.0 -1820.0 165 -179 229.787 156.80299999999997 182
2940.0 849.9019999999999 16 4230.0 -1290.0 161 -199 224.54999999999998 183.38999999999996 129
2850.0 990.2069999999998 19 4140.0 -1540.0 187 -228 290.4029999999999 181.26600000000002 154
1590.0 619.623 12 2460.0 -870.0 79 -146 170.361 107.997 87
260.0 718.5689999999995 11 2220.0 -1960.0 178 -155 249.48299999999995 93.90200000000002 196
1830.0 779.7629999999997 14 2850.0 -1020.0 172 -171 262.794 121.10600000000001 86
3200.0 986.5579999999997 19 3990.0 -1220.0 203 -248 239.49699999999996 173.939 122
2480.0 843.7649999999999 16 3720.0 -1260.0 157 -195 253.73499999999993 150.97299999999996 126
3000.0 988.2849999999994 17 4200.0 -1300.0 164 -199 362.4349999999999 190.69299999999998 130
980.0 549.0509999999998 10 1890.0 -910.0 83 -128 160.777 80.548 91
3480.0 1023.3159999999999 18 4200.0 -1560.0 226 -221 351.3039999999999 177.42699999999996 156
2080.0 881.7449999999998 15 3870.0 -1835.0 169 -200 262.3359999999999 167.313 188
1680.0 731.8109999999995 13 3000.0 -1580.0 190 -171 232.68899999999994 112.42399999999998 158
2030.0 838.4499999999997 16 3750.0 -1720.0 157 -207 204.2179999999999 155.222 172
1760.0 708.0839999999998 14 2610.0 -1450.0 147 -158 217.039 115.10399999999997 205
210.0 104.51699999999997 1 210.0 0.0 0 -24 32.288 9.417999999999996 0
3010.0 923.3389999999997 17 3960.0 -1005.0 164 -213 279.459 172.88899999999998 166
2140.0 907.3269999999997 16 3870.0 -2020.0 183 -195 310.30099999999993 167.057 202
2080.0 895.6759999999995 17 3810.0 -1810.0 168 -217 241.23499999999999 165.839 189
1780.0 756.6629999999997 13 3030.0 -1250.0 156 -176 231.0049999999999 118.71099999999998 125
3340.0 944.889 17 4080.0 -920.0 170 -206 315.32099999999997 169.85699999999997 92
360.0 114.27399999999994 2 360.0 0.0 0 -28 33.23099999999999 12.903000000000002 0
1830.0 714.1779999999997 11 3570.0 -2010.0 183 -150 230.09699999999998 164.83 201
2780.0 855.7429999999999 16 3570.0 -1160.0 197 -186 282.06999999999994 164.129 116
3240.0 1114.7569999999998 21 4470.0 -1265.0 160 -258 325.9559999999999 199.00499999999994 130
400.0 464.78199999999987 7 1320.0 -920.0 84 -103 154.923 56.893999999999984 92
1995.0 888.043 16 3330.0 -1505.0 173 -204 270.15299999999996 145.60199999999995 134
1580.0 816.0449999999996 16 3300.0 -1840.0 181 -186 237.39999999999998 145.364 184
1450.0 930.2439999999998 15 3510.0 -2060.0 229 -207 291.8949999999999 163.62099999999995 206
2660.0 1071.8969999999997 20 3870.0 -1250.0 160 -238 342.4389999999999 181.72899999999993 125
3805.0 1092.658 22 5130.0 -1635.0 219 -270 253.94399999999996 233.38199999999992 148
1840.0 428.6479999999999 7 2700.0 -860.0 78 -126 63.03599999999999 90.26200000000001 86
1925.0 799.7979999999998 15 3330.0 -1665.0 180 -172 269.381 135.73199999999994 225
1960.0 771.6489999999998 14 3720.0 -1800.0 163 -159 277.118 162.7069999999999 180
3120.0 952.3009999999996 17 4410.0 -1760.0 204 -223 285.17099999999994 174.18499999999997 176
1330.0 829.0019999999998 16 3120.0 -2010.0 183 -206 213.68399999999997 125.7 201
3580.0 1003.0809999999998 16 4860.0 -1360.0 166 -222 314.9349999999999 208.61799999999997 136
3960.0 1008.0179999999997 18 4800.0 -1070.0 177 -229 300.76499999999993 210.30499999999998 92
2180.0 663.7030000000003 11 3420.0 -1240.0 157 -146 238.83100000000002 120.896 124
1875.0 468.5229999999999 8 2400.0 -525.0 74 -114 125.98199999999997 86.53999999999998 105
1510.0 584.0899999999998 10 2430.0 -920.0 84 -132 182.62599999999995 107.21499999999997 92
5370.0 1060.7249999999997 19 6060.0 -1190.0 188 -251 305.6159999999999 236.61399999999998 119
1140.0 786.9039999999999 13 3060.0 -1920.0 187 -174 260.30499999999995 127.21699999999998 192
2730.0 577.5169999999998 10 3090.0 -360.0 75 -141 134.47399999999996 131.77799999999996 36
1900.0 939.3349999999997 18 3180.0 -1350.0 173 -215 280.85299999999995 137.88900000000004 135
1760.0 863.9489999999998 15 3420.0 -1660.0 151 -201 273.26 132.234 166
1820.0 585.0679999999998 10 2700.0 -880.0 80 -128 179.84699999999995 117.40599999999998 88
2470.0 787.1989999999997 12 4050.0 -1580.0 161 -173 243.146 172.66199999999998 229
3040.0 798.287 14 3960.0 -920.0 154 -183 221.87899999999996 184.873 148
3060.0 931.4549999999996 18 3780.0 -1110.0 184 -218 266.173 168.32799999999997 150
360.0 636.9269999999996 11 2190.0 -1900.0 175 -149 200.6499999999999 83.24900000000001 197
1960.0 778.7710000000001 13 3480.0 -1520.0 156 -186 203.34399999999994 150.92299999999997 222
160.0 420.44799999999987 7 1080.0 -1140.0 104 -84 167.45999999999998 45.324999999999996 114
3420.0 1042.2429999999997 17 4710.0 -1450.0 176 -216 365.1859999999999 209.669 145
3640.0 1044.9040000000002 18 4560.0 -1295.0 207 -256 280.03 177.79799999999994 222
360.0 136.73199999999997 2 360.0 0.0 0 -37 29.866999999999987 14.206999999999999 0
3930.0 1029.833 19 5250.0 -1600.0 192 -240 267.00199999999995 239.34199999999998 160
1200.0 721.9039999999999 15 2760.0 -1760.0 178 -159 223.20100000000002 130.52799999999996 248
1540.0 751.2839999999995 14 3330.0 -1970.0 179 -159 241.35799999999992 157.01099999999994 197
1645.0 814.4919999999997 16 3300.0 -1775.0 175 -199 213.969 150.945 259
2970.0 1027.8990000000001 18 4200.0 -1230.0 156 -249 266.0109999999999 188.64 123
3250.0 1051.076 19 4980.0 -1735.0 157 -230 326.628 234.34299999999996 174
270.0 115.85899999999995 2 270.0 0.0 0 -35 14.384999999999998 11.836999999999996 0
585.0 459.62499999999983 8 1320.0 -735.0 85 -91 180.84699999999992 62.53200000000001 147
2400.0 972.764 18 4110.0 -1950.0 206 -233 264.638 184.91699999999992 195
1865.0 891.2129999999999 15 3330.0 -1585.0 173 -190 296.07499999999993 147.97100000000003 217
5140.0 990.9239999999996 17 6300.0 -1305.0 166 -240 280.7499999999999 223.44499999999994 145
150.0 101.80699999999996 1 150.0 0.0 0 -24 30.59399999999997 7.267999999999999 0
3255.0 942.5239999999995 16 4170.0 -915.0 153 -209 291.455 192.694 147
2200.0 653.2059999999999 13 3060.0 -860.0 78 -144 194.29 125.395 86
2190.0 876.2979999999998 15 3390.0 -1340.0 183 -180 321.3179999999999 148.49099999999996 134
3830.0 1020.1089999999997 18 5070.0 -1250.0 157 -232 298.493 217.01999999999992 125
2040.0 668.3499999999997 11 2970.0 -930.0 155 -130 267.105 126.01199999999996 150
2140.0 859.5459999999996 17 3750.0 -1790.0 180 -198 268.56999999999994 148.444 249
1950.0 876.7229999999996 16 3210.0 -1310.0 162 -199 269.739 139.39099999999996 136
1240.0 622.1860000000001 12 2130.0 -890.0 81 -155 161.191 85.51700000000001 89
1430.0 841.1379999999997 15 3030.0 -1600.0 164 -212 205.77299999999997 121.555 232
2450.0 1007.3279999999999 16 4410.0 -1960.0 226 -255 204.04899999999995 203.98499999999999 196
2560.0 963.1890000000001 17 4350.0 -1850.0 168 -216 300.61400000000003 177.97899999999998 185
4550.0 1009.3619999999997 18 5790.0 -1440.0 176 -228 276.853 257.59299999999996 144
1950.0 884.107 16 3180.0 -1480.0 206 -203 276.25699999999995 124.973 148
1210.0 737.4799999999996 14 3000.0 -1940.0 176 -167 233.96799999999996 123.10899999999997 194
2530.0 962.3259999999998 18 3810.0 -1460.0 176 -221 269.163 167.27900000000002 146
2820.0 811.1409999999995 17 4050.0 -1380.0 167 -212 208.23399999999992 127.698 138
3490.0 1118.093 21 4800.0 -1330.0 166 -256 325.405 220.178 133
2680.0 953.4359999999997 17 3930.0 -1310.0 163 -215 286.98699999999997 177.956 131
2740.0 989.8120000000001 19 3990.0 -1940.0 219 -230 291.48999999999995 172.96399999999997 194
2220.0 870.6349999999998 15 3990.0 -1770.0 161 -208 248.003 167.20899999999995 177
2270.0 911.7389999999998 17 4050.0 -1820.0 165 -215 237.41099999999994 187.65499999999997 186
3120.0 879.8109999999998 15 3960.0 -1570.0 222 -187 292.83199999999994 187.61999999999998 142
2350.0 884.7779999999999 17 4050.0 -1700.0 155 -212 239.313 172.071 170
3710.0 1047.499 19 4500.0 -1580.0 236 -241 323.132 180.43200000000002 158
1900.0 1073.8389999999995 18 4500.0 -2600.0 237 -258 270.90500000000003 201.61100000000002 260
1910.0 844.6719999999998 16 3150.0 -1330.0 169 -177 293.303 147.557 142
1910.0 781.7159999999996 14 3150.0 -1400.0 173 -158 273.36299999999994 168.281 140
1410.0 926.4739999999998 18 3450.0 -2120.0 235 -225 247.52999999999997 146.818 212
1895.0 710.2359999999998 13 2940.0 -1045.0 155 -169 211.42799999999994 111.93299999999998 172
360.0 568.7129999999999 10 1800.0 -1440.0 161 -135 164.188 77.642 204
1960.0 861.1469999999999 16 3660.0 -1720.0 156 -206 242.46299999999997 141.283 172
1765.0 690.8789999999998 13 3000.0 -1235.0 157 -164 196.96299999999994 131.13199999999998 247
2330.0 721.3409999999998 14 2730.0 -400.0 83 -181 179.60199999999998 108.67599999999999 40
300.0 83.59999999999997 1 300.0 0.0 0 -25 7.536999999999998 12.088 0
1850.0 958.02 19 3630.0 -2065.0 209 -249 223.996 140.542 197
3770.0 1010.1989999999998 19 4980.0 -1545.0 199 -243 309.55999999999995 176.50399999999996 188
2750.0 895.752 16 3930.0 -1180.0 150 -195 303.49199999999996 161.054 118
1185.0 680.4949999999997 12 2820.0 -1635.0 185 -156 198.74699999999999 127.49699999999999 147
1840.0 825.0289999999994 15 3600.0 -1760.0 160 -191 250.2459999999999 144.99799999999996 176
3430.0 1062.5529999999999 22 5130.0 -1915.0 184 -278 238.07999999999998 203.871 213
1040.0 726.8409999999998 14 2790.0 -1950.0 177 -169 209.452 119.004 195
2600.0 861.2609999999999 16 4020.0 -1610.0 207 -190 281.79799999999994 161.50499999999994 144
2010.0 855.4939999999999 16 3060.0 -1050.0 155 -210 228.37599999999992 122.99399999999997 174
930.0 463.42099999999994 8 1860.0 -1240.0 113 -105 138.902 73.32000000000001 124
180.0 119.91099999999997 2 180.0 0.0 0 -32 24.96499999999999 8.767 0
2490.0 852.6260000000001 16 4410.0 -1930.0 186 -195 264.619 177.58299999999997 193
3160.0 925.4019999999996 17 4860.0 -1700.0 155 -230 201.16199999999998 209.81199999999995 170
1150.0 511.9759999999999 9 2070.0 -1100.0 100 -108 185.06899999999996 90.72099999999999 110
2070.0 896.7349999999997 17 3960.0 -1770.0 161 -212 240.27099999999993 174.985 177
2850.0 795.924 13 4680.0 -2030.0 185 -180 232.23599999999996 196.9829999999999 203
1780.0 706.0489999999999 12 2970.0 -1190.0 152 -176 179.67999999999995 113.88999999999999 119
1470.0 555.0349999999997 10 2370.0 -900.0 82 -118 182.414 110.83699999999996 90
3030.0 655.0569999999998 11 3540.0 -510.0 85 -151 176.25099999999998 163.09399999999997 34
2725.0 886.6159999999999 16 4200.0 -1575.0 172 -189 297.96599999999995 181.57899999999995 216
330.0 601.419 10 1980.0 -1650.0 167 -130 215.03500000000003 73.353 236
2890.0 1098.827 20 4170.0 -1380.0 181 -251 324.8129999999999 187.25799999999995 138
1580.0 904.9589999999998 18 3270.0 -1690.0 153 -217 241.89099999999996 146.065 169
1950.0 745.3009999999998 13 3570.0 -1880.0 188 -154 255.34199999999996 167.07600000000002 259
1350.0 557.895 10 2190.0 -840.0 76 -139 145.38199999999995 85.25099999999999 84
2170.0 817.4559999999999 15 3570.0 -1400.0 171 -179 247.83700000000005 172.45299999999997 265
2520.0 929.4619999999995 17 3780.0 -1260.0 159 -214 279.056 165.004 126
2590.0 917.7219999999998 15 3720.0 -1130.0 195 -197 300.40599999999995 175.04000000000002 173
3670.0 1025.9999999999998 18 4890.0 -1430.0 172 -220 322.24199999999985 229.84 143
150.0 79.66799999999995 1 150.0 0.0 0 -24 8.862000000000004 6.806 0
2540.0 956.9999999999997 15 4290.0 -1750.0 159 -209 301.11199999999985 204.489 175
1630.0 730.1909999999996 12 3450.0 -1820.0 166 -163 224.23799999999997 150.381 182
2540.0 902.9569999999995 16 3300.0 -1270.0 204 -189 322.77199999999993 150.96299999999994 127
1870.0 894.6459999999996 16 3510.0 -1870.0 196 -196 296.8489999999999 146.793 187
2430.0 807.1039999999997 14 4200.0 -1815.0 162 -174 277.03499999999997 169.90499999999997 186
4040.0 1166.5799999999997 20 4950.0 -1110.0 236 -258 361.81199999999995 220.064 105
4040.0 967.2799999999999 17 5310.0 -1270.0 158 -238 235.78199999999995 223.80599999999995 127
1160.0 896.8849999999995 17 2910.0 -1820.0 165 -196 266.8359999999999 158.17099999999996 182
780.0 666.059 11 2550.0 -1790.0 162 -146 223.19399999999996 95.519 179
1140.0 759.9359999999999 12 2910.0 -1770.0 161 -157 281.77699999999993 116.90999999999995 177
1930.0 620.8319999999999 12 3600.0 -1670.0 152 -142 200.74299999999997 129.33199999999997 167
2030.0 780.0959999999997 14 3840.0 -2050.0 187 -188 198.09599999999995 165.92799999999997 205
4720.0 1029.8139999999999 18 5850.0 -1490.0 220 -254 280.66799999999995 206.88799999999992 149
3195.0 874.6139999999997 17 4800.0 -1745.0 176 -215 202.779 211.3019999999999 248
2910.0 874.8699999999998 16 4200.0 -1710.0 200 -204 246.81199999999993 174.40800000000002 171
3020.0 762.7579999999999 14 4290.0 -1320.0 164 -159 253.18699999999993 190.95699999999994 132
2280.0 870.8159999999997 15 3240.0 -960.0 160 -199 272.26199999999994 139.69 155
2740.0 993.8699999999995 19 3960.0 -1300.0 162 -216 322.83299999999997 178.65899999999996 130
2990.0 672.0139999999998 12 3840.0 -850.0 77 -146 214.03799999999998 170.69299999999998 85
2455.0 937.136 17 3570.0 -1265.0 177 -210 288.47799999999995 155.996 200
2490.0 734.0039999999999 13 4260.0 -1770.0 161 -168 216.79799999999997 172.292 177
4030.0 907.9349999999998 16 5460.0 -1500.0 173 -199 306.09 206.05399999999997 209
3280.0 971.5909999999998 18 5010.0 -1970.0 179 -229 286.53299999999996 196.60299999999992 197
2210.0 725.2749999999997 12 3120.0 -910.0 168 -164 216.61899999999997 140.10899999999998 74
2485.0 830.2499999999998 15 4200.0 -1855.0 168 -195 219.39499999999987 187.155 266
540.0 121.02799999999999 2 540.0 0.0 0 -26 40.11799999999998 24.125999999999998 0
3020.0 892.7959999999998 15 4260.0 -1240.0 157 -203 267.5699999999999 182.496 124
2470.0 823.4619999999995 16 4050.0 -1580.0 190 -189 235.555 182.14999999999998 215
1630.0 738.0829999999996 14 3510.0 -1880.0 179 -178 192.89399999999998 144.85799999999998 188
1950.0 825.9369999999997 15 3660.0 -1930.0 175 -189 253.95999999999995 147.988 193
3680.0 996.981 19 4650.0 -1230.0 185 -234 283.1499999999999 193.55199999999994 182
2460.0 931.7850000000002 17 3690.0 -1275.0 165 -208 280.952 165.00500000000002 132
960.0 674.4909999999999 12 2790.0 -1830.0 166 -153 202.11099999999996 127.749 183
1450.0 694.0429999999998 13 3270.0 -1840.0 167 -140 273.04199999999986 137.042 184
2690.0 1003.8219999999995 19 3450.0 -960.0 176 -230 293.0789999999999 158.34599999999998 96
2270.0 1004.0829999999997 16 3480.0 -1310.0 161 -200 377.21099999999996 164.46699999999996 131
510.0 131.32799999999997 2 510.0 0.0 0 -32 32.78000000000001 23.670999999999992 0
2505.0 850.1429999999999 15 3840.0 -1335.0 148 -195 240.33699999999996 170.00399999999996 187
1110.0 708.786 12 2610.0 -1570.0 162 -151 238.02699999999993 117.67999999999999 234
4560.0 1001.0859999999996 17 5760.0 -1245.0 159 -216 295.576 269.0959999999999 129
1320.0 779.435 14 3120.0 -1980.0 201 -185 233.26399999999992 113.05999999999999 198
2960.0 960.4139999999995 20 4260.0 -1500.0 205 -230 264.14799999999997 179.70699999999997 150
2170.0 612.9599999999996 11 3900.0 -1760.0 159 -139 195.56399999999996 149.36699999999996 179
2200.0 1060.691 20 3990.0 -1990.0 181 -239 322.22999999999996 183.66599999999994 199
2600.0 966.9279999999994 19 3810.0 -1230.0 153 -239 245.70199999999988 171.48199999999997 123
420.0 89.38399999999997 1 420.0 0.0 0 -24 20.461000000000002 12.495000000000001 0
3630.0 899.6649999999997 17 4890.0 -1300.0 162 -189 320.762 207.55299999999994 130
1370.0 698.7909999999997 13 3120.0 -1800.0 169 -166 198.19999999999993 105.16599999999998 180
3740.0 952.1099999999996 16 4980.0 -1590.0 190 -226 247.28599999999992 185.35900000000004 159
2590.0 842.1759999999999 15 4350.0 -1770.0 161 -174 297.81399999999996 197.12599999999992 178
2210.0 897.9179999999997 17 3930.0 -1980.0 179 -215 256.11599999999993 159.60899999999995 198
4180.0 1050.3599999999997 17 5730.0 -1580.0 216 -247 260.8229999999999 254.86699999999988 158
2210.0 868.3149999999995 14 3900.0 -1840.0 167 -188 271.801 145.35600000000002 184
1800.0 796.9909999999996 14 3060.0 -1470.0 178 -161 291.69699999999995 143.48 147
2180.0 550.3709999999998 11 2550.0 -370.0 77 -139 129.95899999999997 101.323 37
3680.0 925.4929999999997 16 4830.0 -1150.0 148 -221 250.37499999999997 188.39900000000003 115
1990.0 897.6809999999997 16 2730.0 -1010.0 178 -182 337.93399999999997 119.07000000000001 101
3040.0 799.4909999999998 14 4770.0 -1860.0 168 -181 245.88400000000001 190.239 186
1330.0 660.2449999999999 11 2190.0 -860.0 178 -140 237.7779999999999 87.094 86
1170.0 515.1369999999998 8 2040.0 -870.0 79 -114 166.91999999999996 89.386 87
2135.0 878.9469999999999 14 3210.0 -1335.0 176 -195 264.883 153.649 127
2300.0 931.4059999999994 17 3510.0 -1510.0 183 -212 273.018 163.559 151
2560.0 899.0289999999999 16 4260.0 -1910.0 173 -200 310.0759999999999 167.096 191
1060.0 542.8229999999998 11 1980.0 -920.0 84 -132 149.789 73.28099999999999 92
3530.0 1216.7319999999997 23 4800.0 -1400.0 178 -272 385.58500000000004 208.3859999999999 153
4060.0 1044.749 18 4830.0 -790.0 164 -234 333.061 201.63899999999995 79
1600.0 896.5679999999999 15 3330.0 -1780.0 162 -190 306.8479999999999 157.35699999999994 183
4300.0 955.4709999999997 18 5550.0 -1270.0 149 -196 337.6729999999999 220.74899999999994 112
2070.0 808.9399999999996 14 3540.0 -1530.0 169 -184 239.5919999999999 159.84499999999997 213
1810.0 674.413 11 3330.0 -1520.0 156 -154 195.78799999999998 145.531 222
2130.0 791.1279999999998 14 3660.0 -1650.0 168 -176 228.20099999999996 177.70299999999997 236
1870.0 805.3959999999997 14 3150.0 -1620.0 194 -191 217.67199999999997 152.276 162
2610.0 926.9869999999994 16 4320.0 -2260.0 205 -232 224.41899999999995 174.809 226
2000.0 826.364 13 3750.0 -1820.0 174 -175 270.58899999999994 166.255 182
2820.0 930.8089999999994 19 4050.0 -1230.0 156 -212 274.881 162.791 123
1185.0 682.1549999999997 11 2580.0 -1415.0 155 -138 237.05800000000002 125.505 197
990.0 633.1469999999998 11 2760.0 -1840.0 167 -150 170.39899999999994 114.58699999999999 184
1410.0 842.7029999999997 16 3210.0 -1800.0 164 -203 229.68999999999994 138.08899999999997 180
1710.0 757.6879999999996 14 3450.0 -1780.0 162 -174 223.44199999999998 153.38400000000001 182
3000.0 896.5750000000003 17 4410.0 -1530.0 167 -217 259.051 160.86399999999998 209
1750.0 840.745 16 3480.0 -1890.0 171 -173 310.56299999999993 150.31599999999997 189
3250.0 1096.7549999999999 21 4500.0 -1440.0 176 -243 346.3749999999999 201.384 144
1425.0 813.6399999999999 14 3150.0 -1725.0 173 -180 234.35299999999995 162.27999999999997 241
1970.0 766.4019999999998 14 3690.0 -1890.0 192 -169 239.15199999999996 159.439 189
2260.0 778.292 14 3780.0 -1670.0 200 -172 252.00399999999996 164.42399999999998 227
2150.0 748.9420000000001 12 3870.0 -1720.0 156 -163 245.076 165.07899999999998 172
3920.0 1075.1729999999998 19 4680.0 -760.0 158 -223 383.5189999999999 207.90699999999993 76
1860.0 515.516 8 2700.0 -840.0 76 -120 142.40499999999997 121.61000000000003 84
1835.0 816.7539999999999 15 3450.0 -1805.0 182 -186 234.345 159.44499999999996 253
1305.0 641.5539999999999 11 2850.0 -1545.0 157 -144 196.86899999999997 124.69 223
3410.0 1058.551 19 4350.0 -990.0 164 -224 354.4919999999999 202.04899999999995 161
2990.0 901.091 14 4260.0 -1390.0 169 -202 274.34 179.67000000000002 139
3890.0 1012.0999999999998 16 4920.0 -1450.0 195 -223 343.33199999999994 189.47999999999996 184
3770.0 948.098 19 5070.0 -1570.0 188 -238 233.36900000000003 194.20499999999996 157
2610.0 797.2139999999997 16 4080.0 -1580.0 174 -177 245.56399999999996 176.979 218
1280.0 890.4429999999995 17 3030.0 -1830.0 240 -212 256.83899999999994 132.135 238
760.0 519.5159999999997 9 1680.0 -925.0 84 -112 189.26299999999992 70.25899999999999 93
3350.0 886.6879999999999 16 4590.0 -1510.0 181 -202 255.51699999999997 194.60499999999996 151
2070.0 665.848 12 3810.0 -1930.0 176 -148 219.77499999999992 149.49399999999994 193
3180.0 989.2709999999998 18 4410.0 -1370.0 169 -239 244.289 196.84199999999996 137
3760.0 1080.9869999999996 21 4530.0 -1040.0 191 -260 313.076 174.354 131
3590.0 868.4589999999996 17 4830.0 -1240.0 158 -203 243.90199999999996 181.09699999999998 124
390.0 163.20899999999995 3 390.0 0.0 0 -39 45.00999999999999 17.017999999999997 0
1640.0 540.354 10 2490.0 -850.0 77 -125 158.67099999999996 110.55499999999999 85
3420.0 932.707 16 4680.0 -1370.0 182 -208 266.35800000000006 202.15399999999997 137
3090.0 1032.1159999999998 17 4860.0 -2000.0 182 -228 313.295 226.91099999999992 200
1690.0 814.952 15 3450.0 -1760.0 160 -193 217.96399999999994 151.12799999999996 176
3040.0 1021.1159999999998 16 4500.0 -1460.0 199 -233 297.86799999999994 202.49499999999998 146
2660.0 677.8569999999996 12 3060.0 -400.0 83 -163 205.981 110.14999999999998 40
3060.0 1011.2659999999997 19 4320.0 -1260.0 158 -226 326.393 188.93699999999993 126
2470.0 742.51 13 3750.0 -1280.0 159 -168 222.62099999999995 162.96299999999997 128
790.0 647.3739999999999 12 1710.0 -1070.0 97 -150 194.95700000000005 82.92499999999998 107
1590.0 779.4399999999999 14 3270.0 -1680.0 153 -190 199.47699999999998 125.22099999999999 168
2810.0 941.9319999999998 15 4050.0 -1650.0 195 -213 267.66099999999983 183.24699999999996 165
2670.0 951.0209999999997 18 4050.0 -1380.0 162 -220 271.048 180.575 122
1700.0 962.9509999999996 16 3480.0 -1780.0 162 -218 302.0899999999999 144.22799999999998 178
2560.0 852.0779999999999 14 3630.0 -1070.0 157 -193 242.29799999999994 164.76399999999998 178
1670.0 752.2029999999996 12 3360.0 -1930.0 176 -167 252.09499999999997 136.40800000000002 193
2050.0 678.7449999999999 13 2910.0 -1710.0 155 -139 245.74399999999994 122.50599999999999 256
1340.0 713.3359999999998 11 3360.0 -2020.0 184 -154 234.705 150.12099999999992 202
685.0 602.5509999999998 10 2160.0 -1495.0 163 -126 207.35599999999994 106.91299999999997 205
2810.0 773.8779999999999 14 4230.0 -1535.0 167 -180 216.938 152.75699999999995 222
1710.0 599.0969999999998 10 3420.0 -1830.0 167 -136 170.00999999999993 128.52099999999996 183
2870.0 794.9129999999997 15 4320.0 -1690.0 209 -184 202.97599999999997 203.896 224
1110.0 823.3569999999999 15 3000.0 -1890.0 186 -184 246.39099999999993 144.87499999999997 189
1585.0 851.2509999999995 16 3180.0 -1635.0 165 -193 262.316 140.29199999999997 232
1740.0 828.6739999999998 15 3510.0 -1770.0 161 -196 223.01499999999996 153.61699999999996 177
2330.0 895.1859999999999 16 4050.0 -1720.0 157 -213 245.30399999999992 176.86299999999997 172
1490.0 741.8749999999998 13 3120.0 -1710.0 155 -150 277.171 135.02399999999997 171
2540.0 914.0779999999999 17 3900.0 -1360.0 160 -208 280.715 173.907 120
1890.0 943.2289999999998 17 3120.0 -1330.0 165 -206 305.45799999999997 142.33200000000002 133
1300.0 719.6479999999999 13 3060.0 -1760.0 160 -163 222.64899999999994 128.80999999999997 176
2810.0 999.7219999999999 18 4050.0 -1250.0 155 -204 342.78299999999996 196.14599999999996 125
3810.0 930.8149999999995 15 4980.0 -1400.0 197 -203 296.8709999999999 210.14200000000002 140
2190.0 749.3959999999997 12 3480.0 -1290.0 164 -164 237.71099999999996 151.395 129
3880.0 992.0959999999999 15 5550.0 -1670.0 241 -211 302.84999999999997 266.385 167
1260.0 784.2369999999999 14 3000.0 -1810.0 164 -176 261.5439999999999 120.02799999999999 181
1220.0 699.4569999999999 12 3060.0 -1840.0 167 -147 256.267 123.17500000000001 184
2310.0 729.8849999999999 13 4050.0 -1760.0 160 -165 229.40699999999998 131.741 176
3510.0 981.4779999999995 18 4770.0 -1380.0 169 -215 317.2429999999999 204.41400000000002 138
2650.0 1036.5129999999997 18 3900.0 -1250.0 159 -223 357.27699999999993 168.91299999999998 125
2570.0 750.148 12 4320.0 -1750.0 159 -181 214.17999999999992 164.177 175
3430.0 904.7449999999999 16 4170.0 -1090.0 186 -203 279.46799999999985 180.67499999999995 109
240.0 91.59099999999998 1 240.0 0.0 0 -24 21.752 9.293000000000005 0
1520.0 873.7229999999997 18 3210.0 -1690.0 154 -218 219.81699999999998 133.415 169
1700.0 861.3759999999996 16 3420.0 -1720.0 156 -204 239.76999999999998 149.666 172
1540.0 614.209 10 2460.0 -1090.0 99 -132 218.67599999999996 105.84899999999996 109
2800.0 1054.2369999999999 18 4170.0 -1370.0 163 -248 296.1879999999999 186.38799999999998 120
2175.0 1011.2069999999998 18 3270.0 -1275.0 183 -217 352.52099999999984 139.26999999999998 171
3630.0 1069.7049999999997 18 5370.0 -2100.0 190 -254 295.61199999999997 217.165 210
1020.0 464.16100000000006 6 1890.0 -870.0 79 -104 151.83200000000005 81.329 87
360.0 117.20399999999998 2 360.0 0.0 0 -27 41.69799999999999 13.218999999999998 0
2010.0 897.7289999999999 15 3300.0 -1550.0 187 -202 291.5659999999999 133.93900000000002 155
1230.0 765.0509999999996 15 2970.0 -1960.0 178 -170 245.61799999999988 127.46399999999998 196
2320.0 887.2579999999996 16 4050.0 -1870.0 169 -205 254.9799999999999 165.01199999999997 187
3150.0 929.7529999999999 15 4410.0 -1350.0 163 -197 287.44999999999993 204.145 135
1530.0 148.15 2 1530.0 0.0 0 -28 60.95399999999999 58.23899999999998 0
1475.0 781.269 14 2850.0 -1665.0 188 -175 265.356 116.13499999999996 150
2230.0 909.1609999999998 16 3420.0 -1190.0 152 -220 243.898 145.55799999999994 119
4670.0 1018.4449999999996 18 5430.0 -840.0 169 -240 300.64699999999993 183.12699999999998 92
2690.0 873.7739999999999 15 3990.0 -1540.0 185 -186 306.6979999999999 159.65500000000003 154
2720.0 900.2759999999997 16 3990.0 -1270.0 159 -226 214.786 148.90800000000002 127
360.0 90.04299999999995 1 360.0 0.0 0 -28 10.755999999999997 11.714 0
450.0 92.65799999999996 1 450.0 0.0 0 -25 13.437000000000003 22.379999999999992 0
1880.0 923.0929999999996 17 3630.0 -1750.0 159 -225 229.922 160.62900000000002 175
3780.0 806.8039999999997 13 4920.0 -1270.0 157 -182 267.065 173.37199999999993 127
5100.0 1007.433 17 6360.0 -1660.0 195 -226 336.491 231.95399999999995 166
1030.0 583.6379999999999 10 1920.0 -1050.0 103 -133 174.137 87.17099999999999 121
4680.0 1104.1799999999998 19 5550.0 -1050.0 177 -252 339.81699999999995 227.42499999999995 89
2870.0 796.3399999999997 15 3600.0 -980.0 174 -199 189.68000000000004 158.33299999999997 98
2470.0 746.5939999999998 14 4350.0 -1880.0 185 -160 241.76399999999998 189.47 182
2230.0 924.7119999999994 17 3990.0 -1760.0 160 -216 273.841 175.37199999999993 176
2570.0 617.2100000000002 10 3420.0 -850.0 77 -135 202.098 142.85499999999996 85
570.0 130.48199999999997 2 570.0 0.0 0 -24 52.87799999999998 30.143999999999984 0
1180.0 564.1749999999997 10 2100.0 -920.0 84 -135 157.04799999999997 88.83499999999998 92
480.0 159.41700000000003 2 480.0 0.0 0 -36 50.64700000000001 20.829 0
480.0 103.87100000000004 1 480.0 0.0 0 -25 26.096 21.888 0
3370.0 907.9619999999996 16 4830.0 -1460.0 160 -211 260.0129999999999 204.43499999999995 200
2650.0 1083.6779999999997 20 3900.0 -1250.0 159 -244 337.71399999999994 169.63 125
1730.0 881.0469999999998 17 3510.0 -1800.0 163 -204 252.0329999999999 160.801 180
3420.0 925.0569999999994 16 4320.0 -1120.0 171 -188 349.04900000000004 181.45299999999997 166
480.0 110.94999999999996 2 480.0 0.0 0 -27 27.499999999999996 20.503999999999998 0
1860.0 809.3169999999997 14 3630.0 -1770.0 172 -167 293.912 158.178 177
3440.0 910.5559999999997 15 4230.0 -1580.0 236 -212 274.105 159.31699999999998 158
770.0 485.22 9 1620.0 -850.0 77 -115 134.94400000000002 68.312 85
1450.0 518.588 9 2310.0 -860.0 78 -125 136.067 98.672 86
3500.0 1063.3839999999998 21 4770.0 -1270.0 161 -273 262.2989999999999 184.23 127
1615.0 710.9509999999996 13 3120.0 -1505.0 166 -164 210.92199999999994 132.72899999999996 209
2370.0 939.9919999999998 18 3600.0 -1410.0 194 -216 278.7609999999999 159.32699999999997 141
3020.0 979.6769999999996 19 3750.0 -730.0 152 -215 333.41299999999995 162.13499999999996 73
2760.0 933.8019999999999 15 3540.0 -780.0 162 -199 327.33899999999994 156.37799999999996 78
2140.0 872.4209999999998 15 3570.0 -1565.0 177 -185 310.18499999999995 151.62199999999999 226
1720.0 852.2539999999998 16 3510.0 -2000.0 182 -193 266.49999999999994 150.38599999999994 200
2215.0 635.8700000000001 11 3030.0 -1555.0 141 -132 227.82800000000003 127.94599999999997 237
2150.0 837.5349999999997 15 3420.0 -1470.0 199 -190 256.15599999999995 146.83399999999997 147
-235.0 586.5369999999996 10 1620.0 -1855.0 172 -136 188.42399999999992 64.08000000000001 198
2290.0 791.3769999999996 14 4080.0 -1850.0 168 -171 282.7869999999999 157.89199999999997 185
920.0 761.7229999999996 14 2730.0 -1810.0 165 -171 242.624 117.83400000000002 181
480.0 164.13799999999995 3 480.0 0.0 0 -32 64.98499999999999 23.631000000000007 0
2530.0 864.2380000000002 15 3750.0 -2100.0 238 -203 234.40899999999993 172.85299999999998 210
3650.0 928.4419999999998 16 4470.0 -960.0 181 -194 321.33199999999994 197.26099999999997 81
660.0 676.043 11 2460.0 -1960.0 178 -146 218.325 118.23599999999998 212
2420.0 773.736 14 3690.0 -1270.0 160 -163 279.631 145.556 127
330.0 94.92599999999999 1 330.0 0.0 0 -25 16.924 18.162000000000006 0
1050.0 642.695 10 2520.0 -1470.0 161 -144 198.5 119.15999999999998 202
450.0 93.38099999999997 1 450.0 0.0 0 -25 13.657000000000004 22.379999999999992 0
2275.0 704.0249999999996 13 3420.0 -1145.0 161 -168 187.04599999999996 152.872 229
2035.0 713.9099999999999 15 3270.0 -1465.0 178 -164 212.97499999999994 140.864 270
3220.0 1078.8109999999997 19 4440.0 -1910.0 213 -248 329.123 182.10499999999993 191
3120.0 879.4089999999998 15 4830.0 -1710.0 155 -206 238.70699999999997 207.944 171
1260.0 709.4919999999996 12 3030.0 -1770.0 167 -168 192.71099999999993 133.152 177
3420.0 916.4209999999998 17 4380.0 -960.0 160 -196 302.14599999999984 191.9509999999999 155
2340.0 941.1059999999997 17 3570.0 -1230.0 152 -216 291.46399999999994 154.254 123
3660.0 878.1909999999998 14 5370.0 -1710.0 155 -190 286.69399999999996 213.608 171
3370.0 891.7429999999997 16 4380.0 -1620.0 206 -210 262.30099999999993 170.646 155
1310.0 808.9329999999998 15 2610.0 -1330.0 154 -155 333.849 123.34899999999998 118
2020.0 798.1879999999996 14 3330.0 -1310.0 165 -171 273.287 143.48599999999996 131
1580.0 823.5279999999997 15 3330.0 -1270.0 159 -185 256.47599999999994 150.00799999999998 127
3520.0 963.4279999999995 17 5280.0 -1760.0 160 -222 263.79200000000003 232.467 176
3000.0 883.2639999999998 14 4410.0 -1410.0 165 -216 211.819 158.34399999999997 125
1590.0 653.9849999999999 12 2880.0 -1290.0 160 -167 138.044 123.00300000000003 129
2400.0 557.3419999999999 10 3240.0 -1835.0 105 -137 151.027 122.505 283
920.0 734.2679999999996 14 2670.0 -1800.0 169 -178 188.214 115.6 180
3410.0 1029.1389999999997 17 5100.0 -1830.0 166 -237 273.669 222.60199999999992 183
2310.0 853.5889999999996 15 4080.0 -1840.0 167 -176 299.3719999999999 188.04699999999994 184
1660.0 821.7620000000001 14 3360.0 -1700.0 155 -201 220.21899999999994 142.81300000000002 170
2285.0 667.9149999999998 11 3720.0 -1585.0 172 -138 224.92399999999998 159.91099999999994 217
3530.0 851.4529999999997 15 4770.0 -1265.0 159 -197 232.4 175.926 129
4020.0 1180.207 22 5340.0 -1390.0 160 -257 388.87699999999995 237.25500000000005 124
1480.0 789.395 13 3330.0 -1850.0 169 -183 236.47099999999998 136.17199999999997 185
2040.0 940.0079999999997 16 3750.0 -1750.0 159 -212 293.63999999999993 159.84499999999994 175
2305.0 821.5369999999999 13 3780.0 -1475.0 198 -168 313.96599999999995 152.66700000000003 129
2290.0 744.8669999999996 14 3570.0 -1280.0 163 -169 222.88799999999995 157.29799999999994 256
2210.0 677.2249999999999 10 3510.0 -1300.0 164 -147 242.65099999999993 133.28099999999995 130
2640.0 609.03 11 3030.0 -390.0 81 -144 194.18499999999997 105.104 39
1925.0 920.1539999999994 18 3480.0 -1815.0 181 -208 294.3879999999999 148.85999999999993 248
2010.0 850.3509999999997 17 3840.0 -2050.0 187 -203 232.34999999999994 169.50199999999998 205
1760.0 916.1499999999997 17 3540.0 -1810.0 164 -214 260.854 153.79399999999998 181
1170.0 765.8249999999997 13 2880.0 -1715.0 155 -165 269.44999999999993 113.096 172
120.0 82.07199999999997 1 120.0 0.0 0 -24 10.742000000000006 6.157999999999998 0
1080.0 537.6709999999998 10 1860.0 -780.0 71 -132 146.752 75.37599999999999 78
2770.0 920.6959999999997 17 4380.0 -1610.0 147 -232 236.45499999999993 158.291 161
1190.0 717.6019999999996 12 2520.0 -1330.0 169 -160 226.067 110.366 133
2060.0 905.0719999999998 13 3870.0 -1810.0 165 -193 309.67099999999994 167.753 181
2280.0 880.8359999999998 15 3570.0 -1290.0 162 -186 302.55399999999986 166.228 129
2490.0 989.5069999999997 20 4080.0 -1260.0 161 -227 287.49399999999997 188.422 126
2520.0 932.932 15 4260.0 -1820.0 165 -191 334.293 188.95399999999995 182
180.0 74.93899999999996 1 180.0 0.0 0 -25 4.967999999999997 6.344 0
2740.0 864.812 14 4500.0 -1760.0 160 -191 282.2249999999999 183.38700000000006 176
1160.0 778.9879999999998 14 2790.0 -1630.0 166 -184 233.95999999999995 122.446 234
3460.0 1101.8709999999996 19 4770.0 -1440.0 176 -246 354.06800000000004 200.32400000000004 144
2550.0 781.7999999999998 12 4290.0 -1840.0 167 -169 251.89499999999992 176.63699999999997 184
3590.0 903.8569999999999 18 5280.0 -1715.0 157 -235 165.28199999999998 245.4639999999999 174
1990.0 947.8879999999998 19 3690.0 -1880.0 171 -231 250.23299999999995 157.992 188
2060.0 755.7169999999996 15 3660.0 -1600.0 163 -180 207.32999999999998 157.79 229
3100.0 967.9939999999997 16 4230.0 -1130.0 169 -221 277.88599999999997 187.578 185
1440.0 480.6679999999998 8 2340.0 -900.0 82 -119 106.03899999999997 72.21399999999998 90
2610.0 943.332 17 3810.0 -1200.0 151 -208 311.56100000000004 165.71199999999996 120
2070.0 816.5829999999997 14 3360.0 -1290.0 162 -190 246.97499999999997 133.68199999999996 129
2170.0 885.6719999999997 16 4020.0 -1850.0 169 -205 253.83999999999997 183.71399999999997 185
660.0 654.986 11 2760.0 -2100.0 191 -163 150.13699999999994 127.79500000000002 210
870.0 206.05700000000002 2 870.0 0.0 0 -43 71.97000000000003 39.192999999999984 0
1875.0 760.4019999999995 12 3090.0 -1215.0 169 -155 276.078 142.40800000000002 190
320.0 679.8099999999997 12 2460.0 -1810.0 164 -151 218.26899999999995 110.52899999999997 181
1200.0 697.8549999999998 12 2850.0 -1650.0 178 -168 202.759 113.044 221
2250.0 1057.7269999999999 19 3870.0 -1620.0 237 -246 308.57299999999987 166.93 162
2950.0 920.6899999999998 17 4200.0 -1250.0 158 -216 257.012 176.579 125
2060.0 742.6509999999997 16 3510.0 -1610.0 174 -175 204.24599999999995 152.87600000000003 218
3360.0 942.2049999999998 16 5040.0 -2060.0 232 -201 298.0329999999999 237.91199999999998 206
3680.0 991.3719999999997 16 4920.0 -1240.0 157 -229 298.15299999999996 190.034 124
1860.0 932.7129999999996 17 3660.0 -1800.0 164 -214 264.974 174.777 180
1210.0 746.8809999999997 14 2460.0 -1400.0 171 -165 245.777 105.045 140
2685.0 754.704 11 3840.0 -1155.0 162 -172 205.618 170.535 231
2290.0 910.5349999999997 15 4080.0 -1790.0 163 -212 245.399 192.5029999999999 179
2540.0 862.3149999999997 15 4290.0 -1750.0 159 -191 261.606 186.11100000000002 175
2610.0 968.8619999999999 18 3840.0 -1230.0 154 -218 295.71499999999986 177.54700000000003 123
1660.0 676.1729999999998 12 2550.0 -890.0 81 -154 200.62799999999993 119.26399999999995 89
2690.0 880.3119999999999 15 3450.0 -1200.0 220 -206 244.011 151.66799999999998 164
2440.0 781.0719999999997 12 3750.0 -1410.0 186 -166 266.2389999999999 156.27900000000002 141
2220.0 1076.9759999999999 20 4020.0 -1800.0 164 -249 295.8750000000001 204.439 180
3775.0 867.3579999999998 14 4890.0 -1115.0 165 -203 239.6059999999999 203.7199999999999 184
3770.0 868.8789999999999 15 4920.0 -1370.0 168 -188 279.23699999999997 199.14599999999993 137
3250.0 854.7589999999997 16 4530.0 -1360.0 169 -185 295.6029999999999 177.84299999999993 144
1660.0 808.9479999999999 15 3330.0 -1960.0 178 -175 252.8429999999999 155.01499999999996 196
2620.0 916.5629999999999 15 4350.0 -1730.0 158 -215 263.5869999999999 180.27999999999997 173
3990.0 1087.6719999999998 19 4770.0 -1155.0 205 -249 317.2929999999999 204.122 153
3460.0 963.1809999999999 17 4950.0 -1500.0 239 -220 269.64 215.066 143
1960.0 791.5709999999996 14 3660.0 -1980.0 179 -179 239.60099999999997 159.658 198
90.0 96.35799999999998 1 90.0 0.0 0 -24 27.978999999999996 4.542999999999999 0
1530.0 641.7039999999998 11 3060.0 -1620.0 165 -146 192.03999999999994 126.09899999999999 233
2165.0 629.1539999999998 10 2970.0 -805.0 73 -154 167.521 113.40799999999999 161
2870.0 1025.2689999999998 17 4170.0 -1300.0 165 -230 311.81999999999994 188.04799999999997 130
2600.0 871.4499999999996 18 4410.0 -2090.0 190 -231 201.38599999999997 155.185 209
2200.0 945.9099999999997 16 3900.0 -2150.0 196 -203 310.28099999999995 177.607 215
1050.0 675.9539999999998 11 2790.0 -1825.0 168 -152 220.88099999999997 100.66699999999999 191
1520.0 827.6709999999998 14 3330.0 -1810.0 165 -197 227.09099999999995 145.611 181
1770.0 902.8069999999999 16 3480.0 -1730.0 156 -202 298.44899999999996 140.54899999999998 173
2530.0 732.3679999999997 13 3780.0 -1470.0 176 -170 234.72399999999993 131.785 147
2540.0 913.7719999999999 14 4410.0 -1720.0 156 -205 276.9669999999999 195.87199999999996 172
1460.0 907.6469999999996 16 3150.0 -1690.0 153 -199 311.712 137.66299999999995 169
3120.0 960.2529999999997 19 4890.0 -1890.0 172 -229 256.76899999999995 206.725 189
1560.0 767.213 14 3300.0 -1740.0 158 -185 200.603 147.167 174
1690.0 520.256 9 2550.0 -860.0 78 -119 160.75399999999996 99.89099999999998 86
2270.0 795.8289999999997 16 3960.0 -1890.0 172 -183 235.32899999999995 169.39999999999995 189
2030.0 649.7339999999997 11 3450.0 -1420.0 156 -136 242.37499999999994 136.93499999999997 196
150.0 98.61599999999999 1 150.0 0.0 0 -24 29.445999999999987 6.412000000000001 0
2110.0 918.3659999999998 18 3240.0 -1130.0 235 -222 248.32899999999992 133.201 113
1295.0 788.2199999999997 13 2880.0 -1815.0 182 -151 331.519 120.70700000000001 250
2220.0 721.76 14 3630.0 -1410.0 184 -169 205.61599999999996 147.68399999999994 141
3180.0 934.5769999999998 16 4380.0 -1760.0 202 -222 247.44599999999994 193.64800000000002 176
1890.0 1024.2799999999995 17 4020.0 -2280.0 251 -240 288.7659999999999 177.61800000000002 228
3550.0 1145.106 22 5280.0 -1730.0 157 -279 293.67699999999996 236.28699999999992 173
1720.0 857.6959999999997 14 3690.0 -1970.0 203 -193 280.51699999999994 147.139 197
3355.0 742.7609999999999 12 4770.0 -1415.0 164 -171 203.116 205.09999999999994 283
360.0 100.945 1 360.0 0.0 0 -24 27.611 15.660000000000004 0
4230.0 943.2259999999994 17 5490.0 -1770.0 206 -216 295.50299999999993 213.63699999999994 177
4170.0 1041.7579999999998 17 5160.0 -1190.0 207 -244 282.334 223.26999999999998 178
3480.0 790.202 13 4890.0 -1410.0 171 -173 261.1379999999999 200.52599999999995 141
710.0 683.7459999999996 12 1620.0 -970.0 173 -148 228.02099999999993 81.83 80
3260.0 717.8179999999998 11 4260.0 -1130.0 179 -162 230.17099999999994 160.98999999999998 173
3060.0 791.1599999999996 14 4770.0 -1710.0 155 -188 215.635 188.02999999999994 171
3180.0 729.958 15 4050.0 -870.0 79 -151 242.44099999999997 185.01799999999997 87
830.0 654.0589999999999 12 2550.0 -1880.0 171 -138 234.82599999999994 107.32299999999998 188
2780.0 924.5719999999998 17 4050.0 -1390.0 171 -202 303.57599999999996 182.03699999999998 139
2820.0 934.8249999999996 18 4200.0 -1230.0 154 -221 282.51399999999995 160.04699999999997 123
300.0 86.80999999999997 1 300.0 0.0 0 -25 9.291 12.838 0
1870.0 629.3499999999999 12 2250.0 -380.0 79 -130 227.25499999999997 108.78199999999998 38
1920.0 776.133 12 3720.0 -1800.0 164 -181 211.58499999999992 169.01599999999996 180
1345.0 878.254 16 3510.0 -2165.0 231 -215 216.17899999999997 155.74199999999996 201
1500.0 724.7799999999997 12 3180.0 -1680.0 153 -159 247.22299999999996 126.306 168
2730.0 861.6379999999999 14 4020.0 -1450.0 179 -186 287.132 182.50399999999993 145
1780.0 815.4309999999999 15 3510.0 -1970.0 180 -193 241.57 142.70199999999994 197
3530.0 1191.2559999999992 24 5310.0 -1880.0 171 -282 304.7399999999999 257.06699999999995 188
2860.0 902.4489999999998 16 4590.0 -2050.0 186 -209 258.915 194.53599999999992 205
-170.0 329.4669999999999 6 750.0 -1080.0 98 -74 109.09399999999995 33.498999999999995 108
600.0 124.21800000000002 2 600.0 0.0 0 -24 47.422 27.16499999999999 0
4600.0 945.2259999999997 17 5850.0 -1490.0 178 -209 287.3199999999999 243.44199999999995 149
4560.0 1040.1589999999997 18 5310.0 -1030.0 181 -228 349.63699999999994 219.8519999999999 103
3025.0 815.4669999999996 15 3960.0 -1165.0 178 -202 192.636 169.299 172
1370.0 797.421 13 3120.0 -1780.0 161 -174 271.79099999999994 126.81200000000001 178
1130.0 726.9539999999998 13 2910.0 -1900.0 173 -172 207.53699999999998 126.259 190
3065.0 865.1649999999997 14 4530.0 -1625.0 175 -213 261.562 136.302 218
2065.0 772.8149999999999 14 2790.0 -725.0 84 -173 243.123 120.478 145
1150.0 491.0259999999998 9 2010.0 -860.0 78 -127 107.53099999999998 89.98099999999998 86
650.0 775.7529999999999 14 2550.0 -1900.0 187 -169 266.565 110.57399999999998 190
2630.0 709.2019999999998 13 3930.0 -1400.0 174 -169 187.11899999999991 107.89 140
2380.0 979.3269999999995 15 3960.0 -1580.0 228 -220 276.22399999999993 185.396 158
2050.0 865.1509999999998 14 3750.0 -1700.0 154 -192 266.59499999999997 165.15599999999998 254
850.0 829.634 14 2580.0 -1820.0 165 -177 286.322 117.68599999999998 182
270.0 143.32699999999997 2 270.0 0.0 0 -34 37.56200000000001 15.539999999999997 0
4125.0 964.8029999999998 16 5460.0 -1475.0 177 -203 317.0449999999999 253.153 145
2010.0 872.9089999999998 17 3210.0 -1230.0 154 -194 265.8979999999999 152.23099999999997 126
2510.0 1120.0939999999998 19 3930.0 -1420.0 168 -272 283.74299999999994 178.91999999999996 125
400.0 800.0119999999998 13 2250.0 -1850.0 169 -183 246.65399999999994 95.313 185
1720.0 741.616 15 3480.0 -1760.0 160 -186 178.44499999999994 132.90399999999997 176
3350.0 914.1029999999997 17 4620.0 -1350.0 166 -193 281.20999999999987 222.42099999999994 135
3360.0 842.716 15 4650.0 -1640.0 196 -188 241.52899999999994 202.375 164
3530.0 972.672 16 4860.0 -1400.0 163 -219 295.3159999999999 206.552 124
2325.0 767.0469999999997 13 3450.0 -1235.0 176 -160 272.80999999999995 143.23999999999995 197
785.0 761.3849999999999 13 2340.0 -1605.0 163 -160 259.801 113.53299999999999 234
810.0 775.257 15 2880.0 -1710.0 155 -177 242.99399999999997 120.36099999999999 171
1700.0 760.1409999999998 13 2610.0 -1160.0 174 -165 258.3399999999999 114.514 171
1130.0 718.7959999999999 13 2880.0 -1750.0 159 -162 242.06299999999996 106.30899999999998 175
1630.0 536.4290000000001 9 2550.0 -1130.0 103 -120 166.90699999999998 108.38 113
420.0 139.49999999999994 2 420.0 0.0 0 -35 35.08099999999999 17.326999999999995 0
1130.0 467.5419999999999 8 1950.0 -820.0 75 -104 144.47299999999998 84.579 82
2170.0 564.7109999999998 9 3090.0 -1320.0 120 -123 188.551 125.57699999999996 132
3890.0 936.6149999999998 17 5160.0 -1270.0 160 -232 247.83499999999998 187.71499999999995 127
3025.0 708.6699999999997 12 4410.0 -1385.0 161 -159 231.17400000000004 174.61999999999998 123
1830.0 716.793 12 3570.0 -1800.0 163 -160 218.22400000000005 154.111 180
2370.0 730.1709999999998 13 4170.0 -1800.0 164 -143 279.28599999999994 183.18399999999994 180
480.0 201.99699999999993 3 480.0 0.0 0 -48 54.17099999999999 25.823999999999998 0
1090.0 609.0039999999999 10 2850.0 -1860.0 169 -128 231.26 108.71399999999998 186
1530.0 706.0269999999997 13 3000.0 -1470.0 162 -181 178.93899999999994 117.64399999999998 203
2530.0 916.0619999999999 16 4320.0 -1870.0 170 -212 270.575 179.94499999999996 187
2420.0 909.8359999999998 17 4170.0 -2010.0 182 -216 244.71499999999992 188.10500000000002 201
3570.0 860.1769999999998 14 5280.0 -1830.0 180 -194 235.628 229.692 183
3900.0 982.7660000000003 17 5100.0 -1210.0 152 -220 294.79200000000003 226.39699999999996 122
2020.0 836.1289999999998 14 3690.0 -1670.0 152 -192 256.447 148.57099999999997 167
2720.0 1004.7109999999997 17 3960.0 -1470.0 179 -217 327.3409999999999 178.291 147
520.0 403.91499999999985 7 1440.0 -920.0 84 -94 125.70199999999994 56.78099999999999 92
2520.0 972.5849999999999 17 4260.0 -1740.0 159 -227 275.853 180.36299999999994 174
1220.0 819.1029999999997 15 2430.0 -1280.0 159 -182 264.974 101.74300000000001 128
3240.0 789.8249999999998 13 5010.0 -1810.0 164 -161 281.537 181.75599999999997 181
1830.0 851.3809999999999 16 3570.0 -2110.0 192 -205 232.43899999999996 152.27500000000003 211
1770.0 804.6699999999998 14 3480.0 -1710.0 156 -197 209.08999999999992 146.039 171
1130.0 727.8069999999997 12 2940.0 -1810.0 165 -136 301.9489999999999 139.28599999999994 181
3210.0 888.9859999999995 15 5010.0 -1810.0 164 -203 259.5829999999999 215.64099999999996 181
3665.0 733.8110000000001 12 4590.0 -1645.0 149 -126 319.337 198.713 257
150.0 110.44499999999992 2 150.0 0.0 0 -27 33.21799999999999 7.654 0
1900.0 753.3989999999999 13 3180.0 -1280.0 163 -151 278.574 144.66299999999998 128
2570.0 877.3950000000001 16 4050.0 -1720.0 185 -215 207.035 183.82999999999998 228
2700.0 1098.4329999999998 21 3840.0 -1140.0 237 -248 349.383 155.15699999999998 114
1990.0 709.98 12 3210.0 -1220.0 158 -163 218.10899999999992 128.535 122
900.0 658.6979999999996 12 2820.0 -1920.0 174 -162 176.86399999999995 109.90599999999999 192
3780.0 1083.5529999999997 20 4560.0 -780.0 162 -252 319.6249999999999 189.224 78
3620.0 1027.6899999999998 18 4830.0 -1510.0 179 -231 295.97099999999995 219.49999999999994 151
3480.0 930.2719999999999 15 4620.0 -1540.0 182 -208 285.61800000000005 192.07599999999996 154
2410.0 870.9519999999998 13 3630.0 -1330.0 164 -179 318.411 166.628 133
2760.0 949.9289999999997 18 4470.0 -2010.0 182 -196 346.46599999999995 191.00099999999995 201
3180.0 1065.1279999999995 17 4440.0 -1260.0 157 -243 322.2799999999999 184.56299999999996 126
2190.0 808.1429999999998 15 3840.0 -1790.0 162 -172 273.548 168.99699999999996 179
1640.0 837.958 16 3420.0 -1780.0 162 -191 246.24299999999994 157.24099999999996 178
1290.0 709.2899999999998 11 3060.0 -1770.0 161 -162 212.57300000000004 135.76599999999996 177
3110.0 986.7549999999994 18 4350.0 -1320.0 166 -234 278.42999999999995 181.105 132
2680.0 921.7239999999996 18 4440.0 -1950.0 199 -227 245.05099999999996 177.52300000000002 195
2340.0 657.0919999999999 10 2700.0 -360.0 75 -146 199.956 123.48399999999998 36
4210.0 1050.704 19 5490.0 -1630.0 194 -232 318.23900000000003 239.65699999999998 163
1900.0 952.0559999999998 17 3150.0 -1440.0 173 -215 293.74799999999993 134.458 144
90.0 82.17999999999995 1 90.0 0.0 0 -24 12.338999999999999 3.6460000000000004 0
3890.0 1095.2479999999996 21 5130.0 -1450.0 175 -259 284.80099999999993 230.399 145
1990.0 814.8480000000002 15 3270.0 -1370.0 170 -184 257.43499999999995 136.817 137
330.0 128.82599999999996 2 330.0 0.0 0 -24 54.89799999999997 15.044999999999998 0
1510.0 789.347 14 2760.0 -1500.0 179 -166 273.4599999999999 119.36099999999999 150
2270.0 864.4289999999997 15 3570.0 -1460.0 199 -189 278.716 153.84099999999992 146
2225.0 969.7569999999998 17 3750.0 -1745.0 175 -231 271.206 157.838 241
2300.0 516.3509999999999 8 2700.0 -400.0 83 -116 144.00599999999997 125.952 40
1175.0 783.7299999999997 15 2520.0 -1605.0 180 -179 242.49299999999994 108.88299999999998 145
1410.0 837.8329999999997 14 3180.0 -1770.0 161 -189 268.146 140.109 177
2840.0 905.9409999999996 17 4110.0 -1540.0 186 -198 308.6409999999999 175.144 154
3720.0 906.8599999999997 15 4980.0 -1260.0 155 -185 297.98199999999997 234.26899999999998 126
690.0 474.7259999999998 9 1530.0 -840.0 76 -123 101.68199999999997 43.986 84
2480.0 970.045 19 3960.0 -1480.0 164 -224 295.3929999999999 168.63299999999992 207
2800.0 1029.9669999999996 20 4620.0 -1820.0 166 -241 298.094 201.69300000000004 182
3650.0 985.2919999999999 19 4410.0 -760.0 158 -226 319.493 165.753 76
2640.0 934.2539999999998 16 4110.0 -1470.0 162 -211 262.03999999999996 197.41199999999995 204
570.0 129.271 2 570.0 0.0 0 -35 20.992000000000004 26.96699999999999 0
2970.0 945.5339999999998 16 4590.0 -1780.0 162 -209 285.9 203.301 178
360.0 117.053 2 360.0 0.0 0 -30 27.168999999999997 16.053999999999995 0
240.0 95.27199999999999 1 240.0 0.0 0 -24 23.61199999999999 9.700999999999999 0
1580.0 813.9009999999996 15 3330.0 -1780.0 161 -198 223.706 127.27999999999996 178
1440.0 677.703 13 3270.0 -1890.0 179 -160 185.12600000000003 141.73399999999998 189
1930.0 570.5749999999999 10 2820.0 -890.0 81 -133 152.88899999999998 124.724 89
1910.0 921.3399999999995 16 3210.0 -1315.0 165 -186 355.69300000000004 137.708 131
2650.0 850.1319999999996 15 3960.0 -1380.0 172 -209 227.52099999999996 151.61399999999998 138
2980.0 912.828 18 4740.0 -1760.0 160 -207 261.527 220.35099999999994 176
3240.0 1031.4639999999995 19 4530.0 -1590.0 189 -252 265.5159999999999 193.95399999999998 159
810.0 602.7549999999998 9 2550.0 -1740.0 158 -138 173.76099999999997 116.27199999999998 174
3350.0 1010.4159999999999 18 4590.0 -1240.0 158 -251 235.98799999999994 193.00699999999998 124
1470.0 850.5949999999997 18 3150.0 -1900.0 173 -208 227.16699999999997 133.06399999999996 190
2225.0 702.0689999999996 13 3300.0 -1125.0 170 -155 206.28199999999998 151.52699999999996 181
3390.0 886.1589999999999 19 4590.0 -1340.0 168 -223 229.736 173.74999999999997 148
2330.0 910.6529999999997 15 4770.0 -1690.0 154 -185 332.389 209.76399999999998 169
1070.0 489.75899999999984 9 1920.0 -850.0 77 -119 138.41899999999995 77.823 85
330.0 630.6209999999999 11 2160.0 -1830.0 167 -143 207.52599999999995 83.91599999999997 183
535.0 634.6259999999999 12 2250.0 -1715.0 156 -142 207.934 96.59199999999997 262
1420.0 823.4779999999998 15 2730.0 -1395.0 179 -177 304.8639999999999 98.175 148
2640.0 912.0179999999997 15 4320.0 -1680.0 153 -220 270.31499999999994 144.09599999999998 168
4410.0 947.5109999999997 18 5640.0 -1380.0 168 -219 283.7399999999999 225.32199999999997 138
3200.0 1008.138 18 4440.0 -1290.0 161 -235 290.661 191.11899999999994 129
2890.0 1078.561 18 4020.0 -1130.0 235 -248 311.72099999999983 183.958 113
330.0 125.60499999999998 2 330.0 0.0 0 -31 32.80399999999999 16.37899999999999 0
2230.0 911.4699999999999 16 3600.0 -1370.0 161 -211 262.72999999999996 157.562 121
3960.0 1002.3510000000001 18 5220.0 -1730.0 204 -215 314.541 232.532 173
3790.0 1177.7479999999996 22 5550.0 -1800.0 165 -265 354.21199999999993 246.52100000000002 184
2690.0 813.5359999999997 14 4470.0 -2060.0 187 -203 206.40099999999995 140.271 206
1250.0 798.7369999999995 14 2970.0 -1980.0 179 -179 243.32399999999996 140.253 198
2060.0 681.4709999999997 13 2970.0 -910.0 83 -146 228.42399999999995 130.769 91
1740.0 593.6339999999999 11 2610.0 -870.0 79 -136 184.25899999999993 108.79299999999998 87
3080.0 893.393 14 4260.0 -1180.0 150 -192 314.9669999999999 164.28199999999998 118
1640.0 574.5329999999999 11 2550.0 -1230.0 149 -138 167.664 97.33099999999996 123
3630.0 899.5179999999995 17 4830.0 -1440.0 173 -208 244.11899999999994 189.208 144
2310.0 878.3899999999999 15 4020.0 -1710.0 156 -196 264.386 181.675 171
2290.0 705.3190000000001 12 4050.0 -1760.0 160 -158 222.26800000000003 169.32099999999997 265
1710.0 544.8919999999999 10 2100.0 -390.0 81 -121 175.094 95.597 39
1850.0 807.5069999999994 14 3570.0 -1810.0 164 -175 274.2359999999999 158.528 181
2880.0 914.9199999999997 15 4650.0 -1960.0 178 -209 290.9409999999999 176.124 196
2525.0 1075.1479999999997 20 4020.0 -1515.0 166 -246 307.15099999999995 197.09699999999998 209
3040.0 977.4779999999996 16 4260.0 -1270.0 159 -209 332.8859999999999 185.31599999999997 127
3000.0 977.5799999999996 17 3750.0 -750.0 156 -200 350.6159999999999 175.289 75
1830.0 795.8449999999999 14 3630.0 -1970.0 179 -177 244.97099999999995 162.51000000000002 197
4270.0 987.499 17 5040.0 -1160.0 195 -211 326.81299999999993 213.09699999999992 116
1860.0 652.817 11 2580.0 -720.0 84 -137 222.54199999999994 118.219 144
2910.0 1128.6269999999995 21 4410.0 -1500.0 247 -253 371.9539999999999 177.09799999999998 143
210.0 103.279 1 210.0 0.0 0 -24 31.811999999999987 8.908999999999997 0
1420.0 781.5709999999997 14 2700.0 -1280.0 159 -182 229.91800000000003 125.32999999999997 128
240.0 130.35199999999995 2 240.0 0.0 0 -33 36.572999999999986 10.175 0
1970.0 890.7619999999998 18 3210.0 -1370.0 170 -199 295.9969999999999 131.601 137
2360.0 990.4019999999998 18 3570.0 -1210.0 153 -221 310.022 149.581 121
3040.0 866.3159999999996 16 4320.0 -1280.0 159 -193 273.78299999999996 183.57099999999994 128
2000.0 992.1259999999993 18 3810.0 -1875.0 172 -221 311.08899999999994 168.98299999999995 194
2180.0 798.6949999999999 13 3450.0 -1530.0 186 -190 207.80399999999997 147.71099999999998 153
1670.0 733.9439999999997 13 3420.0 -1860.0 169 -157 236.86799999999997 153.589 186
150.0 97.453 1 150.0 0.0 0 -24 29.622999999999987 6.443 0
2050.0 857.3429999999997 14 3750.0 -1990.0 215 -188 286.987 145.821 199
3140.0 891.2439999999998 17 3900.0 -820.0 170 -203 272.133 167.725 82
2670.0 905.5749999999998 17 3840.0 -1720.0 199 -219 238.23600000000005 167.43299999999996 172
1640.0 701.8879999999998 12 3330.0 -1980.0 179 -166 185.42599999999996 148.68199999999993 198
1380.0 640.079 11 1770.0 -390.0 81 -148 196.17699999999996 78.33099999999999 39
940.0 676.8349999999997 11 2520.0 -1580.0 161 -146 226.93199999999996 112.079 228
970.0 691.5719999999997 13 2790.0 -1945.0 183 -157 251.77699999999996 91.984 207
3710.0 876.4599999999999 14 4980.0 -1450.0 199 -200 258.0349999999999 204.84399999999985 145
15.0 557.9429999999998 10 1680.0 -1665.0 151 -135 157.68099999999998 69.99000000000001 249
2015.0 714.9789999999998 12 3690.0 -1675.0 170 -155 212.12399999999997 146.933 240
1330.0 603.1489999999999 12 2250.0 -1810.0 165 -143 172.89600000000002 96.978 181
2480.0 929.576 19 3720.0 -1240.0 158 -224 256.09999999999997 156.94799999999998 124
1500.0 899.7089999999996 19 3210.0 -1710.0 156 -227 217.009 142.79599999999996 171
2250.0 465.06599999999986 8 2610.0 -360.0 75 -117 109.73899999999999 108.98199999999996 36
1070.0 786.2609999999999 12 3090.0 -2020.0 208 -175 236.87499999999994 152.42499999999998 202
1835.0 759.8229999999995 13 2790.0 -1065.0 169 -156 263.79699999999997 127.96499999999997 165
270.0 119.58399999999995 2 270.0 0.0 0 -32 26.547 12.005999999999997 0
2290.0 899.1579999999998 15 3960.0 -1680.0 153 -187 313.545 165.99299999999994 169
2690.0 1017.6519999999997 16 3990.0 -1490.0 180 -223 303.377 186.26799999999994 149
150.0 75.93699999999998 1 150.0 0.0 0 -24 8.596 5.339 0
1930.0 973.3029999999998 17 3240.0 -1390.0 172 -216 330.16999999999996 138.92300000000003 139
2395.0 898.5939999999995 15 3450.0 -1855.0 224 -221 223.5699999999999 147.51699999999997 179
3110.0 1006.5319999999999 20 4350.0 -1250.0 160 -235 289.60799999999995 182.67699999999996 125
3430.0 1105.0469999999998 17 5550.0 -2120.0 237 -265 308.284 218.03599999999997 212
2200.0 830.9099999999999 14 3390.0 -1190.0 153 -192 248.46999999999989 139.63799999999992 119
950.0 649.3779999999997 11 1950.0 -1040.0 171 -132 258.328 83.23700000000002 164
1570.0 803.9399999999997 15 3360.0 -1820.0 165 -182 273.708 118.535 182
570.0 77.90499999999997 1 570.0 0.0 0 -24 2.15 26.054999999999996 0
2410.0 776.0679999999994 15 4200.0 -1910.0 188 -177 233.62499999999994 171.66199999999995 191
3060.0 970.2089999999996 19 4380.0 -1390.0 160 -223 290.066 188.256 131
2420.0 961.2129999999996 17 3180.0 -920.0 172 -195 363.56899999999996 146.39299999999994 92
2610.0 998.6699999999997 17 4380.0 -1770.0 161 -236 265.913 194.86900000000003 177
1965.0 556.1109999999999 9 3570.0 -1605.0 164 -138 121.731 148.79999999999998 234
1520.0 758.9509999999998 14 3210.0 -1690.0 154 -176 219.43100000000007 138.95999999999998 169
815.0 598.4739999999998 10 2370.0 -1555.0 158 -129 201.8919999999999 101.753 224
2900.0 928.4799999999994 17 4620.0 -1780.0 164 -227 251.7529999999999 169.71299999999997 184
2475.0 842.466 14 3960.0 -1775.0 190 -201 228.939 160.61199999999997 235
1150.0 812.5989999999998 15 2760.0 -1740.0 158 -188 239.51799999999992 130.80799999999994 174
3930.0 1212.8629999999994 21 4680.0 -1030.0 181 -292 314.102 208.993 103
1940.0 790.0969999999996 16 3720.0 -2120.0 193 -191 205.35399999999998 165.88099999999994 212
2490.0 977.4729999999998 19 3240.0 -750.0 156 -212 317.1239999999999 148.77100000000002 75
1375.0 582.8189999999998 11 2100.0 -1355.0 141 -123 218.67299999999992 86.63099999999997 208
2620.0 891.0189999999999 17 4380.0 -1820.0 165 -195 294.548 185.46299999999994 182
3710.0 993.6039999999997 18 4920.0 -1290.0 167 -203 364.1729999999999 196.8309999999999 137
550.0 720.8189999999997 13 2340.0 -1790.0 181 -174 205.97899999999996 92.956 251
1410.0 819.473 16 3090.0 -1850.0 187 -175 280.54599999999994 136.33999999999997 185
2010.0 813.6679999999997 15 3720.0 -1710.0 155 -201 234.95999999999998 134.32899999999998 171
2230.0 991.6479999999997 17 3900.0 -1820.0 165 -220 322.44999999999993 178.28199999999998 182
4080.0 1011.2829999999998 18 5340.0 -1580.0 184 -242 274.5979999999999 212.79799999999997 158
3270.0 808.6849999999998 15 4980.0 -1860.0 168 -198 208.07999999999996 193.30100000000002 186
3595.0 997.9139999999998 19 4950.0 -1355.0 158 -255 244.09099999999992 189.26599999999993 120
1940.0 636.0899999999998 11 2850.0 -1050.0 99 -135 234.577 107.81499999999996 119
1610.0 830.6539999999999 14 3390.0 -1780.0 162 -187 245.5209999999999 156.893 178
3080.0 1021.9229999999999 16 4320.0 -1310.0 173 -235 285.4479999999999 193.29899999999998 131
1380.0 623.4019999999996 11 2670.0 -1340.0 171 -138 194.75099999999992 122.92299999999999 134
3850.0 997.9350000000001 18 4620.0 -870.0 169 -231 288.38 186.839 87
2320.0 709.9040000000001 13 3600.0 -1490.0 181 -159 211.904 159.27899999999997 277
2200.0 668.4209999999998 12 3120.0 -920.0 84 -148 232.362 114.04999999999998 92
1200.0 794.7139999999997 13 2940.0 -1740.0 158 -163 298.74799999999993 131.07899999999995 174
1600.0 867.1869999999998 15 3150.0 -1590.0 161 -196 242.81699999999995 144.43200000000002 229
180.0 81.83499999999998 1 180.0 0.0 0 -25 5.726000000000001 10.150000000000004 0
2015.0 799.3999999999995 14 3120.0 -1155.0 172 -182 248.77899999999988 126.73699999999998 189
3250.0 1098.7889999999995 20 4950.0 -1800.0 168 -259 318.94399999999996 204.98099999999997 190
3700.0 959.2289999999998 18 4920.0 -1220.0 154 -204 322.3579999999999 209.49199999999993 122
2340.0 965.7119999999995 18 4080.0 -1620.0 214 -209 329.239 178.44499999999996 145
2940.0 984.6289999999998 18 4140.0 -1510.0 177 -218 316.001 177.65399999999994 151
180.0 102.493 1 180.0 0.0 0 -31 9.396999999999998 10.236 0
1820.0 998.073 20 3480.0 -1715.0 158 -229 284.93199999999996 159.327 177
1770.0 712.8849999999998 14 3510.0 -1740.0 158 -176 166.319 152.943 174
1750.0 575.0729999999998 11 2340.0 -730.0 112 -117 215.16599999999997 97.81700000000001 132
1415.0 865.9059999999998 16 2370.0 -965.0 161 -187 308.76099999999997 90.51299999999999 152
1820.0 851.5749999999996 17 3510.0 -1840.0 167 -205 234.25500000000002 151.20599999999996 184
2360.0 874.0269999999999 14 4080.0 -1970.0 178 -189 288.95799999999997 175.15900000000008 197
3520.0 839.1339999999997 15 5250.0 -1840.0 179 -176 281.8889999999999 225.38399999999996 184
1270.0 774.9859999999998 13 3120.0 -1850.0 183 -185 199.0339999999999 139.947 185
3450.0 999.3619999999999 17 4650.0 -1200.0 156 -248 236.47799999999995 193.35199999999998 120
1770.0 903.2159999999997 16 3540.0 -1770.0 161 -212 244.59500000000003 155.647 177
2070.0 896.5199999999998 17 3870.0 -1915.0 180 -200 280.284 174.70600000000002 203
1805.0 759.3289999999996 12 3420.0 -1765.0 178 -180 190.83499999999995 154.99299999999997 249
1890.0 855.552 15 3660.0 -1770.0 161 -197 249.92099999999996 163.02599999999998 177
1690.0 913.2649999999996 15 3510.0 -2220.0 202 -199 291.24399999999997 156.53499999999997 222
120.0 104.18199999999995 1 120.0 0.0 0 -24 32.49599999999997 5.800999999999999 0
1280.0 777.175 15 3090.0 -1960.0 196 -182 219.251 136.337 196
3650.0 1083.583 19 4860.0 -1510.0 180 -248 313.8989999999999 221.64 151
3100.0 1052.9979999999998 20 5190.0 -2140.0 242 -277 208.87699999999995 211.65399999999997 214
3670.0 1123.8969999999993 20 4440.0 -1510.0 227 -253 333.23299999999995 204.91699999999997 151
2610.0 859.6719999999996 17 3840.0 -1480.0 178 -194 259.9 171.899 148
1840.0 921.8329999999995 17 3570.0 -1870.0 169 -214 281.58299999999986 146.15899999999996 187
1940.0 863.6759999999995 16 3690.0 -1780.0 161 -193 267.05299999999994 163.87099999999995 178
3350.0 931.3589999999997 20 4800.0 -1450.0 162 -229 232.80299999999997 192.14999999999995 205
730.0 535.2169999999998 10 1590.0 -860.0 78 -122 176.10399999999996 63.996 86
3210.0 1047.4459999999997 20 4440.0 -1410.0 170 -236 327.7189999999999 187.87199999999999 141
2240.0 810.3069999999997 16 3930.0 -1930.0 175 -186 250.658 152.38199999999995 193
3100.0 1001.5759999999997 17 3810.0 -850.0 159 -219 327.239 163.85199999999998 85
2300.0 585.6239999999998 12 2700.0 -1020.0 139 -122 190.887 134.56299999999996 102
1450.0 701.4420000000001 12 2370.0 -1550.0 141 -147 254.43299999999994 101.20799999999997 155
2510.0 875.4069999999997 17 4320.0 -2040.0 186 -212 256.06399999999996 154.73800000000003 204
1330.0 659.5379999999999 11 3120.0 -1790.0 163 -147 203.36899999999991 136.47799999999998 179
2430.0 991.3339999999996 18 4020.0 -1590.0 231 -241 253.7169999999999 174.37900000000002 159
1590.0 994.1049999999998 18 3540.0 -1800.0 164 -233 280.4339999999999 161.664 180
1590.0 1004.5299999999997 18 3360.0 -1895.0 175 -219 318.03199999999987 158.58500000000004 202
2790.0 918.1489999999997 17 3780.0 -990.0 166 -209 294.082 158.62099999999998 158
2720.0 674.699 11 3120.0 -400.0 83 -129 259.01699999999994 145.81299999999996 40
3750.0 981.944 15 5070.0 -1480.0 181 -225 276.883 219.209 148
1000.0 653.0540000000001 13 1920.0 -1300.0 118 -156 183.97299999999998 85.65299999999998 130
1560.0 518.0169999999997 8 2400.0 -840.0 76 -119 169.20199999999994 88.64599999999997 84
2510.0 787.7049999999996 14 3510.0 -1220.0 188 -178 236.37099999999995 154.128 182
1255.0 589.3359999999998 10 1980.0 -725.0 84 -134 175.42799999999997 92.75699999999998 145
1840.0 577.5369999999998 10 2760.0 -920.0 84 -133 154.563 128.507 92
1730.0 792.7109999999997 14 3450.0 -1770.0 162 -161 262.23199999999997 178.059 182
3065.0 879.9769999999995 15 4110.0 -1075.0 165 -203 241.92099999999994 180.53900000000004 175
2320.0 738.7260000000001 15 3900.0 -1820.0 184 -170 226.26999999999998 139.19499999999996 254
2450.0 844.1909999999999 15 3390.0 -1170.0 180 -178 296.244 154.43599999999995 171
3075.0 1054.8149999999996 17 4020.0 -855.0 158 -214 388.6319999999999 186.49699999999999 70
1940.0 839.2419999999997 16 3720.0 -1780.0 162 -194 230.99199999999996 171.6839999999999 178
2360.0 713.9049999999997 11 4080.0 -1760.0 160 -149 251.0639999999999 163.38099999999997 176
2050.0 724.996 11 2940.0 -990.0 90 -154 224.44899999999998 157.86199999999997 99
2745.0 789.7659999999998 12 4200.0 -1515.0 173 -175 236.17899999999992 178.95099999999996 210
3540.0 874.2190000000002 15 4770.0 -1510.0 181 -211 227.16299999999995 198.33399999999995 151
210.0 105.10899999999997 1 210.0 0.0 0 -24 33.320999999999984 8.563999999999997 0
3850.0 905.6099999999999 15 5070.0 -1390.0 168 -215 254.278 197.918 139
2120.0 722.7679999999997 12 3810.0 -1690.0 154 -153 238.39499999999998 169.60999999999996 169
2650.0 807.5569999999998 14 3600.0 -1390.0 198 -180 263.6459999999999 137.511 198
3430.0 920.8479999999996 17 4650.0 -1220.0 154 -208 269.14 202.24399999999997 122
1860.0 540.3369999999999 9 2220.0 -360.0 75 -131 125.07199999999999 101.79600000000002 36
240.0 134.11099999999993 2 240.0 0.0 0 -37 23.327999999999996 13.096000000000002 0
3360.0 955.1259999999997 18 4590.0 -1340.0 161 -227 251.916 204.40699999999993 134
3760.0 949.6809999999999 16 4530.0 -900.0 171 -206 342.15099999999995 170.43299999999996 90
3450.0 1054.5519999999997 19 4410.0 -1160.0 252 -239 309.79900000000004 197.098 109
