1860.0 272.75499999999994 22 1860.0 0.0 0 -71 88.41899999999997 68.01899999999998 0
2580.0 311.52499999999986 18 2580.0 0.0 0 -71 124.30100000000002 100.06299999999997 0
1200.0 201.567 18 1200.0 0.0 0 -49 79.81199999999998 49.66199999999999 0
2370.0 251.42299999999994 16 2370.0 0.0 0 -63 82.83000000000001 79.09899999999999 0
1320.0 268.2369999999999 20 1320.0 -30.0 2 -63 109.62399999999995 43.666 6
2400.0 278.621 17 2400.0 0.0 0 -76 86.783 81.871 0
1980.0 293.6339999999998 16 1980.0 0.0 0 -68 109.64799999999995 76.94799999999996 0
2520.0 346.4429999999999 17 2520.0 0.0 0 -84 110.08999999999995 98.813 0
2580.0 287.99099999999993 18 2580.0 0.0 0 -64 113.58400000000003 92.13799999999999 0
1320.0 247.9359999999999 21 1320.0 0.0 0 -63 78.00999999999999 46.483 0
1680.0 234.36399999999998 15 1680.0 0.0 0 -64 59.18999999999999 59.055 0
1620.0 272.75199999999995 17 1620.0 0.0 0 -66 83.84399999999997 52.55099999999997 0
1320.0 203.70099999999994 20 1320.0 0.0 0 -57 67.10299999999998 39.548 0
1440.0 173.16700000000003 16 1440.0 0.0 0 -53 43.307 37.07299999999999 0
1530.0 270.52399999999994 19 1530.0 0.0 0 -71 83.36199999999998 63.49700000000001 0
1980.0 261.485 21 1980.0 0.0 0 -70 78.01699999999997 69.15799999999997 0
1200.0 209.90299999999996 19 1200.0 0.0 0 -50 69.75199999999998 57.77399999999999 0
1800.0 312.21699999999987 18 1800.0 0.0 0 -75 118.854 58.945 0
2160.0 248.81600000000003 16 2160.0 0.0 0 -67 77.713 69.35600000000001 0
2400.0 258.945 11 2400.0 0.0 0 -64 86.34200000000001 82.27099999999999 0
2010.0 251.24799999999993 19 2010.0 -20.0 1 -71 69.64900000000002 49.11599999999996 4
3210.0 405.20199999999994 22 3210.0 0.0 0 -91 147.55999999999997 133.21999999999997 0
1800.0 228.26699999999997 21 1800.0 0.0 0 -62 78.02799999999999 53.147000000000006 0
2520.0 295.6039999999999 18 2520.0 0.0 0 -69 99.62799999999997 90.12500000000001 0
1380.0 198.48299999999986 16 1380.0 0.0 0 -48 70.95599999999999 53.87899999999999 0
1920.0 269.68399999999986 18 1920.0 0.0 0 -67 84.52499999999998 72.47899999999998 0
2670.0 299.316 18 2670.0 0.0 0 -76 79.22600000000001 103.09499999999998 0
2460.0 358.497 20 2460.0 0.0 0 -82 135.46900000000002 74.23399999999997 0
1800.0 249.897 16 1800.0 0.0 0 -59 75.57699999999998 75.85999999999999 0
1110.0 168.033 16 1110.0 0.0 0 -46 48.333999999999996 37.948 0
2610.0 358.70800000000014 16 2610.0 0.0 0 -78 116.18200000000004 101.689 0
1470.0 289.40599999999995 19 1560.0 0.0 0 -69 104.34099999999998 60.278999999999996 0
1980.0 272.32300000000004 20 1980.0 0.0 0 -74 67.29299999999999 66.90200000000002 0
1890.0 313.829 22 1890.0 0.0 0 -72 109.87800000000001 74.663 0
1590.0 211.44000000000008 14 1590.0 -15.0 1 -48 84.84 59.169000000000004 3
1800.0 343.077 27 1800.0 0.0 0 -83 123.98599999999996 66.46200000000002 0
1830.0 346.513 21 1830.0 0.0 0 -83 130.513 66.08399999999999 0
1200.0 222.12199999999999 18 1200.0 0.0 0 -55 92.45699999999997 39.84599999999999 0
1560.0 204.94199999999998 18 1560.0 0.0 0 -61 67.52699999999999 38.202 0
1740.0 247.12099999999995 16 1740.0 0.0 0 -60 81.77099999999999 60.66599999999998 0
1770.0 263.9989999999999 16 1770.0 0.0 0 -66 85.67799999999997 64.83200000000001 0
1050.0 185.09699999999998 17 1050.0 0.0 0 -50 53.30899999999999 40.419 0
2190.0 264.54699999999997 19 2190.0 0.0 0 -71 82.20099999999998 72.527 0
2160.0 302.20199999999994 18 2160.0 0.0 0 -72 90.05499999999998 88.89099999999999 0
1080.0 218.74599999999998 15 1620.0 0.0 0 -55 69.03000000000002 53.45900000000002 0
1590.0 196.16199999999998 14 1590.0 0.0 0 -54 49.598 53.837999999999994 0
1380.0 305.2349999999999 20 1380.0 0.0 0 -68 122.63099999999991 63.827999999999996 0
1110.0 190.52399999999994 17 1110.0 0.0 0 -53 58.702999999999975 36.724000000000004 0
2910.0 362.172 15 2910.0 -30.0 4 -74 121.38200000000005 130.535 6
2220.0 295.089 21 2220.0 0.0 0 -74 87.48099999999997 84.184 0
2460.0 348.8549999999999 20 2460.0 0.0 0 -89 107.50699999999998 91.01599999999999 0
1680.0 208.20899999999992 19 1680.0 0.0 0 -56 66.14199999999998 55.37299999999999 0
1620.0 244.70499999999993 22 1620.0 0.0 0 -61 79.50299999999999 69.882 0
1860.0 261.6 17 1860.0 0.0 0 -69 87.334 62.99899999999998 0
1800.0 293.6209999999999 22 1800.0 0.0 0 -70 104.86999999999998 70.06300000000002 0
2340.0 384.7739999999996 22 2340.0 0.0 0 -95 135.057 72.48100000000001 0
1260.0 172.32800000000003 16 1260.0 0.0 0 -42 64.073 42.71399999999999 0
2190.0 284.189 21 2190.0 0.0 0 -77 92.45799999999998 66.55899999999998 0
1980.0 221.24299999999997 15 1980.0 0.0 0 -65 63.63900000000001 57.73099999999998 0
3210.0 359.325 19 3210.0 0.0 0 -85 107.816 120.83399999999997 0
1470.0 218.946 16 1470.0 0.0 0 -53 84.18199999999999 52.197999999999986 0
1710.0 270.0450000000001 21 1710.0 -5.0 0 -67 95.529 66.641 1
1710.0 203.49800000000002 13 1710.0 0.0 0 -50 74.003 61.25199999999999 0
2820.0 375.639 21 2820.0 0.0 0 -99 94.871 102.59599999999998 0
1320.0 219.99699999999999 20 1320.0 0.0 0 -55 77.82799999999999 43.358999999999995 0
2760.0 396.91500000000013 24 2760.0 0.0 0 -96 130.80399999999997 99.82600000000002 0
1980.0 262.63599999999997 21 2100.0 0.0 0 -70 83.26999999999998 65.85299999999998 0
1770.0 244.70799999999994 18 1770.0 0.0 0 -61 76.58800000000002 62.674 0
1680.0 252.43499999999992 13 1680.0 0.0 0 -65 73.99399999999997 59.919999999999995 0
2790.0 310.1819999999999 15 2790.0 0.0 0 -80 72.65499999999999 87.44900000000003 0
1110.0 239.39299999999992 15 1110.0 0.0 0 -51 98.781 43.74600000000001 0
2640.0 337.46899999999994 19 2640.0 0.0 0 -74 109.04400000000003 97.46399999999994 0
1320.0 277.1259999999999 19 1320.0 0.0 0 -66 111.22299999999996 49.506000000000014 0
2310.0 321.931 19 2310.0 0.0 0 -80 96.25999999999995 82.19700000000002 0
2190.0 308.29200000000003 18 2190.0 0.0 0 -71 117.70500000000003 76.89799999999998 0
2400.0 375.43399999999986 21 2400.0 -10.0 0 -84 140.91199999999998 93.39599999999999 2
2040.0 308.3479999999999 20 2040.0 0.0 0 -72 108.63299999999997 70.26899999999998 0
2580.0 281.018 17 2580.0 0.0 0 -66 96.95400000000001 68.94699999999997 0
2130.0 219.83499999999998 16 2130.0 0.0 0 -63 57.966999999999985 44.325999999999986 0
2250.0 413.92899999999986 23 2250.0 0.0 0 -90 137.28900000000002 96.664 0
1260.0 176.23199999999997 16 1260.0 0.0 0 -52 47.038999999999994 44.38399999999999 0
2790.0 380.18699999999984 24 2790.0 0.0 0 -87 140.23299999999995 104.11 0
2040.0 344.976 25 2040.0 0.0 0 -85 113.84599999999996 74.583 0
1530.0 227.59999999999997 21 1530.0 0.0 0 -55 80.69699999999995 63.25900000000001 0
1770.0 249.86799999999994 15 1770.0 0.0 0 -64 74.70299999999999 59.26099999999998 0
1920.0 238.197 19 1920.0 0.0 0 -63 83.04200000000003 70.207 0
1950.0 293.262 18 1950.0 0.0 0 -78 80.31000000000002 64.256 0
1260.0 242.68399999999997 19 1260.0 0.0 0 -65 69.46199999999999 48.24299999999999 0
1560.0 289.3059999999999 23 1560.0 0.0 0 -66 101.00499999999997 68.09899999999999 0
1740.0 237.85799999999995 16 1740.0 0.0 0 -66 70.34299999999999 55.308 0
1950.0 286.392 22 1950.0 0.0 0 -78 80.457 69.222 0
1530.0 246.4699999999999 20 1530.0 0.0 0 -64 84.34199999999997 56.556 0
1620.0 272.393 18 1620.0 0.0 0 -70 85.41099999999997 60.41399999999998 0
1710.0 197.81400000000002 16 1710.0 -5.0 0 -58 61.11799999999998 50.36799999999998 1
1710.0 255.50400000000002 24 1740.0 0.0 0 -69 85.42499999999998 53.08399999999999 0
1590.0 239.48099999999997 18 1590.0 0.0 0 -62 78.73899999999999 62.61999999999998 0
2100.0 283.5960000000001 21 2100.0 0.0 0 -70 98.625 68.878 0
1830.0 261.003 20 1830.0 0.0 0 -67 94.05599999999998 53.21699999999999 0
2160.0 328.91599999999994 18 2160.0 0.0 0 -74 121.27999999999999 89.21899999999995 0
2160.0 277.94899999999996 20 2160.0 0.0 0 -69 103.10399999999997 65.52599999999998 0
1230.0 224.51699999999994 19 1230.0 0.0 0 -66 59.458 28.904 0
2220.0 323.3979999999999 20 2220.0 -5.0 0 -83 98.60799999999996 89.24300000000001 1
2760.0 313.97199999999987 20 2760.0 0.0 0 -82 104.96900000000001 88.08699999999995 0
1860.0 255.64499999999998 16 1860.0 0.0 0 -65 86.13100000000003 58.25099999999998 0
1530.0 282.014 19 1530.0 0.0 0 -67 107.03299999999999 67.85099999999998 0
1980.0 283.036 23 1980.0 0.0 0 -68 99.64899999999997 82.584 0
1680.0 235.197 21 1680.0 0.0 0 -68 66.96400000000003 39.62800000000001 0
2790.0 350.27199999999993 24 2790.0 0.0 0 -81 133.45700000000002 104.17999999999996 0
2850.0 410.57299999999987 19 2850.0 0.0 0 -87 163.05200000000008 109.16499999999995 0
2370.0 321.08900000000006 21 2430.0 0.0 0 -82 110.921 83.06599999999999 0
2370.0 297.8279999999999 17 2370.0 -105.0 35 -69 104.154 81.45399999999995 7
2040.0 304.6599999999999 22 2040.0 -200.0 21 -86 95.90799999999997 60.144999999999996 40
1680.0 242.59299999999993 17 1680.0 0.0 0 -60 83.37500000000001 65.46099999999998 0
2520.0 336.29299999999995 16 2520.0 -5.0 0 -85 93.91299999999995 75.981 1
2190.0 278.239 18 2190.0 0.0 0 -70 97.00299999999997 77.836 0
1500.0 254.45299999999997 18 1500.0 0.0 0 -61 68.80199999999999 68.59199999999998 0
2040.0 288.43899999999985 20 2040.0 0.0 0 -73 86.63899999999998 70.725 0
1200.0 189.34899999999993 21 1200.0 0.0 0 -47 64.72299999999998 45.891999999999996 0
2370.0 338.4440000000001 20 2370.0 -15.0 0 -78 123.63799999999996 90.52099999999994 3
1410.0 237.55399999999995 16 1410.0 0.0 0 -54 102.50299999999996 51.696999999999996 0
2160.0 284.5369999999999 17 2160.0 -10.0 0 -68 97.88 77.08599999999998 2
1410.0 248.396 23 1410.0 0.0 0 -62 82.65299999999999 53.75200000000001 0
2160.0 277.31299999999993 21 2160.0 0.0 0 -69 94.61400000000003 78.56099999999998 0
1380.0 212.80999999999995 20 1380.0 0.0 0 -59 69.77999999999999 39.15299999999999 0
2250.0 261.7229999999999 12 2250.0 0.0 0 -65 92.29999999999998 72.93599999999996 0
2010.0 259.613 14 2010.0 0.0 0 -64 86.66500000000002 71.76999999999997 0
1980.0 307.19500000000005 19 1980.0 0.0 0 -74 101.83999999999997 70.218 0
1710.0 234.43500000000006 18 1710.0 0.0 0 -60 77.42099999999999 60.339999999999975 0
2100.0 311.48999999999995 19 2100.0 0.0 0 -76 108.78699999999996 77.55299999999997 0
2100.0 209.13899999999998 17 2100.0 0.0 0 -59 41.425000000000004 53.03000000000001 0
2100.0 224.391 17 2100.0 0.0 0 -63 68.90700000000001 56.94199999999998 0
1560.0 180.92299999999994 16 1560.0 0.0 0 -50 63.00099999999998 43.324999999999996 0
1980.0 308.75199999999984 19 1980.0 0.0 0 -73 107.67399999999998 64.74 0
1170.0 199.5569999999999 13 1170.0 0.0 0 -46 67.48099999999998 48.956999999999994 0
1650.0 283.84099999999995 20 1650.0 0.0 0 -75 91.13699999999999 54.74399999999999 0
2160.0 351.9559999999999 22 2160.0 0.0 0 -80 117.54199999999999 83.52399999999999 0
1680.0 301.54199999999986 24 1680.0 0.0 0 -75 98.72699999999996 52.86500000000001 0
2370.0 343.846 22 2370.0 0.0 0 -74 145.71499999999997 90.602 0
2790.0 375.919 24 2790.0 -15.0 1 -86 136.27699999999993 100.62500000000001 3
1920.0 234.93499999999995 17 1920.0 0.0 0 -62 74.818 69.65699999999998 0
2130.0 318.617 18 2130.0 0.0 0 -72 129.03699999999998 80.57499999999997 0
1860.0 343.7799999999999 24 1860.0 0.0 0 -92 110.00499999999997 58.783999999999985 0
2340.0 330.792 18 2340.0 0.0 0 -75 114.77899999999997 85.78499999999995 0
1980.0 262.1109999999998 21 1980.0 0.0 0 -65 82.84899999999999 66.35099999999997 0
2640.0 345.7209999999999 23 2640.0 0.0 0 -88 107.232 99.536 0
2250.0 361.6319999999998 24 2250.0 0.0 0 -87 122.273 81.43700000000003 0
2280.0 356.284 20 2280.0 -10.0 0 -81 122.05099999999999 92.204 2
1890.0 278.67199999999997 15 1890.0 0.0 0 -68 90.42899999999997 74.24900000000001 0
1860.0 252.15499999999997 20 1860.0 -15.0 0 -66 59.093 74.89299999999999 3
1500.0 219.20499999999996 22 1500.0 0.0 0 -58 80.19699999999997 47.609 0
1500.0 176.30199999999996 14 1500.0 0.0 0 -48 55.20299999999999 47.929999999999986 0
1890.0 267.86199999999997 22 1890.0 0.0 0 -71 88.20199999999997 65.565 0
2910.0 401.79399999999987 22 2910.0 -20.0 1 -94 124.72999999999995 113.749 4
1770.0 226.45499999999998 19 1770.0 0.0 0 -56 83.453 53.967999999999996 0
1920.0 268.361 17 1920.0 0.0 0 -65 83.582 67.44399999999999 0
2070.0 288.0699999999999 17 2070.0 -35.0 2 -75 81.29799999999994 61.52800000000001 7
1680.0 230.29499999999993 20 1680.0 -15.0 1 -59 78.33199999999997 56.465999999999994 3
1350.0 206.13900000000004 15 1350.0 0.0 0 -50 65.05899999999998 62.444 0
1650.0 211.69200000000006 19 1650.0 0.0 0 -54 61.038999999999994 50.275999999999996 0
1350.0 208.6099999999999 14 1350.0 0.0 0 -53 64.58 41.78599999999999 0
1230.0 200.31499999999997 17 1230.0 0.0 0 -50 60.80999999999999 42.585999999999984 0
1260.0 218.54899999999995 16 1260.0 0.0 0 -51 80.48099999999998 48.27099999999999 0
2310.0 289.57000000000005 19 2310.0 0.0 0 -65 117.46600000000001 77.20199999999996 0
3090.0 354.13300000000004 15 3090.0 -375.0 18 -86 112.92900000000002 108.04299999999999 75
2610.0 328.91099999999983 16 2610.0 -30.0 2 -77 100.10700000000001 106.62799999999996 6
1380.0 241.72299999999998 19 1380.0 0.0 0 -55 91.96799999999999 53.881 0
1170.0 207.856 17 1170.0 0.0 0 -49 68.98799999999997 49.833999999999996 0
1200.0 218.01799999999992 21 1200.0 -30.0 2 -52 81.96499999999999 53.611999999999995 6
2340.0 302.92 17 2340.0 0.0 0 -72 109.686 82.15199999999999 0
2460.0 329.70099999999996 23 2460.0 0.0 0 -83 97.80599999999998 64.911 0
2100.0 246.29000000000002 16 2100.0 0.0 0 -63 86.67900000000002 75.29499999999999 0
2160.0 286.52499999999986 19 2160.0 0.0 0 -60 115.40600000000003 82.90999999999998 0
2100.0 280.2 23 2160.0 0.0 0 -76 84.10899999999997 76.12799999999997 0
2040.0 293.223 22 2040.0 0.0 0 -70 96.91199999999998 80.737 0
2010.0 332.00199999999995 20 2010.0 0.0 0 -76 128.49599999999998 77.275 0
1710.0 220.78099999999995 17 1710.0 0.0 0 -62 64.95999999999998 55.52699999999999 0
1590.0 238.09299999999996 20 1590.0 0.0 0 -58 67.92799999999998 62.84800000000001 0
2700.0 388.489 15 2940.0 -240.0 80 -91 122.435 109.16400000000002 16
2010.0 299.151 23 2010.0 0.0 0 -71 113.12499999999994 58.587 0
1740.0 232.98299999999998 19 1740.0 0.0 0 -58 76.011 57.752999999999986 0
1770.0 248.385 15 1770.0 -5.0 0 -61 71.20199999999998 72.34299999999998 1
1410.0 207.32500000000005 17 1410.0 0.0 0 -56 54.50999999999999 52.8 0
1710.0 224.5019999999999 18 1710.0 0.0 0 -58 66.38199999999998 58.63999999999999 0
2670.0 345.899 18 2670.0 0.0 0 -78 132.43000000000004 102.75999999999996 0
1680.0 283.8349999999999 22 1680.0 0.0 0 -71 81.76299999999996 51.675999999999995 0
1470.0 227.01899999999998 19 1470.0 0.0 0 -61 67.05999999999997 50.87099999999998 0
1590.0 251.79399999999993 17 1590.0 0.0 0 -61 82.82499999999997 61.391999999999996 0
2160.0 280.15200000000004 20 2160.0 0.0 0 -71 93.88600000000001 84.16700000000002 0
1770.0 271.80299999999994 25 1770.0 0.0 0 -66 83.58099999999999 71.92500000000003 0
2760.0 317.81700000000006 18 2760.0 0.0 0 -78 99.751 75.69099999999996 0
2490.0 276.86499999999995 19 2490.0 -25.0 1 -77 77.88900000000001 76.76399999999997 5
1740.0 297.77499999999986 19 1740.0 0.0 0 -68 107.03099999999996 78.066 0
2070.0 310.207 16 2070.0 0.0 0 -64 127.56900000000002 87.94799999999998 0
1800.0 230.12099999999995 18 1800.0 0.0 0 -56 75.242 56.568000000000005 0
1980.0 290.6929999999999 20 1980.0 0.0 0 -77 90.588 61.100000000000016 0
1080.0 171.78599999999994 12 1080.0 0.0 0 -46 50.492 33.226 0
2280.0 259.29799999999994 14 2280.0 0.0 0 -69 66.57400000000003 86.56899999999999 0
2250.0 305.73499999999984 22 2250.0 0.0 0 -82 109.66300000000001 69.64799999999997 0
1740.0 265.46999999999997 17 1740.0 0.0 0 -67 81.60199999999998 68.68900000000002 0
1530.0 291.5099999999999 18 1530.0 0.0 0 -57 122.14099999999996 73.63099999999999 0
1170.0 205.55499999999995 15 1320.0 0.0 0 -56 46.213 49.388000000000005 0
2100.0 260.3709999999999 17 2100.0 0.0 0 -67 80.73799999999997 78.55499999999996 0
1230.0 190.689 17 1230.0 0.0 0 -53 61.91699999999999 48.07399999999999 0
2370.0 347.062 19 2370.0 0.0 0 -76 129.81099999999995 93.39899999999999 0
2130.0 259.12100000000004 22 2130.0 0.0 0 -66 83.90899999999999 72.38999999999999 0
1740.0 294.49799999999993 25 1740.0 0.0 0 -75 89.65899999999998 75.343 0
2370.0 307.72699999999986 16 2370.0 0.0 0 -84 78.54699999999997 91.92399999999999 0
2280.0 300.693 21 2280.0 0.0 0 -69 110.97800000000004 87.68199999999996 0
1680.0 239.39399999999998 14 1680.0 0.0 0 -62 70.84400000000001 60.370999999999995 0
1860.0 300.79499999999996 19 1860.0 0.0 0 -65 109.27700000000002 75.19800000000001 0
1560.0 259.098 18 1560.0 0.0 0 -64 79.42899999999999 39.56199999999999 0
2100.0 272.7349999999998 15 2100.0 -15.0 0 -69 67.90399999999998 80.321 3
1290.0 210.439 17 1290.0 0.0 0 -55 54.008999999999986 46.586999999999996 0
1200.0 227.64099999999996 21 1200.0 0.0 0 -57 74.94599999999998 55.120999999999995 0
2070.0 265.40999999999997 17 2070.0 -20.0 1 -66 81.90700000000001 78.44899999999997 4
2040.0 315.1770000000001 20 2040.0 -15.0 1 -71 115.70899999999996 88.48299999999996 3
1200.0 215.84299999999993 18 1200.0 0.0 0 -59 63.03199999999999 44.077000000000005 0
1530.0 249.4169999999999 19 1530.0 0.0 0 -55 97.95299999999997 63.443000000000005 0
1650.0 320.4200000000001 24 1650.0 0.0 0 -70 119.49000000000002 66.11999999999999 0
1440.0 228.09899999999996 16 1440.0 0.0 0 -55 90.44200000000001 54.99399999999997 0
2160.0 251.39399999999995 14 2160.0 0.0 0 -58 72.15299999999999 93.09099999999998 0
2010.0 309.50199999999984 19 2010.0 -10.0 1 -74 104.84700000000002 78.65700000000001 2
1710.0 253.09000000000003 22 1710.0 0.0 0 -58 75.44 61.61499999999997 0
1860.0 316.63599999999985 22 1860.0 0.0 0 -76 103.68399999999997 70.43199999999997 0
1830.0 265.1919999999999 17 1830.0 0.0 0 -63 88.133 69.21799999999999 0
1830.0 257.94399999999996 21 1830.0 0.0 0 -68 78.615 72.31599999999999 0
1890.0 297.397 17 1890.0 0.0 0 -69 95.92199999999994 76.53299999999999 0
2100.0 287.8469999999999 22 2100.0 0.0 0 -61 109.19599999999997 84.82899999999997 0
1740.0 293.25699999999983 21 1740.0 0.0 0 -67 111.36399999999996 67.038 0
2130.0 300.354 18 2130.0 0.0 0 -73 93.04899999999998 71.565 0
1740.0 208.54499999999996 10 1740.0 0.0 0 -59 31.18199999999999 63.027000000000015 0
1410.0 265.15599999999995 17 1410.0 0.0 0 -60 105.86299999999999 43.26999999999999 0
1920.0 333.95399999999995 22 1920.0 0.0 0 -79 111.20499999999996 72.59600000000002 0
1650.0 237.76 17 1650.0 0.0 0 -58 79.211 70.24 0
2280.0 322.5849999999999 15 2280.0 0.0 0 -68 127.97999999999998 85.99699999999999 0
2880.0 367.17900000000003 18 2880.0 0.0 0 -90 106.49400000000001 109.25499999999997 0
1980.0 307.217 19 1980.0 -20.0 1 -76 84.62799999999999 79.96600000000001 4
1890.0 284.95799999999997 17 1890.0 0.0 0 -71 101.92299999999999 60.81799999999999 0
1770.0 251.0439999999999 18 1770.0 0.0 0 -70 61.10999999999997 59.23899999999999 0
2040.0 268.9549999999999 20 2040.0 0.0 0 -72 73.37799999999999 71.52699999999999 0
2490.0 387.18399999999986 26 2490.0 -20.0 1 -96 135.34699999999998 93.63799999999998 4
1710.0 269.146 19 1710.0 0.0 0 -62 99.83099999999999 63.74300000000003 0
2070.0 294.624 19 2070.0 -15.0 1 -75 84.03099999999996 67.22900000000001 3
2040.0 334.60799999999995 21 2040.0 0.0 0 -80 127.31799999999994 71.22800000000002 0
1560.0 304.292 24 1560.0 0.0 0 -76 110.72899999999996 48.95099999999999 0
3300.0 389.28899999999993 22 3300.0 0.0 0 -90 137.222 126.96999999999996 0
2460.0 346.47800000000007 21 2460.0 0.0 0 -87 107.85000000000001 86.99499999999998 0
1800.0 262.37399999999985 18 1800.0 0.0 0 -67 80.04999999999997 65.31400000000002 0
1410.0 285.86 20 1410.0 0.0 0 -65 102.43599999999998 72.34999999999998 0
2190.0 277.73499999999996 17 2190.0 0.0 0 -62 108.62499999999999 78.05100000000002 0
1800.0 195.32799999999997 12 1800.0 0.0 0 -49 64.02299999999998 65.833 0
1950.0 269.2869999999999 19 1950.0 0.0 0 -76 67.323 62.679999999999986 0
1650.0 274.7630000000001 18 1650.0 0.0 0 -68 105.273 60.499999999999986 0
2220.0 257.4779999999999 19 2220.0 0.0 0 -59 86.57300000000001 94.46599999999998 0
1020.0 134.74 13 1020.0 0.0 0 -37 46.305 36.733999999999995 0
1980.0 224.68199999999996 15 1980.0 0.0 0 -55 72.19699999999997 58.148999999999994 0
1830.0 333.55999999999995 23 1830.0 0.0 0 -80 122.16299999999993 60.67400000000001 0
2250.0 286.4569999999999 16 2250.0 0.0 0 -64 100.47800000000002 94.44599999999998 0
1890.0 249.81499999999997 17 1890.0 0.0 0 -57 92.77799999999999 78.79299999999999 0
2070.0 302.26500000000004 19 2070.0 0.0 0 -71 95.71100000000001 92.644 0
1680.0 217.60399999999998 18 1680.0 0.0 0 -62 55.17199999999998 50.934999999999995 0
1590.0 249.12300000000002 22 1590.0 0.0 0 -64 87.26799999999997 55.342999999999996 0
1860.0 311.69599999999986 23 1860.0 0.0 0 -81 98.55999999999999 61.793 0
2010.0 299.00600000000003 17 2010.0 0.0 0 -64 116.64300000000003 82.31099999999995 0
1740.0 286.15799999999996 24 1740.0 0.0 0 -74 95.85799999999995 51.456999999999994 0
2100.0 295.51200000000006 22 2100.0 0.0 0 -67 99.64699999999999 80.55900000000001 0
2400.0 258.399 18 2400.0 0.0 0 -62 97.84700000000001 79.954 0
1920.0 306.1449999999999 22 1920.0 0.0 0 -80 99.78199999999997 57.34099999999999 0
1830.0 291.8519999999999 17 1830.0 0.0 0 -74 103.407 52.702000000000005 0
1860.0 233.80699999999996 18 1860.0 0.0 0 -58 84.581 63.083 0
1650.0 244.47999999999993 19 1650.0 0.0 0 -67 81.32699999999998 51.173999999999985 0
1350.0 234.67899999999997 19 1350.0 0.0 0 -58 81.92699999999999 51.427 0
1950.0 309.122 24 1950.0 0.0 0 -73 115.99199999999999 74.02199999999999 0
2130.0 338.21 21 2130.0 -10.0 0 -88 104.202 85.85000000000001 2
2520.0 370.4309999999999 18 2520.0 0.0 0 -88 124.047 95.207 0
1950.0 257.9779999999999 23 1950.0 0.0 0 -68 75.512 76.37899999999999 0
1890.0 327.9700000000001 25 2220.0 0.0 0 -85 106.97799999999994 76.95400000000001 0
1380.0 211.96400000000003 19 1380.0 0.0 0 -55 62.252999999999986 37.503 0
2400.0 330.06300000000005 22 2400.0 -20.0 1 -83 106.33399999999999 81.37799999999999 4
2040.0 297.27900000000005 19 2040.0 -5.0 0 -71 103.08099999999999 71.633 1
2100.0 260.68100000000004 18 2100.0 0.0 0 -60 95.46000000000001 76.03199999999995 0
900.0 149.808 14 900.0 0.0 0 -44 45.821 24.342000000000002 0
1920.0 268.61400000000003 21 1920.0 0.0 0 -72 72.68099999999998 67.72100000000002 0
1950.0 268.2429999999999 22 1950.0 0.0 0 -69 80.38299999999998 60.66799999999999 0
1950.0 270.1669999999999 16 1950.0 -5.0 0 -56 100.92099999999999 88.37 1
2040.0 234.79200000000006 17 2040.0 0.0 0 -62 81.92900000000003 66.38199999999996 0
1170.0 223.77599999999995 16 1170.0 0.0 0 -52 76.39399999999998 45.342999999999996 0
2310.0 306.2639999999999 18 2310.0 0.0 0 -71 104.72400000000002 78.84799999999998 0
1590.0 278.93699999999995 22 1590.0 0.0 0 -62 89.25999999999998 73.92999999999999 0
1800.0 273.0229999999999 21 1800.0 0.0 0 -71 89.00000000000001 58.57499999999999 0
2580.0 337.51999999999987 19 2580.0 0.0 0 -77 125.991 93.26199999999994 0
1860.0 263.55 19 1860.0 0.0 0 -67 80.98300000000002 58.29899999999999 0
1140.0 191.51099999999997 18 1140.0 0.0 0 -48 70.87499999999997 37.51 0
2430.0 365.1189999999998 24 2430.0 0.0 0 -93 115.91499999999994 91.575 0
1620.0 284.0229999999999 22 1620.0 0.0 0 -66 106.44099999999995 59.734999999999985 0
1980.0 268.045 21 1980.0 0.0 0 -68 82.86499999999998 71.547 0
1470.0 289.761 20 1470.0 0.0 0 -65 101.61599999999999 62.257999999999996 0
1530.0 255.85599999999994 17 1530.0 0.0 0 -63 96.68599999999998 57.919999999999995 0
2010.0 269.3049999999999 18 2010.0 0.0 0 -73 69.33499999999998 75.234 0
2430.0 351.74700000000007 20 2430.0 -150.0 3 -92 101.607 89.25000000000001 30
1530.0 285.915 19 1530.0 0.0 0 -63 106.01299999999995 74.006 0
2760.0 294.82099999999997 20 2760.0 -20.0 2 -76 91.60199999999999 90.44199999999998 4
2580.0 411.15399999999994 21 2580.0 0.0 0 -94 159.31099999999995 97.91399999999997 0
2910.0 341.2210000000001 17 2910.0 -20.0 1 -81 125.16499999999998 92.47200000000001 4
1500.0 250.02299999999994 22 1500.0 -10.0 1 -69 81.23800000000001 56.04799999999999 2
2040.0 277.08000000000004 18 2040.0 0.0 0 -67 87.30299999999998 58.790000000000006 0
1680.0 206.54300000000003 15 1680.0 0.0 0 -59 65.59700000000002 44.78099999999998 0
1380.0 281.2609999999999 18 1380.0 0.0 0 -70 94.78899999999997 59.82699999999999 0
2280.0 310.69399999999996 21 2280.0 0.0 0 -77 101.962 68.403 0
1830.0 310.48900000000003 17 1830.0 0.0 0 -68 111.83599999999997 74.57 0
990.0 180.17899999999997 16 990.0 0.0 0 -47 54.33099999999999 31.308000000000003 0
2130.0 278.91699999999986 20 2130.0 0.0 0 -74 80.76199999999999 66.636 0
2550.0 294.553 16 2550.0 0.0 0 -67 87.91100000000002 105.445 0
2190.0 329.6039999999999 23 2190.0 0.0 0 -82 107.63499999999996 76.06799999999998 0
1950.0 318.5 24 1950.0 0.0 0 -72 109.11399999999999 80.95799999999997 0
1890.0 239.975 13 1890.0 0.0 0 -62 74.81499999999998 71.02799999999999 0
2400.0 308.69200000000006 20 2400.0 -25.0 1 -73 110.349 86.94999999999995 5
1710.0 267.3569999999999 15 1710.0 0.0 0 -68 69.25699999999999 78.239 0
1620.0 244.0329999999999 16 1620.0 0.0 0 -59 80.53199999999998 60.860999999999976 0
2460.0 311.06600000000003 19 2460.0 0.0 0 -68 119.47400000000002 98.64499999999998 0
2430.0 328.099 18 2430.0 -15.0 1 -81 96.67299999999999 96.663 3
1620.0 248.50899999999996 20 1620.0 0.0 0 -62 90.79099999999998 57.717 0
1140.0 228.33700000000005 19 1140.0 0.0 0 -62 72.43799999999999 34.851000000000006 0
2280.0 309.009 16 2280.0 0.0 0 -72 110.48800000000001 77.08399999999995 0
1890.0 278.767 17 1890.0 0.0 0 -65 105.27100000000002 67.485 0
1650.0 299.775 17 1650.0 0.0 0 -64 111.23 77.789 0
2040.0 252.08500000000004 15 2040.0 0.0 0 -60 79.75400000000002 73.91999999999999 0
2070.0 229.819 15 2070.0 0.0 0 -56 75.74999999999999 73.413 0
2040.0 343.24499999999995 20 2040.0 0.0 0 -73 128.79599999999994 85.62800000000001 0
1800.0 270.059 20 1800.0 0.0 0 -69 82.23100000000002 63.711 0
2400.0 363.59599999999995 19 2400.0 0.0 0 -84 143.49500000000003 79.34799999999996 0
2940.0 252.1579999999999 20 2940.0 0.0 0 -68 72.66099999999997 78.28899999999997 0
1950.0 260.14599999999996 19 1950.0 0.0 0 -63 89.041 61.91299999999998 0
1320.0 287.29499999999996 25 1320.0 0.0 0 -56 115.09799999999996 70.20999999999998 0
2100.0 346.38199999999995 21 2100.0 0.0 0 -83 118.86200000000002 88.61999999999998 0
1890.0 285.4669999999999 21 1890.0 0.0 0 -73 84.79199999999999 73.10399999999998 0
2010.0 273.25500000000005 17 2010.0 0.0 0 -66 90.23299999999998 73.34899999999996 0
1980.0 302.41999999999996 18 1980.0 0.0 0 -69 104.34400000000001 81.71899999999998 0
2670.0 387.12199999999996 16 2670.0 0.0 0 -89 129.734 105.38500000000002 0
1890.0 246.89899999999994 16 1890.0 -90.0 30 -59 80.009 68.973 6
2190.0 307.647 21 2370.0 0.0 0 -69 119.41999999999999 90.73599999999999 0
1710.0 289.72999999999996 22 1710.0 0.0 0 -64 97.785 83.37099999999998 0
1920.0 259.49999999999994 15 1920.0 0.0 0 -55 100.77499999999999 76.86999999999996 0
1830.0 290.2919999999999 18 1830.0 0.0 0 -70 90.91499999999999 68.50999999999996 0
1260.0 221.38599999999997 18 1260.0 0.0 0 -56 74.426 50.67799999999999 0
1530.0 296.38599999999997 19 1530.0 0.0 0 -67 112.086 65.389 0
2790.0 345.34899999999993 19 2790.0 0.0 0 -89 113.05899999999997 87.41900000000003 0
1830.0 316.9499999999999 22 1830.0 -15.0 1 -75 109.46799999999999 76.70100000000002 3
2760.0 436.92199999999985 26 2760.0 0.0 0 -108 165.94199999999998 95.284 0
2100.0 317.96999999999997 22 2100.0 0.0 0 -84 99.50399999999998 77.07699999999998 0
1950.0 276.27999999999986 20 1950.0 0.0 0 -70 82.11399999999998 69.80199999999999 0
1380.0 243.59999999999985 17 1380.0 0.0 0 -58 89.35000000000002 52.182 0
1560.0 225.279 18 1560.0 -15.0 1 -55 67.74699999999999 63.420999999999985 3
1230.0 183.39199999999994 16 1230.0 0.0 0 -52 49.70699999999999 37.017999999999994 0
2370.0 300.42499999999995 16 2370.0 0.0 0 -70 96.93700000000001 89.60999999999996 0
2010.0 288.706 19 2010.0 -5.0 0 -73 87.25399999999996 81.2 1
2910.0 380.795 20 2910.0 0.0 0 -84 134.87300000000008 126.49099999999996 0
2220.0 302.60699999999997 17 2220.0 0.0 0 -67 114.634 85.45499999999997 0
2670.0 342.144 20 2670.0 0.0 0 -84 124.43199999999997 86.10200000000003 0
1800.0 279.115 20 1800.0 0.0 0 -64 87.39299999999999 76.09299999999999 0
1860.0 241.23299999999998 19 1860.0 0.0 0 -57 87.38900000000001 75.85100000000001 0
2370.0 282.20700000000005 16 2430.0 0.0 0 -71 95.216 89.28999999999999 0
960.0 178.62399999999994 17 960.0 0.0 0 -52 55.347999999999985 21.090999999999998 0
1800.0 332.79999999999984 20 1800.0 -20.0 1 -78 110.967 78.63699999999999 4
1260.0 203.825 16 1260.0 0.0 0 -43 77.57499999999999 59.92399999999998 0
1800.0 268.665 18 1800.0 0.0 0 -64 92.68599999999995 74.55000000000001 0
1800.0 273.989 18 1800.0 0.0 0 -63 90.781 69.47399999999999 0
1680.0 222.67499999999998 15 1680.0 0.0 0 -55 70.65200000000002 60.43899999999998 0
2430.0 325.389 17 2430.0 0.0 0 -72 110.36799999999998 100.22999999999995 0
1530.0 239.777 19 1590.0 0.0 0 -63 75.32199999999999 54.794999999999995 0
2400.0 366.154 19 2400.0 0.0 0 -81 135.327 98.41099999999997 0
2580.0 307.5829999999999 20 2580.0 0.0 0 -77 89.707 85.00899999999999 0
2160.0 324.44700000000006 22 2160.0 0.0 0 -78 115.13799999999995 86.40899999999999 0
2220.0 249.992 16 2220.0 0.0 0 -56 97.368 86.72699999999998 0
1470.0 207.31799999999996 12 1470.0 0.0 0 -48 80.72500000000001 53.48599999999999 0
1830.0 264.6499999999999 21 1830.0 0.0 0 -71 85.76599999999999 61.28399999999999 0
2130.0 287.412 19 2130.0 0.0 0 -70 110.11400000000003 80.54599999999999 0
1950.0 263.2629999999999 21 1950.0 0.0 0 -74 72.49799999999999 46.713 0
2250.0 304.35299999999995 23 2250.0 0.0 0 -81 97.14299999999997 86.50000000000001 0
2340.0 305.24399999999997 18 2340.0 0.0 0 -75 109.197 78.78600000000002 0
2220.0 291.34599999999995 22 2220.0 0.0 0 -72 96.342 89.264 0
2160.0 260.06000000000006 16 2160.0 0.0 0 -64 91.238 71.17 0
2040.0 249.8079999999999 13 2040.0 0.0 0 -59 87.58299999999997 64.875 0
1830.0 253.81599999999992 16 1830.0 0.0 0 -62 73.92699999999998 73.86699999999999 0
1710.0 272.5919999999999 20 1710.0 0.0 0 -72 71.09799999999998 63.525999999999996 0
2040.0 353.1379999999999 18 2040.0 0.0 0 -82 124.17599999999999 79.06500000000001 0
1980.0 314.1189999999999 18 1980.0 0.0 0 -71 107.64399999999996 63.07299999999997 0
1860.0 342.05299999999994 20 1860.0 0.0 0 -72 146.46699999999996 67.59199999999998 0
1590.0 240.068 21 1590.0 0.0 0 -67 65.98200000000001 57.413999999999994 0
2640.0 333.664 21 2640.0 0.0 0 -82 107.70200000000001 96.09899999999999 0
2130.0 265.12999999999994 22 2130.0 0.0 0 -68 91.08700000000002 74.66199999999996 0
1890.0 270.0229999999999 18 1890.0 0.0 0 -67 92.553 70.15999999999998 0
1440.0 234.58799999999997 19 1440.0 -10.0 0 -57 83.26799999999997 59.252999999999986 2
1320.0 178.06199999999993 15 1320.0 0.0 0 -50 56.178999999999995 46.41199999999999 0
1770.0 292.5829999999999 24 1770.0 0.0 0 -73 103.60699999999997 59.639999999999986 0
2010.0 193.46700000000004 12 2010.0 0.0 0 -50 67.284 59.73899999999997 0
1950.0 266.91599999999994 19 1950.0 0.0 0 -74 77.03399999999998 67.54200000000002 0
1980.0 264.48099999999994 17 1980.0 0.0 0 -69 93.90999999999997 59.32600000000001 0
1590.0 272.666 23 1590.0 0.0 0 -66 96.69899999999997 51.666000000000004 0
2370.0 321.068 22 2370.0 0.0 0 -80 102.41399999999999 81.106 0
2610.0 384.21700000000004 21 2610.0 0.0 0 -88 151.472 92.04099999999997 0
2040.0 259.2809999999999 22 2040.0 0.0 0 -73 80.68499999999999 59.062999999999995 0
1890.0 247.07599999999994 20 1890.0 0.0 0 -71 71.77599999999997 56.00699999999998 0
1170.0 169.31099999999995 14 1170.0 0.0 0 -42 65.22099999999999 40.63799999999999 0
1530.0 218.841 19 1530.0 0.0 0 -52 75.636 64.22599999999998 0
1740.0 268.943 18 1740.0 0.0 0 -79 54.72699999999999 60.903000000000006 0
2700.0 336.3039999999999 23 2700.0 -10.0 1 -78 120.07299999999995 88.68399999999998 2
1620.0 271.24299999999994 20 1620.0 0.0 0 -72 76.719 60.121999999999986 0
1590.0 217.47 13 1590.0 0.0 0 -54 72.03499999999997 54.281 0
2730.0 318.50299999999993 15 2730.0 -260.0 17 -85 84.87100000000002 95.411 52
1920.0 285.76799999999986 18 1920.0 0.0 0 -69 91.14999999999999 67.40899999999998 0
1920.0 297.69399999999985 21 1920.0 0.0 0 -72 103.16499999999996 73.76799999999999 0
2250.0 290.2879999999999 18 2250.0 0.0 0 -75 87.50499999999997 64.59999999999998 0
1620.0 261.60699999999986 17 1620.0 0.0 0 -62 81.99399999999999 72.49699999999999 0
2130.0 268.1859999999999 19 2130.0 0.0 0 -66 93.69999999999997 77.208 0
2220.0 286.15999999999997 17 2220.0 0.0 0 -76 83.75599999999999 80.52499999999999 0
990.0 151.5709999999999 15 990.0 0.0 0 -43 35.989 33.663999999999994 0
1890.0 246.76499999999987 18 1890.0 0.0 0 -63 75.57299999999996 65.40299999999999 0
1410.0 257.38399999999996 21 1410.0 0.0 0 -65 95.03899999999999 49.321 0
1980.0 342.5900000000001 24 1980.0 0.0 0 -80 111.51199999999999 94.35800000000002 0
1920.0 227.71400000000006 17 1920.0 -15.0 2 -53 78.86500000000002 66.03099999999995 3
1980.0 248.196 17 1980.0 0.0 0 -62 82.06500000000001 69.622 0
1350.0 228.08099999999996 17 1350.0 0.0 0 -53 86.46299999999995 49.424 0
1920.0 249.256 21 1920.0 0.0 0 -64 74.00199999999997 70.19200000000001 0
1920.0 252.40199999999984 18 1920.0 0.0 0 -61 91.98699999999998 72.54999999999998 0
2070.0 256.068 18 2070.0 0.0 0 -61 109.63100000000001 63.47599999999999 0
1680.0 183.89899999999997 13 1680.0 0.0 0 -42 67.92099999999999 52.957999999999984 0
2100.0 304.72099999999995 21 2100.0 0.0 0 -75 96.92499999999997 87.52399999999999 0
1980.0 309.3189999999999 24 1980.0 0.0 0 -81 92.69499999999996 69.49999999999999 0
1830.0 239.18300000000005 18 1830.0 0.0 0 -56 75.75499999999997 72.16199999999999 0
1590.0 288.0930000000001 19 1590.0 0.0 0 -60 102.68499999999999 76.74799999999999 0
1800.0 290.9779999999998 21 1800.0 0.0 0 -78 87.02699999999999 67.015 0
1290.0 289.83000000000004 19 1590.0 0.0 0 -58 117.79199999999999 65.07499999999999 0
2640.0 326.65600000000006 18 2640.0 0.0 0 -70 121.01700000000002 85.11999999999998 0
2640.0 331.971 18 2640.0 0.0 0 -81 114.41900000000001 98.221 0
2190.0 307.31 18 2190.0 0.0 0 -73 115.20599999999997 79.83299999999997 0
1380.0 224.40399999999997 18 1380.0 0.0 0 -58 72.39699999999999 49.70199999999999 0
1650.0 318.1069999999999 21 1650.0 0.0 0 -69 132.405 62.352999999999994 0
1680.0 220.97499999999994 15 1680.0 0.0 0 -52 82.57399999999998 58.92899999999996 0
2010.0 240.3880000000001 18 2010.0 0.0 0 -56 86.44399999999999 74.76299999999993 0
2130.0 270.96900000000005 20 2130.0 0.0 0 -68 86.60199999999998 75.30600000000001 0
1380.0 191.24099999999999 16 1380.0 0.0 0 -53 48.865999999999985 47.37899999999999 0
1650.0 244.10000000000008 15 1650.0 0.0 0 -53 94.289 63.298999999999964 0
2280.0 328.64199999999994 21 2280.0 0.0 0 -80 117.59599999999998 80.91099999999999 0
1230.0 209.91299999999998 19 1230.0 0.0 0 -55 60.84099999999999 44.63499999999999 0
2160.0 279.18299999999994 20 2160.0 -15.0 0 -65 100.18699999999995 87.139 3
1620.0 239.19799999999995 19 1620.0 0.0 0 -58 80.92199999999997 63.87299999999998 0
2160.0 305.60200000000003 19 2160.0 0.0 0 -63 123.23 83.37299999999998 0
1680.0 217.76 16 1680.0 0.0 0 -54 72.33699999999999 61.51299999999999 0
2190.0 276.34999999999997 23 2190.0 0.0 0 -79 82.44099999999997 65.445 0
2340.0 317.81099999999986 21 2340.0 0.0 0 -76 95.04699999999998 94.89 0
2070.0 290.5329999999999 18 2070.0 0.0 0 -70 105.88200000000002 82.74699999999997 0
1590.0 196.39699999999996 14 1590.0 0.0 0 -52 58.81599999999998 47.56899999999999 0
1620.0 275.93999999999994 16 1620.0 0.0 0 -69 91.96999999999997 63.36400000000001 0
1410.0 225.20799999999997 20 1410.0 0.0 0 -56 79.58499999999998 57.119 0
1890.0 256.27500000000003 14 1890.0 0.0 0 -65 74.47200000000001 72.648 0
1980.0 277.01000000000005 16 1980.0 0.0 0 -63 107.84 77.44299999999998 0
1200.0 234.96699999999993 16 1200.0 0.0 0 -51 88.16599999999998 60.71600000000001 0
1620.0 248.738 18 1620.0 0.0 0 -65 74.59699999999998 59.17599999999998 0
2130.0 246.60499999999996 20 2130.0 0.0 0 -67 77.60500000000002 70.38 0
1920.0 254.68999999999997 14 1920.0 0.0 0 -60 82.588 70.09799999999998 0
2010.0 360.57700000000006 24 2010.0 0.0 0 -92 138.479 54.455 0
2520.0 274.632 14 2520.0 0.0 0 -79 61.891999999999996 55.642 0
2190.0 256.65599999999995 20 2190.0 0.0 0 -66 81.18700000000001 82.72699999999998 0
1440.0 208.80800000000002 14 1440.0 0.0 0 -46 71.94900000000003 65.36599999999999 0
1920.0 204.27499999999998 17 1920.0 0.0 0 -49 74.14099999999998 69.41099999999997 0
2670.0 297.94899999999996 19 2670.0 0.0 0 -81 92.88500000000003 72.56199999999998 0
1320.0 208.36499999999992 19 1320.0 0.0 0 -53 58.83999999999999 46.382 0
1980.0 279.97299999999996 18 1980.0 0.0 0 -70 78.16899999999998 75.63700000000003 0
2190.0 304.9539999999999 18 2190.0 0.0 0 -79 84.368 83.77899999999998 0
1860.0 282.849 17 1860.0 0.0 0 -62 102.072 66.468 0
1290.0 211.76799999999994 16 1350.0 0.0 0 -53 62.42699999999998 44.93399999999999 0
2820.0 381.1459999999999 25 2820.0 0.0 0 -91 128.00599999999997 100.918 0
1320.0 267.8759999999999 23 1320.0 0.0 0 -66 89.19099999999997 53.795 0
2100.0 315.512 17 2100.0 0.0 0 -70 118.125 82.14599999999999 0
2310.0 286.74000000000007 21 2310.0 0.0 0 -79 79.13299999999998 72.987 0
1830.0 314.96599999999984 25 1830.0 0.0 0 -71 107.04599999999996 67.784 0
1590.0 202.96100000000007 13 1590.0 0.0 0 -50 74.51699999999997 54.149 0
1740.0 266.4889999999999 18 1740.0 0.0 0 -64 96.144 69.33699999999996 0
1290.0 237.64299999999994 15 1290.0 0.0 0 -50 78.43299999999996 67.97299999999998 0
2010.0 304.978 20 2010.0 0.0 0 -78 96.16799999999996 58.44300000000001 0
2010.0 266.61599999999993 21 2010.0 0.0 0 -64 86.84599999999999 72.148 0
1890.0 296.998 23 1890.0 0.0 0 -67 100.98199999999999 71.452 0
2460.0 347.9499999999999 24 2460.0 -5.0 0 -83 127.22099999999996 81.814 1
1650.0 252.817 16 1650.0 0.0 0 -65 82.59099999999998 53.80299999999998 0
1380.0 193.29999999999998 16 1380.0 0.0 0 -53 63.26599999999999 42.855999999999995 0
2460.0 324.3879999999999 19 2460.0 -60.0 5 -85 90.76399999999997 94.05100000000002 12
2190.0 275.132 16 2190.0 0.0 0 -64 94.41000000000001 80.27599999999998 0
1380.0 235.26199999999997 20 1380.0 -5.0 0 -57 74.54199999999997 54.48499999999999 1
1530.0 255.73199999999997 19 1530.0 0.0 0 -55 95.292 72.646 0
2220.0 294.9509999999999 16 2220.0 0.0 0 -70 96.69599999999996 69.70199999999997 0
2220.0 318.02700000000004 21 2220.0 0.0 0 -70 113.34200000000001 98.12799999999999 0
1830.0 284.1309999999999 21 1830.0 0.0 0 -74 95.95399999999998 66.047 0
2400.0 270.43 15 2400.0 0.0 0 -64 81.82300000000002 85.60500000000003 0
2160.0 266.844 17 2160.0 0.0 0 -72 76.63999999999997 83.939 0
2430.0 337.5659999999999 20 2430.0 -25.0 1 -79 111.18600000000004 98.70399999999998 5
1770.0 228.225 19 1770.0 0.0 0 -56 81.743 64.25399999999998 0
1410.0 201.33499999999998 14 1410.0 0.0 0 -55 51.47499999999998 43.92299999999999 0
2010.0 261.801 21 2010.0 0.0 0 -72 72.86399999999998 65.761 0
2100.0 320.28399999999993 22 2250.0 0.0 0 -76 114.613 90.713 0
2100.0 255.95500000000007 22 2100.0 0.0 0 -69 84.37600000000002 63.27499999999998 0
1860.0 236.76399999999998 16 1860.0 0.0 0 -63 84.84899999999996 58.45499999999998 0
1860.0 270.35599999999994 18 1860.0 0.0 0 -69 98.09600000000003 64.51899999999996 0
1980.0 251.13999999999993 23 1980.0 0.0 0 -66 76.40499999999999 70.76999999999998 0
1620.0 293.215 24 1620.0 0.0 0 -71 104.69699999999995 53.318999999999996 0
1950.0 280.248 19 1950.0 0.0 0 -65 93.67899999999999 75.41399999999997 0
1380.0 216.288 18 1380.0 0.0 0 -61 72.67099999999998 52.092000000000006 0
1200.0 321.3959999999999 22 1200.0 0.0 0 -76 124.14099999999999 49.705 0
1440.0 276.84999999999985 20 1440.0 0.0 0 -67 99.39999999999999 51.919999999999995 0
2220.0 234.93399999999988 14 2220.0 0.0 0 -62 72.45099999999996 62.184999999999995 0
1560.0 237.49099999999996 18 1560.0 0.0 0 -62 78.42699999999999 43.43499999999998 0
1950.0 288.3649999999999 20 1950.0 0.0 0 -70 101.22799999999997 76.20499999999998 0
2010.0 224.113 20 2010.0 -10.0 0 -61 70.49799999999999 68.803 2
3150.0 402.31799999999987 21 3150.0 -105.0 5 -97 145.958 112.05199999999998 21
2010.0 285.32099999999997 20 2010.0 0.0 0 -74 84.85099999999998 71.487 0
1560.0 205.40699999999998 16 1560.0 0.0 0 -54 64.563 52.27699999999998 0
2730.0 410.041 29 2730.0 -105.0 8 -103 141.55899999999997 65.375 21
1410.0 291.18399999999986 23 1410.0 0.0 0 -81 94.90899999999996 33.943 0
1470.0 257.73100000000005 16 1470.0 0.0 0 -50 103.29 65.93799999999999 0
1530.0 228.90699999999993 14 1530.0 0.0 0 -57 65.02499999999998 59.43699999999999 0
3060.0 388.02799999999996 16 3060.0 0.0 0 -82 139.00200000000007 124.30899999999994 0
1800.0 281.08999999999986 20 1800.0 0.0 0 -75 88.98399999999998 62.70800000000001 0
1920.0 266.04200000000014 17 1920.0 0.0 0 -60 101.35199999999999 67.96499999999999 0
2280.0 286.2669999999999 16 2280.0 0.0 0 -78 59.44099999999999 90.61900000000001 0
2370.0 339.39899999999994 25 2370.0 0.0 0 -90 105.051 89.50899999999996 0
1500.0 227.31799999999996 19 1500.0 0.0 0 -58 69.19199999999998 50.98499999999999 0
1710.0 255.48800000000008 18 1710.0 0.0 0 -63 89.88900000000001 70.25799999999998 0
1920.0 238.04499999999996 18 1920.0 -15.0 2 -61 68.773 65.59599999999998 3
1560.0 289.34999999999997 19 1560.0 0.0 0 -76 71.63799999999998 62.29399999999998 0
1800.0 197.54199999999997 17 1800.0 0.0 0 -54 52.559999999999995 45.721 0
1590.0 224.94900000000007 15 1590.0 0.0 0 -56 77.33800000000001 54.819999999999965 0
2850.0 354.14800000000014 21 2850.0 0.0 0 -84 124.33999999999996 100.697 0
1830.0 251.17200000000005 17 1830.0 0.0 0 -59 85.71700000000001 71.16999999999999 0
1830.0 281.39099999999996 19 1830.0 0.0 0 -78 72.74799999999999 63.00700000000001 0
1740.0 268.686 20 1740.0 -20.0 2 -70 74.28599999999999 46.798 4
1710.0 269.4609999999999 22 1710.0 0.0 0 -75 81.609 51.67199999999999 0
1860.0 217.16899999999995 18 1860.0 0.0 0 -54 71.36299999999997 64.439 0
2580.0 374.02399999999994 20 2580.0 0.0 0 -87 131.21899999999997 98.37700000000001 0
1650.0 263.689 19 1650.0 0.0 0 -66 91.78600000000002 61.139 0
1500.0 215.144 17 1500.0 0.0 0 -60 52.37499999999999 58.822 0
2100.0 273.582 14 2100.0 0.0 0 -68 92.501 63.053999999999995 0
1860.0 330.557 27 1860.0 0.0 0 -81 119.52599999999995 73.153 0
2370.0 356.1360000000001 20 2370.0 0.0 0 -82 125.43899999999996 91.26799999999997 0
1590.0 216.65399999999997 13 1590.0 0.0 0 -44 82.91500000000002 77.26799999999999 0
1290.0 233.72699999999998 19 1290.0 0.0 0 -59 74.81299999999999 46.464000000000006 0
1800.0 302.87399999999997 22 1800.0 -10.0 0 -69 107.16400000000003 67.91799999999999 2
1830.0 277.9160000000001 17 1830.0 0.0 0 -71 87.933 66.39999999999998 0
2130.0 247.932 18 2130.0 0.0 0 -63 79.771 78.68799999999997 0
1710.0 279.11799999999994 21 1710.0 0.0 0 -68 92.522 72.91 0
1380.0 260.20500000000004 18 1380.0 0.0 0 -68 90.83 48.879000000000005 0
1920.0 280.12699999999995 19 1920.0 0.0 0 -59 110.55599999999998 77.92299999999996 0
1410.0 205.616 16 1410.0 0.0 0 -54 73.81899999999997 49.166 0
2520.0 322.9699999999998 19 2520.0 0.0 0 -76 106.73199999999997 95.71199999999999 0
1020.0 222.34899999999996 19 1020.0 0.0 0 -52 76.44699999999997 38.269999999999996 0
2040.0 269.17499999999995 17 2040.0 0.0 0 -72 59.787 86.13999999999999 0
2580.0 349.919 23 2580.0 0.0 0 -83 135.81499999999997 100.43499999999997 0
1080.0 170.72699999999998 16 1080.0 0.0 0 -47 47.72099999999999 28.072000000000006 0
1080.0 224.66999999999993 17 1080.0 0.0 0 -55 70.57099999999996 30.762999999999998 0
1530.0 198.74399999999997 14 1530.0 0.0 0 -56 54.203999999999986 40.52099999999998 0
2130.0 317.2149999999999 25 2130.0 0.0 0 -78 107.892 61.78300000000001 0
2070.0 223.867 14 2070.0 0.0 0 -63 50.32299999999999 60.305999999999976 0
2220.0 280.99699999999996 22 2220.0 -10.0 1 -73 99.001 79.38199999999998 2
1620.0 247.40899999999996 19 1620.0 0.0 0 -64 78.68799999999999 51.846000000000004 0
2190.0 270.262 18 2190.0 0.0 0 -61 88.13000000000002 86.86399999999999 0
1740.0 247.66400000000002 17 1740.0 0.0 0 -62 82.56899999999999 62.312000000000005 0
1770.0 266.3179999999999 18 1770.0 0.0 0 -69 86.82999999999998 54.53199999999998 0
1410.0 272.1629999999999 18 1500.0 0.0 0 -62 79.73999999999995 44.933 0
2430.0 314.741 20 2430.0 0.0 0 -79 115.795 78.12199999999999 0
1170.0 209.08699999999996 19 1170.0 0.0 0 -50 72.73099999999998 44.958 0
1710.0 237.16099999999997 14 1710.0 0.0 0 -54 95.421 60.097999999999985 0
1890.0 278.816 24 1890.0 0.0 0 -72 93.73599999999996 68.43399999999998 0
1890.0 270.45899999999995 18 1890.0 0.0 0 -69 85.751 68.40199999999999 0
2460.0 260.83199999999994 12 2460.0 0.0 0 -76 56.55199999999999 56.60800000000002 0
1650.0 225.70299999999992 16 1650.0 0.0 0 -44 100.377 66.58099999999999 0
2760.0 386.9899999999998 25 2760.0 -15.0 1 -95 124.90099999999997 100.15399999999998 3
2760.0 326.648 19 2760.0 0.0 0 -86 112.18 80.60900000000001 0
1320.0 266.77900000000005 22 1320.0 0.0 0 -63 101.60599999999998 53.428 0
2220.0 290.566 15 2220.0 0.0 0 -72 80.28100000000003 91.252 0
3420.0 341.01599999999996 13 3420.0 0.0 0 -74 113.89200000000001 139.801 0
1590.0 276.13000000000005 22 1590.0 0.0 0 -76 74.83399999999997 45.455000000000005 0
2430.0 344.4579999999998 24 2430.0 0.0 0 -80 123.213 92.455 0
2310.0 265.394 16 2310.0 0.0 0 -65 97.02700000000003 79.90299999999998 0
1800.0 228.60399999999998 16 1800.0 0.0 0 -51 75.87 74.999 0
2430.0 367.7359999999999 19 2430.0 0.0 0 -88 129.72899999999993 94.328 0
1530.0 251.66499999999996 17 1530.0 0.0 0 -50 102.815 63.05899999999997 0
3090.0 342.69500000000005 17 3090.0 0.0 0 -82 104.567 113.92599999999995 0
1860.0 271.97699999999986 17 1860.0 0.0 0 -69 74.46999999999997 69.73800000000001 0
1920.0 275.5710000000001 22 1920.0 0.0 0 -72 89.59699999999997 70.06500000000001 0
1800.0 217.1730000000001 15 1800.0 0.0 0 -54 74.83 53.529999999999994 0
2280.0 343.16499999999985 23 2280.0 0.0 0 -79 129.218 82.332 0
2400.0 299.87899999999996 23 2400.0 0.0 0 -77 108.2 81.46799999999996 0
2100.0 272.627 17 2100.0 0.0 0 -62 85.04899999999999 77.232 0
1470.0 220.98499999999996 17 1470.0 0.0 0 -57 77.08899999999998 48.38499999999999 0
1800.0 235.74400000000003 19 1800.0 0.0 0 -50 94.09300000000002 67.03799999999998 0
2160.0 295.1689999999999 19 2160.0 -150.0 50 -70 99.18499999999999 81.32599999999996 10
1980.0 274.806 24 1980.0 0.0 0 -61 100.17299999999999 72.72099999999998 0
2190.0 264.93899999999996 15 2190.0 0.0 0 -67 71.90199999999999 88.876 0
1830.0 245.02300000000002 17 1830.0 0.0 0 -68 56.741 70.09300000000002 0
1170.0 225.2029999999999 19 1170.0 0.0 0 -60 73.87999999999997 43.42099999999999 0
2190.0 256.17900000000003 13 2190.0 0.0 0 -61 88.166 79.81899999999999 0
2730.0 386.37700000000007 21 2730.0 0.0 0 -86 143.653 100.82899999999998 0
2160.0 294.60100000000006 17 2160.0 0.0 0 -65 104.10299999999998 87.82 0
1830.0 244.35999999999999 19 1830.0 0.0 0 -67 83.70899999999999 53.24399999999998 0
1980.0 229.58199999999997 18 1980.0 0.0 0 -58 75.85699999999999 80.13299999999997 0
1710.0 262.90199999999993 19 1710.0 0.0 0 -61 96.797 66.98599999999998 0
1740.0 232.26799999999997 15 1740.0 0.0 0 -55 85.75500000000002 65.38199999999998 0
1320.0 282.50199999999984 19 1320.0 0.0 0 -70 93.326 48.65800000000001 0
2790.0 342.306 17 2790.0 0.0 0 -80 116.41100000000004 101.84299999999995 0
1890.0 266.40500000000003 18 1890.0 0.0 0 -63 96.60100000000001 76.61299999999997 0
1530.0 241.66299999999995 17 1530.0 -5.0 0 -60 75.67799999999998 59.96199999999998 1
2220.0 304.621 16 2220.0 0.0 0 -77 103.813 75.30099999999999 0
2250.0 252.39200000000002 19 2250.0 0.0 0 -59 93.06300000000002 78.71399999999998 0
2070.0 373.05100000000004 19 2070.0 -95.0 4 -88 123.21299999999995 84.187 19
2040.0 311.6639999999998 18 2040.0 0.0 0 -71 100.38399999999997 66.78899999999999 0
1470.0 260.78299999999996 20 1470.0 -20.0 1 -66 84.50899999999999 59.40199999999998 4
1800.0 282.5859999999999 19 1800.0 0.0 0 -71 91.27600000000001 60.063 0
1650.0 268.442 16 1650.0 0.0 0 -57 96.732 75.20899999999996 0
1860.0 243.179 15 1860.0 0.0 0 -60 63.44799999999999 65.717 0
2280.0 334.3629999999999 17 2280.0 0.0 0 -76 125.08099999999997 83.34499999999998 0
1530.0 273.1919999999999 18 1530.0 0.0 0 -70 77.05399999999997 65.175 0
2100.0 267.40900000000005 14 2100.0 0.0 0 -59 89.668 81.99199999999995 0
1830.0 244.60899999999998 14 1830.0 0.0 0 -64 74.47999999999998 70.77600000000001 0
2100.0 269.84399999999994 19 2100.0 0.0 0 -70 83.61800000000001 72.13499999999998 0
1710.0 238.338 18 1710.0 0.0 0 -59 81.17399999999999 62.23699999999998 0
1650.0 296.12299999999993 23 1650.0 0.0 0 -76 100.27399999999997 57.608 0
2100.0 232.40099999999993 13 2100.0 0.0 0 -62 56.98599999999999 71.835 0
2940.0 330.006 21 2940.0 0.0 0 -84 100.99799999999999 98.64599999999994 0
1680.0 248.89899999999992 19 1680.0 0.0 0 -63 84.06799999999998 55.862999999999985 0
930.0 160.558 15 930.0 0.0 0 -40 55.07599999999999 42.660000000000004 0
2670.0 322.435 18 2670.0 0.0 0 -70 126.90999999999998 100.45599999999999 0
1530.0 279.55899999999997 18 1530.0 0.0 0 -64 106.817 54.47199999999998 0
1680.0 250.61499999999998 17 1680.0 0.0 0 -67 69.482 63.024 0
1920.0 266.3190000000001 18 1920.0 -15.0 1 -62 87.09000000000002 73.47599999999998 3
1470.0 230.54599999999996 18 1470.0 0.0 0 -66 61.86899999999998 45.785999999999994 0
2400.0 392.91999999999973 21 2400.0 0.0 0 -89 146.07999999999996 93.70799999999998 0
2340.0 293.28899999999993 19 2340.0 0.0 0 -75 83.44799999999998 91.35700000000001 0
1680.0 226.15000000000003 16 1680.0 0.0 0 -56 79.62099999999998 58.196999999999996 0
1620.0 220.08299999999997 13 1620.0 0.0 0 -51 65.67899999999997 69.83800000000001 0
1740.0 296.02299999999997 20 1740.0 0.0 0 -74 91.60699999999996 74.39300000000001 0
1260.0 216.39299999999997 17 1260.0 0.0 0 -56 64.69999999999997 39.888999999999996 0
2160.0 302.247 18 2160.0 0.0 0 -71 101.96699999999998 77.92099999999999 0
1500.0 204.17899999999992 13 1500.0 -10.0 1 -41 78.351 61.548 2
1920.0 256.204 18 1920.0 0.0 0 -69 72.60599999999998 55.32299999999999 0
1620.0 234.554 20 1620.0 0.0 0 -61 71.96099999999997 56.67299999999999 0
2790.0 290.776 19 2790.0 0.0 0 -77 84.69200000000001 69.78799999999998 0
2460.0 299.114 21 2460.0 0.0 0 -76 99.34800000000001 79.29899999999999 0
2370.0 353.50399999999985 23 2370.0 0.0 0 -88 122.09999999999998 72.46299999999998 0
1200.0 192.70499999999996 13 1200.0 -5.0 0 -51 62.081999999999994 46.538 1
1680.0 263.426 21 1680.0 0.0 0 -71 82.32999999999998 60.952 0
1500.0 253.17299999999994 23 1500.0 -5.0 0 -67 75.55599999999998 53.754 1
1560.0 289.648 18 1560.0 -10.0 0 -68 96.388 63.46000000000001 2
1890.0 264.1699999999999 21 1890.0 0.0 0 -64 93.67499999999997 68.38899999999998 0
1770.0 238.505 16 1770.0 0.0 0 -60 79.71199999999997 67.129 0
2490.0 357.47 17 2490.0 0.0 0 -81 133.30800000000005 87.51399999999998 0
2700.0 278.365 16 2700.0 0.0 0 -69 101.89500000000001 90.13699999999996 0
1170.0 204.208 19 1200.0 0.0 0 -51 66.80699999999999 45.473 0
2070.0 320.8929999999999 21 2070.0 0.0 0 -82 92.047 66.25500000000001 0
2640.0 275.00800000000004 19 2640.0 0.0 0 -76 87.41499999999999 83.05999999999996 0
1650.0 193.768 17 1650.0 0.0 0 -57 55.566999999999986 50.199000000000005 0
1620.0 239.77299999999994 16 1620.0 0.0 0 -63 50.477999999999994 55.135000000000005 0
2130.0 292.6959999999999 20 2130.0 -20.0 0 -67 109.47600000000001 81.56699999999998 4
2580.0 433.422 21 2580.0 0.0 0 -100 149.92499999999995 85.81399999999996 0
1560.0 287.4529999999999 19 1560.0 0.0 0 -68 108.08499999999992 57.64999999999999 0
1440.0 282.58999999999986 18 1440.0 0.0 0 -65 101.63699999999997 50.851 0
1560.0 307.902 25 1590.0 0.0 0 -71 123.44899999999997 62.18499999999998 0
2220.0 364.769 17 2220.0 0.0 0 -78 146.27999999999997 86.05399999999997 0
1950.0 326.53699999999986 21 2070.0 0.0 0 -74 110.20899999999996 90.73000000000002 0
2190.0 280.017 13 2190.0 0.0 0 -68 88.46 81.62499999999996 0
2820.0 367.72799999999995 18 2820.0 0.0 0 -91 115.139 108.08499999999997 0
2130.0 265.21000000000004 18 2130.0 -10.0 0 -60 97.975 82.963 2
1890.0 290.188 19 1890.0 0.0 0 -62 107.38200000000002 79.71099999999997 0
2220.0 341.096 22 2220.0 0.0 0 -83 114.89 86.39999999999998 0
2280.0 337.68399999999997 24 2280.0 -10.0 0 -77 123.38799999999996 87.21799999999999 2
1350.0 261.226 19 1350.0 0.0 0 -60 107.73399999999997 49.473 0
2700.0 285.1040000000001 16 2700.0 -10.0 0 -64 102.53900000000003 98.59799999999996 2
1350.0 250.13199999999995 18 1350.0 0.0 0 -53 94.53699999999995 60.62599999999999 0
1470.0 232.45400000000004 16 1470.0 0.0 0 -55 81.873 55.24299999999999 0
2850.0 327.60099999999994 21 2850.0 0.0 0 -82 97.664 98.07200000000002 0
1560.0 187.28400000000002 17 1560.0 0.0 0 -52 61.241999999999976 45.03699999999999 0
1440.0 239.67499999999993 15 1560.0 0.0 0 -65 62.79399999999999 60.09199999999999 0
1470.0 220.88800000000003 17 1470.0 0.0 0 -57 66.01299999999999 32.814 0
1710.0 303.5660000000001 19 1710.0 0.0 0 -68 130.143 58.68100000000002 0
1680.0 204.094 20 1680.0 0.0 0 -57 70.25499999999998 51.53699999999999 0
1200.0 204.238 15 1200.0 0.0 0 -56 55.23099999999997 40.437999999999995 0
1770.0 258.97699999999986 21 1770.0 -5.0 0 -63 95.73999999999998 64.427 1
1920.0 314.55099999999993 20 1920.0 0.0 0 -82 102.47299999999997 73.15099999999998 0
1650.0 308.5229999999999 23 1650.0 -25.0 1 -81 111.19999999999997 56.05000000000001 5
1860.0 272.599 22 1860.0 0.0 0 -69 90.30799999999998 65.149 0
1800.0 314.855 23 1800.0 0.0 0 -72 122.59199999999996 62.315999999999995 0
2430.0 311.429 18 2430.0 0.0 0 -76 81.05899999999998 104.573 0
1950.0 266.66300000000007 23 1950.0 -5.0 0 -69 88.884 57.004999999999995 1
2340.0 320.2250000000001 18 2340.0 0.0 0 -83 94.368 91.86500000000004 0
2400.0 296.07200000000006 14 2400.0 -5.0 0 -68 96.26400000000001 100.82099999999998 1
1170.0 187.41099999999997 18 1170.0 0.0 0 -52 55.94399999999998 32.46600000000001 0
1500.0 301.077 20 1500.0 0.0 0 -71 115.67699999999994 55.14899999999999 0
2130.0 316.77500000000003 18 2130.0 0.0 0 -73 101.57800000000003 81.97 0
2010.0 290.988 23 2010.0 0.0 0 -66 113.49199999999999 69.708 0
1830.0 267.79599999999994 22 1830.0 0.0 0 -69 100.05699999999997 62.326 0
2370.0 298.09900000000005 17 2370.0 0.0 0 -72 102.78400000000003 78.56699999999998 0
1650.0 243.29299999999992 16 1650.0 0.0 0 -49 85.885 74.07699999999996 0
1740.0 275.0459999999999 19 1890.0 0.0 0 -75 87.75899999999997 62.650999999999975 0
1800.0 265.69699999999995 19 1800.0 0.0 0 -70 81.777 59.216 0
1590.0 169.35299999999998 16 1590.0 0.0 0 -54 45.10099999999999 41.437 0
2430.0 318.3239999999999 22 2430.0 0.0 0 -71 124.59499999999996 86.83399999999996 0
1890.0 260.6609999999999 19 1890.0 -5.0 0 -68 72.00399999999998 76.19999999999999 1
1410.0 232.9359999999999 17 1410.0 0.0 0 -62 59.43999999999998 53.29399999999999 0
2760.0 320.031 14 2850.0 0.0 0 -81 81.43800000000002 78.77 0
1740.0 271.46999999999997 23 1740.0 0.0 0 -73 95.69899999999998 56.568000000000005 0
1590.0 245.26299999999995 17 1590.0 0.0 0 -59 96.879 51.452999999999996 0
2850.0 321.60099999999994 18 2850.0 0.0 0 -70 115.15799999999999 115.38199999999995 0
2640.0 342.96700000000004 19 2640.0 0.0 0 -84 117.69800000000002 93.631 0
1470.0 229.98100000000005 10 1470.0 0.0 0 -51 78.95200000000001 58.20899999999998 0
2100.0 242.509 15 2100.0 0.0 0 -58 68.794 63.979000000000006 0
1260.0 270.094 22 1260.0 0.0 0 -65 104.83499999999997 50.365 0
1410.0 251.35899999999995 17 1410.0 0.0 0 -57 92.16999999999997 61.243 0
2040.0 243.58399999999997 14 2220.0 0.0 0 -59 89.223 63.80399999999998 0
1950.0 338.5159999999999 23 1950.0 0.0 0 -88 119.405 65.54999999999998 0
1920.0 276.90799999999996 21 1920.0 0.0 0 -65 91.39299999999997 78.66199999999999 0
1680.0 225.0659999999999 19 1680.0 0.0 0 -53 83.81399999999996 55.747999999999976 0
2100.0 298.7879999999999 25 2100.0 -10.0 0 -70 99.63799999999998 84.05699999999999 2
2370.0 322.00899999999996 17 2370.0 0.0 0 -78 114.531 78.64399999999996 0
1740.0 271.392 19 1740.0 0.0 0 -59 107.47999999999999 79.18900000000001 0
1650.0 226.24300000000005 17 1650.0 0.0 0 -60 72.72400000000002 57.416999999999966 0
1290.0 230.6639999999999 15 1290.0 0.0 0 -58 71.64 46.014 0
1920.0 261.6499999999999 19 1920.0 0.0 0 -69 80.248 67.03299999999999 0
2490.0 290.0750000000001 20 2490.0 -10.0 0 -64 113.28799999999998 87.155 2
1710.0 356.36299999999994 19 1710.0 0.0 0 -74 142.24099999999999 78.92299999999999 0
1590.0 232.50399999999993 21 1590.0 0.0 0 -61 72.964 51.282 0
2340.0 245.01199999999994 18 2340.0 0.0 0 -71 70.30499999999998 69.767 0
1830.0 243.76200000000003 20 1890.0 0.0 0 -56 89.414 69.79899999999996 0
2520.0 334.07099999999986 22 2520.0 0.0 0 -79 132.55 97.70999999999997 0
1830.0 284.67499999999995 16 1830.0 0.0 0 -75 84.13399999999999 69.53800000000001 0
2100.0 292.6429999999999 20 2100.0 0.0 0 -71 94.58599999999998 76.57300000000001 0
2100.0 261.129 16 2100.0 0.0 0 -69 79.64000000000001 71.35999999999996 0
1560.0 234.40400000000002 19 1560.0 0.0 0 -56 79.64699999999998 72.92399999999998 0
1350.0 204.88100000000003 14 1350.0 0.0 0 -51 58.26099999999999 52.145 0
1770.0 242.68399999999994 19 1770.0 0.0 0 -65 79.03999999999996 56.512999999999984 0
1620.0 191.38400000000001 13 1620.0 0.0 0 -52 52.418 41.090999999999994 0
1650.0 210.38499999999996 20 1650.0 0.0 0 -54 60.44399999999998 56.511999999999986 0
2220.0 371.6329999999999 25 2220.0 0.0 0 -93 124.20999999999997 79.648 0
1290.0 277.2509999999999 21 1290.0 -20.0 1 -66 95.74199999999999 54.547 4
1740.0 255.715 19 1740.0 0.0 0 -65 89.94899999999998 63.84399999999998 0
1590.0 296.9049999999999 24 1590.0 0.0 0 -69 108.82799999999997 68.85499999999998 0
2040.0 287.75299999999993 21 2040.0 -20.0 2 -72 88.83699999999999 80.30700000000002 4
1980.0 287.16399999999993 18 1980.0 0.0 0 -65 105.75299999999996 79.672 0
1710.0 273.65899999999993 21 1710.0 0.0 0 -68 90.941 65.30799999999998 0
2730.0 356.16700000000003 20 2730.0 0.0 0 -85 131.99900000000002 90.217 0
2520.0 262.50399999999996 18 2520.0 0.0 0 -66 90.70200000000004 85.024 0
1680.0 267.0029999999998 19 1680.0 0.0 0 -71 80.312 53.85199999999999 0
2010.0 293.568 19 2010.0 0.0 0 -74 90.05999999999997 72.03599999999996 0
1860.0 324.43299999999994 21 1860.0 0.0 0 -82 103.93299999999995 67.58699999999999 0
2760.0 320.068 21 2760.0 -15.0 2 -80 106.20900000000002 90.19499999999998 3
1530.0 271.18199999999996 20 1530.0 0.0 0 -61 105.27900000000002 67.36200000000001 0
1860.0 254.88199999999998 17 1860.0 0.0 0 -63 85.64400000000003 63.73699999999996 0
1890.0 269.90099999999984 19 1890.0 0.0 0 -68 86.05099999999999 66.43099999999998 0
2730.0 343.297 14 2730.0 0.0 0 -80 107.92999999999999 104.29599999999998 0
2520.0 282.61699999999996 19 2520.0 0.0 0 -66 109.93700000000003 90.68999999999998 0
1440.0 255.89899999999992 19 1440.0 0.0 0 -63 91.71999999999997 47.355 0
1620.0 186.17399999999995 16 1620.0 0.0 0 -56 49.08699999999999 44.35399999999999 0
1560.0 247.4229999999999 22 1560.0 0.0 0 -61 86.35799999999998 51.805 0
1680.0 242.10699999999994 17 1680.0 -25.0 1 -64 67.071 53.634 5
1950.0 227.48199999999997 19 1950.0 0.0 0 -56 75.34599999999998 65.16199999999998 0
1410.0 233.94499999999996 21 1410.0 0.0 0 -61 80.52599999999997 51.708 0
1620.0 212.24400000000003 13 1620.0 0.0 0 -51 67.27300000000001 63.95499999999997 0
1470.0 275.813 18 1470.0 0.0 0 -65 100.01999999999997 56.388 0
2040.0 305.108 25 2040.0 0.0 0 -76 115.89499999999997 76.651 0
2130.0 248.76099999999985 17 2130.0 0.0 0 -64 82.79099999999997 70.819 0
1260.0 230.75999999999993 19 1320.0 0.0 0 -57 84.43599999999996 47.37 0
2610.0 334.47399999999993 18 2610.0 0.0 0 -89 93.45699999999998 97.86900000000001 0
2370.0 289.11300000000006 15 2370.0 0.0 0 -68 95.35100000000003 88.41900000000001 0
1170.0 215.72899999999998 16 1170.0 0.0 0 -60 64.06399999999998 43.205999999999996 0
1560.0 269.03999999999996 19 1650.0 0.0 0 -71 77.62499999999997 63.814000000000014 0
2460.0 338.965 19 2460.0 -255.0 17 -85 106.99799999999999 85.843 51
2400.0 325.5189999999999 20 2400.0 0.0 0 -65 131.03699999999998 97.30499999999995 0
1500.0 197.71200000000002 15 1500.0 0.0 0 -53 56.68699999999998 56.89400000000002 0
1140.0 180.145 13 1140.0 0.0 0 -48 57.926999999999985 43.24399999999999 0
2130.0 265.6539999999999 21 2130.0 0.0 0 -73 74.13199999999999 72.80999999999999 0
1830.0 227.42499999999995 15 1830.0 0.0 0 -58 63.29999999999998 69.08900000000003 0
2370.0 323.23199999999997 19 2370.0 0.0 0 -76 108.85499999999999 96.48999999999998 0
1290.0 246.77999999999992 20 1380.0 0.0 0 -55 93.46099999999996 60.768 0
990.0 193.3989999999999 12 990.0 0.0 0 -45 72.83599999999996 40.70499999999998 0
1830.0 276.68600000000004 17 1830.0 0.0 0 -63 109.90100000000001 77.53299999999997 0
2160.0 331.453 17 2640.0 0.0 0 -70 128.188 104.96199999999997 0
1590.0 276.4469999999999 18 1590.0 0.0 0 -63 113.317 57.207999999999984 0
1200.0 197.19499999999994 16 1200.0 -15.0 1 -43 70.00800000000001 54.561 3
1620.0 269.7629999999999 19 1620.0 0.0 0 -65 94.24299999999995 62.977999999999994 0
1560.0 300.61799999999994 17 1560.0 0.0 0 -75 107.78599999999996 54.642 0
2040.0 308.87699999999995 22 2040.0 0.0 0 -70 117.89099999999999 82.538 0
2370.0 332.20899999999995 17 2370.0 0.0 0 -89 92.534 84.38199999999998 0
1800.0 221.36699999999993 21 1800.0 -30.0 2 -48 79.02499999999998 64.00899999999999 6
2070.0 327.3639999999999 18 2700.0 0.0 0 -76 104.28200000000001 97.58099999999996 0
2370.0 332.25300000000004 20 2370.0 0.0 0 -75 129.336 79.22199999999998 0
1440.0 245.031 18 1440.0 0.0 0 -64 64.953 45.176 0
1740.0 239.09699999999998 21 1740.0 0.0 0 -61 72.56099999999999 57.568000000000005 0
1890.0 280.85399999999987 23 1890.0 0.0 0 -72 100.72999999999995 55.56500000000001 0
1500.0 223.47199999999995 14 1500.0 0.0 0 -57 74.114 59.06599999999997 0
1110.0 211.92699999999996 17 1110.0 0.0 0 -51 82.93099999999998 40.11599999999999 0
2820.0 350.6159999999999 14 2820.0 0.0 0 -82 116.25800000000001 107.07100000000001 0
2010.0 291.1059999999999 21 2010.0 0.0 0 -69 106.88999999999996 70.951 0
1920.0 278.5889999999998 15 1920.0 0.0 0 -64 93.75699999999999 72.40899999999996 0
1620.0 214.2879999999999 22 1620.0 0.0 0 -61 74.62499999999997 51.040000000000006 0
1620.0 204.79299999999995 13 1620.0 0.0 0 -55 62.73599999999999 54.813 0
1710.0 263.35100000000006 21 1710.0 0.0 0 -61 96.49999999999999 68.49699999999997 0
960.0 167.18499999999995 14 960.0 0.0 0 -48 49.52299999999999 31.372 0
2130.0 299.517 21 2130.0 0.0 0 -62 119.44500000000001 89.67399999999995 0
2790.0 323.9000000000001 20 2790.0 0.0 0 -83 103.81500000000001 94.87299999999998 0
1860.0 286.6569999999999 17 1860.0 0.0 0 -68 102.18999999999996 75.31899999999997 0
2940.0 351.36699999999985 22 2940.0 0.0 0 -84 123.41800000000002 107.12699999999995 0
1260.0 198.34499999999989 14 1260.0 0.0 0 -43 80.98599999999995 47.342999999999996 0
1620.0 205.4699999999999 14 1620.0 0.0 0 -58 48.897999999999996 52.741999999999976 0
2250.0 322.7009999999999 17 2250.0 0.0 0 -76 116.74999999999997 82.323 0
2940.0 382.099 21 2940.0 -30.0 2 -93 139.307 101.09900000000002 6
2610.0 276.35200000000003 15 2610.0 0.0 0 -59 105.68500000000002 98.181 0
1710.0 243.60900000000004 14 1710.0 -5.0 0 -61 85.24400000000001 56.51599999999997 1
2370.0 354.6979999999999 27 2370.0 0.0 0 -89 119.39799999999998 76.799 0
1350.0 240.17399999999992 17 1350.0 0.0 0 -61 80.51399999999998 40.046 0
2610.0 358.9449999999999 24 2610.0 0.0 0 -92 118.033 65.28399999999999 0
1860.0 299.04799999999994 16 1860.0 -20.0 1 -62 119.33700000000002 75.81999999999998 4
1740.0 307.7939999999999 24 1740.0 0.0 0 -80 92.28899999999999 67.656 0
1020.0 198.894 17 1020.0 0.0 0 -46 76.16399999999999 49.893 0
2400.0 331.08699999999993 18 2400.0 0.0 0 -82 103.63399999999994 94.33699999999999 0
2370.0 297.3859999999998 19 2370.0 0.0 0 -76 102.08399999999995 70.58 0
1890.0 278.94899999999984 19 1890.0 0.0 0 -67 97.25499999999997 66.92099999999999 0
1440.0 222.426 20 1440.0 0.0 0 -60 72.97099999999998 55.13200000000001 0
2130.0 265.671 16 2130.0 0.0 0 -63 100.226 65.98799999999999 0
3420.0 351.50400000000013 21 3420.0 0.0 0 -75 142.31000000000006 120.64599999999997 0
1050.0 209.426 15 1050.0 0.0 0 -55 74.12599999999998 34.231 0
1800.0 319.39000000000004 21 1800.0 0.0 0 -69 122.83900000000003 84.87399999999997 0
2310.0 308.05399999999986 18 2310.0 0.0 0 -78 87.25199999999998 84.68900000000002 0
2070.0 273.6159999999999 20 2070.0 0.0 0 -74 90.149 72.89799999999998 0
1650.0 281.78299999999996 23 1650.0 0.0 0 -74 98.819 49.25 0
2370.0 382.2189999999998 27 2370.0 0.0 0 -94 132.51399999999998 86.873 0
2550.0 323.23199999999997 20 2550.0 -25.0 3 -71 109.37099999999998 108.21699999999997 5
1290.0 213.86999999999995 18 1290.0 0.0 0 -56 66.75499999999998 43.67299999999999 0
1860.0 311.773 22 1860.0 0.0 0 -76 122.69700000000002 56.892999999999994 0
1710.0 234.16000000000005 15 1710.0 0.0 0 -59 83.19900000000003 48.15500000000001 0
1680.0 241.92599999999993 18 1680.0 0.0 0 -59 80.40199999999999 59.230999999999966 0
2310.0 308.3929999999998 19 2310.0 0.0 0 -66 121.066 84.23899999999998 0
2040.0 312.73499999999996 23 2040.0 0.0 0 -76 110.818 72.63299999999998 0
1530.0 232.54499999999993 15 1530.0 0.0 0 -61 73.92399999999998 56.882999999999996 0
1590.0 245.735 20 1590.0 0.0 0 -69 76.69799999999998 51.78699999999998 0
2040.0 314.91199999999986 19 2040.0 0.0 0 -68 108.74699999999996 92.285 0
1950.0 310.7029999999999 19 1950.0 0.0 0 -67 128.53499999999997 79.06799999999998 0
1230.0 183.47899999999993 17 1230.0 0.0 0 -52 49.164999999999985 31.528000000000002 0
2250.0 276.9079999999999 20 2250.0 0.0 0 -68 100.21999999999998 80.16799999999998 0
1140.0 227.07099999999997 19 1140.0 0.0 0 -58 80.34100000000001 49.988 0
1770.0 215.753 16 1770.0 0.0 0 -56 63.42399999999999 51.547999999999995 0
1500.0 250.053 13 1500.0 0.0 0 -61 90.959 47.05200000000001 0
2190.0 235.45300000000003 17 2190.0 0.0 0 -67 58.89899999999999 62.78299999999998 0
1650.0 203.13199999999998 15 1650.0 0.0 0 -60 40.867999999999995 42.42199999999999 0
1530.0 201.797 15 1530.0 0.0 0 -57 55.919000000000004 49.629999999999995 0
1890.0 271.38899999999984 19 1890.0 0.0 0 -70 89.21299999999998 62.747 0
2520.0 377.94099999999986 23 2520.0 -15.0 2 -86 146.89799999999997 98.75000000000001 3
2640.0 332.2209999999999 16 2640.0 0.0 0 -84 75.71399999999997 106.14799999999998 0
1890.0 330.686 21 1890.0 0.0 0 -79 102.99699999999997 80.04899999999999 0
2880.0 324.435 18 2880.0 0.0 0 -85 107.054 94.11699999999999 0
1950.0 328.2529999999999 21 1950.0 0.0 0 -82 108.59099999999998 73.25099999999999 0
2700.0 421.99199999999996 21 2940.0 -240.0 80 -98 124.34499999999997 119.22100000000003 16
2160.0 329.656 20 2160.0 -20.0 2 -76 116.472 88.56 4
1110.0 232.704 18 1110.0 0.0 0 -56 81.50499999999998 46.213 0
1650.0 238.11399999999995 22 1650.0 0.0 0 -59 87.435 57.78899999999999 0
1620.0 300.23199999999997 22 1620.0 0.0 0 -65 118.40900000000002 68.64199999999998 0
2670.0 363.3210000000001 21 2670.0 0.0 0 -77 144.203 95.97299999999998 0
1830.0 225.83000000000007 17 1830.0 -10.0 0 -55 76.088 71.63200000000002 2
1800.0 220.32399999999996 18 1800.0 0.0 0 -66 54.82600000000001 53.99300000000001 0
1470.0 272.80799999999994 19 1470.0 0.0 0 -60 107.19499999999998 57.998999999999995 0
1170.0 242.85599999999988 15 1170.0 0.0 0 -58 87.06299999999996 48.64199999999999 0
1680.0 247.09300000000005 19 1680.0 0.0 0 -61 89.00499999999998 60.47299999999999 0
2730.0 331.49999999999994 20 2730.0 0.0 0 -86 109.63099999999999 80.17599999999997 0
2100.0 268.18499999999995 17 2100.0 0.0 0 -65 83.50500000000002 83.346 0
1320.0 226.10799999999998 21 1320.0 -15.0 0 -59 83.48699999999998 51.208 3
2130.0 288.738 17 2130.0 0.0 0 -70 95.59900000000003 65.78099999999999 0
1800.0 250.458 17 1800.0 0.0 0 -69 67.32299999999998 64.77600000000001 0
1650.0 247.62999999999997 23 1740.0 0.0 0 -67 74.76399999999998 52.74999999999999 0
1800.0 240.81999999999996 16 1800.0 0.0 0 -60 67.69999999999997 54.728000000000016 0
1350.0 259.34299999999996 16 1350.0 0.0 0 -65 89.61099999999998 49.44699999999998 0
2130.0 311.476 19 2130.0 0.0 0 -76 115.41099999999994 68.98299999999998 0
2010.0 246.28699999999998 16 2010.0 0.0 0 -64 71.50399999999999 73.58299999999998 0
2010.0 310.32299999999987 21 2010.0 -10.0 0 -78 91.00899999999996 79.36499999999998 2
1740.0 251.06699999999992 18 1740.0 0.0 0 -69 63.504999999999995 65.06600000000002 0
1710.0 195.82199999999997 14 1710.0 0.0 0 -50 64.056 58.306999999999974 0
2160.0 293.9809999999999 22 2160.0 0.0 0 -74 92.27999999999997 71.70299999999999 0
2130.0 290.68999999999994 20 2130.0 0.0 0 -75 93.53200000000001 77.93599999999998 0
2250.0 310.938 19 2250.0 0.0 0 -69 111.42500000000003 96.89999999999998 0
1650.0 222.581 15 1650.0 0.0 0 -54 62.769999999999996 59.897 0
1830.0 233.99499999999995 17 1830.0 0.0 0 -63 71.89299999999999 61.87400000000001 0
1500.0 231.86699999999993 19 1500.0 0.0 0 -56 80.77399999999996 57.415000000000006 0
1950.0 284.02599999999995 18 1950.0 0.0 0 -65 110.303 73.294 0
1230.0 202.482 14 1230.0 0.0 0 -53 65.44399999999999 45.119 0
1860.0 233.256 17 1860.0 0.0 0 -65 58.700999999999986 58.638000000000005 0
1650.0 232.6639999999999 18 1650.0 0.0 0 -67 63.92499999999999 52.992999999999995 0
2130.0 313.87199999999996 22 2130.0 0.0 0 -75 122.44899999999997 75.29699999999998 0
2160.0 318.34099999999995 21 2160.0 -5.0 0 -74 98.29799999999997 87.33399999999999 1
2160.0 279.30099999999993 22 2160.0 0.0 0 -65 109.571 76.46699999999998 0
2280.0 283.8699999999999 21 2280.0 0.0 0 -79 70.309 83.07500000000005 0
2010.0 300.44599999999997 19 2010.0 0.0 0 -65 115.10299999999998 85.59599999999998 0
1770.0 243.60899999999998 16 1770.0 0.0 0 -59 74.02499999999999 73.10400000000001 0
1620.0 263.335 21 1620.0 0.0 0 -65 94.85699999999999 58.227 0
1770.0 264.544 20 1770.0 0.0 0 -61 92.955 70.00399999999999 0
1800.0 298.49699999999984 18 1800.0 -15.0 1 -65 109.64599999999993 70.17500000000001 3
2100.0 228.19199999999992 16 2100.0 0.0 0 -57 78.34099999999998 62.458999999999996 0
1320.0 226.92999999999998 20 1320.0 0.0 0 -57 74.01199999999999 50.08099999999999 0
1500.0 231.89399999999998 22 1500.0 -5.0 0 -59 62.155999999999985 51.52900000000001 1
1860.0 240.367 18 1860.0 0.0 0 -64 69.49499999999998 67.32299999999996 0
1830.0 279.26899999999995 17 1830.0 -150.0 50 -65 103.01599999999999 71.76599999999998 10
1560.0 304.2779999999999 22 1560.0 0.0 0 -68 119.11399999999996 67.78899999999999 0
3090.0 322.0599999999999 18 3090.0 0.0 0 -80 106.596 105.24400000000001 0
1590.0 203.399 14 1590.0 0.0 0 -50 69.54000000000002 58.08399999999998 0
1950.0 288.5659999999999 23 1950.0 0.0 0 -75 102.74099999999996 64.70599999999999 0
2490.0 365.412 20 2490.0 0.0 0 -83 132.10500000000002 101.50199999999995 0
2550.0 370.05 17 2550.0 0.0 0 -84 128.46599999999995 100.39999999999998 0
1500.0 229.81999999999996 16 1680.0 0.0 0 -57 73.26 51.101999999999975 0
1230.0 191.498 15 1230.0 0.0 0 -50 61.99399999999998 31.573999999999995 0
1200.0 243.86400000000003 20 1200.0 0.0 0 -61 76.425 38.342 0
2490.0 311.57399999999984 26 2490.0 0.0 0 -76 118.11699999999996 76.28599999999997 0
1680.0 266.001 16 1680.0 0.0 0 -68 75.97899999999998 49.069 0
1800.0 226.84099999999995 15 1800.0 -15.0 1 -61 60.54299999999999 61.239000000000004 3
1290.0 254.501 20 1290.0 0.0 0 -61 89.00499999999997 51.531 0
1740.0 266.12799999999993 23 1740.0 0.0 0 -69 88.41599999999998 54.16799999999999 0
2070.0 314.744 18 2070.0 0.0 0 -65 137.26599999999996 79.39399999999999 0
2010.0 280.334 20 2010.0 0.0 0 -66 83.564 88.86699999999999 0
2580.0 318.534 18 2580.0 -25.0 0 -71 102.79800000000003 83.50399999999999 5
1590.0 250.18399999999997 24 1590.0 0.0 0 -65 84.41599999999997 67.63500000000002 0
2970.0 363.93199999999973 14 2970.0 -525.0 13 -86 103.19199999999998 119.16700000000003 105
2160.0 285.3569999999999 16 2160.0 0.0 0 -68 97.83399999999996 78.42999999999998 0
1320.0 176.51499999999996 16 1320.0 0.0 0 -51 50.455999999999996 46.898 0
1800.0 265.9979999999999 19 1800.0 0.0 0 -69 80.54699999999997 60.80799999999998 0
1890.0 280.6889999999999 20 1890.0 0.0 0 -70 100.63499999999995 68.716 0
1410.0 251.0529999999999 18 1410.0 0.0 0 -59 83.30099999999997 56.65 0
2040.0 331.71399999999994 19 2040.0 0.0 0 -78 124.21799999999998 78.61899999999997 0
2040.0 275.69700000000006 22 2040.0 0.0 0 -66 95.90499999999996 71.77699999999999 0
3060.0 357.72100000000006 19 3060.0 0.0 0 -73 150.38300000000012 126.37999999999994 0
1770.0 281.164 18 1770.0 0.0 0 -63 114.72000000000001 58.09999999999998 0
2370.0 251.0709999999999 18 2370.0 0.0 0 -63 95.18599999999998 72.55 0
1920.0 298.1819999999999 21 1920.0 0.0 0 -76 95.98299999999998 65.83000000000001 0
1950.0 255.09499999999997 19 1950.0 0.0 0 -67 77.57199999999997 60.753000000000014 0
1530.0 286.876 23 1530.0 0.0 0 -70 102.17099999999999 54.766999999999996 0
1410.0 239.86299999999991 16 1410.0 0.0 0 -52 93.43599999999995 57.421 0
2220.0 233.68099999999993 15 2220.0 0.0 0 -57 73.342 77.81299999999996 0
2520.0 305.844 21 2520.0 0.0 0 -79 92.97299999999998 74.74799999999996 0
1620.0 276.90599999999995 23 1620.0 0.0 0 -76 82.20499999999998 48.552000000000014 0
1500.0 247.61399999999992 19 1500.0 0.0 0 -73 68.17699999999999 48.698 0
1530.0 227.28599999999986 19 1530.0 0.0 0 -55 81.40799999999994 39.221999999999994 0
2640.0 346.62499999999994 18 2640.0 0.0 0 -81 117.06899999999999 70.31199999999998 0
1650.0 260.46999999999997 17 1650.0 0.0 0 -60 93.80099999999999 72.102 0
1830.0 266.1459999999999 23 1980.0 0.0 0 -69 91.67899999999996 69.49000000000001 0
1410.0 205.13199999999998 12 1410.0 0.0 0 -52 64.37499999999999 54.30099999999998 0
1980.0 286.2349999999999 22 2010.0 0.0 0 -71 94.25699999999995 82.22500000000002 0
1230.0 202.387 16 1230.0 0.0 0 -48 77.743 45.227 0
1890.0 243.28800000000004 16 1890.0 0.0 0 -57 96.918 68.89399999999999 0
2430.0 313.0239999999999 20 2430.0 0.0 0 -86 87.17899999999999 83.024 0
1800.0 270.41799999999995 18 1800.0 0.0 0 -70 83.35199999999996 63.35 0
1740.0 279.6979999999999 18 1740.0 0.0 0 -65 92.30199999999999 72.03 0
3060.0 335.614 18 3060.0 0.0 0 -85 93.38299999999997 96.85200000000002 0
1950.0 247.95699999999994 17 1950.0 0.0 0 -65 84.07099999999998 60.74399999999999 0
2400.0 353.2370000000001 24 2400.0 -65.0 1 -88 121.44099999999997 94.591 13
1380.0 184.646 18 1380.0 0.0 0 -50 65.57400000000001 39.086999999999996 0
1590.0 265.948 15 1590.0 0.0 0 -59 87.853 76.18299999999999 0
1980.0 366.9159999999999 22 1980.0 0.0 0 -85 133.61399999999998 78.34199999999998 0
1890.0 275.679 17 1890.0 0.0 0 -62 115.69999999999993 61.573999999999984 0
1980.0 279.41 20 2070.0 0.0 0 -72 77.21099999999996 72.97300000000001 0
1590.0 307.77899999999994 16 1590.0 0.0 0 -72 107.10199999999998 53.683 0
1650.0 345.29800000000006 22 1650.0 -5.0 0 -78 116.14599999999996 76.99600000000002 1
2160.0 285.80699999999996 15 2160.0 0.0 0 -68 96.00799999999998 73.27400000000003 0
1830.0 279.672 18 1830.0 0.0 0 -68 94.07700000000001 48.263999999999996 0
2130.0 348.03700000000015 16 2130.0 0.0 0 -73 134.271 88.53399999999996 0
2130.0 372.8709999999998 24 2130.0 0.0 0 -86 143.489 84.872 0
1320.0 217.848 19 1320.0 0.0 0 -55 67.499 52.199999999999996 0
1770.0 237.18699999999993 19 1770.0 0.0 0 -57 84.75099999999999 67.20099999999998 0
2280.0 297.13300000000015 21 2280.0 -15.0 1 -73 104.12799999999997 74.77299999999997 3
1890.0 307.2409999999999 20 1890.0 0.0 0 -74 104.00899999999999 78.509 0
1830.0 260.20099999999985 19 1890.0 0.0 0 -66 82.94699999999997 66.73499999999997 0
1740.0 244.90499999999997 18 1740.0 -45.0 1 -62 77.96200000000002 64.32199999999999 9
1860.0 246.37399999999994 21 1860.0 0.0 0 -68 75.38899999999997 55.61899999999999 0
2910.0 333.27299999999997 17 2910.0 -20.0 0 -75 123.19700000000005 108.68199999999999 4
2160.0 328.07599999999996 19 2160.0 0.0 0 -78 105.17799999999998 85.21699999999998 0
1860.0 283.8719999999999 20 1980.0 0.0 0 -66 94.944 80.44300000000001 0
1980.0 295.43600000000004 20 1980.0 0.0 0 -66 108.93300000000004 79.275 0
2370.0 221.906 20 2370.0 -20.0 0 -63 56.06400000000001 58.294 4
1770.0 271.69899999999984 18 1770.0 0.0 0 -63 112.51400000000002 58.172999999999995 0
2490.0 332.10299999999984 19 2490.0 -20.0 1 -82 115.33 85.068 4
3000.0 369.7309999999999 22 3000.0 0.0 0 -87 126.49799999999996 110.39499999999998 0
1530.0 239.3459999999999 12 1530.0 0.0 0 -61 78.45099999999995 51.73600000000001 0
1230.0 230.88899999999992 17 1230.0 -30.0 2 -55 88.40899999999999 50.08200000000001 6
2460.0 357.348 16 2460.0 -230.0 19 -87 102.58400000000003 95.783 46
2370.0 322.8110000000001 18 2370.0 0.0 0 -70 126.39600000000003 91.55999999999999 0
2340.0 361.64499999999975 24 2340.0 0.0 0 -89 133.314 89.213 0
2610.0 411.54699999999997 21 2610.0 0.0 0 -91 158.24199999999996 103.52199999999995 0
1830.0 297.7259999999999 21 1830.0 0.0 0 -70 97.249 73.132 0
1740.0 281.7979999999999 20 1740.0 0.0 0 -68 86.54299999999998 59.475 0
1860.0 225.81699999999998 18 1860.0 0.0 0 -55 78.667 66.79999999999998 0
2040.0 281.19899999999996 23 2040.0 0.0 0 -77 80.83599999999996 72.19 0
2310.0 297.231 17 2310.0 0.0 0 -75 86.834 75.72900000000001 0
2340.0 332.964 21 2340.0 0.0 0 -73 131.41399999999993 92.35000000000001 0
1110.0 236.81 18 1500.0 0.0 0 -54 89.036 52.73699999999999 0
2010.0 289.6479999999999 19 2010.0 0.0 0 -77 74.996 83.80999999999996 0
2100.0 385.6879999999999 23 2100.0 0.0 0 -90 118.21099999999996 82.005 0
1770.0 269.67299999999994 22 1770.0 -15.0 0 -69 83.40099999999998 70.89999999999998 3
2160.0 224.3029999999999 15 2160.0 -5.0 0 -55 80.19600000000001 60.32799999999999 1
1770.0 271.68899999999996 26 1770.0 0.0 0 -70 88.12799999999999 69.87400000000001 0
