3000.0 388.4120000000001 16 3270.0 -270.0 42 -60 181.531 144.80299999999997 18
5520.0 565.6549999999999 21 5790.0 -270.0 54 -95 223.48999999999998 215.7669999999999 27
3410.0 380.262 18 3600.0 -190.0 38 -56 174.117 162.457 19
4090.0 443.611 19 4320.0 -230.0 36 -67 202.20099999999994 168.93399999999997 23
3750.0 504.55099999999993 18 3990.0 -240.0 39 -74 213.1039999999999 173.03099999999998 16
4965.0 517.8159999999999 22 5280.0 -315.0 47 -79 237.93299999999996 230.273 23
4900.0 501.1610000000001 18 5250.0 -430.0 77 -86 211.10999999999996 210.10999999999999 43
4450.0 525.7479999999999 17 4710.0 -260.0 52 -79 217.435 210.0459999999999 26
4860.0 567.0519999999998 16 5610.0 -750.0 61 -84 207.02100000000002 211.20999999999998 127
4640.0 464.727 15 4830.0 -190.0 38 -81 203.78200000000004 187.454 19
4480.0 585.9200000000001 18 4740.0 -350.0 70 -95 201.81099999999998 181.63399999999993 35
5570.0 622.209 21 5820.0 -280.0 50 -79 283.901 261.66099999999994 28
5030.0 638.7900000000002 23 5220.0 -340.0 69 -85 304.85499999999996 233.449 34
3840.0 482.3229999999999 19 4170.0 -340.0 68 -75 209.29099999999997 174.161 34
4470.0 502.3159999999999 21 4620.0 -150.0 30 -70 238.195 209.20499999999996 15
3920.0 532.4920000000002 21 4230.0 -350.0 70 -96 197.41 182.107 35
4600.0 437.34899999999993 19 4770.0 -170.0 15 -69 168.91399999999996 201.60900000000004 17
5030.0 547.3199999999998 22 5310.0 -280.0 50 -81 216.59999999999997 236.89599999999996 28
4160.0 486.11499999999984 20 4440.0 -280.0 42 -70 231.88699999999992 187.02 28
3940.0 501.6129999999999 18 4230.0 -290.0 58 -81 206.30699999999996 176.31599999999992 29
4090.0 425.32099999999997 20 4230.0 -170.0 33 -55 203.80700000000002 191.757 16
3730.0 454.3499999999999 16 3900.0 -170.0 34 -58 203.20899999999995 187.28500000000003 17
3910.0 498.999 18 4170.0 -260.0 52 -73 238.46499999999997 184.21299999999994 26
4730.0 423.85200000000003 17 4950.0 -220.0 45 -77 154.57899999999998 194.47899999999998 22
5100.0 701.0159999999996 21 5520.0 -520.0 65 -84 303.041 276.91799999999995 52
3080.0 352.738 15 3240.0 -160.0 32 -56 138.57799999999997 145.869 16
4960.0 584.0500000000001 19 5130.0 -170.0 35 -86 270.847 223.35899999999992 17
4930.0 604.5060000000001 24 5250.0 -320.0 45 -89 219.44499999999994 235.12899999999996 32
4670.0 595.0449999999998 21 5130.0 -460.0 66 -90 248.56799999999996 208.99799999999996 43
4670.0 475.85599999999994 18 4830.0 -160.0 32 -75 212.301 196.223 16
5165.0 592.3900000000001 20 5490.0 -325.0 59 -95 242.03299999999996 239.73599999999993 27
6230.0 550.1309999999999 23 6570.0 -380.0 76 -94 241.55800000000002 246.97399999999988 38
3620.0 393.01099999999997 16 3960.0 -370.0 74 -62 147.54899999999998 179.35399999999998 37
4740.0 615.0320000000003 17 5130.0 -390.0 72 -94 260.3190000000001 223.03300000000002 39
5360.0 629.293 21 5610.0 -250.0 50 -101 273.722 247.31600000000003 25
4170.0 449.18999999999994 14 4350.0 -180.0 36 -66 205.23799999999994 195.72099999999998 18
5520.0 435.717 13 5700.0 -180.0 33 -90 160.24999999999997 187.04599999999994 18
3910.0 429.309 18 4110.0 -200.0 40 -62 201.18700000000004 184.46199999999993 20
4705.0 509.696 16 4980.0 -275.0 51 -84 188.284 200.59699999999998 31
4880.0 538.109 20 5070.0 -190.0 38 -85 236.53400000000002 233.67000000000002 19
2885.0 359.4289999999999 15 3210.0 -325.0 43 -55 153.69399999999996 139.89600000000002 26
3870.0 369.455 20 4050.0 -180.0 36 -56 179.47299999999996 147.92799999999997 18
3710.0 461.02099999999996 15 3900.0 -190.0 38 -63 214.22199999999998 186.42199999999997 19
4705.0 476.3319999999999 17 5100.0 -395.0 46 -82 155.07799999999997 223.804 33
5400.0 617.6880000000001 20 5700.0 -300.0 60 -110 229.82300000000004 256.34399999999994 30
5700.0 590.647 19 5910.0 -210.0 42 -84 263.477 261.856 21
4990.0 474.4549999999999 20 5220.0 -230.0 46 -67 226.15699999999995 223.75899999999996 23
4500.0 543.2279999999998 20 4800.0 -340.0 68 -85 221.40999999999997 209.05400000000003 34
5720.0 649.9759999999999 19 6030.0 -310.0 62 -95 277.46999999999997 266.55099999999993 31
4440.0 465.63399999999996 20 4590.0 -150.0 30 -73 185.434 160.55599999999998 15
4700.0 506.7269999999998 21 4980.0 -280.0 44 -94 201.49199999999996 194.80999999999997 21
4100.0 525.0659999999999 17 4350.0 -250.0 46 -93 192.96199999999996 176.37500000000003 25
5970.0 629.2719999999998 22 6210.0 -330.0 67 -98 258.284 279.9039999999999 33
7185.0 411.196 17 7560.0 -375.0 69 -107 183.42400000000006 157.37299999999996 31
4125.0 523.5649999999999 21 4380.0 -255.0 39 -68 246.26799999999992 201.17499999999993 21
3750.0 544.4739999999999 21 4710.0 -960.0 113 -98 182.272 198.13299999999995 96
4200.0 450.33399999999995 23 4410.0 -210.0 34 -69 208.37099999999998 194.449 14
4260.0 462.52900000000005 18 4470.0 -390.0 51 -69 180.896 193.688 39
3855.0 476.65100000000007 18 4080.0 -385.0 70 -67 232.862 183.236 31
3770.0 399.30999999999995 15 3930.0 -160.0 32 -64 172.24599999999995 164.83700000000002 16
3760.0 492.8580000000001 16 4140.0 -380.0 34 -70 206.80799999999994 193.86799999999994 38
5145.0 557.689 19 5340.0 -195.0 32 -70 276.16 253.30799999999996 13
3570.0 424.0999999999999 17 3780.0 -230.0 47 -67 173.297 176.81099999999995 23
3835.0 540.468 17 4200.0 -425.0 63 -87 209.145 187.38500000000002 34
4410.0 538.9159999999998 20 4680.0 -270.0 44 -79 248.58800000000002 196.01799999999997 18
4660.0 575.564 18 4830.0 -170.0 34 -81 252.574 229.43800000000002 17
5465.0 563.0649999999999 18 5880.0 -415.0 54 -91 214.11099999999996 245.88500000000005 49
4400.0 484.4339999999999 19 4560.0 -160.0 32 -81 190.34300000000002 196.68300000000002 16
4080.0 440.99299999999994 17 4260.0 -220.0 44 -70 189.739 190.31299999999996 22
4050.0 459.924 18 4260.0 -300.0 52 -72 196.027 167.246 23
3640.0 465.85999999999996 18 3870.0 -230.0 46 -70 204.92999999999995 178.75499999999997 23
3160.0 359.56900000000013 14 3390.0 -330.0 45 -58 153.526 146.57199999999997 33
5030.0 464.478 18 5430.0 -400.0 46 -80 188.529 187.40399999999997 40
3810.0 475.992 16 4020.0 -230.0 46 -75 211.589 184.7 23
4620.0 461.67900000000003 17 4830.0 -210.0 42 -83 210.81899999999996 181.883 21
4550.0 492.7189999999998 22 4740.0 -190.0 38 -81 188.06499999999997 215.67299999999994 19
5215.0 593.0179999999999 20 5550.0 -335.0 59 -93 257.65299999999996 231.33799999999997 26
4100.0 439.50800000000004 17 4260.0 -160.0 32 -63 191.88100000000003 190.685 16
3780.0 424.8389999999999 19 4020.0 -300.0 51 -67 183.65 170.80599999999998 22
5220.0 561.207 20 5370.0 -150.0 30 -87 253.66699999999994 243.942 15
4380.0 529.232 16 4680.0 -300.0 52 -87 203.512 210.13799999999998 22
4590.0 572.7199999999999 16 5220.0 -650.0 99 -95 235.97200000000004 224.63600000000002 65
3980.0 483.9910000000001 17 4290.0 -310.0 55 -76 225.81400000000002 166.07899999999995 24
3980.0 433.844 17 4200.0 -220.0 44 -71 180.29799999999997 186.93599999999995 22
4290.0 480.0539999999999 17 4440.0 -150.0 30 -80 189.28399999999996 205.35999999999999 15
4560.0 512.934 21 4890.0 -330.0 58 -92 189.80999999999997 215.46900000000002 33
4515.0 544.1269999999998 21 4710.0 -195.0 32 -77 268.229 209.81699999999998 13
2860.0 393.1540000000001 13 3030.0 -170.0 34 -58 160.48399999999998 140.98100000000002 17
5340.0 647.945 18 5610.0 -390.0 99 -107 228.69199999999998 252.19299999999996 35
4670.0 546.1329999999999 22 4860.0 -190.0 38 -72 237.32899999999992 224.02299999999997 19
5440.0 581.9050000000001 19 5640.0 -200.0 41 -81 286.863 249.11299999999994 20
5070.0 593.1409999999998 18 5460.0 -400.0 81 -91 246.32699999999997 235.47499999999997 40
5780.0 684.9330000000001 21 6090.0 -310.0 63 -110 277.13999999999993 283.037 31
4030.0 335.3519999999999 15 4230.0 -200.0 40 -56 163.51099999999997 146.35799999999998 20
4750.0 481.048 16 4950.0 -200.0 34 -80 192.06699999999995 209.72199999999998 14
3590.0 413.26999999999987 14 3870.0 -280.0 45 -77 118.42099999999999 135.24099999999999 28
5190.0 505.99799999999993 20 5400.0 -210.0 42 -82 229.77100000000002 198.68999999999994 21
4290.0 532.576 18 4770.0 -480.0 63 -81 205.94499999999994 205.73099999999994 48
5450.0 579.1999999999999 16 5760.0 -310.0 62 -104 187.99099999999999 218.14799999999994 31
4490.0 550.405 19 4950.0 -530.0 107 -84 207.98999999999995 226.26800000000003 53
4680.0 474.14699999999993 19 4920.0 -240.0 44 -72 224.18999999999997 197.54399999999998 24
5220.0 495.716 18 5550.0 -330.0 66 -84 216.55 231.87100000000004 33
3760.0 430.6500000000001 15 3960.0 -200.0 41 -63 200.77099999999996 187.81800000000004 20
4415.0 553.9550000000002 18 4770.0 -355.0 61 -95 204.52699999999996 212.248 29
3870.0 448.2950000000001 15 4140.0 -270.0 54 -88 146.94799999999998 161.62900000000002 27
4320.0 493.726 22 4470.0 -150.0 30 -77 230.60000000000002 200.18099999999998 15
4790.0 498.07099999999997 18 4980.0 -190.0 38 -85 199.5989999999999 205.62199999999999 19
6270.0 682.7900000000001 22 6510.0 -240.0 39 -95 330.52200000000005 289.193 16
4910.0 473.91900000000004 19 5100.0 -190.0 38 -82 194.91499999999996 213.20499999999993 19
3480.0 424.234 20 3720.0 -240.0 49 -74 173.92799999999997 154.11999999999998 24
3980.0 473.0639999999999 18 4170.0 -190.0 38 -71 185.36399999999998 184.956 19
4520.0 508.72099999999995 16 4980.0 -490.0 99 -88 170.38899999999998 217.02799999999993 49
3885.0 2244.120000000001 14 5160.0 -1275.0 109 -84 266.24499999999995 239.9609999999999 121
4000.0 504.49799999999993 21 4230.0 -370.0 75 -78 231.48899999999995 184.853 37
3420.0 440.381 20 3570.0 -150.0 30 -63 196.712 160.93599999999998 15
3760.0 474.93699999999984 19 3960.0 -200.0 40 -72 204.30899999999994 186.87599999999998 20
3720.0 497.328 17 3930.0 -210.0 35 -92 197.52599999999993 175.93299999999996 14
5080.0 529.2350000000001 18 5280.0 -200.0 40 -85 226.64999999999992 219.707 20
5080.0 537.1690000000001 15 5370.0 -290.0 58 -90 212.493 210.067 29
5240.0 567.4489999999998 20 5400.0 -160.0 32 -89 252.541 226.68000000000004 16
4680.0 435.50499999999994 17 4830.0 -150.0 30 -67 199.295 207.779 15
3530.0 477.65799999999996 16 4260.0 -790.0 85 -73 208.15899999999996 187.18499999999997 79
4250.0 501.03499999999985 19 4530.0 -280.0 43 -78 218.98300000000003 209.10199999999998 28
4440.0 436.8549999999999 22 4800.0 -360.0 57 -78 161.52500000000003 205.40600000000003 36
3110.0 334.5440000000001 18 3270.0 -310.0 45 -52 137.213 138.078 31
5920.0 651.5829999999999 18 6210.0 -290.0 45 -109 221.91599999999997 267.1 29
3810.0 450.092 13 4080.0 -270.0 54 -71 197.10099999999997 181.381 27
4160.0 462.59200000000004 17 4410.0 -250.0 50 -73 202.187 193.43699999999995 25
3930.0 491.49199999999985 17 4140.0 -210.0 42 -77 227.7819999999999 184.62199999999993 21
4790.0 564.3090000000001 20 5040.0 -250.0 50 -93 244.96799999999996 229.8129999999999 25
4670.0 496.14399999999983 18 4830.0 -280.0 57 -79 205.73899999999998 216.26700000000002 28
4580.0 568.8040000000002 23 4800.0 -220.0 45 -80 266.861 211.92300000000003 22
4050.0 435.2729999999998 15 4290.0 -240.0 48 -69 195.73299999999998 149.05899999999994 24
4830.0 605.4660000000001 21 5190.0 -360.0 54 -96 267.25199999999995 223.1339999999999 36
5085.0 650.328 21 5370.0 -285.0 52 -101 294.99800000000005 236.30400000000003 24
3050.0 398.145 17 3240.0 -190.0 38 -70 169.861 146.985 19
5445.0 525.9860000000001 21 5790.0 -545.0 101 -86 180.783 260.97199999999987 48
4275.0 2098.5419999999976 24 5370.0 -1095.0 108 -97 334.27699999999993 256.462 104
4530.0 429.6940000000001 20 4710.0 -300.0 57 -67 167.84199999999996 206.79799999999997 30
4940.0 486.83199999999994 17 5340.0 -420.0 54 -69 246.09399999999994 216.25899999999996 42
5995.0 575.4209999999999 22 6240.0 -245.0 45 -100 232.154 252.13299999999998 29
3120.0 382.76700000000005 18 3330.0 -210.0 32 -53 189.212 150.82399999999998 21
5905.0 577.3800000000002 19 6120.0 -215.0 42 -90 219.8409999999999 250.47199999999995 24
4110.0 479.02900000000005 19 4350.0 -240.0 41 -73 210.68500000000003 198.26399999999995 24
4140.0 740.5450000000001 19 4560.0 -420.0 55 -89 237.85699999999997 214.20999999999998 44
5630.0 676.4850000000002 21 5910.0 -300.0 61 -82 335.5969999999999 271.43 30
4600.0 481.25000000000006 14 4800.0 -200.0 40 -72 218.63799999999992 206.178 20
3910.0 495.702 17 4170.0 -260.0 46 -68 208.248 179.47899999999998 26
4050.0 1694.0410000000013 17 5310.0 -1260.0 106 -79 202.4649999999999 237.08099999999996 128
3885.0 829.4490000000001 13 4560.0 -675.0 92 -106 231.05500000000004 209.52699999999993 79
3180.0 424.59399999999994 17 3480.0 -500.0 84 -72 163.40199999999993 141.421 50
4570.0 570.653 15 4890.0 -320.0 60 -102 196.04 215.22499999999997 32
4255.0 721.1239999999998 19 4770.0 -515.0 70 -80 248.13999999999996 202.57099999999997 69
3890.0 421.9739999999998 17 4140.0 -250.0 37 -54 202.17199999999997 190.04099999999997 25
3870.0 490.04800000000006 20 4230.0 -370.0 66 -78 197.167 182.21299999999994 29
4450.0 600.0959999999997 20 4680.0 -230.0 46 -75 290.904 213.32999999999998 23
4170.0 489.614 16 4350.0 -180.0 36 -92 180.81100000000004 180.784 18
5735.0 614.0539999999995 22 6180.0 -455.0 85 -85 265.356 278.3019999999999 39
3830.0 581.2479999999998 19 4260.0 -430.0 52 -86 233.63299999999992 193.69799999999995 43
3200.0 412.9329999999998 18 3450.0 -260.0 52 -63 184.36999999999995 150.805 26
4430.0 511.38000000000005 16 4620.0 -190.0 38 -80 243.15199999999996 201.49499999999998 19
4450.0 474.411 20 4620.0 -170.0 34 -82 212.61799999999997 188.08100000000002 17
3360.0 465.4939999999999 15 3690.0 -330.0 63 -81 134.02799999999996 165.40699999999995 33
3470.0 429.82900000000006 16 3690.0 -220.0 37 -68 195.173 150.806 22
4040.0 447.8670000000001 20 4260.0 -340.0 47 -70 197.941 187.014 34
5570.0 581.6390000000001 21 5760.0 -190.0 38 -95 241.136 248.8319999999999 19
6010.0 694.7610000000001 20 6630.0 -660.0 94 -117 270.68799999999993 287.32499999999993 66
4200.0 462.2319999999999 17 4440.0 -240.0 45 -72 192.95699999999997 193.36599999999993 24
4610.0 539.3340000000001 20 4920.0 -310.0 42 -81 200.43899999999996 232.67199999999994 36
2950.0 437.564 17 3450.0 -500.0 65 -68 152.76799999999997 134.65999999999997 50
4990.0 485.56199999999995 17 5310.0 -320.0 51 -89 170.89600000000002 193.44899999999998 25
4180.0 426.74 14 4410.0 -250.0 50 -82 145.813 173.81799999999993 25
3840.0 484.2789999999997 16 4260.0 -460.0 94 -79 161.35200000000003 186.49099999999999 46
3420.0 393.0250000000001 16 3570.0 -150.0 30 -56 195.77500000000003 147.33499999999998 15
4350.0 489.04999999999995 19 4650.0 -300.0 49 -76 204.21699999999998 201.77399999999994 20
5235.0 504.98699999999985 22 5490.0 -295.0 52 -77 225.74499999999995 233.259 23
4670.0 526.216 19 4950.0 -320.0 64 -83 219.29399999999993 217.49999999999997 32
4520.0 485.6530000000001 16 4680.0 -160.0 32 -73 224.18800000000002 207.815 16
6130.0 754.877 21 6540.0 -410.0 68 -107 313.882 257.07999999999987 41
3890.0 485.339 15 4230.0 -340.0 44 -59 226.52399999999994 198.38999999999993 27
4365.0 698.5179999999999 18 4770.0 -405.0 49 -72 215.951 231.53099999999995 33
4270.0 592.929 21 4740.0 -510.0 71 -81 277.989 225.41199999999998 51
4150.0 404.58599999999996 24 4470.0 -330.0 67 -63 186.551 183.109 33
4765.0 1101.2729999999995 17 5940.0 -1175.0 63 -79 232.66699999999997 210.79 207
3850.0 468.178 15 4050.0 -300.0 61 -71 215.07199999999986 184.79699999999997 30
3515.0 357.4569999999999 14 3750.0 -235.0 44 -66 126.74199999999998 140.17399999999995 27
4990.0 586.9110000000001 22 5370.0 -380.0 52 -86 235.18300000000002 251.49899999999994 32
4750.0 530.0959999999998 20 4950.0 -200.0 41 -74 263.5489999999999 216.459 20
5790.0 623.7539999999998 19 6210.0 -420.0 85 -116 214.88999999999996 259.6739999999999 42
4150.0 443.6259999999999 14 4470.0 -320.0 53 -83 170.98999999999995 168.62399999999994 32
4050.0 506.5489999999999 17 4380.0 -330.0 46 -70 241.22299999999993 204.49499999999998 26
4350.0 529.0919999999999 23 4620.0 -270.0 54 -80 230.91199999999998 206.32 27
3570.0 420.986 19 3780.0 -210.0 32 -67 185.40500000000003 157.892 15
4530.0 638.9919999999998 18 4830.0 -300.0 55 -99 242.81099999999992 217.21299999999997 26
5130.0 532.5129999999999 24 5280.0 -150.0 30 -76 265.16999999999996 232.244 15
3610.0 718.7710000000003 13 4110.0 -500.0 38 -84 173.55399999999997 179.72199999999998 50
4860.0 560.0779999999999 25 5100.0 -240.0 48 -71 291.432 225.317 24
4245.0 509.925 17 4530.0 -285.0 49 -81 244.99699999999999 187.71499999999997 21
4270.0 605.9919999999998 19 4650.0 -560.0 70 -89 251.36099999999996 175.24199999999996 56
4110.0 419.52599999999995 18 4260.0 -150.0 30 -64 193.37199999999996 181.00799999999998 15
4440.0 482.0129999999999 18 4590.0 -150.0 30 -83 218.607 185.53500000000005 15
5710.0 586.8430000000003 21 6060.0 -390.0 73 -100 247.12999999999994 248.50099999999986 39
4390.0 437.5619999999999 19 4710.0 -320.0 49 -83 181.65799999999993 182.62499999999997 32
3070.0 333.32499999999993 11 3210.0 -140.0 28 -61 129.263 138.52000000000004 14
3370.0 460.97899999999976 22 3690.0 -320.0 51 -72 208.86599999999999 170.81099999999998 26
4280.0 548.8579999999998 21 4530.0 -250.0 50 -82 239.3489999999999 206.417 25
4660.0 548.1809999999997 19 4920.0 -260.0 46 -73 265.2989999999999 214.22699999999998 26
4460.0 544.004 18 4740.0 -460.0 93 -85 240.6109999999999 184.56699999999998 46
4140.0 450.45899999999995 20 4290.0 -150.0 30 -82 181.195 187.33999999999995 15
3845.0 473.265 16 4140.0 -295.0 52 -83 171.37399999999997 198.01799999999997 23
4720.0 480.95399999999995 20 5040.0 -340.0 69 -83 183.418 203.391 34
3620.0 497.89300000000003 18 3900.0 -280.0 51 -82 207.00299999999996 170.21099999999996 28
3520.0 398.66199999999986 16 3690.0 -170.0 34 -71 147.467 140.072 17
4950.0 560.7909999999999 21 5190.0 -240.0 48 -90 257.47499999999997 224.34699999999995 24
4620.0 561.0839999999998 22 4800.0 -180.0 37 -78 302.034 201.23999999999995 18
5370.0 545.962 22 5520.0 -150.0 30 -81 266.85799999999995 236.85599999999997 15
4340.0 478.45999999999987 23 4800.0 -475.0 78 -79 198.26800000000003 190.205 42
3870.0 483.618 21 4230.0 -360.0 51 -72 218.892 184.32299999999995 28
5050.0 518.538 22 5310.0 -260.0 40 -78 229.043 230.37799999999996 20
3310.0 383.9149999999999 14 3630.0 -320.0 29 -61 167.90499999999997 155.52299999999994 32
3570.0 483.47599999999994 19 3900.0 -340.0 69 -69 238.29399999999998 158.53499999999994 34
4330.0 406.4049999999999 17 4530.0 -300.0 60 -64 176.12199999999993 193.322 30
4780.0 612.6780000000001 19 5100.0 -360.0 67 -89 253.39200000000002 220.46899999999997 40
4660.0 451.40600000000006 12 4890.0 -350.0 71 -81 167.69599999999997 178.23699999999997 35
4765.0 630.0959999999999 22 5730.0 -1065.0 137 -110 244.78900000000004 243.527 105
4460.0 462.5699999999999 17 4680.0 -220.0 44 -64 195.24299999999994 195.12199999999999 22
3625.0 499.009 17 3930.0 -305.0 45 -77 180.67599999999996 170.59600000000003 44
4510.0 1152.6399999999999 21 5130.0 -680.0 73 -87 241.15599999999998 204.019 68
4020.0 518.9499999999998 14 4560.0 -540.0 70 -89 165.41699999999994 197.11299999999994 56
3890.0 985.7079999999999 16 4440.0 -550.0 55 -61 218.38700000000006 189.403 55
2340.0 300.49399999999986 15 2520.0 -180.0 30 -41 154.05099999999996 120.04 12
5310.0 541.295 19 5460.0 -150.0 30 -80 252.17799999999994 236.02599999999998 15
4380.0 489.6190000000002 18 4620.0 -240.0 40 -72 219.80499999999995 205.98900000000003 16
5700.0 502.8259999999999 22 5940.0 -240.0 48 -82 225.823 234.82999999999993 24
3680.0 413.18799999999993 14 3840.0 -160.0 32 -66 172.18699999999995 167.04599999999994 16
6350.0 654.913 21 6810.0 -460.0 45 -97 276.81899999999996 293.3899999999999 46
4630.0 605.2719999999998 20 4920.0 -290.0 58 -95 254.66999999999996 225.63700000000003 29
3630.0 566.0559999999998 14 4020.0 -400.0 80 -89 197.2 194.42999999999995 40
4050.0 555.0300000000002 15 4440.0 -390.0 56 -86 165.45399999999998 173.78099999999995 39
3590.0 532.162 19 3870.0 -280.0 48 -74 203.44999999999993 175.59299999999993 28
4160.0 441.8789999999999 20 4500.0 -460.0 56 -69 206.35499999999996 182.89600000000002 46
4240.0 484.63100000000003 18 4410.0 -350.0 71 -74 228.03199999999998 190.45199999999997 35
3030.0 353.265 14 3210.0 -180.0 36 -49 145.88 149.392 18
4060.0 428.6899999999998 18 4320.0 -260.0 36 -69 165.13799999999995 175.646 26
4300.0 531.5059999999999 18 4590.0 -290.0 47 -76 234.09099999999998 202.66199999999998 29
4350.0 593.9960000000001 20 4710.0 -380.0 69 -89 241.48499999999999 218.91699999999994 38
4090.0 591.1990000000001 17 4560.0 -520.0 105 -92 253.38199999999992 195.38299999999998 52
4010.0 404.6919999999999 20 4200.0 -190.0 38 -74 179.155 157.86999999999998 19
3820.0 414.83999999999986 21 4110.0 -290.0 57 -68 178.56299999999993 170.98599999999996 28
3570.0 501.453 17 3870.0 -460.0 80 -69 230.74099999999993 177.282 46
4950.0 553.169 14 5130.0 -180.0 36 -93 202.82699999999997 229.5989999999999 18
4610.0 571.0469999999999 14 4830.0 -220.0 44 -99 221.09899999999996 205.94999999999996 22
3630.0 380.464 17 3780.0 -150.0 30 -54 171.15499999999997 150.572 15
4820.0 588.5949999999999 20 5100.0 -280.0 56 -96 248.07599999999996 214.282 28
4360.0 529.7029999999999 20 4620.0 -400.0 71 -77 239.63399999999996 207.58799999999994 32
6310.0 703.4389999999999 21 6570.0 -260.0 52 -101 312.506 270.353 26
3930.0 457.00799999999987 18 4590.0 -720.0 82 -83 154.41899999999998 174.87899999999996 72
4735.0 540.559 19 4980.0 -245.0 36 -66 243.986 206.873 18
5010.0 619.182 19 5280.0 -405.0 69 -97 286.198 220.027 29
5180.0 577.283 22 5430.0 -250.0 43 -87 274.62999999999994 230.6419999999999 25
5820.0 705.5549999999998 20 6120.0 -300.0 61 -104 309.38399999999996 281.2269999999999 30
4640.0 559.5589999999997 16 4950.0 -310.0 62 -96 180.597 215.503 31
3350.0 454.16299999999984 18 3720.0 -380.0 76 -82 177.047 161.9459999999999 38
4425.0 485.00799999999987 19 4650.0 -225.0 36 -71 232.52399999999992 198.35499999999996 15
4410.0 556.7009999999997 20 4740.0 -340.0 69 -81 252.50199999999992 197.43499999999995 34
4340.0 416.6909999999999 16 4650.0 -310.0 55 -84 129.423 150.137 37
4210.0 436.87600000000003 15 4410.0 -200.0 35 -75 176.67799999999994 179.43799999999996 20
2860.0 358.2029999999999 13 3090.0 -230.0 46 -68 129.02599999999995 140.26399999999995 23
3765.0 480.65399999999994 19 4080.0 -340.0 59 -67 193.38699999999997 150.13099999999991 40
4980.0 655.275 18 5250.0 -270.0 54 -91 308.7299999999999 243.46099999999993 27
4680.0 537.5239999999998 18 5040.0 -360.0 32 -84 219.19599999999997 222.67799999999997 36
3900.0 508.4829999999999 18 4260.0 -360.0 61 -83 210.35399999999996 187.93499999999997 34
3820.0 441.1329999999999 20 4020.0 -200.0 35 -71 191.56899999999996 185.90799999999996 24
4870.0 719.0369999999999 18 5310.0 -440.0 64 -98 257.194 224.467 37
4450.0 574.931 19 4740.0 -290.0 26 -71 296.2629999999999 225.29499999999996 29
5460.0 660.6840000000003 20 5880.0 -420.0 71 -117 231.61999999999995 243.68100000000004 42
4600.0 506.475 19 4800.0 -200.0 40 -79 226.50699999999998 200.27799999999996 20
6355.0 620.7449999999999 26 6720.0 -425.0 78 -114 268.328 252.14099999999993 36
4760.0 400.377 15 4920.0 -160.0 32 -72 134.253 184.52499999999995 16
2510.0 409.157 15 2910.0 -420.0 79 -68 135.91299999999998 133.87699999999998 42
5630.0 561.8180000000001 18 5970.0 -340.0 68 -85 232.70199999999997 254.87 34
3890.0 544.0490000000001 20 4170.0 -280.0 48 -90 216.24199999999996 183.717 28
5460.0 616.7109999999997 23 5790.0 -330.0 56 -94 281.243 266.54900000000004 33
4110.0 450.8919999999999 17 4350.0 -240.0 39 -67 203.29699999999997 197.89499999999992 16
4410.0 449.678 19 4560.0 -150.0 30 -69 196.021 196.61299999999994 15
4160.0 442.37599999999986 18 4320.0 -160.0 32 -70 170.66899999999998 198.87099999999995 16
3270.0 359.455 12 3420.0 -150.0 30 -68 144.31599999999997 139.31599999999997 15
3600.0 461.96100000000007 15 3810.0 -210.0 42 -80 178.60899999999998 180.938 21
4560.0 509.7459999999999 24 4740.0 -180.0 30 -67 257.964 212.16899999999993 12
3370.0 559.256 13 3810.0 -480.0 58 -68 162.65199999999993 180.99399999999997 48
6145.0 328.30599999999987 12 6480.0 -335.0 61 -91 117.27199999999999 121.223 27
3050.0 367.95 11 3330.0 -400.0 56 -59 161.845 141.31899999999996 40
4440.0 469.23 18 4680.0 -360.0 73 -78 185.69199999999998 206.136 36
4010.0 487.213 13 4380.0 -370.0 55 -88 165.97999999999996 198.30899999999994 37
5170.0 649.2289999999999 21 5490.0 -320.0 51 -74 285.7839999999999 239.40499999999992 32
6970.0 742.5329999999998 24 7260.0 -290.0 59 -129 303.3549999999999 306.95 29
3500.0 374.48599999999993 16 3960.0 -500.0 62 -54 162.388 180.3359999999999 50
3980.0 574.826 21 4260.0 -295.0 56 -72 282.10499999999996 204.49 27
5670.0 580.6839999999997 23 5910.0 -420.0 64 -83 255.17799999999988 264.5249999999999 42
4230.0 586.6650000000001 17 4440.0 -210.0 35 -93 248.67199999999997 230.05499999999998 14
5350.0 673.7829999999998 24 5790.0 -440.0 52 -97 301.441 246.03199999999993 44
4480.0 477.0439999999999 20 4800.0 -320.0 44 -77 189.684 177.56399999999996 32
5440.0 1211.002999999999 20 6000.0 -560.0 59 -98 249.045 244.61399999999995 56
3950.0 459.5529999999999 19 4260.0 -330.0 67 -75 189.81799999999998 185.87099999999998 33
3890.0 475.53199999999987 16 4230.0 -340.0 57 -70 213.07 185.682 34
4230.0 517.2439999999999 19 4500.0 -270.0 54 -86 196.39199999999997 189.87499999999997 27
3705.0 506.5399999999997 18 4110.0 -405.0 63 -74 194.24299999999994 182.75599999999997 34
3930.0 427.08199999999994 18 4080.0 -150.0 30 -71 177.93599999999992 178.33599999999996 15
4230.0 526.5079999999998 19 4470.0 -390.0 79 -85 209.377 202.60299999999998 39
3360.0 2118.4410000000007 19 4620.0 -1260.0 109 -87 234.44199999999987 212.47099999999998 126
5470.0 592.2059999999999 18 5910.0 -455.0 84 -95 230.32499999999993 233.5639999999999 39
5260.0 554.7259999999999 22 5460.0 -200.0 40 -84 253.8279999999999 238.588 20
4770.0 558.4999999999999 19 5010.0 -240.0 39 -75 261.22599999999994 230.40599999999998 16
3300.0 448.45 19 3450.0 -150.0 30 -62 214.63599999999997 158.93100000000004 15
4600.0 502.04900000000004 20 4890.0 -290.0 58 -82 199.034 219.67399999999995 29
5520.0 598.3330000000003 18 5910.0 -450.0 75 -106 188.349 241.76399999999998 45
2800.0 448.9639999999998 17 3480.0 -710.0 86 -70 196.326 157.38400000000001 71
6720.0 625.3059999999998 22 7080.0 -360.0 56 -112 237.49399999999994 306.899 30
4150.0 534.4309999999998 19 4410.0 -260.0 52 -84 203.09299999999996 191.30800000000002 26
4100.0 469.3639999999999 21 4350.0 -260.0 52 -61 222.072 194.54299999999998 26
4960.0 635.68 18 5280.0 -320.0 64 -105 216.91 230.54799999999992 32
3840.0 479.68699999999984 18 4080.0 -240.0 48 -63 226.83299999999997 193.39499999999998 24
4310.0 519.9469999999999 19 4620.0 -310.0 55 -88 189.67900000000003 206.29 24
4890.0 580.5039999999999 19 5280.0 -390.0 48 -82 222.68099999999998 239.08899999999994 39
4950.0 393.27799999999985 13 5490.0 -570.0 93 -93 119.503 138.152 57
3400.0 437.99399999999997 12 4200.0 -830.0 90 -75 122.93099999999997 180.45299999999997 83
4300.0 533.7810000000001 22 4590.0 -430.0 82 -82 225.89199999999997 201.77699999999993 43
4965.0 1774.3480000000002 19 6180.0 -1225.0 117 -105 218.61599999999996 241.01499999999996 117
6060.0 665.5020000000002 26 6360.0 -330.0 59 -100 323.97700000000003 268.60400000000004 26
5810.0 545.7120000000001 17 6030.0 -220.0 44 -88 180.54799999999994 261.212 22
4065.0 504.0189999999999 20 4470.0 -405.0 51 -77 239.081 188.88899999999995 34
4610.0 601.8130000000001 18 5010.0 -400.0 54 -94 210.24099999999999 227.65999999999994 40
4540.0 460.3999999999999 14 4830.0 -290.0 54 -83 177.76 188.76900000000003 29
3250.0 431.697 13 3570.0 -320.0 29 -77 161.76299999999998 150.019 32
4840.0 648.3869999999996 22 5130.0 -370.0 74 -88 277.9699999999999 238.222 37
4920.0 654.6529999999999 21 5250.0 -330.0 46 -97 299.04099999999994 238.44400000000007 33
4520.0 453.821 16 5010.0 -490.0 99 -79 177.373 194.413 49
4680.0 516.5229999999998 18 4830.0 -150.0 30 -83 220.6099999999999 208.933 15
4270.0 448.71099999999984 16 4530.0 -260.0 50 -75 196.92199999999997 175.215 26
4650.0 582.0269999999999 22 4950.0 -400.0 61 -77 266.423 215.94699999999995 40
4660.0 495.774 16 5040.0 -380.0 50 -83 201.8569999999999 195.08099999999993 38
1870.0 337.1939999999999 14 2190.0 -320.0 29 -45 162.047 94.12800000000001 32
4800.0 595.5630000000001 20 5070.0 -270.0 54 -90 231.708 232.77500000000003 27
3900.0 1719.4259999999988 16 4920.0 -1020.0 76 -97 184.22699999999998 211.13699999999997 102
3780.0 417.8619999999999 17 3930.0 -390.0 80 -64 189.41 174.21200000000002 39
3910.0 472.46299999999985 21 4140.0 -230.0 46 -87 153.03099999999998 183.93499999999997 23
5640.0 569.199 19 5970.0 -330.0 57 -80 278.41299999999995 249.33199999999997 26
4190.0 540.9029999999999 20 4500.0 -390.0 78 -76 227.28299999999996 196.43099999999995 39
4340.0 530.847 18 4680.0 -340.0 41 -71 191.06499999999997 208.476 34
4760.0 506.45599999999996 21 5070.0 -310.0 43 -71 225.154 215.32599999999996 24
4140.0 357.88199999999995 22 4290.0 -150.0 30 -66 156.863 157.991 15
4370.0 559.547 18 4710.0 -340.0 33 -84 241.98999999999998 221.37099999999995 34
5460.0 541.315 22 5760.0 -300.0 60 -91 217.757 216.023 30
6150.0 676.8869999999998 26 6420.0 -450.0 91 -91 315.1469999999999 287.39099999999996 45
3500.0 413.647 16 3630.0 -130.0 26 -63 188.745 160.29699999999997 13
4440.0 536.2919999999998 19 4860.0 -420.0 53 -88 208.87400000000008 209.72900000000004 42
3205.0 423.93399999999974 18 3570.0 -365.0 59 -69 162.67 168.92000000000002 40
4410.0 425.1979999999999 21 4560.0 -150.0 30 -67 201.95099999999996 180.39199999999997 15
3740.0 1416.358 16 4830.0 -1135.0 100 -73 222.152 191.005 125
4270.0 505.92599999999993 17 4560.0 -290.0 52 -90 188.57599999999996 199.3799999999999 23
4850.0 592.01 24 5100.0 -330.0 66 -80 288.3569999999999 233.17200000000003 33
4315.0 591.8419999999999 23 4590.0 -275.0 51 -89 262.3819999999999 203.54700000000005 31
2940.0 441.93699999999995 16 3120.0 -180.0 36 -59 202.66699999999997 134.637 18
4580.0 520.0480000000001 20 4770.0 -190.0 38 -67 248.31499999999994 208.17199999999997 19
4140.0 467.69699999999983 17 4380.0 -240.0 41 -77 199.37799999999996 180.68499999999995 24
3870.0 403.7929999999999 14 4110.0 -240.0 41 -67 159.44099999999995 176.75899999999996 24
4305.0 564.7369999999999 19 4560.0 -255.0 41 -90 196.42600000000002 203.95599999999996 27
4500.0 497.675 18 4740.0 -240.0 40 -77 214.83799999999997 204.4079999999999 16
3400.0 407.5169999999998 16 3570.0 -170.0 34 -66 155.51099999999997 154.82099999999997 17
3855.0 321.5559999999999 14 3990.0 -135.0 22 -64 126.06999999999996 151.549 9
3790.0 499.91699999999975 17 4140.0 -350.0 57 -83 207.143 188.13599999999997 32
4260.0 481.76199999999994 18 4560.0 -300.0 60 -80 180.624 185.85600000000002 30
3480.0 383.67499999999995 14 3630.0 -150.0 30 -61 180.24900000000002 144.14699999999996 15
3170.0 397.08 17 3360.0 -370.0 75 -57 177.10199999999998 140.48599999999993 37
3760.0 474.734 14 4050.0 -380.0 66 -90 155.474 182.45899999999997 32
7200.0 594.0220000000002 19 7530.0 -330.0 67 -111 223.02699999999993 246.01 33
3885.0 468.6650000000001 19 4380.0 -525.0 66 -73 192.53 192.621 44
3870.0 513.8950000000001 21 4140.0 -290.0 58 -78 234.06999999999996 189.17699999999994 29
5630.0 606.216 20 6060.0 -430.0 49 -100 272.57999999999987 227.99099999999999 43
4990.0 602.9580000000001 21 5160.0 -170.0 34 -83 315.099 225.19199999999992 17
3680.0 391.673 16 3930.0 -250.0 40 -61 169.72799999999998 172.58499999999998 25
3950.0 416.4509999999999 14 4110.0 -160.0 32 -78 169.035 160.2 16
4540.0 589.6650000000001 16 4860.0 -320.0 55 -78 216.40100000000004 226.808 32
5280.0 524.2990000000001 25 5460.0 -320.0 65 -66 261.249 241.721 32
3520.0 446.26199999999994 16 3810.0 -290.0 51 -70 187.62900000000002 157.04699999999997 29
3380.0 379.42100000000005 16 3630.0 -250.0 37 -62 142.04999999999998 153.62699999999995 22
6120.0 632.2849999999999 19 6450.0 -330.0 57 -108 254.2489999999999 279.79599999999994 25
4640.0 552.5939999999999 20 4890.0 -250.0 42 -86 218.74699999999996 213.23899999999995 18
4340.0 490.052 21 4500.0 -160.0 32 -66 217.89999999999998 208.99399999999991 16
4080.0 473.5690000000001 21 4470.0 -390.0 45 -74 206.344 196.50099999999995 39
3140.0 437.41200000000003 19 3300.0 -160.0 32 -58 200.801 155.91899999999995 16
4030.0 431.59299999999996 18 4170.0 -140.0 28 -76 162.30099999999996 190.22700000000003 14
5610.0 699.4719999999996 20 5910.0 -300.0 60 -98 282.62600000000003 287.7599999999999 30
5130.0 520.5530000000001 19 5340.0 -210.0 42 -82 219.3489999999999 231.15499999999997 21
4360.0 439.7570000000001 16 4590.0 -230.0 46 -80 139.28100000000003 189.53199999999995 23
4050.0 439.376 14 4380.0 -340.0 69 -70 187.68099999999995 182.20799999999997 34
4450.0 508.538 18 4650.0 -270.0 37 -78 221.90899999999996 195.799 27
3460.0 403.77699999999993 19 3630.0 -170.0 34 -62 163.93699999999995 155.14399999999995 17
6250.0 631.567 21 6570.0 -320.0 64 -110 242.51999999999995 280.19799999999987 32
5220.0 611.4889999999999 24 5430.0 -210.0 42 -95 273.92100000000005 242.78900000000002 21
3930.0 385.80100000000004 17 4080.0 -150.0 30 -54 185.60899999999992 183.44199999999995 15
4970.0 508.0309999999999 21 5250.0 -280.0 48 -78 211.54900000000004 225.5969999999999 20
4430.0 481.4489999999999 19 4590.0 -160.0 32 -76 204.09499999999994 212.63999999999993 16
4680.0 496.5329999999999 16 4830.0 -150.0 30 -76 222.57699999999997 207.99399999999997 15
4190.0 454.482 18 4350.0 -160.0 32 -66 206.32699999999994 188.38799999999998 16
3270.0 357.407 16 3420.0 -150.0 30 -54 149.326 147.588 15
5675.0 532.0959999999999 21 6030.0 -385.0 71 -107 202.559 214.53299999999996 32
3570.0 499.355 18 3990.0 -420.0 58 -79 208.11699999999996 174.652 38
5160.0 530.38 20 5310.0 -150.0 30 -82 242.36599999999999 210.903 15
3150.0 1619.485999999998 11 4320.0 -1260.0 125 -100 140.56199999999998 188.087 126
5550.0 574.432 20 5730.0 -180.0 36 -85 267.88999999999993 239.79099999999997 18
3940.0 496.94499999999994 17 4140.0 -200.0 40 -77 218.37400000000002 180.748 20
4470.0 513.2599999999999 20 4680.0 -630.0 72 -76 217.28599999999997 210.86899999999994 56
4350.0 531.2449999999999 16 4500.0 -150.0 30 -78 246.75799999999995 201.88400000000001 15
3910.0 461.8809999999999 20 4110.0 -200.0 40 -78 186.939 180.451 20
5390.0 528.9849999999999 19 5580.0 -190.0 38 -77 239.20399999999995 229.59799999999996 19
4160.0 553.4949999999998 22 4440.0 -280.0 48 -93 236.39299999999994 196.272 28
3610.0 441.58999999999986 18 3810.0 -200.0 34 -61 217.84699999999998 157.177 20
4490.0 553.4229999999998 22 4770.0 -280.0 56 -83 232.40999999999997 210.25500000000002 28
4330.0 552.7379999999998 20 4590.0 -260.0 52 -91 218.80099999999993 189.144 26
4850.0 570.774 23 5070.0 -220.0 44 -81 240.03499999999994 222.03999999999994 22
3890.0 429.99699999999996 21 4020.0 -130.0 26 -63 195.85699999999997 176.07700000000003 13
4920.0 569.6809999999999 20 5250.0 -330.0 45 -84 253.528 220.83399999999997 26
3670.0 429.20700000000005 17 3900.0 -230.0 37 -68 180.447 165.418 30
4920.0 558.601 22 5310.0 -400.0 82 -81 254.90899999999996 221.976 40
6120.0 657.0999999999999 23 6330.0 -210.0 42 -91 305.38399999999996 267.8209999999999 21
3025.0 725.3989999999999 15 3570.0 -545.0 38 -74 176.10500000000002 141.61499999999995 56
2325.0 660.1350000000001 9 3150.0 -825.0 50 -66 148.94299999999996 147.763 149
4360.0 469.9289999999999 18 4560.0 -200.0 41 -73 218.19699999999995 195.80399999999997 20
5290.0 583.0020000000002 19 5610.0 -320.0 55 -87 266.57800000000003 250.3759999999999 24
4970.0 508.051 18 5220.0 -250.0 50 -89 213.17899999999995 215.34900000000002 25
4750.0 479.71600000000007 21 5010.0 -260.0 46 -79 201.40499999999994 225.55500000000004 26
5210.0 573.725 20 5460.0 -290.0 58 -76 287.90199999999993 237.93300000000002 29
3765.0 470.00499999999994 20 3960.0 -195.0 32 -64 235.11299999999994 180.36199999999997 13
4230.0 523.8999999999999 19 4440.0 -210.0 34 -63 250.9149999999999 210.371 14
4985.0 624.8410000000001 17 5460.0 -475.0 73 -99 232.60299999999998 225.538 58
4725.0 568.2550000000001 18 5010.0 -285.0 47 -107 251.52699999999996 178.253 19
4400.0 605.8150000000002 18 4770.0 -370.0 60 -109 194.81199999999995 198.74999999999997 30
5050.0 596.209 22 5520.0 -470.0 71 -90 245.45099999999994 261.53899999999993 47
3390.0 418.3829999999999 19 3540.0 -150.0 30 -62 192.45899999999995 167.87899999999993 15
4225.0 533.0590000000001 15 4530.0 -385.0 70 -84 226.88099999999997 206.22699999999998 32
4000.0 404.40700000000004 17 4320.0 -320.0 58 -74 165.124 167.86399999999998 26
2830.0 403.7079999999998 15 3210.0 -380.0 56 -69 173.70100000000002 131.822 38
4060.0 529.2989999999998 17 4410.0 -350.0 63 -84 182.265 198.172 35
3830.0 426.54900000000004 17 4170.0 -340.0 50 -71 157.66399999999996 172.282 34
2880.0 305.102 11 3060.0 -180.0 32 -56 96.56000000000002 138.72699999999998 18
3095.0 342.0369999999999 12 3390.0 -295.0 52 -66 133.20600000000002 139.684 23
5410.0 630.1160000000001 19 5760.0 -470.0 72 -96 267.7149999999999 249.80399999999995 50
4515.0 433.308 20 4740.0 -225.0 37 -62 205.07000000000005 201.92999999999995 15
5100.0 659.906 22 5430.0 -350.0 66 -97 311.88599999999997 230.983 35
6015.0 569.6479999999999 25 6210.0 -195.0 32 -90 260.198 252.81999999999994 13
3660.0 449.1659999999998 16 4080.0 -580.0 79 -78 190.53099999999998 149.093 58
3650.0 451.63300000000004 20 3870.0 -520.0 67 -66 188.831 172.238 52
3490.0 1717.6759999999986 14 4500.0 -1010.0 102 -78 154.13600000000005 172.85199999999995 101
3510.0 824.2370000000003 14 4080.0 -570.0 49 -78 206.186 158.873 57
5460.0 646.2479999999999 22 5700.0 -240.0 48 -94 285.502 254.82599999999996 24
3640.0 440.05599999999987 19 3900.0 -380.0 63 -63 207.99499999999998 176.45499999999998 38
4380.0 510.1359999999998 22 4560.0 -180.0 36 -78 215.814 202.354 18
3690.0 592.672 16 4140.0 -450.0 39 -71 217.22200000000004 187.61299999999997 45
4110.0 418.18799999999993 17 4380.0 -270.0 44 -83 148.213 178.382 18
3180.0 477.43100000000004 20 3360.0 -180.0 33 -74 200.16099999999997 150.94599999999997 18
5570.0 622.959 22 5760.0 -190.0 38 -97 269.00699999999995 244.23599999999996 19
4960.0 653.5039999999998 25 5280.0 -320.0 59 -100 237.23499999999993 232.62499999999997 32
4000.0 455.6639999999999 20 4230.0 -230.0 46 -82 184.04 176.98 23
4210.0 489.31700000000006 18 4740.0 -590.0 71 -67 183.64000000000001 208.01799999999997 58
2910.0 388.7809999999999 13 3180.0 -270.0 41 -59 187.19299999999993 132.11100000000002 27
3420.0 754.1800000000001 20 3930.0 -510.0 37 -64 202.53699999999998 193.76200000000003 51
3870.0 398.40399999999994 19 4170.0 -300.0 49 -66 158.25699999999998 178.24800000000002 30
4065.0 485.93699999999995 21 4290.0 -225.0 36 -71 205.92800000000003 188.17999999999998 15
5330.0 502.5340000000001 18 5610.0 -280.0 56 -88 218.06699999999998 198.61299999999994 28
4770.0 664.687 18 5100.0 -330.0 46 -103 269.76199999999994 242.67699999999994 33
3550.0 518.275 14 3900.0 -350.0 49 -87 161.70899999999997 197.14499999999992 33
3630.0 496.1150000000001 13 4140.0 -550.0 73 -88 159.33500000000004 179.26999999999995 55
3330.0 402.9279999999999 16 3660.0 -330.0 29 -53 191.065 159.117 33
3805.0 457.9049999999999 23 4050.0 -285.0 50 -63 211.29 193.74499999999995 22
2020.0 297.837 11 2580.0 -580.0 51 -48 111.87799999999999 107.45199999999998 58
5930.0 649.6599999999999 18 6270.0 -430.0 86 -111 258.62499999999994 253.33799999999994 43
5430.0 529.2769999999998 19 5700.0 -270.0 54 -82 207.431 246.9 27
4580.0 520.6649999999998 16 4860.0 -280.0 56 -90 193.228 213.878 28
4010.0 518.7669999999999 17 4320.0 -350.0 70 -90 172.77299999999994 210.06999999999996 35
3210.0 446.8669999999999 14 3420.0 -210.0 42 -67 199.399 144.326 21
5870.0 640.9789999999999 21 6180.0 -310.0 62 -98 289.145 254.694 31
4400.0 564.129 21 4650.0 -250.0 50 -75 259.979 201.79399999999993 25
4040.0 453.1289999999999 20 4290.0 -250.0 50 -68 220.68300000000002 188.018 25
3260.0 374.9159999999999 16 3600.0 -370.0 48 -50 181.52099999999996 153.53399999999996 37
4080.0 603.8849999999999 17 4530.0 -450.0 56 -100 231.93299999999994 201.70999999999998 45
4200.0 466.52299999999997 17 4410.0 -210.0 34 -75 197.09100000000004 194.97400000000002 14
3470.0 385.156 17 3630.0 -160.0 32 -64 159.04399999999995 154.62900000000002 16
4920.0 514.1219999999998 21 5160.0 -240.0 48 -75 249.42499999999998 228.75 24
3700.0 440.21799999999985 21 3900.0 -200.0 40 -63 195.69599999999997 176.12399999999997 20
3550.0 393.55199999999985 17 3780.0 -230.0 47 -63 165.11199999999997 160.00699999999998 23
3745.0 625.2929999999999 14 4110.0 -365.0 49 -87 188.69199999999992 146.60299999999998 30
4630.0 560.2189999999998 17 4920.0 -290.0 58 -90 202.18599999999998 224.213 29
6720.0 595.77 22 6960.0 -240.0 48 -101 253.40599999999995 260.135 24
4185.0 525.1550000000001 21 4440.0 -255.0 42 -68 253.74599999999992 200.37799999999993 17
5180.0 559.7960000000003 21 5370.0 -230.0 46 -94 235.37500000000003 220.86299999999997 23
5815.0 569.8419999999999 21 6180.0 -365.0 64 -97 215.68 242.45 28
5230.0 603.5880000000001 17 5550.0 -320.0 64 -111 214.76399999999995 237.475 32
5025.0 566.0169999999999 19 5400.0 -375.0 65 -90 236.3519999999999 244.11699999999993 36
4360.0 436.4509999999999 19 4530.0 -170.0 34 -64 215.0499999999999 194.36099999999996 17
4480.0 543.4940000000001 22 4740.0 -260.0 40 -87 233.01599999999996 209.64899999999997 26
3340.0 470.6829999999999 18 3630.0 -290.0 43 -76 183.86399999999995 168.77299999999997 29
2160.0 1228.228 16 3000.0 -840.0 74 -53 223.56999999999996 130.921 84
4000.0 519.0640000000003 18 4410.0 -410.0 47 -93 199.746 185.924 41
4910.0 586.8079999999999 24 5100.0 -190.0 38 -83 289.85799999999995 234.71199999999996 19
4935.0 496.12199999999996 16 5160.0 -225.0 37 -77 215.711 229.47799999999992 15
5220.0 515.6419999999998 19 5430.0 -210.0 35 -80 229.30399999999995 235.83399999999995 14
5040.0 577.754 19 5190.0 -270.0 55 -81 263.147 246.73999999999995 27
3810.0 505.654 21 4260.0 -550.0 97 -74 201.33000000000004 187.926 55
3720.0 494.57099999999997 18 4140.0 -480.0 62 -73 213.99099999999993 176.15999999999997 48
3680.0 481.77900000000005 21 4020.0 -340.0 31 -66 223.82899999999998 185.949 34
2790.0 1551.7579999999987 14 3600.0 -810.0 54 -70 172.04999999999998 135.724 81
4390.0 493.5760000000001 21 4770.0 -460.0 93 -69 222.41499999999996 201.07199999999995 46
3910.0 504.415 14 4170.0 -260.0 52 -76 207.29 163.636 26
4110.0 467.84499999999997 21 4470.0 -360.0 61 -80 200.55699999999996 180.38699999999997 36
5440.0 551.5809999999999 21 5700.0 -260.0 52 -95 245.20899999999997 227.72499999999994 26
4650.0 492.82800000000003 17 4800.0 -150.0 30 -78 221.60000000000002 199.27299999999997 15
5210.0 526.5949999999999 21 5490.0 -280.0 56 -88 227.45599999999996 211.93200000000002 28
3810.0 517.333 17 4500.0 -760.0 84 -70 195.17300000000003 187.21199999999993 69
3600.0 392.2739999999999 14 3930.0 -360.0 51 -55 174.93299999999996 170.89599999999996 36
3930.0 472.27499999999986 18 4170.0 -240.0 48 -77 185.77000000000004 193.57900000000004 24
5120.0 584.6839999999999 21 5400.0 -280.0 48 -110 188.22600000000006 239.80799999999996 21
4610.0 467.336 18 4920.0 -310.0 62 -84 200.004 189.21799999999996 31
6100.0 576.9830000000001 15 6360.0 -260.0 52 -104 192.575 247.2779999999999 26
3375.0 509.40099999999995 18 3600.0 -225.0 37 -72 230.08300000000003 180.77199999999996 15
4665.0 364.10699999999986 19 4860.0 -195.0 32 -66 157.90599999999998 170.68399999999997 13
4600.0 469.6529999999998 21 4800.0 -300.0 60 -69 226.83999999999997 194.298 30
2445.0 280.03499999999997 11 2640.0 -195.0 32 -52 111.28399999999999 109.71399999999998 13
3500.0 507.96200000000005 18 3690.0 -190.0 38 -71 233.607 165.35999999999999 19
4740.0 519.8209999999999 20 4890.0 -150.0 30 -83 210.90699999999995 221.87299999999996 15
4860.0 520.5289999999999 20 5130.0 -270.0 49 -89 224.37700000000007 197.46599999999995 27
4640.0 565.6250000000001 19 4860.0 -220.0 36 -83 255.09900000000005 218.424 22
3420.0 504.76899999999983 17 3840.0 -420.0 37 -81 213.858 159.20899999999997 42
4965.0 536.772 21 5220.0 -255.0 42 -85 231.08999999999997 223.23700000000002 17
5200.0 542.5790000000001 24 5460.0 -260.0 50 -79 240.09299999999993 238.23799999999997 29
4160.0 421.866 19 4350.0 -190.0 38 -67 189.74599999999998 186.765 19
3905.0 543.1250000000001 20 4200.0 -295.0 54 -84 239.86399999999995 184.87799999999996 25
4740.0 528.255 15 4980.0 -240.0 47 -90 206.49699999999999 219.45799999999994 23
4660.0 550.549 18 5070.0 -460.0 73 -88 211.12199999999996 215.81399999999994 46
4750.0 546.4579999999999 18 5040.0 -290.0 58 -97 216.65299999999996 192.55599999999998 29
4740.0 514.3190000000002 16 4920.0 -180.0 36 -76 201.82799999999995 214.838 18
3420.0 452.666 18 3690.0 -270.0 45 -59 213.09900000000005 164.09199999999998 18
4950.0 520.069 19 5220.0 -270.0 54 -102 182.46799999999996 188.99899999999997 27
3460.0 402.8259999999999 17 3780.0 -420.0 85 -58 199.65600000000003 156.74099999999999 42
4740.0 509.02999999999986 20 5010.0 -270.0 40 -71 249.65299999999993 217.272 27
4430.0 589.0099999999999 13 4710.0 -280.0 47 -86 234.219 222.22599999999994 28
3690.0 441.32400000000007 16 3930.0 -240.0 48 -77 171.795 173.386 24
4380.0 564.2689999999999 18 5010.0 -650.0 101 -89 232.338 206.52599999999998 57
3870.0 479.2689999999999 20 4140.0 -270.0 46 -83 204.10199999999998 173.42499999999998 27
5140.0 583.0609999999998 20 5370.0 -440.0 65 -86 292.38399999999996 226.57300000000004 44
5020.0 563.6539999999998 17 5400.0 -380.0 65 -93 207.795 238.48099999999994 38
5520.0 511.03399999999993 23 5670.0 -150.0 30 -79 233.16699999999997 241.69200000000004 15
4970.0 530.022 21 5280.0 -310.0 41 -95 191.683 198.17700000000002 31
5725.0 571.6729999999999 24 6030.0 -305.0 54 -94 246.438 252.0889999999999 24
5060.0 514.2419999999998 18 5250.0 -190.0 38 -94 169.323 222.38299999999992 19
4090.0 450.76499999999993 19 4350.0 -260.0 52 -67 217.595 167.699 26
4570.0 610.6169999999997 18 5340.0 -860.0 93 -84 222.346 234.21199999999996 79
4440.0 597.949 22 5280.0 -960.0 95 -91 225.00300000000001 229.43499999999995 96
3160.0 994.1939999999998 19 3690.0 -530.0 32 -57 200.675 158.617 53
4230.0 437.1319999999999 19 4410.0 -180.0 31 -67 207.93300000000005 177.994 18
4330.0 494.8659999999998 19 4590.0 -260.0 53 -75 196.32 205.22199999999992 26
3145.0 373.7589999999999 14 3390.0 -245.0 38 -55 178.09299999999996 132.21400000000003 21
5050.0 567.9439999999998 27 5250.0 -320.0 61 -90 254.53299999999993 231.912 28
4335.0 481.18899999999996 17 4590.0 -255.0 42 -87 182.79499999999996 194.259 17
5560.0 604.191 15 5820.0 -500.0 93 -97 237.60399999999993 256.57799999999986 42
2820.0 382.8920000000001 16 3030.0 -350.0 63 -54 162.83499999999998 130.67999999999998 28
4950.0 515.918 19 5190.0 -300.0 55 -79 230.40699999999995 221.27999999999994 25
6050.0 528.813 21 6300.0 -250.0 40 -93 223.69999999999996 221.456 25
6000.0 636.7439999999998 21 6330.0 -330.0 58 -100 259.089 255.61299999999994 26
5230.0 655.7409999999998 20 5580.0 -350.0 65 -112 250.132 218.97800000000004 39
3580.0 480.7739999999998 15 4050.0 -550.0 63 -72 191.18499999999997 179.727 50
5020.0 540.0329999999998 22 5220.0 -360.0 73 -73 244.88 232.642 36
3800.0 382.865 19 4050.0 -250.0 50 -59 178.27399999999997 154.94699999999995 25
5000.0 426.6599999999998 15 5220.0 -220.0 40 -88 128.543 203.683 22
4850.0 464.178 20 5160.0 -310.0 63 -86 178.90200000000002 189.78299999999993 31
5745.0 543.8140000000001 27 5940.0 -195.0 32 -92 229.1809999999999 246.6749999999999 13
4520.0 593.58 16 4800.0 -370.0 81 -99 213.472 203.30599999999998 27
5380.0 487.63699999999994 21 5850.0 -470.0 60 -93 200.25099999999998 197.43999999999994 47
5225.0 520.0189999999999 18 5520.0 -295.0 52 -85 227.82999999999998 233.46099999999993 23
5370.0 592.7539999999999 18 5550.0 -260.0 52 -91 266.513 231.06199999999998 26
5650.0 748.3450000000003 24 6090.0 -440.0 65 -103 354.40799999999996 293.41999999999996 44
3370.0 417.0549999999999 17 3570.0 -200.0 40 -80 151.168 166.27500000000003 20
4830.0 468.99899999999985 15 4980.0 -150.0 30 -75 205.64299999999997 210.62199999999996 15
4870.0 502.3769999999999 18 5220.0 -360.0 68 -76 203.55999999999997 214.265 36
3370.0 421.153 16 3630.0 -260.0 48 -83 154.188 157.49399999999997 30
3440.0 562.702 19 3750.0 -310.0 62 -82 234.12199999999993 181.03500000000003 31
4730.0 528.7089999999998 20 5190.0 -500.0 62 -70 254.55099999999996 229.30199999999994 50
3765.0 515.6759999999999 20 4080.0 -315.0 45 -85 220.009 187.309 24
5010.0 543.562 21 5160.0 -150.0 30 -70 252.12500000000003 226.07899999999995 15
3465.0 421.53399999999993 21 3690.0 -225.0 37 -62 213.864 151.06399999999994 15
4680.0 438.7699999999999 16 4890.0 -210.0 34 -86 148.24099999999999 198.73399999999992 14
4190.0 438.60099999999983 17 4440.0 -250.0 50 -77 141.76100000000002 196.148 25
5370.0 634.5780000000001 20 5820.0 -490.0 84 -103 271.348 232.98499999999996 72
4550.0 505.1309999999999 20 4920.0 -370.0 58 -75 238.271 204.85799999999998 32
4935.0 653.48 16 5280.0 -345.0 53 -96 218.15599999999995 228.16599999999994 38
5070.0 596.4240000000001 21 5430.0 -380.0 76 -95 249.09999999999997 216.475 38
4180.0 428.25999999999993 19 4350.0 -170.0 34 -69 190.55699999999996 192.299 17
3830.0 422.999 17 3990.0 -160.0 32 -60 178.37999999999994 181.039 16
4190.0 521.8729999999999 17 4620.0 -440.0 83 -85 173.63599999999997 201.77299999999997 44
3460.0 632.5110000000002 14 4620.0 -1160.0 103 -74 151.07999999999996 181.428 116
3930.0 393.74999999999994 16 4080.0 -150.0 30 -73 149.72099999999998 163.961 15
4010.0 470.71700000000004 18 4440.0 -430.0 39 -72 188.16599999999997 191.77699999999993 43
6730.0 527.4749999999998 17 7080.0 -350.0 71 -90 235.868 216.6759999999999 35
3240.0 404.3859999999999 15 3480.0 -240.0 48 -70 183.131 144.891 24
3910.0 420.787 13 4200.0 -290.0 58 -84 133.40099999999998 151.34399999999997 29
4150.0 458.00999999999976 18 4590.0 -510.0 96 -74 164.117 191.0049999999999 51
3920.0 1841.9550000000008 16 5070.0 -1240.0 123 -100 244.97599999999997 207.84099999999998 124
5050.0 654.824 14 5430.0 -380.0 53 -107 236.98499999999996 246.708 46
3640.0 432.63 15 3840.0 -200.0 34 -60 193.62399999999994 177.30299999999997 20
4220.0 491.005 17 4530.0 -310.0 56 -79 188.847 201.691 25
4970.0 591.9189999999999 18 5250.0 -280.0 50 -104 237.14699999999996 232.63299999999998 22
4690.0 435.624 19 4830.0 -140.0 28 -80 177.151 192.536 14
4830.0 484.061 17 5040.0 -210.0 42 -81 176.23299999999998 221.69399999999996 21
5255.0 604.8560000000001 21 5640.0 -490.0 95 -83 252.97399999999996 226.78300000000002 43
3360.0 402.39 14 3660.0 -300.0 56 -62 169.14999999999995 162.25699999999998 30
5460.0 550.6649999999998 22 5730.0 -270.0 54 -101 211.76899999999995 239.51799999999994 27
4345.0 578.9619999999999 15 4620.0 -515.0 90 -93 226.34299999999993 210.52599999999995 56
4180.0 573.5489999999999 22 4740.0 -560.0 50 -81 257.78299999999996 203.391 56
4480.0 634.8309999999997 21 4830.0 -350.0 61 -112 261.69800000000004 206.21599999999998 35
4220.0 475.908 18 4470.0 -250.0 50 -75 190.786 204.69499999999996 25
5070.0 572.5150000000001 20 5220.0 -150.0 30 -88 266.284 231.89800000000002 15
4420.0 508.67599999999993 20 4680.0 -260.0 43 -79 210.71799999999993 189.792 26
3280.0 425.64999999999986 12 3510.0 -230.0 46 -84 118.05199999999999 155.95799999999997 23
3980.0 458.3629999999999 19 4140.0 -160.0 32 -64 210.282 188.65399999999994 16
2660.0 437.33500000000004 14 2910.0 -250.0 36 -49 187.51099999999997 136.65499999999997 18
5070.0 601.5430000000001 23 5280.0 -210.0 42 -92 268.31 225.67299999999997 21
3660.0 448.0139999999998 18 3930.0 -270.0 54 -66 168.105 166.52699999999996 27
4300.0 484.51099999999997 18 4530.0 -230.0 43 -72 216.863 194.76499999999993 26
5310.0 474.22499999999997 22 5640.0 -330.0 56 -72 216.03499999999994 230.48699999999997 33
4910.0 507.63700000000017 18 5190.0 -280.0 42 -87 180.64300000000003 199.51999999999998 32
4610.0 608.7990000000001 20 5220.0 -610.0 117 -98 237.68699999999998 247.13799999999992 61
4675.0 510.8809999999999 18 4980.0 -305.0 57 -89 211.27099999999996 193.84099999999998 27
3590.0 450.83299999999986 11 3870.0 -280.0 49 -84 152.65599999999998 157.268 28
4545.0 455.4599999999999 15 4770.0 -245.0 41 -69 186.82799999999995 201.86399999999995 17
4185.0 416.44499999999994 18 4440.0 -255.0 44 -69 188.90299999999996 163.04299999999998 19
5380.0 561.298 17 5640.0 -320.0 66 -91 239.092 227.40999999999994 30
5660.0 547.7149999999998 18 5820.0 -160.0 32 -75 273.76499999999993 248.631 16
3600.0 393.754 20 3960.0 -400.0 59 -66 177.39999999999995 156.129 40
5100.0 642.4610000000002 18 5370.0 -270.0 54 -107 272.7809999999999 239.521 27
3560.0 446.9199999999999 20 3870.0 -330.0 67 -76 174.76999999999998 164.96799999999996 33
3780.0 509.06999999999994 17 4020.0 -240.0 48 -91 191.294 193.053 24
4705.0 518.5989999999999 22 4920.0 -215.0 36 -84 235.35999999999996 205.35099999999994 15
2570.0 313.574 18 2730.0 -360.0 50 -49 134.73299999999995 113.47499999999998 36
4840.0 554.264 17 5160.0 -320.0 64 -85 222.73899999999998 216.89499999999995 32
3960.0 428.42499999999995 19 4320.0 -360.0 52 -70 183.33799999999997 175.568 36
5040.0 552.2840000000001 23 5340.0 -300.0 60 -84 243.34400000000002 218.87399999999997 30
3175.0 420.32499999999993 18 3480.0 -305.0 41 -60 190.777 155.73999999999998 24
4350.0 486.2459999999999 18 4560.0 -210.0 34 -78 189.62800000000001 196.18599999999995 14
4460.0 420.681 17 4650.0 -190.0 35 -72 149.13700000000003 178.83 19
4970.0 577.1510000000003 18 5370.0 -520.0 87 -91 234.75 219.90899999999993 52
4510.0 477.23199999999986 18 4650.0 -140.0 28 -70 229.7219999999999 193.444 14
3350.0 443.18000000000006 17 3840.0 -520.0 71 -72 184.829 170.70699999999994 45
6100.0 542.159 16 6720.0 -620.0 79 -115 177.15499999999997 194.69699999999997 58
3630.0 439.339 18 3840.0 -210.0 42 -57 189.98199999999997 179.25399999999996 21
5140.0 607.7999999999997 18 5310.0 -170.0 34 -78 291.1679999999999 244.87299999999996 17
4415.0 469.0629999999999 18 4860.0 -455.0 77 -74 211.9749999999999 207.035 38
4905.0 634.5029999999997 21 5280.0 -375.0 48 -89 265.895 229.17000000000004 31
4380.0 647.3940000000001 18 4950.0 -570.0 63 -96 253.16999999999993 207.893 57
3140.0 332.40799999999996 15 3420.0 -290.0 52 -52 130.842 148.834 23
4230.0 562.39 24 4440.0 -290.0 58 -78 270.35599999999994 200.507 29
3240.0 498.283 15 3570.0 -330.0 32 -74 216.59099999999995 162.874 33
4990.0 636.0509999999999 23 5490.0 -500.0 71 -94 275.02299999999997 260.50899999999996 43
3010.0 1073.4429999999993 12 4020.0 -1010.0 93 -73 176.62199999999996 174.07000000000002 101
3530.0 447.1689999999999 19 3690.0 -160.0 32 -69 195.885 164.72699999999995 16
5780.0 633.465 25 6120.0 -340.0 61 -86 285.5569999999999 261.83599999999996 34
4800.0 582.5769999999999 16 5100.0 -300.0 61 -103 231.97599999999994 205.411 30
5080.0 525.8199999999997 18 5370.0 -290.0 58 -90 236.83699999999996 187.41299999999998 29
4300.0 384.163 16 4470.0 -170.0 34 -78 137.12599999999998 165.179 17
5040.0 509.12600000000003 20 5160.0 -120.0 24 -81 232.66699999999994 210.84699999999992 12
5520.0 554.6600000000001 21 5790.0 -270.0 54 -94 231.84799999999998 232.47399999999996 27
5100.0 541.7189999999999 16 5640.0 -590.0 77 -97 198.05199999999996 199.25999999999993 59
3755.0 456.30000000000007 16 3960.0 -205.0 38 -68 182.23899999999995 176.857 23
4220.0 641.3159999999998 21 4560.0 -340.0 49 -83 263.22799999999995 242.415 36
3630.0 387.3099999999998 17 3840.0 -210.0 34 -64 185.97699999999995 148.406 14
5230.0 582.087 20 5460.0 -230.0 46 -81 277.6949999999999 232.59199999999996 23
4025.0 473.46599999999995 25 4350.0 -335.0 58 -67 203.27999999999994 200.572 26
4185.0 552.8539999999998 20 4620.0 -455.0 72 -85 241.88599999999994 202.173 39
3940.0 509.7780000000001 20 4230.0 -290.0 58 -77 183.684 189.01399999999995 29
3085.0 591.204 19 3390.0 -305.0 34 -56 173.62299999999996 150.94699999999997 61
3820.0 473.391 18 4200.0 -380.0 36 -76 212.91099999999994 177.08899999999997 38
5080.0 523.4100000000001 21 5340.0 -260.0 52 -70 258.42699999999996 229.11299999999994 26
3130.0 465.57999999999987 13 3390.0 -260.0 52 -71 176.26799999999997 162.14699999999996 26
4200.0 558.7280000000001 19 4710.0 -510.0 61 -89 233.13500000000002 208.199 51
3420.0 426.55499999999995 14 3660.0 -240.0 48 -72 155.57299999999998 170.27199999999996 24
4140.0 432.08700000000005 16 4380.0 -240.0 38 -66 189.10200000000003 193.254 24
3785.0 400.1599999999999 20 4140.0 -395.0 49 -60 170.40599999999998 167.343 33
5815.0 754.2679999999999 21 6270.0 -455.0 59 -93 264.79699999999997 231.65199999999993 43
4830.0 574.5880000000001 16 5160.0 -330.0 44 -85 198.646 223.182 46
3115.0 585.1909999999999 17 4020.0 -905.0 88 -70 204.37899999999996 174.353 92
4170.0 438.191 16 4410.0 -240.0 38 -71 170.23700000000002 183.964 33
5820.0 678.782 22 6210.0 -390.0 62 -102 289.6999999999999 257.439 39
4125.0 431.14300000000003 17 4320.0 -195.0 32 -59 200.22 195.33099999999996 13
4520.0 538.5579999999999 18 4740.0 -220.0 44 -87 237.789 200.83399999999995 22
3750.0 433.032 17 3900.0 -570.0 68 -64 198.89999999999998 169.26300000000003 57
4155.0 483.6689999999998 17 4410.0 -255.0 37 -77 221.469 189.22399999999993 19
3385.0 390.348 18 3750.0 -375.0 68 -61 167.078 156.245 30
3580.0 396.70200000000006 18 3960.0 -500.0 70 -68 171.201 157.587 50
5860.0 493.46999999999997 15 6240.0 -380.0 73 -102 174.71800000000002 177.196 38
3150.0 395.102 19 3420.0 -350.0 58 -65 149.76599999999996 156.37600000000003 30
5470.0 542.4619999999999 22 5760.0 -290.0 52 -82 198.22599999999997 242.248 29
3980.0 431.89099999999996 16 4170.0 -190.0 30 -66 205.349 177.98799999999997 19
4060.0 507.91599999999994 19 4410.0 -390.0 60 -80 224.999 195.09499999999997 39
3900.0 379.885 15 4050.0 -150.0 30 -62 157.22499999999997 170.903 15
3870.0 469.61000000000007 17 4080.0 -210.0 42 -79 184.34999999999997 167.06699999999995 21
4680.0 652.1819999999998 22 5010.0 -330.0 60 -94 287.441 233.00399999999996 33
4080.0 522.4889999999999 19 4380.0 -300.0 54 -98 178.51399999999998 193.35099999999994 24
3140.0 414.0199999999998 16 3600.0 -480.0 71 -73 136.77699999999996 159.795 48
5710.0 633.64 25 5940.0 -230.0 46 -96 289.28399999999993 253.82899999999995 23
4350.0 445.421 18 4500.0 -150.0 30 -65 202.671 196.63799999999998 15
4330.0 477.1659999999999 22 4650.0 -330.0 67 -68 217.50799999999998 213.84799999999998 33
3820.0 458.3269999999998 18 4140.0 -320.0 64 -89 168.69299999999998 166.33299999999997 32
5495.0 584.1149999999999 21 5790.0 -385.0 70 -98 252.49500000000003 239.17499999999995 32
3260.0 348.6969999999998 18 3450.0 -190.0 33 -48 170.08499999999998 151.857 19
5040.0 1077.6459999999997 20 5640.0 -600.0 63 -94 293.32699999999994 255.11399999999995 60
5280.0 588.4739999999998 22 5520.0 -240.0 48 -98 259.81 223.93399999999997 24
4630.0 512.5129999999999 21 4800.0 -170.0 34 -77 234.25300000000001 213.66299999999998 17
5150.0 537.8769999999998 22 5370.0 -220.0 44 -77 259.83599999999996 214.166 22
4670.0 552.0200000000001 17 5100.0 -490.0 65 -67 218.16099999999997 213.427 49
3390.0 416.2299999999999 19 3660.0 -310.0 46 -61 169.46499999999995 161.074 31
4915.0 617.5590000000001 17 5580.0 -665.0 68 -81 188.08199999999997 219.90399999999997 104
3970.0 470.31299999999993 19 4140.0 -170.0 34 -68 209.19 189.02399999999997 17
4180.0 508.5119999999998 17 4440.0 -260.0 44 -71 207.42499999999993 205.40399999999997 19
3135.0 399.7199999999999 19 3390.0 -255.0 37 -70 181.54999999999998 142.12900000000002 19
5660.0 673.9970000000001 22 5970.0 -310.0 45 -98 283.06899999999996 288.05199999999996 31
3270.0 419.2629999999999 21 3630.0 -375.0 62 -65 197.13 158.44299999999996 25
4440.0 528.474 20 4680.0 -240.0 39 -78 231.24399999999994 216.4179999999999 16
3600.0 432.71099999999996 19 3750.0 -150.0 30 -66 187.78099999999995 164.05399999999997 15
2560.0 361.38700000000017 15 2760.0 -200.0 41 -55 155.896 134.87499999999997 20
4950.0 551.287 21 5190.0 -240.0 48 -84 243.88000000000005 213.50899999999996 24
4280.0 1734.6539999999989 17 5340.0 -1060.0 103 -85 224.43499999999997 242.7109999999999 99
3530.0 498.681 20 3960.0 -430.0 38 -71 215.57399999999998 177.43099999999998 43
4590.0 473.89899999999994 20 4800.0 -210.0 35 -70 219.93399999999997 212.96499999999997 14
5330.0 665.5539999999999 22 5580.0 -250.0 42 -92 304.28600000000006 266.32599999999996 25
4950.0 522.566 22 5340.0 -400.0 82 -90 212.64099999999996 212.14299999999994 40
5655.0 588.4209999999999 22 6090.0 -435.0 80 -103 242.556 242.07099999999994 37
3650.0 451.594 19 3930.0 -290.0 52 -64 211.03900000000002 180.35599999999997 23
5540.0 511.24899999999985 16 5880.0 -420.0 84 -96 154.705 188.931 42
2520.0 441.53400000000005 11 2940.0 -420.0 55 -69 133.708 130.524 42
5055.0 566.905 22 5250.0 -195.0 32 -77 277.34399999999994 228.62899999999996 13
4470.0 588.7339999999998 19 4800.0 -330.0 55 -90 227.24299999999988 211.23299999999995 33
4690.0 538.1279999999999 19 5070.0 -540.0 99 -82 214.21200000000002 216.4339999999999 47
4030.0 511.8209999999999 19 4410.0 -530.0 86 -93 171.69699999999997 175.77999999999992 48
4280.0 447.56800000000004 18 4500.0 -220.0 37 -70 181.63199999999995 199.68499999999995 28
4970.0 622.4079999999999 19 5880.0 -910.0 69 -88 253.7369999999999 230.84699999999998 157
3720.0 467.47799999999984 18 3960.0 -240.0 48 -84 168.431 186.296 24
5145.0 535.3929999999999 22 5400.0 -255.0 42 -86 220.96599999999998 243.44299999999996 17
4710.0 497.1659999999999 19 5040.0 -490.0 80 -82 212.088 212.78399999999996 49
4760.0 506.92799999999994 18 4920.0 -160.0 32 -85 204.656 209.40299999999993 16
4480.0 533.8559999999999 20 4980.0 -540.0 90 -82 233.46099999999998 201.02199999999996 54
5720.0 641.475 17 6240.0 -570.0 87 -108 234.08199999999997 235.28199999999998 57
5055.0 524.112 15 5280.0 -225.0 40 -85 211.36899999999994 206.70699999999994 26
4080.0 389.3529999999999 18 4200.0 -120.0 24 -77 150.42299999999997 166.60999999999999 12
2760.0 367.28899999999993 18 2910.0 -150.0 30 -50 172.165 132.56 15
3980.0 429.108 17 4290.0 -310.0 28 -66 188.75199999999995 173.58199999999997 31
3410.0 471.1919999999999 19 3720.0 -370.0 68 -90 195.53200000000004 153.126 31
4170.0 450.96999999999997 15 4380.0 -210.0 42 -75 171.44099999999997 195.798 21
3790.0 484.01900000000006 18 3990.0 -200.0 37 -70 206.79999999999995 176.38299999999998 20
4250.0 546.8 23 4650.0 -400.0 38 -85 226.48199999999997 203.137 40
5655.0 562.652 21 5940.0 -285.0 40 -92 251.10399999999996 237.1179999999999 22
4530.0 607.2779999999999 19 4800.0 -270.0 54 -87 261.03899999999993 219.28900000000002 27
3940.0 501.3980000000001 21 4110.0 -170.0 31 -72 239.74200000000002 184.89199999999997 19
3625.0 687.6669999999998 20 3990.0 -405.0 54 -70 229.35 177.45099999999996 71
3725.0 416.1529999999999 16 4020.0 -295.0 43 -73 145.955 169.82799999999997 29
3400.0 398.241 20 3630.0 -230.0 46 -60 176.46499999999995 158.846 23
4780.0 424.32900000000006 20 4980.0 -200.0 41 -62 220.66199999999995 189.16299999999998 20
4410.0 576.6599999999997 20 4770.0 -370.0 73 -90 203.13 212.99099999999996 38
4320.0 464.025 17 4530.0 -210.0 35 -63 226.72100000000003 202.454 14
3700.0 582.391 15 3960.0 -260.0 52 -81 212.05699999999996 205.211 26
4090.0 526.0959999999998 18 4380.0 -290.0 53 -83 216.86199999999997 189.767 29
3830.0 482.8639999999999 14 4080.0 -250.0 50 -82 174.02999999999997 184.135 25
3860.0 459.08900000000006 19 4080.0 -220.0 37 -72 210.726 162.99099999999996 22
2520.0 264.878 11 2700.0 -180.0 30 -52 92.91299999999998 106.26599999999999 12
3965.0 377.75800000000004 17 4200.0 -275.0 47 -61 147.85 167.92 36
3825.0 730.7200000000001 18 4230.0 -405.0 58 -89 179.57200000000003 192.10399999999998 56
3800.0 460.71799999999973 17 4110.0 -400.0 72 -78 195.93599999999995 157.24599999999998 37
4090.0 521.0059999999999 16 4350.0 -260.0 52 -79 221.76299999999998 197.10799999999998 26
3880.0 433.02900000000005 14 4110.0 -230.0 41 -72 149.94399999999993 179.12599999999992 23
4140.0 462.88499999999993 19 4290.0 -150.0 30 -65 238.48299999999995 172.13199999999992 15
3770.0 434.69500000000005 18 3930.0 -160.0 32 -61 204.37599999999992 166.538 16
3890.0 454.40999999999997 18 4110.0 -220.0 44 -72 176.10399999999998 180.802 22
6350.0 666.4609999999999 23 6630.0 -280.0 56 -92 321.2619999999999 288.68100000000004 28
2810.0 347.99500000000006 16 2970.0 -160.0 32 -55 135.363 141.28799999999998 16
5480.0 649.1149999999999 15 5850.0 -370.0 74 -112 205.57499999999996 254.953 37
4790.0 526.0299999999997 19 5070.0 -280.0 56 -83 213.5439999999999 215.10799999999995 28
4290.0 488.92999999999995 20 4530.0 -240.0 48 -75 211.07299999999995 195.63299999999998 24
4280.0 517.001 18 4560.0 -280.0 56 -87 207.42199999999997 200.814 28
4050.0 472.9349999999999 20 4260.0 -210.0 35 -74 203.51499999999996 202.98199999999997 14
6985.0 491.838 17 7320.0 -335.0 61 -108 220.98399999999995 157.091 27
3240.0 314.9049999999999 17 3420.0 -180.0 30 -53 135.13999999999996 144.06099999999998 12
5070.0 592.2009999999999 18 5400.0 -330.0 66 -98 218.79899999999998 229.24999999999994 33
4520.0 523.3369999999999 15 4740.0 -220.0 37 -82 203.163 204.46399999999994 22
4170.0 512.9669999999999 18 4440.0 -270.0 54 -77 208.32599999999996 191.52599999999995 27
4270.0 491.8339999999999 20 4560.0 -335.0 50 -77 201.41799999999998 195.49999999999994 33
4035.0 1112.7869999999998 15 4620.0 -585.0 70 -77 223.18399999999994 211.73999999999995 60
6080.0 601.0289999999998 25 6270.0 -190.0 38 -92 264.584 276.049 19
5180.0 553.8040000000001 21 5490.0 -330.0 66 -89 245.86799999999997 221.33899999999994 33
4390.0 526.0919999999999 18 4710.0 -440.0 67 -92 224.396 198.07999999999993 44
3850.0 451.789 17 4320.0 -470.0 95 -71 183.79399999999998 185.31599999999995 47
4080.0 465.24099999999993 17 4230.0 -150.0 30 -79 195.26000000000002 184.58499999999998 15
6350.0 617.979 17 6540.0 -190.0 38 -97 254.91699999999997 272.23699999999997 19
4060.0 511.7560000000001 15 4260.0 -200.0 35 -71 210.77200000000002 181.70499999999998 20
4585.0 520.5849999999998 21 4920.0 -335.0 49 -84 216.605 217.74 27
3540.0 401.32699999999994 16 3690.0 -150.0 30 -62 166.88299999999998 172.926 15
3710.0 541.344 19 4320.0 -610.0 68 -76 232.47899999999996 183.44400000000002 68
4860.0 505.12899999999985 18 5190.0 -330.0 48 -87 224.58799999999997 210.446 33
3850.0 423.54 19 4050.0 -300.0 61 -65 196.93099999999998 165.35699999999997 30
3735.0 610.7059999999999 13 4140.0 -405.0 43 -67 152.43499999999997 145.65099999999998 71
3830.0 406.14099999999996 16 4230.0 -500.0 69 -67 182.971 163.569 50
3150.0 410.76200000000006 12 3300.0 -150.0 30 -62 171.238 150.70799999999997 15
5170.0 552.578 19 5460.0 -290.0 58 -97 220.57799999999997 229.41399999999996 29
5800.0 623.4249999999998 21 6360.0 -560.0 87 -100 250.11199999999994 259.68899999999996 56
4190.0 590.4119999999999 19 4530.0 -340.0 61 -83 262.443 202.62099999999992 34
4290.0 589.2059999999997 20 4620.0 -330.0 58 -87 266.171 208.146 33
5280.0 692.9409999999999 22 5520.0 -240.0 44 -102 341.055 233.29999999999998 24
3405.0 419.673 20 3690.0 -285.0 44 -65 184.58499999999998 166.009 22
3460.0 412.19 20 3720.0 -260.0 52 -62 163.315 163.833 26
4565.0 505.938 20 4830.0 -265.0 46 -86 217.38299999999998 193.57899999999998 20
5150.0 562.6419999999999 20 5340.0 -190.0 38 -80 267.4999999999999 237.90500000000003 19
4230.0 434.814 17 4380.0 -150.0 30 -56 204.972 202.22899999999996 15
3440.0 523.165 21 4020.0 -590.0 60 -66 216.31399999999996 184.04 59
4430.0 655.4689999999999 19 4890.0 -460.0 52 -84 227.44400000000002 203.33099999999996 46
4510.0 558.6840000000001 18 4920.0 -410.0 37 -94 208.08599999999998 210.45 41
4210.0 616.276 17 4650.0 -440.0 67 -90 255.22299999999998 210.11999999999995 44
4540.0 514.9149999999998 20 4860.0 -340.0 69 -82 192.43599999999995 222.02499999999992 34
3030.0 371.65 18 3240.0 -210.0 34 -60 154.62399999999997 148.90499999999997 14
4340.0 539.501 16 4620.0 -340.0 68 -112 132.487 186.62599999999995 34
5280.0 554.559 20 5700.0 -420.0 64 -90 227.401 242.83999999999997 42
5660.0 546.9119999999999 20 5970.0 -310.0 62 -95 228.921 236.57099999999997 31
4550.0 430.238 19 4830.0 -430.0 67 -70 175.82499999999996 201.95899999999997 43
4270.0 420.93899999999996 16 4530.0 -260.0 52 -82 168.16399999999996 168.61499999999998 26
4580.0 588.7230000000002 20 4890.0 -310.0 58 -89 242.387 203.101 31
5520.0 582.565 20 5790.0 -270.0 55 -95 232.12499999999997 257.53 27
5230.0 536.657 22 5460.0 -230.0 46 -89 224.70299999999995 231.85699999999997 23
4760.0 495.50999999999993 20 4950.0 -280.0 56 -75 219.95599999999996 215.11899999999994 28
5530.0 684.5959999999999 24 5820.0 -310.0 63 -88 301.00499999999994 271.1049999999999 31
3600.0 506.731 16 3900.0 -300.0 43 -72 240.50000000000003 164.16799999999995 30
5030.0 513.55 20 5220.0 -190.0 38 -78 230.49900000000005 223.70099999999996 19
4710.0 555.4709999999997 20 5100.0 -390.0 49 -92 204.376 214.63899999999998 39
4720.0 558.808 25 4980.0 -260.0 52 -90 266.5640000000001 200.19700000000003 26
4060.0 496.9309999999999 15 4560.0 -500.0 36 -73 226.84699999999995 207.58699999999993 50
4760.0 555.1359999999999 17 5100.0 -340.0 61 -91 198.21699999999998 222.62899999999988 36
4700.0 520.3859999999999 17 5100.0 -450.0 71 -84 211.86799999999997 215.44199999999995 45
4760.0 525.9730000000001 20 5070.0 -310.0 44 -77 207.894 223.027 24
4210.0 443.671 16 4440.0 -230.0 39 -77 158.496 186.188 23
4650.0 484.59999999999985 19 4860.0 -210.0 34 -76 193.35999999999996 212.39299999999997 14
4350.0 445.82099999999986 16 4560.0 -210.0 35 -75 170.11899999999997 207.50399999999996 14
3320.0 530.376 17 3780.0 -460.0 50 -76 225.994 169.99599999999995 46
4270.0 543.1659999999999 16 4500.0 -230.0 37 -83 213.25699999999995 187.377 23
3380.0 362.6689999999999 21 3720.0 -340.0 42 -59 160.22799999999998 150.93099999999995 34
4025.0 546.3729999999997 21 4380.0 -355.0 46 -87 248.36299999999994 194.937 29
4790.0 557.916 16 5100.0 -310.0 53 -85 228.9679999999999 225.24199999999993 31
4680.0 493.503 16 4920.0 -240.0 48 -69 200.42699999999996 214.832 24
4150.0 462.14999999999986 19 4290.0 -140.0 28 -64 220.57699999999994 195.27299999999997 14
4690.0 680.699 18 5130.0 -440.0 65 -105 235.58399999999995 231.70399999999998 44
3990.0 414.30799999999994 17 4200.0 -210.0 34 -72 160.95799999999997 186.999 14
4515.0 474.48700000000014 17 4950.0 -455.0 72 -82 171.58099999999996 219.02099999999996 39
4760.0 512.8660000000001 17 5040.0 -280.0 56 -95 216.19499999999996 162.735 28
4850.0 483.12899999999985 17 5010.0 -160.0 32 -73 217.487 223.18299999999994 16
3220.0 383.10699999999997 15 3420.0 -220.0 42 -56 161.409 154.831 22
3750.0 451.5199999999999 18 4110.0 -420.0 68 -67 188.09299999999996 170.035 42
3920.0 458.448 22 4170.0 -250.0 50 -67 203.01699999999997 186.301 25
3645.0 428.6519999999998 17 3840.0 -195.0 32 -75 172.45199999999994 167.66599999999997 13
4330.0 586.9919999999998 15 4590.0 -260.0 52 -89 251.244 223.62599999999998 26
4130.0 648.126 18 4770.0 -670.0 74 -73 230.098 231.03299999999987 67
3990.0 477.35400000000004 17 4260.0 -270.0 38 -77 208.011 182.75300000000001 20
3470.0 521.8909999999997 16 4260.0 -830.0 72 -80 192.696 186.527 83
4860.0 512.601 17 5010.0 -150.0 30 -78 213.125 243.258 15
4350.0 475.126 19 4530.0 -180.0 36 -73 210.42899999999997 205.32299999999995 18
4870.0 573.4899999999999 24 5190.0 -320.0 51 -69 276.529 258.933 32
4340.0 441.63100000000003 16 4530.0 -190.0 34 -77 189.07900000000006 167.298 19
5020.0 591.2110000000001 20 5250.0 -230.0 41 -83 254.34299999999996 247.52099999999996 23
3335.0 385.97399999999993 15 3630.0 -295.0 52 -62 172.20799999999997 156.666 23
4630.0 489.96 17 4800.0 -170.0 34 -79 193.88699999999997 221.672 17
5240.0 604.777 19 5760.0 -560.0 79 -107 228.23099999999994 237.89299999999994 56
4680.0 559.348 21 4920.0 -240.0 48 -84 248.85299999999995 232.768 24
4170.0 414.3779999999999 15 4380.0 -210.0 35 -74 174.56799999999996 152.89999999999998 14
3000.0 381.8049999999998 17 3180.0 -180.0 36 -69 166.40399999999997 139.15099999999995 18
3690.0 424.7580000000001 17 4050.0 -370.0 61 -62 215.17499999999993 153.62999999999994 29
5760.0 611.7930000000002 21 6030.0 -270.0 54 -104 250.06300000000005 253.31199999999995 27
4600.0 558.6139999999998 20 4770.0 -170.0 34 -86 265.93899999999996 190.493 17
4950.0 454.29699999999974 20 5160.0 -210.0 35 -81 190.29399999999998 201.076 21
4290.0 460.0209999999999 18 4440.0 -150.0 30 -81 179.373 204.51499999999993 15
5680.0 575.5859999999998 20 5910.0 -230.0 41 -93 240.22999999999993 238.255 23
3600.0 389.34499999999986 18 3810.0 -210.0 34 -57 185.62499999999997 150.33399999999997 18
3110.0 410.33599999999984 15 3510.0 -460.0 68 -67 164.739 148.08099999999996 46
4700.0 523.2339999999999 19 4950.0 -460.0 62 -81 236.92399999999998 207.528 46
5940.0 672.51 19 6150.0 -210.0 42 -102 310.947 273.5729999999999 21
4900.0 590.9770000000002 18 5220.0 -320.0 64 -109 223.50799999999992 212.65499999999997 32
4420.0 470.59299999999996 18 4560.0 -140.0 28 -73 215.96399999999997 196.704 14
3080.0 392.894 16 3450.0 -370.0 49 -59 169.915 159.27599999999998 37
6170.0 563.8589999999999 20 6540.0 -410.0 82 -107 197.50599999999994 247.19899999999996 41
3450.0 410.165 15 3660.0 -210.0 35 -57 207.53300000000002 159.665 14
4710.0 525.3179999999998 20 5010.0 -300.0 60 -87 192.066 199.52700000000002 30
3885.0 493.81399999999985 21 4170.0 -285.0 42 -85 214.45600000000002 185.84199999999996 21
5640.0 529.0830000000001 16 5880.0 -240.0 48 -92 207.33500000000004 228.30999999999997 24
4580.0 457.42499999999984 19 4830.0 -250.0 50 -80 198.04900000000004 185.85299999999998 25
4540.0 496.46100000000007 16 4800.0 -260.0 39 -84 180.949 223.93299999999996 26
4380.0 486.685 20 4530.0 -150.0 30 -71 208.88799999999992 205.86999999999998 15
4760.0 541.3100000000001 18 5040.0 -300.0 60 -89 217.15599999999998 213.675 30
3730.0 442.61399999999986 16 4050.0 -320.0 29 -63 201.45899999999997 173.79599999999996 32
5760.0 615.5299999999997 21 5970.0 -300.0 60 -94 252.23399999999992 263.752 30
5730.0 608.4830000000001 24 6180.0 -470.0 85 -121 250.96400000000006 215.01700000000005 47
4670.0 549.8489999999998 19 4950.0 -380.0 65 -75 245.77999999999992 222.30699999999996 38
4200.0 570.379 18 4530.0 -330.0 59 -93 219.64399999999995 187.81599999999997 33
4815.0 1277.9270000000004 21 5790.0 -975.0 110 -88 249.05400000000003 265.867 92
3880.0 500.751 14 4140.0 -380.0 70 -78 218.94299999999998 182.35999999999999 38
5610.0 516.8509999999998 16 5880.0 -270.0 55 -89 216.58299999999997 231.49299999999997 27
3340.0 408.44800000000004 16 3510.0 -170.0 34 -68 151.256 160.94399999999996 17
3190.0 384.5499999999998 18 3510.0 -330.0 67 -64 158.121 153.02499999999998 33
4390.0 507.303 23 4620.0 -230.0 38 -82 239.34700000000004 191.34100000000007 23
4220.0 845.4389999999997 14 5040.0 -820.0 54 -81 189.106 163.78300000000002 144
4200.0 479.44399999999996 20 4500.0 -300.0 44 -79 209.42200000000003 178.037 30
5820.0 678.3099999999998 22 6120.0 -300.0 57 -95 310.20799999999997 259.908 32
3075.0 367.974 17 3300.0 -225.0 37 -62 143.83599999999996 153.855 15
4680.0 502.84899999999993 17 5010.0 -330.0 30 -79 221.61199999999994 201.053 33
4660.0 634.284 16 4980.0 -320.0 64 -90 280.506 232.31699999999995 32
4255.0 502.5939999999999 22 4590.0 -335.0 53 -85 217.69899999999998 197.37099999999995 27
3460.0 513.949 17 3780.0 -380.0 53 -75 139.852 169.29500000000002 38
5895.0 729.2919999999999 22 6300.0 -405.0 105 -86 336.655 266.688 28
3690.0 442.323 16 3930.0 -240.0 48 -69 168.91400000000002 174.43399999999994 24
4720.0 484.3199999999998 22 4890.0 -170.0 34 -77 194.804 203.58899999999997 17
4090.0 429.273 22 4260.0 -170.0 34 -57 189.82599999999996 181.59499999999997 17
3245.0 434.3099999999999 16 3540.0 -295.0 41 -78 184.769 155.39999999999995 23
4720.0 514.6540000000001 17 4890.0 -170.0 34 -74 232.922 202.96499999999997 17
3840.0 496.80199999999996 20 4080.0 -240.0 48 -75 234.68099999999998 181.042 24
5100.0 581.966 21 5340.0 -240.0 40 -81 287.775 221.62999999999994 24
4340.0 544.473 19 4590.0 -250.0 50 -91 211.17899999999995 191.795 25
6230.0 730.4640000000003 16 6600.0 -370.0 53 -110 283.001 288.6689999999999 37
4215.0 381.50499999999994 12 4410.0 -195.0 34 -70 133.676 182.64000000000001 24
4040.0 498.826 16 4350.0 -310.0 56 -84 206.33799999999994 190.37099999999995 31
4560.0 602.2310000000002 14 4830.0 -270.0 43 -108 202.31499999999997 197.621 27
5010.0 586.4269999999998 20 5310.0 -300.0 60 -88 239.42899999999995 246.66 30
3895.0 726.5980000000001 20 4380.0 -525.0 78 -93 205.347 180.921 83
5210.0 602.857 21 5490.0 -280.0 56 -96 236.30399999999992 239.046 28
5730.0 584.902 22 5880.0 -150.0 30 -85 280.7699999999999 259.046 15
2960.0 1338.8849999999998 18 3660.0 -700.0 67 -75 202.39399999999992 145.78499999999997 70
5610.0 543.6379999999999 23 5760.0 -150.0 30 -79 243.451 258.5709999999999 15
3040.0 367.6729999999999 14 3270.0 -240.0 48 -57 149.95399999999998 133.70899999999997 24
3580.0 1667.1939999999997 16 4530.0 -950.0 88 -62 211.309 193.745 95
3630.0 572.7109999999999 20 3930.0 -320.0 56 -72 289.86299999999994 179.49099999999996 25
4640.0 585.247 18 5010.0 -370.0 65 -103 226.97199999999998 187.82299999999992 37
6040.0 601.98 22 6240.0 -200.0 40 -85 308.82800000000003 252.36399999999995 20
4430.0 516.1009999999999 19 4590.0 -160.0 32 -82 217.28699999999998 194.638 16
4630.0 617.9599999999998 20 4980.0 -390.0 78 -102 247.66699999999992 229.70699999999997 39
3160.0 1727.2709999999984 16 4380.0 -1220.0 86 -66 173.37699999999995 178.78199999999998 122
4620.0 534.924 20 4860.0 -240.0 48 -79 243.09 211.642 24
4080.0 513.6419999999998 19 4590.0 -510.0 59 -74 234.65299999999996 192.393 51
4830.0 516.341 21 5040.0 -210.0 35 -79 237.107 206.734 21
3790.0 433.96599999999984 20 4020.0 -230.0 40 -60 204.06499999999994 178.49999999999997 23
3045.0 374.0069999999999 14 3240.0 -195.0 32 -61 153.14599999999996 153.85299999999998 13
5620.0 596.4509999999999 18 5850.0 -230.0 35 -82 272.491 257.35900000000004 23
4930.0 552.7929999999999 18 5280.0 -370.0 68 -97 222.498 217.11499999999998 31
5140.0 505.18699999999995 17 5430.0 -290.0 58 -88 218.8599999999999 210.281 29
6200.0 626.0359999999998 19 6660.0 -560.0 94 -109 202.151 277.01699999999994 56
3480.0 439.74299999999994 16 3690.0 -210.0 42 -78 171.174 149.86399999999998 21
4480.0 513.5959999999999 21 4710.0 -230.0 46 -72 251.41999999999996 203.52800000000002 23
2900.0 1471.1959999999997 15 4050.0 -1150.0 100 -73 155.63699999999997 165.01199999999994 115
5260.0 617.0419999999999 25 5520.0 -380.0 77 -78 304.829 250.74899999999997 38
2260.0 390.3009999999999 16 2820.0 -620.0 55 -48 189.46500000000003 138.178 62
3770.0 448.7419999999999 16 4290.0 -540.0 74 -76 147.40599999999998 198.462 54
2950.0 414.35999999999996 9 3420.0 -470.0 64 -71 121.65499999999999 136.76899999999998 57
6215.0 696.0079999999999 21 6660.0 -485.0 92 -105 291.358 274.953 43
4520.0 487.06699999999984 20 4830.0 -400.0 68 -88 190.07099999999997 191.384 33
4830.0 1023.6439999999996 16 6030.0 -1200.0 64 -102 180.06999999999996 213.62399999999994 210
4410.0 525.5889999999998 22 4650.0 -240.0 43 -78 224.068 196.93799999999996 24
4480.0 511.2030000000001 14 5040.0 -560.0 79 -106 173.26099999999997 167.462 56
6220.0 627.6210000000002 21 6690.0 -480.0 97 -105 247.16 243.65899999999993 48
3325.0 629.9159999999999 16 3720.0 -395.0 52 -69 185.071 141.93800000000002 70
4870.0 499.4139999999999 19 5040.0 -170.0 34 -79 213.755 233.01899999999998 17
5350.0 607.5479999999997 18 5730.0 -380.0 59 -112 216.51900000000003 224.16100000000006 38
3350.0 442.172 15 3510.0 -160.0 27 -72 180.415 176.807 16
2055.0 1045.2290000000003 15 2970.0 -915.0 79 -51 178.959 127.81500000000003 85
4365.0 529.5559999999998 21 4740.0 -375.0 50 -85 223.18 205.164 30
4185.0 501.75499999999994 19 4380.0 -475.0 57 -71 235.65100000000004 206.953 41
2880.0 337.1109999999999 17 3090.0 -210.0 43 -56 137.66599999999997 128.24099999999999 21
3800.0 450.75699999999995 19 3960.0 -160.0 32 -64 220.429 172.27099999999996 16
5530.0 639.328 21 5790.0 -260.0 52 -89 282.785 249.13299999999992 26
4880.0 647.2400000000001 22 5340.0 -470.0 95 -103 279.39699999999993 242.73099999999994 47
3840.0 448.38599999999997 18 4110.0 -470.0 72 -72 193.673 183.27699999999993 47
3520.0 402.564 21 3720.0 -200.0 40 -64 200.812 149.333 20
4010.0 487.725 18 4290.0 -280.0 47 -80 184.17299999999997 196.788 28
4670.0 511.66800000000006 21 4830.0 -160.0 32 -75 230.93900000000002 217.92400000000004 16
4230.0 528.49 21 4410.0 -180.0 36 -78 238.97 189.446 18
3675.0 388.45799999999986 15 3870.0 -195.0 32 -55 166.34799999999993 177.24299999999997 13
5220.0 486.82000000000005 21 5490.0 -270.0 40 -88 185.147 226.35999999999999 27
6480.0 748.696 22 6780.0 -330.0 59 -112 301.84799999999996 280.68999999999994 33
3360.0 2039.4729999999981 13 4500.0 -1140.0 100 -77 174.00699999999998 182.93099999999998 114
1990.0 234.14499999999995 13 2220.0 -230.0 41 -39 105.23899999999999 88.90500000000002 23
4550.0 678.9069999999999 19 4860.0 -310.0 54 -99 253.42100000000002 229.87700000000007 31
5240.0 564.224 24 5520.0 -280.0 50 -87 242.488 232.45299999999995 28
5150.0 554.506 18 5610.0 -530.0 107 -90 252.55099999999993 211.315 53
4740.0 573.239 18 5040.0 -300.0 47 -85 276.72999999999996 204.32099999999997 30
4050.0 545.4420000000001 19 4410.0 -360.0 61 -76 244.226 190.37500000000003 36
6050.0 539.0140000000001 19 6300.0 -250.0 50 -96 227.609 230.07799999999995 25
4660.0 480.42099999999994 20 4860.0 -200.0 40 -75 225.201 207.587 20
4500.0 476.83099999999996 16 4770.0 -270.0 41 -89 180.80900000000003 187.01899999999995 27
3950.0 475.11599999999993 18 4080.0 -130.0 26 -76 195.117 193.841 13
4820.0 500.5489999999998 15 5100.0 -520.0 78 -82 191.841 216.64099999999993 52
4850.0 519.143 19 5220.0 -370.0 33 -83 203.99099999999999 215.94299999999998 37
5295.0 537.413 18 5490.0 -285.0 47 -92 214.49399999999994 232.7989999999999 19
