4150.0 493.62499999999983 17 4560.0 -410.0 62 -84 179.40299999999996 208.88599999999994 41
3640.0 480.21500000000003 19 3960.0 -340.0 39 -72 218.242 167.32199999999997 34
4360.0 465.2769999999999 21 4710.0 -390.0 47 -62 208.62499999999994 193.65999999999994 39
4900.0 573.4309999999999 19 5130.0 -230.0 46 -94 221.15900000000002 225.01500000000004 23
4220.0 493.758 21 4470.0 -250.0 50 -84 203.77300000000005 172.37299999999993 25
5025.0 501.52099999999996 19 5310.0 -285.0 40 -91 192.421 212.52899999999994 22
4650.0 454.53999999999985 22 4890.0 -240.0 33 -70 192.085 200.56699999999998 20
4065.0 471.9409999999999 18 4260.0 -195.0 32 -82 186.90699999999998 192.93500000000003 13
4350.0 570.7030000000001 22 4650.0 -440.0 78 -81 261.33199999999994 211.18999999999994 34
4300.0 448.44399999999996 19 4410.0 -110.0 22 -77 166.74 190.74099999999993 11
2950.0 440.52799999999996 17 3750.0 -800.0 88 -78 176.284 151.249 80
4410.0 437.1680000000001 17 4770.0 -420.0 55 -65 196.39499999999998 200.57400000000004 42
4450.0 489.482 16 4680.0 -230.0 46 -76 201.78799999999998 199.917 23
4250.0 509.3299999999999 18 4410.0 -160.0 32 -79 215.74999999999994 200.26899999999995 16
4775.0 588.2079999999996 20 5280.0 -505.0 115 -101 210.91999999999996 232.40599999999998 44
5090.0 453.93199999999985 21 5340.0 -250.0 45 -81 196.41099999999992 197.59000000000003 20
4820.0 608.5199999999999 18 5160.0 -390.0 56 -87 253.27199999999996 235.46499999999995 39
4520.0 554.4599999999999 20 4740.0 -340.0 55 -92 194.60100000000003 216.159 34
4400.0 401.406 19 4530.0 -130.0 26 -65 173.212 187.252 13
5130.0 467.3709999999999 17 5370.0 -420.0 48 -75 185.99599999999998 239.101 42
4090.0 473.11199999999985 20 4260.0 -210.0 42 -67 208.75799999999995 194.745 21
3600.0 420.00699999999995 17 3780.0 -480.0 57 -64 173.94499999999996 174.61499999999995 42
5080.0 543.8709999999998 19 5190.0 -110.0 22 -70 259.32599999999996 238.96699999999987 11
4400.0 517.6959999999999 17 4740.0 -340.0 55 -81 226.51999999999995 214.29199999999992 38
5520.0 577.5759999999999 20 5730.0 -210.0 42 -88 245.48200000000003 247.9500000000001 21
4915.0 619.949 23 5100.0 -185.0 31 -101 261.69399999999996 227.962 23
4420.0 487.805 22 4680.0 -260.0 52 -85 184.786 191.098 26
5460.0 643.259 25 5700.0 -240.0 48 -92 255.262 265.8979999999999 24
4440.0 534.4619999999999 19 4680.0 -300.0 60 -92 196.23599999999993 203.14999999999998 30
4030.0 539.582 16 4230.0 -200.0 40 -91 234.59399999999994 190.681 20
4220.0 492.771 19 4350.0 -130.0 26 -81 199.24000000000004 182.80899999999994 13
3970.0 451.38199999999995 15 4110.0 -140.0 23 -67 199.35200000000003 183.03399999999996 14
3560.0 454.93500000000006 20 3840.0 -280.0 56 -59 230.65400000000002 159.86299999999997 28
4560.0 532.098 20 4770.0 -210.0 19 -81 226.06699999999998 207.168 21
4020.0 438.693 19 4230.0 -210.0 19 -72 178.556 170.19799999999995 21
4740.0 447.8080000000001 16 5040.0 -310.0 63 -82 154.75500000000002 202.22799999999998 31
3990.0 455.292 17 4320.0 -330.0 43 -79 169.25 173.60399999999996 33
5460.0 592.916 20 5610.0 -150.0 30 -92 272.689 239.296 15
4250.0 545.1460000000001 20 4590.0 -340.0 42 -78 259.81499999999994 207.03000000000003 34
4110.0 434.47199999999987 18 4290.0 -180.0 16 -73 191.39899999999994 175.27300000000002 18
4075.0 536.7389999999999 20 4500.0 -425.0 62 -88 215.02700000000002 201.96199999999996 48
3690.0 665.2780000000001 20 4290.0 -600.0 55 -98 242.11599999999996 197.70699999999997 55
4430.0 491.6629999999999 23 4590.0 -160.0 32 -76 213.40699999999998 209.46200000000002 16
4450.0 478.7869999999998 20 4680.0 -310.0 63 -80 208.31399999999994 162.943 31
4950.0 474.3489999999999 14 5220.0 -270.0 54 -90 172.79999999999998 197.19699999999995 27
3370.0 341.411 19 3480.0 -260.0 35 -48 167.87099999999998 150.045 26
4780.0 502.6019999999999 19 4890.0 -110.0 22 -82 224.66599999999997 209.57599999999994 11
3770.0 422.055 15 3990.0 -280.0 41 -77 146.24699999999996 160.20999999999998 28
3810.0 390.73299999999983 17 4200.0 -510.0 60 -66 168.42999999999998 168.20600000000002 51
4240.0 471.23699999999997 20 4470.0 -230.0 46 -69 203.37899999999996 203.2149999999999 23
4520.0 482.012 18 4800.0 -280.0 37 -82 196.91799999999995 197.9449999999999 28
3160.0 387.27700000000004 16 3330.0 -170.0 25 -58 176.80499999999992 149.152 17
2690.0 336.2519999999999 15 2850.0 -160.0 32 -58 145.23899999999998 128.12699999999998 16
4630.0 588.54 19 4950.0 -320.0 49 -90 273.90199999999993 201.80499999999995 32
4910.0 550.8679999999997 15 5250.0 -340.0 49 -104 175.84799999999996 227.30599999999993 34
3215.0 399.45000000000016 18 3330.0 -155.0 25 -64 169.936 146.11999999999998 24
4190.0 455.11099999999993 23 4350.0 -160.0 14 -75 211.09699999999995 177.66400000000004 16
4530.0 415.059 19 4650.0 -120.0 24 -67 187.35999999999999 184.297 12
4290.0 467.9889999999999 18 4410.0 -120.0 24 -75 206.761 190.409 12
4310.0 408.20600000000013 17 4440.0 -130.0 26 -69 174.67199999999994 155.07899999999998 13
4580.0 529.6449999999998 18 4950.0 -470.0 61 -85 221.77899999999997 198.49499999999998 47
3420.0 405.2279999999999 13 3690.0 -270.0 24 -60 172.48199999999997 161.90699999999998 27
4760.0 546.4489999999997 16 5070.0 -310.0 42 -92 210.224 234.88999999999996 31
3270.0 438.92999999999995 16 3360.0 -90.0 18 -61 224.88199999999992 157.106 9
3880.0 461.5769999999998 20 4110.0 -310.0 42 -59 234.817 177.085 31
2830.0 499.87199999999984 16 3330.0 -500.0 43 -61 188.432 161.21899999999997 50
3870.0 441.62799999999993 19 4020.0 -150.0 23 -68 226.74900000000002 157.16 15
5220.0 620.135 21 5490.0 -270.0 45 -99 262.269 240.231 27
4100.0 499.6929999999999 15 4320.0 -220.0 44 -79 209.522 176.734 22
3910.0 476.29400000000004 21 4020.0 -230.0 47 -66 215.11900000000003 188.516 23
3870.0 401.5250000000001 17 4110.0 -240.0 21 -67 181.73999999999995 155.46899999999994 24
4600.0 500.4489999999999 14 4740.0 -540.0 64 -85 202.41499999999996 195.63699999999997 54
4160.0 428.7910000000001 18 4320.0 -160.0 33 -70 190.81099999999995 185.26500000000001 16
5770.0 689.9560000000001 23 6180.0 -410.0 50 -108 251.71799999999996 283.389 41
5075.0 503.57 19 5280.0 -205.0 35 -81 219.67499999999998 231.00099999999992 15
3480.0 394.60799999999983 16 3750.0 -310.0 42 -73 153.699 161.40099999999995 31
4510.0 553.077 19 4740.0 -230.0 46 -90 245.44000000000003 189.46700000000004 23
4180.0 476.2319999999999 17 4290.0 -110.0 22 -68 197.24099999999993 209.45300000000003 11
4310.0 525.004 21 4710.0 -400.0 60 -91 215.03499999999997 193.64699999999996 40
5640.0 615.6949999999999 21 5970.0 -330.0 44 -96 256.187 255.48099999999997 33
4620.0 615.1159999999998 18 4950.0 -330.0 47 -100 236.71399999999994 215.393 33
4690.0 507.5739999999997 21 4800.0 -110.0 22 -75 230.58299999999997 220.87099999999995 11
3800.0 615.1239999999999 21 4050.0 -250.0 46 -90 269.41599999999994 182.53399999999996 25
4410.0 428.546 20 4590.0 -180.0 36 -64 219.203 172.54099999999994 18
4370.0 505.9499999999999 17 4650.0 -280.0 47 -87 175.25399999999996 191.68599999999995 28
3950.0 409.9279999999999 15 4260.0 -310.0 40 -73 157.39599999999993 164.152 31
5130.0 615.1169999999998 17 5520.0 -390.0 58 -105 212.92999999999998 241.78199999999998 39
5340.0 593.7589999999999 23 5460.0 -120.0 24 -86 269.452 254.117 12
4075.0 466.3569999999998 18 4350.0 -295.0 50 -74 184.25900000000001 197.636 24
4410.0 609.0949999999996 19 5010.0 -600.0 68 -86 199.779 207.0889999999999 80
3130.0 432.691 14 3450.0 -335.0 62 -74 172.904 137.802 29
4450.0 486.46899999999994 17 4770.0 -360.0 53 -87 184.158 194.84299999999996 36
4740.0 583.9019999999998 18 4980.0 -240.0 44 -91 203.20399999999992 238.45399999999992 24
4760.0 608.3460000000001 18 5220.0 -460.0 60 -90 255.67699999999996 234.80599999999995 46
4100.0 430.4339999999999 20 4320.0 -220.0 33 -82 172.18099999999998 173.33799999999997 16
4790.0 479.28799999999995 18 5010.0 -220.0 35 -85 186.54900000000004 204.94999999999996 17
3040.0 418.946 14 3300.0 -260.0 46 -69 179.77099999999993 146.49399999999994 20
4050.0 542.492 19 4380.0 -330.0 47 -83 214.29299999999998 193.65400000000002 33
3120.0 434.1739999999999 21 3330.0 -225.0 37 -61 199.97600000000003 161.18099999999998 15
3550.0 481.8330000000001 20 3870.0 -320.0 41 -76 199.503 174.46199999999996 32
5235.0 558.3699999999998 22 5430.0 -195.0 32 -80 255.60900000000004 242.865 13
4430.0 490.62600000000003 21 4530.0 -100.0 20 -71 243.39899999999997 192.80800000000005 10
5000.0 505.605 24 5100.0 -100.0 20 -71 249.19099999999997 224.38099999999997 10
4065.0 519.583 23 4170.0 -245.0 21 -61 248.716 193.256 29
4040.0 358.7179999999999 15 4140.0 -100.0 20 -59 149.306 173.70499999999998 10
5620.0 557.9639999999997 22 6090.0 -510.0 97 -91 202.12199999999996 270.789 51
4770.0 510.42499999999995 23 5010.0 -240.0 39 -87 213.13599999999997 211.57399999999998 16
5150.0 533.645 22 5250.0 -100.0 20 -72 279.3059999999999 217.87699999999998 10
3940.0 584.4260000000003 21 4200.0 -340.0 60 -91 217.82499999999996 176.53500000000003 42
3180.0 376.1659999999999 14 3480.0 -300.0 25 -67 155.55499999999998 149.75399999999993 30
4300.0 480.98600000000005 20 4500.0 -200.0 40 -67 237.01999999999992 200.79300000000006 20
2870.0 1128.6079999999995 16 3510.0 -640.0 61 -57 203.27900000000002 148.17499999999998 64
5310.0 578.818 24 5520.0 -210.0 42 -85 268.26599999999996 236.58799999999997 21
4335.0 408.011 14 4530.0 -195.0 32 -58 191.769 180.47899999999998 13
4720.0 562.883 19 5010.0 -290.0 51 -91 210.5 219.4919999999999 29
4220.0 524.1840000000001 19 4440.0 -220.0 44 -82 230.55799999999996 185.491 22
4130.0 1245.5369999999991 18 4740.0 -610.0 56 -84 245.68399999999986 200.41299999999998 65
4140.0 494.45599999999996 18 4410.0 -270.0 43 -84 192.017 175.62799999999996 27
4980.0 570.5509999999997 21 5220.0 -240.0 40 -98 252.51999999999992 208.14299999999997 24
2780.0 361.01800000000003 12 2880.0 -200.0 40 -62 153.576 126.39299999999996 20
4730.0 510.034 21 5100.0 -370.0 47 -96 206.03799999999998 185.37799999999996 37
3280.0 415.2559999999999 16 3420.0 -140.0 28 -75 158.738 160.308 14
4900.0 503.82099999999997 19 5130.0 -230.0 32 -82 196.76800000000006 213.58299999999997 23
5850.0 610.1709999999999 22 5970.0 -120.0 24 -91 265.319 279.06300000000005 12
3800.0 443.89200000000005 15 4050.0 -250.0 32 -66 190.05699999999996 152.57999999999998 25
3690.0 422.11399999999986 19 3870.0 -180.0 30 -65 192.94000000000003 173.28799999999998 12
4750.0 608.5530000000003 21 5070.0 -320.0 55 -117 211.331 209.35600000000002 32
4020.0 469.3179999999998 23 4290.0 -320.0 65 -59 238.87199999999996 187.70299999999995 32
6245.0 704.8229999999998 20 6630.0 -385.0 74 -104 296.60499999999985 266.8669999999999 41
4960.0 625.498 22 5160.0 -200.0 31 -92 285.37499999999994 249.87999999999997 20
5210.0 507.00199999999995 22 5370.0 -310.0 63 -82 214.75600000000003 229.26199999999997 31
4750.0 459.07599999999996 20 4830.0 -80.0 16 -75 191.18199999999996 200.68599999999995 8
4170.0 396.827 18 4320.0 -150.0 30 -66 182.32299999999995 165.71099999999998 15
4560.0 573.9589999999998 16 4830.0 -270.0 47 -93 250.08099999999996 204.02499999999995 21
4070.0 458.94399999999996 18 4440.0 -380.0 53 -68 214.213 192.70299999999997 38
3680.0 378.67800000000005 15 3780.0 -100.0 20 -59 187.02200000000002 148.58899999999997 10
5190.0 656.988 23 5460.0 -270.0 48 -102 290.24300000000005 247.74599999999992 27
5300.0 571.6080000000001 16 5520.0 -220.0 45 -90 254.34799999999993 222.47800000000004 22
3280.0 400.57899999999995 17 3540.0 -260.0 52 -74 129.82699999999997 140.728 26
4520.0 559.889 17 4650.0 -130.0 26 -85 229.065 208.87299999999993 13
6560.0 548.4300000000001 17 6870.0 -310.0 63 -107 222.15699999999995 211.74399999999994 31
4370.0 423.27200000000005 18 4740.0 -450.0 62 -78 165.458 180.43899999999996 45
5750.0 657.099 24 6090.0 -340.0 49 -97 291.5639999999999 260.312 34
4650.0 533.336 19 4800.0 -150.0 30 -71 280.0359999999999 206.11599999999999 15
5430.0 511.4319999999999 19 5730.0 -300.0 27 -86 215.59499999999997 231.478 30
4530.0 488.57799999999986 17 4710.0 -180.0 27 -78 228.31399999999996 178.961 13
5395.0 643.7760000000002 20 5670.0 -275.0 49 -104 308.164 231.1789999999999 22
4550.0 487.5409999999999 21 4800.0 -250.0 37 -68 261.24 191.17899999999997 25
5750.0 602.1209999999999 17 5970.0 -220.0 44 -103 228.845 260.96699999999987 22
5835.0 583.528 24 6030.0 -195.0 32 -90 286.14799999999997 237.62999999999994 13
5590.0 591.153 15 5790.0 -200.0 33 -87 246.60899999999998 257.40899999999993 20
7190.0 483.86699999999985 18 7650.0 -540.0 64 -117 199.69799999999995 163.59400000000002 54
4570.0 617.1969999999997 24 4920.0 -430.0 64 -83 309.20699999999994 209.36 43
5160.0 552.062 17 5550.0 -390.0 54 -88 188.98299999999995 241.94699999999995 39
4080.0 471.3750000000001 18 4200.0 -120.0 24 -70 223.40599999999998 192.02100000000002 12
3890.0 425.76199999999994 17 4200.0 -310.0 39 -67 188.05799999999996 188.62 31
4205.0 538.5059999999999 21 4680.0 -515.0 57 -81 200.077 206.333 56
4060.0 556.3409999999999 20 4380.0 -320.0 43 -92 240.52399999999997 196.574 32
5280.0 496.9049999999998 19 5490.0 -210.0 42 -91 188.64699999999996 212.74699999999999 21
5920.0 640.0159999999997 19 6120.0 -200.0 40 -92 294.2079999999999 272.771 20
4430.0 511.76899999999983 20 4830.0 -410.0 83 -92 196.10200000000003 186.79799999999997 41
3990.0 461.5160000000001 18 4230.0 -240.0 21 -65 228.38699999999997 182.333 24
4920.0 622.5690000000001 22 5160.0 -240.0 44 -87 295.34099999999995 237.2569999999999 20
3840.0 497.65899999999993 17 4050.0 -210.0 30 -74 223.301 184.446 21
5480.0 571.108 19 5790.0 -310.0 43 -98 243.05599999999995 227.49799999999993 31
4670.0 538.51 23 4800.0 -130.0 26 -86 231.31699999999992 201.37499999999997 13
5140.0 571.9490000000001 18 5340.0 -200.0 27 -87 246.94 233.393 20
4340.0 526.2519999999998 22 4590.0 -370.0 57 -72 252.81199999999998 209.843 37
5180.0 562.6109999999999 19 5460.0 -280.0 43 -98 235.529 210.80599999999993 28
4330.0 518.5689999999997 15 4560.0 -230.0 46 -85 186.95999999999995 219.55900000000003 23
5730.0 577.7260000000001 26 6030.0 -300.0 44 -82 268.751 259.74499999999995 30
6630.0 635.106 21 6780.0 -150.0 30 -97 271.8789999999999 309.828 15
5430.0 557.074 22 5550.0 -120.0 24 -80 254.95999999999992 253.824 12
4500.0 557.7409999999999 20 4740.0 -240.0 48 -89 239.04799999999997 215.079 24
4560.0 537.052 17 4890.0 -330.0 44 -84 237.108 207.69699999999997 33
4820.0 750.2720000000004 15 5400.0 -580.0 61 -106 202.84199999999996 226.77899999999988 83
4680.0 444.88000000000005 21 4770.0 -90.0 18 -68 200.179 203.79799999999997 9
4860.0 627.1589999999995 16 5130.0 -270.0 47 -105 215.17199999999997 230.73199999999997 27
3870.0 470.585 20 4170.0 -310.0 63 -66 222.54 177.96999999999997 31
4335.0 459.571 19 4560.0 -225.0 34 -82 174.53300000000002 185.74999999999994 32
4130.0 454.505 16 4260.0 -130.0 26 -75 207.06900000000002 170.14599999999996 13
5100.0 528.2810000000001 16 5490.0 -490.0 97 -90 199.71699999999998 214.59799999999993 48
4800.0 560.812 19 5100.0 -300.0 39 -106 200.91299999999995 222.57099999999994 32
4690.0 431.58299999999997 18 4980.0 -450.0 52 -59 171.14499999999995 217.30099999999996 45
5470.0 545.4709999999999 18 5730.0 -260.0 52 -93 200.55399999999995 244.11700000000002 26
4480.0 837.7479999999997 17 5010.0 -530.0 61 -86 271.24 213.408 46
4990.0 536.6759999999999 20 5220.0 -380.0 59 -77 229.72100000000003 225.23699999999994 38
4030.0 438.11799999999994 19 4170.0 -140.0 28 -61 190.47299999999996 189.33899999999994 14
4610.0 539.506 22 4740.0 -130.0 26 -75 267.854 211.28599999999997 13
4485.0 522.5969999999999 14 4710.0 -225.0 29 -80 223.33199999999994 207.99200000000002 37
5350.0 468.785 23 5700.0 -350.0 52 -81 190.442 226.60499999999996 30
4810.0 504.65900000000016 19 4980.0 -260.0 52 -84 190.29500000000002 201.03599999999994 26
4540.0 473.3080000000001 21 4860.0 -360.0 43 -63 222.182 218.20499999999998 36
5080.0 545.667 15 5370.0 -290.0 58 -91 181.92399999999998 241.618 29
4740.0 517.773 19 4980.0 -240.0 26 -83 241.40099999999998 195.27299999999997 24
5250.0 545.8629999999998 21 5430.0 -180.0 36 -89 256.15899999999993 215.218 18
3105.0 384.35400000000004 14 3480.0 -375.0 48 -76 138.605 149.40599999999998 31
7140.0 572.4630000000001 16 7380.0 -240.0 48 -118 203.24599999999998 212.08399999999997 24
4550.0 523.156 19 4800.0 -250.0 31 -84 200.97499999999994 218.31499999999997 25
5160.0 553.739 17 5310.0 -150.0 30 -86 212.07099999999997 234.43299999999996 15
3600.0 362.9700000000001 20 3750.0 -150.0 25 -53 171.54899999999998 162.66899999999995 10
4110.0 466.0509999999998 19 4230.0 -120.0 24 -65 234.29499999999996 184.14 12
4850.0 541.901 18 5130.0 -280.0 56 -94 210.42499999999995 188.75999999999996 28
5970.0 707.0919999999999 24 6390.0 -430.0 87 -107 288.085 274.17600000000004 43
3730.0 445.935 18 4110.0 -440.0 86 -77 169.89499999999998 178.78299999999996 44
4580.0 542.101 18 4860.0 -420.0 67 -80 230.01099999999997 214.53699999999995 42
4730.0 522.7149999999998 20 4830.0 -100.0 20 -80 254.89800000000002 199.55699999999996 10
5520.0 562.9579999999999 25 5760.0 -240.0 43 -95 219.63400000000001 265.199 19
5950.0 593.8390000000002 21 6210.0 -260.0 47 -99 266.23899999999986 256.92699999999996 26
4130.0 566.592 18 4410.0 -280.0 47 -102 184.9 195.49699999999999 28
4090.0 438.5239999999999 21 4350.0 -260.0 42 -65 197.46699999999993 198.12599999999998 26
3730.0 433.86699999999985 20 4170.0 -560.0 61 -74 168.734 175.68699999999995 56
4310.0 434.5629999999999 19 4560.0 -300.0 38 -70 180.78000000000003 193.2069999999999 30
4660.0 538.536 19 4950.0 -380.0 57 -84 239.26699999999994 205.85199999999995 38
3280.0 453.68099999999987 17 3630.0 -350.0 65 -72 186.564 149.626 35
4690.0 573.234 19 5010.0 -320.0 41 -87 241.486 228.89899999999997 32
4040.0 443.2879999999999 20 4200.0 -160.0 32 -76 181.16399999999996 190.18099999999998 16
3630.0 412.29 16 3840.0 -210.0 42 -66 158.10199999999995 173.42199999999997 21
4880.0 566.6059999999999 21 5160.0 -280.0 51 -93 238.87500000000003 225.86999999999998 28
4035.0 536.4280000000002 17 4410.0 -375.0 58 -82 229.85799999999995 188.63299999999995 32
4270.0 519.7520000000001 18 4590.0 -320.0 53 -81 210.17200000000003 204.124 32
4810.0 424.116 18 5010.0 -200.0 33 -72 193.243 187.293 20
4440.0 474.76899999999995 20 4650.0 -310.0 55 -67 219.79499999999993 203.20499999999998 24
4150.0 557.4289999999997 16 4410.0 -260.0 52 -95 211.65900000000002 183.698 26
4830.0 432.0880000000001 22 5100.0 -270.0 33 -70 161.47899999999998 214.79299999999995 27
3480.0 364.73900000000003 14 3600.0 -120.0 24 -76 123.97900000000001 131.51299999999998 12
3660.0 288.197 16 3720.0 -60.0 7 -55 134.01800000000003 127.49699999999999 12
6310.0 520.704 22 6540.0 -230.0 38 -85 213.918 220.329 23
3460.0 439.901 20 3600.0 -240.0 37 -65 180.656 178.086 24
5120.0 565.7079999999999 21 5550.0 -450.0 87 -85 219.18 244.9819999999999 45
4680.0 600.119 22 5010.0 -390.0 48 -108 226.08899999999997 223.80599999999998 39
5150.0 621.03 21 5340.0 -190.0 38 -87 284.78799999999995 257.51199999999994 19
4800.0 427.286 17 4950.0 -150.0 25 -74 180.387 197.80899999999997 10
4600.0 487.117 18 4800.0 -200.0 40 -77 207.75900000000001 206.15199999999996 20
5655.0 624.1440000000001 24 5820.0 -165.0 27 -87 310.29200000000003 254.297 11
4320.0 1864.0310000000018 14 5550.0 -1230.0 117 -100 190.254 238.78099999999998 123
4800.0 519.8460000000001 23 4980.0 -180.0 29 -72 247.2309999999999 222.36899999999991 12
5040.0 654.4909999999998 20 5220.0 -180.0 27 -94 272.137 241.804 18
4860.0 622.921 20 5040.0 -180.0 36 -85 299.5919999999999 228.94400000000002 18
4400.0 493.5409999999999 17 4500.0 -100.0 20 -80 203.55799999999996 213.33099999999993 10
3120.0 437.5249999999999 13 4110.0 -990.0 48 -70 183.99399999999994 148.01399999999998 187
4470.0 618.7149999999999 17 4860.0 -390.0 59 -97 250.42800000000005 222.59699999999998 39
5830.0 563.6830000000001 17 6120.0 -290.0 52 -101 190.20199999999994 264.19999999999993 29
4750.0 499.79099999999994 22 4980.0 -230.0 39 -77 215.415 213.98999999999998 23
4370.0 527.221 17 4770.0 -460.0 63 -74 238.13099999999994 218.933 46
5485.0 624.3289999999997 23 5730.0 -245.0 47 -95 249.3079999999999 245.53999999999994 26
4220.0 462.95400000000006 21 4350.0 -130.0 26 -65 217.77900000000002 197.50099999999995 13
3330.0 407.71199999999993 17 3450.0 -120.0 24 -53 206.36099999999996 159.24300000000002 12
5380.0 633.5930000000003 20 5700.0 -340.0 61 -105 242.42799999999994 236.57799999999995 34
4210.0 433.46700000000004 19 4380.0 -170.0 26 -65 182.01899999999998 186.849 12
5130.0 675.152 15 5340.0 -210.0 42 -102 307.257 225.968 21
2960.0 392.3500000000001 15 3120.0 -160.0 32 -58 170.214 143.82199999999997 16
3640.0 1172.6259999999986 20 4410.0 -815.0 84 -69 253.49799999999996 188.67499999999998 86
4050.0 437.13800000000015 18 4410.0 -360.0 44 -72 178.10599999999997 176.07499999999996 31
3835.0 411.30500000000006 16 3990.0 -155.0 23 -62 193.72299999999993 179.57999999999996 22
4350.0 539.9729999999997 20 4650.0 -300.0 51 -93 215.25200000000004 198.16299999999995 23
5310.0 557.2339999999999 20 5550.0 -320.0 64 -89 240.867 225.26699999999994 32
4840.0 563.7909999999997 25 5160.0 -500.0 58 -84 261.16099999999994 218.50400000000005 50
5900.0 710.0140000000001 21 6150.0 -250.0 46 -111 296.78799999999995 281.598 25
4430.0 504.90999999999997 18 4710.0 -370.0 63 -90 184.74699999999999 208.53500000000003 37
4830.0 496.95799999999997 16 5010.0 -240.0 41 -78 236.02599999999993 198.669 18
4240.0 479.176 18 4440.0 -200.0 40 -91 186.211 182.27700000000004 20
4050.0 472.73099999999994 16 4260.0 -210.0 34 -81 192.331 187.672 14
3915.0 460.1639999999998 19 4170.0 -255.0 42 -63 226.007 183.328 17
5150.0 518.401 23 5310.0 -160.0 26 -77 262.50699999999995 208.261 21
3390.0 378.555 15 3840.0 -600.0 63 -62 147.302 171.13399999999993 60
4270.0 375.95399999999995 17 4380.0 -110.0 22 -53 185.89599999999996 167.19599999999997 11
4480.0 503.0589999999999 20 4680.0 -200.0 40 -83 219.71999999999997 192.43599999999998 20
3170.0 472.282 16 3480.0 -310.0 39 -71 194.339 149.10399999999996 31
4620.0 479.72800000000007 17 4800.0 -180.0 36 -66 214.08899999999997 219.15599999999995 18
4800.0 519.594 24 4980.0 -180.0 29 -80 225.71599999999995 207.04399999999998 12
6280.0 633.3779999999999 24 6450.0 -170.0 34 -102 280.214 263.70199999999994 17
2960.0 339.65099999999995 13 3270.0 -310.0 28 -58 140.599 118.639 31
4520.0 586.4269999999998 16 4860.0 -340.0 48 -99 231.83899999999994 212.17699999999996 34
4470.0 1409.3929999999998 15 5820.0 -1350.0 111 -99 139.243 201.07599999999994 135
3210.0 394.00499999999977 17 3540.0 -330.0 53 -67 163.22699999999995 151.03300000000002 33
3570.0 503.5219999999998 16 4500.0 -1020.0 104 -86 150.25599999999994 178.02700000000004 102
4710.0 475.18 18 4860.0 -150.0 30 -69 211.6259999999999 213.507 15
5850.0 564.0519999999998 20 6000.0 -150.0 30 -101 180.30700000000002 285.173 15
2910.0 376.86899999999997 16 3000.0 -210.0 43 -51 199.35300000000004 124.87700000000001 21
4930.0 561.9419999999999 21 5070.0 -140.0 28 -81 274.61699999999985 224.05299999999997 14
4830.0 640.1100000000001 18 5130.0 -300.0 42 -87 263.78499999999997 203.099 30
4300.0 502.05000000000007 18 4530.0 -250.0 50 -87 195.375 208.60599999999994 25
5130.0 580.2570000000001 21 5490.0 -360.0 48 -100 250.083 232.23999999999995 36
5830.0 597.4290000000001 22 5940.0 -110.0 22 -83 272.453 261.82399999999996 11
4890.0 491.78599999999994 21 4980.0 -90.0 18 -76 221.26600000000002 221.88199999999995 9
4270.0 463.72200000000004 17 4530.0 -260.0 33 -75 188.23099999999994 198.67699999999994 26
4875.0 496.2209999999997 23 5040.0 -165.0 27 -81 232.54299999999998 205.19599999999994 11
5400.0 605.5159999999996 21 5700.0 -300.0 50 -83 224.94799999999998 247.92100000000002 30
3890.0 552.0610000000003 20 4380.0 -520.0 62 -71 227.787 198.46399999999997 44
3180.0 367.6719999999999 16 3390.0 -210.0 37 -58 169.799 142.07 21
3770.0 420.1279999999999 16 3840.0 -70.0 14 -57 198.96699999999996 172.55999999999997 7
4520.0 512.0469999999998 21 4710.0 -190.0 38 -80 227.17700000000002 197.11799999999997 19
4930.0 585.9739999999999 20 5280.0 -350.0 39 -92 236.72000000000003 227.47499999999997 35
5080.0 527.4269999999999 26 5250.0 -170.0 28 -84 203.294 235.58599999999996 17
3570.0 447.818 21 3840.0 -270.0 24 -68 193.68000000000006 168.77599999999995 27
3650.0 406.46700000000004 19 3810.0 -160.0 32 -64 166.57899999999998 164.385 16
3980.0 416.07399999999996 16 4140.0 -160.0 26 -61 182.176 186.83799999999997 16
4640.0 495.502 18 4770.0 -130.0 26 -66 247.1069999999999 208.75099999999998 13
3480.0 706.1780000000001 17 4110.0 -720.0 98 -81 229.64199999999997 170.50499999999994 72
4450.0 514.0309999999997 19 4560.0 -110.0 22 -75 245.65199999999993 194.393 11
5520.0 484.32499999999993 18 5820.0 -310.0 63 -78 202.27400000000003 223.47799999999998 31
4720.0 460.05999999999995 22 4890.0 -210.0 42 -69 208.719 196.761 21
5740.0 544.3890000000001 12 5970.0 -230.0 46 -107 182.843 236.75799999999998 23
4970.0 613.3700000000001 22 5220.0 -250.0 50 -101 245.48299999999992 226.11399999999995 25
2830.0 354.34400000000005 14 2910.0 -80.0 16 -48 170.783 132.253 8
4090.0 496.9779999999999 19 4290.0 -350.0 47 -71 207.20099999999994 195.46400000000003 29
2875.0 427.07499999999976 15 3150.0 -275.0 47 -75 162.37299999999996 146.25799999999992 35
4320.0 518.6809999999999 23 4530.0 -210.0 34 -73 262.5049999999999 200.79899999999995 14
3430.0 515.3229999999999 17 3720.0 -290.0 51 -71 228.564 166.54600000000002 23
3850.0 428.286 18 4140.0 -320.0 47 -60 178.73399999999998 183.071 32
4810.0 539.891 19 4950.0 -140.0 25 -79 243.09699999999995 240.98699999999997 14
4990.0 545.8080000000001 26 5190.0 -200.0 18 -72 277.6319999999999 233.24099999999993 20
3950.0 437.31699999999995 13 4200.0 -390.0 79 -84 158.71999999999997 150.28 39
3580.0 403.5769999999999 17 3720.0 -140.0 28 -68 172.12400000000002 161.949 14
2900.0 382.9769999999999 13 3150.0 -250.0 45 -70 143.137 134.25400000000002 20
4410.0 623.4040000000001 16 4830.0 -420.0 70 -114 190.78099999999998 217.00599999999994 42
2700.0 336.143 17 2880.0 -180.0 30 -48 154.383 137.70999999999998 12
3340.0 437.866 18 3510.0 -170.0 34 -61 193.90599999999998 172.30099999999996 17
2800.0 373.15 13 3000.0 -200.0 28 -69 125.90799999999997 135.356 20
5520.0 647.5150000000001 18 5760.0 -240.0 43 -105 231.79799999999997 231.45399999999998 24
4130.0 577.6839999999996 18 4410.0 -280.0 46 -84 248.63399999999996 200.201 28
6340.0 625.2820000000002 24 6570.0 -230.0 46 -102 240.78900000000002 283.5249999999999 23
4555.0 647.944 17 4950.0 -440.0 38 -92 240.38899999999992 230.06199999999998 46
3590.0 467.21599999999995 20 3810.0 -270.0 41 -68 209.595 172.153 27
4450.0 503.9379999999999 23 4620.0 -170.0 34 -88 211.44300000000004 204.19699999999995 17
4150.0 489.4939999999999 22 4620.0 -510.0 50 -73 197.16699999999997 206.80900000000003 51
3795.0 447.47900000000004 17 3930.0 -135.0 24 -69 197.633 174.71599999999995 16
4580.0 512.424 19 4860.0 -280.0 56 -78 225.082 201.70499999999998 28
3850.0 455.6949999999999 20 4200.0 -380.0 54 -60 231.50899999999993 182.16399999999996 38
4390.0 553.653 19 4860.0 -470.0 67 -94 200.88799999999995 233.58999999999997 36
4150.0 516.928 21 4260.0 -110.0 22 -88 225.704 165.919 11
3150.0 425.2519999999999 13 3570.0 -440.0 66 -73 158.78400000000002 148.76099999999997 44
3820.0 547.06 18 4140.0 -320.0 42 -85 191.98699999999997 201.438 34
4030.0 560.8649999999998 18 4230.0 -350.0 71 -84 240.17999999999992 188.73000000000005 35
4610.0 586.2569999999998 21 4980.0 -370.0 44 -80 254.05499999999995 225.59599999999998 32
3870.0 420.21700000000004 17 3990.0 -120.0 24 -59 204.535 179.06199999999998 12
4520.0 465.8829999999999 14 4740.0 -220.0 44 -94 157.99499999999995 183.283 22
5560.0 648.6179999999998 22 5790.0 -230.0 46 -93 303.82 266.414 23
5020.0 542.965 20 5160.0 -140.0 28 -79 248.015 222.31799999999993 14
4450.0 616.336 20 4680.0 -230.0 37 -97 271.3889999999999 213.63800000000003 23
4710.0 405.614 18 4860.0 -150.0 30 -72 164.471 198.76299999999995 15
4930.0 636.534 17 5370.0 -440.0 57 -105 223.22099999999992 215.37699999999998 44
4410.0 516.7790000000001 15 4710.0 -300.0 37 -90 166.71699999999996 215.07399999999996 30
4740.0 588.9590000000002 21 4950.0 -210.0 29 -77 298.302 217.44899999999998 21
5060.0 596.652 17 5370.0 -310.0 55 -92 241.133 234.35500000000002 25
4330.0 541.6879999999996 21 4680.0 -350.0 45 -103 199.40099999999995 197.95900000000003 35
5330.0 623.661 22 5580.0 -250.0 44 -89 285.558 251.0429999999999 25
4900.0 490.728 16 5040.0 -140.0 28 -78 188.94099999999997 212.971 14
4840.0 552.4079999999999 20 4980.0 -140.0 28 -88 241.94 218.424 14
4225.0 478.99700000000007 19 4500.0 -285.0 47 -68 205.28700000000003 202.68299999999994 22
4580.0 381.14 14 4740.0 -160.0 32 -72 162.8119999999999 155.13899999999998 16
3480.0 1132.2730000000008 17 4320.0 -900.0 88 -79 227.47899999999998 209.78599999999994 90
4825.0 690.6379999999998 16 5220.0 -515.0 92 -118 205.67099999999994 246.74999999999986 58
4930.0 515.1039999999999 16 5070.0 -140.0 28 -81 219.77899999999994 212.02899999999997 14
3970.0 471.81999999999994 18 4110.0 -140.0 28 -73 234.05699999999993 168.771 14
5380.0 534.0739999999998 21 5640.0 -260.0 52 -95 228.04899999999998 217.26100000000002 26
5240.0 545.29 20 5610.0 -385.0 70 -86 232.874 234.47999999999996 32
5440.0 550.7459999999998 25 5580.0 -140.0 28 -94 219.51999999999995 233.37199999999999 14
3580.0 334.3090000000001 13 3660.0 -80.0 16 -60 155.556 121.487 8
3590.0 443.1249999999999 17 3900.0 -390.0 50 -75 206.63999999999996 142.60299999999998 39
2850.0 1333.621999999999 15 3900.0 -1150.0 92 -76 153.78499999999994 146.483 121
5020.0 566.6309999999999 18 5340.0 -320.0 57 -90 230.25599999999997 245.18000000000006 26
4140.0 648.475 19 4740.0 -705.0 81 -82 237.99099999999996 205.42999999999998 67
4220.0 401.2039999999999 19 4290.0 -70.0 14 -65 163.58400000000003 173.921 7
4250.0 500.0109999999999 21 4470.0 -220.0 38 -72 222.735 196.72400000000005 22
2735.0 408.5210000000001 13 2970.0 -235.0 44 -62 166.32400000000007 143.00099999999998 26
4480.0 490.453 15 4800.0 -350.0 71 -67 226.37999999999997 193.81799999999996 35
4160.0 477.6959999999999 20 4440.0 -280.0 38 -79 171.728 170.34299999999996 28
3630.0 380.65399999999994 17 3780.0 -150.0 25 -68 166.87199999999993 144.414 10
3810.0 422.238 21 4230.0 -430.0 55 -64 192.733 164.751 43
4220.0 572.803 19 4530.0 -310.0 42 -84 260.75100000000003 202.10099999999994 34
3960.0 498.356 16 4200.0 -240.0 41 -82 199.289 192.15599999999998 24
5600.0 629.2410000000001 20 5940.0 -340.0 39 -98 292.84799999999996 251.34299999999993 34
4950.0 622.3629999999998 20 5370.0 -420.0 46 -99 262.563 237.73199999999994 42
3560.0 411.8689999999999 17 3660.0 -100.0 20 -55 206.443 164.57600000000002 10
3430.0 397.977 18 3600.0 -170.0 30 -60 169.44999999999996 156.68900000000002 17
3170.0 395.55400000000003 17 3570.0 -430.0 56 -63 163.822 152.77300000000002 35
3900.0 403.29799999999994 17 4050.0 -250.0 50 -69 181.117 158.056 25
4110.0 506.81399999999985 21 4230.0 -120.0 24 -71 218.64799999999994 197.97699999999998 12
4320.0 498.31 18 4440.0 -120.0 21 -71 220.28600000000003 217.08799999999994 12
3690.0 434.376 16 3990.0 -320.0 45 -71 187.93900000000002 179.45200000000003 32
3690.0 425.41700000000003 17 3810.0 -120.0 24 -67 184.28599999999997 175.02399999999997 12
4260.0 457.466 16 4380.0 -120.0 24 -72 199.37599999999998 179.762 12
4680.0 555.758 17 5160.0 -580.0 76 -94 197.55 230.75799999999992 58
2500.0 303.562 13 2700.0 -200.0 18 -59 108.10799999999999 124.17299999999997 20
5470.0 647.2479999999999 20 5700.0 -230.0 46 -107 264.884 224.91599999999994 23
5820.0 623.8979999999999 19 6120.0 -300.0 55 -113 203.869 263.80299999999994 25
5320.0 489.216 21 5490.0 -170.0 34 -72 234.60599999999997 227.255 17
4090.0 425.37 16 4560.0 -510.0 97 -90 149.99199999999996 168.61399999999998 51
5500.0 555.2919999999999 18 5730.0 -230.0 38 -85 226.47899999999993 223.897 23
4490.0 660.2789999999999 16 4920.0 -430.0 56 -74 192.66600000000003 186.8419999999999 43
4920.0 547.1439999999999 18 5160.0 -240.0 31 -90 229.2999999999999 219.903 24
5850.0 620.139 21 6090.0 -240.0 48 -102 242.111 260.111 24
4800.0 528.5 22 5040.0 -240.0 43 -90 222.599 225.11599999999999 19
5130.0 517.507 22 5310.0 -180.0 36 -87 220.55599999999998 223.56999999999996 18
3580.0 381.48599999999993 18 3690.0 -110.0 22 -61 164.446 161.43699999999995 11
6230.0 668.2160000000001 20 6450.0 -220.0 40 -100 264.73400000000004 273.91399999999993 22
5150.0 536.198 24 5250.0 -100.0 20 -79 256.622 224.95 10
5480.0 553.4479999999999 19 5760.0 -280.0 56 -104 210.035 211.78599999999997 28
4580.0 529.2009999999998 23 4710.0 -130.0 26 -93 216.67099999999996 217.58100000000005 13
5215.0 623.1049999999998 18 5490.0 -275.0 43 -87 253.69599999999994 224.4149999999999 37
4300.0 433.5279999999999 14 4650.0 -350.0 42 -84 172.58599999999998 167.07199999999995 35
4150.0 476.0229999999999 22 4350.0 -200.0 18 -73 223.007 180.85499999999996 20
3510.0 364.81999999999994 17 3780.0 -270.0 36 -67 169.89299999999997 137.81099999999998 27
3690.0 458.1529999999999 20 3990.0 -300.0 41 -67 206.213 180.56499999999994 30
4750.0 527.5769999999998 22 4890.0 -140.0 28 -74 247.6289999999999 214.89299999999994 14
4990.0 525.3219999999999 22 5130.0 -140.0 23 -75 254.05899999999994 228.85999999999999 18
4800.0 643.4309999999999 20 5250.0 -470.0 84 -76 273.755 225.752 41
5270.0 577.5400000000002 19 5550.0 -280.0 50 -86 238.135 232.98799999999994 28
3180.0 392.068 15 3600.0 -420.0 68 -67 158.05599999999998 150.76199999999994 42
5230.0 566.9990000000001 18 5460.0 -230.0 46 -103 214.109 228.50500000000005 23
5330.0 598.405 16 5580.0 -250.0 51 -102 225.29699999999997 247.05199999999996 25
5230.0 531.11 19 5490.0 -260.0 47 -75 250.215 240.01999999999995 21
5620.0 617.859 24 5850.0 -230.0 46 -91 257.28 240.639 23
4190.0 413.70300000000003 22 4380.0 -190.0 32 -63 180.714 191.91000000000005 19
5150.0 512.5089999999999 16 5370.0 -370.0 57 -77 235.49399999999991 204.22899999999998 37
5415.0 576.426 21 5580.0 -165.0 27 -87 247.30400000000006 259.522 11
4400.0 607.072 23 4770.0 -370.0 28 -77 252.675 207.918 37
4680.0 629.7879999999999 17 5400.0 -730.0 92 -111 207.53799999999995 232.727 73
4550.0 462.21700000000004 22 4770.0 -220.0 31 -66 213.65399999999997 210.57499999999996 22
2950.0 356.90799999999996 16 3120.0 -245.0 46 -58 154.166 140.133 22
4750.0 893.2090000000003 20 5280.0 -530.0 49 -84 215.79499999999996 219.30099999999993 53
3765.0 476.076 19 4110.0 -345.0 43 -64 227.04399999999995 194.31 29
3820.0 439.70199999999994 20 4050.0 -230.0 46 -86 167.509 155.727 23
5880.0 606.204 20 6180.0 -300.0 57 -108 237.80699999999996 236.10199999999995 30
4650.0 586.292 19 5010.0 -380.0 57 -91 233.68200000000002 217.02799999999996 38
3170.0 333.29099999999994 14 3270.0 -100.0 20 -56 152.079 123.678 10
4540.0 490.19399999999985 20 4710.0 -170.0 15 -72 207.71699999999998 210.51099999999997 17
4190.0 585.218 15 4710.0 -580.0 62 -98 181.769 212.20899999999997 58
4600.0 610.059 17 4890.0 -290.0 40 -101 209.89100000000002 228.90599999999998 29
4510.0 455.6039999999999 21 4800.0 -290.0 35 -76 190.29999999999995 204.268 29
4150.0 502.04799999999994 19 4470.0 -340.0 69 -87 220.534 181.24999999999994 34
2820.0 303.64699999999993 15 2970.0 -150.0 25 -44 138.71199999999996 132.26999999999995 10
3150.0 462.4109999999999 16 3390.0 -240.0 45 -76 176.251 157.42599999999996 24
3560.0 560.7009999999999 16 3960.0 -400.0 46 -86 201.348 197.925 40
4420.0 494.4779999999999 15 4650.0 -230.0 46 -90 207.91899999999998 179.01 23
5230.0 600.0939999999997 19 5490.0 -260.0 44 -96 246.66600000000003 243.11399999999992 26
3930.0 445.9349999999999 16 4080.0 -150.0 30 -60 220.95299999999995 167.50799999999992 15
4090.0 615.4429999999998 15 4320.0 -230.0 46 -98 255.65099999999995 193.19899999999998 23
3480.0 352.3039999999999 13 3570.0 -90.0 15 -60 143.20199999999997 151.05499999999995 9
3590.0 348.3950000000001 16 3690.0 -100.0 20 -61 141.11 161.14499999999995 10
3880.0 514.8009999999998 18 4050.0 -170.0 22 -60 187.00799999999998 185.38 17
4890.0 491.3629999999999 21 5010.0 -120.0 24 -74 229.36799999999997 215.63000000000002 12
3480.0 402.6539999999999 23 3570.0 -90.0 18 -62 192.31699999999998 150.73100000000002 9
3550.0 373.24499999999995 16 3690.0 -140.0 21 -55 157.00799999999995 171.91900000000004 14
5480.0 539.3269999999999 24 5700.0 -220.0 44 -91 217.98399999999995 215.78899999999996 22
5270.0 501.436 16 5550.0 -280.0 56 -92 143.346 214.35899999999995 28
4620.0 584.073 20 4770.0 -150.0 30 -93 262.226 205.07399999999996 15
4730.0 486.77500000000003 20 4890.0 -160.0 33 -71 236.229 207.07499999999993 16
4090.0 456.28400000000005 17 4380.0 -290.0 39 -76 148.87099999999998 195.99700000000007 29
4270.0 631.8379999999999 21 4830.0 -560.0 50 -87 291.03999999999996 220.86300000000003 56
3880.0 577.5450000000003 20 4140.0 -400.0 50 -87 224.96099999999998 173.281 40
3940.0 504.045 17 4170.0 -230.0 38 -90 203.215 183.889 23
3350.0 397.8620000000001 14 3720.0 -380.0 54 -70 143.12499999999997 146.60999999999996 38
3700.0 1440.9329999999986 19 4590.0 -910.0 75 -66 244.85599999999994 218.49799999999996 85
3950.0 517.2859999999998 19 4320.0 -370.0 30 -77 223.89899999999994 201.75399999999993 37
3130.0 394.89699999999993 15 3330.0 -200.0 40 -56 186.04499999999996 150.19199999999998 20
4140.0 446.4489999999999 16 4350.0 -210.0 32 -83 168.93199999999996 180.93699999999995 15
4430.0 503.793 19 4920.0 -570.0 50 -70 256.1 206.74099999999999 57
4820.0 510.197 19 4980.0 -190.0 38 -87 200.717 210.68499999999997 19
3780.0 544.729 18 4020.0 -360.0 69 -96 191.91400000000002 184.46699999999996 32
4680.0 538.4789999999998 22 4950.0 -270.0 39 -85 220.32399999999998 207.25099999999995 27
4610.0 558.488 22 4830.0 -360.0 62 -79 256.17999999999995 208.79599999999996 36
4450.0 416.585 20 4620.0 -170.0 26 -77 171.779 181.45899999999997 12
4080.0 448.99200000000013 19 4410.0 -360.0 51 -62 202.334 181.74599999999998 36
6070.0 532.307 19 6240.0 -170.0 34 -101 221.00000000000003 234.3969999999999 17
4530.0 442.37399999999997 18 4650.0 -270.0 55 -74 183.98299999999995 188.61599999999999 27
3550.0 434.1069999999999 18 3690.0 -140.0 24 -76 177.72199999999995 159.17299999999994 14
5450.0 578.1610000000001 20 5730.0 -280.0 56 -93 243.38399999999996 250.66799999999998 28
4620.0 523.453 18 4770.0 -150.0 25 -70 265.22099999999995 218.76999999999998 10
5460.0 597.4659999999999 21 5610.0 -150.0 30 -88 278.7009999999999 253.99999999999994 15
4660.0 528.9399999999998 18 5130.0 -620.0 77 -96 194.67899999999995 214.09599999999995 62
4815.0 586.9520000000002 22 5070.0 -255.0 37 -83 274.674 234.47999999999996 25
3780.0 443.8299999999998 18 3930.0 -150.0 30 -60 211.10099999999997 180.18099999999993 15
3625.0 413.90999999999997 15 3840.0 -215.0 37 -70 167.73000000000002 170.512 16
6200.0 633.6439999999999 22 6480.0 -280.0 44 -93 272.611 288.873 22
3620.0 461.099 19 3810.0 -190.0 38 -75 204.02200000000002 164.77599999999993 19
4820.0 537.1600000000001 22 4980.0 -160.0 32 -83 231.47999999999996 229.88499999999993 16
4920.0 617.336 19 5160.0 -240.0 45 -92 277.622 224.439 26
5770.0 667.805 27 5910.0 -140.0 28 -90 322.391 268.42 14
4965.0 453.4149999999999 20 5190.0 -465.0 59 -84 184.322 200.99399999999991 39
4850.0 534.0389999999999 18 5190.0 -340.0 49 -92 224.888 210.341 34
5380.0 575.9849999999999 21 5670.0 -330.0 61 -89 247.454 253.89400000000003 28
4755.0 527.3849999999999 19 4920.0 -165.0 23 -82 224.12999999999997 201.50599999999994 33
5430.0 547.665 16 5610.0 -180.0 36 -90 232.694 251.36099999999993 18
5150.0 583.85 19 5520.0 -380.0 72 -90 244.999 250.27099999999996 33
5430.0 514.6489999999999 21 5520.0 -90.0 18 -77 222.71999999999997 244.89599999999996 9
5050.0 517.7259999999998 18 5250.0 -200.0 36 -93 210.89 214.9869999999999 20
4060.0 539.934 20 4470.0 -410.0 63 -83 204.87099999999998 197.77199999999993 41
4270.0 543.4800000000001 17 4500.0 -230.0 46 -91 207.57 190.428 23
5290.0 607.5889999999997 19 5580.0 -290.0 52 -115 213.17299999999994 238.91699999999994 23
3700.0 417.89599999999984 15 3900.0 -200.0 33 -68 175.65699999999993 172.64699999999996 20
4050.0 469.11599999999993 19 4380.0 -330.0 37 -72 197.10099999999994 190.319 33
4100.0 467.71999999999986 20 4260.0 -160.0 32 -68 193.68799999999996 179.50199999999995 16
4270.0 430.1600000000001 22 4470.0 -200.0 29 -77 171.928 173.62300000000002 15
4960.0 581.7350000000002 20 5280.0 -320.0 44 -98 226.266 232.40899999999996 42
3370.0 292.7229999999999 15 3600.0 -230.0 35 -63 120.399 100.80999999999999 17
4290.0 539.8539999999999 17 4620.0 -330.0 61 -72 227.272 189.66799999999995 37
3380.0 360.8569999999999 16 3540.0 -160.0 32 -61 153.11099999999993 153.56400000000002 16
3320.0 444.0860000000001 19 3570.0 -250.0 38 -74 201.59699999999998 144.12200000000004 30
4460.0 551.974 15 4680.0 -400.0 74 -100 186.405 198.98299999999998 34
4320.0 549.615 23 4710.0 -450.0 48 -78 255.28 203.82699999999997 45
5030.0 529.7709999999998 20 5220.0 -190.0 38 -78 212.12599999999995 243.44999999999996 19
3940.0 454.3950000000001 17 4260.0 -320.0 40 -66 180.91100000000006 183.777 32
4350.0 573.9090000000001 20 4530.0 -240.0 43 -89 256.329 184.82599999999996 30
4770.0 543.3710000000001 19 4920.0 -170.0 34 -70 284.149 213.571 17
3850.0 504.538 22 4140.0 -300.0 60 -75 214.522 179.26299999999998 30
4670.0 640.2819999999999 18 4950.0 -280.0 37 -87 274.477 256.69599999999997 28
3550.0 444.38599999999997 15 3870.0 -320.0 41 -67 185.41 167.853 32
4770.0 522.1869999999998 20 4980.0 -210.0 42 -89 218.029 220.566 21
4760.0 384.255 19 4950.0 -190.0 38 -67 158.272 172.50199999999998 19
4880.0 532.363 20 5130.0 -340.0 63 -100 201.60899999999995 212.897 38
4090.0 488.71500000000003 19 4410.0 -320.0 43 -84 215.09599999999995 185.84699999999995 32
5330.0 532.498 21 5430.0 -550.0 61 -89 187.55199999999994 222.873 55
4420.0 488.37399999999985 18 4620.0 -200.0 31 -72 204.89100000000002 199.658 14
4900.0 501.1619999999999 18 5070.0 -170.0 27 -76 198.851 230.618 17
5250.0 582.1289999999999 17 5580.0 -480.0 71 -93 232.26299999999992 251.481 52
5410.0 614.7190000000003 19 5730.0 -340.0 68 -100 249.57399999999996 219.49499999999995 34
3850.0 483.023 18 4050.0 -200.0 18 -69 237.67699999999994 172.85299999999998 20
3990.0 479.63999999999993 19 4290.0 -300.0 37 -71 214.87600000000003 194.22799999999995 30
5010.0 508.77099999999984 19 5220.0 -210.0 42 -84 194.56600000000003 199.17699999999994 21
4890.0 551.0140000000002 15 5100.0 -210.0 42 -99 214.91599999999997 198.065 21
4120.0 544.026 18 4590.0 -470.0 56 -98 184.516 182.753 47
3810.0 463.77399999999994 17 3960.0 -150.0 30 -71 201.514 176.92699999999994 15
3430.0 392.1629999999998 16 3630.0 -245.0 34 -65 157.988 152.322 34
5950.0 626.4440000000001 21 6060.0 -110.0 22 -84 296.414 265.0189999999999 11
5700.0 696.7829999999998 20 6180.0 -490.0 95 -110 280.48799999999994 287.42400000000004 49
4330.0 504.84399999999994 21 4620.0 -290.0 47 -77 226.18400000000005 197.69899999999998 29
4830.0 420.9360000000001 16 5160.0 -350.0 37 -75 164.599 191.197 35
6660.0 578.4129999999999 16 7020.0 -480.0 80 -113 186.12599999999998 217.006 48
4640.0 532.7359999999999 21 4890.0 -250.0 42 -78 231.49199999999996 226.8799999999999 18
5310.0 450.22799999999995 18 5400.0 -90.0 18 -80 198.22299999999998 191.48199999999997 9
3200.0 399.75899999999984 11 3360.0 -160.0 32 -65 127.59899999999999 144.113 16
4205.0 536.7969999999999 17 4470.0 -265.0 47 -89 206.85 203.04899999999998 21
4300.0 564.3170000000002 18 4800.0 -510.0 63 -74 250.83000000000004 229.327 51
4950.0 534.8259999999998 20 5130.0 -320.0 65 -79 233.50499999999994 225.553 32
4670.0 481.90199999999993 19 4770.0 -100.0 20 -79 216.97299999999996 205.35899999999995 10
5080.0 611.7069999999998 16 5370.0 -290.0 53 -103 196.50099999999998 248.74999999999997 33
3160.0 379.9109999999999 15 3330.0 -350.0 64 -65 139.95499999999998 143.33299999999997 41
5180.0 507.296 20 5460.0 -280.0 27 -83 184.242 229.01299999999992 28
5170.0 564.954 22 5400.0 -230.0 46 -88 232.309 213.69699999999997 23
3735.0 532.0879999999997 18 4080.0 -345.0 63 -89 217.62799999999993 172.10599999999997 29
3740.0 1571.6899999999978 20 4710.0 -970.0 80 -65 255.7249999999999 188.46099999999993 97
4290.0 1213.489 16 5070.0 -820.0 73 -90 234.51999999999998 211.97599999999994 77
3840.0 405.0729999999999 17 4020.0 -180.0 29 -69 160.49999999999997 171.808 12
4485.0 620.8730000000002 17 4710.0 -225.0 37 -89 266.1699999999999 194.72899999999998 30
4560.0 424.6919999999998 19 4830.0 -270.0 45 -80 163.72599999999997 177.517 18
3800.0 438.89799999999997 18 4050.0 -250.0 33 -66 182.479 176.694 25
4100.0 445.39799999999997 17 4200.0 -100.0 20 -58 231.316 194.91199999999998 10
3280.0 415.4139999999999 17 3390.0 -110.0 22 -73 156.44999999999993 146.98199999999997 11
5090.0 528.3609999999999 17 5340.0 -250.0 42 -88 229.51799999999997 217.89199999999997 25
4370.0 500.84399999999994 24 4560.0 -190.0 38 -76 233.15300000000002 210.26699999999994 19
5380.0 550.9159999999997 18 5430.0 -50.0 10 -74 274.5049999999998 237.92599999999993 5
3290.0 391.36399999999986 19 3990.0 -700.0 75 -62 180.15499999999994 157.45399999999995 70
3060.0 1871.9689999999994 12 4170.0 -1110.0 94 -80 192.1 196.57899999999995 111
4430.0 531.1170000000001 18 4860.0 -430.0 51 -94 201.254 201.449 43
5860.0 608.0249999999999 23 6240.0 -380.0 48 -86 284.3749999999999 272.38000000000005 38
4135.0 699.789 16 4950.0 -965.0 68 -93 189.09199999999998 195.874 169
4450.0 577.268 19 4860.0 -410.0 36 -101 236.21800000000002 208.15599999999995 41
4180.0 570.009 17 4590.0 -450.0 63 -83 260.5809999999999 207.468 40
4580.0 508.20300000000003 20 4890.0 -350.0 46 -81 220.52700000000002 217.02000000000004 35
7590.0 639.915 24 7890.0 -300.0 61 -114 293.114 234.599 30
4390.0 461.20899999999995 15 4500.0 -110.0 22 -89 154.78399999999996 186.033 11
4320.0 443.53499999999985 18 4590.0 -280.0 56 -75 176.006 169.56900000000002 28
3710.0 445.5559999999999 20 4020.0 -320.0 65 -77 193.20299999999997 169.698 32
4880.0 638.4770000000003 20 5220.0 -340.0 34 -98 250.51600000000008 194.27099999999993 38
3490.0 453.72100000000006 18 3600.0 -110.0 22 -71 195.14999999999998 149.34900000000002 11
4370.0 502.4619999999999 25 4650.0 -290.0 58 -71 238.86399999999992 210.15000000000003 29
4680.0 466.1869999999999 21 4800.0 -120.0 24 -68 217.97099999999992 203.705 12
4010.0 443.646 18 4260.0 -250.0 28 -72 168.47699999999998 189.10499999999996 25
5050.0 531.709 19 5190.0 -230.0 46 -75 265.23199999999997 203.65999999999997 23
4150.0 413.048 16 4320.0 -170.0 15 -62 193.60999999999999 177.82499999999996 17
3540.0 417.1 16 3930.0 -460.0 66 -57 221.22800000000004 164.079 69
5810.0 630.3220000000001 19 6210.0 -420.0 85 -98 247.519 277.8549999999999 42
4080.0 500.15299999999996 19 4440.0 -360.0 32 -81 200.091 189.98700000000002 36
3785.0 489.47200000000004 17 4320.0 -535.0 57 -88 200.04199999999997 158.527 55
3750.0 375.36699999999996 14 4260.0 -540.0 66 -63 137.88499999999996 165.71599999999998 54
6170.0 622.836 20 6450.0 -280.0 50 -114 247.7539999999999 266.61799999999994 22
4320.0 517.0419999999998 17 4500.0 -180.0 36 -83 204.25899999999996 212.30499999999995 18
4690.0 482.377 16 4890.0 -200.0 41 -84 189.328 220.38 20
4420.0 478.0799999999999 17 4620.0 -200.0 31 -96 155.13399999999996 171.95299999999995 20
4760.0 539.327 20 4920.0 -160.0 32 -76 235.57699999999997 236.56399999999996 16
3730.0 425.79999999999995 16 3870.0 -140.0 28 -70 182.85899999999995 174.84300000000002 14
4025.0 505.995 15 4320.0 -435.0 80 -94 195.29199999999997 183.58599999999998 36
4940.0 667.135 18 5190.0 -250.0 31 -91 284.56199999999995 248.248 25
4095.0 467.91399999999976 19 4290.0 -195.0 32 -65 220.27699999999996 184.33499999999998 13
5510.0 632.2840000000001 22 6030.0 -570.0 65 -105 242.64300000000003 267.1319999999999 57
4150.0 459.762 20 4470.0 -570.0 67 -74 213.64399999999998 173.95699999999997 57
5120.0 647.664 18 5580.0 -500.0 57 -83 306.65899999999993 252.95699999999997 50
3450.0 506.4040000000002 16 3810.0 -370.0 75 -77 218.653 168.46200000000005 37
3510.0 343.639 18 3630.0 -120.0 24 -53 157.91699999999994 154.46 12
5430.0 559.829 16 5640.0 -210.0 35 -107 215.36299999999991 236.89899999999997 14
5120.0 578.7980000000001 19 5310.0 -250.0 50 -100 238.27099999999996 217.77999999999994 25
3970.0 1109.7399999999998 18 4440.0 -470.0 36 -80 239.13699999999997 226.02899999999997 47
4890.0 522.753 18 5040.0 -150.0 30 -89 229.327 196.18199999999996 15
4460.0 485.1969999999999 17 4650.0 -190.0 38 -84 173.98999999999998 206.50799999999992 19
7720.0 635.5589999999996 18 8070.0 -350.0 71 -108 229.47799999999992 239.0309999999999 35
3490.0 445.018 19 3660.0 -210.0 42 -66 205.13099999999994 162.98899999999998 21
4810.0 462.07699999999994 20 4920.0 -110.0 22 -66 226.361 199.24599999999995 11
4650.0 521.936 18 4860.0 -210.0 42 -89 189.157 222.01999999999998 21
5705.0 545.0989999999999 23 5940.0 -235.0 33 -78 252.0769999999999 254.41999999999993 25
5620.0 585.4830000000002 18 5790.0 -170.0 34 -94 219.48399999999998 248.3559999999999 17
3110.0 380.6050000000001 17 3270.0 -160.0 25 -68 146.569 143.88499999999996 16
3950.0 490.5650000000001 15 4200.0 -250.0 47 -89 167.246 185.87 25
5600.0 638.936 21 5880.0 -320.0 56 -86 318.13000000000005 236.841 25
5500.0 614.702 21 5850.0 -430.0 75 -98 201.523 238.65799999999993 43
4710.0 470.6519999999999 17 4890.0 -180.0 36 -73 189.287 212.54699999999997 18
4530.0 600.5499999999997 19 4770.0 -240.0 48 -93 268.58 209.51699999999997 24
3630.0 465.08599999999996 19 3990.0 -360.0 40 -69 214.39999999999995 177.83999999999995 36
5985.0 586.9699999999998 23 6180.0 -195.0 32 -84 269.19699999999995 278.148 13
4925.0 603.247 16 5370.0 -445.0 38 -93 232.08 238.65299999999996 58
3300.0 388.6119999999999 12 3450.0 -150.0 25 -59 182.86699999999996 157.4809999999999 10
4850.0 503.0179999999999 24 5070.0 -260.0 52 -76 218.63600000000002 214.454 26
3730.0 397.396 19 3870.0 -140.0 12 -62 180.04199999999997 161.78899999999996 14
4500.0 451.1570000000002 19 4830.0 -330.0 29 -73 204.23899999999995 195.18099999999995 33
5390.0 589.4510000000001 20 5580.0 -190.0 38 -89 248.04500000000004 244.50799999999998 19
4850.0 559.463 21 5010.0 -250.0 43 -82 262.341 231.886 25
3650.0 456.6189999999999 17 4200.0 -550.0 35 -69 161.004 153.85699999999997 99
5470.0 527.835 21 5580.0 -110.0 22 -77 243.82899999999992 240.48399999999998 11
5440.0 714.2799999999999 20 5700.0 -260.0 44 -112 264.786 263.27599999999995 26
4995.0 531.3829999999999 23 5160.0 -165.0 27 -77 257.577 222.614 11
4320.0 474.7169999999998 17 4470.0 -150.0 30 -84 179.50799999999995 197.77699999999993 15
4490.0 442.08399999999995 19 4710.0 -220.0 44 -78 171.22699999999995 186.49999999999997 22
4380.0 615.5300000000001 17 4740.0 -360.0 57 -89 247.7599999999999 197.24299999999997 36
4910.0 423.9509999999999 20 4980.0 -70.0 14 -68 198.45999999999998 181.222 7
5070.0 551.891 16 5370.0 -300.0 41 -88 211.361 240.05999999999997 30
4515.0 477.04699999999997 17 4860.0 -360.0 63 -93 181.78899999999996 180.41499999999996 28
3060.0 425.7129999999999 18 3240.0 -180.0 36 -72 173.63899999999998 149.956 18
4960.0 507.65099999999995 19 5070.0 -110.0 22 -70 231.73599999999996 224.04699999999994 11
5310.0 557.7089999999998 18 5550.0 -240.0 43 -93 219.45099999999988 217.93699999999993 20
4510.0 477.22 16 4710.0 -200.0 18 -72 234.55900000000003 183.68499999999997 20
4320.0 527.5830000000001 22 4680.0 -380.0 50 -85 243.26099999999994 197.21499999999995 38
5130.0 538.7319999999999 17 5370.0 -240.0 48 -89 207.19699999999995 209.01000000000002 24
3810.0 433.94599999999997 16 3930.0 -120.0 24 -77 137.278 183.40699999999998 12
3570.0 437.6069999999999 13 3900.0 -330.0 44 -86 127.01899999999999 173.20500000000004 33
3820.0 437.9089999999998 18 4020.0 -200.0 34 -63 205.07699999999997 176.35799999999998 25
3090.0 415.983 20 3540.0 -480.0 63 -62 194.53499999999997 149.94299999999998 48
5695.0 631.4870000000001 22 6030.0 -335.0 61 -106 281.36899999999997 243.97799999999998 28
5290.0 650.3670000000002 22 5700.0 -420.0 85 -86 282.71699999999987 273.331 42
4630.0 499.97199999999975 21 4950.0 -350.0 51 -66 227.89599999999993 212.76399999999992 35
5380.0 571.5680000000001 19 5670.0 -440.0 70 -85 244.95699999999994 263.80799999999994 44
4270.0 589.1789999999999 19 4590.0 -400.0 71 -85 257.27899999999994 213.78200000000004 40
3960.0 475.37800000000004 20 4170.0 -210.0 29 -71 226.17599999999996 182.59799999999996 26
3740.0 456.05600000000004 14 3930.0 -190.0 38 -78 209.38299999999995 134.47699999999998 19
4760.0 509.5509999999999 20 4860.0 -100.0 20 -74 238.46200000000002 225.31399999999994 10
5100.0 586.802 22 5310.0 -210.0 19 -76 294.088 224.654 21
4480.0 530.8950000000001 16 4620.0 -140.0 28 -76 219.726 211.90899999999993 14
4680.0 564.269 23 4800.0 -120.0 24 -89 249.582 198.211 12
5530.0 695.923 20 6060.0 -580.0 105 -101 285.34599999999995 293.43499999999995 51
3560.0 426.854 16 3720.0 -260.0 47 -71 153.75699999999998 135.20699999999997 26
3000.0 387.655 19 3150.0 -150.0 25 -62 177.07199999999997 141.00100000000006 10
5695.0 619.0759999999999 19 6060.0 -365.0 53 -110 255.11999999999995 245.468 31
5650.0 755.5719999999999 20 6120.0 -470.0 64 -109 308.41400000000004 267.267 47
3430.0 403.10699999999986 17 3570.0 -140.0 28 -58 173.82899999999995 159.81099999999998 14
3340.0 392.02200000000005 13 3630.0 -290.0 36 -66 153.292 161.09099999999998 29
5650.0 696.923 23 6090.0 -450.0 83 -97 298.768 255.75999999999996 45
4425.0 510.3929999999999 19 4620.0 -195.0 32 -85 220.79100000000003 195.52599999999995 13
4010.0 521.7129999999999 20 4230.0 -220.0 44 -75 227.27299999999994 197.72999999999996 22
5110.0 451.92499999999995 18 5250.0 -140.0 28 -83 187.323 196.10899999999998 14
4420.0 436.938 16 4710.0 -290.0 26 -75 176.215 187.248 29
3190.0 396.4339999999999 15 3510.0 -365.0 60 -62 178.13599999999994 156.392 29
3610.0 453.004 19 3930.0 -330.0 67 -68 197.37899999999996 187.11399999999995 33
5020.0 511.0999999999999 21 5160.0 -140.0 28 -65 257.26199999999994 236.49799999999996 14
4350.0 512.2039999999998 15 4560.0 -210.0 32 -80 191.95799999999997 200.89999999999998 21
4700.0 500.19 19 4830.0 -130.0 26 -75 238.315 205.458 13
5610.0 546.2760000000001 24 5940.0 -390.0 46 -83 264.56100000000004 237.27499999999998 39
4330.0 509.6659999999998 20 4590.0 -260.0 45 -81 214.19099999999992 199.76999999999998 26
4290.0 413.806 18 4470.0 -180.0 36 -74 166.54000000000002 182.67399999999998 18
3550.0 448.23199999999997 19 3720.0 -210.0 42 -70 195.91499999999996 165.80699999999996 21
3380.0 433.31899999999996 16 3690.0 -345.0 44 -67 202.127 156.904 42
3920.0 455.0449999999999 19 4080.0 -160.0 32 -80 174.22900000000004 180.828 16
4235.0 497.44299999999987 17 4470.0 -235.0 41 -88 194.14599999999996 203.49299999999997 18
4660.0 518.1749999999998 16 4980.0 -320.0 52 -86 195.08800000000002 216.0379999999999 27
3765.0 433.26099999999985 20 3960.0 -195.0 36 -69 182.72 177.12699999999995 23
5480.0 602.3670000000001 19 5700.0 -220.0 39 -102 237.62099999999998 228.92099999999994 22
4340.0 418.645 16 4500.0 -160.0 32 -70 162.775 186.30499999999995 16
3630.0 377.5149999999999 17 3810.0 -180.0 29 -63 165.765 157.83299999999997 18
5130.0 486.35999999999996 18 5370.0 -240.0 40 -78 213.56399999999996 214.48399999999998 16
4940.0 478.3399999999999 20 5100.0 -160.0 32 -78 216.79699999999994 198.93499999999995 16
4780.0 364.06699999999984 17 4890.0 -110.0 22 -69 143.173 167.30699999999996 11
3330.0 465.79699999999997 20 3780.0 -460.0 67 -69 210.16499999999996 173.04399999999998 46
4310.0 497.62400000000014 18 4470.0 -160.0 32 -67 231.85299999999998 205.94000000000005 16
4780.0 477.10699999999997 18 5040.0 -300.0 60 -96 161.21299999999997 188.894 30
4280.0 495.3229999999999 18 4440.0 -160.0 32 -85 191.04599999999996 177.749 16
3250.0 365.17599999999993 16 3480.0 -230.0 37 -54 153.773 147.64399999999998 23
6510.0 591.285 21 6750.0 -240.0 43 -108 192.46799999999996 266.234 24
3310.0 409.204 17 3570.0 -280.0 37 -62 192.49700000000004 154.31 28
4280.0 625.372 19 4710.0 -430.0 42 -103 240.43799999999996 223.27299999999994 51
4740.0 525.757 20 4980.0 -390.0 66 -84 205.19 214.39999999999995 34
3760.0 480.9149999999999 15 3930.0 -170.0 34 -66 225.8439999999999 165.35299999999998 17
5430.0 607.9879999999998 24 5730.0 -300.0 47 -86 276.63199999999995 257.53099999999995 30
5165.0 522.502 18 5490.0 -325.0 52 -97 186.65599999999998 234.47700000000006 27
4160.0 480.98199999999997 16 4290.0 -130.0 26 -71 212.346 172.029 13
4170.0 491.28899999999993 18 4980.0 -910.0 108 -92 159.801 201.94299999999996 91
3970.0 558.6959999999998 18 4350.0 -410.0 61 -73 220.80199999999996 200.96699999999993 41
2930.0 440.8519999999999 17 3270.0 -385.0 60 -63 199.28599999999994 146.826 43
5810.0 592.4629999999997 22 5970.0 -160.0 32 -93 253.39399999999995 248.428 16
3980.0 472.63399999999996 17 4200.0 -220.0 44 -82 202.70499999999993 159.76 22
5370.0 629.0929999999998 18 5670.0 -300.0 54 -116 210.89199999999994 259.4059999999999 24
5130.0 614.7669999999999 16 5340.0 -210.0 35 -91 269.69699999999995 234.34699999999995 26
4060.0 404.59099999999995 17 4170.0 -110.0 22 -65 188.83399999999997 167.38299999999998 11
3330.0 453.7 14 3540.0 -210.0 29 -71 185.77900000000002 161.183 21
4810.0 648.78 23 5100.0 -290.0 26 -81 290.85799999999995 220.32100000000003 29
3490.0 421.85799999999995 18 3780.0 -290.0 25 -55 205.416 169.942 29
3940.0 549.0780000000001 17 4290.0 -350.0 40 -84 248.79800000000003 187.24699999999999 35
3960.0 522.6609999999998 15 4470.0 -510.0 55 -82 202.683 191.129 51
5290.0 585.5179999999999 18 5550.0 -470.0 76 -88 242.413 231.91499999999996 47
4270.0 457.3789999999999 21 4470.0 -200.0 31 -63 213.54400000000007 197.04099999999997 14
6120.0 570.9049999999999 18 6270.0 -270.0 55 -95 222.14599999999996 255.13899999999998 27
6590.0 698.4580000000001 17 6960.0 -370.0 53 -114 293.693 271.235 37
4300.0 479.866 18 4440.0 -140.0 28 -72 203.25099999999998 200.83899999999994 14
4520.0 529.6450000000001 18 4770.0 -250.0 22 -76 258.248 204.37899999999996 25
5150.0 503.9419999999999 20 5250.0 -100.0 20 -83 200.7259999999999 237.00599999999997 10
4090.0 510.3499999999997 21 4590.0 -515.0 65 -77 213.87199999999993 189.51500000000001 43
5580.0 543.799 24 5760.0 -180.0 36 -86 231.3569999999999 250.27599999999995 18
6370.0 627.5909999999998 20 6570.0 -200.0 40 -98 272.0299999999999 266.10299999999995 20
4860.0 616.2309999999999 18 5250.0 -390.0 55 -104 190.78699999999995 220.55200000000002 39
4530.0 547.8279999999997 15 4890.0 -380.0 63 -70 203.98 197.9669999999999 38
3360.0 476.107 18 3600.0 -240.0 48 -73 190.61800000000005 167.823 24
4420.0 502.10299999999984 18 4710.0 -350.0 51 -88 182.55999999999992 215.39700000000002 35
4320.0 529.49 26 4530.0 -210.0 30 -79 231.68000000000004 169.265 21
5470.0 573.35 19 5670.0 -200.0 40 -105 206.20700000000002 232.46599999999998 20
4710.0 490.9180000000001 16 4980.0 -270.0 46 -93 203.35200000000003 191.669 27
3240.0 494.4399999999999 19 3720.0 -520.0 66 -71 237.49199999999996 170.211 52
4700.0 643.7749999999999 17 4920.0 -220.0 44 -93 277.01000000000005 237.47899999999993 22
2950.0 500.9349999999999 18 3480.0 -570.0 58 -60 222.383 168.04599999999996 57
4650.0 523.2989999999998 20 4920.0 -270.0 51 -77 214.10399999999998 222.53999999999996 27
3020.0 351.205 15 3150.0 -130.0 21 -58 132.20599999999996 140.74499999999998 13
4660.0 553.1319999999997 21 5040.0 -380.0 45 -91 212.2009999999999 202.06899999999996 38
6090.0 538.8079999999999 20 6270.0 -180.0 37 -81 252.48699999999997 250.45 18
4440.0 486.34599999999995 20 4680.0 -240.0 39 -98 192.021 165.50699999999995 16
4920.0 552.4350000000001 16 5040.0 -120.0 24 -79 257.128 227.27899999999997 12
4710.0 432.42799999999977 15 5220.0 -570.0 64 -76 141.097 199.23199999999997 57
4940.0 455.4980000000001 19 5220.0 -280.0 34 -93 172.11100000000002 185.97099999999995 28
4390.0 502.987 17 4620.0 -230.0 46 -75 217.297 209.41600000000003 23
3800.0 492.442 17 3960.0 -160.0 32 -74 210.14999999999998 174.929 16
3680.0 413.876 13 3750.0 -70.0 14 -71 199.58499999999998 143.174 7
2270.0 280.247 17 2460.0 -230.0 46 -39 130.34099999999998 105.856 23
5030.0 566.241 18 5370.0 -340.0 52 -103 206.802 216.203 35
4800.0 452.88899999999984 20 4950.0 -150.0 25 -83 171.583 211.585 10
5890.0 596.063 17 6150.0 -260.0 52 -110 222.74799999999996 227.79699999999994 26
4310.0 506.5669999999999 21 4410.0 -100.0 20 -71 251.71099999999993 199.60200000000003 10
3570.0 508.28499999999985 13 4080.0 -610.0 87 -69 171.502 167.58100000000002 61
4900.0 589.3149999999998 19 5310.0 -560.0 61 -84 252.30200000000002 236.63800000000006 56
4390.0 533.419 21 4710.0 -340.0 70 -91 227.54500000000002 202.677 34
3375.0 370.42900000000003 18 3570.0 -195.0 32 -68 138.03399999999996 155.10599999999994 13
3060.0 1255.4360000000008 15 3810.0 -750.0 60 -60 221.22399999999993 143.95899999999997 75
5060.0 440.97699999999986 17 5280.0 -220.0 41 -78 186.532 173.14099999999996 22
5170.0 513.911 15 5280.0 -110.0 22 -75 225.17099999999996 245.72799999999995 11
4510.0 538.048 19 4740.0 -230.0 26 -89 227.34599999999992 211.64199999999994 23
4830.0 571.7449999999999 19 5340.0 -510.0 62 -97 191.38399999999996 246.776 51
3610.0 468.57 18 3780.0 -170.0 28 -61 219.04599999999996 170.70299999999997 17
3740.0 421.08799999999985 16 3900.0 -160.0 25 -66 170.41399999999993 177.73799999999997 16
4520.0 494.12699999999995 18 4710.0 -190.0 38 -87 200.60699999999997 205.697 19
4430.0 606.3899999999999 17 4680.0 -400.0 77 -102 233.41099999999994 209.862 40
4940.0 486.3530000000002 26 5040.0 -100.0 20 -78 217.79399999999998 214.71399999999994 10
4320.0 500.3149999999998 21 4560.0 -240.0 21 -76 202.45399999999995 219.68699999999995 24
3800.0 472.29 15 4020.0 -220.0 33 -83 165.14799999999994 178.01899999999995 22
3805.0 888.6899999999999 16 5040.0 -1325.0 74 -82 219.16299999999998 205.20899999999992 243
2910.0 860.9990000000001 17 3480.0 -580.0 42 -53 197.367 140.904 58
4410.0 439.75200000000007 18 4530.0 -120.0 24 -75 171.42499999999998 183.364 12
4230.0 487.66799999999995 20 4440.0 -210.0 41 -85 206.5 186.933 20
3800.0 453.056 16 4050.0 -250.0 50 -74 158.91799999999998 176.02099999999996 25
5320.0 545.543 19 5460.0 -140.0 28 -82 263.45399999999995 229.70999999999995 14
5865.0 626.1080000000003 24 6090.0 -225.0 37 -101 302.589 242.8869999999999 15
5200.0 498.21400000000006 19 5370.0 -170.0 34 -92 179.86100000000002 225.29700000000003 17
5230.0 503.443 23 5490.0 -300.0 61 -79 216.99399999999997 221.966 30
4030.0 441.18699999999995 20 4140.0 -110.0 22 -68 193.64999999999998 175.776 11
5630.0 575.4919999999997 18 6000.0 -380.0 77 -101 202.54699999999997 254.91299999999998 38
4190.0 567.476 22 4500.0 -310.0 41 -89 243.9740000000001 195.164 31
4610.0 500.80800000000005 21 4890.0 -280.0 37 -71 248.15199999999993 206.59199999999998 28
5080.0 539.369 23 5400.0 -340.0 58 -83 237.11199999999994 239.66899999999995 34
4250.0 539.0290000000002 17 4470.0 -220.0 29 -94 219.53099999999998 202.05400000000003 22
5590.0 509.1949999999999 18 5820.0 -380.0 60 -83 206.72699999999998 232.29899999999986 38
3330.0 1697.7869999999991 14 4380.0 -1050.0 89 -75 237.79799999999997 182.93999999999994 105
4485.0 433.7209999999999 17 4710.0 -225.0 37 -69 180.40599999999998 189.423 15
3900.0 427.7219999999999 20 4050.0 -150.0 24 -67 186.78699999999998 176.208 15
3610.0 813.8329999999999 18 4020.0 -410.0 41 -71 241.06899999999996 166.395 41
5110.0 596.9689999999999 19 5340.0 -230.0 46 -102 234.96699999999998 245.12100000000004 23
4470.0 508.327 19 4740.0 -270.0 49 -81 196.78700000000003 223.99599999999995 22
3205.0 351.31899999999996 13 3540.0 -435.0 78 -59 140.74200000000002 140.12899999999993 37
3360.0 598.9619999999996 14 3870.0 -510.0 45 -70 168.51299999999998 201.754 51
3880.0 492.8510000000001 17 4170.0 -300.0 55 -71 217.19499999999996 182.382 26
3540.0 394.22400000000016 18 3930.0 -435.0 72 -71 158.947 162.49699999999999 29
4260.0 530.156 20 4380.0 -120.0 24 -78 220.17199999999994 199.17999999999998 12
5720.0 533.6549999999999 19 5940.0 -220.0 44 -90 204.772 232.27999999999997 22
3980.0 510.21899999999994 20 4170.0 -310.0 63 -77 229.46 187.886 31
4690.0 528.8459999999999 17 4980.0 -330.0 59 -86 195.78799999999993 218.00799999999995 33
3375.0 420.1949999999999 19 3540.0 -165.0 27 -58 199.812 171.41999999999993 11
3560.0 1555.698 21 4470.0 -910.0 76 -64 208.41999999999996 181.92799999999994 91
4190.0 442.03499999999997 18 4290.0 -100.0 20 -75 189.942 180.73599999999993 10
4130.0 502.39699999999993 17 4410.0 -460.0 86 -83 200.01299999999995 192.82899999999998 40
3600.0 428.1919999999998 18 3900.0 -320.0 37 -66 184.91099999999992 169.027 32
6055.0 654.9449999999997 21 6420.0 -385.0 73 -106 245.64899999999997 285.69699999999995 42
4650.0 546.461 22 4980.0 -470.0 56 -94 202.766 232.48899999999995 47
3660.0 510.2209999999999 16 3960.0 -320.0 65 -79 216.18699999999998 172.881 32
4320.0 2110.0930000000008 14 5100.0 -820.0 71 -71 195.42499999999995 210.36499999999998 82
4150.0 474.36600000000004 17 4350.0 -200.0 21 -66 185.109 197.69299999999996 20
4160.0 467.23800000000006 22 4440.0 -280.0 37 -77 208.24299999999994 180.42799999999997 28
5430.0 593.313 19 5580.0 -150.0 30 -96 258.183 230.99699999999999 15
4185.0 648.7499999999999 15 4950.0 -765.0 33 -90 185.16799999999998 197.24499999999998 133
4200.0 449.7319999999999 18 4350.0 -150.0 30 -68 207.31199999999993 179.776 15
4520.0 519.011 16 4740.0 -220.0 44 -87 183.06199999999998 205.38899999999998 22
4220.0 431.327 20 4320.0 -100.0 20 -70 182.13399999999996 196.18099999999998 10
4170.0 436.59999999999997 16 4440.0 -270.0 54 -85 164.88199999999998 170.047 27
3590.0 452.2139999999999 17 4140.0 -570.0 76 -71 184.50600000000003 187.74099999999993 57
4370.0 443.7229999999999 16 4800.0 -480.0 42 -70 203.045 173.40899999999996 48
4440.0 527.937 19 4620.0 -180.0 30 -76 235.07500000000005 216.01099999999997 12
3570.0 964.4469999999998 19 4260.0 -780.0 84 -74 237.70799999999997 174.25100000000003 78
4940.0 530.0 17 5130.0 -190.0 38 -85 220.98700000000005 216.11099999999996 19
5360.0 556.078 17 5640.0 -280.0 49 -93 240.03899999999993 209.63599999999997 28
4970.0 534.078 17 5220.0 -250.0 50 -90 195.309 209.8849999999999 25
3200.0 1118.313 20 4080.0 -880.0 65 -63 221.491 168.83799999999997 88
4410.0 535.5209999999998 16 4770.0 -360.0 56 -94 201.76099999999994 206.83999999999992 36
3310.0 410.3829999999999 19 3480.0 -250.0 50 -62 193.43599999999998 148.47099999999998 25
2920.0 359.8489999999999 16 3030.0 -110.0 22 -73 119.85199999999999 119.79700000000001 11
3890.0 490.378 16 4110.0 -220.0 44 -89 178.005 189.99799999999993 22
5850.0 574.4959999999999 22 6090.0 -240.0 40 -87 259.87199999999996 255.7069999999999 16
4710.0 473.8609999999998 18 5010.0 -320.0 57 -87 182.57599999999994 203.70699999999994 32
5280.0 655.4759999999999 18 5550.0 -270.0 45 -96 267.72399999999993 246.19899999999996 24
5335.0 554.8059999999999 19 5670.0 -335.0 43 -82 239.41899999999998 252.68699999999995 27
3120.0 1555.0760000000012 14 4020.0 -900.0 74 -57 135.25000000000003 159.88099999999997 90
5550.0 619.5699999999998 18 5970.0 -520.0 72 -98 237.70399999999995 258.33199999999994 52
3620.0 533.2520000000001 17 4050.0 -430.0 53 -88 205.333 187.304 43
4195.0 494.3749999999999 17 4470.0 -275.0 54 -85 190.31699999999998 197.78899999999996 27
5540.0 599.4689999999999 18 5850.0 -310.0 42 -104 244.85099999999997 246.83300000000003 31
4100.0 513.3459999999999 17 4350.0 -250.0 43 -75 231.33799999999994 195.72599999999997 25
3990.0 437.2079999999999 19 4110.0 -120.0 24 -77 153.79699999999997 173.135 12
5790.0 460.64399999999995 19 5910.0 -120.0 24 -81 243.73999999999995 181.58499999999998 12
3675.0 344.64699999999993 17 3840.0 -165.0 27 -70 140.34799999999998 143.70499999999998 11
6070.0 463.86199999999997 19 6240.0 -170.0 34 -85 195.51099999999994 210.92600000000002 17
4570.0 524.1329999999999 16 4830.0 -280.0 57 -89 201.83999999999997 215.2839999999999 28
4690.0 637.28 19 4980.0 -290.0 49 -100 239.28399999999996 229.66699999999997 29
5675.0 584.117 25 5910.0 -235.0 42 -84 291.7989999999999 247.74 19
3590.0 455.5399999999999 18 3840.0 -250.0 40 -69 196.58799999999997 168.5769999999999 20
4155.0 449.15899999999993 18 4320.0 -165.0 27 -70 198.548 186.354 11
4640.0 519.8560000000002 19 4770.0 -130.0 26 -72 256.313 206.85899999999998 13
4270.0 467.2649999999999 18 4410.0 -140.0 28 -80 199.78799999999995 191.59199999999998 14
5480.0 519.3409999999999 17 5670.0 -190.0 29 -75 234.02799999999993 235.79799999999994 19
4875.0 629.1609999999998 21 5250.0 -425.0 61 -88 280.602 229.58699999999993 37
6080.0 646.1850000000002 18 6360.0 -420.0 85 -90 295.15 261.73499999999996 42
5440.0 607.0330000000001 21 5790.0 -350.0 52 -100 272.6129999999999 242.80999999999992 35
4360.0 466.303 17 4560.0 -200.0 40 -85 182.14499999999998 195.957 20
3800.0 488.20199999999994 18 4020.0 -220.0 29 -74 205.80799999999996 162.89699999999996 22
3780.0 438.428 17 3900.0 -120.0 25 -63 207.66699999999992 177.59799999999996 12
4430.0 491.8509999999999 21 4620.0 -190.0 38 -74 225.26599999999993 195.552 19
6125.0 643.0420000000001 23 6360.0 -235.0 41 -100 268.805 277.44599999999997 18
3990.0 437.73900000000003 16 4110.0 -120.0 24 -65 201.11099999999993 184.85099999999994 12
5330.0 562.844 22 5520.0 -260.0 44 -92 248.54999999999998 217.19799999999998 26
5490.0 605.5600000000001 21 5700.0 -210.0 42 -86 286.50999999999993 224.50599999999994 21
3585.0 495.694 17 3990.0 -455.0 40 -69 227.132 178.18900000000002 54
4030.0 516.9859999999998 14 4230.0 -200.0 36 -91 204.96800000000002 196.43699999999993 20
3625.0 456.676 15 3810.0 -185.0 32 -81 167.52399999999997 168.54 23
3060.0 424.247 14 3480.0 -570.0 48 -69 159.81199999999995 156.40499999999997 57
4750.0 528.071 17 4920.0 -170.0 34 -83 223.34999999999994 209.09699999999998 17
4100.0 527.7650000000001 18 4350.0 -250.0 44 -80 234.568 190.793 25
5130.0 500.83799999999985 21 5550.0 -420.0 43 -87 191.57699999999997 225.17299999999997 42
4120.0 505.09 17 4260.0 -140.0 21 -77 218.377 201.49099999999999 14
5110.0 567.812 18 5340.0 -230.0 46 -85 231.46299999999994 231.37899999999996 23
4900.0 495.7499999999999 21 5040.0 -140.0 28 -62 259.1479999999999 214.27699999999996 14
4070.0 526.1659999999999 15 4500.0 -510.0 58 -79 196.02 215.55099999999993 51
3860.0 435.54299999999995 20 4080.0 -230.0 46 -65 187.36900000000003 183.04499999999996 23
5160.0 595.417 20 5400.0 -240.0 41 -90 246.45999999999995 235.14399999999995 24
3135.0 389.359 16 3300.0 -165.0 27 -57 191.27499999999995 142.154 11
6430.0 675.9830000000003 19 6660.0 -230.0 41 -106 302.745 291.90299999999985 18
4090.0 572.9780000000001 17 4320.0 -230.0 29 -85 227.50299999999996 226.56099999999998 23
6710.0 674.378 15 7020.0 -310.0 55 -108 282.673 286.143 31
6260.0 635.1259999999999 24 6600.0 -340.0 45 -101 249.73499999999993 283.56899999999996 34
4400.0 532.9529999999999 23 4560.0 -340.0 69 -82 264.395 191.47599999999994 34
3610.0 478.846 21 3750.0 -140.0 28 -73 227.943 156.923 14
4500.0 435.17199999999997 17 4650.0 -150.0 30 -82 179.89 164.55399999999997 15
4990.0 509.0800000000001 17 5160.0 -170.0 34 -76 234.86799999999994 231.2319999999999 17
4490.0 467.09400000000005 18 4590.0 -160.0 32 -66 225.01399999999998 194.546 16
3790.0 465.6379999999999 20 3990.0 -200.0 21 -78 183.201 182.42499999999995 20
4010.0 494.502 16 4320.0 -310.0 43 -87 192.52899999999994 202.02399999999994 31
4130.0 466.79100000000005 20 4320.0 -190.0 38 -73 212.492 197.20899999999995 19
4600.0 461.482 18 4920.0 -320.0 47 -88 179.45 181.98600000000002 30
6515.0 654.9770000000002 23 6930.0 -415.0 53 -106 252.95299999999997 288.62 34
3810.0 477.23800000000006 17 4110.0 -300.0 27 -73 196.344 181.55299999999994 30
4850.0 533.3499999999999 21 5100.0 -250.0 39 -82 227.801 202.799 25
3950.0 654.864 12 4410.0 -460.0 42 -90 178.36700000000002 171.24699999999999 46
5850.0 556.3439999999998 24 6000.0 -150.0 25 -86 270.59299999999996 240.99099999999996 10
4140.0 509.24199999999996 17 4410.0 -270.0 35 -80 227.53799999999998 190.171 27
5860.0 672.7119999999999 19 6090.0 -230.0 41 -104 254.50199999999995 242.542 23
6015.0 412.892 17 6180.0 -165.0 27 -76 196.40999999999997 192.549 11
4940.0 529.1369999999997 18 5250.0 -330.0 67 -82 214.00299999999996 236.12099999999995 33
4440.0 510.588 18 4710.0 -270.0 24 -79 214.00300000000001 216.7299999999999 27
4730.0 593.645 20 4920.0 -250.0 45 -91 239.407 220.06799999999993 25
3510.0 326.128 12 3630.0 -120.0 24 -63 118.92599999999999 140.08999999999997 12
4180.0 524.3339999999998 21 4440.0 -260.0 43 -75 260.706 196.05499999999998 26
4185.0 758.7000000000005 15 4740.0 -555.0 80 -77 202.68199999999996 226.45099999999996 91
4150.0 471.696 17 4410.0 -260.0 41 -62 206.344 207.912 26
4990.0 588.6329999999999 19 5280.0 -310.0 57 -92 208.45999999999995 239.968 31
6290.0 791.5889999999996 20 6630.0 -340.0 53 -114 311.193 290.978 34
5050.0 521.955 20 5430.0 -380.0 58 -87 207.511 221.86800000000002 33
5270.0 606.36 18 5580.0 -310.0 57 -98 225.55099999999993 231.87199999999996 35
5210.0 554.7990000000001 18 5490.0 -280.0 51 -85 258.68499999999995 226.27799999999993 36
3060.0 425.2309999999999 19 3390.0 -340.0 69 -78 169.729 151.32799999999997 34
4410.0 489.361 16 4590.0 -180.0 15 -77 230.789 194.061 18
5570.0 640.0180000000004 19 5850.0 -280.0 56 -106 268.7750000000001 224.07 28
4950.0 568.209 21 5250.0 -300.0 38 -90 250.29899999999992 229.85000000000005 30
5280.0 566.3850000000001 18 5610.0 -330.0 42 -93 216.503 231.3679999999999 52
3760.0 504.623 17 3870.0 -110.0 22 -84 209.95299999999992 185.841 11
3940.0 432.25399999999996 18 4260.0 -320.0 42 -63 187.61899999999997 192.65900000000002 32
4590.0 538.8089999999999 18 4890.0 -300.0 39 -78 224.20999999999998 225.27199999999996 30
5000.0 520.371 22 5250.0 -250.0 50 -88 211.46199999999996 232.49700000000004 25
5450.0 568.436 17 5760.0 -310.0 42 -95 217.92499999999998 244.23499999999999 31
4095.0 485.109 18 4320.0 -225.0 37 -74 212.42199999999994 202.29399999999995 15
4160.0 442.1339999999999 20 4260.0 -170.0 26 -71 198.90800000000002 185.86699999999996 17
3060.0 331.781 14 3240.0 -180.0 29 -64 129.73 125.939 12
5120.0 538.4289999999999 21 5280.0 -160.0 32 -88 226.99299999999994 229.96599999999995 16
3885.0 490.0549999999999 18 4170.0 -305.0 53 -82 185.80100000000002 187.303 23
4230.0 467.27000000000015 18 5130.0 -970.0 97 -83 199.95899999999992 175.654 97
4250.0 494.20899999999983 21 4350.0 -100.0 20 -69 255.73499999999996 188.431 10
4785.0 516.915 20 4950.0 -165.0 27 -76 234.06399999999994 228.251 11
5310.0 526.1479999999999 21 5430.0 -120.0 15 -77 238.8499999999999 236.35399999999987 12
2980.0 396.4259999999998 16 3420.0 -480.0 63 -63 173.32 153.66099999999994 43
5280.0 586.8369999999998 21 5520.0 -240.0 42 -104 224.29799999999992 241.24699999999999 18
3835.0 502.1499999999998 20 4170.0 -345.0 62 -78 180.154 187.63299999999998 37
4020.0 492.05600000000004 16 4230.0 -210.0 42 -81 221.094 156.634 21
4970.0 571.911 24 5160.0 -310.0 63 -85 249.465 226.36399999999992 31
4245.0 553.5289999999999 17 4770.0 -525.0 37 -64 224.15999999999994 214.06899999999996 93
3960.0 483.55 20 4290.0 -330.0 48 -77 192.495 210.10199999999998 33
3890.0 530.6689999999999 18 4140.0 -250.0 50 -85 229.50799999999995 182.32499999999996 25
4240.0 516.678 15 4440.0 -200.0 18 -72 244.36799999999997 206.11099999999996 20
4180.0 484.6600000000001 15 4350.0 -380.0 69 -87 189.76099999999997 178.056 31
4430.0 1750.4189999999996 19 5340.0 -1010.0 85 -66 211.96 228.79500000000004 101
5460.0 574.121 18 5670.0 -210.0 42 -94 251.48499999999999 233.619 21
4780.0 566.985 22 5100.0 -400.0 58 -84 262.11499999999995 209.38899999999995 40
4940.0 619.2319999999999 17 5250.0 -310.0 50 -99 232.80999999999995 247.43799999999993 31
4200.0 577.4929999999998 18 4500.0 -300.0 53 -90 223.75799999999992 201.76200000000003 36
5990.0 708.761 21 6330.0 -340.0 53 -104 278.11099999999993 291.70099999999996 34
5885.0 553.1050000000001 17 6180.0 -295.0 40 -93 195.29999999999998 197.62499999999994 23
4300.0 414.0419999999999 16 4470.0 -170.0 34 -68 204.428 161.557 17
4440.0 485.04299999999995 18 4650.0 -230.0 46 -82 201.40099999999998 198.49999999999997 23
5360.0 573.4279999999998 22 5520.0 -160.0 32 -95 249.561 236.9419999999999 16
4580.0 554.836 19 4860.0 -280.0 37 -98 231.728 203.537 28
3885.0 458.96099999999996 19 4050.0 -165.0 27 -74 215.30599999999995 171.75699999999998 11
4490.0 539.4490000000002 20 4740.0 -250.0 50 -82 217.27199999999996 219.21699999999998 25
5480.0 558.358 18 5670.0 -190.0 29 -93 198.293 236.612 19
4210.0 439.08199999999994 18 4350.0 -140.0 28 -65 202.613 177.481 14
3330.0 333.27799999999996 16 3450.0 -120.0 24 -57 147.785 132.175 12
4740.0 1980.8119999999985 16 5790.0 -1050.0 99 -96 258.46999999999997 227.409 105
4120.0 521.947 18 4320.0 -200.0 40 -82 246.87199999999999 191.324 20
5340.0 471.33399999999983 18 5490.0 -150.0 25 -72 224.78699999999992 220.35599999999994 10
4350.0 504.201 23 4560.0 -210.0 33 -72 228.87699999999998 193.86399999999998 14
5260.0 495.27 17 5400.0 -140.0 24 -75 207.11999999999998 231.01099999999997 14
4730.0 632.7069999999999 22 5040.0 -310.0 55 -107 221.54000000000002 215.01799999999994 31
5190.0 469.98199999999986 13 5610.0 -420.0 66 -84 193.82199999999997 195.53900000000002 34
5780.0 590.7189999999999 18 6120.0 -340.0 50 -92 247.087 259.969 34
3420.0 378.49699999999996 17 3420.0 0.0 0 -56 183.16699999999997 154.68800000000005 0
4210.0 564.1070000000001 21 4620.0 -430.0 68 -85 225.35600000000002 222.041 43
5710.0 674.9809999999999 23 6000.0 -290.0 49 -119 284.8049999999999 242.75299999999996 29
5150.0 603.0099999999999 23 5700.0 -550.0 65 -106 240.224 242.36099999999993 55
3770.0 414.9529999999999 16 3930.0 -160.0 32 -60 198.00099999999998 180.72199999999992 16
3800.0 388.603 18 3900.0 -100.0 20 -58 160.903 172.406 10
5450.0 531.4069999999998 24 5670.0 -400.0 81 -86 242.373 221.13100000000003 40
3120.0 470.014 15 3360.0 -240.0 32 -88 185.806 140.876 24
3540.0 460.75 18 3930.0 -450.0 61 -69 197.77799999999996 176.43199999999993 45
3470.0 463.246 15 3810.0 -370.0 50 -68 195.81599999999992 155.67499999999998 37
4300.0 479.26399999999995 17 4470.0 -170.0 34 -78 207.70599999999996 202.94400000000005 17
3530.0 405.9049999999999 20 3630.0 -100.0 20 -62 198.40599999999995 161.838 10
3760.0 469.96900000000005 12 3990.0 -230.0 40 -81 167.72299999999993 173.52200000000002 23
4110.0 398.3769999999999 19 4290.0 -180.0 29 -63 167.262 175.809 18
4005.0 603.9199999999997 17 4470.0 -565.0 61 -69 213.072 181.666 86
4230.0 516.5909999999999 18 4710.0 -480.0 57 -71 219.93399999999997 213.01100000000002 48
4035.0 452.846 20 4170.0 -255.0 36 -68 211.15699999999995 175.06799999999998 27
3590.0 511.7729999999999 16 3960.0 -400.0 59 -73 145.40699999999998 169.884 40
4840.0 494.0910000000001 20 4950.0 -110.0 22 -75 226.81200000000007 207.07699999999997 11
5500.0 616.1009999999999 23 5820.0 -320.0 43 -105 262.78599999999994 239.93899999999996 32
2170.0 378.25499999999994 13 2700.0 -530.0 59 -72 140.679 103.16400000000002 53
3470.0 384.5699999999999 14 3630.0 -160.0 29 -66 146.51999999999998 156.2 16
5600.0 561.0380000000001 19 5910.0 -330.0 66 -94 212.966 243.30100000000002 33
5870.0 657.4639999999999 19 6030.0 -340.0 63 -82 320.39499999999987 281.81899999999996 39
4110.0 1797.774999999998 20 5220.0 -1110.0 102 -93 227.92799999999994 198.91899999999995 111
4590.0 498.2829999999999 19 4890.0 -300.0 41 -71 209.23099999999997 215.77800000000002 30
4460.0 433.41799999999995 19 4590.0 -130.0 26 -72 186.20299999999992 195.58999999999997 13
4320.0 466.927 20 4530.0 -210.0 33 -84 188.63699999999997 185.86799999999997 21
3690.0 469.51099999999997 17 3900.0 -210.0 42 -80 185.303 168.38400000000001 21
3620.0 511.17300000000006 17 3930.0 -310.0 48 -84 193.83299999999994 175.978 31
5480.0 612.2770000000002 19 5640.0 -160.0 32 -91 277.693 244.32600000000002 16
4090.0 519.743 23 4650.0 -590.0 69 -76 241.591 201.04399999999995 53
4035.0 410.78599999999994 19 4230.0 -195.0 32 -68 181.64499999999998 175.13099999999994 13
2980.0 1610.9699999999984 15 3840.0 -950.0 77 -59 146.98799999999997 158.80100000000002 95
6010.0 726.36 23 6330.0 -370.0 63 -107 336.58399999999983 282.053 36
5920.0 662.7469999999998 23 6300.0 -380.0 50 -117 261.22400000000005 261.28599999999994 38
4890.0 525.9430000000002 19 5070.0 -180.0 36 -78 227.50199999999992 226.22099999999998 18
4170.0 528.4659999999999 20 4440.0 -310.0 56 -94 200.49800000000002 207.042 25
5440.0 536.524 19 5760.0 -440.0 72 -84 234.60199999999998 234.05499999999995 44
5720.0 685.7349999999998 25 6060.0 -340.0 43 -96 319.496 269.48099999999994 34
4920.0 628.5789999999998 16 5280.0 -360.0 56 -106 217.909 214.631 30
4990.0 560.428 21 5250.0 -260.0 52 -96 220.54300000000003 216.35599999999997 26
4260.0 510.8090000000001 20 4380.0 -120.0 24 -75 241.57000000000002 193.07399999999996 12
3890.0 451.52200000000005 21 4050.0 -180.0 36 -69 213.18799999999996 161.14399999999998 18
6000.0 500.90099999999995 19 6150.0 -420.0 75 -94 221.653 208.623 33
3350.0 363.40899999999993 19 3480.0 -130.0 26 -55 173.916 144.594 13
7940.0 727.2109999999994 18 8310.0 -410.0 82 -115 277.80099999999993 271.0539999999999 41
4840.0 567.077 18 5010.0 -170.0 34 -92 235.93699999999995 206.78299999999996 17
3940.0 462.829 20 4200.0 -260.0 30 -62 240.329 184.32299999999998 26
