4070.0 449.632 14 4620.0 -560.0 115 -73 176.74799999999993 208.52299999999994 56
3890.0 479.0949999999998 18 4290.0 -400.0 83 -84 224.385 154.523 40
3890.0 499.914 22 4380.0 -510.0 104 -71 234.7189999999999 194.19799999999995 51
4750.0 631.562 20 5460.0 -790.0 160 -88 245.8959999999999 236.64599999999993 79
3870.0 521.0319999999998 20 4380.0 -510.0 84 -86 215.84900000000005 189.614 34
5660.0 578.2829999999998 25 6060.0 -400.0 81 -90 248.13399999999996 272.03899999999993 40
4170.0 549.8200000000002 16 4830.0 -690.0 141 -82 236.29999999999995 211.70699999999994 69
3720.0 510.367 16 4200.0 -480.0 98 -78 228.239 183.27799999999996 48
4155.0 596.948 21 4740.0 -605.0 104 -82 268.643 210.89499999999995 44
4060.0 544.7909999999999 19 4500.0 -440.0 90 -87 230.09999999999997 198.25899999999996 44
3200.0 417.868 17 3720.0 -520.0 106 -69 171.71700000000004 158.12 52
4850.0 578.8369999999998 24 5250.0 -400.0 83 -81 276.73199999999997 237.576 40
3200.0 407.20399999999995 16 3660.0 -460.0 94 -76 174.948 145.048 46
3110.0 446.56 16 4110.0 -1000.0 101 -66 150.28399999999993 190.81900000000002 100
3800.0 451.125 19 4380.0 -580.0 98 -65 214.84499999999997 175.27599999999998 58
4460.0 623.1850000000001 20 5340.0 -940.0 143 -91 281.3539999999999 231.58500000000006 94
2790.0 405.40299999999985 15 3210.0 -420.0 85 -51 162.18899999999996 136.14200000000002 42
4750.0 603.78 16 5340.0 -630.0 128 -102 216.38599999999994 201.14599999999996 63
2655.0 400.35 14 3180.0 -525.0 88 -71 166.269 142.364 36
2910.0 407.3469999999999 13 3390.0 -480.0 98 -67 157.79799999999997 131.731 48
4370.0 616.6399999999998 19 5130.0 -860.0 132 -99 254.21699999999998 225.87900000000002 86
3330.0 454.16900000000004 15 4020.0 -730.0 104 -63 140.27299999999997 180.458 56
4880.0 633.539 21 5430.0 -610.0 117 -94 263.67699999999996 236.93799999999996 61
5020.0 642.083 22 5610.0 -590.0 110 -111 247.91799999999995 239.57 59
3690.0 437.28099999999984 17 4170.0 -480.0 98 -82 160.636 185.73999999999995 48
5090.0 601.75 18 5550.0 -460.0 95 -93 264.03 252.57199999999997 46
5450.0 608.3859999999999 18 5910.0 -460.0 94 -86 269.5019999999999 272.3829999999999 46
4170.0 442.301 15 4560.0 -390.0 80 -72 197.81999999999996 181.09499999999997 39
4160.0 581.9879999999998 19 4650.0 -490.0 98 -85 227.11799999999997 200.30499999999998 49
3520.0 513.538 20 3990.0 -470.0 96 -79 240.78999999999994 176.13 47
3230.0 398.19800000000004 15 3630.0 -400.0 83 -62 177.45200000000003 163.07999999999998 40
3210.0 393.70400000000006 14 3660.0 -450.0 87 -71 127.481 152.25899999999996 45
3540.0 478.05800000000005 16 3930.0 -390.0 80 -79 206.28899999999993 174.438 39
3930.0 514.3499999999999 25 4320.0 -390.0 80 -68 278.7919999999999 186.034 39
3250.0 1562.9209999999994 12 4530.0 -1370.0 149 -74 152.43099999999998 168.72400000000002 137
3720.0 477.721 15 4260.0 -550.0 112 -75 168.185 185.87999999999997 55
4650.0 551.016 19 5070.0 -420.0 84 -85 201.35399999999993 211.12699999999995 42
4650.0 504.6409999999999 19 5070.0 -420.0 87 -76 197.89599999999996 215.17999999999998 42
3300.0 518.405 17 3720.0 -420.0 85 -72 217.82099999999997 165.91099999999992 42
3840.0 451.46199999999993 20 4350.0 -510.0 84 -56 212.92899999999997 194.70599999999996 34
3680.0 398.13800000000003 19 4080.0 -450.0 86 -59 162.23599999999996 178.59799999999996 45
1740.0 311.2319999999999 12 2250.0 -520.0 106 -50 103.38300000000001 97.88399999999999 52
4370.0 587.6070000000001 21 4950.0 -580.0 111 -104 207.464 211.76 58
2530.0 349.1439999999999 16 3060.0 -530.0 85 -52 144.61299999999997 130.377 36
4580.0 609.505 23 5160.0 -580.0 109 -105 259.3760000000001 220.08599999999998 58
3240.0 407.2059999999999 19 3810.0 -570.0 104 -67 179.454 158.454 57
3530.0 501.649 19 3930.0 -400.0 82 -76 232.32899999999998 179.373 40
2980.0 411.831 11 3480.0 -500.0 102 -77 157.35399999999998 143.25199999999998 50
2775.0 368.8070000000001 16 3420.0 -645.0 95 -56 158.42299999999997 137.242 48
2850.0 413.058 14 3360.0 -510.0 105 -65 181.801 143.17099999999996 51
4640.0 546.161 19 5040.0 -400.0 83 -81 241.31199999999995 229.6479999999999 40
5855.0 676.5780000000002 17 6570.0 -715.0 126 -107 287.55999999999995 273.60599999999994 55
3660.0 493.11299999999994 22 4230.0 -570.0 98 -59 230.96799999999996 186.48300000000003 57
3720.0 419.4620000000001 20 4320.0 -640.0 94 -62 191.71599999999998 186.95899999999997 48
4230.0 535.477 21 4740.0 -630.0 105 -75 246.3979999999999 203.21499999999997 42
4290.0 565.3019999999999 18 4680.0 -390.0 80 -86 251.29999999999995 222.41999999999993 39
3830.0 436.58999999999986 19 4230.0 -400.0 83 -64 215.73599999999996 174.37799999999996 40
3460.0 363.89399999999995 15 4260.0 -860.0 123 -56 156.87199999999999 172.04499999999993 86
4800.0 567.6149999999999 21 5280.0 -480.0 98 -86 249.2049999999999 231.20399999999995 48
3660.0 482.47 19 4200.0 -550.0 113 -73 223.2399999999999 188.908 55
5170.0 589.8430000000001 19 5670.0 -500.0 103 -98 262.72099999999995 221.43599999999998 50
5170.0 615.228 20 5760.0 -590.0 113 -101 230.59200000000004 248.43399999999988 59
5020.0 536.016 19 5520.0 -500.0 102 -90 213.63899999999998 226.35299999999992 50
4780.0 547.118 15 5280.0 -500.0 103 -98 212.348 226.37099999999998 50
4730.0 573.115 18 5130.0 -400.0 83 -88 266.16600000000005 227.087 40
4130.0 451.447 18 4530.0 -400.0 82 -71 181.12899999999996 204.62599999999992 40
3890.0 538.789 12 4470.0 -580.0 89 -87 195.41299999999995 200.99799999999996 50
5380.0 605.183 21 5820.0 -440.0 91 -99 256.13699999999994 260.751 44
4900.0 507.6769999999999 17 5400.0 -620.0 127 -87 210.27399999999997 209.667 62
3990.0 494.2809999999999 20 4410.0 -420.0 86 -78 217.7679999999999 193.065 42
3580.0 608.7209999999999 23 4110.0 -570.0 116 -90 291.6719999999999 194.841 57
5580.0 566.0580000000001 19 6000.0 -420.0 87 -88 238.03700000000003 261.7010000000001 42
3750.0 461.79999999999995 20 4470.0 -765.0 127 -68 195.38999999999996 186.67999999999995 51
3360.0 428.2769999999999 19 3840.0 -480.0 99 -62 200.175 172.17699999999996 48
4730.0 560.5759999999999 17 5370.0 -640.0 108 -105 189.634 231.541 64
2900.0 548.788 17 3810.0 -970.0 108 -85 170.36599999999996 181.169 97
3810.0 440.4269999999999 20 4290.0 -480.0 80 -70 209.34399999999994 181.26399999999995 32
5090.0 579.581 23 5490.0 -400.0 82 -87 254.13599999999994 242.08800000000002 40
3320.0 432.94699999999995 19 3720.0 -400.0 83 -67 187.88799999999998 178.15199999999996 40
4410.0 489.5349999999998 22 5010.0 -600.0 103 -76 225.64399999999995 203.28299999999996 43
3050.0 414.055 17 3540.0 -490.0 100 -63 170.33999999999997 160.67 49
4560.0 500.35699999999986 20 4950.0 -390.0 80 -79 220.31299999999993 213.48499999999993 39
5210.0 550.702 16 5670.0 -460.0 95 -95 219.33999999999995 241.59299999999996 46
4810.0 580.069 16 5430.0 -665.0 128 -102 236.292 216.54299999999995 76
4160.0 503.74599999999987 20 4950.0 -790.0 125 -90 160.10299999999995 224.68799999999996 79
5150.0 641.8 20 5610.0 -460.0 94 -90 305.3099999999999 252.14799999999997 46
4570.0 570.802 20 5130.0 -560.0 108 -91 217.83099999999993 230.31600000000012 50
4290.0 448.91299999999995 19 4770.0 -520.0 107 -79 181.514 190.931 52
2790.0 435.24499999999995 16 3210.0 -420.0 86 -54 210.79299999999992 133.10899999999998 42
2730.0 319.49399999999997 15 3120.0 -390.0 80 -44 150.081 134.33799999999997 39
2985.0 383.2969999999999 17 3480.0 -495.0 82 -63 156.27599999999998 149.84699999999998 33
4130.0 505.84800000000007 18 4620.0 -640.0 120 -79 232.35399999999998 186.20700000000002 74
4290.0 458.32399999999996 18 4680.0 -390.0 80 -72 191.04899999999995 207.0589999999999 39
4880.0 574.2669999999998 19 5550.0 -670.0 130 -105 213.20299999999995 190.09900000000002 61
3585.0 489.6259999999999 19 4290.0 -705.0 111 -85 177.58599999999993 186.89800000000002 54
4550.0 487.82899999999984 18 4950.0 -400.0 83 -85 190.73899999999998 213.168 40
3870.0 418.0879999999999 17 4260.0 -390.0 80 -63 196.86099999999993 179.418 39
3500.0 528.4169999999999 20 4020.0 -520.0 94 -67 202.74399999999994 193.692 58
3090.0 552.9830000000002 16 3780.0 -690.0 124 -84 237.155 177.17499999999995 69
2950.0 425.6519999999999 18 3420.0 -470.0 96 -66 167.62999999999997 155.76699999999997 47
4495.0 526.5850000000002 18 5040.0 -545.0 92 -78 225.551 226.81400000000002 38
4760.0 537.1229999999997 20 5700.0 -970.0 132 -98 203.92599999999996 231.97099999999995 97
3680.0 409.5360000000001 14 4230.0 -550.0 105 -76 149.769 150.599 61
5110.0 664.1920000000002 20 5580.0 -470.0 96 -95 273.8479999999999 260.26699999999994 47
3540.0 445.2789999999998 18 4020.0 -480.0 98 -70 178.965 166.35099999999994 48
5010.0 658.885 18 5940.0 -930.0 105 -87 232.94899999999998 232.83200000000002 140
2880.0 777.8400000000001 20 3630.0 -750.0 106 -77 188.90400000000005 153.58599999999996 75
4280.0 513.5870000000001 19 4740.0 -460.0 85 -80 210.80199999999996 204.513 46
4970.0 437.8849999999999 22 5370.0 -400.0 83 -89 173.19699999999997 183.02100000000002 40
3465.0 487.351 19 3960.0 -495.0 82 -71 227.96299999999997 169.74499999999995 33
3270.0 394.572 20 3750.0 -500.0 102 -67 159.574 158.749 50
5530.0 670.6119999999995 26 6000.0 -470.0 96 -98 301.059 270.88499999999993 47
3840.0 515.1669999999999 17 4350.0 -510.0 100 -83 201.17999999999998 194.565 51
3440.0 362.01299999999986 17 3840.0 -400.0 82 -65 156.23299999999995 144.87399999999997 40
3310.0 486.6309999999999 17 3810.0 -500.0 91 -71 192.36499999999998 180.23399999999995 50
3920.0 560.6339999999999 18 4410.0 -490.0 90 -81 228.71499999999997 206.65699999999995 49
3140.0 403.74400000000014 15 3630.0 -490.0 95 -71 141.19399999999996 138.384 49
3590.0 430.6289999999999 21 3960.0 -370.0 76 -63 212.26100000000008 165.41799999999998 37
3510.0 485.63499999999976 18 4080.0 -590.0 100 -73 203.36400000000003 165.929 42
4170.0 485.962 20 4560.0 -390.0 80 -73 203.00400000000002 203.17600000000002 39
4490.0 549.418 19 4950.0 -460.0 88 -77 235.28500000000003 203.56099999999998 46
3310.0 483.2540000000001 18 3840.0 -530.0 93 -76 160.433 145.572 53
3550.0 569.072 18 4080.0 -530.0 92 -75 269.2559999999999 192.10299999999995 53
3600.0 400.443 17 4080.0 -480.0 80 -63 185.69400000000002 172.123 32
4790.0 525.0389999999999 20 5190.0 -400.0 82 -93 192.95899999999997 224.5159999999999 40
4370.0 486.25300000000004 20 4860.0 -490.0 100 -80 201.68699999999995 215.74899999999994 49
5310.0 718.9970000000002 17 6120.0 -810.0 130 -121 226.926 295.842 81
3950.0 505.884 17 4650.0 -750.0 115 -83 191.29299999999998 191.96599999999995 75
3610.0 436.695 19 4080.0 -570.0 116 -70 174.512 177.69899999999998 57
3410.0 524.663 21 3810.0 -400.0 83 -71 251.21599999999995 189.48900000000003 40
3150.0 413.59899999999993 20 3840.0 -720.0 111 -63 174.82799999999997 162.662 81
3185.0 458.9729999999999 21 3720.0 -535.0 90 -75 195.12899999999996 159.187 37
3920.0 500.12699999999995 18 4410.0 -490.0 100 -82 212.69800000000004 197.55 49
3280.0 461.66099999999994 15 3720.0 -440.0 90 -83 152.59600000000003 159.19899999999996 44
4180.0 519.4819999999999 17 4620.0 -590.0 116 -78 179.166 207.996 59
3290.0 489.4079999999999 20 3900.0 -640.0 131 -72 210.04699999999997 165.85299999999998 64
4390.0 572.0010000000001 18 4890.0 -500.0 103 -94 239.89 205.06499999999997 50
3400.0 462.67999999999995 17 3780.0 -380.0 78 -76 196.37699999999998 166.56799999999993 38
2220.0 419.446 14 3270.0 -1060.0 126 -72 154.86899999999994 115.97900000000001 106
4520.0 567.9220000000001 19 5130.0 -610.0 104 -95 215.71300000000002 229.754 44
3650.0 445.8439999999997 19 4110.0 -500.0 103 -77 190.32199999999997 171.58300000000003 50
2650.0 379.26300000000003 14 3150.0 -500.0 92 -66 145.381 135.76499999999996 60
3050.0 403.9389999999999 15 3450.0 -400.0 81 -57 192.95399999999995 152.588 40
5700.0 651.8090000000003 25 6210.0 -510.0 84 -92 296.186 270.99899999999997 34
2620.0 444.372 16 3210.0 -650.0 105 -57 205.42199999999997 136.401 65
4780.0 445.20899999999983 18 5280.0 -500.0 103 -82 164.55100000000002 196.32099999999997 50
4965.0 652.932 24 5550.0 -795.0 119 -91 293.11400000000003 255.35699999999994 63
3460.0 397.1500000000001 15 3990.0 -530.0 85 -73 136.08999999999997 158.35399999999998 36
3160.0 451.35 15 3720.0 -560.0 101 -75 201.49799999999993 166.40999999999997 56
3940.0 434.96000000000004 16 4440.0 -500.0 102 -72 181.223 173.03699999999992 50
3620.0 481.9509999999999 21 4020.0 -400.0 82 -69 221.58700000000005 184.495 40
3440.0 441.729 16 3960.0 -530.0 108 -67 173.221 165.84 53
3825.0 507.55400000000014 21 4320.0 -495.0 82 -77 234.44800000000006 197.64499999999998 33
3915.0 452.49 18 4410.0 -495.0 82 -70 189.07699999999997 196.6 33
3580.0 486.827 14 4200.0 -640.0 127 -103 148.112 177.40699999999993 64
3170.0 425.7399999999999 16 3600.0 -430.0 84 -68 165.27599999999995 158.622 43
3500.0 476.08999999999986 16 3960.0 -460.0 89 -92 130.694 187.58299999999997 46
5470.0 644.8470000000003 19 6030.0 -560.0 114 -111 266.38699999999994 263.38699999999994 56
3420.0 392.674 15 3930.0 -510.0 84 -65 152.57 162.4 34
2800.0 372.251 13 3210.0 -610.0 102 -52 155.21199999999996 139.15699999999998 61
5160.0 537.1009999999999 20 5670.0 -510.0 91 -92 191.21399999999994 258.7949999999999 51
3470.0 363.19900000000007 14 3870.0 -400.0 83 -69 143.87399999999994 148.49699999999999 40
4490.0 480.237 19 4890.0 -400.0 83 -77 212.45699999999994 199.78899999999996 40
3650.0 329.941 15 4050.0 -400.0 82 -55 143.40899999999996 159.359 40
4835.0 522.1329999999998 16 5400.0 -565.0 96 -82 197.22499999999997 221.07599999999996 40
4480.0 531.4719999999998 16 4920.0 -440.0 90 -90 204.4799999999999 210.49899999999997 44
5030.0 588.569 18 5460.0 -430.0 89 -88 265.0179999999999 238.86399999999998 43
4340.0 522.5699999999999 18 4740.0 -400.0 83 -81 223.16799999999995 218.12899999999996 40
4135.0 542.8849999999999 18 4830.0 -745.0 103 -69 266.01800000000003 223.91699999999994 58
2680.0 426.8119999999999 15 3120.0 -440.0 91 -61 165.19899999999996 166.87499999999994 44
4240.0 491.39399999999995 17 4770.0 -530.0 93 -86 188.34700000000004 184.80499999999998 53
3940.0 1657.8819999999982 15 5400.0 -1460.0 158 -81 168.55900000000003 198.99199999999996 146
3735.0 552.56 21 4230.0 -635.0 94 -77 262.5229999999999 191.659 47
4560.0 506.33099999999996 22 4980.0 -420.0 85 -70 221.96599999999995 220.30499999999992 42
5390.0 654.4679999999997 21 5880.0 -670.0 120 -93 302.83200000000005 245.76199999999997 61
2605.0 450.84799999999996 14 3180.0 -575.0 98 -79 184.73499999999996 118.544 41
4430.0 543.8240000000002 17 5010.0 -580.0 110 -94 193.29 211.70199999999994 58
3910.0 681.7390000000001 16 4950.0 -1190.0 120 -80 259.568 258.01199999999994 119
4040.0 557.7039999999998 20 4560.0 -520.0 106 -90 221.93099999999998 192.11799999999997 52
5510.0 532.6949999999998 21 6000.0 -610.0 126 -91 236.27 234.15799999999996 61
2970.0 1721.6260000000002 16 4500.0 -1620.0 173 -96 181.92200000000005 176.014 145
4070.0 555.738 20 4620.0 -550.0 107 -83 203.02999999999992 214.16199999999992 55
5030.0 493.40999999999985 15 5490.0 -460.0 94 -83 184.9199999999999 220.05199999999996 46
4050.0 502.268 20 4560.0 -510.0 85 -72 203.71599999999998 212.73399999999998 34
3380.0 384.09900000000005 16 3810.0 -430.0 88 -65 166.39799999999997 148.01499999999996 43
4790.0 530.1629999999999 16 5220.0 -430.0 89 -81 241.47299999999996 211.51700000000005 43
3600.0 520.0339999999999 18 4110.0 -520.0 106 -63 241.24599999999995 191.694 52
4020.0 513.842 21 4560.0 -540.0 92 -76 230.55099999999993 198.07399999999996 38
3270.0 371.95200000000006 15 3660.0 -570.0 96 -58 170.05499999999998 142.647 57
4300.0 513.318 16 4860.0 -560.0 95 -92 178.69099999999997 221.01399999999998 56
4150.0 546.7270000000001 18 4650.0 -500.0 92 -92 214.90599999999995 198.51699999999994 50
3350.0 382.29799999999994 14 3750.0 -400.0 82 -61 169.62699999999995 153.263 40
4780.0 540.223 22 5280.0 -500.0 88 -88 246.89999999999998 196.78999999999994 50
3020.0 371.11699999999996 14 3420.0 -400.0 83 -61 146.38499999999996 159.93399999999997 40
4170.0 534.6059999999999 22 4890.0 -720.0 115 -83 216.49599999999995 211.23799999999997 55
4710.0 474.99999999999994 15 5220.0 -510.0 84 -77 199.431 217.37099999999995 34
3680.0 499.31199999999995 14 4080.0 -400.0 83 -78 229.1959999999999 184.00500000000002 40
4820.0 534.7250000000001 20 5220.0 -400.0 82 -72 253.00399999999996 237.025 40
5300.0 609.9319999999998 21 5760.0 -460.0 95 -90 274.8299999999999 236.21199999999993 46
3530.0 451.1319999999999 17 3930.0 -400.0 81 -68 203.91699999999997 164.22099999999998 40
4000.0 459.0639999999999 19 4410.0 -530.0 104 -79 161.76900000000003 194.42 49
3810.0 485.726 15 4260.0 -450.0 85 -81 181.04999999999993 203.71499999999995 45
3230.0 431.98199999999997 16 3750.0 -530.0 109 -67 187.536 165.80299999999997 53
4400.0 603.6490000000001 18 4950.0 -670.0 123 -97 216.96499999999997 219.649 67
3260.0 444.9279999999999 18 3660.0 -400.0 82 -69 196.273 159.442 40
3780.0 465.1739999999999 15 4290.0 -510.0 104 -74 187.75399999999996 185.445 51
4260.0 489.84500000000014 19 4650.0 -390.0 80 -84 209.671 191.43299999999996 39
3135.0 383.27899999999994 18 3630.0 -495.0 82 -51 169.86399999999995 174.81099999999995 33
3555.0 455.2489999999999 16 4050.0 -495.0 82 -76 200.35999999999996 178.32299999999995 33
4290.0 576.2129999999999 16 4770.0 -480.0 95 -96 233.36499999999995 206.988 48
3320.0 380.1000000000001 12 3780.0 -560.0 115 -68 150.10899999999998 148.69600000000003 56
3870.0 514.093 19 4260.0 -390.0 80 -70 245.94299999999998 192.615 39
5630.0 577.3679999999999 16 6300.0 -670.0 113 -113 159.166 235.94599999999994 50
3730.0 748.0110000000002 22 4500.0 -770.0 110 -77 234.51899999999995 179.861 77
4995.0 583.0400000000001 20 5490.0 -495.0 82 -84 263.645 241.23299999999998 33
4570.0 566.9140000000001 18 5100.0 -570.0 115 -88 238.88899999999998 232.29899999999998 57
3745.0 707.2919999999997 19 4530.0 -845.0 131 -81 239.74799999999993 187.971 99
4750.0 663.1329999999997 18 5760.0 -1010.0 91 -91 207.34899999999996 263.953 101
3560.0 497.52099999999996 17 3960.0 -400.0 83 -71 232.87999999999997 187.58099999999996 40
4700.0 470.328 13 5100.0 -400.0 81 -81 207.31699999999995 194.33099999999996 40
3885.0 458.1059999999999 20 4530.0 -765.0 117 -71 165.03799999999995 187.619 60
3260.0 426.744 18 3660.0 -400.0 82 -66 196.87299999999996 158.18699999999998 40
3690.0 407.636 16 4080.0 -390.0 80 -67 168.722 140.99299999999997 39
3470.0 458.6489999999999 17 4110.0 -730.0 122 -70 203.5109999999999 181.93099999999998 73
3720.0 477.26699999999994 20 4110.0 -510.0 105 -75 203.41999999999996 180.695 51
2160.0 462.67599999999993 18 3030.0 -870.0 91 -62 179.75199999999998 143.40699999999998 87
3230.0 379.52699999999993 16 3630.0 -400.0 82 -66 164.70999999999992 136.92499999999998 40
3930.0 503.68199999999996 22 4470.0 -540.0 98 -76 185.72099999999998 206.38899999999995 54
4470.0 549.9889999999998 18 5160.0 -690.0 115 -88 211.09099999999992 195.764 69
2760.0 529.9119999999999 22 3690.0 -930.0 100 -80 214.207 160.44 93
3380.0 386.723 17 3870.0 -490.0 100 -66 180.66 147.78399999999996 49
2270.0 356.9889999999998 13 2730.0 -460.0 88 -62 143.87399999999997 124.23599999999999 46
5270.0 499.3089999999999 20 5760.0 -490.0 100 -91 203.6459999999999 223.33799999999994 49
3740.0 374.0359999999999 16 4140.0 -400.0 82 -71 162.44699999999997 138.262 40
4470.0 532.169 20 5190.0 -770.0 157 -90 208.332 207.04999999999998 77
3860.0 384.1150000000001 15 4440.0 -620.0 102 -61 153.60000000000002 183.22099999999995 62
3530.0 451.0609999999999 18 3930.0 -400.0 83 -61 212.04199999999992 179.59699999999995 40
3130.0 1024.8700000000003 16 3990.0 -860.0 115 -102 196.19499999999996 187.38099999999994 86
3390.0 516.104 19 4080.0 -690.0 114 -94 208.90599999999995 145.251 52
3570.0 434.7930000000001 15 4110.0 -550.0 113 -66 179.58100000000002 190.101 55
3800.0 446.7809999999999 21 4320.0 -520.0 82 -72 201.17699999999996 174.39199999999997 36
3860.0 624.1529999999999 20 4320.0 -460.0 95 -102 278.24100000000004 190.853 46
4480.0 551.2099999999999 22 4980.0 -500.0 103 -81 259.634 209.89299999999994 50
3990.0 421.3759999999999 15 4470.0 -480.0 80 -67 207.544 170.465 32
3390.0 503.1999999999999 19 3810.0 -420.0 84 -58 225.76399999999995 170.72199999999998 42
3940.0 452.3350000000001 16 4350.0 -410.0 84 -64 188.126 184.422 41
4620.0 483.8979999999999 21 5010.0 -510.0 91 -72 231.873 191.875 51
3630.0 445.379 19 4020.0 -390.0 80 -57 242.32999999999998 155.34499999999997 39
3770.0 574.802 16 4320.0 -550.0 112 -93 198.196 197.207 55
3590.0 456.858 16 4140.0 -550.0 98 -76 169.487 167.816 55
3740.0 496.75299999999993 16 4290.0 -550.0 106 -78 181.732 208.33799999999997 55
3510.0 443.2319999999999 18 3900.0 -510.0 91 -64 199.85899999999998 180.43499999999997 51
3680.0 429.421 18 4080.0 -400.0 82 -70 187.39399999999998 167.972 40
3770.0 470.77499999999986 17 4290.0 -520.0 105 -74 219.01299999999992 178.21800000000005 52
4100.0 490.79499999999996 22 4500.0 -490.0 101 -70 237.431 194.043 49
3960.0 525.6709999999999 20 4410.0 -450.0 92 -84 208.773 185.74299999999994 45
2090.0 346.6629999999997 17 3060.0 -1070.0 142 -63 123.08 122.38700000000001 107
4255.0 823.475 17 5040.0 -785.0 122 -95 212.58400000000006 207.85999999999993 73
2730.0 358.968 17 3360.0 -660.0 105 -59 149.01599999999996 145.595 66
3210.0 553.435 16 4140.0 -950.0 104 -79 203.51399999999995 177.51399999999995 95
3660.0 559.7239999999999 18 4080.0 -420.0 84 -71 259.2219999999999 179.11199999999994 42
3370.0 584.8459999999999 19 4380.0 -1070.0 112 -91 202.836 206.439 107
4140.0 518.6810000000002 16 4530.0 -390.0 80 -71 253.86500000000004 206.79699999999997 39
4220.0 517.5880000000001 19 4800.0 -580.0 107 -70 243.58799999999997 213.52700000000004 58
4595.0 511.1389999999998 18 5190.0 -595.0 102 -87 199.0139999999999 233.5049999999999 43
4170.0 604.4519999999999 22 4740.0 -630.0 125 -97 239.49199999999996 207.75099999999998 63
5420.0 715.6159999999999 21 6060.0 -640.0 112 -98 315.96099999999996 267.3289999999999 48
3770.0 432.75300000000004 19 4170.0 -400.0 81 -68 183.25099999999998 178.23999999999995 40
2750.0 343.64399999999995 14 3150.0 -460.0 95 -59 129.827 138.14399999999998 46
3680.0 382.931 17 4170.0 -490.0 100 -72 154.58800000000002 167.49699999999999 49
3240.0 437.64300000000003 17 3630.0 -390.0 80 -61 207.253 160.94899999999998 39
3760.0 531.4820000000001 15 4260.0 -500.0 87 -86 195.42799999999997 184.15199999999996 50
3270.0 516.8929999999997 17 4080.0 -810.0 152 -74 196.58799999999997 184.42299999999994 95
4110.0 471.6719999999998 21 5040.0 -990.0 153 -83 175.76799999999994 214.61499999999995 99
4970.0 707.9079999999999 16 5670.0 -700.0 106 -106 274.8999999999999 228.50699999999992 53
4280.0 531.3609999999999 19 4740.0 -460.0 86 -77 243.257 229.78199999999995 46
3855.0 518.5329999999998 16 4380.0 -525.0 102 -78 205.683 202.707 58
4390.0 485.7629999999998 16 4860.0 -470.0 96 -77 203.06599999999992 215.45599999999993 47
3465.0 474.8669999999999 17 3960.0 -495.0 99 -78 158.65799999999996 168.56799999999998 52
5980.0 596.6820000000001 19 6420.0 -440.0 91 -99 268.70099999999996 232.58499999999998 44
4120.0 789.4969999999998 19 5130.0 -1030.0 141 -80 251.07100000000003 207.29099999999994 103
5280.0 663.6969999999998 21 5880.0 -600.0 102 -111 243.85700000000003 261.1209999999999 43
2720.0 464.932 14 3720.0 -1000.0 142 -75 166.556 155.24799999999996 100
4010.0 462.1759999999998 19 4530.0 -520.0 106 -86 191.516 162.83499999999995 52
4110.0 452.67900000000003 18 4560.0 -450.0 92 -70 198.43499999999997 198.38299999999998 45
4540.0 516.6679999999997 15 5430.0 -990.0 127 -87 197.75599999999994 207.484 82
3740.0 453.0779999999999 17 4230.0 -490.0 90 -82 171.415 174.62499999999997 49
4940.0 509.98499999999984 22 5340.0 -400.0 82 -82 242.46899999999997 205.17499999999998 40
3900.0 522.2899999999998 23 4410.0 -510.0 91 -65 257.8419999999999 203.58899999999994 51
3870.0 509.99399999999986 23 4350.0 -550.0 101 -89 194.14499999999992 181.08199999999997 55
3420.0 495.7289999999999 16 3990.0 -570.0 109 -75 198.407 187.57199999999997 57
3285.0 398.783 20 3870.0 -585.0 92 -57 180.064 160.90900000000005 51
4665.0 476.92099999999994 17 5220.0 -555.0 87 -77 209.718 199.03900000000002 45
3770.0 438.57300000000004 19 4260.0 -490.0 92 -74 169.72800000000004 180.887 49
5690.0 653.0899999999997 23 6240.0 -710.0 146 -95 302.9769999999999 255.74600000000004 71
4195.0 541.5509999999999 20 4770.0 -675.0 118 -83 206.36399999999995 230.13199999999995 51
5130.0 652.379 21 5730.0 -600.0 103 -77 220.03 235.71499999999997 60
3140.0 449.53099999999995 16 3600.0 -460.0 87 -72 155.031 168.38299999999995 46
5600.0 579.895 21 6150.0 -600.0 96 -99 226.74199999999996 253.16799999999992 54
4700.0 502.748 15 5100.0 -670.0 128 -80 196.45799999999997 236.12599999999998 58
4270.0 481.52400000000006 20 4740.0 -470.0 97 -81 213.194 194.548 47
3190.0 391.95799999999997 20 3690.0 -620.0 102 -61 159.24299999999997 159.97099999999998 62
3210.0 382.85299999999995 13 3600.0 -390.0 80 -63 144.765 171.14899999999997 39
2830.0 370.84499999999997 15 3330.0 -500.0 92 -65 146.95499999999998 148.914 50
3300.0 461.46 15 3720.0 -520.0 105 -59 163.88899999999995 174.65200000000002 52
3900.0 497.91599999999994 14 4350.0 -450.0 85 -86 215.24499999999995 173.814 45
3810.0 397.97999999999985 18 4230.0 -440.0 90 -67 186.96799999999996 160.42499999999998 44
4940.0 502.583 18 5340.0 -400.0 83 -78 216.67800000000003 236.41399999999996 40
3740.0 517.7779999999999 22 4350.0 -610.0 111 -80 231.80199999999996 190.452 61
4180.0 464.84299999999996 16 4680.0 -580.0 119 -85 170.89299999999994 191.94199999999998 58
2840.0 509.91799999999984 16 3990.0 -1150.0 85 -73 209.03099999999998 174.46899999999994 115
4600.0 581.8599999999997 23 5070.0 -630.0 130 -82 277.15199999999993 235.28699999999995 63
3930.0 1023.8710000000002 18 4740.0 -810.0 108 -83 185.57100000000003 200.827 81
3140.0 396.88599999999985 13 3540.0 -400.0 81 -58 180.63199999999995 161.074 40
3135.0 344.82599999999996 18 3630.0 -495.0 82 -61 145.67499999999995 141.95 33
3745.0 581.1429999999999 20 4350.0 -605.0 107 -83 250.95899999999995 191.50200000000004 71
4310.0 499.799 19 4800.0 -490.0 100 -76 209.86699999999993 203.37999999999994 49
3510.0 423.00399999999985 16 3930.0 -420.0 86 -64 196.98599999999993 156.03299999999996 42
6140.0 637.7279999999998 22 6630.0 -490.0 99 -103 264.76000000000005 285.937 49
5170.0 568.1310000000003 16 5790.0 -830.0 146 -107 178.048 254.53699999999998 83
3800.0 414.2659999999999 16 4260.0 -460.0 95 -71 165.14 162.418 46
4320.0 518.716 19 4710.0 -390.0 80 -80 233.04999999999993 218.33199999999997 39
4080.0 498.4170000000001 20 4590.0 -510.0 104 -76 216.47799999999998 196.20299999999992 51
3660.0 405.70799999999997 17 4170.0 -510.0 84 -62 149.91699999999997 187.92699999999996 34
4290.0 516.9209999999999 15 4770.0 -480.0 90 -79 219.63299999999995 192.671 48
4585.0 547.5799999999999 18 5190.0 -605.0 104 -88 205.79599999999996 243.54299999999992 44
6110.0 586.7900000000001 21 6570.0 -460.0 94 -99 250.56399999999996 253.36399999999998 46
3075.0 406.6379999999999 20 3570.0 -495.0 82 -54 194.19599999999997 171.02899999999997 33
3600.0 415.91999999999996 16 4020.0 -420.0 86 -56 187.5649999999999 156.27199999999996 42
4620.0 496.74199999999996 23 5130.0 -510.0 84 -78 196.80800000000002 213.04399999999998 34
2065.0 358.622 14 2730.0 -665.0 105 -70 129.29000000000002 110.93799999999999 69
3420.0 429.011 14 3810.0 -390.0 80 -62 175.98999999999998 162.68200000000002 39
4655.0 684.6669999999999 20 5910.0 -1355.0 171 -97 217.27999999999994 244.777 119
3625.0 540.4909999999999 15 4230.0 -605.0 99 -87 183.50199999999995 171.00199999999998 44
4350.0 608.447 19 4830.0 -480.0 98 -96 217.554 234.744 48
4140.0 511.92000000000013 16 4650.0 -510.0 104 -98 170.29799999999997 186.86299999999997 51
4900.0 521.949 21 5490.0 -610.0 104 -83 241.55099999999993 209.01099999999997 44
4040.0 419.5229999999999 17 4440.0 -520.0 94 -67 168.14899999999992 192.97299999999998 52
2880.0 1815.8940000000011 16 4290.0 -1410.0 152 -84 235.628 180.774 141
3800.0 472.449 20 4230.0 -430.0 83 -71 205.46299999999994 190.48099999999994 43
4190.0 558.4250000000001 19 4740.0 -620.0 100 -84 250.44499999999996 211.99599999999998 62
3705.0 465.58899999999994 15 4170.0 -465.0 86 -63 209.88299999999998 185.99199999999996 54
4920.0 610.8379999999997 20 5400.0 -480.0 98 -92 251.65599999999992 248.82799999999997 48
3790.0 489.32500000000005 15 4320.0 -530.0 94 -84 211.59300000000002 172.72399999999993 60
3890.0 484.99599999999975 20 4290.0 -400.0 82 -71 228.337 185.87399999999997 40
4220.0 472.94500000000005 17 4680.0 -460.0 94 -81 176.99399999999994 183.59499999999997 46
4030.0 591.5349999999999 16 4650.0 -620.0 106 -95 225.99499999999998 186.49299999999994 45
3460.0 452.8239999999999 18 4020.0 -570.0 115 -74 172.4 183.004 57
4530.0 497.3619999999999 22 5010.0 -480.0 80 -76 249.378 190.58299999999994 32
2985.0 451.7309999999998 18 3480.0 -495.0 82 -79 187.60999999999993 164.509 33
4760.0 487.0160000000001 18 5220.0 -460.0 94 -84 223.43800000000002 182.39899999999994 46
4370.0 507.89299999999986 22 4920.0 -570.0 114 -78 216.23000000000005 217.5749999999999 57
4220.0 385.40899999999993 16 4740.0 -540.0 111 -65 152.888 193.055 54
4280.0 431.623 14 4680.0 -800.0 119 -78 170.61199999999994 192.98999999999992 80
2790.0 400.53799999999995 16 3330.0 -570.0 118 -60 171.67299999999994 156.36799999999997 57
4460.0 525.429 22 4860.0 -400.0 82 -79 248.18800000000005 210.255 40
3740.0 559.2639999999999 19 4230.0 -490.0 89 -93 236.843 201.77599999999998 49
3945.0 538.9999999999999 18 4440.0 -495.0 82 -93 194.218 210.82899999999995 33
4060.0 536.6560000000002 19 4440.0 -380.0 78 -75 245.587 194.53900000000002 38
2720.0 422.6009999999999 14 3390.0 -670.0 135 -65 183.74999999999991 142.10799999999998 67
3440.0 363.549 16 3930.0 -530.0 92 -52 146.975 176.983 53
4590.0 456.76599999999996 19 4980.0 -390.0 80 -70 196.689 220.99799999999993 39
3880.0 450.676 20 4470.0 -640.0 104 -75 194.49899999999997 190.87699999999995 64
4310.0 493.0499999999999 22 4920.0 -610.0 106 -87 226.75199999999995 184.986 45
5630.0 684.9689999999999 22 6120.0 -490.0 100 -107 298.70900000000006 272.9459999999999 49
5980.0 627.4680000000001 20 6480.0 -500.0 95 -98 259.108 253.31099999999998 57
6350.0 774.3050000000002 22 7020.0 -790.0 139 -122 317.5069999999999 281.504 66
2925.0 344.369 16 3420.0 -495.0 82 -53 162.28099999999998 140.385 33
4750.0 575.4089999999998 21 5250.0 -580.0 118 -80 265.652 207.658 58
4490.0 460.79 18 4890.0 -400.0 82 -79 215.11899999999997 175.14500000000004 40
4065.0 484.44800000000004 17 4650.0 -605.0 104 -79 175.476 215.00299999999996 44
4725.0 466.1940000000001 20 5220.0 -495.0 82 -70 213.12599999999998 215.23299999999992 33
3110.0 377.9109999999999 18 3510.0 -400.0 83 -67 170.67399999999998 131.96699999999998 40
5550.0 499.953 19 6060.0 -510.0 104 -98 173.295 203.20699999999997 51
3420.0 524.5290000000001 16 4140.0 -770.0 124 -91 198.32799999999997 180.88699999999994 77
4490.0 537.735 19 4890.0 -400.0 82 -74 251.85399999999993 219.36999999999995 40
4720.0 557.6909999999999 16 5310.0 -590.0 110 -91 176.92899999999997 245.27900000000002 67
3300.0 437.93599999999986 16 3690.0 -390.0 80 -71 191.544 173.12299999999993 39
3870.0 485.838 16 4380.0 -510.0 84 -71 187.212 206.78399999999996 34
3150.0 420.40699999999987 15 3630.0 -630.0 111 -69 181.905 158.77199999999993 63
3870.0 461.13999999999993 21 4320.0 -450.0 85 -70 221.71999999999997 188.228 45
4350.0 617.002 17 4860.0 -510.0 104 -95 231.04899999999998 237.77999999999997 51
4810.0 639.7280000000001 21 5490.0 -680.0 110 -95 275.07399999999996 236.76099999999997 51
3390.0 467.8959999999999 12 3930.0 -540.0 102 -85 162.389 160.087 62
4560.0 535.0889999999998 18 5160.0 -600.0 100 -81 224.41799999999998 226.18099999999998 60
4100.0 380.26599999999996 14 4500.0 -400.0 83 -82 137.04399999999998 151.88699999999997 40
3200.0 475.29399999999987 19 3720.0 -520.0 106 -72 182.54099999999997 164.88899999999998 52
5320.0 516.972 16 5880.0 -620.0 111 -93 211.218 228.91099999999997 62
4520.0 504.34899999999993 22 4920.0 -400.0 81 -64 247.76 219.17499999999995 40
4160.0 447.34700000000004 16 4560.0 -400.0 83 -82 164.51999999999998 193.51 40
3270.0 380.94999999999993 16 3780.0 -510.0 84 -62 147.63400000000004 154.98999999999998 34
3830.0 469.9109999999999 23 4290.0 -480.0 98 -77 223.71199999999996 161.34299999999996 48
3820.0 529.2289999999998 18 4290.0 -470.0 96 -79 232.71899999999997 184.41799999999998 47
4550.0 445.3500000000001 22 4950.0 -400.0 81 -67 204.95399999999998 204.17199999999997 40
3730.0 434.66099999999994 17 4140.0 -450.0 92 -59 172.74999999999997 173.70999999999995 45
3420.0 365.86599999999993 14 3930.0 -520.0 107 -57 153.29099999999997 167.9 52
4280.0 495.3629999999999 17 4680.0 -400.0 83 -86 215.96599999999995 185.046 40
3800.0 454.45600000000013 16 4200.0 -400.0 83 -83 185.25699999999995 167.99800000000002 40
4700.0 696.9580000000001 19 5760.0 -1060.0 110 -112 302.19199999999995 237.17099999999994 106
3730.0 548.712 20 4140.0 -410.0 84 -72 259.9969999999999 191.35399999999996 41
3830.0 375.251 17 4230.0 -400.0 83 -71 145.57199999999995 165.19 40
2520.0 417.9549999999998 14 3000.0 -480.0 98 -70 160.37699999999995 138.15800000000002 48
3030.0 551.4829999999998 19 3510.0 -480.0 98 -79 271.01699999999994 162.95199999999997 48
3595.0 475.9909999999999 19 4020.0 -425.0 83 -69 231.83899999999997 166.698 45
3950.0 469.5109999999998 19 4350.0 -400.0 81 -78 192.53999999999996 187.49299999999997 40
3470.0 490.43100000000004 12 4050.0 -580.0 97 -83 188.69899999999998 139.52200000000002 58
3860.0 509.39999999999975 19 4260.0 -400.0 83 -72 240.28199999999998 205.338 40
4440.0 571.585 19 5010.0 -570.0 111 -103 205.35 226.30900000000003 57
4635.0 698.703 18 5550.0 -945.0 134 -93 228.61599999999999 229.25399999999993 122
4570.0 535.1859999999998 21 5190.0 -620.0 99 -89 206.022 216.99799999999996 56
4630.0 469.8229999999999 18 5070.0 -440.0 91 -71 193.75099999999998 197.63799999999998 44
3405.0 436.6159999999999 17 3900.0 -495.0 82 -70 170.114 177.17299999999997 33
4260.0 546.0440000000001 16 5070.0 -910.0 157 -78 197.22699999999995 190.96999999999997 91
4305.0 943.0189999999999 15 5220.0 -955.0 125 -91 218.39 227.54299999999998 79
4660.0 505.52299999999997 17 5220.0 -560.0 96 -85 201.57000000000002 179.90300000000002 56
4100.0 492.56899999999973 20 4650.0 -550.0 110 -86 183.37199999999996 199.00699999999992 55
3980.0 534.103 19 4440.0 -540.0 111 -73 226.791 201.03199999999998 54
4760.0 519.7090000000001 21 5190.0 -430.0 88 -95 223.534 201.59 43
4110.0 440.776 17 4500.0 -390.0 80 -72 188.64700000000002 190.00699999999995 39
4770.0 473.78999999999996 18 5250.0 -480.0 98 -89 185.902 204.45699999999997 48
3690.0 462.037 17 4260.0 -570.0 96 -75 203.86399999999998 173.51099999999997 57
4170.0 498.66299999999995 21 4680.0 -510.0 84 -69 219.726 201.51999999999998 34
3740.0 410.684 19 4230.0 -490.0 94 -67 166.88599999999994 170.92499999999998 49
3310.0 455.49999999999994 15 3780.0 -470.0 97 -96 149.57399999999998 156.50799999999998 47
3800.0 504.47999999999996 18 4200.0 -400.0 83 -86 214.38100000000006 188.547 40
4500.0 565.172 20 5010.0 -510.0 105 -86 247.13799999999998 223.13699999999997 51
3770.0 518.401 18 4170.0 -400.0 82 -79 236.72399999999993 190.16 40
3550.0 470.4169999999999 17 4170.0 -630.0 118 -73 198.563 174.21699999999996 63
3270.0 372.62100000000004 16 3750.0 -480.0 87 -52 172.41699999999997 166.46199999999993 48
3990.0 451.427 20 4500.0 -510.0 85 -71 202.69599999999997 182.17299999999997 34
6130.0 616.893 20 6540.0 -410.0 84 -89 256.899 272.20899999999995 41
4940.0 510.43899999999996 16 5340.0 -400.0 82 -93 208.38999999999996 201.125 40
2750.0 399.04600000000005 12 3240.0 -490.0 90 -70 164.62500000000003 131.432 49
4250.0 519.312 17 4710.0 -460.0 88 -86 204.52100000000002 214.639 50
5770.0 631.5099999999999 23 6390.0 -700.0 103 -92 301.5439999999999 267.04999999999995 53
3000.0 367.404 17 3390.0 -390.0 80 -53 172.18099999999998 132.66599999999994 39
4060.0 557.6379999999999 18 4560.0 -500.0 103 -91 239.60499999999993 205.95699999999997 50
4245.0 463.46299999999985 20 4740.0 -495.0 82 -74 197.06199999999998 198.78099999999998 33
3850.0 536.3969999999999 15 4590.0 -780.0 115 -72 193.04099999999997 201.19599999999997 78
3880.0 457.2609999999999 18 4350.0 -470.0 89 -72 175.68499999999997 192.06799999999998 47
3790.0 595.6349999999999 18 4680.0 -890.0 92 -115 170.46999999999994 207.78500000000003 89
4390.0 518.9739999999999 18 4860.0 -470.0 96 -86 206.56599999999992 216.47399999999996 47
5315.0 567.987 17 5850.0 -535.0 90 -100 216.23199999999997 243.347 37
4505.0 593.3179999999999 19 5250.0 -745.0 116 -98 243.01499999999996 231.95800000000003 58
4630.0 432.6079999999999 20 5130.0 -500.0 102 -79 159.165 190.66999999999996 50
4160.0 548.8820000000001 15 4680.0 -940.0 140 -83 207.62400000000002 202.35199999999998 94
4400.0 487.34700000000004 20 4800.0 -400.0 81 -81 201.03499999999994 208.80999999999995 40
3430.0 506.2849999999999 20 3840.0 -410.0 84 -74 223.601 172.24699999999999 41
4620.0 552.9269999999997 22 5130.0 -510.0 103 -84 238.25099999999998 216.51899999999998 51
4800.0 584.3829999999996 16 5520.0 -730.0 143 -91 202.335 229.55599999999998 73
2480.0 375.04099999999994 13 2880.0 -400.0 83 -70 149.439 119.78399999999998 40
3620.0 531.7249999999999 20 4500.0 -980.0 112 -64 250.9739999999999 206.53199999999995 98
3370.0 361.306 14 3810.0 -440.0 90 -55 174.617 146.016 44
4190.0 548.0980000000002 15 4680.0 -490.0 100 -84 245.23800000000003 202.41899999999998 49
5165.0 768.7529999999998 21 5880.0 -715.0 102 -87 288.88399999999984 296.69599999999997 55
3260.0 407.3339999999999 15 3660.0 -400.0 83 -66 183.03399999999996 158.728 40
3920.0 471.886 18 4500.0 -580.0 98 -81 176.574 192.087 41
2070.0 357.029 17 2730.0 -660.0 128 -54 168.757 111.11699999999998 61
5060.0 539.9599999999999 21 5520.0 -520.0 105 -85 245.09499999999989 224.27799999999996 52
4890.0 472.62600000000003 17 5280.0 -390.0 80 -72 231.33199999999997 203.81599999999997 39
3770.0 421.11499999999995 17 4170.0 -400.0 83 -79 173.22199999999998 160.75 40
4700.0 532.7080000000001 19 5160.0 -460.0 94 -93 220.87900000000002 229.659 46
2760.0 447.071 15 3240.0 -480.0 97 -61 166.60999999999999 141.72099999999998 48
4600.0 576.105 21 5010.0 -410.0 84 -91 238.36199999999994 214.431 41
3890.0 454.9569999999999 20 4590.0 -730.0 122 -72 202.31599999999997 176.67499999999998 73
4940.0 708.6519999999998 14 5610.0 -670.0 106 -79 248.50699999999992 243.68699999999998 84
3930.0 667.8899999999999 14 4710.0 -790.0 136 -80 190.11599999999996 190.85100000000003 79
3430.0 436.80500000000006 16 3900.0 -470.0 96 -71 175.36200000000002 175.96399999999997 47
2800.0 514.4719999999998 16 3480.0 -680.0 112 -69 181.36899999999997 150.08599999999996 68
3410.0 497.05899999999997 18 3810.0 -400.0 83 -75 234.03599999999992 173.936 40
3770.0 501.899 17 4320.0 -550.0 112 -77 208.18 179.92999999999998 55
4550.0 440.9869999999999 16 5100.0 -550.0 110 -95 162.93999999999997 157.86099999999996 55
4700.0 453.7379999999999 16 5310.0 -610.0 105 -89 166.23099999999994 189.963 44
4915.0 653.7509999999997 22 5850.0 -1025.0 161 -87 263.344 242.18399999999997 86
4190.0 417.3179999999999 18 4590.0 -400.0 81 -65 185.13799999999998 187.62299999999996 40
3225.0 350.04999999999995 15 3720.0 -495.0 82 -52 157.245 146.087 33
2910.0 402.63899999999995 18 3420.0 -510.0 84 -58 173.20299999999997 152.00799999999998 34
3980.0 517.506 19 4380.0 -400.0 82 -77 230.58799999999994 202.21699999999993 40
3160.0 471.88199999999995 18 3660.0 -500.0 100 -76 182.85999999999996 162.95900000000003 50
4050.0 505.898 17 4530.0 -480.0 98 -76 208.611 210.52100000000002 48
3420.0 407.8179999999999 14 3810.0 -390.0 80 -69 171.797 162.74599999999998 39
4000.0 421.0519999999999 17 4440.0 -440.0 90 -79 171.31099999999995 168.877 44
4820.0 557.9019999999999 23 5340.0 -520.0 106 -88 248.49300000000002 224.53799999999998 52
3360.0 471.78 15 3900.0 -540.0 99 -70 162.35500000000005 173.50599999999994 52
4540.0 509.54699999999985 20 4950.0 -410.0 84 -83 213.51999999999992 191.47999999999996 41
2810.0 429.413 16 3300.0 -500.0 102 -51 183.89799999999997 157.14100000000002 50
3930.0 465.552 15 4320.0 -390.0 80 -69 199.19300000000004 203.17599999999996 39
4400.0 567.7629999999999 25 4860.0 -480.0 99 -79 278.657 211.73699999999994 48
4250.0 422.36599999999993 17 4650.0 -400.0 82 -80 163.51299999999998 185.90099999999995 40
4170.0 514.751 19 4830.0 -660.0 117 -80 215.458 208.26799999999994 66
3710.0 554.1030000000001 19 4230.0 -520.0 95 -83 199.35199999999995 194.99599999999995 52
4510.0 476.32 18 4920.0 -560.0 115 -69 209.17699999999996 190.364 56
4090.0 526.153 15 4500.0 -410.0 84 -75 235.741 185.75300000000001 41
4230.0 584.2589999999999 19 5100.0 -870.0 90 -97 232.23399999999995 223.14 87
4410.0 562.2100000000002 18 4890.0 -500.0 102 -77 271.7679999999999 220.47699999999992 50
3890.0 464.426 21 4290.0 -550.0 113 -72 196.77799999999993 188.96999999999997 55
4200.0 539.9369999999999 20 4770.0 -570.0 112 -98 176.94399999999993 217.74799999999996 57
3000.0 461.0839999999999 17 3480.0 -630.0 123 -81 181.66400000000002 152.48399999999998 58
5040.0 398.752 17 5580.0 -540.0 94 -75 156.50799999999998 188.99999999999994 54
4040.0 476.66499999999985 22 4440.0 -610.0 102 -78 194.09599999999998 181.378 61
3560.0 410.09599999999995 19 4020.0 -460.0 88 -60 191.71899999999997 181.64599999999996 46
3630.0 480.63 16 4110.0 -480.0 99 -64 234.52199999999996 191.31899999999996 48
3220.0 424.81899999999985 14 3810.0 -590.0 116 -79 170.82899999999998 130.67799999999997 63
3030.0 411.319 13 3690.0 -660.0 134 -62 172.56799999999993 169.08799999999994 66
3620.0 521.9979999999999 19 4320.0 -740.0 113 -75 207.73199999999994 196.17499999999995 74
5000.0 551.3550000000001 17 5520.0 -520.0 106 -105 198.63 211.879 52
3760.0 491.78199999999987 18 4410.0 -700.0 103 -72 188.527 204.62400000000002 53
4260.0 547.4799999999999 14 4800.0 -540.0 110 -100 168.25900000000001 192.27699999999993 54
3900.0 468.70199999999977 18 4410.0 -510.0 84 -80 181.33599999999998 182.25799999999998 34
4590.0 502.73900000000003 17 5130.0 -540.0 102 -87 201.41799999999995 202.312 54
6180.0 531.6499999999997 21 6690.0 -510.0 86 -89 234.57699999999997 252.61499999999998 35
4070.0 558.1370000000001 16 4830.0 -780.0 122 -102 171.85499999999996 196.40199999999993 78
4600.0 614.6219999999998 19 5130.0 -530.0 109 -102 233.70100000000002 224.042 53
4335.0 635.0479999999999 20 5070.0 -795.0 119 -98 243.41199999999995 223.58299999999997 63
2710.0 466.32400000000007 16 3120.0 -410.0 84 -65 221.835 143.74899999999997 41
3920.0 560.4230000000002 18 5070.0 -1150.0 160 -92 221.81599999999997 223.08899999999994 115
4660.0 617.785 25 5220.0 -580.0 119 -88 262.81299999999993 227.52999999999997 58
4020.0 487.20699999999994 26 4410.0 -390.0 80 -74 231.85099999999994 194.71199999999996 39
3380.0 453.16099999999983 17 3780.0 -400.0 83 -83 188.19299999999998 161.933 40
3755.0 465.53999999999996 19 4320.0 -565.0 88 -70 207.32899999999998 186.72999999999996 40
4415.0 479.3739999999999 16 5070.0 -655.0 114 -83 161.342 218.58899999999994 49
5595.0 769.2730000000001 21 6360.0 -765.0 118 -97 277.835 259.30699999999996 60
3650.0 513.2689999999999 22 4410.0 -800.0 130 -77 212.04000000000002 192.40499999999997 80
5070.0 504.25699999999983 19 5460.0 -390.0 80 -75 219.869 204.171 39
5700.0 472.6269999999999 20 6090.0 -390.0 80 -81 208.50199999999995 231.325 39
5960.0 614.867 24 6360.0 -520.0 106 -84 298.073 272.27299999999997 52
4140.0 524.924 18 4800.0 -740.0 113 -71 257.043 216.397 74
4515.0 497.17800000000005 17 5160.0 -645.0 120 -104 181.60199999999998 162.485 68
4160.0 595.4369999999999 18 4800.0 -650.0 133 -92 226.623 215.69499999999996 65
4130.0 532.7889999999999 17 4620.0 -490.0 100 -88 230.41 199.24599999999998 49
3650.0 340.2839999999998 12 4050.0 -400.0 81 -72 119.48899999999999 132.077 40
4910.0 526.5009999999999 20 5310.0 -400.0 82 -85 222.94599999999994 225.23999999999995 40
2120.0 1060.6200000000003 13 3180.0 -1060.0 123 -53 133.07099999999997 139.036 106
4540.0 455.17299999999994 17 5040.0 -500.0 102 -88 154.12699999999998 209.60699999999997 50
2360.0 1704.8510000000015 14 3450.0 -1090.0 126 -58 157.978 127.84 109
3015.0 400.33399999999995 15 3630.0 -625.0 109 -64 161.91500000000002 154.68600000000004 46
3490.0 447.217 17 4020.0 -530.0 86 -57 219.06899999999996 156.25699999999998 36
3905.0 439.13800000000003 19 4470.0 -685.0 121 -78 182.065 165.49399999999994 52
4090.0 579.2100000000002 19 4710.0 -620.0 106 -95 250.2479999999999 185.74199999999993 45
3850.0 609.7520000000001 16 4500.0 -650.0 116 -91 216.5939999999999 215.461 65
2925.0 435.4809999999999 16 3420.0 -555.0 94 -64 202.92299999999997 144.26699999999997 39
3840.0 419.0450000000001 18 4230.0 -390.0 80 -61 199.052 178.54899999999998 39
2650.0 471.7589999999999 17 3150.0 -600.0 122 -67 211.73100000000002 132.712 60
3910.0 550.367 17 4980.0 -1080.0 134 -90 212.03999999999996 198.74899999999994 108
3230.0 442.97499999999985 13 3780.0 -550.0 109 -86 138.14899999999994 160.64799999999994 55
4560.0 464.84299999999985 17 4980.0 -420.0 86 -80 184.66799999999995 199.37399999999997 42
3770.0 500.1239999999999 15 4170.0 -400.0 82 -76 235.41299999999998 183.14400000000003 40
3450.0 430.17999999999984 18 3840.0 -390.0 80 -63 195.67499999999995 185.80599999999995 39
3270.0 531.468 17 4020.0 -810.0 129 -82 209.92799999999997 171.16499999999996 81
3920.0 545.0849999999999 18 4590.0 -670.0 104 -90 181.202 193.494 67
5270.0 506.9020000000001 18 5670.0 -400.0 82 -77 243.70099999999996 215.72200000000004 40
3760.0 420.03600000000006 12 4260.0 -500.0 89 -76 158.604 172.24399999999997 50
4390.0 558.405 24 4890.0 -500.0 102 -73 259.94800000000004 226.69899999999993 50
4105.0 612.626 17 4770.0 -875.0 139 -83 242.709 187.47399999999996 96
3570.0 412.802 13 3960.0 -570.0 110 -58 197.77399999999997 176.14499999999995 51
2980.0 463.49699999999973 14 3390.0 -410.0 81 -73 197.56199999999993 161.49399999999997 41
4185.0 581.507 18 4740.0 -615.0 119 -105 223.61 208.45300000000003 56
4670.0 611.8109999999998 20 5190.0 -520.0 105 -102 263.9339999999999 224.53999999999996 52
4280.0 649.524 16 5460.0 -1180.0 166 -99 252.17999999999998 254.89499999999995 118
3360.0 485.87299999999993 17 4260.0 -900.0 96 -71 192.36699999999993 184.70600000000002 90
4340.0 503.04400000000004 19 4860.0 -520.0 106 -85 193.587 205.15399999999997 52
3940.0 468.616 19 4470.0 -530.0 84 -62 234.5399999999999 200.359 37
3350.0 405.91 16 3780.0 -430.0 85 -59 184.908 146.853 43
4890.0 519.9879999999998 19 5370.0 -480.0 99 -87 207.46899999999997 236.786 48
3940.0 522.064 17 4560.0 -800.0 122 -92 178.95199999999997 200.708 63
4090.0 580.441 20 4590.0 -500.0 102 -87 246.91399999999996 204.40799999999996 50
3110.0 523.5980000000001 17 3690.0 -640.0 106 -87 197.08599999999998 159.93099999999998 64
4490.0 552.0179999999998 22 5010.0 -520.0 105 -99 194.26999999999995 223.683 52
3440.0 536.4089999999998 23 4020.0 -580.0 106 -75 213.58899999999997 173.115 58
4140.0 435.645 20 4590.0 -450.0 85 -71 190.89400000000003 194.288 45
4260.0 523.7629999999999 17 4770.0 -510.0 92 -85 197.28499999999997 196.63299999999992 51
3490.0 545.8080000000001 17 4020.0 -530.0 108 -76 243.19899999999996 188.853 53
1870.0 416.104 14 2790.0 -920.0 94 -73 142.28899999999996 128.378 92
6140.0 683.2070000000001 19 6780.0 -640.0 110 -106 278.3539999999999 278.55299999999994 47
4670.0 490.1039999999999 19 5340.0 -700.0 144 -82 203.345 210.39199999999994 70
4030.0 504.77099999999996 21 4410.0 -380.0 78 -74 238.18599999999998 189.845 38
4295.0 780.2249999999999 16 5130.0 -835.0 111 -78 237.02899999999994 236.2009999999999 111
3950.0 411.16999999999996 15 4350.0 -400.0 82 -64 170.28399999999996 189.30699999999996 40
3820.0 503.838 21 4230.0 -410.0 84 -76 215.74099999999999 175.017 41
3500.0 507.594 20 4050.0 -550.0 112 -84 183.094 182.26899999999998 55
3125.0 413.162 19 3660.0 -535.0 90 -72 158.75199999999998 149.38 37
4400.0 624.0339999999999 22 4950.0 -550.0 109 -94 279.3569999999999 214.99199999999993 55
4830.0 526.203 17 5730.0 -940.0 143 -92 203.61499999999992 238.8329999999999 94
3870.0 373.76800000000003 15 4380.0 -510.0 103 -66 164.82399999999996 151.545 51
3495.0 398.0129999999999 15 3990.0 -495.0 82 -59 171.14599999999993 174.82499999999996 33
5070.0 500.9499999999999 16 5460.0 -390.0 80 -83 176.794 255.75099999999995 39
5810.0 587.633 18 6480.0 -670.0 137 -129 212.93799999999996 189.33099999999993 67
4740.0 558.925 18 5250.0 -510.0 105 -78 259.137 215.16199999999995 51
5350.0 607.861 23 5880.0 -650.0 117 -91 275.10100000000006 250.71299999999997 65
2890.0 463.731 18 3900.0 -1020.0 121 -71 160.175 173.87899999999996 102
4410.0 649.5679999999998 20 5310.0 -900.0 93 -94 270.147 236.92999999999995 90
4320.0 453.3919999999998 18 4710.0 -390.0 80 -72 196.24099999999999 204.18499999999992 39
3300.0 438.97699999999986 17 3780.0 -480.0 92 -75 154.94699999999992 166.54000000000005 48
4190.0 528.6869999999999 20 4680.0 -490.0 100 -75 251.826 210.99799999999996 49
3890.0 559.6479999999999 20 4380.0 -490.0 93 -77 192.63299999999998 183.31099999999998 56
4080.0 465.5050000000001 19 4500.0 -420.0 86 -71 196.03799999999998 209.69199999999995 42
3200.0 383.54699999999997 17 3600.0 -400.0 83 -55 184.983 152.21599999999998 40
5660.0 607.0570000000001 21 6270.0 -610.0 117 -96 253.41 251.21799999999996 55
4580.0 448.78999999999996 18 5070.0 -490.0 101 -90 170.536 186.57999999999998 49
3890.0 1854.016999999999 18 5310.0 -1420.0 162 -89 175.982 214.8599999999999 142
5020.0 589.9080000000002 20 5640.0 -640.0 131 -98 275.134 216.932 64
3630.0 510.06099999999986 15 4350.0 -770.0 116 -85 193.22899999999998 192.167 60
3630.0 492.93499999999995 23 4140.0 -510.0 83 -65 231.90999999999997 204.54899999999992 34
2490.0 1875.9529999999988 15 3540.0 -1050.0 130 -60 250.95100000000002 163.55299999999997 105
4075.0 858.7380000000002 18 5100.0 -1065.0 128 -98 231.2429999999999 224.3519999999999 134
4710.0 507.0359999999999 22 5100.0 -390.0 80 -79 225.98000000000002 232.07799999999997 39
2750.0 362.9879999999997 17 3270.0 -570.0 97 -61 154.718 144.64800000000002 57
4410.0 615.8790000000001 23 4860.0 -450.0 92 -93 255.42700000000002 229.989 45
4170.0 455.5099999999998 20 4680.0 -525.0 102 -72 195.15799999999996 193.441 48
4425.0 488.8329999999999 20 4920.0 -495.0 82 -68 223.32199999999995 211.66599999999997 33
4825.0 573.6400000000001 18 5400.0 -575.0 98 -101 205.66599999999994 246.49699999999993 41
2730.0 501.5239999999999 11 3990.0 -1375.0 124 -79 140.48199999999997 158.11700000000002 227
3430.0 435.9109999999998 17 3840.0 -410.0 81 -64 188.80299999999997 185.009 41
4450.0 531.5930000000001 20 4830.0 -380.0 78 -79 249.48199999999997 214.56599999999995 38
3540.0 456.017 16 4020.0 -480.0 80 -63 223.89199999999994 185.84699999999992 32
2900.0 372.07999999999987 17 3330.0 -430.0 84 -59 155.34199999999998 127.09099999999998 43
2690.0 411.52199999999993 17 3060.0 -370.0 76 -61 188.33799999999997 143.99699999999996 37
3760.0 502.95200000000017 17 4140.0 -380.0 78 -62 230.20000000000005 200.111 38
5380.0 637.0259999999998 21 5880.0 -500.0 102 -99 260.22499999999997 236.17999999999995 50
2510.0 370.49699999999996 18 2880.0 -550.0 113 -54 163.008 129.42900000000003 55
4070.0 593.5139999999999 19 4950.0 -1020.0 105 -84 229.61999999999995 228.96999999999994 102
5240.0 574.5120000000002 20 5700.0 -580.0 118 -93 230.17100000000005 251.60099999999997 58
3190.0 446.17100000000005 18 3720.0 -690.0 122 -74 171.039 172.79399999999998 69
5020.0 518.8039999999999 20 5460.0 -720.0 115 -81 212.46699999999996 242.49899999999997 72
3580.0 469.25900000000007 15 3990.0 -410.0 84 -69 191.0149999999999 177.61599999999999 41
2890.0 413.56000000000006 15 3420.0 -530.0 101 -71 174.477 143.02199999999996 53
4055.0 762.327 17 4680.0 -625.0 100 -86 207.88799999999998 172.08499999999995 85
3900.0 1738.1919999999977 18 5250.0 -1350.0 146 -81 188.23399999999992 219.8779999999999 135
3310.0 425.028 20 3900.0 -590.0 108 -73 168.95300000000006 171.16499999999994 59
3855.0 530.7069999999999 20 4440.0 -585.0 93 -74 228.73199999999997 188.932 42
5150.0 559.5650000000002 17 5580.0 -430.0 88 -95 229.46999999999994 228.58500000000006 43
3940.0 459.81899999999985 22 4440.0 -500.0 102 -74 186.55499999999998 191.81199999999998 50
2600.0 396.29200000000003 15 2970.0 -370.0 76 -64 164.79600000000002 137.45 37
4070.0 487.85900000000004 19 4800.0 -810.0 119 -77 193.6069999999999 212.22499999999994 81
3320.0 421.1339999999999 15 3720.0 -400.0 82 -79 135.203 175.48599999999996 40
4300.0 591.4239999999999 16 5340.0 -1060.0 141 -83 239.587 236.59599999999995 89
3500.0 429.4859999999999 17 3900.0 -400.0 83 -64 202.68299999999994 168.388 40
4530.0 659.6160000000001 24 5340.0 -840.0 126 -80 222.70399999999998 245.02099999999996 84
4210.0 588.3259999999998 18 4950.0 -830.0 170 -94 230.23299999999998 235.86099999999988 83
4620.0 543.105 20 5100.0 -540.0 109 -97 186.08399999999997 222.307 54
3710.0 387.087 16 4110.0 -560.0 114 -55 167.454 180.64799999999994 56
3670.0 534.2239999999999 14 4500.0 -830.0 131 -78 210.10799999999995 199.49699999999996 83
4590.0 552.396 18 5070.0 -480.0 98 -92 216.087 220.73199999999997 48
4910.0 516.594 17 5310.0 -400.0 83 -76 233.362 229.70900000000003 40
3770.0 624.4519999999999 11 4380.0 -610.0 106 -90 189.786 168.80599999999998 61
5420.0 827.8030000000002 20 6210.0 -790.0 131 -111 249.02200000000005 252.74999999999997 81
5370.0 637.58 24 5790.0 -420.0 86 -103 259.426 246.87400000000002 42
4090.0 590.4330000000001 19 5160.0 -1070.0 130 -73 224.765 222.27999999999997 107
4110.0 455.8850000000001 15 4560.0 -450.0 91 -92 140.94599999999997 189.62099999999998 45
2540.0 340.2120000000001 14 2940.0 -400.0 83 -51 142.45700000000002 132.042 40
4580.0 559.0619999999999 21 5100.0 -520.0 106 -92 219.6409999999999 215.12599999999998 52
4470.0 452.78999999999996 24 4950.0 -480.0 80 -66 216.30200000000002 208.779 32
3075.0 443.95899999999983 16 3570.0 -495.0 82 -64 201.577 172.3319999999999 33
3680.0 521.2710000000001 19 4080.0 -400.0 82 -94 175.66100000000003 211.05 40
2630.0 329.53900000000004 16 3030.0 -400.0 83 -52 147.79699999999997 132.442 40
2930.0 371.9569999999999 13 3420.0 -490.0 95 -62 151.98 118.83199999999998 49
4380.0 487.73700000000014 18 4890.0 -510.0 94 -73 204.73399999999998 208.24299999999994 51
3420.0 557.0870000000001 17 3930.0 -510.0 104 -77 254.95199999999994 170.0 51
4650.0 445.47399999999993 16 5100.0 -490.0 100 -69 178.59799999999996 213.32099999999997 49
3350.0 505.59900000000005 16 4020.0 -680.0 128 -85 192.00499999999994 181.90299999999993 68
4530.0 602.562 17 5040.0 -510.0 103 -83 293.19999999999993 220.97800000000004 51
5055.0 535.5849999999999 18 5580.0 -525.0 87 -92 206.95699999999994 221.33599999999993 35
3830.0 534.293 16 4620.0 -840.0 127 -92 170.795 190.43900000000002 84
2600.0 437.5800000000001 14 3450.0 -950.0 140 -61 157.823 163.82999999999993 95
3705.0 440.50500000000005 17 4140.0 -435.0 86 -73 177.14099999999996 172.27799999999996 46
4200.0 571.186 17 5100.0 -900.0 95 -90 224.73099999999994 211.41899999999998 90
4140.0 460.235 17 4680.0 -540.0 87 -75 187.28100000000003 200.67700000000002 37
4080.0 401.59000000000003 22 4650.0 -600.0 123 -62 174.368 172.934 60
4510.0 532.677 19 4980.0 -470.0 96 -80 217.5089999999999 218.1629999999999 47
3200.0 583.731 18 3780.0 -580.0 107 -87 181.84099999999998 168.89599999999996 58
4065.0 565.7159999999999 17 4800.0 -785.0 141 -81 225.59799999999996 219.44 62
3720.0 427.3709999999999 13 4350.0 -680.0 105 -72 118.09999999999997 181.07899999999995 68
4180.0 524.4719999999999 17 4620.0 -440.0 89 -85 199.44499999999996 220.499 44
5610.0 586.6500000000001 21 6060.0 -450.0 92 -88 262.94899999999996 256.883 45
3690.0 482.01999999999987 20 4200.0 -510.0 82 -78 201.98699999999994 189.59699999999995 35
2985.0 537.001 17 4170.0 -1405.0 111 -60 196.552 151.492 241
3240.0 358.1669999999999 14 3870.0 -640.0 118 -58 142.77200000000002 155.33199999999997 75
3400.0 371.4269999999999 18 3990.0 -590.0 95 -53 175.52699999999996 169.29899999999995 59
3420.0 452.82099999999986 17 3930.0 -690.0 101 -66 184.716 178.70499999999996 52
4170.0 506.81 16 4620.0 -450.0 92 -74 220.518 215.99599999999998 45
3820.0 1034.5679999999998 13 4650.0 -830.0 111 -70 160.352 184.7939999999999 83
5450.0 1455.4319999999998 24 6270.0 -820.0 107 -94 297.6049999999999 275.123 82
3980.0 399.61099999999993 17 4410.0 -430.0 88 -68 155.761 186.083 43
3020.0 467.29499999999985 16 4080.0 -1070.0 116 -66 188.85199999999995 164.14099999999996 107
4200.0 531.9329999999999 18 4860.0 -660.0 106 -92 179.15800000000002 190.60500000000002 66
2780.0 395.50899999999996 12 3780.0 -1090.0 143 -65 168.18000000000004 155.82599999999996 109
2810.0 393.359 15 3270.0 -460.0 93 -69 143.44899999999996 153.37699999999995 44
4400.0 495.4259999999998 20 4950.0 -570.0 118 -72 223.04899999999992 216.66800000000003 57
2630.0 366.20599999999996 15 3240.0 -610.0 99 -58 135.495 152.581 61
4230.0 532.317 16 4830.0 -660.0 110 -85 202.09099999999995 222.16199999999995 66
3615.0 443.07399999999984 16 4110.0 -495.0 82 -56 212.63099999999997 183.45999999999995 33
3920.0 386.0709999999999 19 4470.0 -670.0 106 -58 168.45799999999997 184.34199999999996 67
4130.0 549.4689999999999 16 4650.0 -520.0 104 -84 206.66099999999992 197.51499999999993 55
2960.0 285.76699999999994 9 3420.0 -460.0 86 -67 85.188 121.17899999999999 46
5710.0 666.0119999999998 16 6390.0 -680.0 109 -97 192.37799999999996 238.27899999999994 68
3115.0 474.6789999999998 20 3690.0 -635.0 110 -82 196.67299999999994 152.01399999999995 47
4740.0 565.368 17 5250.0 -510.0 103 -91 211.11499999999995 211.51399999999995 51
3360.0 669.6849999999998 18 3990.0 -630.0 116 -95 225.45999999999998 179.736 74
5660.0 714.6249999999997 19 6240.0 -580.0 118 -113 281.335 267.013 58
4840.0 538.8710000000001 19 5250.0 -410.0 84 -83 223.58299999999997 224.89899999999994 41
3610.0 434.42899999999986 19 4080.0 -490.0 94 -70 189.62499999999997 171.575 49
4160.0 469.9559999999999 16 4650.0 -490.0 100 -83 152.09300000000002 168.31099999999998 49
3810.0 484.8789999999999 20 4380.0 -580.0 118 -68 226.03299999999996 194.22799999999995 58
3560.0 456.06499999999994 18 4050.0 -490.0 89 -61 206.84699999999998 162.58800000000005 49
2900.0 450.09000000000015 15 3450.0 -550.0 88 -72 186.02099999999996 149.93200000000002 38
3870.0 409.696 18 4260.0 -390.0 80 -76 168.50399999999996 172.16 39
4470.0 514.9799999999999 22 4950.0 -480.0 98 -79 244.92999999999998 211.03799999999998 48
5935.0 647.3089999999996 20 6690.0 -755.0 104 -106 222.02999999999994 267.9729999999999 59
4040.0 528.715 17 4530.0 -490.0 100 -81 236.51 206.98799999999997 49
5090.0 591.572 21 5610.0 -520.0 102 -90 265.831 247.727 52
6550.0 565.875 19 7110.0 -560.0 96 -101 245.99199999999993 262.147 40
3765.0 508.404 16 4320.0 -555.0 87 -83 179.17399999999995 203.62300000000002 39
3400.0 391.9879999999999 18 4020.0 -700.0 107 -63 165.62699999999995 166.17799999999997 70
3710.0 525.9 15 4620.0 -950.0 135 -72 144.94799999999998 179.29400000000004 95
4690.0 560.786 23 5280.0 -590.0 108 -82 244.59999999999988 222.913 55
2550.0 338.67099999999994 14 2940.0 -390.0 80 -61 142.01799999999997 113.50499999999998 39
4480.0 538.1769999999996 22 5040.0 -560.0 105 -90 201.77200000000002 230.32099999999997 52
2500.0 411.445 16 3120.0 -650.0 108 -62 179.01999999999995 147.55499999999995 65
4010.0 484.366 21 4410.0 -400.0 83 -78 210.92699999999994 196.387 40
3950.0 660.88 14 5190.0 -1290.0 174 -110 199.487 199.993 129
4160.0 528.323 22 4620.0 -460.0 88 -80 252.40099999999995 190.84900000000007 46
4970.0 657.888 19 5490.0 -1000.0 150 -84 325.4549999999999 256.95399999999995 100
3030.0 395.1429999999999 13 3450.0 -420.0 84 -59 133.37599999999998 143.406 42
4620.0 524.731 19 5100.0 -480.0 99 -93 223.83599999999998 203.80599999999998 48
3645.0 472.8649999999999 19 4230.0 -585.0 97 -82 201.96499999999997 177.21999999999997 39
4410.0 541.655 20 4920.0 -510.0 104 -70 282.07099999999997 217.67800000000003 51
3650.0 436.895 19 4320.0 -670.0 97 -62 198.43799999999996 196.66799999999998 100
3290.0 412.828 17 3690.0 -400.0 83 -67 181.839 157.934 40
4570.0 498.02500000000003 17 5190.0 -620.0 101 -85 213.617 213.67199999999997 46
3530.0 1922.6479999999985 18 4890.0 -1360.0 152 -80 228.35500000000002 202.34799999999996 136
4480.0 529.8799999999999 19 4890.0 -410.0 84 -94 207.775 209.92199999999994 41
4410.0 495.477 16 4890.0 -480.0 98 -86 186.67999999999995 196.58899999999997 48
4570.0 622.9489999999998 21 5010.0 -440.0 84 -91 275.6369999999999 232.18800000000002 44
4990.0 582.5829999999997 21 5520.0 -680.0 136 -91 232.308 205.69799999999992 70
3030.0 400.49300000000005 17 3480.0 -450.0 87 -61 177.02099999999996 149.70000000000002 45
2860.0 445.481 19 3480.0 -660.0 111 -71 184.71200000000002 131.09799999999998 66
2610.0 368.438 16 3120.0 -510.0 84 -55 153.96299999999997 130.535 34
3280.0 410.931 19 3660.0 -380.0 78 -63 186.90199999999996 162.49099999999999 38
3760.0 505.9099999999999 20 4290.0 -530.0 92 -78 228.23499999999996 193.184 53
4250.0 466.44399999999973 15 4740.0 -670.0 138 -81 194.89499999999995 193.86099999999993 67
3230.0 413.736 17 3660.0 -430.0 89 -74 169.82799999999997 154.92300000000006 43
2590.0 2370.6280000000006 14 3780.0 -1190.0 135 -65 168.75 161.10299999999998 119
4240.0 523.214 16 4650.0 -530.0 109 -81 223.01999999999995 193.69799999999998 53
3460.0 409.375 17 4140.0 -720.0 108 -66 176.639 182.37400000000002 72
3605.0 441.427 17 4020.0 -415.0 82 -79 175.63699999999994 180.09799999999996 44
5070.0 533.6979999999998 20 5580.0 -510.0 105 -88 233.57100000000003 228.115 51
3900.0 407.773 17 4290.0 -450.0 92 -68 171.10799999999995 180.50099999999992 45
4370.0 565.1339999999999 20 5130.0 -770.0 131 -89 230.552 220.85 55
4350.0 537.694 16 4830.0 -480.0 98 -96 216.10299999999995 186.072 48
2810.0 348.71899999999994 19 3210.0 -400.0 83 -48 163.438 141.23499999999999 40
5285.0 633.2909999999998 17 5940.0 -655.0 114 -99 227.893 269.65 49
4430.0 530.0070000000002 18 4980.0 -570.0 117 -70 251.10999999999993 227.50299999999993 57
4940.0 560.0679999999999 19 5430.0 -490.0 91 -97 235.32300000000004 228.52399999999994 49
2600.0 489.8169999999999 19 3420.0 -880.0 123 -75 201.69899999999996 172.65999999999997 88
4410.0 635.9409999999998 19 4980.0 -570.0 100 -89 304.01 206.90599999999995 57
4990.0 489.45400000000006 19 5490.0 -500.0 103 -87 219.908 193.97999999999996 50
4480.0 539.9759999999999 21 4890.0 -410.0 84 -76 248.14999999999998 214.623 41
3035.0 440.2529999999999 13 3720.0 -685.0 108 -71 160.507 147.105 71
2920.0 444.789 17 3540.0 -620.0 114 -74 171.61499999999995 160.69699999999995 62
3940.0 460.7459999999998 17 4620.0 -740.0 151 -83 193.289 173.68499999999997 74
4720.0 519.6449999999999 20 5130.0 -410.0 84 -81 208.9149999999999 214.67399999999998 41
4770.0 582.9409999999999 19 5490.0 -740.0 134 -86 241.30299999999994 238.656 74
5380.0 577.7750000000001 14 6030.0 -650.0 112 -103 190.36000000000004 242.57899999999998 48
3570.0 472.59099999999995 19 4050.0 -480.0 91 -72 189.13599999999997 170.98599999999993 48
3820.0 494.107 19 4380.0 -560.0 110 -81 176.11599999999999 193.10999999999999 59
4120.0 1791.6199999999992 18 5460.0 -1440.0 155 -76 206.56299999999996 196.412 144
4150.0 460.054 16 4560.0 -410.0 84 -61 192.205 191.44499999999994 41
3110.0 556.2739999999998 12 3780.0 -670.0 110 -87 168.49699999999993 163.63799999999995 67
4960.0 680.9329999999999 20 5640.0 -700.0 144 -94 270.6479999999999 249.576 70
4410.0 443.64599999999996 17 4800.0 -390.0 80 -72 177.52099999999996 211.70399999999998 39
4095.0 525.317 19 4620.0 -525.0 88 -81 227.56 202.49299999999997 36
2250.0 418.252 14 2820.0 -570.0 102 -68 163.594 126.86999999999996 57
4810.0 482.2369999999999 19 5340.0 -580.0 112 -85 176.80799999999996 207.56399999999996 58
4070.0 501.776 18 4470.0 -400.0 82 -70 259.21399999999994 185.50300000000001 40
2390.0 355.171 14 2790.0 -650.0 104 -61 154.51199999999994 117.56499999999996 65
5020.0 606.598 19 5520.0 -500.0 102 -103 240.266 246.41099999999997 50
3040.0 415.38599999999985 11 3510.0 -470.0 90 -85 111.62799999999999 146.411 47
4695.0 430.0019999999999 17 5190.0 -495.0 82 -77 176.20899999999997 190.59500000000003 33
3810.0 430.74499999999966 19 4350.0 -540.0 85 -67 181.32999999999993 197.27200000000002 38
4200.0 489.587 24 4770.0 -570.0 87 -83 194.817 193.373 41
3630.0 442.556 15 4170.0 -540.0 109 -74 173.28700000000003 187.52899999999997 54
3690.0 527.0719999999999 17 4290.0 -600.0 102 -75 215.18499999999995 193.49499999999995 43
4160.0 513.8290000000001 18 4620.0 -460.0 93 -85 223.82200000000003 192.69499999999994 46
2670.0 362.29299999999995 14 3150.0 -480.0 98 -64 137.248 134.32299999999998 48
2060.0 319.731 14 2460.0 -400.0 82 -54 141.355 109.82999999999998 40
4070.0 491.9239999999999 16 4710.0 -640.0 110 -85 172.292 195.446 47
5045.0 702.878 18 5790.0 -745.0 102 -88 242.67499999999995 201.932 58
3410.0 359.3159999999999 17 3810.0 -400.0 83 -63 146.79699999999997 156.05900000000003 40
3470.0 426.2579999999999 18 3870.0 -400.0 82 -63 223.303 155.64199999999997 40
5120.0 573.3530000000002 22 5520.0 -400.0 83 -83 271.157 243.214 40
4180.0 476.0419999999999 16 4710.0 -530.0 105 -81 193.85199999999995 206.01399999999998 53
2920.0 936.5659999999999 15 3750.0 -830.0 108 -73 185.37499999999994 150.731 83
4030.0 476.97400000000005 15 4500.0 -470.0 97 -80 195.28699999999995 190.70299999999997 47
4100.0 486.0529999999998 23 4530.0 -430.0 89 -78 185.93899999999996 202.34999999999997 43
3140.0 398.554 19 3600.0 -510.0 90 -59 167.893 161.59599999999992 51
3825.0 514.7520000000001 15 4470.0 -645.0 105 -82 216.67499999999993 201.50299999999996 48
3560.0 433.26400000000007 16 3960.0 -400.0 82 -78 157.953 179.63399999999996 40
3960.0 506.6579999999998 19 4650.0 -710.0 117 -65 233.88999999999993 203.86499999999998 71
3690.0 446.4089999999999 19 4230.0 -550.0 113 -72 182.24900000000002 188.79999999999998 55
2400.0 311.349 15 2970.0 -570.0 98 -53 136.03099999999998 111.55799999999999 41
3600.0 450.82600000000014 16 3990.0 -390.0 80 -58 217.61999999999998 185.51599999999993 39
3230.0 479.159 16 3630.0 -540.0 112 -64 220.39399999999995 174.69299999999993 54
3930.0 468.11099999999993 20 4500.0 -630.0 101 -77 178.713 185.94 46
5470.0 638.078 20 6000.0 -530.0 108 -102 281.9 262.9199999999999 53
3770.0 424.6589999999998 20 4260.0 -490.0 101 -77 161.96299999999997 186.45999999999995 49
4125.0 531.467 21 4650.0 -525.0 88 -90 198.00600000000003 212.34699999999995 36
6130.0 690.022 20 6600.0 -470.0 96 -105 274.8089999999999 312.112 47
4290.0 517.103 16 4830.0 -540.0 110 -90 194.93099999999993 215.06299999999996 54
4780.0 562.4139999999998 17 5370.0 -590.0 100 -96 225.35899999999995 214.63199999999995 42
4970.0 491.67699999999996 18 5400.0 -430.0 88 -87 191.99100000000004 216.17599999999996 43
5390.0 586.7559999999999 19 6000.0 -610.0 106 -97 260.9259999999999 247.35199999999992 45
4080.0 521.9759999999999 19 4560.0 -480.0 98 -77 216.37099999999995 193.52100000000002 48
4430.0 465.76199999999994 18 4920.0 -490.0 89 -74 210.825 210.01999999999992 49
4410.0 475.981 20 4860.0 -570.0 117 -80 209.613 193.622 57
3960.0 436.1790000000001 14 4440.0 -480.0 80 -73 183.65500000000003 188.53599999999994 32
3740.0 519.9159999999998 18 4320.0 -730.0 124 -81 187.069 187.83499999999992 73
3945.0 441.098 14 4560.0 -755.0 135 -84 145.89599999999996 166.82199999999992 59
4330.0 549.0469999999998 18 4800.0 -470.0 90 -83 204.675 207.76599999999993 47
3100.0 365.79800000000006 15 3690.0 -590.0 95 -57 146.64099999999996 166.30399999999997 59
3970.0 506.085 18 4440.0 -470.0 97 -85 200.982 195.89299999999994 47
5180.0 520.7719999999999 19 5850.0 -670.0 102 -83 238.02899999999997 245.89199999999994 51
4040.0 458.26199999999983 20 4440.0 -400.0 82 -76 185.60599999999997 193.31199999999995 40
4390.0 522.122 17 4800.0 -410.0 84 -79 236.82999999999996 206.41199999999992 41
3680.0 405.44300000000004 16 4080.0 -400.0 83 -65 173.68599999999995 173.363 40
3960.0 524.7249999999999 19 4500.0 -600.0 116 -70 184.53499999999997 184.427 60
4240.0 514.6360000000001 16 4650.0 -410.0 84 -79 209.41799999999992 207.61799999999994 41
3340.0 430.5639999999999 15 3810.0 -470.0 96 -64 189.32399999999996 172.021 47
3930.0 457.05199999999985 23 4320.0 -390.0 80 -72 194.17899999999997 194.64299999999994 39
3380.0 367.24699999999984 14 3780.0 -400.0 82 -59 159.16 151.486 40
3090.0 359.25299999999993 18 3480.0 -660.0 125 -58 161.786 134.722 57
4380.0 558.1160000000001 20 4980.0 -600.0 109 -85 242.903 222.0109999999999 60
4260.0 481.9799999999999 19 4650.0 -390.0 80 -74 227.77699999999993 211.85099999999994 39
4110.0 479.987 16 4560.0 -450.0 92 -86 174.51000000000002 204.372 45
3020.0 407.15899999999993 16 3420.0 -400.0 83 -70 157.71500000000003 154.03199999999995 40
3110.0 381.905 14 3510.0 -400.0 83 -49 196.44900000000004 150.42 40
4635.0 516.3929999999999 19 5250.0 -615.0 106 -86 187.35500000000002 208.79899999999998 45
2810.0 368.83499999999987 16 3210.0 -400.0 82 -63 140.59499999999997 151.605 40
3010.0 496.20599999999996 14 3870.0 -860.0 85 -71 191.54599999999996 173.696 86
2560.0 440.159 18 3030.0 -470.0 96 -65 173.92399999999992 136.35899999999998 47
3605.0 1006.1449999999995 17 4530.0 -940.0 119 -84 256.746 188.24399999999997 74
4530.0 537.233 22 4980.0 -450.0 92 -80 236.56999999999994 218.54199999999997 45
5200.0 571.797 19 5670.0 -470.0 95 -93 233.802 227.057 47
3630.0 472.81600000000003 18 4110.0 -500.0 102 -66 190.05499999999998 185.38099999999997 50
4130.0 455.023 18 4590.0 -480.0 97 -66 200.43599999999998 199.64399999999995 48
4640.0 604.5449999999998 16 5280.0 -640.0 105 -95 246.72099999999998 233.60699999999997 64
3750.0 471.765 18 4170.0 -420.0 86 -69 204.92099999999994 183.058 42
3900.0 423.2779999999999 20 4410.0 -510.0 84 -70 172.71499999999997 173.222 34
4360.0 529.6329999999999 19 4770.0 -410.0 84 -77 221.07299999999998 212.60399999999998 41
4450.0 455.81499999999994 20 4830.0 -380.0 78 -71 206.93300000000002 196.16200000000003 38
5820.0 606.192 17 6300.0 -480.0 98 -106 220.42000000000002 267.98299999999995 48
2985.0 451.32500000000005 13 3570.0 -585.0 104 -77 130.141 171.61399999999998 64
3970.0 490.515 18 4440.0 -680.0 132 -75 204.606 192.269 68
2800.0 483.72399999999993 15 3900.0 -1100.0 147 -75 177.56799999999998 177.63499999999996 110
4920.0 582.0849999999999 18 5460.0 -540.0 85 -91 215.56 241.69899999999996 42
4280.0 490.3970000000002 17 4740.0 -460.0 87 -71 202.38399999999996 223.48499999999996 46
4370.0 532.664 15 4950.0 -580.0 98 -86 197.432 196.26399999999995 58
3590.0 418.04499999999985 17 3990.0 -400.0 82 -66 176.76600000000002 175.655 40
3810.0 435.03200000000004 18 4200.0 -445.0 86 -67 196.28999999999996 185.02100000000002 50
4490.0 505.5149999999999 17 5070.0 -580.0 98 -94 195.18699999999995 198.49699999999999 58
4380.0 496.793 25 4890.0 -510.0 86 -79 240.15099999999998 180.87000000000003 35
3350.0 362.57899999999995 15 3840.0 -490.0 88 -61 135.57299999999998 151.15599999999995 49
4010.0 404.20400000000006 15 4530.0 -530.0 109 -68 170.30500000000004 174.42199999999997 53
3650.0 428.28099999999995 20 4020.0 -370.0 76 -71 195.97 169.332 37
3875.0 420.438 18 4680.0 -835.0 124 -78 153.188 157.25699999999998 67
3410.0 394.964 15 3840.0 -490.0 95 -68 133.559 174.27899999999997 49
3570.0 522.2729999999998 17 4080.0 -510.0 97 -76 206.00499999999997 176.701 51
4790.0 576.6169999999997 18 5550.0 -760.0 122 -92 238.76999999999992 215.4209999999999 59
3370.0 436.0039999999999 17 3780.0 -410.0 84 -70 170.132 161.345 41
3670.0 512.0309999999998 19 4350.0 -750.0 141 -73 228.35599999999997 189.05 75
2870.0 400.718 12 3270.0 -400.0 82 -70 152.86700000000002 150.587 40
2480.0 294.41 12 2880.0 -400.0 82 -45 131.78799999999998 120.85799999999999 40
3080.0 432.7540000000001 18 3600.0 -620.0 103 -69 193.83800000000002 153.31099999999998 62
2400.0 317.828 12 2910.0 -510.0 104 -53 122.514 121.63299999999998 51
3790.0 477.1479999999999 16 4200.0 -410.0 84 -69 205.02299999999997 184.208 41
5360.0 545.6859999999999 21 5760.0 -640.0 103 -78 258.097 232.66900000000004 64
4620.0 457.19899999999996 18 5280.0 -680.0 119 -79 178.27499999999995 183.5609999999999 51
4035.0 397.908 14 4530.0 -495.0 82 -83 141.695 156.315 33
5010.0 491.73200000000014 19 5520.0 -510.0 104 -83 231.07099999999988 195.46899999999997 51
4575.0 510.82099999999997 22 5070.0 -495.0 82 -80 229.26699999999997 210.38299999999998 33
5260.0 575.1019999999999 22 5760.0 -500.0 96 -102 216.53099999999998 255.38899999999998 50
3905.0 509.761 17 4680.0 -775.0 122 -95 176.11599999999999 185.29099999999994 61
4790.0 410.47 16 5190.0 -400.0 83 -71 161.08099999999996 208.31499999999997 40
5050.0 626.187 20 5640.0 -590.0 100 -108 211.73999999999998 244.46999999999994 42
4880.0 579.365 22 5280.0 -400.0 82 -85 255.13899999999998 240.9859999999999 40
2510.0 387.19599999999986 16 2940.0 -430.0 85 -57 156.4 125.36799999999998 43
4230.0 453.7679999999999 15 4680.0 -450.0 92 -82 168.90200000000002 187.13899999999995 45
3170.0 415.65299999999985 14 3600.0 -550.0 97 -61 149.30599999999995 162.46299999999997 57
3560.0 516.0569999999999 18 4200.0 -680.0 113 -78 207.08400000000003 191.273 68
5610.0 578.112 21 6150.0 -540.0 105 -95 248.90500000000003 258.68899999999996 49
3590.0 416.229 19 3990.0 -600.0 124 -63 190.96499999999997 168.54899999999998 60
3310.0 470.586 15 3930.0 -660.0 116 -78 188.57199999999997 159.54099999999994 66
2485.0 536.431 14 3450.0 -965.0 92 -62 168.37400000000002 131.576 129
3800.0 467.6309999999998 18 4260.0 -460.0 93 -80 186.31499999999994 182.81999999999994 46
4250.0 460.8019999999998 21 4740.0 -490.0 100 -73 215.297 204.51699999999994 49
4040.0 546.9990000000001 17 4590.0 -650.0 131 -75 215.932 217.38000000000002 65
3975.0 553.7319999999999 20 4770.0 -805.0 125 -84 227.05599999999995 215.315 64
4670.0 437.23500000000007 18 5130.0 -460.0 94 -71 169.08599999999998 232.97299999999993 46
3550.0 482.03999999999996 19 4020.0 -470.0 89 -65 218.19 173.09499999999997 47
3050.0 395.02700000000004 19 3450.0 -400.0 82 -62 175.60899999999998 143.96499999999997 40
3780.0 537.9369999999998 15 4680.0 -900.0 163 -87 210.21899999999994 192.37800000000001 73
5310.0 472.975 19 5700.0 -390.0 80 -75 191.921 241.58599999999998 39
4665.0 470.131 20 5250.0 -585.0 100 -74 186.63499999999996 222.87699999999998 42
4090.0 497.39499999999987 19 4530.0 -440.0 90 -99 168.294 203.18699999999995 44
3700.0 430.1959999999998 17 4260.0 -600.0 107 -75 159.22399999999996 189.532 60
3870.0 454.21599999999995 15 4350.0 -480.0 95 -79 186.45100000000005 163.11400000000003 48
3580.0 463.1819999999998 18 4080.0 -500.0 102 -74 186.66899999999998 174.00899999999996 50
3135.0 475.831 13 3780.0 -645.0 96 -72 186.12099999999995 154.44299999999993 57
4770.0 540.7799999999999 19 5250.0 -480.0 99 -84 241.53599999999994 224.79999999999993 48
3670.0 467.433 20 4140.0 -470.0 89 -73 206.85 180.73699999999997 47
4290.0 496.3539999999998 19 4680.0 -390.0 80 -65 253.92599999999996 197.901 39
4840.0 588.18 21 5430.0 -590.0 100 -100 228.90899999999996 228.79199999999994 59
3380.0 486.8149999999999 15 4140.0 -800.0 120 -82 153.29000000000002 184.82599999999996 80
3965.0 517.2 18 4560.0 -595.0 102 -83 215.497 200.55899999999997 43
5030.0 615.407 22 5430.0 -400.0 82 -76 318.10399999999987 243.00599999999994 40
3840.0 438.4879999999999 14 4260.0 -420.0 85 -74 175.33299999999994 150.0819999999999 42
3810.0 385.1669999999999 18 4290.0 -480.0 88 -71 150.61800000000005 157.391 48
3795.0 539.3440000000002 20 4590.0 -805.0 140 -85 222.27400000000003 186.39099999999996 64
4160.0 495.556 19 4590.0 -430.0 88 -78 200.64600000000002 186.84800000000004 43
3930.0 515.808 17 4500.0 -750.0 113 -80 220.87300000000002 196.01999999999998 75
4780.0 532.1439999999999 16 5310.0 -780.0 131 -81 241.0709999999999 202.11599999999999 78
3890.0 577.727 17 4380.0 -490.0 100 -83 282.855 182.43999999999997 49
4600.0 579.759 20 5190.0 -590.0 102 -91 239.23999999999995 231.84799999999998 43
4750.0 530.3299999999999 19 5310.0 -560.0 94 -83 218.03599999999997 223.25699999999998 56
4075.0 520.4570000000001 16 4590.0 -515.0 86 -79 241.31299999999993 204.45999999999995 35
3770.0 459.6369999999999 19 4230.0 -460.0 88 -69 209.64199999999997 184.16599999999994 46
3870.0 472.258 18 4290.0 -420.0 86 -66 200.86399999999992 180.687 42
5310.0 630.4959999999998 21 6030.0 -740.0 147 -98 248.90399999999997 252.19599999999997 77
3680.0 432.4339999999999 16 4200.0 -520.0 102 -83 150.32399999999996 159.45499999999998 52
4190.0 479.91599999999994 17 4680.0 -490.0 89 -83 188.10099999999994 203.67399999999995 49
3830.0 491.2519999999998 17 4230.0 -400.0 83 -86 200.73999999999998 183.668 40
2700.0 433.56499999999994 14 3210.0 -590.0 100 -57 182.605 143.17499999999995 59
3465.0 470.9550000000001 18 3960.0 -495.0 82 -74 218.851 158.53000000000003 33
3570.0 516.3989999999998 16 4080.0 -510.0 104 -77 222.75199999999995 190.63199999999995 51
4410.0 532.8240000000001 19 4950.0 -555.0 107 -71 257.22299999999996 225.82 50
5560.0 525.7659999999998 13 6090.0 -530.0 109 -108 176.79499999999993 218.77399999999992 53
4740.0 528.718 21 5130.0 -450.0 92 -72 236.90399999999997 240.33799999999997 45
3570.0 423.2039999999999 17 4020.0 -450.0 92 -80 164.79 162.74799999999996 45
4350.0 512.196 17 4830.0 -480.0 98 -84 193.54899999999998 228.25299999999993 48
4020.0 420.40299999999974 18 4470.0 -450.0 85 -69 183.29899999999998 186.215 45
2775.0 363.995 18 3270.0 -495.0 82 -56 158.60299999999998 140.27700000000002 33
5280.0 606.194 18 5820.0 -540.0 110 -92 224.37999999999994 249.1229999999999 54
3790.0 421.6429999999999 20 4470.0 -710.0 107 -59 197.45600000000002 184.61099999999996 71
5090.0 660.5570000000001 22 5550.0 -460.0 95 -100 288.45599999999996 255.01999999999995 46
2790.0 532.246 18 3870.0 -1080.0 145 -74 181.38500000000002 164.49 108
3890.0 384.525 17 4350.0 -460.0 87 -66 177.14499999999998 147.40599999999998 46
4550.0 521.211 16 5070.0 -520.0 105 -101 203.078 180.28699999999998 52
5150.0 615.8850000000001 22 5730.0 -580.0 108 -95 265.13 255.45199999999997 58
4010.0 468.16999999999985 19 4410.0 -400.0 82 -80 191.02599999999995 189.61999999999998 40
3390.0 467.7700000000001 16 3930.0 -540.0 95 -78 198.08199999999994 174.82999999999998 54
3070.0 465.317 18 3540.0 -470.0 89 -67 178.65999999999994 166.03899999999996 53
4140.0 454.89899999999994 17 4650.0 -510.0 84 -83 179.886 169.755 34
3250.0 434.71299999999985 16 3660.0 -410.0 84 -64 182.861 161.735 41
3030.0 513.9780000000001 14 3900.0 -870.0 87 -72 219.68699999999998 176.39499999999998 87
4170.0 548.797 17 4590.0 -420.0 84 -82 214.17899999999997 196.459 42
3255.0 517.398 18 3990.0 -735.0 103 -77 167.54400000000007 170.327 65
2650.0 414.067 15 3270.0 -710.0 112 -59 178.51599999999996 157.732 71
3590.0 546.5199999999999 20 4170.0 -580.0 99 -79 239.25799999999992 205.88899999999992 41
3760.0 566.486 20 4560.0 -840.0 119 -84 280.53100000000006 177.731 84
4160.0 627.9040000000001 13 5220.0 -1060.0 112 -84 211.4679999999999 208.40699999999995 106
3820.0 464.53499999999997 14 4320.0 -540.0 109 -74 186.41999999999993 198.07199999999997 54
4150.0 483.08499999999987 20 4680.0 -570.0 117 -93 175.24699999999999 190.23599999999996 57
2360.0 312.036 14 2760.0 -400.0 82 -55 125.856 115.74499999999995 40
3330.0 323.87100000000004 15 3720.0 -590.0 121 -58 135.857 145.409 59
2520.0 283.04599999999994 17 2910.0 -390.0 80 -43 131.92499999999995 124.01099999999998 39
3800.0 390.79900000000015 18 4200.0 -400.0 83 -59 174.861 177.97099999999998 40
4920.0 639.3499999999998 16 5430.0 -510.0 104 -99 253.58499999999998 245.56900000000002 51
4130.0 453.91599999999994 17 4530.0 -400.0 82 -71 201.73299999999992 190.591 40
5140.0 575.4809999999999 23 5730.0 -600.0 123 -83 276.01099999999997 245.96699999999993 60
2570.0 348.67499999999995 21 3030.0 -460.0 89 -54 146.18499999999997 126.78 46
3140.0 447.0919999999998 16 3900.0 -865.0 130 -65 182.02599999999998 179.28799999999995 83
3970.0 548.0429999999999 22 4350.0 -380.0 78 -80 240.94800000000004 208.404 38
3745.0 464.918 19 4200.0 -455.0 87 -66 202.28899999999996 197.41 51
3420.0 461.69899999999996 16 3840.0 -420.0 86 -72 180.88699999999997 174.52299999999997 42
3690.0 495.864 17 4080.0 -390.0 80 -76 222.88099999999994 195.016 39
4740.0 568.0219999999998 24 5190.0 -450.0 92 -78 283.21499999999986 219.75199999999998 45
2655.0 467.1050000000001 15 3150.0 -555.0 94 -77 196.12499999999997 148.46399999999997 39
4300.0 506.1359999999999 19 4830.0 -530.0 95 -85 215.2329999999999 203.07799999999995 64
4160.0 487.26699999999994 18 4650.0 -510.0 105 -82 213.986 190.72099999999998 51
4425.0 510.905 16 4920.0 -495.0 82 -74 231.43900000000002 222.08399999999995 33
3490.0 502.5539999999997 16 3930.0 -440.0 90 -83 184.026 184.599 44
2780.0 482.457 14 3330.0 -550.0 107 -78 163.90699999999998 139.085 55
3800.0 429.65100000000007 19 4200.0 -400.0 83 -75 168.79900000000004 182.48799999999997 40
4370.0 505.61099999999993 19 4830.0 -460.0 87 -78 232.785 197.62999999999997 46
5960.0 634.4100000000001 18 6450.0 -490.0 100 -97 277.905 251.55200000000002 49
5175.0 566.6679999999999 18 5670.0 -495.0 82 -89 259.68599999999986 235.103 33
3040.0 419.6259999999999 16 3600.0 -560.0 101 -55 212.14599999999993 156.10699999999997 56
3745.0 473.74 17 4170.0 -425.0 85 -78 200.44799999999998 189.75799999999992 45
3950.0 520.3129999999999 21 4410.0 -550.0 112 -78 213.77699999999993 192.10199999999998 55
3570.0 556.53 19 4170.0 -620.0 127 -93 246.27399999999997 186.99499999999998 62
2650.0 437.26 15 3570.0 -920.0 92 -65 188.95999999999995 156.11199999999994 92
3365.0 620.0169999999999 13 4260.0 -895.0 96 -83 140.713 162.529 137
3970.0 571.5089999999999 16 4530.0 -720.0 141 -80 203.10199999999998 194.08599999999998 72
3620.0 434.56199999999995 16 4080.0 -510.0 91 -60 191.487 184.577 51
4245.0 402.79800000000006 18 4740.0 -495.0 82 -61 188.35599999999997 183.072 33
2630.0 323.33599999999996 16 3030.0 -400.0 82 -54 149.33099999999996 121.84899999999999 40
5025.0 612.6119999999999 20 5640.0 -615.0 107 -107 229.29999999999998 255.499 45
4250.0 544.786 15 4920.0 -670.0 106 -91 211.03999999999996 210.57299999999998 67
3580.0 539.7849999999999 15 4110.0 -530.0 102 -87 173.24199999999996 198.43500000000003 53
4110.0 459.16800000000006 18 4620.0 -510.0 105 -70 203.31699999999998 192.69099999999997 51
4350.0 491.8829999999999 16 4800.0 -450.0 92 -74 190.427 194.67099999999996 45
