3540.0 500.1360000000001 16 3930.0 -390.0 79 -78 173.825 179.37699999999995 39
4090.0 435.05999999999983 17 4350.0 -260.0 52 -73 194.055 185.4379999999999 25
5130.0 603.7489999999999 20 5640.0 -510.0 92 -108 228.82999999999998 252.81599999999997 41
5190.0 443.85400000000004 15 5760.0 -620.0 126 -93 159.70499999999998 190.30599999999995 62
3800.0 511.309 21 4110.0 -310.0 62 -83 213.88700000000003 179.60499999999996 31
3980.0 490.84299999999985 18 4530.0 -550.0 87 -83 204.214 182.87799999999996 55
3420.0 1282.9929999999997 13 4410.0 -1090.0 115 -73 181.58399999999997 160.08199999999994 109
3970.0 531.5169999999999 18 4500.0 -540.0 102 -80 225.605 201.70999999999998 54
4110.0 544.85 17 4590.0 -480.0 72 -87 197.99399999999997 227.14899999999992 48
2960.0 432.81999999999994 16 3300.0 -340.0 31 -68 162.265 151.147 34
4580.0 656.1579999999998 16 5610.0 -1030.0 117 -120 205.138 231.65399999999994 103
4190.0 552.154 16 4560.0 -370.0 75 -92 194.84199999999998 198.68099999999998 37
4530.0 605.4259999999999 19 4980.0 -450.0 91 -99 219.47199999999998 214.96099999999993 44
4265.0 521.9300000000001 17 4650.0 -385.0 73 -101 201.853 156.23300000000003 37
3810.0 477.08900000000006 20 4080.0 -270.0 55 -70 208.61799999999997 186.472 27
3850.0 474.765 19 4110.0 -260.0 52 -87 185.36599999999999 166.62699999999995 26
5210.0 624.7099999999999 16 5760.0 -590.0 92 -99 230.473 226.93499999999997 59
4620.0 517.992 18 4860.0 -240.0 49 -90 221.60299999999995 210.55099999999996 24
3660.0 540.6149999999999 19 4110.0 -490.0 87 -87 238.44899999999993 174.537 49
3550.0 436.21599999999995 14 3810.0 -260.0 53 -64 196.64100000000002 185.44899999999996 26
4280.0 501.162 20 4560.0 -340.0 65 -76 220.0209999999999 206.98899999999995 34
4380.0 429.5610000000001 19 5010.0 -690.0 102 -79 183.96000000000004 180.526 69
2850.0 465.18699999999995 20 3420.0 -610.0 73 -63 196.00799999999992 140.375 52
4470.0 585.598 17 4860.0 -510.0 95 -101 249.436 203.28700000000003 51
3590.0 448.473 19 3780.0 -190.0 39 -78 164.47 169.50299999999996 19
2670.0 406.14099999999985 16 2970.0 -300.0 56 -72 146.70999999999995 128.674 30
2970.0 484.23799999999983 20 3660.0 -750.0 95 -77 166.12699999999995 167.48299999999995 75
4190.0 506.7779999999999 16 4470.0 -430.0 88 -83 215.60499999999993 196.04099999999997 43
5280.0 490.84699999999987 21 5550.0 -270.0 55 -86 194.34199999999996 191.44799999999995 27
2915.0 372.6199999999999 16 3210.0 -295.0 56 -63 140.67000000000002 143.083 29
3565.0 537.839 21 4080.0 -535.0 94 -83 228.229 194.81799999999998 53
4860.0 701.694 18 5400.0 -580.0 102 -106 269.865 233.61899999999997 58
5440.0 651.2679999999998 19 5820.0 -380.0 72 -110 276.50299999999993 218.61599999999996 38
5240.0 540.573 25 5610.0 -370.0 65 -78 247.11799999999994 240.0679999999999 49
5210.0 564.7249999999998 23 5550.0 -340.0 68 -111 227.81300000000005 218.231 34
4930.0 539.3959999999998 22 5220.0 -290.0 56 -100 214.90299999999996 223.431 29
4345.0 496.80800000000005 20 4740.0 -395.0 78 -89 170.488 183.916 38
5490.0 675.7680000000001 24 5970.0 -480.0 91 -105 311.24399999999986 260.48799999999994 48
6070.0 697.2000000000003 21 6480.0 -410.0 66 -105 308.2879999999999 280.175 41
5355.0 568.403 22 5760.0 -405.0 64 -94 230.843 248.07799999999992 42
5885.0 603.6189999999997 18 6330.0 -445.0 69 -108 228.5289999999999 257.363 44
4510.0 489.725 22 4800.0 -330.0 66 -69 223.60999999999993 208.077 33
4090.0 428.316 20 4350.0 -260.0 53 -72 171.0 183.74399999999997 26
3140.0 436.3059999999999 15 3600.0 -520.0 70 -70 176.249 165.56699999999995 43
3210.0 503.10200000000003 18 3840.0 -630.0 81 -86 200.75899999999993 168.657 63
4140.0 467.21999999999997 18 4410.0 -270.0 55 -86 168.34699999999998 184.59099999999995 27
3890.0 545.574 16 4140.0 -250.0 49 -86 233.64099999999993 190.91299999999998 23
4990.0 690.0719999999999 16 5370.0 -380.0 70 -118 250.31199999999995 253.0589999999999 38
4150.0 512.648 18 4410.0 -260.0 53 -84 203.52899999999988 191.43099999999993 26
3140.0 569.551 15 3960.0 -880.0 103 -85 184.98699999999997 184.66800000000003 88
2730.0 436.145 14 3060.0 -380.0 64 -69 163.34199999999998 135.811 38
5330.0 563.0969999999999 25 5700.0 -370.0 63 -101 237.18799999999996 238.66900000000004 26
2590.0 397.59 16 3000.0 -410.0 65 -62 167.974 144.915 41
5855.0 623.2009999999999 24 6180.0 -325.0 63 -107 262.676 265.927 30
4090.0 538.198 20 4440.0 -350.0 61 -83 262.675 195.52299999999994 26
4130.0 471.57599999999985 23 4530.0 -400.0 65 -84 202.28299999999996 174.43399999999994 40
4540.0 505.955 23 4860.0 -500.0 81 -78 220.51499999999996 209.40099999999998 50
5040.0 532.7829999999999 19 5370.0 -360.0 63 -83 227.36999999999995 239.43599999999995 36
3650.0 507.252 19 4110.0 -460.0 73 -73 196.76000000000005 181.10200000000003 46
2690.0 421.79199999999975 18 3090.0 -440.0 62 -53 204.41199999999998 131.488 44
4490.0 678.8299999999999 20 5130.0 -840.0 126 -96 228.76499999999996 208.66699999999997 84
3260.0 352.31100000000004 18 3630.0 -380.0 78 -52 143.09099999999995 137.5 38
3960.0 469.693 20 4320.0 -360.0 73 -82 186.24299999999994 183.539 36
3780.0 487.42800000000005 16 4260.0 -520.0 85 -86 167.72299999999996 188.74199999999996 52
3600.0 678.3469999999999 18 4260.0 -710.0 114 -115 245.23099999999997 193.142 71
3300.0 470.3439999999998 19 3660.0 -360.0 73 -88 173.02400000000003 141.91199999999998 36
6190.0 660.5069999999997 19 6570.0 -380.0 73 -112 276.00999999999993 256.303 38
4040.0 446.67999999999984 16 4320.0 -430.0 81 -69 188.70899999999995 188.50199999999998 43
4570.0 494.058 16 4860.0 -290.0 53 -88 188.54399999999998 201.56699999999995 29
3710.0 393.21199999999993 15 3930.0 -220.0 45 -79 153.00699999999995 140.00299999999996 22
4060.0 556.0189999999999 20 4320.0 -260.0 52 -90 238.873 200.50599999999997 26
4450.0 517.4290000000002 18 4800.0 -350.0 62 -90 189.62000000000003 218.37699999999998 35
4630.0 647.2220000000001 21 5280.0 -710.0 98 -100 229.33499999999998 244.15699999999993 71
5640.0 640.452 18 6030.0 -390.0 69 -106 238.61999999999998 244.34099999999992 39
5965.0 644.969 18 6330.0 -365.0 64 -88 254.58699999999996 247.31199999999993 42
5500.0 682.1709999999998 23 6090.0 -600.0 115 -102 300.93499999999995 256.8689999999999 60
3985.0 527.2810000000001 16 4830.0 -865.0 107 -87 188.89600000000002 191.27899999999994 103
2405.0 421.77899999999994 15 3270.0 -895.0 92 -71 149.813 150.55299999999997 84
3460.0 355.2449999999999 16 3720.0 -260.0 53 -62 141.621 152.54199999999994 26
3310.0 397.2469999999999 20 3690.0 -390.0 80 -60 161.34400000000002 165.14399999999998 39
3360.0 453.4169999999999 17 4110.0 -770.0 100 -70 168.588 188.36300000000003 77
4910.0 449.751 15 5160.0 -250.0 51 -80 200.28799999999998 199.49399999999994 25
3890.0 531.9920000000001 21 4230.0 -460.0 85 -81 227.52800000000002 186.62399999999997 46
4080.0 498.9469999999998 20 4530.0 -460.0 94 -66 219.33299999999997 201.471 46
4140.0 459.94199999999995 20 4470.0 -330.0 60 -69 203.47799999999995 200.582 33
4440.0 524.853 18 4740.0 -300.0 61 -90 195.35099999999997 181.55599999999998 30
5090.0 623.988 16 5520.0 -520.0 82 -113 214.28299999999993 252.956 49
5910.0 581.244 20 6240.0 -330.0 66 -99 223.5529999999999 248.9869999999999 33
3230.0 356.277 15 3630.0 -440.0 66 -57 163.17999999999998 151.803 44
4820.0 523.661 22 5280.0 -460.0 77 -84 236.08399999999995 218.05299999999997 46
4780.0 634.5399999999998 18 5160.0 -380.0 76 -108 226.365 229.61699999999993 37
4080.0 463.123 18 4530.0 -450.0 78 -78 201.60099999999994 187.44099999999992 45
4820.0 522.7059999999998 21 5100.0 -280.0 57 -99 189.49499999999998 202.303 28
2955.0 483.14699999999993 20 3600.0 -645.0 124 -85 181.73999999999998 149.54699999999997 63
2600.0 336.39799999999997 15 2880.0 -280.0 57 -60 118.61999999999999 126.89699999999996 28
4280.0 488.864 18 4530.0 -250.0 51 -90 211.34099999999998 185.55599999999995 25
3500.0 512.6859999999999 16 4140.0 -640.0 65 -90 192.05099999999996 171.16099999999997 64
3600.0 421.943 16 4050.0 -500.0 72 -70 157.44299999999996 160.72699999999998 50
4450.0 496.4669999999999 19 4890.0 -450.0 92 -83 209.01600000000002 198.11300000000003 45
5190.0 507.056 20 5580.0 -400.0 82 -71 236.66799999999992 243.47799999999995 40
3090.0 396.60699999999997 19 3360.0 -520.0 77 -61 190.31199999999998 139.117 52
4220.0 535.543 17 4710.0 -500.0 97 -84 211.95599999999993 197.07599999999996 50
4630.0 481.951 19 4890.0 -400.0 65 -74 227.423 208.41999999999996 40
5995.0 585.2669999999999 18 6270.0 -275.0 55 -96 236.20899999999997 266.50000000000006 27
3340.0 365.8469999999999 19 3600.0 -510.0 75 -54 155.95700000000002 151.64399999999998 51
4210.0 552.3270000000001 18 4800.0 -610.0 112 -88 237.46199999999996 210.90699999999998 61
4240.0 581.107 18 4800.0 -740.0 114 -88 231.49799999999996 202.34499999999994 74
5775.0 634.9269999999999 23 6090.0 -315.0 52 -86 307.817 281.944 21
2900.0 498.15799999999984 14 3360.0 -460.0 69 -65 223.89699999999996 147.21699999999998 46
3975.0 552.9009999999998 20 4350.0 -375.0 64 -80 247.5689999999999 196.31199999999998 27
3710.0 577.5289999999999 17 4200.0 -510.0 82 -90 207.70899999999995 191.20399999999992 51
4760.0 503.84800000000007 19 5310.0 -550.0 89 -86 191.312 216.77100000000004 55
3130.0 485.2869999999999 18 3480.0 -530.0 87 -85 178.394 161.38000000000002 53
5150.0 537.858 19 5460.0 -310.0 56 -92 231.51399999999995 204.358 31
4930.0 535.5469999999998 23 5250.0 -320.0 63 -100 227.84999999999994 200.07200000000003 31
4160.0 446.432 22 4410.0 -250.0 48 -72 211.65399999999997 183.619 22
4670.0 489.9179999999999 20 5010.0 -380.0 77 -75 210.04699999999997 227.56699999999995 38
4970.0 641.8340000000002 19 5340.0 -370.0 75 -105 240.773 241.7719999999999 37
5450.0 543.1560000000001 21 5760.0 -310.0 64 -97 185.03799999999998 248.734 31
3210.0 524.5269999999999 17 3840.0 -630.0 62 -96 207.52999999999992 147.62399999999997 63
4700.0 570.2490000000001 16 4950.0 -250.0 51 -93 225.91899999999995 233.40599999999998 25
3665.0 420.8319999999999 15 3960.0 -295.0 56 -74 175.17299999999997 159.50999999999996 29
5070.0 688.142 21 5640.0 -570.0 75 -111 257.722 263.69399999999996 57
4080.0 532.6989999999998 24 4560.0 -570.0 78 -82 207.12299999999993 201.22199999999998 57
5000.0 535.4839999999999 19 5280.0 -280.0 57 -96 215.1769999999999 199.29200000000003 28
4520.0 553.3179999999999 18 4800.0 -280.0 53 -90 233.99800000000002 217.511 28
3810.0 564.2700000000001 15 4500.0 -690.0 90 -78 167.20999999999998 188.64199999999994 69
3665.0 484.137 16 3990.0 -325.0 57 -84 192.649 183.45099999999994 40
5060.0 587.2900000000001 20 5310.0 -250.0 51 -89 252.02899999999994 238.39099999999993 25
4380.0 606.1890000000001 19 4980.0 -610.0 117 -99 259.7729999999999 218.855 61
4150.0 494.2589999999999 14 4470.0 -320.0 62 -83 193.72 197.5709999999999 32
3890.0 472.7119999999999 19 4170.0 -350.0 63 -75 176.49399999999997 173.43599999999998 35
3320.0 367.58500000000015 14 3720.0 -400.0 65 -75 124.23799999999997 158.652 40
4330.0 521.9139999999999 18 4710.0 -380.0 59 -86 225.03699999999995 194.56999999999994 38
3435.0 503.5039999999999 18 4080.0 -725.0 88 -73 178.47999999999996 188.16399999999996 62
4015.0 532.8449999999999 17 4650.0 -675.0 100 -89 182.39099999999996 207.55999999999997 66
4510.0 524.9269999999999 18 4890.0 -450.0 68 -83 222.09099999999998 219.64900000000003 45
4220.0 452.68399999999997 16 4800.0 -580.0 119 -80 191.92399999999998 194.649 58
4970.0 605.9730000000001 17 5430.0 -500.0 101 -104 231.66899999999995 234.60100000000003 50
4365.0 505.8599999999999 23 4680.0 -435.0 77 -82 209.131 197.21200000000002 33
3800.0 538.9999999999998 17 4110.0 -310.0 56 -83 256.24799999999993 186.56599999999995 31
4720.0 542.386 19 5010.0 -290.0 59 -91 208.38599999999994 204.06199999999995 29
4015.0 464.41299999999995 18 4350.0 -335.0 53 -81 194.72299999999996 178.08899999999994 23
3740.0 487.1089999999999 13 4110.0 -520.0 106 -92 184.82200000000003 146.33 52
3460.0 346.099 15 3900.0 -480.0 71 -61 135.03399999999996 148.047 48
4630.0 585.407 19 5010.0 -410.0 79 -105 212.69099999999997 188.26100000000002 41
3230.0 449.26100000000014 15 3990.0 -760.0 130 -87 163.36700000000002 156.75400000000002 75
4805.0 594.366 20 5370.0 -565.0 88 -106 217.44499999999996 242.4719999999999 52
4520.0 538.6049999999998 18 4920.0 -400.0 65 -81 235.71299999999994 206.65 40
4380.0 468.645 21 4680.0 -300.0 61 -95 179.33999999999997 183.066 30
4370.0 547.4970000000001 18 4770.0 -580.0 102 -83 197.01499999999996 208.41399999999996 52
4420.0 476.4669999999999 16 4680.0 -260.0 53 -93 173.54500000000002 196.23699999999997 26
4080.0 476.81699999999984 21 4470.0 -390.0 58 -75 210.926 194.31599999999995 28
3670.0 477.9219999999999 17 4170.0 -500.0 81 -79 189.617 172.313 50
4100.0 458.9099999999997 19 4530.0 -450.0 92 -78 179.715 181.24200000000005 45
4430.0 506.46099999999996 16 5040.0 -610.0 85 -82 213.941 199.067 61
4090.0 518.0550000000002 16 4590.0 -500.0 88 -89 185.34699999999995 206.30799999999996 39
4470.0 437.895 17 4740.0 -270.0 55 -84 176.963 184.27700000000002 27
4390.0 572.6240000000001 19 4680.0 -290.0 54 -89 257.126 206.63399999999996 29
3570.0 429.47799999999995 20 3840.0 -270.0 55 -69 184.807 171.154 27
5500.0 644.9950000000002 20 5880.0 -380.0 77 -110 241.02300000000005 250.714 38
5180.0 530.386 18 5550.0 -370.0 70 -86 203.19899999999993 252.413 37
6180.0 855.2499999999998 21 6870.0 -690.0 89 -124 303.9709999999999 280.58599999999996 68
3470.0 381.65299999999996 19 3720.0 -250.0 51 -64 162.13799999999995 155.43499999999997 25
7130.0 674.689 24 7500.0 -370.0 73 -114 289.61799999999994 290.206 36
4205.0 455.987 14 4470.0 -265.0 53 -80 183.73599999999996 188.015 26
4310.0 595.7169999999999 18 4890.0 -590.0 120 -94 234.2969999999999 209.94299999999998 59
3530.0 408.51 11 4080.0 -550.0 83 -76 140.957 171.49999999999997 55
5160.0 509.60999999999984 20 5490.0 -330.0 62 -93 207.76999999999998 212.65399999999994 33
3230.0 425.94800000000004 16 3480.0 -250.0 51 -72 175.58399999999997 154.66700000000003 25
5290.0 542.914 24 5610.0 -480.0 75 -90 240.15900000000002 229.01899999999998 47
3940.0 391.7319999999999 18 4200.0 -260.0 52 -79 133.556 167.73800000000003 26
3530.0 792.7229999999997 19 4230.0 -1000.0 127 -85 220.81599999999997 200.67000000000002 100
4440.0 547.5539999999999 19 4710.0 -270.0 55 -93 201.53000000000003 202.33499999999998 27
4490.0 530.223 17 4950.0 -460.0 77 -81 245.22799999999992 201.68599999999995 46
3670.0 535.5419999999999 19 4530.0 -880.0 118 -90 211.38 188.68599999999995 88
4140.0 515.3769999999997 23 4530.0 -390.0 62 -86 195.55299999999994 206.22199999999998 39
4030.0 786.2370000000001 19 4830.0 -920.0 106 -92 182.40399999999997 161.67799999999997 92
3360.0 450.0559999999999 14 3780.0 -420.0 67 -83 191.695 157.47699999999998 42
4740.0 566.8839999999998 17 5070.0 -400.0 73 -91 200.76099999999997 212.95499999999993 40
3180.0 539.785 22 3720.0 -660.0 92 -81 233.71599999999998 166.70099999999996 66
4140.0 482.2829999999999 17 4590.0 -450.0 75 -88 166.26999999999998 194.71 45
4670.0 498.51899999999983 15 4980.0 -310.0 63 -88 193.07599999999996 200.558 31
5410.0 532.593 16 5790.0 -430.0 77 -91 229.42 191.89299999999994 54
5380.0 604.9499999999999 20 5760.0 -590.0 104 -97 264.00399999999996 233.78899999999996 59
3870.0 587.359 17 4380.0 -580.0 82 -95 224.51899999999995 204.43399999999997 58
3790.0 552.885 16 4500.0 -710.0 64 -106 163.15599999999998 183.99199999999996 71
3820.0 434.6139999999999 20 4080.0 -260.0 53 -80 154.332 185.94499999999996 26
3215.0 370.97600000000006 15 3570.0 -355.0 57 -63 151.691 146.78199999999995 25
4010.0 1002.8429999999997 17 4860.0 -880.0 105 -94 274.3209999999999 213.93399999999997 88
4600.0 544.507 17 4950.0 -350.0 65 -88 201.723 219.55599999999998 35
4960.0 545.0450000000001 19 5280.0 -320.0 60 -99 228.09399999999994 217.67799999999997 27
4260.0 557.884 20 4620.0 -430.0 71 -87 216.672 216.22999999999993 43
3335.0 470.061 19 3720.0 -385.0 66 -76 173.571 170.63199999999998 28
5100.0 522.8629999999998 19 5370.0 -270.0 52 -88 227.86299999999994 224.29799999999992 27
3980.0 447.7919999999999 19 4380.0 -420.0 86 -73 178.87799999999993 190.71599999999995 42
5410.0 570.8839999999999 18 5700.0 -290.0 59 -100 236.508 240.75 29
4270.0 529.1240000000001 19 4560.0 -290.0 59 -89 203.19199999999998 193.48199999999997 29
2980.0 425.65 18 3540.0 -605.0 115 -69 146.559 150.37899999999996 68
3575.0 520.9129999999999 17 3960.0 -455.0 70 -85 181.52599999999993 165.92499999999995 50
3330.0 418.3320000000001 16 3600.0 -300.0 60 -76 150.80999999999997 146.635 30
4870.0 571.634 19 5340.0 -750.0 102 -100 212.16499999999996 221.5909999999999 75
4385.0 589.6759999999997 21 4710.0 -395.0 70 -90 265.508 210.53500000000003 38
3925.0 473.6449999999999 15 4260.0 -335.0 67 -96 148.62599999999998 181.357 33
5010.0 545.033 24 5400.0 -390.0 79 -92 245.49899999999997 196.34799999999996 39
5190.0 601.8419999999998 21 5520.0 -410.0 76 -101 234.577 242.29199999999997 41
5250.0 567.1030000000002 26 5520.0 -270.0 55 -101 194.19199999999998 228.20899999999995 27
3690.0 706.3870000000001 20 4140.0 -450.0 72 -87 262.335 201.263 45
3780.0 435.796 19 4170.0 -450.0 68 -70 200.253 171.179 45
3270.0 404.39300000000003 14 3600.0 -330.0 57 -64 173.21999999999997 162.092 33
4290.0 493.8649999999998 20 4800.0 -530.0 102 -89 200.896 194.11899999999994 53
4550.0 590.0859999999999 18 5190.0 -670.0 134 -101 195.62600000000003 234.97899999999996 67
4080.0 485.61899999999986 20 4440.0 -360.0 65 -78 194.37699999999992 193.915 36
4250.0 545.4920000000001 11 4890.0 -640.0 91 -100 188.15899999999996 226.34399999999994 54
3720.0 479.1029999999999 18 3930.0 -210.0 43 -79 216.03099999999998 181.58799999999997 21
4260.0 476.09799999999996 18 4530.0 -270.0 52 -75 198.078 204.19399999999993 27
3105.0 442.23599999999993 14 3720.0 -615.0 123 -85 134.38199999999995 159.08199999999994 60
5360.0 584.953 22 5610.0 -250.0 51 -84 300.2989999999999 229.90699999999998 25
4905.0 575.5909999999998 20 5340.0 -435.0 87 -96 235.80100000000002 209.921 43
3745.0 573.7020000000005 18 4920.0 -1275.0 135 -86 245.95999999999992 203.77999999999997 117
5120.0 466.73999999999995 16 5370.0 -250.0 51 -93 170.09299999999996 203.22199999999992 25
3880.0 629.5989999999999 18 4350.0 -470.0 70 -80 212.56799999999998 193.02299999999994 47
5340.0 487.0959999999999 21 5760.0 -420.0 85 -95 187.964 207.223 42
4510.0 491.25299999999993 19 4830.0 -320.0 56 -79 215.661 206.75999999999996 32
4540.0 559.641 17 4830.0 -290.0 56 -78 248.76299999999998 205.75599999999997 29
6390.0 636.1259999999999 17 6780.0 -390.0 76 -112 260.35299999999995 289.10299999999995 39
4420.0 517.2060000000001 17 4740.0 -320.0 62 -88 217.55799999999994 186.636 32
3270.0 503.70700000000005 14 3840.0 -570.0 82 -80 192.55799999999994 169.96199999999993 57
6275.0 715.9780000000001 23 6690.0 -415.0 72 -98 323.00699999999995 311.411 38
4870.0 520.55 22 5130.0 -260.0 53 -80 220.87900000000002 223.19299999999996 26
3260.0 433.0909999999999 12 3660.0 -400.0 56 -70 154.65099999999995 167.30900000000003 40
5195.0 501.72799999999984 21 5490.0 -295.0 58 -83 203.56099999999998 232.24399999999997 28
5680.0 636.123 18 6030.0 -430.0 78 -103 239.184 261.143 43
5540.0 615.1360000000002 20 5850.0 -310.0 62 -106 268.68399999999997 218.37999999999994 31
5215.0 644.338 21 5730.0 -555.0 110 -108 239.76799999999997 250.12500000000003 53
5630.0 542.4219999999999 19 5910.0 -280.0 57 -100 230.91599999999997 221.96199999999996 28
5620.0 625.937 21 5910.0 -350.0 66 -89 253.17099999999996 238.71899999999994 41
5510.0 695.2799999999999 23 6000.0 -490.0 76 -103 225.93499999999995 269.49399999999986 49
4435.0 670.595 19 5130.0 -745.0 92 -98 235.73499999999999 232.95899999999995 74
4115.0 510.51800000000014 21 4440.0 -325.0 61 -91 223.961 190.68099999999998 31
4010.0 514.2839999999999 21 4290.0 -280.0 53 -78 222.94600000000005 193.27699999999993 28
5135.0 671.446 24 5850.0 -715.0 82 -108 284.63399999999996 266.6309999999999 68
3880.0 1167.975 17 4770.0 -890.0 90 -87 202.93200000000004 198.89899999999997 79
4430.0 510.4699999999999 18 4710.0 -280.0 57 -94 220.99699999999999 194.33699999999993 28
3850.0 469.44699999999995 19 4230.0 -380.0 61 -86 172.81699999999998 190.498 28
4640.0 536.4789999999998 18 4890.0 -250.0 51 -93 225.90999999999994 215.95399999999998 25
3980.0 473.401 14 4470.0 -490.0 62 -98 123.331 197.97199999999998 49
3720.0 462.768 16 3990.0 -270.0 46 -67 211.74899999999994 180.24 27
4750.0 699.3049999999998 17 5250.0 -500.0 101 -116 259.64 237.56899999999993 50
3460.0 446.4919999999999 17 3900.0 -500.0 66 -68 186.34399999999994 181.02100000000002 50
4620.0 501.6859999999999 20 4860.0 -240.0 49 -84 214.868 213.682 24
5210.0 663.5529999999998 23 5580.0 -370.0 63 -94 308.3569999999999 266.928 37
3440.0 510.32299999999987 18 3840.0 -400.0 60 -76 220.26699999999994 166.15699999999998 40
4760.0 533.3799999999998 20 5010.0 -250.0 51 -91 227.9869999999999 220.64899999999997 25
2700.0 454.65999999999985 17 3000.0 -300.0 56 -85 168.73399999999998 138.33700000000002 30
3680.0 425.556 14 3930.0 -250.0 51 -81 154.27299999999997 167.50199999999998 25
6170.0 665.0179999999999 24 6570.0 -400.0 72 -106 285.86499999999995 281.8 38
4210.0 484.7729999999999 16 4770.0 -610.0 86 -84 174.07699999999997 195.27800000000002 61
4500.0 486.07599999999996 20 4950.0 -470.0 96 -86 187.36299999999994 184.174 47
3585.0 426.00199999999995 21 3900.0 -315.0 52 -57 232.776 163.30800000000002 21
5300.0 457.4259999999999 17 5610.0 -310.0 63 -89 166.819 209.41499999999996 31
4530.0 528.85 17 4920.0 -390.0 64 -92 175.15199999999993 213.36199999999994 39
3430.0 476.2439999999999 13 4230.0 -800.0 100 -102 138.745 164.95699999999997 80
4530.0 558.823 20 4950.0 -440.0 88 -93 177.887 200.42999999999995 44
3130.0 365.40700000000015 14 3390.0 -460.0 70 -60 147.55699999999996 146.42499999999998 46
2780.0 476.4839999999999 16 3420.0 -880.0 109 -81 176.43399999999997 161.20099999999996 80
3950.0 491.60699999999997 17 4560.0 -610.0 80 -89 178.51600000000002 193.98599999999996 61
5210.0 507.14799999999985 18 5520.0 -310.0 63 -88 222.06799999999996 210.90500000000003 31
4320.0 518.8839999999999 22 4590.0 -270.0 55 -85 207.025 211.257 27
4170.0 493.14900000000006 21 4470.0 -300.0 60 -78 214.52 185.833 30
5270.0 548.879 17 5550.0 -280.0 57 -105 172.58999999999995 237.48200000000003 28
4740.0 557.7680000000001 20 5040.0 -300.0 56 -88 214.78599999999997 228.53999999999996 30
4170.0 511.90200000000016 19 4440.0 -390.0 80 -71 224.539 198.50599999999994 39
3855.0 466.39999999999986 19 4170.0 -465.0 84 -72 200.153 188.85599999999997 46
4810.0 603.0059999999999 20 5250.0 -460.0 89 -82 296.92499999999995 236.331 46
3720.0 419.535 16 4020.0 -300.0 60 -80 152.50699999999998 166.31 30
3760.0 521.8009999999998 20 4320.0 -640.0 94 -80 222.16799999999995 190.589 64
3830.0 480.794 18 4230.0 -400.0 76 -81 170.54999999999998 208.33199999999994 39
3110.0 465.28600000000006 17 3720.0 -630.0 96 -71 195.66399999999993 161.24299999999997 63
4350.0 550.6589999999999 18 4800.0 -470.0 96 -97 203.09199999999996 196.71599999999998 47
3060.0 414.5089999999999 16 3540.0 -560.0 78 -63 150.891 167.38099999999997 56
4580.0 619.2270000000001 20 5010.0 -430.0 82 -98 266.46799999999996 238.44099999999995 43
5070.0 651.0749999999996 21 5430.0 -360.0 72 -86 252.16899999999995 243.29000000000002 36
4090.0 505.1809999999999 17 4650.0 -560.0 78 -90 164.46899999999997 194.8 77
5530.0 658.9420000000003 15 6270.0 -740.0 83 -114 244.95299999999997 283.0309999999999 74
3860.0 375.3889999999998 16 4560.0 -730.0 87 -70 166.02499999999995 156.629 63
3330.0 480.89099999999996 16 3930.0 -660.0 88 -66 178.892 191.77999999999997 66
5990.0 608.2169999999999 18 6360.0 -370.0 65 -101 262.24 264.51 37
3220.0 450.3489999999999 16 3690.0 -480.0 94 -79 164.93699999999995 169.62599999999998 48
4100.0 393.06099999999986 16 4350.0 -250.0 51 -66 179.552 161.51999999999995 25
3010.0 431.521 17 3360.0 -350.0 68 -68 158.634 140.837 35
4730.0 535.8910000000001 21 5010.0 -460.0 86 -79 269.00800000000004 199.959 46
3240.0 475.4509999999999 19 3660.0 -440.0 90 -75 177.75 163.71000000000004 44
3810.0 617.8269999999999 16 4290.0 -480.0 59 -79 182.71300000000002 177.073 48
3720.0 464.22299999999996 20 4140.0 -430.0 88 -63 218.949 181.22299999999998 43
3470.0 403.3659999999999 17 3780.0 -310.0 63 -74 127.05699999999997 165.21999999999994 31
5350.0 629.9879999999999 18 5940.0 -950.0 114 -95 292.44599999999997 256.08299999999997 95
3450.0 1420.124999999999 18 4500.0 -1150.0 122 -73 202.54199999999997 198.33399999999997 115
6160.0 569.703 19 6840.0 -680.0 102 -114 211.86499999999998 235.404 68
5160.0 615.9230000000002 28 5460.0 -300.0 61 -98 268.4749999999999 254.76099999999997 30
3500.0 471.90200000000004 19 3840.0 -340.0 68 -71 202.553 169.007 33
3715.0 437.42400000000004 16 4230.0 -525.0 86 -73 171.79599999999996 186.10399999999996 42
5310.0 612.4470000000002 23 5850.0 -600.0 84 -99 225.04100000000003 237.47700000000006 60
4380.0 550.354 17 4860.0 -480.0 68 -91 256.60699999999997 181.77 48
3070.0 450.12899999999996 21 3840.0 -810.0 104 -72 171.50499999999994 159.35199999999998 81
4390.0 468.60699999999974 20 4830.0 -440.0 66 -77 193.05899999999994 184.31499999999997 44
2495.0 407.56799999999987 18 3090.0 -595.0 111 -71 163.06499999999997 104.577 55
5420.0 539.8369999999999 20 5760.0 -340.0 59 -87 233.507 226.08099999999996 34
2780.0 393.53100000000006 16 3360.0 -620.0 85 -61 157.82399999999996 143.536 62
3430.0 389.9939999999999 19 3690.0 -260.0 50 -68 175.76000000000005 152.24599999999998 26
3470.0 371.6430000000001 18 3720.0 -250.0 51 -59 156.96800000000002 169.37299999999996 25
4790.0 655.2559999999997 20 5190.0 -400.0 79 -113 266.5999999999999 225.71099999999996 39
4520.0 532.68 23 4770.0 -250.0 51 -85 224.027 218.34199999999998 25
3700.0 462.0239999999998 18 3960.0 -260.0 53 -71 208.52900000000008 179.32899999999998 26
6990.0 773.0820000000001 16 7470.0 -480.0 88 -133 308.656 297.2049999999999 46
3395.0 668.2599999999998 21 3870.0 -475.0 84 -97 229.34499999999994 174.601 58
4305.0 611.322 26 4650.0 -345.0 65 -86 231.41799999999998 217.517 41
3460.0 558.374 14 3900.0 -440.0 70 -81 192.52499999999998 168.93400000000003 44
3480.0 475.8419999999999 17 3720.0 -240.0 49 -85 204.25299999999996 173.78799999999995 24
4740.0 658.2960000000002 23 5250.0 -510.0 71 -104 290.79300000000006 221.50400000000002 51
3330.0 369.59699999999987 14 3600.0 -310.0 63 -63 136.967 155.64999999999992 31
2880.0 405.06 17 3450.0 -570.0 82 -69 141.87399999999997 156.521 56
3320.0 436.1949999999998 16 3630.0 -490.0 90 -78 156.08499999999992 167.33599999999998 49
3250.0 453.243 15 3630.0 -450.0 67 -80 182.99900000000005 147.977 45
3520.0 439.751 15 3960.0 -540.0 82 -81 142.89800000000002 169.53 54
3880.0 515.335 14 4200.0 -320.0 60 -80 202.74099999999999 195.06199999999998 32
3750.0 474.16800000000023 14 4110.0 -360.0 73 -86 166.24299999999997 166.23099999999997 36
3600.0 449.83099999999973 20 4200.0 -650.0 70 -67 182.682 175.863 60
4445.0 2559.6039999999985 21 5490.0 -1045.0 100 -98 243.25300000000001 230.10599999999994 94
3360.0 383.01800000000003 14 3600.0 -240.0 49 -75 144.35500000000002 157.795 24
5460.0 662.3420000000001 21 5790.0 -410.0 74 -102 305.526 250.245 41
4190.0 490.45099999999996 19 4440.0 -300.0 58 -81 193.41899999999995 201.17400000000004 35
4445.0 534.2499999999997 17 5070.0 -635.0 117 -91 178.47599999999997 224.27999999999992 62
3760.0 479.71899999999994 18 4020.0 -260.0 53 -78 196.23499999999996 179.08899999999994 26
4120.0 464.2049999999999 20 4530.0 -425.0 80 -76 190.79499999999996 188.74299999999997 37
2810.0 355.15500000000003 15 3030.0 -220.0 45 -58 146.39999999999998 124.67 22
4490.0 500.7220000000001 21 4920.0 -490.0 71 -80 208.28599999999997 209.78699999999998 49
5020.0 605.4330000000001 18 5610.0 -600.0 123 -96 240.43200000000002 239.14599999999996 60
4630.0 487.91500000000013 20 5160.0 -550.0 107 -85 210.676 205.746 55
3990.0 457.524 17 4380.0 -540.0 79 -69 203.28199999999993 197.35799999999998 54
4450.0 509.27000000000004 18 4740.0 -290.0 56 -87 189.706 217.86799999999988 29
4480.0 615.0399999999998 18 4800.0 -320.0 57 -97 238.45199999999997 225.66099999999994 32
3360.0 419.8769999999999 16 3900.0 -540.0 83 -82 134.32299999999998 161.90999999999994 54
2790.0 335.936 13 3060.0 -510.0 77 -65 127.33599999999998 130.30499999999998 51
5810.0 789.588 23 6240.0 -670.0 108 -120 312.659 286.834 67
4420.0 568.072 17 4740.0 -470.0 95 -81 211.92900000000003 195.15199999999996 47
4370.0 476.13399999999996 19 4620.0 -250.0 51 -90 192.73799999999997 190.65499999999992 25
4560.0 493.645 14 5130.0 -570.0 65 -105 163.687 175.83999999999997 57
5840.0 619.9349999999997 21 6180.0 -340.0 58 -96 292.64699999999993 261.9389999999999 34
4215.0 446.64 15 4530.0 -315.0 52 -82 178.28199999999998 184.82399999999996 21
3765.0 457.416 19 4050.0 -285.0 57 -87 161.98000000000002 180.36499999999998 28
3710.0 550.2529999999999 16 4020.0 -550.0 77 -87 243.48799999999997 190.38299999999995 55
3800.0 463.59600000000006 19 4170.0 -370.0 75 -77 205.66199999999998 160.06999999999994 37
4600.0 616.379 16 4950.0 -350.0 71 -92 253.05499999999995 223.766 35
6040.0 790.7919999999996 18 6810.0 -770.0 86 -123 266.28299999999996 247.99 113
5020.0 631.5160000000001 21 5370.0 -350.0 68 -100 272.46 229.49199999999993 32
2270.0 363.78099999999995 12 2520.0 -250.0 51 -59 163.29699999999994 104.18799999999999 25
6090.0 704.9680000000001 19 6600.0 -510.0 91 -107 276.65299999999996 271.2939999999999 49
3550.0 568.872 18 4230.0 -680.0 72 -78 171.32199999999992 190.07499999999996 106
3620.0 476.9079999999999 21 4200.0 -580.0 117 -75 190.36199999999997 191.21399999999997 58
4320.0 523.7600000000001 21 4740.0 -420.0 67 -84 228.234 209.74399999999997 42
3020.0 433.60099999999994 15 3450.0 -430.0 77 -87 130.32799999999997 140.28599999999994 54
4710.0 664.3190000000001 22 5070.0 -360.0 66 -103 294.391 224.35399999999993 36
3620.0 557.2829999999998 19 4410.0 -850.0 104 -89 211.777 190.51899999999995 85
4400.0 996.3319999999999 18 5340.0 -960.0 117 -88 218.25999999999993 218.54400000000007 96
3110.0 373.523 14 3420.0 -310.0 56 -76 131.838 134.567 31
4190.0 443.9559999999999 23 4530.0 -340.0 69 -84 172.052 180.33799999999997 34
3660.0 456.0559999999999 22 3930.0 -270.0 55 -78 176.55100000000002 180.55700000000002 27
3950.0 512.719 18 4530.0 -620.0 84 -76 204.835 211.95899999999997 60
4310.0 499.96100000000007 16 4650.0 -340.0 69 -85 168.46499999999997 182.75699999999998 34
4980.0 526.3290000000002 21 5250.0 -270.0 55 -95 209.952 226.854 27
2350.0 437.64099999999985 13 3000.0 -650.0 58 -57 142.852 138.024 65
3580.0 471.871 15 4050.0 -480.0 98 -81 162.37499999999997 182.06799999999998 48
4450.0 521.9440000000001 20 4890.0 -450.0 92 -85 194.33599999999998 219.05900000000003 45
3995.0 517.9960000000001 18 4320.0 -325.0 65 -75 228.3019999999999 189.192 32
4210.0 990.3430000000003 19 4920.0 -710.0 82 -78 223.25699999999998 210.143 71
5220.0 635.57 21 6330.0 -1180.0 150 -106 219.02 245.558 118
3800.0 490.18499999999995 17 4140.0 -340.0 69 -81 209.56599999999997 196.47299999999993 34
3710.0 418.7489999999999 20 3990.0 -350.0 63 -75 153.79199999999997 170.597 35
4310.0 533.505 17 4590.0 -280.0 56 -102 210.76700000000002 208.76199999999997 28
5190.0 617.8559999999999 23 5520.0 -330.0 67 -95 274.12199999999996 236.93099999999998 33
3470.0 544.2259999999998 17 4020.0 -630.0 89 -78 214.96799999999996 184.399 63
4110.0 430.678 16 4470.0 -360.0 72 -79 175.32899999999992 165.33499999999998 36
4140.0 476.0359999999999 17 4500.0 -380.0 77 -75 175.63699999999997 183.03199999999995 38
3075.0 491.55100000000004 17 3540.0 -515.0 83 -78 190.398 164.168 50
4680.0 535.5260000000001 16 5040.0 -360.0 65 -98 191.36699999999996 181.21799999999996 36
5220.0 746.3330000000002 18 5640.0 -420.0 66 -107 288.5409999999999 261.7829999999999 42
3580.0 434.16999999999996 14 3840.0 -260.0 52 -79 159.15499999999997 175.39999999999998 26
3820.0 553.6210000000001 15 4320.0 -520.0 99 -82 240.86699999999996 192.534 52
3550.0 537.286 16 4080.0 -530.0 78 -97 191.00099999999998 175.67600000000002 53
3710.0 453.6669999999999 19 3990.0 -280.0 57 -80 167.38599999999997 177.781 28
3210.0 423.0799999999999 19 3510.0 -300.0 60 -71 186.33399999999997 153.537 30
4750.0 669.0370000000001 19 5070.0 -410.0 83 -95 265.58899999999994 246.695 41
3500.0 467.82099999999986 17 4050.0 -590.0 88 -78 186.77899999999997 178.78900000000002 59
4560.0 561.0010000000001 19 4920.0 -360.0 56 -91 209.25799999999987 225.69399999999996 36
4050.0 462.5479999999999 15 4500.0 -510.0 70 -71 199.05699999999993 190.11899999999997 51
4120.0 524.8419999999999 21 4530.0 -450.0 91 -93 193.951 215.969 45
4640.0 631.5679999999998 20 4980.0 -340.0 64 -109 263.28000000000003 208.36699999999996 34
4330.0 524.2810000000001 16 4680.0 -350.0 61 -91 198.03799999999995 202.74499999999995 26
2450.0 523.016 15 3120.0 -760.0 93 -67 171.865 118.81499999999998 76
2645.0 330.07899999999995 15 2910.0 -265.0 53 -56 132.96899999999997 121.20199999999998 26
3075.0 340.305 20 3390.0 -315.0 52 -49 159.268 150.82 21
4570.0 497.37100000000004 21 4860.0 -290.0 59 -90 197.45299999999995 210.40099999999998 29
3090.0 365.40099999999995 13 3480.0 -390.0 66 -63 137.803 145.35700000000003 39
4900.0 593.8309999999998 24 5160.0 -260.0 53 -88 287.86899999999997 215.09399999999994 26
3460.0 397.2699999999999 13 3720.0 -260.0 53 -77 135.854 163.19400000000002 26
3680.0 782.9320000000001 14 4230.0 -550.0 70 -68 207.856 152.71399999999997 55
3890.0 514.9289999999999 17 4290.0 -400.0 81 -90 191.77499999999998 170.96399999999994 40
4520.0 554.8790000000002 19 4980.0 -470.0 95 -83 213.68500000000006 225.23300000000003 47
4420.0 500.9789999999999 18 4800.0 -380.0 67 -90 195.74299999999994 193.17200000000003 38
3340.0 650.215 14 4020.0 -680.0 60 -83 212.95299999999997 187.07099999999997 68
5600.0 615.1980000000002 18 6090.0 -490.0 93 -101 245.82099999999988 265.996 49
3620.0 399.874 13 3870.0 -250.0 51 -83 157.12 139.64399999999998 25
2660.0 469.4019999999999 17 3060.0 -560.0 91 -74 165.17499999999995 147.76 56
4620.0 635.5689999999998 17 5010.0 -390.0 65 -93 253.977 218.51699999999994 39
4290.0 590.3319999999998 20 4590.0 -380.0 63 -89 245.58399999999997 219.252 38
4650.0 600.8539999999999 21 4950.0 -300.0 61 -97 231.01100000000002 208.491 30
4020.0 613.865 21 4290.0 -270.0 55 -84 302.78600000000006 214.09699999999998 27
3645.0 466.2250000000001 20 3990.0 -465.0 73 -70 178.71099999999998 180.06599999999997 65
3740.0 408.66900000000004 18 3990.0 -370.0 76 -58 164.761 180.27299999999997 37
4970.0 561.9369999999999 17 5370.0 -400.0 81 -96 215.503 223.14099999999993 40
4830.0 511.10699999999997 19 5130.0 -300.0 61 -83 218.35199999999995 193.79700000000003 30
4590.0 498.45899999999995 19 4950.0 -360.0 57 -76 229.73699999999997 218.31199999999998 26
3570.0 534.8249999999998 21 3840.0 -390.0 80 -84 237.25100000000003 160.45399999999998 39
4865.0 521.511 15 5220.0 -355.0 69 -97 155.63500000000002 249.69299999999996 34
3330.0 394.52000000000004 20 3750.0 -420.0 72 -72 172.36499999999995 146.22299999999996 42
2970.0 390.4309999999998 16 3300.0 -330.0 67 -75 142.87999999999997 134.225 33
4290.0 514.798 22 4560.0 -270.0 55 -83 201.94399999999996 198.85699999999997 27
3060.0 394.99300000000017 14 3480.0 -470.0 76 -73 125.49200000000003 141.296 47
5320.0 645.9079999999998 21 5730.0 -410.0 69 -109 276.398 245.044 41
5410.0 530.0179999999999 18 5760.0 -350.0 71 -89 198.68899999999996 219.103 35
4120.0 528.81 17 4530.0 -410.0 67 -87 192.65699999999993 195.02199999999996 34
3960.0 486.45200000000017 17 4320.0 -360.0 68 -84 160.065 199.156 36
4520.0 529.92 21 4800.0 -280.0 50 -75 249.09599999999995 211.30499999999998 28
4545.0 556.273 22 5130.0 -585.0 77 -74 284.05499999999995 215.774 48
4120.0 477.6369999999999 18 4440.0 -320.0 58 -79 195.75899999999996 193.52099999999993 32
5340.0 554.6919999999998 18 5640.0 -360.0 73 -93 223.41299999999993 242.78299999999996 36
2480.0 395.8919999999999 12 2820.0 -340.0 69 -71 117.13600000000001 117.99299999999998 34
4030.0 485.84800000000007 13 4440.0 -950.0 124 -80 179.914 192.14699999999996 95
3250.0 419.857 16 3780.0 -530.0 83 -79 145.39299999999997 158.359 53
3700.0 466.816 19 3990.0 -290.0 54 -80 213.254 167.42399999999995 29
5080.0 560.0969999999999 19 5340.0 -420.0 67 -82 229.62399999999994 247.284 42
5060.0 652.7640000000001 22 5370.0 -310.0 63 -111 253.05499999999998 220.61399999999995 31
4070.0 579.9489999999998 20 4440.0 -370.0 70 -96 233.90500000000003 195.405 37
4550.0 486.7579999999999 20 4800.0 -250.0 51 -74 218.92099999999996 207.208 25
4790.0 617.2500000000003 18 5220.0 -450.0 92 -92 253.50099999999995 234.37900000000005 45
4740.0 511.69399999999996 21 5160.0 -420.0 74 -91 212.51399999999998 207.88399999999996 42
5350.0 563.6220000000001 15 5760.0 -560.0 109 -103 195.08 223.45000000000002 56
4400.0 568.963 22 4770.0 -370.0 62 -90 258.17799999999994 198.55500000000004 37
4720.0 606.0580000000001 20 5280.0 -560.0 87 -97 236.70399999999998 230.5879999999999 55
4730.0 566.4049999999999 18 5160.0 -430.0 73 -84 240.76699999999997 234.6709999999999 43
3630.0 492.305 15 3960.0 -330.0 67 -78 184.23600000000002 178.60700000000003 33
3600.0 474.3679999999999 20 3990.0 -410.0 81 -77 198.424 163.16599999999997 40
3340.0 412.065 16 3600.0 -260.0 53 -70 158.13699999999997 157.12799999999996 26
3870.0 532.9059999999998 22 4560.0 -720.0 90 -79 212.34199999999996 195.573 72
3480.0 555.1890000000001 17 4290.0 -810.0 105 -89 157.088 172.73399999999998 81
4410.0 689.3419999999999 19 5010.0 -620.0 110 -104 291.3379999999999 216.1 60
5245.0 643.5909999999997 24 5790.0 -545.0 88 -105 269.1659999999999 247.48100000000002 52
4210.0 500.1029999999999 19 4590.0 -380.0 70 -87 206.72099999999998 194.838 38
5270.0 522.3909999999998 16 5520.0 -250.0 51 -87 214.24200000000002 225.627 25
4140.0 525.3589999999999 22 4440.0 -300.0 61 -88 211.67299999999997 192.176 30
4240.0 736.3440000000002 19 4740.0 -680.0 86 -80 187.28400000000002 209.44300000000004 68
3490.0 468.4749999999998 17 4020.0 -530.0 76 -73 185.45999999999992 170.72799999999998 53
3480.0 424.864 16 3810.0 -330.0 60 -69 174.54499999999996 154.68499999999997 33
4015.0 597.1329999999999 12 4590.0 -575.0 78 -102 234.71499999999995 204.902 46
3770.0 452.761 19 4110.0 -420.0 82 -84 160.74399999999997 171.84699999999992 40
3720.0 437.935 17 4080.0 -420.0 65 -72 180.576 177.36199999999997 42
4130.0 481.745 21 4410.0 -280.0 57 -70 208.79399999999998 195.082 28
3940.0 639.0059999999999 22 4500.0 -860.0 113 -89 251.66599999999997 212.19799999999992 86
5750.0 662.615 20 6120.0 -370.0 75 -98 284.683 275.97099999999983 37
4440.0 494.335 20 4710.0 -270.0 46 -66 208.142 221.195 27
3450.0 571.5389999999999 20 4110.0 -660.0 123 -85 240.99499999999998 184.70599999999996 66
4730.0 544.722 17 5100.0 -370.0 74 -90 202.77299999999997 210.949 37
3980.0 384.788 15 4530.0 -710.0 97 -72 149.30299999999997 172.44299999999998 69
4510.0 533.8580000000001 17 4770.0 -260.0 53 -88 221.36499999999995 212.015 26
4340.0 453.8809999999999 21 4590.0 -250.0 51 -77 191.84999999999997 185.31 25
3440.0 438.1639999999999 19 3690.0 -250.0 51 -86 176.58199999999997 132.035 25
4740.0 504.80600000000004 17 5100.0 -360.0 62 -85 214.087 218.62899999999993 26
2910.0 474.82900000000006 17 3480.0 -570.0 83 -79 179.67499999999993 141.41299999999998 57
3840.0 446.8459999999999 20 4110.0 -270.0 55 -93 179.121 154.574 27
4760.0 565.9819999999997 17 5100.0 -340.0 57 -95 245.388 211.271 23
4500.0 442.53900000000004 21 4920.0 -430.0 85 -77 186.93800000000002 173.62699999999998 43
4670.0 512.097 18 5040.0 -370.0 72 -83 208.84599999999995 216.95799999999997 36
3690.0 475.1669999999999 21 4050.0 -360.0 68 -77 195.656 178.47099999999998 36
3520.0 428.433 15 4140.0 -640.0 104 -71 187.96699999999998 172.09399999999994 64
3720.0 496.7829999999999 16 4260.0 -720.0 67 -87 167.16 191.25599999999994 72
3640.0 475.6739999999999 18 4170.0 -540.0 107 -79 193.33899999999997 173.95199999999994 54
4030.0 489.6600000000002 15 4920.0 -900.0 101 -85 184.22399999999996 186.03499999999997 90
4590.0 508.89799999999985 18 4920.0 -330.0 67 -89 178.49699999999996 215.38799999999998 33
5340.0 524.0690000000001 21 5730.0 -410.0 83 -90 202.57299999999998 221.79399999999998 41
3380.0 472.56200000000007 17 3690.0 -310.0 63 -86 199.06099999999998 151.85299999999998 31
3870.0 428.541 18 4260.0 -400.0 82 -65 187.396 183.762 40
4335.0 477.12899999999985 21 4620.0 -465.0 93 -72 192.50599999999997 195.37699999999998 46
4450.0 497.672 21 4710.0 -350.0 60 -93 183.128 204.64599999999993 35
5840.0 607.2359999999998 20 6330.0 -530.0 107 -113 199.94199999999998 248.541 53
3640.0 436.11999999999995 19 4080.0 -450.0 92 -70 172.016 158.551 45
3970.0 530.964 20 4560.0 -600.0 115 -92 200.163 187.20899999999997 60
2820.0 290.709 16 3150.0 -330.0 63 -58 96.805 124.64800000000001 33
4680.0 507.4959999999999 14 5010.0 -330.0 59 -91 164.74399999999997 225.48899999999998 33
3730.0 430.57399999999996 17 3990.0 -260.0 53 -68 191.25000000000003 151.62699999999998 26
3120.0 422.66200000000003 16 3390.0 -370.0 75 -65 162.76 155.11200000000002 37
4930.0 596.8389999999999 21 5310.0 -470.0 86 -98 261.22799999999995 225.08699999999996 47
5120.0 590.2139999999999 23 5460.0 -340.0 60 -100 262.41299999999995 237.576 34
4570.0 569.7809999999998 18 4890.0 -320.0 65 -98 260.1939999999999 205.97199999999998 32
3050.0 393.4070000000001 14 3570.0 -520.0 105 -62 166.70499999999998 149.58299999999997 52
3230.0 432.1280000000002 17 3570.0 -360.0 70 -69 182.50499999999997 163.61200000000002 36
5205.0 620.882 21 5640.0 -455.0 92 -96 251.29000000000002 227.61000000000004 45
4140.0 493.404 21 4980.0 -860.0 105 -76 191.308 220.676 86
3840.0 482.1290000000001 16 4590.0 -810.0 111 -92 122.37699999999995 211.40499999999992 79
4640.0 594.3639999999998 23 4920.0 -280.0 57 -94 218.99099999999999 219.81200000000004 28
3520.0 476.2099999999999 16 3870.0 -350.0 71 -76 174.79899999999995 186.30999999999997 35
3960.0 400.0679999999999 18 4320.0 -360.0 60 -62 169.51600000000002 169.94199999999998 36
4130.0 602.94 18 4860.0 -730.0 66 -90 213.04999999999995 218.42 73
2840.0 420.8 14 3240.0 -400.0 78 -78 171.74200000000002 141.41099999999997 40
3200.0 543.9869999999999 14 3840.0 -640.0 107 -69 179.161 168.84 64
3580.0 467.73699999999997 15 3990.0 -500.0 54 -84 167.94399999999996 181.02399999999994 50
5330.0 421.08399999999995 17 5580.0 -250.0 51 -89 158.99499999999995 181.27699999999993 25
4065.0 510.4660000000002 17 4770.0 -735.0 99 -83 229.1069999999999 200.42499999999998 59
3530.0 448.391 17 3780.0 -400.0 82 -73 181.15799999999996 169.58099999999993 40
3190.0 479.28400000000005 17 4050.0 -860.0 133 -87 155.981 172.77400000000003 86
3385.0 472.87299999999993 16 4080.0 -695.0 70 -70 179.31000000000003 175.02199999999993 69
2920.0 1388.606999999999 12 3750.0 -1070.0 109 -80 135.05699999999996 153.974 107
4160.0 537.3679999999998 18 4470.0 -330.0 67 -75 210.38699999999997 209.35600000000002 33
4615.0 528.5249999999999 19 5130.0 -535.0 95 -90 215.41199999999992 203.60500000000002 42
6590.0 583.702 20 7050.0 -460.0 82 -120 225.43399999999994 248.27699999999996 43
3040.0 442.41700000000003 14 3570.0 -530.0 70 -77 168.38799999999998 156.16899999999995 53
3950.0 532.302 17 4260.0 -310.0 63 -88 204.492 214.13899999999995 31
4620.0 538.7100000000002 19 5130.0 -550.0 101 -104 167.299 209.99400000000003 45
3240.0 567.022 16 3600.0 -360.0 65 -76 229.60999999999993 160.758 36
3880.0 516.0869999999999 21 4410.0 -580.0 101 -69 220.85599999999997 213.591 58
3590.0 474.979 18 4020.0 -480.0 77 -75 185.7 168.94899999999993 48
3730.0 508.6109999999999 17 4320.0 -590.0 89 -91 177.92 174.50599999999994 59
3570.0 488.256 19 3870.0 -300.0 50 -81 208.51699999999997 158.02999999999997 30
4700.0 512.213 17 5010.0 -310.0 49 -79 224.28799999999998 211.19499999999996 31
4780.0 570.6619999999999 19 5130.0 -350.0 62 -87 248.69499999999996 251.643 35
3970.0 458.85099999999994 17 4200.0 -230.0 47 -86 189.12799999999993 174.47199999999995 23
3420.0 370.1309999999999 18 3690.0 -270.0 52 -64 149.923 147.043 27
3450.0 409.29 20 3900.0 -450.0 78 -75 164.87599999999998 178.12199999999999 45
5110.0 580.4719999999999 20 5430.0 -320.0 65 -93 212.152 252.32499999999993 32
5160.0 599.5989999999999 18 5460.0 -300.0 60 -96 250.82899999999992 243.6509999999999 29
3080.0 551.6789999999999 16 3510.0 -430.0 84 -91 186.92299999999997 153.45700000000002 41
5110.0 586.1199999999999 20 5490.0 -380.0 66 -94 259.87699999999984 245.54500000000002 28
5340.0 599.891 18 5790.0 -470.0 95 -101 234.32299999999995 238.54599999999996 47
3800.0 399.81599999999986 22 4050.0 -250.0 51 -68 173.841 158.397 25
4960.0 601.8649999999999 21 5490.0 -530.0 95 -106 251.455 238.13999999999996 53
4500.0 544.7369999999997 17 4800.0 -300.0 52 -92 202.53299999999996 218.03 30
4410.0 500.039 17 4740.0 -330.0 67 -81 222.297 207.32599999999994 33
4220.0 757.5329999999993 16 5190.0 -1070.0 129 -81 191.30700000000002 213.207 107
3330.0 485.68799999999993 17 3690.0 -380.0 77 -82 158.66399999999996 159.38199999999995 38
3560.0 477.09299999999985 19 3990.0 -440.0 90 -68 185.36100000000002 173.78699999999998 44
5330.0 573.572 21 5610.0 -280.0 57 -95 256.28299999999996 216.02999999999992 28
5760.0 587.4660000000001 18 6300.0 -540.0 76 -104 273.439 220.05199999999996 54
5730.0 529.7260000000001 16 6030.0 -300.0 61 -97 194.83399999999995 237.29399999999998 30
4660.0 566.0329999999999 24 5010.0 -350.0 71 -86 263.36599999999993 215.72399999999996 35
4620.0 618.3349999999998 16 5220.0 -620.0 105 -88 199.83199999999994 234.799 62
2550.0 500.49800000000016 16 3420.0 -870.0 124 -79 216.60699999999997 156.79399999999995 87
3920.0 512.446 17 4350.0 -430.0 74 -76 233.23100000000002 183.80699999999996 43
4380.0 545.282 21 4770.0 -490.0 81 -76 266.849 211.04799999999997 49
3870.0 462.54699999999985 16 4170.0 -300.0 61 -85 171.83800000000005 185.81299999999996 30
3920.0 475.4119999999999 20 4200.0 -280.0 57 -82 192.32299999999998 169.95899999999997 28
6480.0 756.1879999999998 20 6900.0 -420.0 86 -126 272.89400000000006 295.416 42
5310.0 556.135 15 5730.0 -420.0 60 -99 208.06699999999998 238.14799999999997 32
3690.0 438.0989999999998 17 4290.0 -705.0 127 -89 145.79200000000003 170.83199999999997 56
4420.0 531.0950000000001 18 4800.0 -380.0 70 -90 229.15699999999995 174.02699999999996 38
3080.0 380.2779999999999 19 3480.0 -450.0 65 -66 149.51599999999996 143.42999999999995 45
4850.0 660.8539999999998 20 5550.0 -700.0 143 -95 279.70799999999997 241.62599999999995 70
3490.0 424.697 19 3750.0 -260.0 53 -67 190.29500000000002 169.41699999999997 26
3640.0 493.51899999999983 21 3900.0 -260.0 52 -74 230.972 169.96400000000003 26
4940.0 598.199 21 5310.0 -460.0 59 -92 254.76899999999998 234.14999999999998 46
4060.0 472.4290000000001 16 4500.0 -640.0 99 -83 172.54399999999995 172.772 64
3575.0 515.098 19 4170.0 -595.0 76 -88 205.01900000000003 186.215 56
3865.0 484.7679999999999 16 4170.0 -305.0 60 -82 184.25600000000003 181.02699999999996 30
5130.0 590.7839999999998 21 5790.0 -700.0 93 -79 249.765 241.83599999999996 70
3940.0 408.049 16 4200.0 -260.0 52 -79 173.078 166.19599999999994 26
3660.0 513.7979999999999 16 4110.0 -450.0 75 -83 221.848 179.732 45
4250.0 444.78700000000003 14 4560.0 -310.0 63 -88 154.326 179.94599999999997 31
3870.0 727.028 21 4350.0 -620.0 109 -77 225.17499999999998 192.471 62
4555.0 508.49699999999996 20 4950.0 -545.0 90 -79 205.87699999999998 225.613 44
3210.0 372.319 14 3480.0 -270.0 55 -70 134.98499999999999 143.93699999999995 27
5000.0 631.221 20 5670.0 -670.0 75 -106 243.926 222.015 67
3600.0 390.9529999999999 15 3900.0 -300.0 54 -78 165.89699999999996 152.65200000000004 30
3870.0 478.7169999999999 20 4170.0 -450.0 92 -83 172.95399999999998 185.99199999999993 45
5210.0 581.8990000000001 19 6090.0 -940.0 118 -96 238.49 257.715 91
3110.0 393.1739999999998 21 3510.0 -410.0 84 -54 183.79700000000003 145.16899999999998 41
2820.0 524.336 17 3450.0 -660.0 89 -66 181.06900000000002 169.876 66
2930.0 329.1059999999999 15 3300.0 -370.0 62 -60 134.113 135.093 37
3550.0 407.858 20 3930.0 -430.0 65 -66 187.59599999999995 159.982 43
3150.0 474.2519999999999 17 3510.0 -360.0 73 -94 165.04799999999997 151.828 36
3875.0 452.00199999999984 18 4230.0 -355.0 65 -81 180.71999999999994 155.93899999999996 33
4880.0 595.2889999999999 19 5310.0 -430.0 77 -108 219.39799999999994 214.329 43
3725.0 569.7080000000001 23 4110.0 -405.0 81 -80 249.057 189.32000000000002 40
3965.0 522.9330000000002 12 4290.0 -325.0 65 -89 184.713 189.22199999999998 32
4850.0 608.7900000000001 16 5520.0 -770.0 103 -99 198.27 229.423 77
4470.0 506.34699999999975 18 4680.0 -210.0 43 -74 229.71 211.10899999999992 21
3170.0 451.985 17 3510.0 -340.0 62 -66 185.291 157.07299999999998 34
2820.0 427.5880000000002 14 3900.0 -1180.0 122 -74 141.53600000000003 164.42 118
5330.0 534.486 19 5640.0 -340.0 68 -90 202.28899999999993 238.61000000000007 33
3690.0 502.68699999999984 17 3960.0 -270.0 55 -88 204.917 173.58000000000004 27
4180.0 524.1639999999998 16 4440.0 -260.0 53 -78 238.905 190.97799999999998 26
3340.0 547.8629999999998 15 4020.0 -780.0 143 -96 162.66699999999997 172.92399999999995 78
4135.0 511.106 16 4530.0 -415.0 84 -70 228.40999999999994 208.18299999999994 41
5120.0 462.15399999999966 19 5520.0 -550.0 104 -91 178.48199999999994 214.0649999999999 55
3970.0 554.0 22 4350.0 -380.0 60 -81 208.767 197.11399999999995 38
4260.0 502.35899999999987 19 4530.0 -340.0 61 -75 194.06 203.2319999999999 34
4875.0 469.8859999999999 18 5220.0 -345.0 57 -78 216.17499999999995 201.72199999999998 23
5080.0 530.5430000000001 20 5400.0 -320.0 65 -94 228.297 214.02599999999998 32
3860.0 498.902 17 4830.0 -1070.0 120 -74 180.03400000000005 216.75799999999995 107
4250.0 501.16299999999995 17 4530.0 -280.0 57 -74 221.283 199.98199999999994 28
4040.0 587.7859999999997 15 4500.0 -460.0 77 -112 194.89399999999998 183.92799999999994 46
4680.0 638.8269999999997 19 5460.0 -780.0 72 -101 278.325 230.71699999999993 78
3420.0 482.74 19 3870.0 -530.0 86 -72 210.449 170.382 53
4240.0 537.0189999999998 22 4560.0 -320.0 65 -78 249.57899999999998 201.20899999999997 32
6200.0 580.7330000000001 16 6720.0 -520.0 106 -115 231.588 194.13599999999997 52
4565.0 547.989 19 4920.0 -355.0 62 -94 213.72599999999997 213.634 32
2960.0 395.3259999999999 16 3210.0 -250.0 50 -65 193.46400000000003 137.82000000000002 25
4070.0 437.39899999999994 16 4320.0 -250.0 52 -89 149.14099999999996 171.97599999999997 25
3230.0 412.68899999999985 18 3450.0 -220.0 45 -67 193.85699999999997 147.39299999999997 22
5540.0 624.2279999999998 20 5850.0 -310.0 63 -92 283.45499999999987 254.98399999999995 31
2880.0 400.00899999999996 16 3150.0 -370.0 75 -58 170.95699999999997 136.04899999999998 37
4380.0 531.1499999999999 20 4710.0 -330.0 55 -86 229.91099999999997 204.19699999999995 22
4880.0 512.8459999999999 19 5160.0 -280.0 57 -88 187.73799999999997 217.22500000000002 28
4760.0 493.733 19 5340.0 -590.0 116 -94 195.46599999999998 198.737 59
4600.0 559.682 20 4980.0 -380.0 77 -90 224.921 210.44500000000002 38
5115.0 668.1419999999999 20 5520.0 -405.0 79 -102 278.76499999999993 240.7139999999999 38
3950.0 631.0279999999998 14 4560.0 -630.0 113 -102 201.96499999999997 197.00799999999992 63
4960.0 733.1850000000004 12 5670.0 -710.0 95 -99 217.40499999999997 230.15799999999996 71
4520.0 887.6439999999999 20 5400.0 -970.0 110 -90 228.68099999999993 220.327 97
4945.0 571.549 24 5250.0 -425.0 114 -87 245.37799999999996 230.72299999999996 37
4720.0 596.678 21 5100.0 -400.0 82 -94 236.70999999999995 233.577 40
5180.0 574.066 21 5460.0 -280.0 57 -90 239.80699999999993 236.88699999999994 28
3060.0 424.34399999999994 16 3480.0 -420.0 45 -65 170.33799999999997 166.27699999999996 42
3250.0 417.8539999999998 21 3510.0 -260.0 53 -73 181.55999999999995 150.964 26
3130.0 513.5939999999998 16 3720.0 -590.0 84 -82 207.35400000000004 170.27799999999996 59
4360.0 550.1990000000001 17 4830.0 -510.0 99 -93 192.72499999999997 201.571 51
3980.0 487.015 18 4440.0 -460.0 72 -77 213.34399999999997 182.34299999999993 46
2710.0 787.3960000000003 16 3630.0 -920.0 123 -79 139.47199999999998 164.30099999999996 92
3820.0 425.658 15 4050.0 -230.0 47 -70 160.537 190.23999999999998 23
4730.0 543.664 18 4980.0 -250.0 51 -95 228.52999999999997 198.68099999999998 25
4850.0 563.1339999999999 18 5400.0 -550.0 90 -107 181.524 247.279 52
4070.0 610.32 21 4830.0 -800.0 108 -97 209.352 214.98799999999997 80
5210.0 602.9209999999999 22 5550.0 -340.0 60 -97 234.80999999999997 233.272 34
3225.0 406.4089999999998 18 3750.0 -675.0 115 -66 195.289 146.77 54
4850.0 966.8299999999992 18 5490.0 -740.0 104 -99 212.459 210.99999999999997 64
3910.0 531.864 21 4170.0 -260.0 53 -81 234.60199999999998 190.627 26
5150.0 618.3389999999998 22 5490.0 -340.0 66 -100 233.92899999999997 239.16399999999996 34
3700.0 593.835 19 4350.0 -710.0 91 -87 203.47499999999994 182.729 71
4470.0 537.3699999999999 16 4830.0 -430.0 70 -91 198.76 230.66799999999992 43
3390.0 365.0129999999999 20 3810.0 -420.0 61 -63 175.00400000000002 137.64999999999998 32
5030.0 598.5490000000001 21 5280.0 -250.0 51 -96 252.06799999999996 237.41899999999993 25
3050.0 2403.631000000001 16 4260.0 -1210.0 116 -76 194.74599999999995 189.31699999999995 121
4280.0 447.7969999999998 19 4680.0 -420.0 79 -82 156.409 187.50500000000002 42
3880.0 528.7849999999999 17 4470.0 -590.0 81 -82 216.68499999999995 200.26999999999992 59
3530.0 385.227 14 3780.0 -250.0 51 -66 170.26399999999995 163.03599999999997 25
4380.0 576.3140000000001 17 4800.0 -450.0 54 -82 219.90599999999995 199.02099999999996 45
4060.0 1555.5349999999999 18 4680.0 -620.0 70 -72 250.49499999999998 196.36100000000002 62
4070.0 473.7579999999999 16 4350.0 -840.0 108 -82 169.256 198.78499999999997 84
3560.0 514.635 15 3840.0 -280.0 57 -93 205.597 175.738 28
3770.0 588.259 19 4260.0 -510.0 94 -101 202.84199999999993 187.24399999999997 51
3490.0 427.59099999999995 17 3960.0 -480.0 98 -71 153.165 174.43499999999997 48
3890.0 536.7399999999999 21 4200.0 -310.0 63 -101 204.52099999999993 188.8969999999999 31
4170.0 495.19199999999995 21 4560.0 -390.0 68 -82 222.97800000000004 194.24999999999997 39
4030.0 551.2249999999999 16 4590.0 -560.0 93 -91 202.14499999999995 210.571 56
3975.0 567.0949999999999 18 4710.0 -795.0 85 -94 230.91399999999993 198.9399999999999 73
5050.0 558.0129999999999 20 5400.0 -500.0 102 -97 223.11199999999997 225.96699999999998 50
3210.0 498.0529999999999 14 3600.0 -390.0 79 -90 191.48999999999998 139.39799999999997 39
3890.0 409.2119999999998 15 4110.0 -220.0 45 -57 170.19199999999995 157.634 22
4230.0 515.121 18 4560.0 -330.0 67 -90 178.86399999999998 205.86599999999996 33
4040.0 513.9409999999999 21 4320.0 -460.0 87 -76 223.3069999999999 195.90199999999993 40
4430.0 386.7629999999999 16 4710.0 -280.0 53 -80 129.317 177.01299999999998 28
4220.0 477.9599999999999 19 4500.0 -280.0 53 -88 161.32699999999997 200.09099999999998 28
3490.0 508.92099999999994 15 3780.0 -290.0 59 -86 207.94699999999992 178.58599999999998 29
3615.0 516.3599999999999 16 4020.0 -445.0 74 -83 184.07 164.679 53
4120.0 463.25 19 4410.0 -590.0 105 -72 184.597 186.47599999999994 49
3850.0 462.55500000000006 18 4170.0 -320.0 56 -88 195.10999999999996 168.45899999999997 29
3090.0 1900.6859999999995 18 4260.0 -1170.0 115 -74 155.13199999999998 163.82999999999998 117
3730.0 537.4889999999998 17 4050.0 -320.0 65 -109 173.99899999999997 187.4479999999999 32
2970.0 430.5619999999999 15 3390.0 -420.0 68 -79 163.31999999999996 137.321 42
4470.0 675.4780000000001 19 4950.0 -480.0 74 -103 227.74899999999997 212.063 40
3860.0 2586.652999999999 18 4800.0 -950.0 104 -92 221.96799999999996 206.80900000000005 95
2570.0 466.7439999999998 16 3420.0 -870.0 99 -69 166.45599999999996 151.25999999999996 87
4310.0 503.89399999999995 19 4740.0 -430.0 72 -87 181.86199999999997 200.56899999999993 43
4970.0 538.976 20 5310.0 -480.0 80 -85 218.36 233.13199999999992 48
3920.0 504.979 15 4470.0 -700.0 88 -73 204.57700000000006 208.78199999999998 70
5670.0 635.2370000000001 17 6030.0 -360.0 73 -118 220.36099999999993 261.8019999999999 36
3590.0 510.719 14 3870.0 -280.0 57 -86 189.25999999999993 173.717 28
4150.0 557.2400000000001 18 4590.0 -540.0 85 -84 243.629 208.93599999999992 54
2855.0 469.97200000000004 17 3600.0 -745.0 107 -63 220.48999999999995 175.89099999999996 64
4290.0 489.3519999999999 15 4650.0 -360.0 55 -83 215.70799999999994 202.74899999999997 26
3830.0 477.62499999999983 19 4290.0 -480.0 98 -85 160.515 172.23699999999997 48
4000.0 461.15999999999997 17 4320.0 -320.0 59 -73 183.07399999999996 204.92899999999997 32
3260.0 372.7459999999999 16 3510.0 -460.0 67 -64 130.74099999999996 142.761 46
3680.0 595.0319999999999 19 4170.0 -550.0 86 -97 258.93899999999996 174.502 55
4050.0 451.96999999999986 19 4380.0 -370.0 75 -81 174.684 188.32799999999997 37
5420.0 584.1219999999997 18 5760.0 -340.0 69 -101 222.08599999999993 251.35299999999998 34
4070.0 679.741 18 4500.0 -570.0 96 -85 214.809 189.431 57
2610.0 595.0079999999999 14 3120.0 -560.0 69 -72 132.62 138.525 56
3290.0 1210.9200000000005 19 4380.0 -1090.0 107 -67 222.74200000000002 189.972 109
4970.0 630.9080000000001 18 5460.0 -490.0 72 -103 233.164 239.64999999999998 38
3980.0 416.47299999999996 18 4590.0 -670.0 90 -69 185.99 163.057 67
3730.0 466.64899999999983 16 4020.0 -290.0 59 -77 188.643 169.37399999999997 29
4180.0 462.364 16 4590.0 -410.0 80 -96 155.91299999999998 185.73399999999998 41
5470.0 601.5640000000002 21 6090.0 -630.0 110 -97 230.53100000000003 244.356 63
3710.0 528.9419999999999 16 4170.0 -460.0 69 -71 261.40999999999997 175.41299999999998 46
4500.0 610.6220000000002 21 4860.0 -360.0 73 -92 254.762 226.065 36
3230.0 344.70299999999986 15 3480.0 -250.0 51 -59 154.482 132.238 25
3960.0 432.0169999999999 17 4230.0 -270.0 55 -71 194.79499999999993 163.321 27
3480.0 415.7509999999999 18 3780.0 -300.0 61 -69 177.10099999999997 165.67099999999996 30
3910.0 499.98100000000005 17 4440.0 -530.0 84 -81 206.30099999999993 184.283 53
2530.0 335.27699999999993 13 2790.0 -260.0 53 -54 144.415 127.79399999999998 26
2790.0 420.49600000000004 14 3240.0 -450.0 74 -62 160.17099999999996 135.449 45
5410.0 616.3729999999997 20 5730.0 -320.0 64 -106 238.141 250.918 32
4325.0 573.683 24 4590.0 -445.0 90 -85 264.40999999999997 205.076 44
3470.0 436.551 20 3780.0 -310.0 63 -75 193.28699999999998 163.92699999999996 31
3610.0 455.8169999999999 18 3870.0 -260.0 53 -87 187.097 177.986 26
5460.0 696.6299999999999 26 6000.0 -560.0 101 -108 308.957 256.47799999999995 45
5390.0 587.1280000000002 21 5820.0 -450.0 92 -100 218.02500000000003 252.26799999999994 45
4350.0 562.2959999999998 21 4830.0 -540.0 86 -87 239.56800000000007 210.69799999999995 54
4400.0 540.164 21 4650.0 -250.0 51 -86 232.83099999999993 211.02099999999996 25
4500.0 593.1070000000001 16 4830.0 -330.0 60 -94 199.43599999999998 214.822 33
4200.0 481.49699999999996 16 4470.0 -270.0 55 -80 189.79299999999995 188.61500000000004 27
4800.0 600.947 20 5430.0 -710.0 141 -97 259.05699999999996 231.69599999999997 71
3550.0 372.5329999999999 13 4020.0 -485.0 88 -72 132.291 154.47099999999998 44
3300.0 380.41900000000004 17 3660.0 -400.0 65 -58 155.57099999999994 158.46999999999997 40
5265.0 567.8399999999999 20 5580.0 -315.0 52 -96 255.28 234.266 21
3810.0 454.34899999999993 17 4200.0 -390.0 75 -88 180.79599999999996 178.31199999999995 35
3335.0 1412.0720000000003 16 4410.0 -1075.0 130 -86 225.21599999999998 181.36199999999997 100
4350.0 417.67 17 4620.0 -270.0 54 -78 135.70999999999998 179.58700000000002 27
4880.0 644.885 19 5460.0 -730.0 111 -104 233.574 231.64399999999992 73
3930.0 500.44100000000003 19 4200.0 -270.0 55 -79 229.33899999999997 182.51 27
3030.0 460.9999999999999 14 3480.0 -450.0 74 -72 187.75699999999998 151.34499999999997 45
4420.0 441.655 20 4680.0 -260.0 53 -72 200.52299999999997 179.048 26
5100.0 444.3389999999999 19 5400.0 -860.0 101 -78 176.92300000000003 230.61399999999995 76
5200.0 662.4769999999997 23 5850.0 -650.0 98 -104 284.2609999999999 248.52400000000003 63
4990.0 502.7199999999998 19 5280.0 -530.0 101 -83 216.78599999999997 204.14899999999997 53
4670.0 528.2460000000001 18 4980.0 -310.0 63 -100 189.18899999999994 212.02300000000002 31
2895.0 393.4419999999999 15 3240.0 -395.0 67 -76 122.69999999999999 146.327 50
4800.0 514.0009999999999 21 5130.0 -330.0 58 -88 211.12199999999999 226.94899999999998 33
3630.0 555.4939999999999 18 4200.0 -570.0 79 -75 182.72099999999998 173.18599999999998 57
4500.0 487.3069999999998 16 4890.0 -540.0 110 -104 179.02499999999998 182.357 54
5420.0 567.732 20 5670.0 -250.0 51 -92 241.81699999999998 250.07799999999995 25
3720.0 477.0329999999999 18 4200.0 -480.0 74 -74 190.85999999999996 185.53999999999996 48
3120.0 547.0699999999999 13 3840.0 -720.0 122 -78 152.05999999999995 169.18599999999998 72
4600.0 661.7309999999995 17 5430.0 -1010.0 155 -115 215.17799999999994 230.81999999999994 101
5180.0 618.8309999999997 19 5490.0 -370.0 75 -99 275.5419999999999 233.987 37
4550.0 495.14499999999987 18 4860.0 -460.0 94 -96 180.428 178.77399999999997 46
4200.0 537.6949999999999 21 4650.0 -460.0 94 -78 232.20799999999994 212.937 46
3220.0 409.43600000000004 21 3510.0 -410.0 84 -72 180.514 148.93900000000002 41
3990.0 472.6840000000001 22 4260.0 -270.0 51 -92 186.152 189.20999999999995 27
4000.0 453.7189999999999 20 4320.0 -320.0 58 -68 198.12499999999991 180.624 32
5420.0 629.186 19 5970.0 -550.0 78 -81 209.48199999999994 253.67200000000003 55
3830.0 412.099 20 4080.0 -430.0 88 -81 157.31499999999994 169.58699999999996 43
2910.0 353.527 15 3210.0 -300.0 55 -60 128.36700000000002 145.50499999999997 30
4895.0 763.9339999999999 21 5430.0 -535.0 78 -107 341.30999999999995 246.42400000000006 43
4770.0 693.8710000000001 22 5280.0 -550.0 91 -92 288.4509999999999 248.47199999999998 55
4950.0 528.7430000000002 18 5250.0 -450.0 92 -88 221.97899999999996 202.92599999999993 45
3530.0 406.18399999999997 21 3870.0 -340.0 69 -69 191.83099999999996 149.129 34
3190.0 442.76 24 3840.0 -670.0 102 -76 181.27899999999997 159.118 67
4020.0 492.303 21 4350.0 -330.0 67 -83 211.543 168.69 33
2980.0 424.25599999999986 16 3240.0 -260.0 53 -80 152.59399999999997 147.468 26
5850.0 617.7779999999999 18 6180.0 -330.0 67 -108 231.47699999999992 247.40599999999995 33
3050.0 399.9339999999999 14 3420.0 -370.0 62 -71 148.97799999999995 155.863 37
4010.0 446.64099999999996 17 4320.0 -310.0 63 -87 156.63199999999998 185.02499999999998 31
4300.0 605.6569999999997 18 4920.0 -620.0 61 -94 223.917 217.127 62
4470.0 537.739 18 4800.0 -330.0 57 -88 234.88800000000003 204.975 33
4830.0 541.2859999999998 18 5220.0 -390.0 70 -100 197.31599999999997 226.41099999999997 39
4840.0 521.6199999999999 19 5130.0 -290.0 58 -88 212.64800000000002 206.444 29
4640.0 756.6529999999997 21 5580.0 -940.0 132 -100 255.558 243.04599999999996 86
3580.0 432.542 21 3960.0 -400.0 80 -72 176.953 159.63599999999997 40
4400.0 557.7390000000004 18 4710.0 -430.0 80 -89 236.897 216.08099999999996 43
3640.0 410.50599999999986 15 3900.0 -260.0 52 -65 167.84300000000002 171.29699999999994 26
4310.0 525.502 19 4620.0 -310.0 48 -87 219.08399999999995 189.69299999999996 31
4850.0 538.748 21 5220.0 -430.0 86 -93 202.93499999999997 201.14699999999993 43
3430.0 546.9250000000002 18 3990.0 -560.0 92 -92 200.449 172.41699999999997 56
5455.0 690.1270000000002 15 6000.0 -545.0 79 -110 211.48899999999995 242.12799999999993 44
5150.0 595.4119999999999 20 5460.0 -310.0 57 -92 255.09300000000002 225.926 31
2780.0 365.46599999999984 14 3300.0 -520.0 77 -66 141.58599999999996 150.84099999999998 52
3710.0 560.3109999999998 15 4620.0 -910.0 93 -93 201.45000000000002 203.03899999999996 91
3500.0 469.413 20 4080.0 -630.0 83 -80 158.575 170.884 63
4740.0 479.4820000000001 20 5160.0 -430.0 87 -74 219.57399999999998 202.84799999999996 43
4710.0 617.802 20 5220.0 -550.0 97 -98 228.91799999999995 224.11199999999994 55
3000.0 413.67899999999986 16 3420.0 -420.0 71 -67 186.4919999999999 147.35800000000003 42
4520.0 472.216 17 4800.0 -280.0 56 -93 169.18699999999995 203.33499999999995 28
4660.0 455.17299999999994 15 5190.0 -530.0 89 -97 143.95900000000003 122.78099999999996 53
3510.0 431.8589999999999 18 3840.0 -330.0 67 -75 165.272 165.423 33
5300.0 670.4609999999999 20 5640.0 -340.0 65 -104 274.79799999999994 261.268 34
5880.0 682.695 22 6270.0 -480.0 80 -111 232.34799999999998 245.47299999999996 48
4210.0 475.0769999999999 14 4470.0 -260.0 53 -91 175.58099999999993 183.88499999999996 26
4610.0 599.4439999999997 19 5280.0 -670.0 134 -90 227.78999999999996 218.06099999999995 67
4270.0 937.8879999999992 14 5100.0 -850.0 89 -100 204.82199999999997 231.80899999999997 85
3830.0 420.157 20 4080.0 -250.0 51 -72 175.646 173.63400000000004 25
5035.0 685.2509999999999 19 5730.0 -695.0 77 -111 228.876 244.48499999999993 63
3690.0 542.433 16 3960.0 -270.0 55 -81 249.34600000000003 187.54799999999994 27
4470.0 441.76800000000003 16 4830.0 -480.0 83 -68 172.78499999999997 176.61899999999997 48
3450.0 515.6979999999999 17 3780.0 -330.0 67 -80 217.364 156.94599999999997 33
5480.0 609.2110000000001 20 5850.0 -640.0 114 -99 277.6669999999999 214.103 55
3880.0 523.3779999999998 23 4260.0 -420.0 86 -78 244.05799999999996 180.94599999999997 42
3940.0 425.2579999999997 15 4200.0 -260.0 53 -72 155.70199999999997 185.59299999999993 26
4210.0 492.0889999999999 24 4500.0 -410.0 84 -80 223.892 194.50700000000003 41
5910.0 584.1419999999999 23 6270.0 -450.0 80 -113 187.36999999999998 251.64899999999997 45
5390.0 650.5909999999999 17 5850.0 -580.0 108 -120 224.81099999999992 235.892 57
6340.0 633.4530000000002 19 6900.0 -580.0 109 -111 248.28199999999995 258.4509999999999 58
3960.0 487.762 17 4260.0 -300.0 61 -81 185.69300000000004 183.11799999999994 30
3120.0 425.8829999999999 19 3390.0 -270.0 55 -68 174.33399999999995 139.44799999999998 27
3860.0 533.0749999999998 16 4350.0 -670.0 111 -94 169.696 204.216 66
3050.0 423.5099999999998 17 3450.0 -400.0 64 -60 191.39 163.176 40
3610.0 424.67099999999994 19 3960.0 -350.0 62 -76 179.265 148.92199999999997 35
3530.0 486.68300000000016 18 3990.0 -460.0 74 -74 162.974 190.77399999999994 46
4620.0 655.437 18 4950.0 -330.0 67 -103 272.0319999999999 226.685 33
3675.0 555.59 16 4290.0 -615.0 87 -86 154.253 195.61399999999992 70
3320.0 583.7929999999999 18 3840.0 -520.0 82 -83 222.32299999999995 172.68499999999997 52
3900.0 414.26300000000003 12 4440.0 -590.0 120 -85 122.92999999999998 147.40799999999996 59
4600.0 558.2579999999998 21 4920.0 -410.0 83 -80 230.42499999999998 227.836 41
3080.0 398.4940000000001 16 3420.0 -360.0 74 -67 175.74600000000004 139.004 36
4300.0 551.8870000000002 18 4770.0 -470.0 78 -92 216.744 199.72000000000006 47
4440.0 538.1199999999999 20 5280.0 -840.0 78 -81 193.86100000000005 218.28499999999997 123
3910.0 513.1379999999999 18 4230.0 -320.0 65 -79 191.899 187.54 32
5270.0 468.8750000000001 18 5520.0 -340.0 49 -80 188.1099999999999 213.01799999999997 34
4140.0 412.9779999999997 17 4740.0 -650.0 87 -80 164.364 173.18 65
4620.0 571.8110000000001 19 4920.0 -440.0 73 -86 235.45499999999996 205.176 44
2350.0 554.184 16 3150.0 -800.0 76 -73 217.23899999999998 132.86899999999997 80
2700.0 416.507 14 3030.0 -330.0 67 -70 153.30199999999994 141.76100000000002 33
4700.0 537.686 19 4980.0 -280.0 57 -101 187.92600000000002 213.85199999999998 28
3670.0 429.08099999999996 17 3930.0 -260.0 53 -69 195.42999999999995 164.11599999999999 26
4450.0 568.5440000000001 20 4860.0 -410.0 83 -101 220.51699999999997 220.07099999999994 41
2900.0 379.599 18 3240.0 -340.0 64 -61 146.05299999999997 144.11899999999994 34
4300.0 523.805 21 4860.0 -600.0 116 -87 216.70299999999997 193.06000000000003 60
3920.0 1318.2300000000002 17 4770.0 -850.0 86 -93 223.49399999999991 180.45100000000002 85
3260.0 435.752 19 3570.0 -310.0 63 -74 179.552 150.29600000000002 31
4490.0 523.8409999999999 19 4860.0 -370.0 64 -98 215.38699999999994 192.44899999999998 27
4650.0 491.8819999999999 19 4920.0 -300.0 58 -87 213.71 187.18699999999995 30
3825.0 453.816 21 4140.0 -375.0 70 -89 180.36499999999998 173.34299999999996 32
3470.0 502.338 17 3750.0 -280.0 54 -81 192.35200000000003 194.961 28
4430.0 404.41999999999996 15 5100.0 -710.0 105 -73 144.973 158.27599999999998 71
4590.0 572.4869999999999 15 4890.0 -300.0 58 -95 190.64900000000003 230.11499999999998 30
3920.0 462.3719999999999 14 4230.0 -310.0 71 -86 153.255 158.62499999999997 29
4650.0 484.20900000000006 19 5040.0 -590.0 115 -79 184.37899999999996 213.185 59
3905.0 477.25899999999984 15 4260.0 -355.0 60 -83 178.857 185.65699999999995 25
4150.0 505.6120000000001 21 4410.0 -260.0 53 -75 220.40000000000006 204.542 26
4350.0 535.6660000000002 17 4770.0 -420.0 85 -95 193.48999999999998 199.89799999999997 42
4420.0 580.0750000000002 20 4770.0 -350.0 70 -95 230.05499999999998 200.79899999999992 35
4870.0 573.5020000000002 19 5370.0 -540.0 110 -103 210.55999999999997 222.456 54
2410.0 842.0250000000001 17 3240.0 -890.0 93 -76 202.21800000000002 141.52999999999994 89
3210.0 441.0440000000001 21 3630.0 -420.0 60 -67 168.845 165.221 42
4120.0 480.59699999999987 17 4380.0 -380.0 64 -67 223.03600000000003 190.718 38
4140.0 527.311 19 4470.0 -330.0 58 -81 221.51899999999998 188.643 33
5810.0 631.2630000000001 17 6210.0 -400.0 78 -111 246.05899999999997 255.22899999999998 40
3340.0 403.52199999999993 14 3600.0 -260.0 52 -77 155.488 147.936 26
3630.0 471.6049999999999 16 4140.0 -510.0 79 -73 201.76799999999994 178.437 51
3850.0 678.2659999999998 15 4650.0 -800.0 108 -104 173.98 194.54499999999996 80
4500.0 660.5949999999999 13 5220.0 -730.0 129 -116 192.51699999999997 222.86300000000006 73
5595.0 1133.5190000000005 10 6480.0 -885.0 87 -107 206.158 202.085 124
4830.0 577.966 14 5670.0 -880.0 114 -108 184.18599999999995 218.3679999999999 88
3830.0 554.2289999999999 18 4350.0 -520.0 68 -92 189.64499999999995 199.957 52
3015.0 405.9269999999999 19 3330.0 -315.0 52 -61 167.76 153.22099999999998 21
3870.0 342.04 16 4320.0 -450.0 71 -65 140.74900000000002 133.13500000000002 45
4680.0 527.0669999999998 18 5130.0 -450.0 84 -91 190.12899999999993 233.17000000000002 45
3610.0 459.957 19 3900.0 -440.0 90 -84 170.225 172.284 44
4455.0 638.8609999999999 18 5310.0 -855.0 126 -118 221.33499999999995 220.7599999999999 76
3120.0 433.4 16 3600.0 -480.0 75 -75 161.736 155.466 48
5215.0 648.3949999999999 19 5580.0 -545.0 80 -111 264.38899999999995 231.50799999999995 53
4440.0 473.42099999999994 21 4950.0 -530.0 109 -77 195.684 190.53199999999993 53
4700.0 447.233 23 4950.0 -320.0 57 -71 200.91000000000005 199.72 32
4290.0 577.1719999999999 17 4710.0 -420.0 83 -99 191.82099999999997 207.297 42
4500.0 547.523 20 4830.0 -330.0 67 -92 220.01 209.325 33
5300.0 646.7899999999997 22 5610.0 -310.0 62 -103 316.32299999999987 243.48099999999997 31
3750.0 759.7020000000002 18 4470.0 -740.0 96 -93 160.71599999999998 174.38400000000001 74
3740.0 453.95 18 4020.0 -280.0 56 -70 214.25999999999996 183.18399999999994 28
5570.0 593.4589999999998 24 6030.0 -460.0 73 -99 267.26899999999995 246.02799999999996 46
3410.0 448.438 16 3660.0 -250.0 51 -81 175.8329999999999 160.197 25
3880.0 529.8349999999999 17 4290.0 -410.0 62 -78 201.67599999999996 196.54 41
3160.0 496.306 16 3870.0 -730.0 95 -73 203.70099999999994 162.155 73
4215.0 617.1129999999998 20 4920.0 -745.0 93 -86 241.41499999999996 237.47199999999998 63
2825.0 354.5590000000002 15 3300.0 -625.0 109 -62 124.22399999999999 146.177 50
4050.0 648.7690000000002 21 4560.0 -510.0 90 -101 242.36399999999992 234.10699999999994 51
3400.0 423.065 18 3690.0 -290.0 59 -70 166.58599999999996 163.5829999999999 29
3620.0 356.5989999999999 18 3870.0 -250.0 51 -68 146.993 139.277 25
4650.0 642.9149999999997 18 4920.0 -270.0 55 -94 290.844 239.31600000000003 27
4140.0 464.28099999999995 21 4590.0 -450.0 75 -79 179.22599999999997 189.00099999999998 45
4210.0 497.1619999999999 13 4830.0 -620.0 85 -96 170.391 198.19299999999996 62
3230.0 509.246 17 3930.0 -750.0 117 -81 211.99699999999996 182.44699999999995 75
3960.0 471.75700000000006 16 4320.0 -400.0 81 -76 200.87299999999993 178.42499999999998 40
3640.0 461.9959999999999 17 3900.0 -260.0 53 -69 217.90499999999994 159.897 26
3425.0 523.7099999999997 19 4380.0 -1005.0 95 -91 176.37000000000003 185.71799999999993 100
3600.0 500.1869999999999 17 4140.0 -540.0 78 -78 192.868 183.302 54
1950.0 457.83499999999975 11 2760.0 -850.0 115 -69 157.35799999999995 124.17899999999999 89
4350.0 596.0410000000002 17 4710.0 -360.0 73 -99 222.501 201.78800000000004 36
4670.0 568.9440000000001 19 5010.0 -340.0 58 -89 263.427 211.10399999999996 34
4610.0 542.405 16 5070.0 -460.0 55 -93 182.913 213.27499999999995 46
4390.0 649.9870000000001 22 4950.0 -600.0 120 -88 269.302 236.46899999999997 57
4400.0 465.83000000000004 20 4680.0 -280.0 57 -82 184.959 193.85099999999997 28
4940.0 556.8109999999998 17 5310.0 -370.0 60 -90 242.4409999999999 237.82799999999995 37
5550.0 613.774 17 5940.0 -570.0 88 -111 173.545 241.90599999999992 57
4190.0 512.668 16 4470.0 -505.0 94 -89 217.82199999999997 185.39700000000002 43
4200.0 473.94899999999996 15 4500.0 -300.0 54 -86 189.33599999999993 184.80999999999997 30
3880.0 561.21 18 4260.0 -530.0 102 -92 231.72999999999996 189.015 50
3900.0 529.0079999999999 17 4200.0 -300.0 60 -95 194.66999999999993 191.17799999999997 29
4005.0 466.23999999999984 16 4350.0 -345.0 67 -85 156.778 195.498 32
2780.0 390.658 17 3180.0 -440.0 67 -58 175.356 136.546 44
4150.0 548.018 24 4530.0 -380.0 67 -94 231.23899999999998 205.37999999999997 38
4910.0 566.8620000000001 19 5190.0 -280.0 57 -97 229.568 223.605 28
3730.0 426.60800000000006 17 3990.0 -260.0 53 -75 180.72299999999998 162.68900000000002 26
2120.0 323.9150000000001 15 2610.0 -520.0 76 -64 101.83099999999997 105.43699999999995 52
4660.0 558.694 15 5010.0 -370.0 74 -87 235.3899999999999 194.285 37
4220.0 568.2639999999997 19 4560.0 -430.0 83 -88 233.682 202.57499999999996 43
5090.0 709.1370000000002 18 5550.0 -460.0 71 -104 331.53999999999996 248.631 46
2260.0 386.72099999999995 10 2640.0 -390.0 80 -60 144.01899999999998 132.48600000000002 39
3710.0 433.7669999999999 15 3960.0 -250.0 51 -74 189.22099999999998 160.91599999999997 25
3580.0 450.0880000000002 20 4050.0 -520.0 76 -72 199.416 169.47499999999997 52
4620.0 539.5610000000001 17 5100.0 -480.0 94 -102 181.87800000000004 201.80699999999996 48
4460.0 539.665 22 4920.0 -500.0 86 -87 249.626 214.06199999999998 40
4120.0 562.656 15 4620.0 -500.0 72 -96 194.55799999999996 221.86599999999996 50
3770.0 500.8280000000001 18 4290.0 -570.0 82 -83 198.221 187.64099999999996 57
3650.0 443.3759999999999 17 3900.0 -250.0 51 -68 188.58599999999996 170.536 25
4930.0 590.1410000000001 18 5190.0 -260.0 53 -93 254.1889999999999 234.97299999999996 26
5610.0 584.0419999999997 21 6060.0 -510.0 80 -86 239.458 278.0689999999999 51
5200.0 510.049 20 5910.0 -750.0 95 -84 169.47500000000002 272.27899999999994 75
4590.0 607.4229999999999 22 4890.0 -300.0 60 -99 252.33499999999998 231.54899999999995 30
2680.0 711.5620000000009 15 3960.0 -1380.0 145 -103 214.29199999999994 186.20699999999997 138
4430.0 526.9909999999999 19 4680.0 -250.0 51 -79 240.715 202.94099999999995 25
5000.0 583.0779999999999 20 5280.0 -280.0 57 -97 220.32099999999997 234.05599999999995 28
4920.0 481.00799999999987 22 5310.0 -410.0 84 -82 175.89399999999998 220.55799999999994 41
3100.0 365.24499999999995 12 3540.0 -490.0 71 -65 129.641 121.82499999999999 49
3825.0 468.1119999999999 23 4350.0 -675.0 97 -85 177.737 182.115 66
4465.0 628.2930000000001 23 5070.0 -620.0 108 -97 231.03700000000003 238.34699999999998 54
5540.0 575.47 23 5910.0 -370.0 60 -93 251.896 248.8059999999999 37
5100.0 460.87899999999996 18 5370.0 -390.0 77 -89 188.13999999999996 197.29199999999997 39
2850.0 1646.9820000000002 14 3960.0 -1110.0 111 -64 196.43599999999995 179.79199999999994 111
4035.0 485.34000000000003 19 4410.0 -395.0 78 -77 193.903 189.43400000000003 38
1575.0 539.1399999999998 10 3120.0 -1590.0 101 -66 134.53899999999993 141.30700000000002 284
5330.0 582.5390000000001 23 5640.0 -310.0 61 -104 258.10999999999996 223.76999999999998 30
2725.0 421.43199999999996 15 3180.0 -455.0 73 -70 168.51099999999997 156.96999999999997 35
2500.0 350.2310000000001 16 2760.0 -260.0 53 -56 148.19 118.84599999999998 26
2215.0 329.56600000000003 14 2610.0 -395.0 50 -58 127.54199999999999 111.54199999999996 32
4710.0 610.7989999999999 20 5040.0 -330.0 67 -97 251.07299999999995 241.0679999999999 33
4010.0 594.501 18 4350.0 -340.0 67 -96 222.10699999999997 197.06199999999995 32
4310.0 377.4330000000001 14 4680.0 -370.0 62 -71 122.559 160.682 37
4730.0 573.3830000000002 22 5280.0 -550.0 86 -85 224.954 226.96800000000002 59
3540.0 537.9319999999999 22 4050.0 -520.0 106 -79 196.49399999999997 193.64999999999998 52
4520.0 523.442 16 4830.0 -450.0 69 -81 210.4139999999999 232.14600000000002 45
4360.0 533.8009999999999 18 4830.0 -490.0 100 -97 205.22600000000003 196.67399999999998 49
3810.0 469.457 17 4110.0 -600.0 111 -72 192.357 181.412 50
3680.0 418.3929999999999 15 4080.0 -400.0 68 -70 181.343 166.628 40
3560.0 482.70499999999987 17 4260.0 -740.0 116 -82 185.38999999999996 191.62099999999998 63
4090.0 499.27299999999997 24 4320.0 -350.0 72 -67 248.20499999999996 201.676 35
3490.0 436.11999999999995 16 3750.0 -260.0 52 -75 170.26599999999993 161.24 26
3380.0 419.2199999999999 17 3690.0 -410.0 82 -67 137.45099999999996 161.31199999999995 40
5565.0 492.73999999999995 16 5880.0 -315.0 62 -97 196.92299999999997 218.593 30
4180.0 519.4240000000001 19 4500.0 -320.0 65 -83 220.28099999999992 190.82799999999997 32
2860.0 428.675 13 3150.0 -290.0 59 -74 136.745 141.27599999999998 29
4600.0 466.866 17 4890.0 -290.0 59 -82 197.87099999999998 179.28800000000004 29
4060.0 502.6110000000003 20 4350.0 -290.0 59 -87 193.34799999999998 198.40299999999988 29
5290.0 454.591 17 5580.0 -290.0 59 -75 190.799 224.47599999999994 29
3760.0 413.8330000000001 16 4080.0 -320.0 62 -80 161.41700000000003 142.20299999999997 32
4245.0 540.8279999999999 14 4590.0 -345.0 63 -101 180.53300000000004 192.552 34
3370.0 376.7159999999999 16 3930.0 -570.0 94 -64 163.371 170.03600000000003 57
5435.0 666.2349999999998 16 5880.0 -445.0 87 -126 228.95899999999997 227.18900000000002 43
3960.0 467.4059999999998 17 4440.0 -490.0 83 -74 192.07899999999995 190.13799999999995 49
3920.0 426.51299999999986 18 4260.0 -760.0 98 -76 169.981 168.583 76
3750.0 468.2579999999999 15 4050.0 -300.0 58 -73 210.67999999999998 179.66099999999994 30
3200.0 388.29499999999996 18 3450.0 -250.0 51 -65 167.43299999999994 147.87199999999996 25
4590.0 598.977 21 4860.0 -270.0 55 -97 260.4529999999999 219.97799999999992 27
3565.0 529.8900000000001 17 4050.0 -485.0 66 -73 207.82999999999998 203.30999999999992 38
3580.0 404.617 19 3840.0 -820.0 104 -71 160.98899999999998 161.64299999999997 82
3850.0 564.232 18 4380.0 -530.0 73 -75 266.288 208.184 53
3660.0 467.731 15 4110.0 -490.0 81 -72 185.67399999999998 177.65199999999996 49
2500.0 351.1190000000001 14 2760.0 -260.0 52 -61 133.40900000000002 128.707 26
3950.0 426.99799999999993 19 4260.0 -310.0 63 -75 171.57399999999998 181.71500000000003 31
4820.0 654.0759999999997 17 5850.0 -1070.0 111 -105 229.47 259.83899999999994 107
3850.0 528.621 16 4260.0 -410.0 74 -91 191.182 179.35599999999994 41
3920.0 517.9330000000001 16 4320.0 -540.0 83 -92 187.83399999999995 181.78899999999996 54
4270.0 520.2769999999999 22 4800.0 -530.0 78 -80 214.063 228.31599999999992 53
4620.0 538.887 19 4950.0 -330.0 67 -99 193.77399999999997 225.88799999999995 33
4070.0 494.26099999999997 21 4320.0 -340.0 59 -91 181.66299999999998 193.91599999999997 34
4245.0 609.2640000000001 20 4740.0 -535.0 89 -91 237.212 194.695 43
4180.0 381.58399999999995 20 4410.0 -380.0 78 -70 145.20800000000003 168.822 38
2980.0 395.0920000000001 12 3300.0 -560.0 83 -69 128.12699999999998 144.843 56
3020.0 496.90699999999987 17 3480.0 -470.0 96 -77 212.51499999999993 158.896 47
4260.0 478.71899999999994 19 4800.0 -540.0 73 -87 201.15599999999995 191.65899999999996 44
2580.0 337.7299999999998 14 3030.0 -480.0 69 -53 139.61199999999997 142.40299999999996 48
2220.0 334.6009999999999 15 2910.0 -700.0 82 -69 105.36499999999997 130.15399999999997 70
4680.0 661.8059999999999 20 5130.0 -450.0 74 -98 273.12299999999993 226.35299999999995 45
2910.0 439.925 14 3450.0 -540.0 77 -66 154.47199999999998 152.98199999999997 54
4270.0 532.3750000000001 21 4560.0 -500.0 97 -82 229.618 200.23199999999997 50
4700.0 567.066 24 5010.0 -310.0 63 -89 235.3919999999999 214.77 31
4670.0 492.2219999999999 16 4920.0 -250.0 51 -84 222.82199999999997 180.98999999999998 25
4790.0 521.681 21 5040.0 -430.0 88 -73 222.126 231.45299999999992 43
5200.0 579.0489999999999 20 5550.0 -350.0 61 -95 240.357 236.91799999999995 35
4770.0 531.6199999999998 18 5280.0 -550.0 97 -96 186.11599999999996 199.82699999999997 55
3830.0 519.773 16 4200.0 -370.0 65 -93 190.863 182.154 36
4680.0 554.563 17 5010.0 -330.0 67 -95 218.62699999999992 204.92899999999992 33
4060.0 551.9819999999999 18 4410.0 -350.0 71 -82 238.03699999999998 189.72599999999997 35
4720.0 620.2839999999999 21 4980.0 -260.0 53 -89 292.18399999999986 226.835 26
3310.0 478.1859999999999 15 3660.0 -350.0 71 -84 181.25099999999998 163.41499999999996 35
3430.0 519.735 13 4230.0 -800.0 129 -86 152.284 180.47299999999998 74
2690.0 405.28899999999993 15 2940.0 -250.0 51 -74 163.14099999999996 136.71300000000002 25
3460.0 428.69899999999984 18 3720.0 -380.0 75 -82 162.35200000000003 153.23399999999998 38
5240.0 589.3599999999999 20 5520.0 -280.0 57 -95 249.772 238.135 28
3280.0 454.65999999999985 19 3570.0 -290.0 59 -72 223.60500000000005 147.74799999999996 29
3320.0 541.0149999999999 15 4200.0 -900.0 109 -86 171.128 199.025 90
3750.0 563.917 20 4620.0 -890.0 119 -90 209.46199999999993 203.70099999999996 89
