4070.0 610.064 18 4560.0 -490.0 101 -112 228.72899999999998 195.757 49
4350.0 522.9209999999998 21 4890.0 -540.0 99 -78 232.6609999999999 205.80199999999994 54
3870.0 451.59 14 4530.0 -780.0 135 -79 148.62199999999996 215.46899999999997 78
2850.0 395.65999999999997 12 3270.0 -420.0 87 -64 167.71299999999997 159.07 42
1520.0 392.041 13 2490.0 -970.0 96 -66 119.74999999999999 128.95999999999998 97
4420.0 548.2549999999999 18 4890.0 -470.0 96 -88 250.6319999999999 217.032 47
4550.0 511.5800000000001 18 5160.0 -610.0 122 -94 175.99599999999998 212.048 59
4440.0 547.5189999999998 23 5160.0 -720.0 116 -77 269.36099999999993 228.32099999999997 72
4800.0 559.1540000000001 17 5250.0 -450.0 93 -92 207.68199999999996 235.05999999999997 45
4180.0 507.5270000000001 20 4620.0 -440.0 91 -83 203.21099999999998 210.29599999999994 44
3640.0 442.87299999999993 19 4080.0 -440.0 91 -67 182.182 176.93799999999993 44
4840.0 689.5659999999998 22 5430.0 -590.0 116 -117 234.104 260.55 59
4350.0 548.4069999999999 18 4860.0 -630.0 123 -88 203.60299999999998 224.15499999999994 63
2890.0 421.4040000000001 15 3510.0 -660.0 111 -63 160.658 164.09900000000002 66
3570.0 445.16600000000005 15 4050.0 -480.0 99 -71 173.23999999999998 179.48899999999998 48
3060.0 475.679 14 3600.0 -540.0 111 -71 224.50999999999993 159.22499999999994 54
4350.0 969.9310000000007 19 5730.0 -1480.0 175 -95 216.85099999999994 237.37699999999998 148
3630.0 552.649 17 4110.0 -480.0 99 -90 205.83399999999997 185.343 48
4015.0 412.308 17 4590.0 -625.0 107 -63 190.268 186.763 62
4965.0 554.5099999999998 20 5670.0 -725.0 138 -82 275.85999999999996 214.04100000000003 63
3670.0 417.5430000000001 16 4170.0 -500.0 102 -71 174.23399999999998 166.41799999999995 50
4140.0 498.2319999999999 18 4620.0 -480.0 92 -90 200.05999999999995 204.027 48
3545.0 552.5840000000001 20 4110.0 -685.0 130 -84 243.70100000000005 184.72099999999998 59
3470.0 573.1539999999998 19 3960.0 -490.0 101 -84 255.74499999999995 150.334 49
4150.0 528.7890000000001 19 4590.0 -440.0 91 -90 230.85199999999998 196.86799999999997 44
4080.0 492.8020000000001 15 4920.0 -1140.0 148 -97 145.49899999999994 219.2579999999999 110
5840.0 634.919 20 6330.0 -490.0 97 -102 266.801 269.34599999999995 49
4360.0 600.7309999999999 17 4890.0 -530.0 109 -111 226.35999999999999 218.38799999999998 53
4690.0 549.4979999999999 24 5160.0 -470.0 97 -99 243.51299999999995 228.84399999999997 47
3370.0 366.6669999999999 14 3840.0 -470.0 97 -78 131.18300000000002 153.80499999999998 47
5760.0 565.6 21 6420.0 -660.0 114 -93 249.34500000000003 259.5369999999999 48
3020.0 421.03999999999996 19 3870.0 -930.0 126 -73 176.95 168.22800000000004 74
4150.0 437.4029999999999 16 4740.0 -590.0 109 -81 149.301 182.32700000000006 48
4510.0 570.4790000000003 19 5160.0 -650.0 130 -97 218.71299999999997 229.89 65
5320.0 651.623 21 5820.0 -500.0 103 -104 285.02899999999994 256.43799999999993 50
5000.0 651.2839999999998 23 5490.0 -490.0 101 -92 302.132 250.17299999999997 49
3190.0 405.3479999999999 18 3630.0 -440.0 90 -65 182.65599999999998 151.31299999999996 44
2680.0 544.5459999999999 16 3870.0 -1190.0 121 -95 175.697 184.37699999999998 119
4230.0 482.046 19 4830.0 -615.0 120 -84 179.18199999999996 203.02299999999997 56
2710.0 367.774 15 3630.0 -920.0 84 -73 129.124 136.92399999999995 92
2670.0 394.57500000000005 14 3300.0 -640.0 124 -66 158.94699999999995 127.56499999999998 64
4320.0 537.1100000000001 22 4770.0 -600.0 124 -74 264.93399999999997 215.74200000000002 60
3330.0 372.4969999999999 17 3930.0 -600.0 94 -72 133.64099999999996 168.37800000000001 42
4275.0 458.0069999999997 18 4740.0 -465.0 95 -86 166.75599999999997 181.671 46
3840.0 487.4679999999999 18 4530.0 -690.0 107 -74 211.84099999999998 208.69199999999995 62
5620.0 650.3010000000002 20 6150.0 -530.0 108 -109 261.34399999999994 278.0009999999999 53
4980.0 593.4769999999999 18 5550.0 -570.0 105 -95 221.74099999999999 237.131 57
4030.0 497.87800000000004 22 4440.0 -410.0 85 -85 214.25300000000001 191.65299999999996 41
2290.0 372.582 17 2760.0 -470.0 97 -59 147.27499999999998 118.57699999999997 47
3870.0 485.0889999999999 17 4320.0 -450.0 93 -88 171.146 192.94599999999994 45
4465.0 573.313 20 5010.0 -685.0 117 -90 229.05700000000002 225.31699999999998 68
3740.0 478.8740000000001 21 4230.0 -670.0 138 -77 203.39600000000002 192.20499999999996 67
3555.0 460.70700000000005 20 4290.0 -745.0 148 -83 199.76200000000003 175.01999999999998 70
4720.0 529.4649999999999 19 5160.0 -485.0 98 -89 239.756 213.38700000000003 47
3765.0 466.9559999999998 20 4350.0 -585.0 98 -84 190.40500000000003 181.07 40
2700.0 361.5549999999999 10 3150.0 -600.0 118 -67 115.53099999999998 128.94599999999997 55
2700.0 393.74300000000005 20 3150.0 -450.0 88 -67 165.011 140.25999999999996 45
3085.0 463.33200000000005 14 3690.0 -785.0 126 -72 156.809 153.47499999999997 98
4950.0 496.02500000000003 21 5370.0 -660.0 109 -78 224.583 236.27799999999988 66
3780.0 424.01700000000005 14 4200.0 -420.0 87 -67 170.76799999999997 189.19699999999997 42
3440.0 405.7899999999999 17 3900.0 -460.0 92 -58 195.006 165.38199999999995 46
4330.0 564.9319999999998 17 4950.0 -640.0 132 -87 250.14999999999992 209.10499999999996 64
4740.0 638.5829999999999 17 5220.0 -640.0 113 -89 292.72599999999994 247.72999999999993 64
3880.0 425.4089999999998 17 4680.0 -840.0 126 -74 173.97199999999998 189.56199999999998 84
4890.0 556.5150000000001 20 5400.0 -510.0 105 -89 231.12599999999998 232.65599999999998 51
4060.0 528.0630000000001 17 4590.0 -530.0 101 -94 199.587 188.811 53
3720.0 408.55999999999995 18 4410.0 -795.0 150 -74 167.91199999999998 177.65599999999995 68
3790.0 522.1350000000001 18 4260.0 -470.0 93 -83 222.77799999999996 193.999 47
5470.0 678.2750000000001 23 6120.0 -740.0 120 -117 254.826 281.614 74
2930.0 409.33699999999993 15 3450.0 -520.0 98 -74 162.73099999999997 140.80399999999997 52
4030.0 533.0459999999999 21 4470.0 -440.0 91 -89 233.63299999999995 198.78599999999994 44
2890.0 355.449 13 3180.0 -290.0 60 -51 172.10700000000003 121.37199999999997 29
4005.0 489.44699999999995 19 4620.0 -615.0 104 -78 217.88299999999992 204.17599999999996 43
3000.0 456.9739999999998 15 3810.0 -825.0 150 -85 168.563 147.076 73
3350.0 452.3229999999999 16 3840.0 -730.0 123 -71 196.00799999999998 178.65399999999997 73
4450.0 545.181 20 5010.0 -560.0 101 -99 217.95399999999998 221.47099999999995 56
4270.0 551.1130000000003 16 5100.0 -850.0 143 -99 211.36099999999996 198.14999999999998 85
4020.0 540.832 18 4830.0 -810.0 164 -78 209.97599999999997 205.13999999999993 81
4260.0 528.2539999999999 16 4860.0 -600.0 100 -100 168.727 201.35099999999997 41
3660.0 436.9039999999998 16 4290.0 -630.0 101 -72 163.552 199.8859999999999 45
4270.0 498.5129999999999 18 4860.0 -610.0 125 -85 211.348 185.686 61
4500.0 539.9320000000001 14 4950.0 -450.0 92 -92 227.46799999999996 213.796 45
4335.0 529.2209999999998 24 4920.0 -585.0 98 -85 236.41099999999994 203.32899999999998 40
4200.0 516.6650000000001 16 4650.0 -450.0 93 -80 206.04700000000003 200.79600000000002 45
4470.0 522.6279999999999 20 5160.0 -700.0 139 -90 191.60499999999996 232.99599999999995 70
3620.0 427.652 20 4500.0 -910.0 132 -71 185.93499999999997 174.2079999999999 91
3450.0 548.8409999999999 18 4140.0 -690.0 133 -88 227.46999999999997 187.10799999999995 69
1335.0 422.0959999999999 9 2940.0 -1725.0 134 -59 76.43799999999999 120.86799999999998 296
4030.0 468.0429999999998 20 4470.0 -590.0 121 -72 212.31599999999997 196.04599999999994 59
4060.0 518.0669999999999 17 4680.0 -620.0 107 -77 215.54799999999992 198.72 62
2590.0 726.4400000000002 14 3870.0 -1280.0 157 -76 130.63 176.18999999999997 186
3470.0 450.84499999999997 19 4050.0 -660.0 114 -72 176.38500000000002 195.84799999999998 48
3050.0 465.69299999999987 17 3570.0 -520.0 92 -79 203.779 157.566 52
2950.0 504.8379999999999 17 3660.0 -750.0 119 -81 186.89999999999995 171.92899999999997 75
2430.0 320.63800000000003 13 2850.0 -420.0 87 -60 138.923 123.609 42
3620.0 394.76999999999987 14 4110.0 -490.0 96 -68 156.552 156.84299999999996 49
4705.0 471.3719999999998 18 5280.0 -575.0 96 -91 172.32899999999998 220.48900000000003 39
3510.0 406.7579999999999 18 3990.0 -480.0 99 -68 198.66499999999994 130.82299999999998 48
4910.0 591.74 18 5760.0 -850.0 127 -98 223.67600000000004 232.50299999999993 85
5430.0 613.3080000000001 20 5970.0 -540.0 111 -95 255.75799999999992 271.77099999999996 54
4660.0 631.081 25 5160.0 -500.0 102 -92 270.3359999999999 242.144 50
3750.0 542.5739999999997 15 4290.0 -540.0 98 -98 205.26699999999997 183.88899999999995 54
3345.0 404.1639999999999 17 3810.0 -465.0 94 -75 156.66499999999996 163.73 45
2390.0 376.6999999999998 14 2940.0 -550.0 109 -71 115.46199999999996 126.28099999999996 54
3820.0 572.1600000000002 14 4440.0 -620.0 107 -97 188.42999999999995 189.74499999999998 62
4000.0 496.60299999999995 19 4650.0 -700.0 116 -74 212.55699999999996 201.86599999999996 70
4660.0 506.44599999999986 18 5160.0 -500.0 102 -92 206.28599999999997 201.263 49
4040.0 444.8579999999999 15 4500.0 -460.0 95 -85 168.58999999999995 188.838 46
3090.0 460.1160000000002 17 3840.0 -780.0 137 -80 148.31999999999996 172.44399999999993 78
3495.0 418.45199999999994 16 4230.0 -755.0 130 -81 146.80799999999996 179.647 57
3430.0 453.9089999999999 16 3870.0 -440.0 91 -85 158.86499999999998 184.259 44
3705.0 423.1549999999999 23 4260.0 -555.0 92 -59 205.56499999999994 189.33999999999995 37
3890.0 555.6310000000001 12 4500.0 -610.0 124 -94 186.225 177.561 61
2940.0 438.9710000000001 19 3780.0 -870.0 133 -74 198.34399999999997 157.68299999999996 87
4470.0 530.225 19 4920.0 -450.0 93 -93 211.60599999999997 191.88599999999997 45
5390.0 526.097 17 6000.0 -630.0 128 -88 216.92 241.5119999999999 63
5050.0 640.5689999999998 18 5580.0 -530.0 105 -105 246.69400000000002 253.075 53
3800.0 477.2199999999999 19 4440.0 -640.0 110 -84 198.10899999999998 194.85999999999996 46
5575.0 759.6950000000002 20 6390.0 -815.0 195 -114 256.58500000000004 277.00399999999996 76
2240.0 459.20700000000005 13 3360.0 -1120.0 115 -72 164.71499999999997 157.00199999999998 112
3410.0 526.2199999999999 16 3900.0 -490.0 101 -80 201.8209999999999 190.029 49
3765.0 457.73499999999984 20 4410.0 -795.0 135 -82 169.90299999999993 197.00099999999998 56
4030.0 623.6639999999998 24 4800.0 -890.0 132 -86 284.4999999999999 217.15399999999997 80
2800.0 428.4649999999998 18 3360.0 -580.0 119 -69 176.46999999999997 139.25699999999998 58
3500.0 394.19499999999994 16 4170.0 -720.0 112 -72 135.59199999999998 181.49299999999994 72
2880.0 480.57399999999984 16 3330.0 -450.0 93 -79 185.54300000000003 152.56799999999998 45
2760.0 395.47099999999995 17 3240.0 -480.0 95 -67 135.538 141.01199999999997 48
2930.0 395.7849999999999 15 3420.0 -490.0 100 -72 139.577 148.74199999999996 49
4850.0 640.3799999999999 22 5310.0 -460.0 95 -93 283.401 245.75699999999992 46
4560.0 542.767 20 5340.0 -780.0 132 -91 183.06499999999994 235.156 78
3350.0 423.864 17 3840.0 -490.0 101 -76 171.97699999999998 149.75199999999995 49
4090.0 575.0930000000001 17 4800.0 -710.0 120 -95 227.72299999999993 225.65099999999998 71
2600.0 455.23699999999997 12 3300.0 -770.0 157 -76 166.932 132.85999999999996 77
4720.0 550.522 16 5250.0 -530.0 109 -93 204.7669999999999 234.66799999999998 53
5060.0 498.74499999999995 19 5610.0 -640.0 120 -97 199.553 219.03499999999997 64
5120.0 612.1329999999998 23 5580.0 -460.0 95 -87 291.46199999999993 237.00499999999997 46
4280.0 553.2629999999998 17 4740.0 -460.0 95 -100 201.66599999999997 201.04699999999997 46
3245.0 412.59900000000016 17 4050.0 -835.0 121 -61 159.519 179.76799999999997 65
3985.0 700.651 18 4740.0 -755.0 126 -112 208.75 245.37900000000005 57
2990.0 398.91 13 3450.0 -460.0 95 -80 144.64999999999998 145.16899999999998 46
4010.0 513.8770000000001 16 4530.0 -600.0 99 -84 204.92099999999996 204.444 60
4220.0 545.1000000000003 18 4740.0 -520.0 106 -81 224.089 212.167 52
3250.0 495.964 15 4230.0 -1020.0 96 -88 190.06099999999998 177.385 102
2140.0 1507.6000000000004 18 3450.0 -1310.0 155 -74 137.902 164.27499999999998 131
2850.0 473.36100000000005 15 3630.0 -820.0 128 -78 178.78 166.765 80
2905.0 407.08400000000006 18 3480.0 -575.0 100 -66 157.30600000000004 157.457 48
4090.0 582.3149999999998 20 4800.0 -750.0 148 -104 180.70899999999992 200.68199999999996 75
3830.0 509.7919999999999 23 4350.0 -640.0 127 -76 214.653 198.42799999999994 64
3640.0 488.3789999999999 20 4140.0 -500.0 99 -83 182.54599999999996 192.99199999999996 50
3170.0 487.03599999999983 19 3690.0 -520.0 107 -84 202.928 166.07199999999997 52
3660.0 458.0300000000001 15 4140.0 -480.0 95 -81 163.63699999999997 183.57899999999995 48
2250.0 327.7119999999998 17 2790.0 -540.0 90 -59 133.737 127.44699999999997 36
3940.0 456.59999999999997 21 4380.0 -580.0 103 -74 205.96699999999998 193.34299999999993 58
3860.0 515.3949999999999 20 4380.0 -520.0 107 -80 215.78399999999996 207.30099999999996 52
4840.0 564.3240000000004 22 5490.0 -650.0 124 -108 222.805 231.07799999999992 65
3315.0 464.3220000000001 16 4050.0 -750.0 126 -78 190.89699999999993 179.01600000000002 52
3390.0 420.5489999999999 16 3870.0 -480.0 99 -83 156.86799999999997 157.68999999999994 48
3430.0 534.0749999999999 19 4200.0 -910.0 132 -98 204.74499999999998 172.32100000000003 91
3430.0 544.005 16 4050.0 -620.0 104 -88 186.56599999999995 174.212 62
4885.0 592.0389999999999 21 5580.0 -725.0 139 -93 242.09199999999996 237.31400000000002 64
2740.0 524.3209999999999 18 3780.0 -1040.0 108 -84 200.50899999999996 171.40299999999996 104
3790.0 396.1940000000001 18 4470.0 -770.0 155 -72 156.992 186.37699999999995 77
4020.0 536.6009999999999 19 4560.0 -540.0 102 -89 190.945 210.83599999999996 52
3240.0 421.79000000000025 12 4110.0 -900.0 134 -78 131.03299999999996 181.23499999999996 90
4270.0 441.66499999999996 17 4710.0 -440.0 90 -69 174.2829999999999 227.26199999999992 44
4090.0 580.8580000000001 19 4770.0 -680.0 121 -105 221.68599999999995 206.62799999999993 68
3820.0 497.90500000000014 17 4320.0 -500.0 103 -81 202.709 195.353 50
4010.0 467.2309999999999 21 4530.0 -520.0 99 -74 185.18599999999995 181.85999999999999 52
4975.0 644.9890000000001 20 5520.0 -545.0 106 -97 239.69499999999996 251.10899999999995 61
2200.0 438.7670000000001 11 2640.0 -440.0 91 -80 185.04599999999996 105.76899999999998 44
4310.0 585.599 18 4830.0 -520.0 106 -89 258.399 217.48199999999994 52
2545.0 448.25800000000004 12 3090.0 -545.0 109 -83 164.283 132.13999999999996 53
3770.0 509.27799999999996 16 4350.0 -580.0 109 -93 171.18699999999995 194.08499999999995 49
4980.0 625.3579999999997 18 5550.0 -570.0 109 -104 261.25199999999995 222.41700000000003 57
3545.0 510.7949999999999 14 4200.0 -655.0 124 -95 162.787 184.109 64
3900.0 487.11699999999985 18 4350.0 -450.0 92 -76 229.51199999999992 171.20599999999996 45
4390.0 518.824 18 4920.0 -810.0 124 -80 210.302 222.841 81
4460.0 548.2260000000001 19 4950.0 -490.0 101 -84 222.231 216.11899999999994 49
4090.0 515.49 22 4560.0 -470.0 97 -94 197.32699999999997 192.378 47
3130.0 561.1259999999997 18 4110.0 -980.0 101 -101 185.801 180.59799999999996 98
3080.0 371.74299999999994 12 3570.0 -490.0 100 -71 131.13999999999996 148.89199999999997 49
3130.0 474.28099999999995 21 3720.0 -590.0 108 -72 221.497 167.225 68
3300.0 457.6239999999999 15 4020.0 -800.0 127 -76 129.528 182.957 80
4000.0 593.778 18 4620.0 -660.0 133 -97 191.11799999999997 210.949 65
4410.0 409.76199999999994 19 4890.0 -750.0 150 -68 173.27900000000002 192.92999999999998 75
2710.0 422.9989999999998 15 3690.0 -980.0 98 -71 158.34799999999993 165.661 98
3280.0 372.5409999999999 17 3750.0 -470.0 97 -57 175.852 153.151 47
4195.0 575.0530000000001 19 4950.0 -795.0 142 -101 225.16600000000003 213.42399999999995 70
2355.0 291.65099999999995 17 2940.0 -585.0 97 -54 105.71999999999998 135.50799999999998 39
4210.0 647.2689999999999 15 4770.0 -560.0 105 -106 222.89599999999996 200.74599999999992 56
3900.0 388.91 16 4350.0 -450.0 93 -67 165.9519999999999 152.86999999999998 45
4705.0 584.046 29 5370.0 -665.0 105 -90 274.256 224.538 48
3940.0 513.2879999999999 18 4410.0 -470.0 97 -95 202.54299999999998 196.85999999999996 47
4730.0 517.674 21 5160.0 -430.0 89 -85 222.86499999999998 223.62099999999998 43
3200.0 468.20899999999995 17 3720.0 -520.0 96 -82 182.368 155.53799999999998 52
3270.0 407.5329999999999 17 3840.0 -570.0 94 -60 168.746 169.32899999999992 38
4095.0 516.467 17 4650.0 -585.0 115 -87 188.56999999999994 194.792 56
3500.0 531.186 17 4230.0 -740.0 144 -87 213.56399999999996 179.37299999999993 74
4035.0 470.2389999999999 16 4590.0 -705.0 123 -80 216.60799999999998 178.966 52
3670.0 490.276 16 4140.0 -470.0 93 -97 173.69899999999998 180.22599999999994 47
4210.0 506.167 16 4650.0 -440.0 91 -71 246.91399999999996 212.01499999999993 44
3340.0 476.99800000000005 22 3810.0 -620.0 127 -83 191.226 169.314 62
1665.0 374.2850000000001 12 3060.0 -1395.0 150 -72 130.95399999999995 109.18699999999997 131
5235.0 518.555 19 5790.0 -555.0 92 -91 216.13199999999992 237.12699999999998 37
3280.0 410.55899999999997 15 3780.0 -555.0 98 -68 163.6899999999999 170.515 67
3940.0 476.411 19 4620.0 -680.0 116 -79 203.495 186.70099999999996 68
3160.0 476.6029999999998 17 3630.0 -470.0 97 -75 191.97100000000006 157.345 47
3350.0 2728.5119999999993 14 4500.0 -1150.0 136 -91 192.29199999999997 195.54199999999997 115
5320.0 647.826 20 5820.0 -590.0 111 -104 271.74899999999997 243.08899999999994 59
3520.0 337.00299999999993 15 4200.0 -880.0 120 -56 161.51599999999993 144.49399999999997 70
4130.0 540.0780000000002 13 4800.0 -670.0 110 -91 196.09599999999995 190.843 67
4210.0 745.4590000000002 18 5100.0 -890.0 181 -101 229.334 198.485 89
4105.0 599.586 18 4650.0 -545.0 102 -94 251.39499999999998 220.70999999999992 52
3660.0 490.95099999999996 19 4170.0 -510.0 95 -92 190.059 187.44400000000002 42
3690.0 372.47899999999987 15 4080.0 -390.0 81 -68 157.745 148.873 39
4410.0 554.1799999999998 23 4860.0 -450.0 93 -78 262.81499999999994 216.35799999999998 45
3200.0 474.81699999999995 17 3780.0 -580.0 113 -69 195.88099999999997 169.46599999999995 58
2710.0 414.39299999999986 16 3180.0 -470.0 94 -59 166.82999999999998 147.95399999999998 47
4460.0 553.787 21 5040.0 -580.0 116 -110 187.75799999999995 198.818 58
4040.0 495.3820000000001 21 4470.0 -430.0 86 -83 204.26099999999997 204.33699999999996 43
5270.0 617.2829999999999 25 5760.0 -490.0 98 -100 247.70399999999995 271.461 47
2400.0 306.7099999999999 14 2850.0 -630.0 118 -48 116.719 120.631 81
4660.0 494.575 21 5280.0 -640.0 131 -86 226.296 212.22600000000003 64
5020.0 556.7050000000002 18 5520.0 -500.0 103 -98 226.73599999999996 222.02099999999996 50
4070.0 497.08400000000006 20 4650.0 -790.0 122 -85 178.93999999999997 207.2999999999999 79
4000.0 481.509 18 4530.0 -670.0 114 -86 205.933 181.76999999999998 67
4640.0 448.33299999999986 18 5040.0 -400.0 83 -85 188.45299999999997 178.052 40
3890.0 567.8259999999999 19 4470.0 -580.0 109 -98 210.49099999999999 210.10299999999992 58
2970.0 408.51700000000005 15 3900.0 -930.0 85 -70 167.477 133.31799999999998 93
5170.0 660.0939999999999 23 5790.0 -680.0 134 -103 282.93299999999994 239.14 63
4130.0 522.4559999999998 16 4710.0 -730.0 140 -99 199.01799999999997 177.21299999999994 73
3700.0 439.951 14 4140.0 -440.0 91 -80 200.59199999999998 152.44699999999995 44
4080.0 505.7209999999998 19 4710.0 -630.0 99 -86 203.33400000000003 197.896 44
2535.0 412.77399999999994 16 3030.0 -675.0 138 -76 139.181 148.35100000000003 67
4230.0 523.9659999999998 19 4830.0 -780.0 129 -79 221.12300000000002 217.938 72
3310.0 446.83 16 3780.0 -470.0 96 -79 164.456 164.77299999999997 47
2620.0 384.7419999999998 13 3300.0 -785.0 147 -65 148.59699999999998 152.47899999999996 66
3130.0 581.6750000000001 19 3810.0 -730.0 123 -79 244.15800000000004 175.40799999999996 73
3720.0 443.80599999999987 19 4170.0 -510.0 105 -71 195.373 179.91199999999995 51
3740.0 437.675 16 4230.0 -490.0 100 -85 126.90299999999996 189.57 49
5060.0 602.9549999999999 21 5610.0 -550.0 103 -102 250.02299999999997 232.785 55
2900.0 392.905 16 3360.0 -460.0 95 -72 155.02999999999997 138.783 46
3840.0 397.9970000000001 16 4260.0 -420.0 87 -79 155.313 176.299 42
4070.0 622.3419999999996 19 4590.0 -520.0 107 -105 252.24599999999992 212.0909999999999 52
4760.0 564.3639999999997 21 5430.0 -690.0 142 -87 262.22699999999986 223.92399999999995 69
4280.0 583.1030000000001 20 4830.0 -550.0 110 -107 205.25199999999998 218.089 55
5140.0 624.007 18 5850.0 -750.0 137 -95 261.602 237.54799999999997 72
5040.0 607.8439999999999 18 5640.0 -690.0 139 -103 210.79199999999994 222.638 69
4730.0 599.3580000000001 16 5550.0 -820.0 141 -100 211.55499999999995 220.63600000000002 82
4620.0 674.3889999999999 18 5280.0 -660.0 117 -114 283.01199999999994 225.9799999999999 66
4670.0 673.0329999999999 17 5640.0 -970.0 139 -101 239.09799999999998 246.53299999999996 97
3630.0 493.69099999999986 20 4230.0 -750.0 130 -91 194.757 184.21399999999997 57
4110.0 512.918 20 4560.0 -450.0 93 -82 230.11899999999997 197.97400000000005 45
3490.0 579.0629999999999 18 4380.0 -890.0 127 -95 200.57199999999995 199.45899999999992 89
3720.0 423.3639999999999 15 4410.0 -740.0 114 -76 154.70899999999997 189.39299999999994 74
4300.0 456.8769999999999 19 4800.0 -500.0 103 -95 168.657 181.57 50
2920.0 447.5719999999999 20 3480.0 -560.0 115 -70 175.16400000000002 150.682 56
3090.0 433.56799999999987 15 3690.0 -610.0 123 -68 178.44099999999995 166.694 60
3530.0 600.3149999999997 20 4050.0 -520.0 96 -99 234.61299999999994 190.51999999999995 52
2185.0 279.19999999999993 12 2760.0 -575.0 103 -61 90.553 84.36000000000001 50
3900.0 493.75699999999995 19 4350.0 -450.0 87 -74 204.54600000000002 175.259 45
4870.0 521.529 19 5550.0 -680.0 119 -95 197.77699999999996 229.07799999999995 68
4360.0 574.611 20 4830.0 -470.0 94 -86 224.17099999999988 219.02800000000002 47
4740.0 634.8039999999997 23 5310.0 -640.0 108 -87 299.252 250.717 64
3130.0 417.9579999999999 18 3840.0 -710.0 115 -78 192.119 141.638 53
3560.0 501.1679999999999 21 4230.0 -720.0 128 -88 180.93 185.13000000000008 72
4755.0 480.201 13 5220.0 -465.0 95 -94 178.63399999999996 210.007 46
3910.0 550.9699999999999 17 4710.0 -875.0 166 -91 191.65499999999994 217.77599999999995 76
3690.0 503.638 17 4170.0 -480.0 99 -87 175.185 185.611 48
4310.0 567.6630000000002 23 4860.0 -550.0 100 -95 252.82399999999998 201.15599999999992 46
3540.0 437.9669999999999 16 4170.0 -630.0 105 -80 130.85 175.45099999999996 63
4310.0 553.0680000000001 22 4860.0 -550.0 113 -84 212.74099999999993 215.65699999999993 55
4300.0 583.481 20 4860.0 -700.0 124 -96 211.75699999999995 220.27799999999996 70
5640.0 513.851 18 6060.0 -420.0 87 -90 221.81499999999994 229.91799999999998 42
2840.0 382.4329999999998 17 3420.0 -580.0 103 -67 165.29999999999995 140.175 58
4855.0 564.5240000000001 16 5910.0 -1055.0 192 -109 200.408 206.656 98
3080.0 483.1599999999999 16 3690.0 -710.0 117 -77 193.61799999999997 164.164 71
3070.0 550.3609999999999 16 3870.0 -800.0 126 -84 227.4399999999999 183.248 80
3600.0 478.29199999999986 14 4230.0 -650.0 120 -79 163.78699999999992 193.71399999999997 65
4440.0 484.372 16 4950.0 -510.0 98 -98 168.81599999999997 213.32600000000002 51
3660.0 447.49299999999994 17 4170.0 -660.0 136 -83 158.65599999999998 165.519 66
3190.0 432.9299999999998 14 3720.0 -530.0 110 -74 182.08499999999998 164.78500000000003 53
4245.0 504.7789999999999 20 4830.0 -585.0 107 -80 229.78500000000003 208.165 54
2760.0 320.49299999999994 13 3270.0 -710.0 142 -64 109.241 140.134 68
3330.0 668.3720000000001 14 4470.0 -1240.0 159 -78 238.68599999999998 210.34699999999995 105
3720.0 478.9630000000001 17 4260.0 -540.0 111 -71 188.69800000000004 194.69999999999996 54
4270.0 524.867 18 5010.0 -740.0 121 -89 187.60699999999997 223.68999999999994 74
3595.0 450.1490000000001 17 4230.0 -875.0 135 -83 169.77900000000002 178.946 84
3740.0 516.9170000000003 21 4260.0 -520.0 106 -78 234.089 189.067 52
3460.0 846.414 20 4230.0 -770.0 117 -95 228.521 173.04499999999996 77
6195.0 690.17 19 6990.0 -855.0 158 -131 242.74599999999995 249.97099999999998 78
4090.0 472.629 21 4530.0 -440.0 91 -81 200.84700000000004 198.23999999999995 44
3350.0 457.00899999999996 19 4170.0 -870.0 120 -79 195.973 181.89399999999998 69
4000.0 496.33099999999996 19 4530.0 -530.0 109 -80 208.95899999999992 199.92299999999992 53
5000.0 544.3760000000001 20 5460.0 -460.0 95 -83 244.72999999999993 224.69499999999996 46
3740.0 548.0690000000003 20 4710.0 -1130.0 107 -85 215.64899999999997 212.53599999999997 113
4260.0 509.72899999999987 15 4740.0 -480.0 99 -87 182.351 226.1149999999999 48
3375.0 462.20899999999995 17 4080.0 -725.0 139 -75 188.71499999999997 189.408 64
3390.0 482.28899999999993 15 3870.0 -480.0 98 -89 176.29600000000002 164.18999999999997 48
5920.0 578.813 18 6750.0 -850.0 152 -106 205.49100000000004 262.55899999999997 85
3800.0 551.4849999999998 20 4290.0 -490.0 101 -88 242.78299999999996 193.55499999999998 49
2880.0 368.5299999999999 18 3330.0 -450.0 89 -54 150.47100000000003 141.923 44
3870.0 518.5379999999999 19 4590.0 -720.0 114 -82 216.152 217.92399999999998 72
2680.0 503.7079999999998 16 3480.0 -820.0 125 -78 190.06099999999995 137.744 82
4180.0 480.78199999999987 19 4830.0 -700.0 116 -80 190.998 164.53599999999997 70
4670.0 652.5459999999998 17 5370.0 -700.0 139 -117 210.69599999999994 223.825 62
3340.0 537.4940000000001 15 3990.0 -680.0 122 -96 208.24200000000002 187.01799999999997 64
5035.0 611.247 25 5730.0 -695.0 121 -97 242.9549999999999 249.40399999999997 68
4150.0 424.153 19 4650.0 -500.0 93 -78 173.68999999999997 186.40499999999997 50
4380.0 520.42 19 4980.0 -620.0 128 -88 198.28300000000004 208.94699999999992 62
3530.0 469.98799999999994 17 4170.0 -680.0 118 -81 196.22400000000002 192.409 50
3000.0 514.14 18 3630.0 -630.0 96 -79 184.165 168.70499999999998 63
2275.0 352.59 15 2880.0 -605.0 96 -70 143.48499999999999 122.487 42
2460.0 408.9429999999999 17 3180.0 -720.0 118 -76 149.188 138.43499999999995 72
4190.0 552.0110000000001 15 5130.0 -940.0 133 -86 225.1559999999999 218.37199999999999 94
2625.0 421.41200000000003 12 3300.0 -675.0 116 -73 151.601 125.49199999999999 67
3240.0 400.784 14 3660.0 -420.0 80 -66 167.846 143.71999999999997 42
4660.0 376.26000000000005 16 5190.0 -570.0 117 -83 144.288 170.622 57
2720.0 426.86899999999986 18 3540.0 -940.0 127 -68 158.28099999999995 159.70299999999995 75
4270.0 443.6360000000001 17 4770.0 -500.0 93 -79 162.50399999999996 192.651 50
5435.0 592.422 17 5970.0 -535.0 108 -98 223.44299999999998 229.0519999999999 52
3120.0 387.973 14 3690.0 -670.0 110 -66 150.76599999999996 161.206 67
2570.0 497.96999999999986 17 3750.0 -1220.0 122 -78 185.846 159.03499999999997 122
4820.0 553.718 17 5310.0 -490.0 101 -99 226.30899999999997 230.44299999999998 49
5050.0 644.5780000000001 22 5850.0 -800.0 129 -95 260.39200000000005 251.83399999999995 80
3180.0 424.21400000000006 18 3690.0 -630.0 126 -73 184.66799999999998 156.86499999999995 63
2300.0 499.05499999999984 17 3570.0 -1405.0 169 -88 174.41199999999998 154.964 128
5540.0 672.2789999999999 19 6240.0 -700.0 156 -118 235.709 270.04799999999994 65
3910.0 481.2209999999999 16 4440.0 -530.0 99 -96 172.00300000000004 178.66099999999997 53
4425.0 614.8429999999997 19 4920.0 -495.0 100 -102 247.21 204.57099999999997 49
3110.0 1901.7769999999991 20 4410.0 -1300.0 172 -94 253.33999999999992 178.74199999999993 123
5710.0 379.0220000000001 11 6660.0 -990.0 177 -106 136.093 139.356 99
2555.0 387.0170000000001 14 3600.0 -1090.0 147 -59 139.437 153.542 106
3390.0 487.1589999999999 20 3960.0 -570.0 94 -75 210.641 175.85399999999998 38
4020.0 554.837 16 5010.0 -1170.0 142 -96 181.67399999999995 208.898 117
4340.0 539.888 21 4830.0 -490.0 101 -69 272.1659999999999 221.22799999999995 49
3570.0 586.813 18 4170.0 -600.0 117 -90 214.31199999999998 192.88000000000002 60
3270.0 504.97499999999997 16 3900.0 -630.0 129 -85 198.92899999999997 190.97 63
4400.0 631.282 21 5130.0 -730.0 130 -111 216.98699999999997 223.72399999999993 73
4360.0 547.5219999999999 22 5100.0 -740.0 111 -100 230.81400000000002 216.46500000000003 54
3330.0 487.7039999999999 20 3900.0 -730.0 130 -71 239.65499999999997 176.023 73
2755.0 466.69699999999995 14 3600.0 -845.0 147 -62 182.158 151.84900000000002 74
4200.0 483.83100000000013 17 4740.0 -600.0 112 -90 152.302 183.60699999999994 60
4330.0 528.4149999999997 21 4770.0 -440.0 91 -78 231.78099999999995 209.98600000000002 44
3220.0 420.2899999999999 15 3900.0 -680.0 110 -84 142.32899999999995 153.41199999999995 49
4160.0 475.76199999999994 16 4590.0 -510.0 105 -88 160.8 185.13600000000002 51
3840.0 512.854 16 4440.0 -600.0 100 -89 175.59799999999998 207.38700000000006 41
3915.0 455.83900000000006 12 4440.0 -525.0 92 -91 165.27799999999996 175.52399999999994 45
3990.0 562.141 18 4500.0 -510.0 98 -97 226.348 189.04499999999993 51
4120.0 558.5079999999999 17 4590.0 -470.0 97 -106 192.45799999999997 209.12899999999996 47
3080.0 631.4020000000002 15 3810.0 -730.0 117 -82 208.773 166.42899999999995 81
4190.0 534.9370000000001 17 4830.0 -760.0 132 -80 184.276 190.599 76
3440.0 402.41900000000004 16 3960.0 -590.0 104 -79 140.60399999999998 168.64000000000004 59
3100.0 490.85999999999996 14 3540.0 -440.0 91 -76 201.296 155.99399999999997 44
3180.0 511.4379999999998 18 3900.0 -870.0 140 -85 196.92399999999995 168.64600000000002 67
4760.0 548.3699999999999 20 5220.0 -460.0 95 -92 224.38599999999997 236.68899999999996 46
3830.0 525.59 15 4290.0 -550.0 113 -69 236.48699999999997 196.40899999999993 55
3370.0 432.468 18 3840.0 -470.0 97 -81 159.695 169.84000000000003 47
2640.0 357.6059999999998 16 3210.0 -570.0 104 -72 141.25199999999995 128.849 57
2740.0 411.007 16 3240.0 -500.0 103 -75 159.93599999999995 135.823 50
3840.0 397.7629999999999 18 4290.0 -450.0 92 -69 156.13 174.57299999999998 45
5120.0 577.098 21 5610.0 -490.0 100 -98 230.12299999999993 233.44499999999994 49
6390.0 666.0110000000001 16 6990.0 -600.0 115 -112 266.86699999999996 282.64000000000004 60
3540.0 502.50899999999996 17 4050.0 -600.0 123 -82 189.57200000000003 181.28400000000002 60
4130.0 493.63699999999983 21 4710.0 -700.0 117 -80 188.07899999999998 198.10599999999997 70
2050.0 1097.1269999999997 16 3240.0 -1190.0 141 -65 160.029 146.023 119
3505.0 522.8429999999998 18 4020.0 -575.0 116 -84 223.40300000000002 178.20099999999996 57
2920.0 441.5019999999999 16 3390.0 -470.0 97 -67 204.54299999999998 155.71499999999997 47
3550.0 484.30600000000015 18 4350.0 -810.0 153 -88 157.633 177.30999999999997 81
3850.0 425.943 19 4410.0 -600.0 121 -82 175.58900000000003 168.852 60
4500.0 656.9670000000002 16 5010.0 -510.0 100 -93 256.643 225.19299999999998 51
2510.0 378.15299999999985 16 2940.0 -490.0 101 -70 140.993 128.25799999999995 49
3280.0 411.363 17 3930.0 -660.0 136 -72 151.087 155.136 66
2370.0 363.3639999999999 19 2940.0 -620.0 107 -63 141.91200000000003 128.63899999999998 62
3515.0 480.3879999999999 16 4170.0 -755.0 127 -84 156.68199999999996 195.69299999999998 73
3450.0 461.015 18 3960.0 -510.0 105 -72 197.06599999999992 180.91499999999994 51
4180.0 529.5609999999998 16 4830.0 -730.0 144 -92 199.90099999999995 197.46499999999997 73
4350.0 479.9689999999999 16 4830.0 -795.0 145 -78 187.99499999999998 201.72100000000003 69
3620.0 391.989 14 4080.0 -460.0 90 -64 179.17299999999997 168.24099999999993 46
3500.0 533.9319999999999 15 4200.0 -710.0 132 -83 200.29399999999993 184.11499999999995 71
4790.0 552.2330000000001 18 5250.0 -460.0 95 -96 225.78299999999996 236.43299999999996 46
3660.0 446.95599999999996 18 4230.0 -570.0 115 -82 189.24299999999997 170.49099999999999 59
3545.0 425.442 17 4110.0 -565.0 94 -70 193.60499999999996 175.70099999999994 38
2560.0 426.89200000000005 15 3720.0 -1200.0 108 -63 176.12699999999998 153.36399999999998 120
3060.0 430.0539999999999 14 3600.0 -540.0 101 -73 163.161 165.10999999999996 46
2810.0 386.20599999999996 12 3300.0 -490.0 101 -76 109.61399999999999 146.10799999999995 49
2680.0 473.92199999999997 15 3330.0 -650.0 111 -86 169.74099999999999 138.348 65
4070.0 501.8679999999998 22 4530.0 -580.0 120 -83 195.52799999999996 205.08400000000003 58
4630.0 520.5889999999999 16 5070.0 -530.0 98 -91 214.99299999999997 211.9969999999999 53
4750.0 513.381 20 5430.0 -680.0 122 -101 205.72700000000003 202.73299999999992 68
4720.0 558.346 20 5250.0 -530.0 106 -102 218.003 207.20799999999997 51
3760.0 438.4970000000001 18 4530.0 -790.0 132 -75 155.03999999999996 203.79099999999997 61
3840.0 544.0059999999996 20 4440.0 -740.0 117 -87 256.7749999999999 198.26700000000002 74
4270.0 1363.2839999999997 17 5640.0 -1470.0 158 -112 276.9609999999999 249.49300000000005 147
4540.0 610.2760000000002 22 5250.0 -760.0 128 -94 239.80099999999996 235.021 76
3955.0 430.4120000000001 17 4470.0 -725.0 147 -90 151.63899999999998 165.46900000000002 71
6320.0 705.5539999999999 20 6900.0 -580.0 111 -112 264.22799999999995 293.763 57
3660.0 436.7320000000001 14 4110.0 -450.0 93 -79 163.96699999999998 167.212 45
2885.0 441.7889999999999 11 3420.0 -535.0 93 -73 153.66 149.67599999999996 51
3165.0 461.21700000000004 20 3810.0 -695.0 114 -76 216.16299999999995 160.28499999999997 69
4160.0 461.70599999999996 17 4710.0 -550.0 113 -79 185.552 205.23599999999996 55
3435.0 427.7599999999999 22 3990.0 -695.0 104 -71 180.12199999999999 177.74599999999992 51
3690.0 533.1280000000002 18 4440.0 -750.0 133 -88 176.34999999999997 203.916 75
4270.0 511.2379999999999 16 4770.0 -500.0 103 -82 215.20599999999993 204.49899999999997 50
3355.0 444.0760000000001 13 3960.0 -605.0 104 -77 157.41899999999995 173.95 60
3310.0 501.8370000000001 16 3930.0 -630.0 130 -74 181.581 182.76000000000002 63
2770.0 474.83699999999993 16 3540.0 -770.0 120 -82 157.68 168.75499999999994 77
3540.0 471.552 15 4050.0 -510.0 98 -66 188.383 180.309 51
4020.0 1161.347 17 4920.0 -900.0 116 -85 224.03800000000004 205.045 71
2245.0 371.7479999999999 16 3030.0 -865.0 121 -72 137.692 128.108 68
2810.0 395.78399999999993 17 3360.0 -550.0 99 -65 168.06699999999995 147.95799999999997 55
3390.0 474.1959999999999 14 3960.0 -650.0 126 -79 176.66199999999998 162.18899999999996 65
4220.0 522.631 13 4800.0 -640.0 118 -97 179.09299999999996 199.69699999999997 64
3450.0 406.832 12 3900.0 -450.0 93 -80 120.107 159.46300000000002 45
4930.0 581.108 14 5550.0 -620.0 104 -101 170.216 239.58299999999994 43
5130.0 588.8809999999997 18 5580.0 -450.0 93 -89 271.57700000000006 241.31599999999995 45
4105.0 530.759 21 4650.0 -545.0 104 -90 233.41999999999996 210.48099999999988 52
3405.0 387.25700000000006 11 3840.0 -435.0 89 -76 143.278 151.40299999999996 43
3360.0 398.12499999999994 17 3840.0 -480.0 86 -74 130.21 144.316 48
3540.0 435.39499999999987 16 4230.0 -710.0 123 -76 160.41299999999998 169.35399999999996 52
2560.0 449.304 17 3510.0 -950.0 151 -74 165.857 152.88299999999998 90
3410.0 462.71399999999994 22 4170.0 -840.0 124 -70 188.313 187.78599999999997 84
2560.0 360.82200000000006 13 3030.0 -620.0 128 -73 116.75399999999999 134.91499999999996 62
2440.0 1732.8419999999985 14 3810.0 -1370.0 111 -76 209.27599999999995 160.556 137
4330.0 494.8049999999999 18 4950.0 -620.0 123 -94 184.07499999999996 214.29299999999998 59
3180.0 434.14699999999993 15 3630.0 -690.0 115 -65 185.913 155.40399999999997 69
4010.0 404.91999999999996 19 4440.0 -430.0 89 -72 176.99999999999997 174.11599999999996 43
1000.0 278.16600000000005 12 1980.0 -980.0 89 -48 97.419 84.91099999999999 98
2760.0 522.6720000000001 16 3750.0 -990.0 104 -102 153.64099999999996 163.67399999999998 99
5910.0 668.1419999999998 15 6510.0 -600.0 124 -123 205.259 273.74199999999996 60
3470.0 520.331 19 4620.0 -1150.0 166 -84 195.474 199.79499999999996 96
3750.0 501.63199999999995 18 4290.0 -540.0 111 -86 187.45 179.02399999999994 54
2620.0 412.61499999999995 15 3180.0 -560.0 102 -74 185.481 137.277 56
3890.0 409.107 17 4350.0 -460.0 94 -70 165.956 181.67199999999997 45
2640.0 452.90899999999993 16 3810.0 -1250.0 118 -68 168.558 164.53399999999993 125
3380.0 502.99499999999995 14 4110.0 -730.0 126 -88 190.02899999999994 171.91400000000002 73
3780.0 514.331 18 4470.0 -690.0 114 -73 223.41099999999997 204.74799999999993 69
3160.0 429.6889999999999 14 3780.0 -660.0 111 -63 166.16300000000004 173.64599999999996 66
2810.0 439.9329999999999 14 3540.0 -760.0 120 -66 150.82199999999995 155.06899999999996 76
4760.0 640.8530000000002 19 5400.0 -880.0 147 -100 247.372 268.7149999999999 88
3330.0 483.95200000000006 16 3900.0 -690.0 117 -74 221.481 162.94899999999996 69
3590.0 520.526 19 4110.0 -520.0 104 -87 247.011 173.63400000000001 52
2720.0 370.86300000000006 13 3450.0 -760.0 121 -63 128.26199999999997 145.787 76
3260.0 487.51199999999994 14 3720.0 -460.0 95 -85 178.21699999999998 161.459 46
3520.0 544.388 18 4110.0 -590.0 104 -92 195.45700000000005 187.087 59
3090.0 366.169 14 3510.0 -420.0 87 -58 157.25299999999993 164.14 42
4020.0 466.37499999999994 18 4470.0 -450.0 92 -75 211.42299999999994 185.706 45
2770.0 396.03399999999993 16 3420.0 -680.0 140 -70 156.75099999999995 150.60999999999996 68
4510.0 522.491 18 4980.0 -470.0 97 -85 217.83600000000004 211.6719999999999 47
3945.0 455.6299999999999 18 4530.0 -585.0 98 -79 196.566 187.99599999999995 40
3575.0 444.9699999999999 19 4440.0 -865.0 118 -74 190.45099999999996 195.40900000000002 68
2740.0 346.2060000000002 15 3180.0 -440.0 91 -66 137.678 133.21099999999998 44
2010.0 694.8340000000005 12 3060.0 -1050.0 153 -76 143.404 124.47099999999998 139
3790.0 481.11300000000017 19 4230.0 -600.0 105 -84 208.32800000000003 184.99600000000004 60
4510.0 605.95 19 5040.0 -530.0 108 -100 242.31599999999995 226.87500000000003 53
4160.0 606.301 21 4710.0 -690.0 124 -92 274.47099999999995 206.04999999999995 69
4080.0 453.3649999999999 19 4620.0 -540.0 111 -91 136.32799999999997 192.305 54
3480.0 458.276 16 4230.0 -750.0 154 -69 159.96699999999996 192.64300000000003 75
2580.0 307.882 13 2940.0 -360.0 75 -63 117.25099999999998 119.26799999999997 36
3595.0 452.23799999999994 16 4200.0 -755.0 129 -75 163.15099999999998 175.05999999999997 57
3120.0 577.16 17 4260.0 -1140.0 168 -85 188.33699999999996 148.56599999999997 97
5250.0 616.2719999999996 21 5730.0 -480.0 99 -98 265.737 254.98500000000004 48
2980.0 444.99100000000004 16 3690.0 -725.0 134 -77 154.885 158.26 65
2715.0 409.7819999999999 15 3240.0 -525.0 96 -65 175.762 142.081 43
2990.0 449.9769999999999 16 3660.0 -680.0 132 -77 160.57799999999997 161.65299999999993 61
4040.0 461.50200000000007 18 4620.0 -600.0 120 -78 188.37599999999998 200.79199999999994 60
3390.0 369.8770000000001 14 3930.0 -560.0 116 -76 119.749 159.337 56
3870.0 452.0599999999999 14 4320.0 -450.0 92 -90 162.551 174.50299999999993 45
2920.0 1533.342000000001 12 4050.0 -1190.0 134 -75 159.80499999999995 183.83299999999997 101
3740.0 460.1120000000001 19 4200.0 -460.0 95 -71 198.063 181.0669999999999 46
4710.0 537.5029999999999 21 5160.0 -450.0 93 -82 231.047 221.065 45
4200.0 497.8429999999999 15 4650.0 -450.0 93 -73 215.80999999999995 197.04099999999994 45
3825.0 543.4739999999999 18 4350.0 -525.0 107 -87 247.75 187.52300000000002 52
4200.0 667.3280000000002 20 4980.0 -780.0 101 -90 282.46 220.59900000000002 78
4310.0 516.031 16 4770.0 -550.0 102 -92 213.279 191.558 55
2210.0 465.00399999999996 14 3600.0 -1390.0 142 -67 181.351 162.16399999999996 139
2990.0 553.486 17 3990.0 -1030.0 156 -100 166.25099999999995 185.44599999999994 101
5170.0 606.841 21 5850.0 -680.0 120 -112 252.94199999999998 228.075 68
4470.0 555.4450000000002 19 5190.0 -720.0 121 -95 216.984 240.21699999999996 72
4350.0 560.1279999999998 20 5310.0 -960.0 136 -96 235.765 226.61899999999994 78
5385.0 594.6489999999998 14 6060.0 -675.0 116 -101 212.0809999999999 262.96899999999994 49
3110.0 409.278 15 3570.0 -460.0 95 -71 152.19599999999997 141.68 46
3690.0 534.9049999999999 16 4500.0 -930.0 140 -81 234.86400000000003 199.615 93
3465.0 473.783 16 4170.0 -720.0 129 -84 197.478 179.937 56
3910.0 439.8160000000001 15 4710.0 -800.0 127 -76 164.567 190.327 80
4410.0 460.31100000000004 19 4800.0 -390.0 81 -65 210.17999999999998 208.92399999999998 39
2770.0 424.71699999999987 14 3390.0 -640.0 114 -80 160.1009999999999 142.58999999999997 64
2600.0 865.4909999999996 13 3780.0 -1180.0 122 -88 162.85599999999997 163.67799999999994 173
3560.0 487.9669999999998 20 4230.0 -730.0 121 -86 214.926 178.90600000000003 68
5760.0 588.495 19 6240.0 -480.0 99 -104 219.19599999999994 255.96099999999998 48
3260.0 429.9829999999997 13 3930.0 -670.0 89 -67 128.91299999999998 161.44 67
4510.0 496.7959999999999 18 4950.0 -440.0 91 -80 218.30999999999995 204.351 44
3070.0 473.23299999999983 19 3720.0 -650.0 114 -79 193.57799999999997 171.518 65
5080.0 518.9289999999999 18 5520.0 -440.0 91 -90 230.43799999999996 218.673 44
3410.0 448.71199999999993 21 3870.0 -460.0 94 -77 183.672 163.646 46
3200.0 438.83699999999993 16 3660.0 -560.0 115 -70 167.711 152.64899999999997 56
4040.0 551.785 20 4530.0 -490.0 92 -81 238.13299999999995 195.682 49
4040.0 493.6429999999999 21 4650.0 -630.0 129 -89 203.52399999999997 197.65299999999996 63
5540.0 559.1919999999999 21 6120.0 -600.0 123 -96 225.352 226.71599999999998 60
3270.0 414.38899999999995 21 3720.0 -510.0 105 -68 179.79399999999995 159.302 51
3360.0 464.94899999999996 15 3840.0 -480.0 99 -98 133.108 180.695 48
2930.0 440.935 17 3630.0 -700.0 112 -74 185.83500000000004 148.547 70
4390.0 535.673 21 4920.0 -530.0 108 -88 194.107 196.05999999999995 53
3640.0 389.60100000000006 16 4140.0 -640.0 127 -71 133.069 184.469 64
2595.0 395.58099999999985 16 3150.0 -635.0 124 -72 157.80799999999996 122.47 63
2930.0 470.3100000000002 16 3720.0 -820.0 151 -83 167.07999999999996 157.62199999999999 82
4330.0 561.7950000000001 20 5130.0 -800.0 115 -86 195.21699999999998 199.87300000000002 61
4640.0 535.937 15 5190.0 -550.0 103 -101 205.43599999999995 208.37099999999995 55
2130.0 299.9819999999999 13 2550.0 -420.0 87 -53 117.93199999999997 105.52099999999997 42
3530.0 486.49800000000005 19 4020.0 -490.0 100 -75 204.355 183.666 49
2430.0 507.0400000000001 14 3330.0 -900.0 114 -74 198.34500000000003 151.30799999999996 90
4420.0 574.8220000000001 16 5100.0 -720.0 148 -107 208.93699999999995 209.18699999999998 72
4940.0 662.4509999999998 19 5910.0 -1000.0 152 -95 248.23699999999997 266.61500000000007 92
3450.0 461.708 17 4020.0 -570.0 104 -70 171.53799999999998 190.40799999999993 57
3380.0 388.27599999999995 17 3870.0 -490.0 101 -73 138.48399999999998 152.317 49
4990.0 499.2149999999998 21 5460.0 -470.0 97 -91 200.54999999999995 207.55999999999995 47
2890.0 463.9219999999999 17 3660.0 -770.0 156 -75 177.79699999999997 161.99899999999994 77
3185.0 533.909 17 4200.0 -1055.0 117 -82 220.48599999999993 184.95299999999997 105
3995.0 468.92499999999984 18 4620.0 -625.0 106 -72 202.54099999999994 208.23200000000003 44
4200.0 396.38599999999997 19 4680.0 -480.0 98 -82 149.20399999999995 164.07799999999995 48
3950.0 496.9559999999999 16 4560.0 -630.0 129 -85 174.49399999999997 205.821 63
3920.0 503.0849999999998 22 4590.0 -670.0 102 -87 195.77199999999993 198.081 48
4420.0 510.95300000000003 18 4890.0 -490.0 100 -67 231.61499999999998 231.157 49
4310.0 539.742 20 4980.0 -820.0 137 -91 213.687 209.78099999999998 62
2660.0 420.24299999999994 14 3150.0 -490.0 101 -75 172.03799999999998 146.36599999999999 49
2710.0 459.589 14 3210.0 -620.0 113 -78 152.387 166.48400000000004 62
4310.0 524.4140000000001 19 4980.0 -670.0 110 -81 224.96299999999997 202.936 67
4020.0 542.5900000000003 18 4710.0 -730.0 126 -86 238.87099999999995 177.19899999999998 73
5230.0 547.757 21 5820.0 -680.0 108 -100 214.49200000000005 246.0399999999999 50
2700.0 335.12600000000015 12 3150.0 -630.0 108 -58 130.21699999999998 133.755 63
2580.0 1552.9119999999991 16 3840.0 -1260.0 155 -75 152.70499999999996 180.272 126
3575.0 442.1149999999999 15 4050.0 -475.0 97 -67 182.62699999999998 165.53299999999996 47
2900.0 365.115 14 3360.0 -580.0 98 -61 133.25399999999996 151.399 58
5080.0 536.4019999999999 20 5550.0 -470.0 97 -95 215.3039999999999 217.01199999999997 47
3540.0 439.00500000000005 18 3990.0 -450.0 93 -83 152.308 165.57299999999998 45
3790.0 526.3290000000001 17 4530.0 -750.0 146 -80 209.29299999999995 213.53499999999988 75
3420.0 514.4989999999999 14 4080.0 -660.0 123 -91 142.68099999999998 195.20499999999996 66
5110.0 657.7669999999999 19 5760.0 -650.0 117 -115 249.61399999999992 260.0499999999999 65
4275.0 491.6619999999999 21 4830.0 -555.0 92 -89 198.98699999999997 210.81 37
3550.0 362.63100000000003 12 4020.0 -470.0 97 -64 136.25099999999998 128.45900000000003 47
4030.0 505.9389999999998 17 4560.0 -570.0 118 -78 212.97899999999998 198.30299999999994 57
3700.0 586.2629999999997 16 4680.0 -980.0 102 -102 223.34699999999995 198.06600000000003 98
2300.0 333.1619999999999 14 2760.0 -460.0 95 -56 150.559 122.69699999999997 46
3750.0 522.2720000000002 17 4440.0 -690.0 125 -95 185.732 188.465 69
5250.0 644.4350000000001 20 5970.0 -720.0 121 -112 199.54700000000003 252.4219999999999 72
4780.0 577.3559999999998 19 5280.0 -500.0 103 -80 246.30700000000002 221.37299999999993 50
3055.0 552.1850000000002 19 3930.0 -885.0 144 -81 193.73299999999998 174.87699999999998 88
4410.0 507.6370000000001 18 4890.0 -480.0 99 -96 190.25799999999995 192.142 48
3020.0 362.99199999999996 18 3420.0 -400.0 83 -55 157.57699999999997 159.92899999999997 40
3470.0 569.241 17 4020.0 -550.0 112 -100 184.90299999999996 187.222 55
2615.0 338.78499999999997 15 3300.0 -685.0 116 -67 127.13299999999997 143.227 57
3450.0 395.323 18 3900.0 -450.0 93 -70 151.404 171.071 45
4270.0 557.1450000000001 20 4710.0 -440.0 91 -96 233.256 208.83099999999993 44
3905.0 521.4219999999999 19 4530.0 -625.0 107 -88 212.75500000000002 200.43099999999998 53
3695.0 458.298 19 4230.0 -685.0 138 -89 178.39299999999994 160.82599999999996 67
3380.0 589.9529999999999 16 4260.0 -900.0 149 -88 182.35399999999998 197.95400000000004 101
3505.0 423.33499999999987 14 4170.0 -665.0 92 -71 169.87899999999996 168.90099999999995 90
6045.0 661.3539999999999 22 6780.0 -735.0 133 -101 273.131 273.07399999999996 93
3860.0 500.5730000000001 17 4950.0 -1120.0 153 -94 193.35800000000003 201.7969999999999 103
3110.0 393.14500000000004 17 3600.0 -490.0 101 -64 164.689 153.774 49
3970.0 479.342 20 4650.0 -700.0 133 -85 201.51000000000002 188.08599999999993 70
4230.0 462.58 14 4950.0 -730.0 147 -93 167.90399999999994 184.90199999999996 73
2695.0 420.2519999999999 16 3420.0 -725.0 114 -69 168.237 144.474 63
2370.0 388.10799999999995 19 3660.0 -1310.0 125 -59 181.587 165.21800000000002 131
4700.0 574.1539999999999 19 5190.0 -490.0 101 -99 221.63799999999992 213.23499999999993 49
4020.0 556.212 18 4620.0 -600.0 112 -101 206.409 184.47099999999995 60
5630.0 634.283 20 6180.0 -550.0 113 -111 237.89799999999997 240.93699999999998 55
4760.0 645.044 22 5640.0 -930.0 136 -98 256.52 273.05499999999995 93
4060.0 475.4710000000002 17 4620.0 -560.0 115 -85 167.29 202.49499999999992 56
3370.0 488.0689999999999 19 3840.0 -470.0 97 -68 238.05000000000004 177.804 47
2880.0 458.4160000000001 15 3840.0 -960.0 97 -66 188.751 159.96399999999994 96
3915.0 453.447 16 4590.0 -675.0 117 -84 184.094 178.74699999999996 49
3530.0 491.72400000000016 14 4140.0 -610.0 109 -87 158.182 186.04799999999994 61
4610.0 590.841 18 5310.0 -700.0 129 -113 216.19599999999997 207.82800000000003 70
3360.0 1057.7529999999997 16 4290.0 -1080.0 133 -77 268.568 194.84699999999998 108
4545.0 529.235 20 5130.0 -585.0 98 -98 206.77999999999997 223.96599999999998 40
5550.0 635.0629999999999 25 6150.0 -600.0 123 -100 264.5339999999999 258.664 60
3310.0 513.1279999999999 17 3810.0 -620.0 125 -76 215.47399999999996 163.757 62
2720.0 495.0480000000001 12 3780.0 -1160.0 110 -66 150.98899999999998 154.31899999999996 116
2825.0 1361.096999999999 18 4170.0 -1445.0 159 -70 230.43599999999995 185.30999999999997 126
2950.0 398.904 17 3360.0 -410.0 85 -84 159.78899999999996 136.79899999999998 41
4590.0 598.22 22 5160.0 -570.0 108 -91 264.107 211.48599999999996 57
4090.0 454.668 14 4770.0 -780.0 125 -74 183.796 186.36099999999996 78
4280.0 496.95099999999974 14 4770.0 -490.0 100 -94 204.71999999999994 167.20799999999997 49
4390.0 514.212 16 4890.0 -500.0 98 -80 222.29199999999994 205.34399999999997 50
3180.0 405.94499999999994 16 3630.0 -450.0 92 -75 136.40200000000002 167.03499999999997 45
4125.0 513.691 19 4620.0 -495.0 100 -94 201.75599999999997 206.0719999999999 48
3260.0 1669.8550000000007 14 4590.0 -1430.0 172 -85 175.88 210.058 143
4200.0 504.46099999999973 17 4710.0 -550.0 113 -73 222.99499999999998 199.98499999999996 55
4890.0 619.3359999999999 17 5550.0 -660.0 127 -104 250.7719999999999 241.36199999999997 66
2960.0 509.9299999999999 15 3930.0 -970.0 95 -85 180.68099999999998 147.55 97
4710.0 609.6890000000001 19 5370.0 -720.0 115 -91 253.839 230.375 53
4550.0 557.3689999999998 20 5130.0 -760.0 135 -88 225.23899999999995 222.61099999999996 76
2760.0 400.6349999999999 14 3210.0 -450.0 92 -56 152.371 144.54500000000002 45
4000.0 486.10299999999995 14 4440.0 -440.0 90 -83 207.18799999999996 200.70099999999996 44
3050.0 797.6160000000001 17 4200.0 -1150.0 104 -82 190.16199999999995 177.28399999999996 115
5210.0 515.4409999999999 22 5670.0 -460.0 92 -77 236.4579999999999 239.15399999999997 46
3460.0 478.31499999999994 16 4320.0 -860.0 126 -91 167.32199999999997 177.00699999999995 86
2995.0 530.5970000000001 22 3990.0 -995.0 161 -79 224.945 172.46599999999998 92
3990.0 474.80799999999994 15 4530.0 -540.0 99 -71 215.57399999999998 194.3509999999999 54
5000.0 581.084 20 5640.0 -640.0 102 -103 232.50899999999996 222.59199999999998 46
3065.0 470.76800000000003 19 3630.0 -705.0 133 -75 201.323 163.59399999999994 69
3250.0 485.18499999999983 18 3720.0 -470.0 97 -94 195.20499999999998 163.64600000000002 47
5080.0 599.6669999999998 19 5610.0 -530.0 107 -109 205.70799999999994 242.09799999999996 51
4560.0 562.6149999999999 20 5040.0 -570.0 101 -96 237.999 211.36099999999993 57
3090.0 390.6619999999999 14 3600.0 -510.0 96 -62 169.233 146.898 51
3525.0 515.8539999999998 19 4050.0 -525.0 101 -75 224.81199999999993 172.30400000000003 58
4250.0 446.74399999999974 20 4740.0 -490.0 94 -85 155.679 192.22799999999998 49
3400.0 416.418 15 3840.0 -440.0 91 -59 182.52499999999995 168.40799999999996 44
1820.0 292.06200000000007 14 2340.0 -530.0 102 -52 95.93900000000002 108.18500000000002 55
4810.0 578.1470000000002 18 5370.0 -560.0 115 -90 227.79499999999987 241.54999999999998 56
4300.0 465.70899999999983 20 4890.0 -590.0 113 -92 163.18999999999997 188.93299999999996 59
2535.0 378.46099999999996 16 3060.0 -525.0 97 -70 166.417 130.09300000000002 43
3005.0 442.8829999999999 17 3810.0 -805.0 115 -73 185.01899999999998 174.62799999999993 62
2810.0 514.3659999999999 16 4020.0 -1330.0 134 -74 202.54599999999996 182.35599999999994 133
4380.0 455.60999999999996 19 5070.0 -690.0 111 -83 166.75699999999998 214.744 69
4570.0 641.905 19 5040.0 -470.0 97 -87 289.179 240.3 47
4640.0 517.4689999999999 19 5580.0 -1040.0 94 -87 217.37299999999996 228.89199999999997 104
4510.0 507.0699999999999 19 5130.0 -620.0 111 -79 242.618 194.098 62
3485.0 412.66799999999995 18 4080.0 -595.0 94 -67 182.66099999999997 167.80399999999997 41
3025.0 370.00900000000007 10 3570.0 -545.0 103 -78 140.665 125.83699999999999 54
6070.0 552.365 22 6630.0 -560.0 104 -104 216.61599999999996 245.23499999999999 46
4820.0 529.0449999999998 19 5370.0 -630.0 110 -97 188.48099999999997 226.76099999999994 63
3350.0 432.9839999999999 16 4110.0 -860.0 120 -74 179.29199999999997 177.613 68
4000.0 525.7539999999999 22 4530.0 -710.0 120 -75 211.78799999999998 201.25799999999995 71
3970.0 504.9180000000001 13 4560.0 -800.0 124 -94 176.78099999999998 199.10499999999996 80
3620.0 449.86099999999993 17 4080.0 -460.0 95 -78 174.86999999999998 170.98399999999998 46
4430.0 697.5360000000002 16 5100.0 -670.0 111 -106 214.35000000000002 204.86899999999994 67
2630.0 340.86199999999997 13 3240.0 -610.0 104 -60 138.20599999999996 136.74199999999996 43
3010.0 509.9660000000002 19 3540.0 -530.0 106 -86 220.24599999999998 164.49900000000005 53
2640.0 427.458 14 3240.0 -600.0 102 -58 156.096 141.124 60
4500.0 548.9749999999998 16 4950.0 -450.0 93 -91 190.93599999999998 184.01099999999994 45
3340.0 451.0549999999999 19 3960.0 -620.0 113 -75 193.56299999999996 180.39999999999998 57
2970.0 388.1949999999999 16 3510.0 -540.0 94 -67 157.64899999999997 149.201 54
4300.0 568.3059999999998 19 4830.0 -830.0 171 -96 208.78400000000002 225.542 83
3000.0 444.1319999999999 17 3660.0 -780.0 112 -58 173.621 137.12499999999997 59
3110.0 441.91099999999983 18 3690.0 -580.0 97 -73 168.51099999999997 156.38100000000003 39
3400.0 480.337 19 3930.0 -530.0 103 -86 188.91099999999997 180.71499999999997 53
3370.0 395.3879999999999 15 3810.0 -440.0 91 -69 167.51899999999995 148.83699999999996 44
4390.0 460.7669999999998 21 4860.0 -470.0 95 -84 204.72099999999998 195.32600000000002 46
2590.0 1023.1929999999992 15 3840.0 -1250.0 145 -67 109.56199999999998 152.7779999999999 125
3360.0 448.745 18 3870.0 -510.0 105 -84 183.245 162.63799999999995 51
1710.0 237.91400000000002 13 2160.0 -610.0 125 -46 102.302 84.80799999999999 61
2660.0 1574.8790000000001 14 4110.0 -1450.0 173 -94 171.01999999999998 154.59299999999996 145
4090.0 544.744 18 4620.0 -530.0 97 -85 218.983 225.05399999999995 47
3405.0 507.267 17 3960.0 -555.0 100 -78 201.91200000000003 181.641 61
3410.0 444.5050000000001 18 4050.0 -640.0 112 -88 165.56799999999993 142.53799999999998 64
4620.0 578.9399999999997 15 5160.0 -700.0 144 -109 193.45499999999998 222.86 70
3490.0 441.489 18 3930.0 -440.0 91 -73 182.22599999999994 181.27999999999997 44
4040.0 660.5690000000001 17 4860.0 -880.0 133 -97 222.25699999999995 233.20299999999995 88
5235.0 617.4799999999998 19 5760.0 -525.0 101 -98 242.63099999999997 259.0229999999999 57
4170.0 508.5970000000001 17 4770.0 -630.0 114 -87 209.854 200.88899999999992 50
4300.0 597.4570000000002 19 4860.0 -710.0 139 -90 236.68399999999994 204.37399999999997 71
4840.0 475.11299999999983 21 5460.0 -620.0 109 -85 184.89999999999998 196.94199999999995 62
4420.0 627.5419999999997 14 5460.0 -1060.0 197 -111 179.51799999999997 211.685 113
2830.0 435.999 14 3270.0 -440.0 91 -77 168.499 149.691 44
1990.0 454.0059999999999 15 2940.0 -950.0 98 -71 161.81099999999998 128.494 95
5100.0 501.8039999999999 22 5610.0 -510.0 95 -97 196.31700000000004 211.89399999999995 42
3750.0 456.13399999999996 22 4170.0 -570.0 118 -62 236.87699999999992 179.50199999999998 57
2850.0 499.73200000000014 13 3900.0 -1200.0 141 -85 169.022 188.1879999999999 120
3230.0 480.44299999999987 16 3870.0 -640.0 105 -73 143.2349999999999 174.30499999999998 55
4040.0 508.07199999999995 17 4560.0 -520.0 98 -85 212.42700000000002 187.38099999999997 52
5595.0 532.313 21 6150.0 -645.0 100 -90 219.30399999999997 249.17899999999992 46
3110.0 490.39599999999984 17 3690.0 -580.0 106 -75 171.14299999999997 149.73400000000004 58
3090.0 486.3380000000001 16 3510.0 -420.0 87 -77 227.939 169.96799999999996 42
3950.0 504.39599999999996 17 4770.0 -820.0 125 -77 213.797 193.10699999999997 82
2740.0 430.6820000000002 14 3210.0 -610.0 126 -68 165.317 145.371 61
3270.0 430.3189999999999 16 3900.0 -640.0 131 -74 159.88199999999995 161.018 64
3010.0 546.8389999999999 16 3960.0 -950.0 96 -94 214.11900000000003 174.274 95
3390.0 507.97900000000004 18 3990.0 -600.0 102 -77 191.42199999999994 178.33800000000002 60
4755.0 549.9399999999998 20 5280.0 -525.0 97 -87 252.93199999999996 220.09599999999992 43
4480.0 587.2909999999999 21 5100.0 -620.0 118 -106 201.899 228.54 62
4220.0 616.5179999999998 20 4740.0 -610.0 110 -100 240.80799999999996 211.70600000000002 61
3575.0 504.52499999999986 22 4140.0 -615.0 111 -73 229.66699999999992 179.23599999999996 61
4560.0 630.7739999999999 17 5160.0 -720.0 120 -82 240.02599999999993 217.22699999999992 72
2780.0 360.5999999999999 10 3510.0 -730.0 115 -71 118.62499999999997 117.08 73
2940.0 332.03499999999997 13 3420.0 -900.0 137 -67 102.17999999999999 143.202 90
3250.0 432.5259999999999 17 3900.0 -700.0 114 -74 175.09599999999995 175.31800000000004 70
4640.0 555.236 17 5190.0 -690.0 115 -91 212.661 230.39999999999995 60
4120.0 519.9979999999999 20 4620.0 -500.0 103 -84 219.552 207.037 50
4830.0 462.2859999999999 19 5400.0 -570.0 104 -93 184.75599999999997 200.058 57
4480.0 570.7969999999999 18 4950.0 -470.0 96 -87 236.63199999999995 228.272 47
5515.0 513.8649999999997 17 6150.0 -635.0 99 -101 215.45899999999997 222.303 45
3680.0 410.613 17 4230.0 -550.0 100 -65 174.08700000000002 184.08099999999996 55
3900.0 417.4549999999999 18 4320.0 -420.0 87 -70 180.72099999999995 188.79099999999997 42
3160.0 464.2080000000001 16 3900.0 -740.0 125 -78 191.01399999999995 181.81500000000003 74
3750.0 548.5279999999998 17 4320.0 -570.0 99 -85 213.14199999999997 195.788 57
3260.0 420.9779999999999 17 3870.0 -700.0 144 -67 172.00499999999997 153.88399999999996 70
4260.0 536.168 21 4950.0 -740.0 122 -86 230.972 213.918 74
4620.0 545.5269999999999 19 5070.0 -450.0 92 -92 219.79099999999997 225.07499999999993 45
2750.0 436.6730000000001 18 3480.0 -770.0 126 -75 176.79799999999997 158.37199999999996 77
5045.0 645.8969999999998 20 5850.0 -875.0 120 -101 260.3169999999999 222.92000000000004 69
3230.0 389.456 13 4020.0 -850.0 142 -86 104.15900000000002 150.926 85
3700.0 474.15699999999987 17 4170.0 -470.0 91 -82 196.04199999999997 187.66000000000003 47
2820.0 396.2199999999998 17 3480.0 -675.0 130 -67 163.58999999999997 132.04799999999997 61
3790.0 422.37599999999975 18 4290.0 -500.0 100 -79 162.13100000000003 158.468 50
3680.0 496.42400000000004 17 4320.0 -740.0 152 -68 196.98999999999998 196.23899999999998 74
4475.0 763.0289999999997 21 5400.0 -945.0 146 -95 298.112 239.02599999999995 76
3410.0 425.21300000000014 16 3960.0 -550.0 98 -76 187.56099999999998 149.196 55
4960.0 534.7239999999999 18 5400.0 -440.0 90 -89 220.384 247.48899999999995 44
3070.0 433.7359999999999 13 3570.0 -650.0 129 -78 156.41899999999998 151.77200000000002 65
3430.0 475.86199999999985 21 3990.0 -580.0 120 -83 190.86599999999999 187.31 58
4010.0 442.295 16 4500.0 -490.0 101 -78 156.63099999999997 169.15399999999997 49
3500.0 456.7829999999999 17 3990.0 -490.0 101 -92 150.13199999999998 160.01099999999997 49
4150.0 604.5679999999998 15 4830.0 -680.0 92 -81 229.41799999999995 228.45699999999994 68
3570.0 583.015 20 4380.0 -810.0 118 -100 218.98499999999996 197.91599999999997 81
3140.0 440.773 17 3840.0 -720.0 114 -75 175.49800000000002 170.06299999999993 54
3770.0 476.8049999999998 19 4230.0 -460.0 92 -75 204.16099999999997 191.188 46
2680.0 723.7839999999999 15 3630.0 -950.0 142 -59 215.22299999999996 174.12199999999996 95
3530.0 460.7120000000001 19 4170.0 -680.0 113 -75 175.89499999999998 188.051 50
3720.0 528.5390000000002 17 4590.0 -1120.0 154 -93 242.69999999999996 165.101 112
4160.0 566.0559999999998 16 5100.0 -940.0 137 -98 168.75499999999997 204.02799999999996 94
2900.0 427.54699999999997 18 3930.0 -1030.0 151 -72 168.843 164.41499999999996 103
5310.0 716.6939999999997 18 5970.0 -660.0 122 -111 301.88499999999993 238.13199999999995 66
3070.0 363.02299999999997 14 3510.0 -440.0 91 -69 152.578 132.63799999999998 44
3730.0 546.4619999999999 20 4440.0 -810.0 166 -81 237.7419999999999 197.538 81
3640.0 447.2469999999999 15 4290.0 -710.0 122 -88 178.74999999999997 164.5779999999999 71
4295.0 529.61 17 4860.0 -565.0 94 -85 215.317 215.64899999999997 38
3830.0 440.7300000000001 18 4380.0 -550.0 113 -77 187.80199999999996 179.161 55
3110.0 452.1109999999998 16 3780.0 -680.0 140 -71 202.992 173.89499999999995 68
4980.0 557.8560000000001 20 5550.0 -590.0 120 -90 242.16400000000002 221.56099999999995 59
1425.0 234.93099999999993 11 2130.0 -705.0 122 -39 87.171 97.37299999999999 52
4000.0 510.535 20 4440.0 -440.0 91 -82 229.52599999999998 203.41199999999995 44
3700.0 511.102 17 4170.0 -610.0 100 -72 241.78199999999995 189.513 61
5680.0 604.7139999999996 18 6360.0 -720.0 141 -103 234.23399999999995 281.1499999999999 67
3720.0 507.7380000000001 14 4620.0 -900.0 135 -93 122.79699999999998 187.37999999999997 90
2100.0 352.0089999999999 15 2550.0 -450.0 93 -56 145.87099999999998 113.39399999999999 45
3815.0 600.3009999999997 18 4440.0 -625.0 124 -100 225.75799999999992 211.05099999999996 59
3570.0 897.8159999999996 17 4500.0 -930.0 117 -73 185.90200000000002 171.852 74
2495.0 346.126 13 3030.0 -535.0 107 -69 123.04799999999999 121.49999999999997 51
4250.0 573.4879999999998 21 4890.0 -640.0 116 -96 190.07099999999994 230.13600000000002 64
3880.0 602.1159999999999 20 4560.0 -760.0 143 -99 184.57799999999997 230.063 76
2860.0 379.1009999999997 17 3570.0 -710.0 136 -57 174.20399999999998 154.58399999999997 62
5330.0 496.3089999999999 19 5820.0 -490.0 101 -101 183.64100000000005 197.84599999999995 49
5690.0 565.0060000000002 18 6300.0 -610.0 119 -102 250.60500000000008 207.846 61
2800.0 392.099 16 3390.0 -590.0 100 -67 165.37199999999999 140.45099999999996 58
2860.0 384.62899999999996 13 3480.0 -620.0 106 -68 152.27399999999997 156.42 62
3260.0 398.851 17 3720.0 -460.0 95 -66 164.83599999999996 149.69899999999996 46
3255.0 384.5359999999999 18 3810.0 -555.0 92 -75 149.87199999999999 157.32399999999996 37
2600.0 448.67199999999985 9 3750.0 -1150.0 123 -84 115.46099999999998 151.31599999999997 115
2255.0 271.9649999999999 15 2820.0 -595.0 100 -43 135.588 107.98699999999997 59
5020.0 592.3979999999999 17 5580.0 -560.0 115 -105 224.15599999999995 229.91000000000003 56
3925.0 482.68699999999995 18 4530.0 -605.0 96 -98 184.91699999999997 185.782 42
5450.0 740.5469999999999 18 6300.0 -850.0 128 -122 255.71399999999988 264.69100000000003 85
3590.0 579.1279999999999 19 4410.0 -850.0 138 -85 252.21299999999994 193.08299999999997 85
2870.0 416.12000000000006 17 3420.0 -550.0 103 -75 159.87599999999998 146.79399999999998 55
3670.0 426.055 19 4110.0 -440.0 91 -65 193.2889999999999 177.548 44
3550.0 414.0819999999997 14 4290.0 -860.0 126 -74 167.493 170.95999999999995 86
3020.0 427.379 14 3420.0 -440.0 91 -83 140.35699999999997 156.869 44
2590.0 343.896 15 3210.0 -640.0 132 -67 133.94299999999998 136.76099999999997 64
5420.0 566.45 20 5880.0 -460.0 95 -91 223.18099999999998 238.78399999999996 46
4760.0 532.2690000000001 19 5280.0 -700.0 144 -101 206.53900000000004 214.8439999999999 70
3500.0 505.666 19 4050.0 -550.0 105 -83 230.723 188.13499999999996 55
3450.0 431.273 18 3870.0 -490.0 93 -69 171.96999999999997 178.03199999999998 49
3780.0 559.3429999999998 16 4500.0 -720.0 111 -82 236.34999999999994 207.89099999999996 53
2340.0 489.14799999999997 15 3660.0 -1360.0 129 -81 155.15499999999997 180.214 136
3450.0 457.45899999999983 15 4200.0 -750.0 119 -70 178.59199999999998 179.60699999999997 75
3615.0 495.86400000000003 15 4230.0 -795.0 141 -87 191.99999999999994 173.914 61
3415.0 455.249 12 3930.0 -515.0 105 -95 135.507 159.22299999999998 51
3150.0 400.73999999999995 19 3780.0 -680.0 112 -73 165.51599999999996 154.113 68
3165.0 358.2309999999999 15 4020.0 -885.0 121 -66 137.177 158.94099999999997 70
3550.0 487.53499999999985 11 4200.0 -930.0 138 -91 108.52299999999998 193.80999999999995 93
2755.0 552.2689999999999 15 3540.0 -845.0 125 -70 248.52700000000002 176.084 75
4800.0 583.5099999999999 15 5490.0 -690.0 118 -99 213.29299999999995 234.02699999999993 68
3570.0 1105.9399999999994 21 5190.0 -1650.0 172 -118 213.497 231.74699999999996 155
2760.0 441.2969999999999 16 3600.0 -840.0 159 -74 136.987 161.086 84
3650.0 406.966 20 4110.0 -460.0 95 -75 150.96099999999998 180.319 46
3850.0 535.4889999999998 16 4800.0 -1010.0 143 -84 196.259 229.20899999999997 101
5120.0 657.3910000000001 20 5730.0 -610.0 116 -117 265.4789999999999 237.39299999999997 53
3480.0 392.48999999999995 15 3930.0 -450.0 93 -72 169.71899999999997 155.47199999999998 45
5540.0 468.62999999999994 18 6000.0 -460.0 95 -102 194.28199999999995 203.02499999999992 46
3495.0 432.1519999999999 18 4050.0 -555.0 100 -76 172.69799999999998 151.18399999999997 45
2910.0 427.13800000000003 16 3420.0 -510.0 100 -71 179.93299999999996 141.38999999999993 51
2370.0 395.8159999999999 16 2850.0 -480.0 98 -59 177.59799999999996 124.05900000000001 48
2610.0 312.79099999999994 14 3030.0 -420.0 87 -57 112.11799999999998 128.453 42
3930.0 473.458 20 4500.0 -570.0 107 -90 175.10099999999997 183.73499999999999 57
3585.0 393.253 16 4080.0 -495.0 101 -75 152.46399999999997 155.48299999999998 49
5000.0 602.6150000000002 17 5610.0 -610.0 103 -106 234.67800000000003 229.89399999999995 42
4920.0 600.4999999999998 21 5940.0 -1080.0 157 -92 234.35399999999996 273.001 108
3270.0 456.2679999999998 16 3840.0 -570.0 110 -81 163.744 173.686 57
3290.0 481.0759999999999 17 3990.0 -700.0 118 -84 154.15 161.32600000000002 70
2595.0 253.32799999999997 10 3150.0 -555.0 92 -49 97.465 116.059 37
3270.0 446.7089999999998 15 3720.0 -450.0 93 -89 155.808 160.189 45
2870.0 407.27199999999976 18 3600.0 -790.0 147 -68 183.19099999999997 154.732 70
4110.0 451.4630000000002 18 4770.0 -660.0 115 -86 176.10399999999996 165.11599999999996 56
5195.0 585.9650000000001 20 5910.0 -725.0 144 -95 272.38100000000003 238.03600000000003 68
2990.0 460.65 16 3690.0 -700.0 106 -83 177.626 159.24599999999998 52
4505.0 668.2660000000001 23 5310.0 -825.0 137 -102 279.3859999999999 237.42099999999994 64
4615.0 536.0310000000001 17 5130.0 -515.0 105 -104 200.80899999999997 209.60599999999997 51
3020.0 381.6149999999999 15 3480.0 -460.0 94 -60 148.19000000000003 152.37199999999999 46
3500.0 494.66799999999995 17 4350.0 -850.0 160 -80 181.93300000000002 197.581 77
3810.0 427.506 14 4290.0 -570.0 114 -82 150.691 167.03899999999993 57
2835.0 514.381 17 3720.0 -885.0 159 -91 183.08999999999997 168.24199999999996 88
3330.0 542.2930000000001 15 4050.0 -720.0 110 -92 163.612 180.12299999999993 72
3060.0 451.29600000000005 14 3540.0 -480.0 95 -64 184.92599999999993 161.99599999999995 48
4935.0 544.2919999999999 20 5460.0 -525.0 106 -102 200.25 224.00799999999995 51
4230.0 469.9140000000001 19 4980.0 -760.0 148 -104 172.56299999999996 189.36700000000002 76
4210.0 521.249 18 4740.0 -530.0 109 -82 213.60899999999998 222.73499999999999 53
4060.0 518.2249999999999 16 4560.0 -500.0 102 -94 192.53499999999997 203.76099999999997 50
3650.0 483.5579999999999 18 4260.0 -610.0 101 -87 169.78299999999996 187.828 61
5460.0 611.76 20 6090.0 -630.0 106 -102 229.58899999999997 256.9 53
3570.0 418.4230000000001 15 4440.0 -930.0 136 -77 142.71 195.63699999999997 93
3855.0 376.11699999999996 15 4320.0 -465.0 95 -73 134.889 155.83700000000002 46
3780.0 538.6499999999999 20 4260.0 -480.0 99 -98 238.77399999999997 183.93599999999995 48
3190.0 572.6519999999999 16 4200.0 -1100.0 125 -92 204.5769999999999 186.07 109
4430.0 522.783 18 5100.0 -670.0 129 -89 204.72699999999995 217.35099999999997 67
1355.0 361.99599999999987 10 2490.0 -1175.0 112 -66 110.29099999999998 108.64899999999999 117
3290.0 459.48100000000005 21 3750.0 -610.0 126 -72 236.638 154.85599999999997 61
3990.0 480.6109999999999 17 4590.0 -780.0 145 -99 200.37299999999993 169.985 78
4490.0 597.1560000000001 20 4980.0 -490.0 100 -93 252.90699999999993 229.148 49
3840.0 445.35099999999994 19 4290.0 -450.0 92 -75 185.18199999999996 182.38699999999997 45
2610.0 479.85099999999994 19 3870.0 -1300.0 122 -76 172.38599999999997 182.157 130
4070.0 558.0759999999999 20 4800.0 -730.0 119 -80 230.11899999999997 224.175 73
4350.0 511.982 19 5250.0 -910.0 149 -84 192.457 218.894 91
3710.0 475.4549999999998 15 4200.0 -630.0 130 -74 185.3569999999999 181.61699999999996 63
3370.0 438.6769999999999 15 3930.0 -560.0 103 -73 149.38099999999997 173.34799999999998 56
2750.0 419.59699999999987 19 3390.0 -660.0 136 -76 168.245 148.72 66
3470.0 503.56800000000004 14 4260.0 -790.0 124 -78 198.165 197.75699999999998 79
4870.0 448.73699999999997 16 5310.0 -440.0 91 -89 174.61599999999996 196.421 44
5000.0 616.301 20 5850.0 -850.0 130 -99 255.76100000000002 245.04899999999998 66
3510.0 490.43499999999983 19 4020.0 -510.0 99 -73 208.36099999999993 174.47699999999998 51
5870.0 666.931 16 6600.0 -880.0 149 -112 220.69399999999993 298.121 79
4290.0 487.00299999999993 18 4740.0 -450.0 93 -94 193.045 162.63099999999997 45
4400.0 532.125 16 5460.0 -1240.0 167 -90 183.66099999999992 208.3069999999999 119
2700.0 539.3880000000001 14 3660.0 -960.0 158 -78 164.40899999999996 149.37499999999997 96
4080.0 522.835 18 4650.0 -610.0 122 -86 212.4049999999999 208.79199999999997 61
4310.0 471.197 19 4770.0 -460.0 95 -94 164.26299999999998 201.857 46
4410.0 440.9149999999999 22 4860.0 -450.0 93 -72 186.12199999999999 202.361 45
1850.0 268.29600000000005 13 2340.0 -490.0 89 -51 93.05699999999999 92.55299999999998 49
3840.0 518.7479999999998 26 4410.0 -570.0 109 -81 239.293 194.289 57
3640.0 444.3469999999999 16 4110.0 -530.0 105 -82 181.514 165.268 53
4630.0 655.6969999999999 20 5430.0 -800.0 135 -120 225.08999999999995 242.69900000000004 61
3730.0 412.80499999999995 17 4320.0 -590.0 108 -74 177.68499999999995 171.04499999999996 59
4290.0 552.722 18 4890.0 -600.0 112 -98 190.68500000000003 208.87099999999998 58
2740.0 492.7329999999999 16 4020.0 -1280.0 114 -77 185.15899999999993 173.35399999999996 128
4330.0 507.71 16 4770.0 -440.0 91 -87 208.24999999999997 212.43499999999995 44
2520.0 343.98299999999995 14 3090.0 -570.0 94 -64 127.09799999999998 120.83800000000001 38
4610.0 492.9809999999999 17 5280.0 -670.0 132 -89 174.204 205.08999999999995 67
3670.0 459.64099999999985 18 4260.0 -590.0 98 -77 198.95199999999997 184.259 40
3290.0 530.6219999999997 17 4410.0 -1140.0 143 -79 219.97 192.55399999999997 114
1740.0 218.328 11 2130.0 -390.0 81 -38 82.398 93.597 39
3580.0 500.05 19 4050.0 -470.0 97 -95 198.699 173.848 47
3000.0 440.7429999999999 14 3750.0 -750.0 110 -79 172.14399999999998 151.51299999999998 56
5210.0 594.981 22 5670.0 -460.0 95 -83 268.88399999999996 250.73499999999999 46
3010.0 467.953 17 3720.0 -760.0 128 -84 164.72699999999995 167.17599999999996 76
4910.0 653.891 22 5370.0 -505.0 102 -92 313.089 263.56499999999994 49
3800.0 509.1569999999999 19 4380.0 -580.0 105 -81 193.95399999999998 188.82600000000002 58
3930.0 502.56700000000006 17 4470.0 -540.0 111 -79 232.65399999999997 193.692 54
2730.0 376.85399999999987 14 3300.0 -670.0 124 -64 161.124 133.12 67
2460.0 288.81199999999995 10 2880.0 -420.0 87 -65 107.49799999999996 110.17099999999999 42
2780.0 368.85799999999995 16 3330.0 -610.0 119 -71 140.326 138.92600000000002 56
4310.0 495.137 17 4770.0 -460.0 95 -75 205.15 196.78499999999997 46
3120.0 389.81899999999985 20 3630.0 -510.0 95 -61 168.12299999999996 171.22199999999998 42
5560.0 673.3129999999996 19 6180.0 -620.0 127 -119 250.65799999999996 232.27899999999994 62
5050.0 565.3080000000001 24 5610.0 -560.0 109 -99 246.658 227.92399999999995 56
4380.0 632.8159999999999 18 5040.0 -660.0 112 -98 259.90999999999997 236.015 47
3840.0 496.5989999999999 21 4320.0 -600.0 124 -75 211.295 183.46200000000005 60
3520.0 474.23799999999983 19 4590.0 -1140.0 167 -87 165.10299999999995 185.305 114
3700.0 453.1040000000001 16 4140.0 -440.0 91 -79 179.75599999999997 192.759 44
3940.0 542.828 15 4500.0 -600.0 122 -90 207.67100000000005 197.99799999999993 60
4410.0 481.92 21 4800.0 -390.0 81 -67 229.791 208.11900000000003 39
4450.0 500.869 20 4860.0 -590.0 101 -79 219.43799999999993 199.73499999999996 59
3200.0 455.3219999999999 14 4410.0 -1240.0 162 -86 146.38899999999995 171.499 124
2780.0 425.65099999999995 14 3270.0 -490.0 95 -77 158.93399999999997 152.60899999999992 49
4180.0 446.314 20 4620.0 -440.0 91 -76 165.855 206.29700000000003 44
4260.0 510.60799999999983 21 4770.0 -510.0 99 -89 197.07499999999996 205.96099999999996 51
3220.0 404.4480000000001 16 3780.0 -560.0 94 -70 169.636 168.20799999999997 38
3470.0 476.63200000000006 15 3960.0 -490.0 98 -69 236.7239999999999 167.78799999999998 49
4025.0 534.7860000000001 16 4830.0 -805.0 125 -79 255.75799999999998 214.80899999999997 79
2045.0 954.9369999999998 9 3660.0 -1645.0 131 -70 145.176 117.28099999999998 260
3830.0 535.8479999999997 20 4260.0 -550.0 113 -83 226.41399999999996 202.336 54
3650.0 500.8249999999999 17 4230.0 -580.0 112 -103 205.886 161.80100000000002 58
4675.0 548.8770000000001 19 5460.0 -785.0 130 -89 217.23699999999994 221.38499999999996 78
4515.0 556.8060000000002 18 5070.0 -555.0 92 -88 254.67699999999996 232.84500000000003 37
2825.0 338.14300000000003 14 3390.0 -565.0 94 -59 127.548 147.521 38
2720.0 412.7569999999999 17 3600.0 -900.0 145 -69 170.392 139.59699999999998 90
4210.0 472.94399999999985 16 4800.0 -590.0 104 -69 218.6719999999999 190.09699999999998 59
4260.0 553.8299999999998 21 4800.0 -540.0 105 -83 233.14099999999993 217.99800000000002 54
4710.0 547.4860000000002 12 5310.0 -600.0 109 -99 183.198 212.97899999999993 60
4510.0 575.1099999999999 17 5310.0 -800.0 165 -88 213.54 229.32799999999995 80
3460.0 407.24999999999994 15 3960.0 -500.0 103 -70 145.964 177.84099999999998 50
3990.0 566.4089999999999 20 4650.0 -700.0 138 -90 233.62199999999993 205.36700000000002 70
5240.0 554.383 18 5730.0 -490.0 101 -90 264.56100000000004 226.86999999999998 49
3650.0 481.693 18 4350.0 -700.0 129 -87 191.03199999999993 202.57200000000003 70
3640.0 482.202 19 4290.0 -660.0 127 -77 190.743 198.14399999999995 66
4180.0 526.6690000000001 15 4650.0 -630.0 111 -91 195.87699999999995 205.14399999999998 63
3600.0 469.273 18 4080.0 -600.0 110 -72 203.40499999999997 171.01299999999998 60
2820.0 432.4530000000001 18 3540.0 -880.0 120 -56 189.75499999999994 188.95099999999996 70
3660.0 428.16199999999975 18 4080.0 -570.0 118 -64 186.066 186.65800000000002 57
4580.0 558.0879999999996 20 5550.0 -1030.0 150 -92 251.4959999999999 228.188 103
4130.0 549.688 18 4890.0 -760.0 122 -93 205.932 208.80099999999993 57
3880.0 419.3289999999999 18 4410.0 -530.0 98 -79 167.95699999999997 186.712 53
3965.0 449.3460000000002 19 4800.0 -915.0 124 -72 201.345 193.98199999999994 73
4095.0 449.75199999999995 17 4650.0 -555.0 105 -84 147.24599999999995 195.78099999999998 48
5750.0 616.194 21 6210.0 -460.0 95 -96 244.7269999999999 277.48599999999993 46
3460.0 507.0479999999999 18 4230.0 -785.0 137 -78 206.24799999999996 188.749 71
3610.0 424.1660000000001 17 4050.0 -440.0 90 -77 187.83499999999995 154.30399999999995 44
3880.0 559.538 20 4710.0 -905.0 162 -87 262.061 204.41799999999995 70
3180.0 417.5150000000001 14 3720.0 -540.0 110 -83 131.106 149.12699999999998 54
3995.0 547.5269999999999 16 4830.0 -835.0 128 -87 217.21399999999997 224.94599999999988 83
3710.0 536.1339999999999 15 4350.0 -660.0 128 -98 204.83799999999994 176.046 66
3520.0 466.73199999999986 15 4020.0 -500.0 100 -74 206.77699999999996 180.53599999999994 50
4740.0 612.7220000000001 18 5520.0 -900.0 148 -97 258.253 233.411 90
3630.0 435.06699999999995 16 4080.0 -690.0 143 -79 145.32500000000002 177.076 69
4060.0 428.936 23 4500.0 -650.0 109 -78 177.15599999999998 182.91499999999996 65
3930.0 554.941 21 4380.0 -450.0 92 -92 249.92699999999996 197.42600000000002 45
3750.0 473.289 16 4860.0 -1120.0 127 -80 161.263 211.346 112
4000.0 475.71 21 4620.0 -620.0 109 -86 169.74699999999999 192.95699999999997 62
3630.0 509.475 19 4200.0 -610.0 120 -81 210.75899999999996 193.04099999999997 61
4710.0 612.072 17 5400.0 -810.0 134 -103 208.733 242.39099999999993 81
4370.0 565.7839999999999 22 4950.0 -580.0 101 -94 230.83299999999994 231.86799999999994 48
5230.0 661.3909999999998 22 5760.0 -530.0 108 -100 250.03399999999996 247.58999999999997 53
4115.0 506.43299999999994 21 4740.0 -625.0 106 -81 202.772 216.61899999999997 44
3260.0 501.47999999999985 18 3810.0 -550.0 110 -93 170.90399999999994 179.51499999999996 55
4130.0 480.8649999999999 15 4590.0 -580.0 115 -79 210.21399999999994 195.82399999999998 58
3950.0 423.17400000000004 19 4470.0 -520.0 98 -82 162.93099999999998 182.42699999999994 52
3660.0 464.448 18 4260.0 -620.0 125 -87 158.43399999999997 176.97199999999995 62
4090.0 440.48499999999996 15 4590.0 -680.0 133 -80 179.51699999999997 191.94099999999995 68
1370.0 297.8739999999999 14 2010.0 -640.0 130 -48 100.96100000000001 89.14399999999998 64
3345.0 397.12899999999985 16 4050.0 -705.0 116 -77 138.636 171.01199999999994 52
3910.0 452.53000000000003 22 4350.0 -440.0 91 -64 223.864 184.94099999999997 44
2745.0 415.0540000000001 16 3330.0 -585.0 96 -66 180.83100000000002 150.39899999999997 39
3880.0 525.94 18 4470.0 -590.0 121 -96 183.66099999999997 178.36199999999994 59
3765.0 374.9819999999999 18 4380.0 -815.0 114 -61 177.29199999999997 160.83199999999997 63
3715.0 521.394 18 4380.0 -665.0 111 -81 218.63599999999997 192.39600000000004 59
4130.0 558.5719999999999 20 4740.0 -610.0 102 -93 240.677 192.99699999999999 42
2860.0 386.9159999999998 16 3480.0 -620.0 110 -66 168.44099999999995 142.135 62
4000.0 513.9690000000002 22 4590.0 -650.0 109 -82 227.12399999999997 202.42999999999998 65
3670.0 463.05899999999997 17 4140.0 -470.0 89 -84 163.517 154.289 47
2910.0 357.739 13 3420.0 -510.0 95 -73 139.28699999999998 134.69599999999997 42
3380.0 508.11 14 4530.0 -1210.0 123 -96 126.50399999999996 179.281 121
3505.0 407.02500000000003 14 4080.0 -725.0 124 -70 166.767 174.40899999999996 54
3260.0 439.96999999999997 17 3840.0 -590.0 122 -68 171.32699999999997 170.92799999999997 59
3900.0 499.59099999999984 17 4500.0 -620.0 127 -78 217.16399999999996 196.12499999999997 62
2670.0 1111.6590000000003 16 3870.0 -1200.0 151 -66 143.17200000000003 156.99400000000003 94
3520.0 453.629 17 4110.0 -650.0 110 -76 173.41400000000002 180.98399999999998 65
4090.0 494.3009999999997 19 4650.0 -680.0 140 -90 208.56799999999993 189.901 68
1985.0 483.1759999999997 18 3510.0 -1525.0 145 -64 181.568 172.04699999999997 149
5030.0 602.7069999999999 17 5520.0 -490.0 101 -109 257.633 226.27499999999998 49
3840.0 454.94699999999995 18 4380.0 -540.0 102 -82 200.243 173.715 54
4130.0 727.9449999999999 20 5100.0 -970.0 142 -112 270.048 230.48999999999992 97
3200.0 390.53399999999993 14 3630.0 -550.0 114 -59 163.43099999999995 148.59999999999994 55
3170.0 581.0309999999998 17 3870.0 -700.0 117 -91 221.86299999999991 178.98399999999992 70
2950.0 414.114 17 3420.0 -470.0 97 -65 180.95799999999997 162.83899999999997 47
3570.0 449.353 21 4230.0 -720.0 111 -80 168.85999999999999 177.935 72
2710.0 480.1949999999999 16 3210.0 -500.0 99 -64 205.05800000000002 165.171 50
4550.0 564.809 17 5040.0 -570.0 107 -91 234.03699999999995 221.8569999999999 57
3140.0 542.1260000000001 15 3780.0 -720.0 127 -71 180.11399999999995 155.21999999999997 72
3565.0 402.9289999999999 18 4170.0 -755.0 127 -74 146.46699999999998 184.30399999999997 57
4910.0 560.835 18 5400.0 -490.0 95 -94 215.83099999999996 245.5919999999999 49
3180.0 412.9179999999998 15 3960.0 -780.0 122 -63 176.67099999999996 183.10799999999998 78
4000.0 477.04099999999994 22 4440.0 -590.0 121 -77 221.3 191.25999999999996 59
3550.0 484.3499999999999 16 3960.0 -470.0 97 -79 193.269 177.83599999999998 47
3505.0 512.5780000000001 19 4200.0 -695.0 104 -82 220.68299999999996 197.695 51
3490.0 432.04099999999994 15 3990.0 -500.0 103 -70 159.639 167.40599999999998 50
3600.0 435.39899999999994 14 4440.0 -960.0 138 -83 153.74499999999998 168.71299999999997 96
4010.0 575.5899999999999 16 4620.0 -630.0 122 -88 279.30499999999995 171.64999999999998 63
2400.0 1767.059000000001 14 3780.0 -1380.0 149 -68 196.054 180.69999999999996 138
2100.0 433.15500000000003 16 3270.0 -1240.0 141 -63 172.70199999999997 143.86499999999998 124
3580.0 426.40200000000004 17 4350.0 -810.0 122 -68 178.96599999999995 186.907 81
3370.0 400.19899999999996 15 3870.0 -500.0 90 -71 146.56599999999992 169.67399999999998 48
3490.0 485.6 15 4200.0 -710.0 114 -68 235.25299999999996 185.75399999999993 71
4050.0 516.329 14 4740.0 -690.0 126 -89 184.72599999999997 206.47999999999993 69
4290.0 621.351 17 5280.0 -990.0 141 -99 234.23699999999997 232.22800000000004 92
3720.0 490.775 18 4200.0 -480.0 99 -89 173.286 182.25399999999996 48
2760.0 379.33699999999993 16 3240.0 -480.0 99 -61 151.14499999999998 145.04799999999997 48
3295.0 448.217 17 3960.0 -665.0 122 -85 153.53599999999997 156.82099999999994 66
3830.0 448.457 19 4290.0 -460.0 94 -73 190.12799999999996 170.42799999999994 45
3320.0 1041.8369999999995 18 3990.0 -770.0 113 -64 206.39800000000002 165.33800000000002 77
3640.0 448.442 15 4050.0 -410.0 85 -64 203.22199999999995 188.84199999999998 41
1890.0 388.914 16 2910.0 -1020.0 148 -67 159.353 123.654 95
4070.0 508.9479999999999 21 4800.0 -780.0 123 -76 208.82000000000002 212.51500000000004 75
4075.0 542.8610000000001 19 4770.0 -815.0 115 -82 230.73899999999998 222.81100000000004 63
5580.0 624.9449999999999 19 6270.0 -750.0 137 -106 240.65899999999996 260.39199999999994 67
3130.0 479.85599999999994 14 3930.0 -800.0 160 -78 173.817 178.06199999999995 80
4330.0 493.4579999999998 17 4950.0 -740.0 139 -82 185.28299999999993 220.63999999999993 74
2810.0 480.903 14 3630.0 -850.0 138 -67 174.75499999999994 161.39399999999995 85
3430.0 427.423 16 4110.0 -680.0 113 -74 164.18399999999994 183.575 68
3800.0 469.21500000000003 22 4260.0 -460.0 95 -78 211.19099999999995 174.296 46
3220.0 382.837 18 3750.0 -530.0 108 -76 140.907 123.72999999999999 53
3790.0 537.163 19 4260.0 -740.0 153 -88 186.58899999999997 193.81 74
4070.0 529.4140000000001 17 4830.0 -790.0 150 -79 239.40599999999998 210.03399999999996 79
4010.0 417.80000000000007 15 4590.0 -580.0 103 -76 167.76499999999993 165.19399999999996 58
2240.0 324.12999999999994 16 2820.0 -640.0 132 -53 136.98899999999998 133.322 64
4985.0 627.1110000000001 15 5550.0 -565.0 106 -107 269.46199999999993 246.92499999999998 52
3880.0 434.45699999999994 20 4500.0 -690.0 109 -78 165.96 175.436 69
3950.0 564.0869999999999 19 4530.0 -580.0 103 -75 248.55599999999993 207.183 58
2970.0 384.43499999999995 16 3630.0 -660.0 115 -66 151.227 142.49599999999998 66
4070.0 539.9159999999998 19 4620.0 -550.0 105 -82 262.68199999999996 206.17100000000002 55
3460.0 424.55500000000006 16 3840.0 -500.0 104 -67 171.601 173.54 50
4070.0 462.495 15 4530.0 -460.0 95 -83 172.67399999999998 175.16799999999998 46
3510.0 426.79 18 3990.0 -535.0 100 -73 164.209 175.05499999999998 65
3450.0 470.04099999999977 15 3900.0 -450.0 93 -75 181.56899999999993 171.536 45
4110.0 471.01400000000007 19 4830.0 -750.0 147 -77 185.79800000000003 228.99299999999994 75
2510.0 378.7559999999999 13 3090.0 -630.0 108 -68 134.18399999999997 130.76199999999997 63
3670.0 483.582 17 4380.0 -710.0 118 -77 213.21200000000002 173.67199999999994 71
3990.0 1176.1509999999994 17 4950.0 -960.0 133 -91 225.806 241.79899999999992 96
3950.0 533.1459999999998 18 4410.0 -460.0 95 -71 232.38899999999998 197.95399999999998 46
4490.0 544.8770000000001 19 5040.0 -550.0 112 -91 229.17699999999996 207.33399999999995 54
3630.0 408.5149999999999 20 4140.0 -510.0 105 -80 138.53199999999998 166.748 51
