3860.0 465.2359999999998 18 3990.0 -130.0 26 -77 196.519 179.30699999999996 13
4290.0 483.55899999999997 18 4410.0 -120.0 24 -75 201.012 199.511 12
3730.0 447.31600000000014 14 3900.0 -170.0 34 -76 171.43200000000002 167.43599999999995 17
6090.0 637.4620000000001 20 6420.0 -330.0 48 -104 280.431 262.049 33
4630.0 605.9709999999997 16 4890.0 -280.0 46 -89 290.6139999999999 219.80699999999996 28
5820.0 584.1359999999999 22 5940.0 -120.0 24 -94 285.0779999999999 235.47599999999994 12
3950.0 507.69999999999976 18 4230.0 -280.0 38 -83 229.10500000000002 175.811 28
6620.0 580.6520000000002 22 6720.0 -100.0 20 -96 273.18 240.4799999999999 10
3730.0 431.7920000000001 16 3870.0 -140.0 28 -67 203.664 160.994 14
4930.0 515.685 15 5160.0 -230.0 38 -99 172.02299999999997 212.067 23
5070.0 519.3189999999998 20 5250.0 -180.0 28 -82 206.77999999999997 234.98699999999994 18
4070.0 496.746 18 4200.0 -130.0 26 -74 202.06000000000003 202.71799999999996 13
7240.0 752.3370000000001 21 7410.0 -170.0 34 -115 310.59999999999997 322.15799999999996 17
3940.0 446.519 19 4170.0 -230.0 33 -75 208.70799999999997 175.39499999999998 23
3740.0 388.29900000000004 20 4290.0 -570.0 59 -66 154.96599999999995 183.10899999999998 57
3130.0 325.734 19 3180.0 -50.0 4 -47 147.03399999999996 147.43899999999996 5
5480.0 635.1539999999998 24 5790.0 -310.0 44 -99 276.013 257.34299999999996 31
4570.0 505.05000000000007 20 4830.0 -260.0 17 -68 227.81999999999994 215.17899999999992 26
4240.0 483.4030000000001 20 4710.0 -500.0 58 -83 191.53699999999998 212.96200000000002 50
4410.0 528.8430000000001 19 4680.0 -270.0 51 -84 222.58599999999998 197.57099999999997 27
4200.0 389.35499999999996 19 4200.0 0.0 0 -54 202.77999999999997 171.087 0
3960.0 396.01999999999987 17 3960.0 0.0 0 -67 180.70699999999997 168.33699999999996 0
4460.0 556.67 19 4650.0 -190.0 30 -78 261.83000000000004 213.27299999999997 19
3840.0 542.3710000000001 20 4020.0 -180.0 30 -70 247.10200000000003 172.40399999999997 18
3570.0 398.8309999999999 17 3720.0 -150.0 30 -69 180.86799999999997 158.68299999999996 15
4490.0 540.566 20 4680.0 -190.0 38 -85 240.293 198.561 19
4500.0 495.6599999999999 20 4980.0 -510.0 58 -79 212.81899999999996 216.131 51
4220.0 421.6020000000001 19 4410.0 -190.0 16 -65 194.17599999999993 171.72899999999996 19
6330.0 632.1159999999999 19 6540.0 -210.0 42 -97 278.841 276.80799999999994 21
4440.0 551.7779999999999 17 4620.0 -180.0 36 -90 237.15599999999992 206.79899999999998 18
3410.0 383.51 15 3720.0 -310.0 42 -68 138.56399999999996 155.50099999999995 31
4180.0 525.3100000000001 21 4500.0 -440.0 54 -80 192.191 182.44099999999992 44
3650.0 379.2569999999999 17 3750.0 -100.0 13 -57 173.38500000000002 153.81599999999997 10
3740.0 307.344 12 3840.0 -100.0 20 -75 104.26800000000001 120.189 10
5510.0 514.116 20 5610.0 -100.0 20 -74 235.73999999999998 246.10899999999998 10
3900.0 399.8539999999999 16 4110.0 -510.0 61 -70 168.23600000000002 163.384 51
4440.0 622.3769999999998 18 4650.0 -210.0 14 -57 201.38999999999996 207.86599999999993 21
5510.0 551.7680000000001 18 5700.0 -190.0 29 -86 244.53 229.155 19
5400.0 665.1979999999999 21 5820.0 -420.0 36 -97 276.628 244.32699999999997 42
4860.0 473.21399999999994 18 5010.0 -150.0 25 -84 218.982 190.49399999999994 10
4050.0 436.934 16 4050.0 0.0 0 -65 205.02199999999996 188.74599999999998 0
4400.0 409.30100000000004 16 4530.0 -190.0 38 -84 158.60299999999998 174.6 19
4900.0 446.29299999999984 22 5010.0 -110.0 22 -75 207.768 189.83899999999997 11
4490.0 448.5779999999999 14 4590.0 -100.0 20 -73 181.458 210.927 10
3660.0 430.222 16 3810.0 -150.0 20 -72 160.804 175.66699999999994 15
7360.0 755.5709999999999 16 7590.0 -230.0 46 -111 226.61099999999996 240.8139999999999 23
4360.0 460.182 20 4560.0 -200.0 26 -69 201.831 207.89299999999997 20
5100.0 547.039 21 5340.0 -240.0 40 -98 219.036 220.54299999999998 24
5630.0 580.888 18 5940.0 -330.0 58 -101 205.33299999999994 266.4989999999999 33
3550.0 433.9769999999999 20 3720.0 -170.0 28 -65 204.80799999999996 163.75699999999995 17
5700.0 669.9350000000001 22 5940.0 -240.0 32 -106 278.944 253.501 30
5330.0 529.2699999999999 25 5460.0 -130.0 26 -92 226.7189999999999 214.26199999999997 13
4750.0 580.4789999999998 18 4980.0 -230.0 47 -107 191.71399999999997 242.70599999999988 23
3790.0 436.75399999999996 20 3900.0 -110.0 22 -71 173.12499999999994 174.69699999999995 11
3780.0 1793.0849999999982 18 4770.0 -990.0 76 -78 182.523 178.04699999999994 99
4430.0 546.334 18 4590.0 -160.0 32 -87 225.33700000000005 214.36999999999995 16
5670.0 679.3160000000001 19 6030.0 -420.0 58 -96 207.61399999999998 236.1059999999999 42
5470.0 633.0709999999999 19 5640.0 -170.0 28 -92 297.4239999999999 251.854 17
4470.0 437.65799999999996 18 4590.0 -120.0 20 -65 211.59700000000004 185.63199999999992 8
3950.0 532.33 17 4260.0 -390.0 49 -74 227.85999999999993 198.20699999999997 39
5740.0 512.5629999999998 21 5850.0 -230.0 33 -71 234.422 236.1929999999999 23
4100.0 383.59599999999995 20 4200.0 -340.0 31 -59 184.25399999999996 176.36999999999995 34
5270.0 569.878 24 5430.0 -180.0 37 -75 286.55399999999986 242.682 18
4230.0 426.98399999999987 20 4320.0 -90.0 18 -68 192.55199999999996 183.70300000000003 9
5665.0 847.5129999999995 19 6180.0 -605.0 57 -112 309.5659999999999 265.1790000000001 97
3590.0 2107.371000000001 14 4380.0 -790.0 75 -77 216.10199999999998 184.93699999999998 79
4210.0 427.8279999999999 17 4320.0 -110.0 22 -72 176.984 190.33700000000002 11
4670.0 543.8060000000002 22 5190.0 -520.0 44 -77 239.99199999999996 229.96299999999994 52
5070.0 500.37199999999984 16 5580.0 -510.0 44 -78 173.73399999999992 215.95000000000002 85
4085.0 494.93499999999983 18 4320.0 -235.0 20 -82 202.619 179.772 31
4590.0 482.22600000000006 22 4710.0 -120.0 24 -60 254.27999999999997 212.34800000000004 12
5090.0 556.684 19 5190.0 -100.0 16 -82 229.67399999999998 224.76299999999998 10
6200.0 519.5590000000001 23 6330.0 -200.0 32 -93 232.26699999999994 237.14 20
4900.0 503.23499999999984 19 5070.0 -170.0 27 -83 216.12699999999995 219.37499999999997 17
5420.0 645.1680000000001 24 5670.0 -250.0 43 -97 247.21700000000004 243.45099999999996 25
5300.0 524.126 20 5460.0 -260.0 46 -101 203.53099999999998 220.68600000000004 36
4460.0 501.89 17 4620.0 -160.0 14 -75 216.474 203.31899999999996 16
3340.0 624.6810000000002 18 3810.0 -470.0 36 -69 154.777 161.548 47
4340.0 472.2720000000001 19 4440.0 -100.0 13 -70 217.44600000000003 193.44299999999998 10
6100.0 696.6089999999999 22 6300.0 -200.0 33 -94 302.30499999999995 267.394 20
5400.0 520.934 18 5670.0 -270.0 24 -88 210.75399999999993 243.72899999999993 27
5275.0 568.3639999999999 16 5580.0 -305.0 39 -106 215.52999999999994 225.96800000000002 25
3630.0 412.90600000000006 17 3690.0 -80.0 16 -64 189.20499999999998 163.43599999999995 8
3540.0 442.13499999999993 18 3660.0 -120.0 24 -70 194.527 159.817 12
5190.0 615.3069999999998 19 5340.0 -150.0 30 -91 287.81500000000005 236.23 15
3410.0 414.836 17 3600.0 -190.0 29 -72 140.458 166.134 19
5580.0 656.613 24 5790.0 -210.0 42 -98 287.2319999999999 256.29999999999995 21
3180.0 308.18799999999993 14 3180.0 0.0 0 -47 146.866 133.135 0
4150.0 483.44800000000004 22 4230.0 -80.0 16 -71 228.25999999999996 193.07999999999998 8
4745.0 478.387 18 4980.0 -235.0 38 -80 203.33200000000005 207.64800000000002 18
5020.0 523.3869999999998 23 5190.0 -170.0 34 -91 213.51799999999997 216.74599999999995 17
4060.0 473.3389999999998 18 4260.0 -220.0 28 -69 223.93899999999996 184.06499999999997 22
3680.0 462.83199999999994 18 3930.0 -270.0 55 -80 169.36799999999997 172.049 27
3180.0 1008.177 12 4620.0 -1545.0 70 -70 182.59599999999998 188.159 277
4180.0 455.92899999999975 17 4260.0 -80.0 16 -78 180.67699999999994 190.59000000000003 8
5480.0 505.73700000000014 18 5580.0 -100.0 8 -81 223.11699999999996 221.31 14
5280.0 517.3489999999999 20 5370.0 -120.0 24 -87 228.05999999999995 219.66999999999996 12
3300.0 379.9030000000001 14 3360.0 -60.0 5 -64 161.506 148.414 6
3920.0 455.7499999999998 20 4050.0 -150.0 30 -72 201.2979999999999 174.66599999999997 15
4235.0 623.6150000000001 15 4590.0 -555.0 60 -79 191.813 184.48500000000004 50
4950.0 502.78499999999997 19 5100.0 -150.0 30 -81 211.56999999999994 210.73899999999998 15
4800.0 545.548 17 4950.0 -150.0 20 -92 216.613 226.19299999999998 15
3290.0 432.863 16 3420.0 -130.0 26 -64 210.606 137.613 13
3690.0 330.97499999999997 15 3690.0 0.0 0 -54 153.298 145.89899999999997 0
4880.0 517.8520000000001 16 5070.0 -190.0 31 -86 198.34399999999997 224.22299999999998 19
4650.0 442.69199999999995 20 4650.0 0.0 0 -73 213.63299999999992 184.95599999999996 0
4430.0 424.96999999999997 15 4620.0 -190.0 31 -79 161.91099999999997 173.28299999999996 19
4180.0 525.5539999999999 18 4590.0 -470.0 59 -75 234.69499999999996 206.86 47
4240.0 511.78999999999985 21 4410.0 -170.0 34 -83 215.78800000000007 197.18999999999997 17
4520.0 522.732 16 4590.0 -70.0 14 -77 244.81099999999992 202.42800000000005 7
5525.0 939.9919999999997 16 6030.0 -605.0 68 -90 198.34199999999998 220.53299999999996 57
4010.0 395.2900000000001 14 4170.0 -180.0 37 -65 158.33599999999996 186.23099999999994 18
4210.0 440.26399999999995 17 4380.0 -170.0 34 -70 186.97299999999996 195.982 17
4840.0 505.4799999999998 20 5040.0 -200.0 33 -85 212.2189999999999 216.82999999999993 20
4530.0 449.595 20 4860.0 -390.0 46 -68 214.08599999999998 194.99699999999999 39
4680.0 473.999 22 4830.0 -150.0 25 -77 214.68599999999995 206.17499999999998 10
6090.0 578.3469999999999 21 6270.0 -450.0 85 -102 204.561 266.44899999999996 45
5050.0 531.945 20 5160.0 -260.0 53 -83 230.13599999999994 227.53999999999996 26
4140.0 508.68299999999994 17 4260.0 -120.0 25 -80 221.66400000000002 192.27600000000004 12
4540.0 503.551 16 4680.0 -140.0 12 -77 222.08199999999997 209.34599999999992 14
4920.0 626.2629999999997 16 5190.0 -270.0 24 -76 246.17899999999997 213.196 27
4350.0 483.575 21 4350.0 -45.0 7 -72 231.71499999999992 194.43299999999996 3
3770.0 383.17199999999997 18 3840.0 -70.0 6 -65 177.92199999999994 150.12199999999993 7
3840.0 412.58400000000006 15 4080.0 -240.0 33 -68 163.98799999999997 169.977 24
3660.0 435.08499999999987 20 3900.0 -240.0 22 -70 188.09699999999998 150.052 24
3920.0 535.105 18 4020.0 -100.0 20 -93 233.026 178.83 10
4070.0 437.31399999999996 17 4200.0 -130.0 26 -65 198.94799999999995 184.23 13
4740.0 462.9429999999998 22 4770.0 -30.0 6 -71 194.407 207.49200000000005 3
4185.0 379.7049999999999 17 4380.0 -195.0 32 -62 159.55700000000002 172.79799999999994 13
3850.0 432.81899999999996 18 3990.0 -140.0 28 -61 185.83499999999995 176.735 14
5920.0 665.0819999999999 21 6120.0 -270.0 37 -91 313.71200000000005 256.99699999999996 27
3170.0 417.401 16 3330.0 -160.0 23 -68 169.37699999999998 151.009 16
6250.0 604.472 19 6360.0 -110.0 22 -96 243.07 277.48599999999993 11
4560.0 408.05699999999996 24 4680.0 -120.0 20 -65 174.22999999999996 192.76099999999994 8
4240.0 504.02599999999995 19 4440.0 -380.0 56 -92 193.337 198.66299999999995 38
4520.0 517.2769999999999 19 4620.0 -150.0 24 -63 273.15200000000004 207.73899999999995 15
4170.0 503.21400000000006 21 4290.0 -120.0 24 -75 235.814 197.31599999999995 12
4230.0 555.4819999999997 19 4500.0 -270.0 27 -84 255.9129999999999 207.52199999999996 27
3550.0 404.1850000000002 15 3660.0 -110.0 22 -74 142.67 162.84599999999995 11
4980.0 510.786 21 5160.0 -420.0 52 -86 196.94299999999993 224.54399999999998 36
4605.0 497.9469999999999 22 4770.0 -165.0 27 -75 260.83699999999993 181.561 11
4390.0 470.8979999999999 19 4530.0 -140.0 28 -80 201.83099999999996 193.78099999999998 14
4560.0 462.61400000000026 15 4710.0 -150.0 27 -76 201.31599999999995 198.35699999999994 15
4460.0 528.096 20 4620.0 -160.0 27 -76 238.178 196.99299999999994 16
4530.0 545.5260000000002 17 4770.0 -260.0 53 -79 253.048 206.16799999999992 26
3800.0 432.22899999999987 16 3930.0 -130.0 26 -71 175.66100000000003 178.85099999999997 13
4650.0 476.14699999999993 19 4830.0 -180.0 30 -77 220.46599999999995 198.18900000000002 12
5620.0 653.6499999999999 21 5910.0 -310.0 51 -107 245.82700000000003 261.29599999999994 31
3270.0 428.0529999999998 15 3390.0 -120.0 24 -66 185.623 158.08099999999996 12
3465.0 592.8250000000002 17 3960.0 -495.0 17 -69 168.90099999999998 173.14399999999995 93
3990.0 397.4499999999998 19 4200.0 -330.0 42 -58 179.87199999999993 167.65299999999996 33
4380.0 386.96000000000004 17 4380.0 0.0 0 -58 189.82099999999997 175.222 0
3300.0 452.11899999999997 15 3420.0 -120.0 13 -65 157.53699999999995 137.34099999999995 24
4410.0 513.0779999999999 17 4590.0 -320.0 59 -72 232.30200000000002 208.60899999999998 32
4630.0 546.6649999999997 20 4770.0 -140.0 28 -76 265.08199999999994 209.72799999999998 14
3510.0 342.71899999999994 16 3510.0 0.0 0 -44 176.5109999999999 153.69699999999997 0
4470.0 470.63999999999976 22 4650.0 -260.0 44 -79 195.94499999999994 204.78999999999996 26
4370.0 424.447 21 4470.0 -100.0 20 -72 166.85399999999998 203.95499999999996 10
5500.0 566.75 24 5700.0 -260.0 52 -87 244.789 236.219 26
4400.0 486.2900000000001 17 4500.0 -100.0 9 -67 249.53900000000002 199.08800000000002 10
3420.0 330.6810000000001 16 3420.0 0.0 0 -50 162.443 140.64699999999996 0
2890.0 351.861 15 3210.0 -370.0 53 -59 137.27899999999997 136.66399999999996 37
4750.0 471.70099999999996 20 4860.0 -110.0 22 -79 201.60799999999998 201.36099999999996 11
4660.0 566.9149999999998 22 4920.0 -260.0 21 -84 249.37299999999996 188.815 26
5400.0 566.7480000000002 21 5580.0 -180.0 28 -86 258.796 241.40999999999997 18
4210.0 463.852 21 4410.0 -200.0 27 -69 218.471 183.06099999999998 20
3590.0 396.2119999999999 20 3870.0 -370.0 66 -64 168.00699999999995 161.808 37
3750.0 416.86599999999993 14 3930.0 -180.0 37 -77 146.26799999999997 180.16999999999996 18
4570.0 500.8299999999999 18 4830.0 -260.0 33 -72 213.01999999999992 190.39599999999996 26
4725.0 439.662 15 4890.0 -165.0 27 -77 175.47799999999992 179.16199999999998 11
4870.0 536.6999999999999 21 5010.0 -140.0 28 -80 252.678 208.50599999999997 14
4890.0 513.7139999999998 20 5010.0 -120.0 10 -72 245.14999999999986 214.742 12
3050.0 410.2099999999999 20 3270.0 -220.0 15 -62 187.7319999999999 145.02499999999998 22
5380.0 501.6229999999998 21 5490.0 -110.0 22 -96 192.337 226.18899999999996 11
4450.0 371.47499999999985 18 4500.0 -200.0 35 -71 143.162 175.45599999999996 20
3780.0 450.38899999999995 21 4170.0 -480.0 54 -67 202.37399999999997 183.42199999999994 48
4790.0 573.7579999999998 21 5040.0 -250.0 44 -92 246.06999999999996 217.43799999999996 25
2940.0 1833.687 15 3720.0 -780.0 61 -59 230.70799999999994 162.418 78
5780.0 664.007 21 5970.0 -190.0 33 -92 308.79499999999985 268.779 23
4300.0 389.82200000000006 15 4440.0 -140.0 28 -66 154.80899999999994 173.58799999999997 14
3710.0 407.502 17 3810.0 -100.0 20 -63 191.789 169.058 10
5280.0 444.49399999999986 19 5400.0 -120.0 24 -79 205.55399999999995 195.11099999999993 12
3770.0 418.67799999999994 20 3930.0 -160.0 32 -75 163.395 163.97799999999995 16
4980.0 548.6539999999999 21 5130.0 -150.0 30 -88 224.94800000000004 231.25400000000002 15
4370.0 495.44499999999994 15 4590.0 -220.0 18 -72 213.829 205.69899999999993 22
4400.0 483.6139999999998 21 4710.0 -380.0 77 -74 215.812 205.00099999999995 38
4080.0 527.1240000000001 20 4200.0 -120.0 24 -79 232.23799999999994 191.564 12
4650.0 498.14000000000016 20 4800.0 -150.0 13 -79 189.509 209.787 15
4650.0 490.75699999999995 22 4830.0 -180.0 31 -89 182.96099999999996 184.834 18
4210.0 473.76799999999986 18 4560.0 -380.0 47 -69 185.48099999999994 196.59600000000006 42
5160.0 583.0140000000002 21 5280.0 -120.0 24 -87 263.32599999999996 229.97499999999994 12
4710.0 500.24600000000004 23 4830.0 -140.0 29 -71 228.61299999999997 222.79600000000002 14
4450.0 493.61499999999984 18 4800.0 -350.0 48 -84 187.87500000000003 174.101 35
4820.0 546.4080000000001 25 4920.0 -100.0 20 -85 251.401 224.20300000000003 10
3060.0 479.8379999999999 14 3360.0 -300.0 38 -104 124.95399999999998 128.493 30
4920.0 509.351 20 4920.0 0.0 0 -67 262.55699999999996 221.464 0
5060.0 506.9319999999999 20 5160.0 -100.0 20 -71 250.72800000000004 222.31299999999993 10
4460.0 566.5150000000001 19 4710.0 -490.0 65 -97 227.86799999999994 217.82799999999995 55
5730.0 627.5839999999998 18 5850.0 -270.0 55 -100 252.86800000000002 260.827 27
5270.0 457.75199999999995 15 5460.0 -190.0 17 -73 211.86599999999999 209.52099999999996 19
4460.0 474.28199999999987 15 4590.0 -130.0 26 -72 212.283 189.77299999999997 13
4185.0 532.3469999999999 22 4380.0 -195.0 32 -97 206.76699999999994 181.173 13
4920.0 461.5619999999998 23 5070.0 -150.0 13 -72 179.92999999999998 215.69000000000003 15
5740.0 558.6410000000001 19 5850.0 -110.0 22 -90 246.34199999999996 254.29899999999992 11
4820.0 485.7529999999999 20 4950.0 -130.0 26 -85 191.02299999999994 204.32100000000003 13
3670.0 346.27199999999993 13 3870.0 -200.0 24 -75 122.442 127.75099999999995 20
5265.0 578.3610000000002 17 5490.0 -225.0 37 -97 227.95899999999992 254.51799999999994 15
4100.0 513.722 17 4320.0 -290.0 26 -87 214.51600000000002 200.84199999999998 29
4380.0 574.1910000000001 17 4650.0 -270.0 39 -87 233.35700000000003 218.20599999999996 27
3420.0 485.192 19 3570.0 -150.0 30 -76 235.39499999999998 166.879 15
4960.0 597.1729999999999 15 5280.0 -620.0 75 -97 184.071 209.22899999999996 76
4730.0 614.5840000000001 18 5040.0 -350.0 70 -112 222.35099999999997 224.00399999999993 35
5460.0 473.8749999999999 19 5640.0 -180.0 37 -81 193.20599999999996 227.99899999999997 18
4860.0 511.203 18 4980.0 -120.0 24 -85 221.117 208.13499999999996 12
3770.0 1453.2869999999998 19 4680.0 -910.0 86 -83 187.01699999999994 204.231 86
3770.0 447.40699999999987 17 3900.0 -130.0 27 -84 154.159 181.67999999999998 13
3990.0 400.082 17 4230.0 -270.0 41 -65 184.385 160.08599999999996 27
4810.0 610.6629999999999 24 4950.0 -140.0 28 -80 309.7569999999999 216.76499999999993 14
4695.0 503.3910000000001 15 4920.0 -225.0 32 -83 187.21499999999997 212.47600000000006 27
3960.0 608.255 19 4290.0 -330.0 46 -84 254.02899999999994 184.644 33
4060.0 468.8380000000001 19 4290.0 -270.0 31 -65 236.26199999999997 183.41 27
3980.0 524.3910000000002 21 4140.0 -280.0 57 -76 225.86499999999998 191.477 28
4695.0 633.191 18 5130.0 -465.0 52 -77 244.62 205.16199999999992 66
4750.0 623.4839999999999 15 5070.0 -320.0 42 -102 205.06799999999996 220.42899999999986 32
4560.0 559.2699999999999 16 4770.0 -290.0 25 -89 207.813 234.13099999999991 29
4650.0 516.5899999999999 16 4770.0 -120.0 24 -80 232.62799999999996 201.89100000000005 12
3810.0 1798.979000000001 16 4650.0 -840.0 69 -66 179.656 162.37599999999998 84
4890.0 604.8100000000001 21 5220.0 -330.0 49 -109 205.533 234.36699999999996 28
5000.0 561.0550000000001 22 5220.0 -220.0 35 -98 237.00999999999996 220.541 22
3190.0 461.34299999999996 19 3330.0 -140.0 28 -69 214.36900000000006 150.87599999999998 14
4420.0 467.45899999999995 18 4500.0 -80.0 16 -64 233.28199999999995 197.61299999999997 8
5610.0 572.4429999999999 22 5790.0 -180.0 37 -89 265.92199999999997 231.12600000000003 18
4710.0 557.2979999999999 18 5100.0 -420.0 85 -95 212.74099999999996 225.341 42
3720.0 392.926 14 3840.0 -120.0 11 -63 175.87399999999997 169.624 12
4640.0 457.162 19 4800.0 -160.0 25 -82 189.92399999999998 198.43600000000004 16
4500.0 444.5899999999999 20 4620.0 -120.0 24 -83 175.18299999999996 191.655 12
4230.0 469.549 22 4350.0 -120.0 24 -73 196.147 206.778 12
4790.0 513.919 22 4920.0 -130.0 26 -80 246.53399999999996 215.575 13
4590.0 520.6429999999999 19 4920.0 -340.0 62 -75 226.81099999999998 219.21599999999998 34
3780.0 379.58899999999994 18 3900.0 -170.0 15 -49 192.339 169.549 17
3690.0 368.4099999999999 16 3690.0 0.0 0 -57 181.38699999999997 145.682 0
5930.0 578.512 22 6030.0 -100.0 20 -84 270.98599999999993 265.5089999999999 10
4420.0 545.16 16 4560.0 -140.0 28 -86 246.606 197.92999999999995 14
5020.0 555.0889999999999 18 5220.0 -240.0 49 -84 253.489 239.33100000000002 24
6110.0 641.2180000000002 17 6330.0 -220.0 34 -107 248.766 270.775 22
4910.0 599.1229999999999 17 5100.0 -190.0 32 -94 268.66400000000004 211.079 19
5310.0 503.99799999999976 17 5430.0 -160.0 33 -70 249.35799999999992 222.00599999999997 16
4640.0 553.709 19 4920.0 -280.0 33 -76 247.83199999999997 194.27699999999996 28
4260.0 434.6839999999999 20 4320.0 -60.0 5 -71 191.6299999999999 187.99899999999997 6
3540.0 421.3689999999999 17 3630.0 -110.0 22 -72 173.46999999999997 157.79399999999998 11
6565.0 648.5000000000001 23 6780.0 -215.0 36 -109 267.18199999999996 289.12899999999996 15
4420.0 432.3329999999998 22 4620.0 -200.0 27 -72 187.62699999999998 185.74499999999998 20
4530.0 566.713 19 4710.0 -180.0 36 -94 242.64099999999996 213.49900000000002 18
5680.0 651.9909999999999 22 6030.0 -350.0 54 -106 256.5299999999999 254.95599999999996 35
4650.0 531.6410000000001 21 4860.0 -210.0 35 -93 223.47099999999995 214.196 21
5080.0 533.416 23 5310.0 -230.0 20 -82 249.816 221.487 23
4360.0 496.56399999999996 22 4470.0 -190.0 38 -70 223.26199999999994 192.53 19
3870.0 409.268 23 3960.0 -90.0 18 -62 196.888 171.289 9
4150.0 530.053 19 4350.0 -200.0 33 -88 223.41899999999998 201.26399999999992 20
4250.0 496.6700000000001 18 4470.0 -230.0 46 -77 213.389 172.87199999999999 23
3680.0 478.78299999999996 13 4230.0 -630.0 56 -66 163.46399999999997 174.62899999999996 63
4040.0 675.764 16 4350.0 -310.0 25 -95 186.539 196.97199999999998 31
4870.0 452.9809999999999 21 5010.0 -230.0 30 -76 202.47599999999994 187.063 23
3600.0 401.34 17 3690.0 -90.0 11 -58 203.88699999999997 156.284 9
5270.0 520.6169999999998 24 5580.0 -410.0 48 -75 238.03400000000002 245.25999999999993 41
4850.0 567.049 17 5040.0 -190.0 35 -94 223.09799999999998 237.33499999999998 19
4790.0 498.5699999999998 19 4890.0 -100.0 20 -80 224.58399999999995 209.21800000000002 10
5230.0 672.9250000000001 22 5340.0 -200.0 30 -101 293.70799999999997 257.23900000000003 20
5020.0 398.4609999999999 17 5160.0 -140.0 28 -89 144.431 154.587 14
5570.0 743.841 21 6060.0 -490.0 42 -111 257.13100000000003 231.018 49
4030.0 362.33999999999975 14 4260.0 -230.0 31 -65 150.60599999999994 151.38799999999998 23
8210.0 440.4169999999998 15 8580.0 -370.0 44 -116 173.78499999999997 134.91199999999998 37
3900.0 421.42299999999994 19 4080.0 -180.0 32 -69 176.31099999999998 172.217 18
5300.0 548.9190000000002 18 5430.0 -130.0 26 -92 215.58799999999997 247.44999999999993 13
4290.0 562.959 18 4830.0 -590.0 86 -88 246.21200000000005 211.95400000000004 59
4090.0 486.42999999999984 19 4350.0 -260.0 34 -84 181.62999999999997 197.50099999999995 26
5320.0 548.7899999999998 21 5580.0 -260.0 23 -79 263.681 237.05999999999995 26
3830.0 466.202 19 4020.0 -190.0 29 -77 204.80799999999994 172.52299999999997 19
5120.0 609.6749999999998 18 5520.0 -420.0 57 -103 226.85700000000003 241.22499999999997 42
4070.0 528.6539999999999 18 4200.0 -130.0 26 -85 229.972 180.00599999999994 13
3360.0 445.255 17 3600.0 -360.0 42 -86 158.959 160.74599999999998 36
4950.0 460.0289999999999 18 4950.0 -70.0 6 -63 232.49799999999996 194.763 7
3310.0 356.329 16 3450.0 -140.0 24 -55 143.00300000000001 153.82199999999997 17
4050.0 521.309 22 4170.0 -120.0 24 -66 269.40000000000003 179.95599999999996 12
4510.0 480.7829999999999 18 4770.0 -270.0 48 -74 201.46800000000002 201.13999999999996 27
3280.0 457.30099999999993 21 3570.0 -290.0 37 -69 209.42 162.35199999999998 29
4580.0 621.7649999999996 16 4890.0 -310.0 39 -111 209.03199999999995 226.88699999999994 33
4510.0 525.94 17 4680.0 -170.0 34 -85 209.51799999999997 210.81100000000004 17
4470.0 439.291 17 4680.0 -210.0 32 -72 183.62300000000002 187.62300000000002 21
5140.0 813.226 21 5370.0 -230.0 18 -76 265.09200000000004 243.59499999999997 23
4820.0 550.0809999999998 20 4950.0 -130.0 26 -83 256.804 221.46799999999993 13
4800.0 593.9789999999999 19 5010.0 -210.0 17 -87 227.464 168.754 21
4690.0 760.5839999999998 18 5190.0 -500.0 33 -84 211.35099999999994 236.37399999999997 88
3540.0 304.66900000000004 16 3600.0 -160.0 25 -43 139.395 150.20399999999995 16
3640.0 440.97300000000007 15 3930.0 -330.0 40 -72 174.91599999999997 183.564 33
4390.0 490.211 18 4800.0 -410.0 42 -80 189.62200000000004 211.757 41
5180.0 544.3419999999998 21 5310.0 -270.0 35 -87 240.28199999999995 222.17199999999997 29
5570.0 574.1250000000001 21 5610.0 -40.0 8 -78 281.589 256.206 4
5260.0 632.6270000000001 22 5370.0 -110.0 22 -98 276.803 240.30599999999995 11
4330.0 833.4859999999999 21 4710.0 -380.0 42 -99 291.8159999999999 229.51999999999998 38
5700.0 1228.9630000000002 20 6600.0 -900.0 80 -105 338.6159999999999 282.47399999999993 90
4405.0 481.32500000000005 17 4620.0 -215.0 29 -80 189.699 194.551 26
3760.0 365.10400000000004 18 3930.0 -230.0 34 -54 184.79599999999994 141.635 23
4450.0 452.44199999999984 17 4620.0 -170.0 28 -81 187.999 164.92999999999998 17
4280.0 500.094 20 4530.0 -250.0 32 -77 199.21299999999994 190.01499999999996 25
4850.0 458.10499999999996 22 5010.0 -160.0 14 -66 225.17599999999993 196.173 16
5180.0 535.4819999999997 16 5610.0 -470.0 55 -85 228.48999999999998 234.6179999999999 47
4360.0 479.10499999999996 15 4410.0 -50.0 4 -66 244.32799999999995 197.25099999999998 5
4380.0 484.1729999999998 19 4500.0 -120.0 24 -74 220.385 202.58299999999997 12
4810.0 523.8899999999999 23 4920.0 -110.0 22 -85 228.975 219.37300000000002 11
5810.0 539.3729999999998 20 5940.0 -130.0 16 -87 215.15899999999996 262.0189999999999 13
4740.0 477.8839999999998 18 4860.0 -270.0 37 -66 198.01299999999995 219.8319999999999 27
3820.0 402.08799999999997 15 3990.0 -210.0 27 -58 179.93700000000004 174.682 17
3240.0 387.416 11 3360.0 -120.0 24 -60 189.83400000000003 139.84199999999998 12
4590.0 505.85800000000006 20 4710.0 -120.0 20 -78 234.671 209.26799999999997 8
5320.0 629.4979999999998 23 5490.0 -170.0 34 -93 282.654 261.559 17
5770.0 617.699 19 5880.0 -110.0 9 -84 291.9469999999999 264.277 13
5160.0 560.563 26 5430.0 -330.0 28 -74 265.91299999999984 250.32400000000007 33
5070.0 576.6539999999999 20 5250.0 -180.0 30 -93 256.131 231.07899999999987 12
3990.0 466.31799999999987 17 4050.0 -60.0 5 -76 212.4459999999999 179.86599999999999 6
4680.0 478.944 18 4740.0 -60.0 5 -67 231.94599999999997 207.68999999999994 6
5530.0 610.442 20 5790.0 -400.0 72 -91 244.48000000000005 251.21099999999993 40
5080.0 506.432 21 5190.0 -110.0 22 -69 231.25399999999993 243.26999999999995 11
5040.0 531.1779999999999 19 5340.0 -300.0 50 -97 203.26699999999997 222.21 30
2620.0 554.8499999999996 14 4020.0 -1440.0 59 -55 173.98899999999995 156.572 257
4710.0 429.20199999999994 18 4830.0 -120.0 24 -73 194.158 185.61599999999996 12
5280.0 593.995 23 5550.0 -280.0 57 -79 275.3159999999999 251.61999999999995 28
3410.0 409.2769999999999 17 3480.0 -70.0 14 -70 177.47199999999995 150.31799999999998 7
4590.0 454.4399999999998 21 4770.0 -180.0 30 -69 183.51899999999992 216.30399999999997 12
4230.0 526.7929999999997 21 4620.0 -400.0 73 -91 213.46199999999996 182.161 40
4140.0 356.27899999999994 15 4230.0 -110.0 22 -68 144.56199999999998 159.25099999999998 11
5740.0 561.0740000000001 22 5970.0 -230.0 34 -95 229.19099999999995 249.11499999999995 17
5610.0 515.3259999999999 22 5760.0 -150.0 30 -86 218.928 230.34799999999998 15
5280.0 643.3579999999998 22 5490.0 -210.0 34 -86 319.64099999999996 251.067 14
5220.0 531.692 19 5460.0 -250.0 50 -80 195.64 243.725 25
4200.0 568.8999999999999 20 4440.0 -240.0 41 -97 219.65499999999997 199.844 18
4950.0 445.30800000000005 19 4950.0 0.0 0 -73 189.14399999999995 212.12599999999995 0
4440.0 566.8510000000001 19 4560.0 -120.0 24 -85 266.41 210.688 12
2860.0 397.743 15 3150.0 -320.0 43 -65 162.235 147.495 32
4260.0 424.65200000000004 21 4410.0 -150.0 25 -72 162.96900000000002 197.35999999999993 10
4920.0 521.0629999999999 17 5190.0 -270.0 19 -71 228.328 216.50500000000002 27
4500.0 479.29099999999994 22 4620.0 -120.0 24 -80 219.49199999999993 192.03199999999995 12
4690.0 491.7800000000001 19 4860.0 -170.0 29 -89 185.22299999999993 200.20399999999995 21
5350.0 619.3780000000002 24 5580.0 -230.0 37 -83 305.8520000000001 250.95699999999988 23
5640.0 485.06499999999994 20 5820.0 -180.0 16 -81 203.06899999999996 229.03300000000007 18
4065.0 445.264 18 4260.0 -195.0 33 -81 159.43200000000002 169.4439999999999 24
7340.0 776.7169999999999 19 7680.0 -340.0 47 -119 332.48899999999986 306.25799999999987 34
4010.0 451.97299999999996 21 4140.0 -130.0 26 -71 203.907 166.24399999999997 13
3840.0 1807.795999999999 17 4890.0 -1150.0 94 -88 190.56799999999993 211.75599999999997 115
3100.0 404.34399999999994 15 3240.0 -140.0 28 -64 173.92299999999994 150.48399999999998 14
3635.0 409.98600000000005 17 3780.0 -145.0 25 -61 172.50199999999995 171.99099999999999 18
3250.0 382.4199999999999 14 3450.0 -200.0 30 -66 152.515 133.46699999999996 20
4880.0 630.0989999999997 24 5250.0 -380.0 67 -82 290.45399999999995 246.38599999999997 32
4140.0 416.43 19 4170.0 -50.0 10 -56 206.39999999999998 178.48999999999998 5
5260.0 540.7939999999999 15 5490.0 -230.0 33 -96 221.57199999999995 211.32299999999992 23
5630.0 639.4239999999998 22 5760.0 -130.0 26 -95 281.1579999999999 260.294 13
4750.0 565.9660000000001 20 4980.0 -290.0 35 -78 276.6840000000001 223.56799999999996 29
4250.0 481.081 18 4350.0 -100.0 11 -78 174.905 215.65499999999997 10
4760.0 527.8879999999999 17 4950.0 -190.0 17 -82 234.06499999999994 228.86300000000006 19
4040.0 513.3839999999999 21 4320.0 -400.0 50 -77 228.67699999999994 183.95499999999998 40
5100.0 499.9639999999999 21 5220.0 -120.0 20 -72 255.73099999999997 209.976 8
3530.0 448.90299999999996 19 3750.0 -240.0 30 -69 159.95299999999995 171.60799999999998 24
4200.0 436.9219999999999 17 4320.0 -120.0 24 -66 187.29299999999998 182.15399999999988 12
4730.0 484.47399999999993 15 4830.0 -100.0 20 -82 214.779 198.88099999999991 10
4070.0 418.347 16 4230.0 -160.0 27 -66 172.15299999999996 183.63899999999995 20
5400.0 638.091 18 5700.0 -300.0 38 -115 246.843 241.357 30
4370.0 472.8099999999999 19 4590.0 -260.0 36 -69 203.20900000000003 200.94 26
3915.0 745.7769999999997 16 5040.0 -1305.0 56 -76 240.1889999999999 197.38599999999994 250
4485.0 1047.5709999999997 17 5550.0 -1065.0 29 -85 223.126 200.06099999999995 206
4680.0 575.0409999999999 24 4800.0 -120.0 24 -71 286.8669999999999 214.36299999999994 12
5230.0 594.651 20 5430.0 -200.0 32 -94 263.579 230.856 20
3830.0 429.00199999999984 20 4230.0 -470.0 64 -59 169.44200000000004 172.20399999999998 47
4390.0 481.66799999999995 16 4470.0 -80.0 16 -94 162.711 196.91500000000002 8
5860.0 698.499 18 6300.0 -460.0 70 -100 216.09299999999996 262.163 46
5010.0 512.423 17 5430.0 -600.0 80 -91 159.233 227.19 60
5440.0 519.328 16 5550.0 -110.0 22 -89 202.62099999999992 247.89699999999996 11
4770.0 525.494 19 4860.0 -270.0 45 -74 251.19900000000007 215.19399999999993 18
4550.0 477.581 17 4710.0 -160.0 32 -85 193.767 184.256 16
5560.0 578.7069999999998 17 5760.0 -200.0 36 -90 247.05399999999995 230.4259999999999 23
6160.0 580.5569999999997 17 6270.0 -110.0 22 -94 248.44099999999995 273.6869999999999 11
3390.0 462.19899999999984 17 3630.0 -240.0 32 -69 193.89999999999992 159.38100000000003 24
4020.0 500.4329999999999 18 4770.0 -750.0 76 -80 220.20299999999997 190.868 75
5500.0 541.686 17 5640.0 -140.0 28 -87 242.34599999999995 225.95799999999994 14
5080.0 631.9269999999999 21 5220.0 -140.0 28 -91 266.407 257.5349999999999 14
4380.0 545.2489999999998 15 4590.0 -210.0 35 -83 234.16299999999993 216.91399999999996 21
5640.0 558.7099999999998 20 5880.0 -300.0 53 -102 212.95599999999996 240.78699999999995 30
4170.0 424.724 14 4290.0 -120.0 24 -80 162.914 161.138 12
4985.0 531.9249999999997 21 5040.0 -55.0 7 -74 239.13099999999997 225.16699999999997 11
5980.0 644.2429999999999 18 6150.0 -170.0 34 -103 260.7079999999999 265.8329999999999 17
5290.0 570.522 19 5490.0 -200.0 40 -86 226.14899999999992 256.50799999999987 20
3400.0 358.84200000000004 13 3570.0 -180.0 37 -50 169.242 159.72699999999998 18
4690.0 510.7179999999999 19 4830.0 -140.0 17 -85 215.21999999999997 203.249 14
5850.0 613.609 23 6090.0 -280.0 57 -90 306.80599999999987 247.83499999999992 28
4070.0 391.874 12 4170.0 -100.0 20 -67 153.415 175.78199999999995 10
4745.0 427.937 16 4800.0 -55.0 7 -73 184.00400000000002 190.87499999999997 11
4710.0 475.979 21 4980.0 -270.0 23 -69 222.056 199.7379999999999 31
4950.0 499.592 19 5070.0 -120.0 20 -72 250.505 207.477 8
3800.0 412.62199999999996 20 4110.0 -390.0 38 -65 183.13299999999998 170.90699999999998 39
3930.0 392.077 13 4020.0 -90.0 18 -61 166.98199999999994 179.86599999999999 9
4390.0 488.77599999999984 19 4500.0 -140.0 28 -92 160.21199999999996 186.24099999999996 14
5440.0 592.1119999999996 25 5760.0 -320.0 41 -93 293.6329999999999 229.38099999999997 32
5280.0 514.3530000000001 16 5490.0 -220.0 45 -72 239.28199999999998 239.308 22
4340.0 520.0289999999999 20 4530.0 -190.0 27 -76 236.211 205.01599999999996 19
5260.0 566.038 19 5400.0 -140.0 12 -85 267.561 232.94699999999995 14
4830.0 487.26599999999996 19 5010.0 -180.0 29 -78 218.30999999999997 198.482 18
4080.0 489.516 22 4380.0 -300.0 36 -78 206.42600000000002 183.98099999999997 30
5110.0 842.4240000000001 20 5760.0 -680.0 70 -94 247.61599999999993 244.72099999999995 68
4595.0 439.38399999999996 19 4710.0 -115.0 21 -73 196.57799999999992 187.98099999999994 13
4390.0 418.107 17 4620.0 -230.0 20 -66 175.92900000000006 186.606 23
5370.0 440.60100000000006 18 5460.0 -90.0 13 -87 177.489 199.16099999999994 9
6040.0 678.3919999999998 23 6210.0 -170.0 31 -103 304.22599999999994 281.7199999999999 17
5370.0 495.212 14 5610.0 -240.0 48 -97 188.13499999999996 190.76599999999996 24
4120.0 448.8139999999998 17 4380.0 -260.0 23 -69 202.218 187.55999999999997 26
5390.0 655.6209999999999 19 5760.0 -370.0 44 -98 236.07299999999998 255.12 37
5150.0 577.431 22 5310.0 -160.0 25 -85 269.19599999999997 230.80099999999996 16
5130.0 506.2539999999999 21 5280.0 -150.0 30 -84 197.14599999999996 213.04599999999994 15
3920.0 478.2540000000001 17 4080.0 -160.0 14 -63 230.635 191.61599999999993 16
4630.0 480.56800000000004 22 4770.0 -140.0 28 -89 187.331 193.54399999999995 14
3510.0 417.21299999999997 20 3660.0 -150.0 18 -66 194.36899999999994 162.61399999999998 13
5760.0 536.632 17 5910.0 -150.0 30 -91 220.52399999999997 233.43699999999995 15
4550.0 463.7349999999998 16 5010.0 -460.0 85 -81 183.73899999999998 183.33200000000002 52
2820.0 338.011 16 3150.0 -350.0 40 -50 146.879 136.73900000000003 35
3090.0 408.1700000000001 20 3330.0 -280.0 34 -66 186.29699999999997 144.84199999999998 28
3960.0 541.0919999999999 10 4950.0 -1130.0 59 -81 100.405 171.20899999999995 206
3780.0 479.424 17 4110.0 -420.0 51 -63 164.92699999999994 174.859 50
5710.0 658.2629999999998 18 6000.0 -310.0 62 -111 224.262 256.93799999999993 31
6450.0 619.7990000000001 18 6870.0 -420.0 40 -114 231.98499999999993 255.78099999999992 42
4890.0 542.987 18 4980.0 -90.0 18 -76 242.47 231.6589999999999 9
4420.0 520.8079999999998 20 4530.0 -110.0 22 -71 258.755 191.40499999999997 11
4740.0 511.11199999999985 19 4920.0 -180.0 29 -78 214.39000000000001 213.27799999999993 12
5270.0 522.2059999999999 20 5430.0 -160.0 33 -86 216.92399999999998 215.45999999999998 16
4800.0 524.297 19 4980.0 -180.0 28 -87 222.21699999999998 202.85600000000002 18
3210.0 430.69499999999994 19 3510.0 -340.0 43 -69 196.19299999999996 165.87300000000005 34
3440.0 456.0439999999999 18 3570.0 -170.0 34 -76 189.17599999999996 160.74199999999993 17
5180.0 592.4329999999999 24 5310.0 -130.0 26 -85 276.278 230.89699999999996 13
4580.0 515.3149999999999 18 4800.0 -220.0 26 -79 216.70099999999994 213.07999999999998 22
5660.0 609.7799999999999 24 5790.0 -130.0 26 -91 288.81899999999996 233.776 13
4280.0 443.1309999999999 23 4380.0 -100.0 20 -65 199.87 193.52299999999997 10
4830.0 503.4560000000001 15 5010.0 -180.0 29 -73 220.80599999999998 216.86300000000003 18
4720.0 544.5809999999998 22 4980.0 -310.0 39 -89 235.1280000000001 214.205 31
4240.0 546.418 20 4440.0 -200.0 31 -90 231.82599999999996 210.30899999999997 20
3580.0 525.554 21 3720.0 -140.0 23 -80 219.17599999999993 196.75899999999996 14
6790.0 730.9079999999997 22 7200.0 -530.0 62 -106 330.44500000000005 314.7469999999999 53
5160.0 591.637 17 5370.0 -210.0 36 -83 262.24999999999994 219.52799999999993 21
4900.0 528.724 22 5160.0 -300.0 44 -72 230.81 235.34099999999998 30
4380.0 526.0399999999998 18 4650.0 -270.0 36 -87 201.12599999999995 211.142 27
4390.0 655.8300000000002 19 4860.0 -510.0 73 -110 260.5349999999999 219.166 51
3640.0 479.38700000000017 16 4260.0 -620.0 74 -76 163.75300000000001 153.17699999999996 62
4840.0 492.3539999999999 15 4980.0 -260.0 39 -76 204.91799999999995 223.25699999999998 26
4460.0 480.18000000000006 19 4620.0 -360.0 43 -69 231.45 203.35099999999994 36
4770.0 707.2340000000002 16 5040.0 -270.0 20 -87 201.60199999999998 225.464 27
5420.0 678.199 20 5730.0 -310.0 44 -101 287.81299999999993 245.17100000000008 31
4760.0 512.4090000000001 18 4950.0 -190.0 28 -73 246.83999999999995 220.27899999999997 18
3630.0 361.58599999999996 17 3630.0 0.0 0 -62 180.43399999999994 134.328 0
3790.0 427.06699999999995 18 3870.0 -80.0 16 -66 202.19800000000006 155.6 8
4925.0 593.0979999999998 22 5130.0 -205.0 18 -89 249.31100000000004 243.94399999999996 25
5710.0 569.1729999999998 18 6060.0 -370.0 63 -102 199.43399999999997 225.095 37
3670.0 331.41999999999996 18 3810.0 -140.0 28 -64 118.11599999999999 147.70899999999997 14
4490.0 487.92100000000005 16 4620.0 -130.0 26 -73 207.54999999999998 203.432 13
5360.0 592.6289999999999 19 5580.0 -220.0 44 -93 245.23199999999997 238.17499999999993 22
3870.0 452.94800000000004 18 3990.0 -140.0 29 -65 230.32599999999994 177.37199999999996 14
4100.0 454.374 17 4200.0 -310.0 32 -78 184.87600000000003 188.50799999999998 31
3990.0 441.5249999999999 16 3990.0 0.0 0 -67 192.49800000000002 191.44299999999998 0
3345.0 346.8349999999999 18 3510.0 -165.0 27 -59 127.83399999999999 158.21199999999996 11
4710.0 500.63799999999975 23 4860.0 -150.0 30 -72 221.66899999999995 206.893 15
3820.0 471.72299999999984 22 4170.0 -410.0 52 -75 191.48299999999998 185.17999999999995 41
4190.0 533.3539999999998 16 4500.0 -310.0 43 -82 195.528 189.95899999999995 31
5640.0 551.3940000000002 19 5790.0 -150.0 30 -81 243.37399999999997 266.421 15
5080.0 580.0969999999998 20 5280.0 -200.0 31 -90 270.61999999999995 226.58599999999996 20
4150.0 417.0210000000001 20 4260.0 -110.0 22 -68 201.628 163.9 11
3890.0 519.4859999999999 18 4050.0 -160.0 25 -74 251.50799999999998 169.22999999999996 16
3640.0 416.58299999999997 16 3750.0 -110.0 22 -72 175.00499999999997 158.79999999999998 11
6480.0 474.183 17 6840.0 -450.0 48 -98 168.04699999999997 208.26 45
3120.0 380.2759999999999 15 3330.0 -300.0 60 -59 151.10999999999996 148.08399999999997 30
5420.0 602.1529999999999 23 5580.0 -240.0 48 -86 268.2439999999999 236.08499999999995 24
5780.0 669.3269999999998 24 6120.0 -340.0 29 -83 343.72599999999994 252.066 34
5400.0 545.6699999999998 18 5520.0 -120.0 17 -88 239.386 223.69099999999997 12
5400.0 512.1189999999999 23 5400.0 -60.0 12 -69 247.3709999999999 239.31799999999998 6
4610.0 478.37500000000006 16 4770.0 -160.0 32 -77 211.439 205.574 16
3230.0 382.79299999999995 18 3330.0 -100.0 20 -78 150.07799999999995 137.32099999999997 10
4740.0 646.893 18 5250.0 -510.0 44 -106 188.55699999999996 234.725 51
5880.0 639.6330000000002 21 6090.0 -210.0 34 -107 263.76800000000003 236.809 21
5640.0 648.292 19 5850.0 -210.0 34 -95 278.6479999999999 263.54499999999996 21
4290.0 500.123 20 4380.0 -90.0 8 -77 230.73599999999996 188.545 9
4590.0 497.84899999999993 22 4590.0 0.0 0 -71 241.18399999999994 187.759 0
4620.0 514.2810000000001 17 4920.0 -310.0 64 -76 223.812 231.551 31
6300.0 640.599 21 6510.0 -210.0 42 -100 257.976 288.231 21
4050.0 547.274 16 4230.0 -180.0 30 -83 221.63199999999998 191.29799999999994 18
4560.0 498.4779999999999 20 4710.0 -230.0 41 -76 247.40899999999996 188.19999999999996 18
4520.0 471.7929999999999 20 4680.0 -160.0 24 -79 212.30999999999997 186.022 16
4520.0 451.289 19 4710.0 -190.0 28 -72 200.52699999999996 203.91300000000004 19
4665.0 421.66199999999986 16 4920.0 -255.0 22 -78 139.44899999999998 187.70599999999996 40
2450.0 373.5030000000001 15 2580.0 -130.0 10 -54 159.06 117.48399999999998 13
3990.0 422.52199999999993 19 4170.0 -180.0 36 -74 182.00599999999997 158.68999999999997 18
4520.0 804.0589999999999 17 4770.0 -250.0 16 -77 195.16799999999998 216.505 25
4220.0 408.26799999999986 18 4350.0 -130.0 26 -71 174.82899999999995 181.688 13
4450.0 576.28 22 4620.0 -200.0 35 -91 248.60099999999994 200.55999999999995 20
4170.0 494.038 21 4260.0 -90.0 18 -68 227.00999999999996 195.98899999999998 9
5010.0 499.053 20 5160.0 -150.0 25 -87 216.477 204.33199999999997 10
3800.0 379.76099999999985 17 3900.0 -100.0 20 -67 180.63599999999994 149.69299999999996 10
5750.0 538.425 20 5880.0 -130.0 26 -90 232.33299999999997 231.72799999999992 13
4700.0 479.85600000000005 18 4800.0 -460.0 52 -67 225.66199999999998 215.14699999999988 46
3625.0 400.23799999999994 19 3690.0 -65.0 5 -62 169.47400000000002 159.563 13
4650.0 470.11000000000007 23 4650.0 0.0 0 -67 221.16099999999994 213.47599999999994 0
4410.0 508.6189999999999 20 4530.0 -120.0 24 -86 223.85999999999996 199.53199999999995 12
4890.0 458.955 18 4950.0 -60.0 5 -69 187.45099999999996 203.02199999999996 6
6410.0 698.873 20 6630.0 -220.0 36 -106 308.9009999999999 285.502 22
4930.0 472.508 22 4980.0 -50.0 10 -66 218.726 211.26399999999995 5
5050.0 536.3489999999999 21 5130.0 -80.0 7 -84 244.63499999999996 220.59 8
4640.0 508.433 17 4770.0 -130.0 20 -88 200.49500000000003 206.72499999999994 13
4200.0 803.6519999999996 19 4980.0 -880.0 85 -79 162.54799999999994 218.588 88
5630.0 550.6859999999998 20 5790.0 -160.0 32 -93 227.277 240.57099999999994 16
4570.0 600.8349999999998 18 4860.0 -290.0 19 -78 243.06699999999998 218.913 29
3890.0 490.762 19 4020.0 -130.0 21 -73 242.82199999999995 167.47499999999997 13
5270.0 484.9179999999999 21 5370.0 -100.0 20 -73 222.18399999999994 234.10500000000002 10
4800.0 563.0040000000001 18 4920.0 -120.0 24 -100 226.86500000000004 214.52899999999997 12
3860.0 428.72099999999995 17 4050.0 -210.0 27 -64 182.31300000000002 185.84999999999997 21
3525.0 455.3679999999999 14 3780.0 -255.0 37 -77 179.76399999999998 170.929 31
5080.0 617.7129999999999 21 5370.0 -290.0 41 -93 253.02199999999993 245.57999999999993 29
6930.0 585.906 19 7170.0 -240.0 40 -95 267.67999999999995 280.498 24
4370.0 568.2529999999999 21 4530.0 -160.0 33 -89 268.346 206.15999999999994 16
4020.0 488.952 17 4380.0 -360.0 44 -88 148.80800000000002 170.17299999999997 53
4740.0 531.119 18 4890.0 -150.0 30 -95 207.67999999999998 206.879 15
4340.0 477.4219999999999 16 4590.0 -250.0 37 -90 191.24499999999998 175.95999999999998 29
5980.0 610.6800000000001 23 6210.0 -230.0 36 -92 268.678 242.78799999999993 23
4380.0 561.572 21 4680.0 -300.0 19 -84 222.103 204.171 30
4970.0 464.51500000000004 21 5070.0 -100.0 20 -83 218.53799999999998 186.861 10
5220.0 599.74 19 5580.0 -400.0 81 -88 257.83099999999996 242.20199999999997 40
4620.0 484.2150000000001 22 4740.0 -120.0 10 -79 214.73099999999994 209.50400000000002 12
5145.0 571.5039999999999 22 5280.0 -135.0 18 -83 226.436 244.59199999999993 16
4710.0 519.479 19 4860.0 -150.0 30 -83 224.706 209.93799999999996 15
4395.0 489.22399999999993 17 4560.0 -325.0 60 -80 202.23499999999999 208.51499999999996 27
5400.0 521.5300000000001 17 5520.0 -120.0 24 -81 233.11299999999997 244.41500000000002 12
5120.0 537.7160000000002 20 5280.0 -160.0 25 -87 242.75300000000004 221.1609999999999 16
5220.0 648.7180000000001 21 5370.0 -150.0 30 -88 305.0239999999999 250.6609999999999 15
6620.0 663.855 21 6780.0 -160.0 29 -105 275.518 307.136 16
3010.0 322.691 18 3210.0 -200.0 31 -49 154.135 132.16799999999998 20
3510.0 468.94499999999994 18 3720.0 -370.0 66 -78 195.42299999999992 170.46699999999998 37
4650.0 541.0140000000001 17 4980.0 -330.0 36 -86 214.298 216.55399999999995 33
4670.0 402.689 17 4830.0 -160.0 32 -77 176.717 162.743 16
3870.0 466.38699999999994 21 3930.0 -330.0 57 -75 206.90799999999996 169.70600000000002 24
6640.0 662.5029999999997 22 6990.0 -400.0 51 -92 277.15199999999993 257.41100000000006 40
3480.0 385.20099999999996 14 3540.0 -60.0 5 -70 142.59099999999998 152.42699999999996 6
4590.0 495.0820000000001 18 4830.0 -240.0 41 -87 215.591 189.547 30
4310.0 461.93899999999996 16 4410.0 -100.0 20 -77 211.17799999999994 183.571 10
5330.0 546.0839999999997 22 5550.0 -220.0 35 -85 229.52499999999995 239.04499999999993 22
3940.0 463.83799999999985 16 4140.0 -200.0 29 -73 198.4149999999999 167.699 20
5030.0 624.878 19 5340.0 -310.0 51 -86 262.2489999999999 233.968 31
5790.0 729.0860000000002 17 6390.0 -600.0 73 -112 229.35100000000003 255.76899999999995 68
3850.0 454.0779999999999 15 3960.0 -230.0 47 -67 215.58799999999997 175.74299999999997 23
5060.0 557.3679999999999 22 5490.0 -430.0 34 -77 269.98 246.56299999999996 43
4110.0 438.72200000000004 17 4320.0 -220.0 44 -67 164.02200000000002 188.916 22
3230.0 450.28999999999996 17 3420.0 -190.0 29 -75 213.53799999999998 134.69899999999996 19
3410.0 393.399 19 3630.0 -220.0 19 -51 194.29699999999997 163.58999999999995 22
3890.0 500.9439999999999 18 4080.0 -190.0 27 -93 184.275 183.736 19
6040.0 518.8389999999999 19 6420.0 -420.0 49 -81 217.92399999999995 243.54399999999993 42
4950.0 454.5679999999999 16 4950.0 0.0 0 -71 225.08699999999996 186.51199999999997 0
4180.0 499.66599999999994 17 4320.0 -140.0 28 -85 226.80999999999997 183.07 14
5020.0 614.867 19 5280.0 -440.0 77 -91 271.31699999999995 222.00099999999995 41
4045.0 1157.0980000000006 17 4770.0 -865.0 79 -86 227.335 179.994 79
4510.0 593.727 23 4650.0 -140.0 25 -87 243.46699999999998 218.8419999999999 14
3670.0 440.2980000000001 17 3990.0 -350.0 50 -74 178.89599999999996 173.28099999999992 35
4150.0 495.306 18 4290.0 -140.0 28 -92 219.00900000000001 171.265 14
5090.0 614.546 16 5250.0 -160.0 29 -99 237.18399999999994 225.99399999999991 16
3030.0 302.66799999999995 16 3030.0 0.0 0 -58 109.31600000000003 131.47699999999998 0
3860.0 506.17399999999986 21 4110.0 -250.0 33 -71 194.31999999999994 193.772 25
4800.0 464.9529999999998 18 4950.0 -150.0 30 -85 173.30899999999997 195.774 15
3850.0 433.37 20 4110.0 -270.0 45 -68 182.50799999999998 176.338 27
5190.0 516.135 19 5370.0 -180.0 29 -82 215.8589999999999 223.79199999999994 12
5180.0 589.5669999999999 19 5490.0 -310.0 44 -104 222.13699999999997 237.89399999999992 24
6560.0 497.54699999999997 18 7020.0 -510.0 62 -99 216.32999999999998 203.152 51
6100.0 566.4479999999998 18 6240.0 -140.0 28 -96 208.70199999999997 268.49999999999983 14
3880.0 402.0029999999999 14 4020.0 -260.0 36 -78 132.05999999999995 179.23299999999995 26
5540.0 606.6639999999999 18 5700.0 -310.0 63 -92 262.233 251.71699999999996 31
5220.0 536.6670000000001 17 5280.0 -60.0 12 -82 252.50199999999998 215.7789999999999 6
5660.0 679.9940000000001 22 6000.0 -355.0 56 -96 284.253 275.793 32
4660.0 402.67 18 4860.0 -200.0 40 -85 152.141 159.76399999999995 20
4590.0 511.83799999999985 19 4650.0 -120.0 24 -76 247.66799999999995 198.815 12
5030.0 748.2070000000001 18 5700.0 -670.0 94 -89 253.14299999999997 229.26399999999995 67
4320.0 405.798 18 4530.0 -210.0 26 -75 175.928 172.31100000000004 21
4580.0 514.4799999999999 19 4710.0 -130.0 26 -81 222.851 206.17299999999994 13
3830.0 383.5829999999999 15 3960.0 -130.0 21 -67 131.218 182.98100000000002 13
4400.0 498.8919999999999 19 4560.0 -160.0 27 -83 220.01699999999997 207.64099999999996 16
4260.0 445.4239999999999 20 4320.0 -150.0 23 -72 200.45399999999998 181.71799999999996 15
4500.0 501.655 20 4620.0 -120.0 24 -79 225.48799999999994 191.51499999999993 12
4200.0 504.9159999999998 22 4380.0 -180.0 28 -82 206.41299999999995 205.64900000000003 18
3640.0 1211.7149999999997 19 4410.0 -840.0 58 -56 197.66199999999998 177.678 84
4180.0 379.795 14 4260.0 -80.0 16 -70 136.831 178.226 8
4660.0 553.333 20 4770.0 -110.0 22 -81 257.035 208.03399999999993 11
3730.0 435.54900000000004 15 3960.0 -230.0 38 -75 179.95199999999994 156.01299999999998 23
4340.0 506.00799999999987 19 4530.0 -230.0 39 -89 202.63799999999995 186.24900000000002 23
4710.0 673.9410000000003 22 5370.0 -680.0 73 -92 236.00899999999993 254.119 62
5240.0 589.8220000000001 20 5610.0 -370.0 27 -91 246.92100000000002 229.144 37
5450.0 623.972 18 5670.0 -220.0 31 -88 257.3639999999999 252.58199999999994 22
4390.0 347.5379999999999 20 4440.0 -50.0 4 -69 135.54699999999997 162.75300000000001 5
5450.0 546.0940000000003 25 5640.0 -190.0 31 -78 261.27900000000005 244.89099999999996 19
4430.0 499.2539999999999 18 4650.0 -220.0 35 -83 200.99199999999996 197.70000000000002 22
3240.0 368.8669999999998 13 3300.0 -60.0 5 -61 126.61099999999998 129.95399999999998 6
4270.0 510.22800000000007 19 4440.0 -170.0 27 -70 247.95399999999995 199.21399999999994 17
4605.0 545.1639999999999 19 4800.0 -195.0 33 -74 240.48999999999995 226.43599999999992 25
4250.0 507.43699999999995 20 4440.0 -190.0 32 -87 220.26999999999998 197.76 19
4290.0 506.2500000000001 17 4470.0 -180.0 29 -86 191.768 175.152 18
4150.0 470.4549999999999 17 4260.0 -110.0 22 -70 210.80499999999998 210.54000000000002 11
4200.0 477.467 19 4350.0 -150.0 13 -62 208.51199999999997 193.968 15
4850.0 494.00500000000005 20 4980.0 -130.0 18 -84 208.08699999999996 215.658 13
3910.0 525.099 18 4050.0 -180.0 30 -64 277.207 190.04000000000002 18
2180.0 1647.7919999999997 15 3180.0 -1000.0 70 -65 138.745 118.04299999999996 100
5240.0 506.6979999999999 18 5400.0 -160.0 32 -90 186.96499999999995 231.27300000000002 16
4560.0 522.646 20 4800.0 -240.0 21 -80 234.28 210.247 24
5010.0 579.0519999999998 22 5190.0 -180.0 28 -81 268.39699999999993 239.87999999999994 18
6090.0 663.2969999999999 21 6300.0 -210.0 29 -104 302.4979999999999 266.948 21
5640.0 515.0569999999999 23 5760.0 -120.0 25 -74 238.44599999999997 248.11199999999997 12
6160.0 662.207 24 6300.0 -140.0 28 -92 324.77099999999996 275.199 14
4930.0 537.9839999999999 20 5100.0 -170.0 34 -90 211.954 227.84799999999998 17
5520.0 572.4640000000003 25 5850.0 -480.0 59 -85 270.7289999999999 240.64299999999997 41
4880.0 546.5019999999998 17 5010.0 -130.0 26 -72 247.41999999999987 235.39799999999994 13
5390.0 541.5100000000001 22 5490.0 -100.0 20 -79 242.445 256.692 10
4420.0 486.6479999999999 19 4500.0 -80.0 7 -73 215.015 209.77799999999993 8
6290.0 575.7680000000001 19 6420.0 -130.0 26 -101 223.94499999999994 260.42499999999995 13
3990.0 469.04499999999996 19 4140.0 -150.0 26 -70 227.80899999999994 164.53099999999995 18
3980.0 424.50499999999994 16 4050.0 -70.0 14 -66 197.503 179.57399999999998 7
5330.0 501.282 21 5550.0 -220.0 34 -93 206.83100000000002 210.7039999999999 22
3840.0 461.511 17 3960.0 -240.0 49 -72 205.28699999999992 165.60799999999998 24
2810.0 360.9380000000001 16 3000.0 -350.0 31 -53 174.80999999999995 133.81299999999996 35
4820.0 602.261 21 5040.0 -220.0 39 -80 290.62399999999997 205.268 26
5340.0 537.0019999999998 21 5520.0 -180.0 36 -97 232.58099999999996 198.388 18
5525.0 620.021 22 5880.0 -355.0 37 -88 273.074 236.53199999999995 55
4860.0 589.238 21 5310.0 -495.0 77 -85 243.12399999999997 241.88699999999997 41
4700.0 529.3069999999999 19 4920.0 -220.0 31 -88 166.803 223.02399999999997 22
4290.0 570.5659999999999 17 4470.0 -180.0 33 -92 208.702 200.951 18
4550.0 448.777 19 4680.0 -130.0 26 -73 193.80800000000002 205.13599999999994 13
3930.0 493.62500000000006 23 4050.0 -120.0 14 -68 233.94999999999996 186.2659999999999 12
4490.0 468.2019999999999 19 4590.0 -100.0 9 -77 231.579 179.3119999999999 10
5160.0 672.359 18 5400.0 -240.0 26 -88 195.01999999999998 216.85799999999992 24
5450.0 610.214 17 5760.0 -350.0 62 -95 226.75799999999998 272.1759999999999 31
4970.0 552.2019999999999 19 5130.0 -160.0 32 -95 216.46799999999996 234.158 16
4250.0 539.1369999999998 19 4470.0 -220.0 21 -89 251.27599999999993 168.39899999999997 22
3330.0 282.7129999999999 18 3330.0 0.0 0 -47 127.814 127.58699999999999 0
3605.0 446.513 18 3900.0 -445.0 78 -71 172.919 175.21199999999993 34
4300.0 510.90199999999993 20 4440.0 -140.0 24 -84 205.51299999999995 187.90699999999995 14
5000.0 679.2079999999996 15 5250.0 -250.0 32 -101 251.99799999999996 230.48499999999987 25
4750.0 515.853 19 4860.0 -110.0 22 -80 228.69499999999996 209.10599999999994 11
3185.0 369.1389999999999 13 3330.0 -145.0 26 -66 130.705 147.714 17
6710.0 643.0539999999999 25 6900.0 -190.0 31 -117 271.84999999999997 266.45699999999994 19
4670.0 564.487 18 4800.0 -130.0 26 -86 243.519 220.755 13
5230.0 551.327 18 5370.0 -140.0 24 -84 220.70799999999997 245.8999999999999 14
4640.0 529.1540000000001 25 4770.0 -130.0 26 -83 252.752 200.33399999999995 13
3540.0 336.2460000000001 16 3540.0 0.0 0 -53 154.496 148.80399999999997 0
5840.0 539.811 19 6060.0 -220.0 31 -87 165.7 269.76199999999994 17
4780.0 522.8409999999998 21 5070.0 -300.0 61 -82 239.74099999999993 212.06999999999994 30
5130.0 833.3670000000003 16 5340.0 -210.0 14 -74 249.09599999999998 245.90899999999996 21
4310.0 533.0089999999999 16 4590.0 -280.0 25 -88 215.348 215.24599999999995 28
5550.0 660.4460000000001 23 5850.0 -390.0 61 -107 266.32700000000006 268.09399999999994 32
4520.0 585.7869999999998 17 4740.0 -220.0 27 -93 229.37900000000002 196.83299999999994 22
5430.0 511.9789999999999 18 5520.0 -180.0 36 -84 220.66599999999997 225.13299999999998 18
3750.0 426.9789999999999 21 3870.0 -120.0 24 -64 183.51599999999996 183.30999999999997 12
3665.0 564.938 19 4140.0 -475.0 89 -81 228.25699999999995 190.209 42
5010.0 587.3989999999999 19 5280.0 -270.0 36 -91 238.77200000000002 220.89800000000002 27
5390.0 577.2599999999998 19 5640.0 -250.0 27 -87 210.519 207.03199999999998 25
4490.0 599.0219999999999 22 4710.0 -220.0 44 -95 258.2499999999999 213.34599999999998 22
5220.0 547.112 15 5520.0 -300.0 25 -97 184.09599999999992 200.613 30
4070.0 441.996 20 4200.0 -130.0 26 -66 199.86700000000002 189.43599999999998 13
5090.0 622.1239999999998 21 5280.0 -190.0 38 -102 240.55399999999997 250.15499999999997 19
4950.0 524.5729999999999 20 5130.0 -180.0 33 -91 219.9639999999999 208.48199999999994 18
3660.0 426.12199999999996 15 3780.0 -120.0 15 -71 166.326 164.91599999999997 12
3650.0 424.1529999999998 18 3990.0 -370.0 45 -69 177.09699999999998 162.24799999999993 37
6710.0 677.2069999999998 22 6870.0 -160.0 33 -90 336.83899999999994 300.6009999999999 16
5070.0 531.4849999999998 27 5220.0 -290.0 54 -66 286.55999999999995 218.718 24
4560.0 424.24799999999993 23 4560.0 0.0 0 -66 201.93199999999996 185.32399999999998 0
5090.0 563.2120000000001 19 5310.0 -820.0 90 -92 237.182 227.936 82
4530.0 506.2339999999999 21 4680.0 -150.0 23 -71 234.74899999999994 215.1579999999999 15
5240.0 803.5020000000002 23 5520.0 -280.0 28 -85 269.545 241.516 28
3830.0 490.2380000000001 17 3960.0 -130.0 26 -76 191.10999999999996 199.31400000000002 13
4020.0 593.209 18 4380.0 -360.0 40 -67 189.30399999999997 197.19899999999996 36
4590.0 507.4529999999999 16 4710.0 -120.0 24 -67 221.33899999999994 219.15299999999996 12
4630.0 606.924 20 4950.0 -340.0 58 -93 235.16199999999998 220.58299999999997 34
5800.0 640.5989999999999 21 6060.0 -260.0 36 -98 268.731 269.308 20
5450.0 523.339 18 5700.0 -250.0 39 -74 248.04099999999994 246.95599999999996 25
4590.0 499.9819999999998 16 4770.0 -180.0 29 -85 207.2189999999999 186.72199999999998 18
3420.0 482.9539999999999 16 3660.0 -240.0 36 -81 178.31799999999996 170.65300000000002 24
6080.0 769.985 21 6540.0 -700.0 98 -100 261.1379999999999 272.48599999999993 53
5790.0 565.2679999999998 19 5970.0 -180.0 31 -93 242.2929999999999 235.73099999999997 18
4375.0 608.4699999999999 18 4620.0 -245.0 42 -94 265.698 204.278 18
4210.0 434.629 15 4320.0 -110.0 22 -68 169.55700000000004 202.69399999999993 11
4320.0 446.8259999999999 18 4410.0 -90.0 18 -64 196.719 187.96500000000006 9
5460.0 518.8760000000001 21 5610.0 -150.0 30 -85 219.465 227.28499999999994 15
4890.0 589.233 21 5100.0 -210.0 33 -87 253.25999999999993 231.515 21
5720.0 581.692 21 5850.0 -130.0 26 -83 263.428 261.818 13
3650.0 432.358 17 3900.0 -330.0 41 -73 162.074 167.88599999999997 28
3790.0 452.495 18 4020.0 -230.0 32 -77 186.72599999999997 166.99599999999998 23
4320.0 449.28900000000004 16 4320.0 -400.0 36 -68 205.13399999999996 190.59699999999998 40
4310.0 439.88899999999995 17 4440.0 -130.0 11 -75 181.12099999999995 178.746 13
5620.0 625.617 20 5880.0 -260.0 28 -107 239.09799999999993 264.34 26
5450.0 1157.3879999999997 23 5730.0 -280.0 21 -85 252.78400000000002 233.72599999999997 28
5570.0 680.2079999999996 21 6000.0 -430.0 58 -98 287.0109999999999 264.61 47
5120.0 801.3909999999994 20 5520.0 -440.0 55 -97 226.40399999999994 234.591 40
2550.0 354.9709999999999 17 2850.0 -300.0 41 -62 156.45899999999992 110.34599999999998 24
3820.0 386.4869999999999 15 3900.0 -80.0 10 -66 138.45000000000002 165.90699999999998 13
4480.0 461.95799999999997 19 4620.0 -140.0 28 -67 194.87599999999995 220.34399999999994 14
5050.0 594.697 18 5310.0 -260.0 36 -87 234.59200000000004 246.25299999999993 26
5190.0 568.306 19 5310.0 -120.0 24 -101 229.272 219.49699999999993 12
3940.0 520.5240000000001 16 4170.0 -230.0 38 -78 174.19999999999996 161.244 23
4100.0 373.7019999999999 17 4200.0 -100.0 20 -72 144.82500000000002 148.99599999999998 10
5620.0 576.633 20 5730.0 -110.0 22 -96 240.013 241.30799999999996 11
4310.0 508.58000000000004 22 4470.0 -160.0 32 -82 217.54600000000002 198.73599999999996 16
6150.0 573.19 24 6150.0 0.0 0 -85 266.48099999999994 268.7299999999999 0
4760.0 502.781 20 4860.0 -100.0 9 -76 197.62999999999997 228.13400000000001 10
5240.0 618.8360000000001 15 5370.0 -130.0 26 -97 253.12099999999992 253.60199999999998 13
2720.0 369.089 15 2760.0 -40.0 3 -67 151.735 119.648 4
4200.0 472.081 20 4290.0 -90.0 18 -64 233.82199999999995 178.12300000000002 9
5160.0 439.69199999999995 19 5160.0 0.0 0 -63 224.474 204.31499999999997 0
3790.0 464.24599999999987 19 3930.0 -140.0 28 -73 194.06599999999995 179.47099999999998 14
4290.0 488.09499999999997 21 4440.0 -150.0 25 -84 216.16699999999992 181.99599999999998 10
4860.0 601.9119999999999 19 5190.0 -330.0 45 -99 204.53 210.22099999999992 33
6380.0 705.5079999999999 23 6480.0 -100.0 20 -101 329.98499999999996 303.4029999999999 10
4470.0 538.699 18 4620.0 -170.0 34 -81 220.00499999999994 214.16799999999998 17
6230.0 758.2959999999998 27 6420.0 -190.0 32 -95 357.156 306.43999999999994 19
5810.0 608.6679999999999 22 5940.0 -130.0 26 -86 285.613 252.64899999999997 13
4590.0 535.893 15 5220.0 -660.0 71 -94 196.916 234.32199999999997 66
3740.0 1279.8959999999988 19 4560.0 -840.0 59 -72 193.191 200.274 84
2860.0 401.145 15 3300.0 -440.0 64 -70 136.432 142.10799999999998 39
4860.0 511.36099999999993 22 5100.0 -240.0 35 -87 229.462 213.183 18
5040.0 562.092 23 5220.0 -180.0 26 -92 258.181 203.69800000000004 18
5220.0 533.3649999999998 23 5460.0 -240.0 43 -87 215.18 228.53299999999996 32
5330.0 636.8130000000002 20 5520.0 -310.0 63 -92 259.54099999999994 257.876 31
4025.0 555.6790000000001 19 4380.0 -375.0 46 -66 273.959 187.15500000000003 31
4260.0 576.026 21 4380.0 -120.0 13 -86 213.698 184.947 24
4320.0 471.7429999999998 17 4620.0 -300.0 27 -72 210.02399999999994 198.5 30
4590.0 520.52 16 4710.0 -120.0 25 -89 211.564 218.328 12
4260.0 466.9090000000001 20 4320.0 -60.0 12 -74 209.13899999999998 182.668 6
5360.0 549.2800000000001 28 5520.0 -160.0 32 -93 224.29199999999997 228.82 16
3550.0 404.13599999999985 15 3750.0 -220.0 42 -64 144.952 151.457 22
3950.0 416.4849999999999 20 4050.0 -300.0 61 -68 182.35999999999996 172.43299999999994 30
5210.0 535.0280000000001 16 5370.0 -160.0 32 -102 187.53000000000003 214.05800000000005 16
5550.0 587.7419999999998 21 5850.0 -300.0 26 -93 284.86 212.74099999999996 30
4840.0 604.395 17 5040.0 -200.0 40 -102 220.654 195.48799999999997 20
5650.0 602.0160000000001 20 6030.0 -420.0 86 -94 269.90199999999993 265.19999999999993 42
4480.0 531.2099999999998 21 4590.0 -110.0 22 -73 218.21999999999997 195.84699999999998 11
5540.0 724.4059999999998 23 5820.0 -280.0 37 -94 281.8419999999999 265.798 28
4200.0 535.4319999999999 17 4350.0 -150.0 30 -91 211.13499999999993 202.38999999999993 15
3850.0 429.18899999999996 18 3990.0 -140.0 28 -67 184.16199999999998 173.29699999999994 14
4850.0 528.4669999999998 20 5040.0 -190.0 30 -88 230.76999999999998 207.83200000000002 19
4200.0 407.703 19 4200.0 0.0 0 -61 201.778 176.97299999999996 0
3810.0 342.3119999999999 16 3990.0 -180.0 31 -56 125.359 161.24699999999996 18
4990.0 541.3569999999999 16 5250.0 -260.0 21 -85 210.83799999999994 229.43699999999995 26
4900.0 661.8789999999999 21 5160.0 -260.0 42 -111 250.75199999999998 224.753 26
3850.0 662.9209999999999 18 4230.0 -380.0 41 -80 282.38899999999995 191.39700000000002 50
4720.0 580.4609999999998 19 5220.0 -500.0 87 -90 232.78599999999997 235.77499999999998 50
4680.0 456.53999999999985 20 4800.0 -120.0 11 -71 191.482 199.56299999999996 12
3780.0 406.261 21 3900.0 -120.0 24 -62 177.01899999999998 181.124 12
4540.0 498.49899999999985 15 4620.0 -80.0 7 -62 220.90399999999994 196.4979999999999 8
3220.0 421.86299999999983 16 3750.0 -530.0 47 -74 180.00699999999995 143.79600000000002 57
3670.0 398.19599999999997 22 3870.0 -200.0 29 -63 174.661 176.30100000000002 20
4040.0 440.8980000000001 20 4140.0 -100.0 20 -75 190.80700000000002 176.76 10
4485.0 504.4829999999999 20 4740.0 -255.0 33 -79 211.9869999999999 213.191 25
4780.0 437.28100000000006 22 4800.0 -20.0 4 -64 212.27 203.868 2
5920.0 655.2110000000001 21 6090.0 -170.0 27 -101 259.604 268.948 17
3530.0 425.6469999999998 16 3870.0 -380.0 33 -68 155.93800000000002 165.46800000000002 38
4240.0 476.091 22 4440.0 -200.0 33 -76 215.316 185.23899999999998 20
4870.0 462.6829999999999 20 5070.0 -200.0 17 -77 193.40399999999994 207.19199999999998 22
3950.0 431.238 17 4110.0 -160.0 26 -67 181.90900000000002 173.075 16
5180.0 534.1699999999998 16 5790.0 -640.0 71 -89 165.64999999999998 233.44099999999997 64
4110.0 441.597 19 4290.0 -180.0 27 -72 177.293 189.54699999999997 18
3420.0 384.56300000000005 17 3630.0 -210.0 19 -58 178.834 161.29499999999996 21
5240.0 573.393 25 5460.0 -220.0 28 -98 221.08299999999997 232.97999999999993 22
4800.0 517.8639999999998 21 5040.0 -285.0 33 -82 235.54899999999995 208.23899999999998 33
4910.0 523.1580000000001 18 5040.0 -130.0 26 -90 195.01299999999998 231.86399999999998 13
3840.0 361.4850000000001 23 3840.0 0.0 0 -58 173.068 154.151 0
4710.0 467.4469999999999 18 5040.0 -345.0 61 -81 185.13899999999995 207.63000000000002 27
4110.0 449.60699999999986 15 4350.0 -250.0 51 -79 163.23699999999997 187.40100000000004 25
4020.0 361.60000000000014 13 4020.0 0.0 0 -64 140.426 174.55500000000004 0
4980.0 466.7080000000001 15 5370.0 -480.0 55 -72 196.15699999999998 205.88699999999997 48
4500.0 496.93 15 4650.0 -150.0 30 -82 204.77199999999993 192.8359999999999 15
2820.0 298.14000000000004 13 3000.0 -180.0 30 -50 116.31599999999996 130.04500000000002 12
5000.0 550.512 21 5130.0 -130.0 26 -66 286.1249999999999 218.09800000000004 13
4650.0 443.88699999999994 14 4770.0 -360.0 51 -65 204.15199999999996 180.983 28
2125.0 431.88800000000003 15 2670.0 -565.0 61 -77 162.182 141.147 51
3520.0 416.8950000000001 20 3930.0 -560.0 63 -54 199.35900000000004 177.457 46
4390.0 559.8720000000002 19 4800.0 -450.0 39 -69 285.089 213.50199999999995 45
3375.0 355.4749999999999 18 3630.0 -255.0 35 -54 159.09399999999997 153.57499999999996 20
5010.0 508.90599999999995 16 5160.0 -210.0 42 -84 202.86399999999995 215.38899999999998 21
4700.0 647.0629999999999 24 4890.0 -190.0 22 -89 302.983 224.86200000000002 19
5520.0 532.185 20 5640.0 -120.0 24 -83 218.795 244.573 12
3690.0 466.6649999999998 17 3930.0 -240.0 32 -80 163.13700000000003 178.65599999999995 24
5450.0 522.7409999999999 18 5520.0 -70.0 14 -90 198.267 245.642 7
4130.0 443.6810000000001 19 4230.0 -100.0 20 -74 197.949 181.66099999999994 10
4490.0 451.0400000000001 17 4530.0 -40.0 8 -65 196.59999999999997 208.73799999999994 4
3510.0 455.0709999999998 15 3720.0 -220.0 45 -68 197.16899999999993 171.54 22
4450.0 441.0079999999999 23 4560.0 -110.0 22 -64 177.81699999999995 204.45299999999992 11
4710.0 511.5139999999999 15 4950.0 -360.0 29 -66 192.65499999999992 221.17 36
4350.0 454.238 21 4350.0 0.0 0 -61 232.89000000000001 189.435 0
4140.0 422.7469999999999 18 4140.0 0.0 0 -64 195.49399999999997 182.19700000000003 0
6095.0 593.5549999999996 17 6570.0 -475.0 57 -97 222.99899999999997 279.915 41
4970.0 543.105 19 5220.0 -250.0 43 -79 255.23899999999992 224.01599999999993 25
4920.0 573.1280000000002 19 5400.0 -680.0 87 -94 255.34900000000005 207.495 68
3375.0 490.75199999999995 16 4260.0 -885.0 78 -82 196.28299999999993 178.46499999999997 93
5830.0 635.8910000000004 22 6090.0 -280.0 52 -87 289.7949999999999 270.14899999999994 32
3780.0 467.4299999999999 20 3900.0 -120.0 24 -69 209.84499999999994 189.97099999999995 12
4410.0 452.002 21 4440.0 -30.0 4 -72 197.18199999999993 182.29999999999995 6
4930.0 511.453 17 5040.0 -110.0 22 -82 222.47199999999995 209.2219999999999 11
2950.0 377.43600000000015 16 3180.0 -260.0 35 -54 184.334 136.90699999999995 26
4555.0 473.9969999999999 20 4710.0 -155.0 26 -70 199.33700000000002 228.84499999999997 20
3690.0 386.50399999999996 15 3750.0 -60.0 5 -46 194.29 176.678 6
5220.0 537.51 18 5370.0 -150.0 30 -76 257.1259999999999 220.93300000000005 15
3100.0 357.22 17 3120.0 -20.0 4 -50 176.82499999999996 132.87999999999997 2
4870.0 542.9350000000002 19 4980.0 -110.0 22 -74 274.463 213.51799999999997 11
5525.0 640.39 23 5820.0 -295.0 42 -107 230.63299999999995 264.43300000000005 32
3860.0 442.26699999999994 16 4230.0 -370.0 33 -87 147.41 166.524 37
5010.0 622.8000000000003 20 5310.0 -320.0 65 -95 261.396 231.789 32
4790.0 739.5280000000002 19 5070.0 -280.0 34 -83 271.07699999999994 222.28499999999997 28
4470.0 488.9279999999998 20 4650.0 -180.0 27 -80 198.602 200.49799999999996 18
3420.0 371.72299999999984 14 3570.0 -150.0 30 -57 169.07599999999994 156.09799999999998 15
4160.0 436.053 18 4290.0 -130.0 26 -75 181.58099999999993 181.22599999999994 13
5030.0 614.2009999999999 18 5250.0 -270.0 55 -76 241.36699999999996 202.33899999999997 27
4560.0 410.4499999999999 20 4560.0 0.0 0 -63 206.84099999999992 177.324 0
5150.0 614.0840000000004 17 5430.0 -280.0 36 -98 234.97199999999992 220.51600000000002 28
4630.0 403.21100000000007 17 4710.0 -80.0 7 -61 182.71699999999996 191.73299999999998 8
4770.0 528.112 19 4920.0 -150.0 30 -91 224.44299999999996 212.94299999999993 15
3910.0 426.413 14 4140.0 -240.0 49 -65 178.68199999999993 176.15999999999994 24
4845.0 565.6099999999999 17 5040.0 -195.0 32 -111 216.77 205.819 13
6105.0 493.5080000000001 15 6510.0 -495.0 94 -94 187.03499999999997 198.12899999999996 44
3960.0 686.7219999999999 16 4710.0 -850.0 73 -65 164.43099999999998 214.658 85
3690.0 395.57099999999997 18 3690.0 -150.0 31 -54 181.79800000000006 182.55599999999995 15
4850.0 448.24499999999983 18 4950.0 -100.0 20 -82 164.73699999999994 212.48599999999996 10
5730.0 573.372 17 5910.0 -180.0 31 -96 206.65899999999996 259.138 18
3480.0 412.1689999999999 19 3540.0 -60.0 5 -67 180.398 163.0 6
6030.0 613.7609999999996 22 6270.0 -260.0 45 -92 278.17499999999995 258.404 26
4450.0 517.8380000000001 21 4530.0 -80.0 16 -81 250.658 195.73 8
5770.0 506.705 19 5880.0 -110.0 22 -87 225.62199999999996 236.63599999999994 11
5040.0 588.3989999999999 21 5280.0 -340.0 41 -79 297.03000000000003 236.91799999999995 34
4220.0 443.43899999999985 14 4320.0 -100.0 9 -76 187.42899999999992 170.62899999999996 10
4150.0 401.31899999999996 16 4260.0 -110.0 22 -67 179.054 179.786 11
5080.0 898.1559999999996 19 5610.0 -590.0 57 -76 264.575 234.65599999999995 54
5090.0 714.3129999999998 19 5400.0 -310.0 59 -117 249.75199999999998 235.057 31
3650.0 522.127 16 4320.0 -670.0 76 -81 228.556 180.53300000000002 67
3540.0 362.58 18 3540.0 0.0 0 -47 189.209 154.38799999999995 0
3740.0 456.68 18 4110.0 -460.0 53 -70 200.687 166.71099999999998 46
2860.0 284.722 16 2910.0 -50.0 10 -49 114.66399999999999 127.96699999999998 5
4550.0 470.3169999999998 21 4680.0 -130.0 26 -84 211.2879999999999 185.971 13
5210.0 643.1669999999998 18 5430.0 -220.0 41 -101 279.591 247.94799999999995 22
3750.0 427.14299999999986 17 3900.0 -390.0 45 -75 159.606 187.40699999999995 39
5710.0 638.5509999999996 26 6030.0 -320.0 54 -103 266.638 252.8669999999999 32
5250.0 606.3199999999998 21 5550.0 -300.0 43 -100 233.1199999999999 248.68199999999996 30
4860.0 842.9180000000001 18 5550.0 -690.0 93 -98 204.39499999999995 232.28999999999996 69
3380.0 365.9349999999999 14 3510.0 -130.0 26 -64 154.06599999999992 137.567 13
4440.0 494.99500000000006 21 4560.0 -120.0 24 -75 231.13999999999993 200.14799999999997 12
4580.0 522.78 19 4710.0 -130.0 26 -70 238.79399999999993 219.27999999999992 13
3870.0 391.35399999999987 15 3870.0 0.0 0 -60 190.24599999999995 153.54799999999994 0
5210.0 523.9050000000002 17 5370.0 -160.0 32 -94 197.09299999999996 231.19 16
4330.0 509.24100000000004 15 4980.0 -650.0 73 -84 167.79599999999994 198.22899999999993 65
5290.0 569.9880000000003 20 5580.0 -290.0 51 -114 199.374 223.61599999999993 29
4930.0 1004.6540000000003 21 5190.0 -260.0 17 -80 258.93499999999995 255.51099999999994 26
5570.0 677.971 20 5820.0 -250.0 20 -90 308.66099999999994 257.679 25
4600.0 437.215 22 4770.0 -170.0 34 -79 182.122 188.619 17
4510.0 467.02500000000015 17 4590.0 -80.0 16 -76 195.345 207.63599999999997 8
5970.0 532.597 17 6180.0 -210.0 32 -88 210.07800000000003 240.0049999999999 21
5120.0 605.147 18 5340.0 -220.0 34 -93 268.81699999999995 225.58099999999993 22
4790.0 457.50399999999996 23 4890.0 -100.0 20 -68 237.90899999999996 193.41999999999996 10
4560.0 478.4100000000001 16 4710.0 -150.0 19 -89 153.672 214.28499999999997 15
4100.0 448.78 18 4320.0 -220.0 17 -64 217.64499999999995 181.64 22
5030.0 549.9309999999999 17 5220.0 -190.0 28 -84 212.325 208.55799999999996 19
4350.0 484.7829999999999 18 4710.0 -360.0 45 -81 211.19099999999995 177.60199999999998 36
5000.0 596.2379999999997 24 5160.0 -160.0 26 -79 283.13099999999986 237.03699999999992 16
4580.0 450.16900000000004 18 4830.0 -250.0 33 -80 200.01799999999997 179.465 25
4750.0 525.443 20 5010.0 -260.0 35 -83 223.57399999999996 230.84 26
3550.0 346.787 16 3630.0 -80.0 16 -66 142.12699999999998 148.23699999999994 8
3300.0 377.836 14 3450.0 -150.0 25 -59 174.47099999999998 149.676 10
4200.0 489.28799999999995 14 4500.0 -320.0 66 -90 194.17899999999997 190.81399999999994 32
3860.0 440.39099999999996 20 4020.0 -200.0 32 -73 188.39699999999996 180.51299999999998 20
5230.0 545.165 21 5310.0 -80.0 16 -76 250.196 241.21599999999998 8
4720.0 457.14299999999974 20 4830.0 -110.0 22 -63 237.41599999999997 194.01099999999997 11
4290.0 527.7370000000001 16 4650.0 -360.0 45 -84 242.48199999999994 173.15300000000002 36
4720.0 559.6369999999997 21 4860.0 -140.0 17 -83 228.317 228.49900000000005 14
4310.0 422.329 17 4440.0 -130.0 26 -68 182.62899999999996 185.114 13
3820.0 502.5349999999998 19 4020.0 -200.0 35 -77 202.45499999999998 179.63099999999991 20
5470.0 577.486 20 5790.0 -320.0 28 -93 234.55299999999997 218.249 36
6145.0 602.919 19 6360.0 -215.0 40 -98 252.49800000000002 270.55800000000005 25
4650.0 1362.027999999999 19 5220.0 -570.0 35 -78 240.3919999999999 230.37899999999996 57
4410.0 500.307 16 4560.0 -150.0 25 -72 242.41699999999994 199.70299999999997 10
4860.0 496.55 20 5040.0 -180.0 36 -78 221.35699999999994 200.41699999999992 18
3705.0 1505.3149999999991 15 4770.0 -1065.0 87 -81 178.30299999999997 211.89499999999995 109
5710.0 528.681 17 5910.0 -200.0 40 -92 217.60199999999995 218.09500000000003 20
3150.0 1095.9009999999998 15 3660.0 -510.0 30 -70 156.58799999999997 138.54 51
3840.0 905.0349999999997 14 4620.0 -880.0 85 -81 245.77399999999997 222.50799999999995 88
3900.0 425.6850000000001 16 4050.0 -150.0 30 -78 160.385 175.47999999999996 15
4665.0 503.6249999999999 22 4800.0 -315.0 38 -73 247.49499999999995 206.874 27
4550.0 598.8619999999997 16 4890.0 -340.0 31 -89 232.67599999999993 205.11899999999994 34
6240.0 668.3840000000001 22 6690.0 -450.0 50 -115 279.414 252.2429999999999 45
4140.0 490.9489999999999 15 4140.0 0.0 0 -72 234.11999999999995 198.39799999999997 0
4700.0 520.8420000000001 15 4950.0 -250.0 36 -83 209.42499999999995 224.66599999999997 25
2670.0 330.871 15 2790.0 -120.0 24 -57 140.00499999999997 128.25900000000001 12
5280.0 613.807 20 5460.0 -180.0 36 -99 243.834 244.8859999999999 18
4070.0 558.2190000000002 18 4320.0 -260.0 53 -81 250.62499999999997 202.98100000000002 26
4640.0 512.0219999999999 20 4770.0 -130.0 26 -78 216.787 215.73 13
5030.0 465.8889999999999 19 5160.0 -290.0 59 -75 198.898 215.81100000000004 29
5610.0 661.3129999999999 24 5730.0 -120.0 24 -96 303.48599999999993 258.05899999999997 12
4210.0 419.64599999999996 18 4380.0 -170.0 27 -92 158.90299999999996 164.17800000000003 17
4460.0 529.6820000000001 17 4680.0 -340.0 50 -69 231.546 213.666 34
4475.0 905.9499999999994 12 5670.0 -1235.0 67 -97 194.96299999999994 195.541 203
4140.0 499.98699999999985 23 4290.0 -150.0 23 -75 223.98199999999994 192.935 15
4630.0 534.2079999999999 18 4920.0 -290.0 26 -79 257.245 184.42299999999992 29
4220.0 488.0659999999999 17 4440.0 -230.0 47 -74 216.12599999999998 204.818 23
4640.0 511.19300000000004 18 4800.0 -160.0 32 -81 226.08599999999996 217.79399999999993 16
5490.0 492.809 21 5640.0 -150.0 30 -87 218.59200000000004 200.02200000000005 15
5670.0 508.02799999999996 22 5790.0 -120.0 24 -87 232.23799999999991 199.171 12
4580.0 457.08500000000004 19 4800.0 -220.0 29 -82 147.56400000000002 205.61399999999995 22
5405.0 647.4109999999998 22 5760.0 -375.0 73 -86 289.794 264.662 40
5590.0 682.9319999999999 23 5910.0 -320.0 48 -109 274.783 273.4129999999999 32
4190.0 438.3949999999999 18 4320.0 -130.0 26 -76 191.192 183.386 13
4230.0 490.43499999999983 18 4350.0 -120.0 24 -76 220.76699999999997 180.82199999999997 12
4050.0 483.92599999999993 20 4170.0 -120.0 24 -64 220.429 204.097 12
6280.0 605.5120000000001 23 6510.0 -270.0 54 -97 266.111 270.44 27
4860.0 542.6809999999998 20 4980.0 -120.0 24 -87 240.93999999999997 222.52800000000002 12
5550.0 692.3870000000001 22 5850.0 -300.0 45 -100 287.64300000000003 253.53400000000005 30
5190.0 479.403 22 5190.0 0.0 0 -65 229.83600000000004 224.76099999999997 0
4670.0 588.0579999999999 19 4950.0 -340.0 46 -90 220.33700000000002 218.39 34
3440.0 464.546 17 3540.0 -100.0 20 -73 221.12799999999996 151.855 10
4350.0 521.8109999999998 15 4560.0 -210.0 32 -88 198.89399999999995 196.97199999999998 21
2625.0 302.662 15 2820.0 -195.0 32 -53 126.19199999999998 114.83699999999999 13
3480.0 290.8919999999999 17 3480.0 0.0 0 -45 134.51400000000004 140.78600000000003 0
4330.0 433.5190000000001 16 4440.0 -110.0 22 -72 172.75099999999998 186.579 11
5180.0 474.5369999999999 22 5370.0 -190.0 38 -79 213.84999999999997 211.12899999999993 19
4620.0 564.8379999999999 20 4950.0 -350.0 40 -86 247.23800000000003 196.69300000000004 35
4440.0 454.2009999999999 14 4650.0 -220.0 44 -73 185.96199999999996 185.34699999999998 22
5140.0 547.1419999999999 22 5310.0 -170.0 32 -82 250.42799999999997 234.21799999999996 15
4410.0 518.5580000000002 18 4710.0 -300.0 27 -76 214.944 233.79999999999993 30
4010.0 457.283 17 4170.0 -160.0 26 -66 213.10800000000003 197.162 16
5290.0 627.7979999999999 18 5460.0 -170.0 34 -87 303.991 241.65800000000002 17
4050.0 417.9989999999999 20 4050.0 0.0 0 -59 214.50399999999993 173.48899999999995 0
5140.0 584.26 16 5460.0 -320.0 39 -101 206.53300000000002 232.48 32
4260.0 527.3889999999999 19 5010.0 -750.0 85 -84 192.553 226.29299999999995 75
5120.0 501.37200000000007 17 5280.0 -200.0 40 -86 226.617 202.5039999999999 20
5615.0 556.18 24 5820.0 -205.0 30 -91 249.25799999999998 233.52499999999998 15
5670.0 533.136 19 5670.0 0.0 0 -80 229.95499999999998 262.05699999999996 0
3340.0 409.50299999999993 17 3570.0 -230.0 31 -58 207.78199999999995 154.91699999999997 23
5160.0 536.2719999999999 22 5310.0 -150.0 30 -88 218.559 234.55199999999996 15
4390.0 499.88000000000005 18 4530.0 -140.0 28 -75 212.12299999999996 198.54899999999998 14
4310.0 468.6239999999999 20 4470.0 -160.0 21 -82 210.4599999999999 159.69099999999995 16
5470.0 617.6139999999999 20 5610.0 -140.0 28 -100 273.79499999999996 243.88599999999997 14
6180.0 615.8589999999998 22 6570.0 -400.0 77 -95 252.36299999999991 290.89799999999985 35
4420.0 490.69099999999986 17 4830.0 -530.0 62 -88 186.673 201.45199999999994 53
3940.0 468.54099999999994 17 4140.0 -200.0 32 -74 201.65500000000003 171.807 20
4800.0 697.2039999999998 22 5190.0 -390.0 32 -88 235.6749999999999 206.63700000000003 39
5220.0 1646.215 20 5700.0 -480.0 41 -90 273.237 247.12099999999992 48
4720.0 528.6259999999996 20 5070.0 -390.0 47 -79 199.934 229.73199999999997 39
4800.0 606.7560000000003 23 4920.0 -120.0 24 -83 300.07 229.86799999999997 12
5310.0 536.2789999999999 19 5430.0 -120.0 24 -80 244.981 236.92499999999998 12
3770.0 391.15799999999996 21 3870.0 -100.0 20 -63 167.65499999999997 170.02000000000004 10
4940.0 506.60599999999994 18 5070.0 -130.0 26 -90 209.76799999999997 204.59799999999998 13
3990.0 511.9120000000001 17 4350.0 -370.0 67 -76 219.35199999999998 186.486 37
3910.0 528.2069999999998 19 4170.0 -260.0 36 -102 181.905 186.40099999999998 20
4060.0 414.27899999999994 23 4080.0 -230.0 39 -62 196.46800000000002 175.707 16
3750.0 513.7799999999999 18 3900.0 -150.0 15 -65 225.54400000000004 176.16099999999997 22
5880.0 468.7750000000001 20 6030.0 -150.0 30 -88 192.88999999999996 221.76499999999996 15
5580.0 598.2909999999999 19 5700.0 -210.0 42 -94 255.231 245.50999999999996 21
3500.0 487.6389999999999 18 3660.0 -160.0 14 -68 251.82199999999995 162.51599999999996 16
5540.0 600.7180000000002 21 5670.0 -130.0 26 -87 265.411 250.71299999999997 13
5000.0 1099.696 21 5490.0 -490.0 40 -96 298.892 235.0039999999999 82
3610.0 441.1610000000001 18 3750.0 -140.0 28 -81 171.45299999999995 147.16499999999996 14
4680.0 503.2999999999999 20 4920.0 -240.0 40 -79 215.971 200.88400000000001 16
4010.0 423.35799999999995 16 4020.0 -190.0 18 -57 188.59900000000002 185.952 19
3750.0 380.9929999999999 16 3750.0 0.0 0 -64 156.25899999999996 169.809 0
3760.0 1666.0300000000004 15 4590.0 -830.0 74 -90 245.23000000000005 196.265 83
3860.0 446.40799999999996 19 4140.0 -330.0 64 -73 176.64499999999998 172.47599999999994 35
4540.0 482.8639999999998 21 4620.0 -150.0 13 -65 245.30899999999994 202.922 15
3900.0 400.69899999999996 18 3930.0 -30.0 2 -62 204.47799999999995 151.76099999999997 3
3080.0 451.7740000000001 13 3390.0 -340.0 38 -64 198.76800000000006 166.78599999999994 34
5820.0 620.876 25 5970.0 -150.0 30 -95 288.892 258.87299999999993 15
3460.0 504.20500000000004 16 3720.0 -260.0 34 -67 207.95899999999997 173.295 26
4210.0 463.3379999999999 17 4440.0 -230.0 20 -73 196.26099999999994 199.85699999999997 23
5450.0 631.717 21 5670.0 -220.0 23 -102 282.51700000000005 250.23299999999995 22
4705.0 542.2639999999999 19 4890.0 -185.0 28 -84 244.487 207.337 13
4810.0 757.4870000000002 21 5160.0 -350.0 34 -100 271.21599999999995 245.68099999999995 35
5160.0 524.5419999999999 18 5220.0 -100.0 15 -85 209.01999999999995 217.389 10
3700.0 483.8759999999998 20 4140.0 -440.0 45 -71 213.31800000000004 173.208 44
4680.0 480.282 20 4770.0 -90.0 8 -71 222.17 207.20299999999997 9
5440.0 545.0129999999998 18 5670.0 -230.0 39 -92 233.61599999999996 223.26600000000002 23
4550.0 539.6170000000001 20 4710.0 -280.0 52 -85 226.16399999999993 210.964 24
4805.0 520.499 15 4920.0 -115.0 21 -82 231.31199999999998 218.486 13
3360.0 1391.9920000000006 21 4410.0 -1050.0 75 -74 242.97699999999998 180.50799999999995 105
5140.0 501.4009999999999 23 5190.0 -50.0 4 -76 240.869 220.27399999999997 5
3060.0 365.19900000000007 13 3420.0 -380.0 45 -55 163.56199999999995 138.49399999999997 38
5040.0 558.863 19 5250.0 -350.0 61 -78 198.19199999999998 228.742 35
4590.0 396.2319999999999 17 4590.0 0.0 0 -65 184.171 176.773 0
3750.0 360.6339999999998 19 3840.0 -90.0 18 -68 140.00199999999995 150.00099999999998 9
3710.0 637.6760000000004 17 4560.0 -950.0 82 -73 196.18999999999997 184.80499999999998 95
5130.0 466.3459999999999 18 5310.0 -180.0 36 -89 191.575 193.68 18
4160.0 455.6089999999999 15 4410.0 -250.0 22 -84 186.85700000000003 163.81999999999996 25
4500.0 621.0450000000002 21 4800.0 -300.0 38 -89 268.964 208.42599999999996 30
4200.0 411.559 18 4530.0 -370.0 32 -63 185.189 184.588 37
5470.0 580.4039999999998 21 5640.0 -170.0 34 -102 244.22199999999995 248.78799999999998 17
3960.0 410.72499999999997 17 4110.0 -150.0 24 -65 186.22199999999992 171.804 15
4140.0 483.4919999999999 18 4140.0 0.0 0 -67 237.94799999999995 196.10499999999993 0
4070.0 476.65 20 4170.0 -100.0 20 -74 218.04399999999995 196.51399999999998 10
3930.0 448.18099999999976 20 4170.0 -340.0 68 -60 234.33299999999997 178.58999999999995 34
4070.0 490.3039999999999 19 4230.0 -160.0 25 -77 257.988 163.52599999999995 16
4380.0 536.66 19 4530.0 -150.0 30 -91 224.89599999999996 210.66399999999996 15
6520.0 643.834 21 6870.0 -390.0 61 -92 330.32099999999997 273.718 39
5520.0 517.8790000000002 15 5700.0 -180.0 36 -80 217.24999999999997 245.0369999999999 18
5370.0 599.9740000000002 21 5520.0 -150.0 30 -94 265.037 244.92000000000002 15
