1075.0 405.508 20 1380.0 -305.0 41 -98 140.964 53.078 61
1730.0 348.50699999999983 17 1980.0 -250.0 33 -83 133.72099999999995 80.65799999999999 44
1125.0 373.8689999999999 15 1500.0 -375.0 51 -92 127.98299999999999 55.14299999999999 61
880.0 343.9589999999999 17 1260.0 -380.0 30 -79 126.57799999999999 49.80599999999999 76
1080.0 420.75300000000004 20 1440.0 -495.0 131 -104 131.30099999999996 67.97499999999998 51
1245.0 398.80600000000004 24 1440.0 -195.0 65 -91 157.45 66.746 13
1480.0 360.6949999999999 16 1620.0 -260.0 83 -82 145.57499999999996 66.43599999999998 18
1350.0 355.07299999999987 15 1620.0 -375.0 87 -89 121.18799999999995 63.07199999999999 43
1470.0 414.865 19 1620.0 -150.0 50 -105 151.53999999999996 53.94299999999999 10
1875.0 366.1579999999999 19 2130.0 -255.0 32 -93 116.33900000000001 72.67199999999997 51
1545.0 402.0209999999999 16 1800.0 -300.0 85 -87 129.622 77.77499999999998 28
1545.0 483.62599999999975 22 1920.0 -375.0 57 -113 158.21199999999996 84.59599999999999 59
1730.0 321.37099999999987 18 1890.0 -160.0 46 -92 108.25499999999995 67.633 12
960.0 359.53099999999995 16 1260.0 -315.0 64 -83 124.63200000000002 55.824 43
1740.0 371.2989999999998 17 1920.0 -180.0 38 -79 157.36999999999995 67.83599999999998 26
2225.0 405.43199999999996 16 2370.0 -245.0 61 -93 150.27599999999995 91.87999999999998 30
1125.0 299.8869999999999 15 1200.0 -75.0 25 -72 108.12999999999997 47.962999999999994 5
1680.0 437.139 16 2040.0 -360.0 52 -104 161.994 73.69700000000002 54
1455.0 305.13999999999993 14 1530.0 -75.0 25 -68 113.12899999999996 67.74200000000002 5
1515.0 344.7609999999999 15 1770.0 -255.0 55 -86 127.80999999999995 62.59899999999999 33
1015.0 337.43299999999994 12 1260.0 -245.0 57 -75 95.05099999999999 49.963 29
1920.0 361.95899999999995 18 2190.0 -315.0 72 -78 136.20499999999996 93.42199999999997 35
1290.0 363.90399999999994 18 1500.0 -210.0 43 -91 133.871 49.934000000000005 26
2460.0 425.788 16 2610.0 -150.0 50 -96 159.78400000000002 107.45299999999999 10
1490.0 453.0989999999999 16 1890.0 -495.0 63 -108 153.284 69.12399999999995 81
1635.0 370.829 19 1770.0 -180.0 60 -92 121.539 70.141 12
1665.0 404.07899999999995 20 1860.0 -300.0 85 -95 145.0 76.776 28
1050.0 380.2879999999999 18 1230.0 -195.0 50 -78 133.293 59.658000000000015 21
1830.0 400.37499999999994 16 1980.0 -150.0 50 -110 131.259 69.104 10
1245.0 339.4589999999999 18 1500.0 -255.0 43 -75 136.55499999999995 58.439 39
1390.0 282.64799999999997 12 1560.0 -170.0 44 -65 89.747 62.970999999999975 18
935.0 427.187 17 1470.0 -685.0 128 -95 130.81799999999998 52.669999999999995 99
2040.0 328.5339999999998 18 2100.0 -60.0 20 -77 134.09899999999996 72.09599999999998 4
1005.0 270.52299999999997 14 1080.0 -75.0 25 -70 102.66399999999997 33.611 5
1470.0 395.55799999999994 20 1740.0 -270.0 51 -88 148.15300000000002 65.67299999999999 36
905.0 292.002 14 1230.0 -325.0 40 -72 97.74599999999998 44.551 65
595.0 317.3369999999999 12 1110.0 -530.0 55 -74 124.23399999999994 29.856999999999996 104
1615.0 357.5819999999999 14 1920.0 -305.0 49 -82 130.048 73.24899999999998 43
1500.0 319.483 16 1650.0 -150.0 41 -68 158.313 46.87699999999999 16
770.0 352.6849999999999 18 1320.0 -550.0 70 -74 127.85199999999996 61.861000000000004 92
600.0 281.69499999999994 12 840.0 -240.0 24 -71 92.85399999999998 29.895999999999987 40
1170.0 346.0589999999999 15 1290.0 -120.0 40 -89 125.72699999999998 55.44199999999999 8
420.0 280.596 11 780.0 -360.0 19 -64 101.14599999999996 29.200999999999993 72
2375.0 396.30899999999997 13 2550.0 -175.0 40 -93 137.227 96.45299999999999 21
1420.0 419.63599999999985 15 1650.0 -320.0 88 -101 126.86399999999995 52.607000000000006 30
510.0 423.8340000000001 19 990.0 -600.0 116 -97 162.33299999999997 47.010999999999996 78
1515.0 375.453 22 1680.0 -165.0 51 -95 132.27699999999996 68.122 13
1350.0 382.053 15 1530.0 -180.0 54 -96 129.445 71.96299999999995 13
1760.0 452.9009999999998 19 2400.0 -640.0 87 -78 180.68999999999997 96.041 110
1575.0 384.46499999999986 18 1860.0 -285.0 66 -87 156.65199999999996 64.13200000000002 33
1050.0 443.7259999999997 19 1650.0 -600.0 131 -105 119.28399999999998 66.52699999999997 76
1430.0 411.561 19 1590.0 -160.0 51 -101 153.97099999999995 63.61799999999999 11
1095.0 337.44300000000015 19 1380.0 -285.0 39 -70 122.571 63.345000000000006 43
1730.0 405.4019999999999 21 1890.0 -160.0 39 -97 127.598 73.44700000000002 18
2070.0 353.5610000000001 18 2280.0 -345.0 115 -88 124.21499999999996 77.7 23
1330.0 347.63099999999986 15 1590.0 -305.0 54 -78 137.49999999999991 63.29999999999999 55
1650.0 332.4669999999999 20 1740.0 -90.0 30 -78 134.95499999999996 63.26900000000001 6
1180.0 347.412 14 1470.0 -290.0 26 -84 106.04499999999999 64.91799999999998 56
1215.0 347.80299999999994 16 1290.0 -75.0 25 -84 130.59299999999996 52.925 5
1275.0 323.236 15 1530.0 -310.0 36 -71 120.99599999999998 58.42399999999999 52
1335.0 377.72 16 1620.0 -285.0 39 -83 123.63799999999996 58.74900000000002 57
2285.0 461.0349999999999 24 2460.0 -225.0 53 -92 190.36 112.232 29
985.0 297.3349999999999 13 1440.0 -455.0 34 -67 104.03399999999999 59.591999999999985 81
1330.0 397.19899999999996 19 1590.0 -260.0 33 -91 143.118 60.31099999999999 52
1595.0 354.5160000000001 18 1920.0 -370.0 41 -78 120.37199999999999 72.62799999999999 68
1860.0 399.70799999999997 15 2280.0 -420.0 49 -87 147.841 87.44899999999996 72
1155.0 329.4479999999999 18 1530.0 -375.0 55 -78 113.91199999999996 44.529999999999994 57
1135.0 351.6869999999999 20 1410.0 -275.0 36 -83 131.62899999999996 43.17000000000001 55
2275.0 396.023 14 2610.0 -385.0 80 -86 148.23700000000005 97.82499999999999 51
1185.0 343.0589999999998 18 1260.0 -75.0 25 -77 134.169 59.69999999999999 5
1665.0 327.5 14 1770.0 -105.0 35 -85 118.371 60.65100000000001 7
1655.0 409.87700000000007 18 1800.0 -145.0 34 -86 169.097 77.46799999999999 17
2030.0 432.97999999999996 16 2430.0 -400.0 58 -113 136.28099999999995 91.70000000000002 56
1210.0 343.1399999999998 17 1500.0 -290.0 68 -81 121.874 61.99399999999999 40
905.0 371.063 11 1080.0 -175.0 44 -93 113.80199999999998 45.192999999999984 19
1815.0 395.51199999999983 19 1920.0 -105.0 35 -88 149.16299999999995 90.99699999999999 7
905.0 443.86899999999986 18 1500.0 -595.0 68 -80 140.559 59.433 92
1340.0 423.6079999999997 17 1680.0 -340.0 80 -90 136.71299999999997 78.35 40
1110.0 367.9069999999998 16 1260.0 -150.0 50 -85 142.55299999999997 55.974999999999994 10
1750.0 353.50300000000016 13 2040.0 -290.0 51 -92 119.15499999999999 73.85699999999999 44
1155.0 388.678 16 1650.0 -630.0 97 -84 127.64499999999998 69.84799999999997 86
965.0 458.7379999999997 16 1410.0 -445.0 78 -87 107.85199999999999 51.04399999999999 71
2100.0 449.99800000000005 16 2400.0 -300.0 39 -84 141.52700000000002 103.66699999999999 52
1440.0 370.33700000000005 13 1740.0 -300.0 34 -83 112.89199999999998 60.45999999999999 60
2185.0 477.1119999999999 16 2700.0 -515.0 68 -77 150.179 91.10399999999996 61
1730.0 392.831 19 1920.0 -280.0 85 -87 147.01799999999992 81.41299999999997 24
1715.0 455.3539999999998 19 2130.0 -520.0 104 -91 187.4099999999999 87.29099999999997 76
1920.0 356.74199999999985 18 2100.0 -225.0 60 -75 135.02199999999996 77.17199999999997 23
1420.0 392.2059999999997 17 1980.0 -560.0 79 -87 134.95799999999994 73.86899999999999 92
1020.0 381.90700000000015 17 1290.0 -270.0 54 -91 107.12799999999999 70.776 38
1220.0 369.34 17 1470.0 -250.0 30 -83 133.07799999999997 64.826 46
1630.0 377.2769999999999 17 2040.0 -410.0 46 -86 112.14699999999999 69.53799999999997 76
1285.0 290.01599999999996 12 1410.0 -125.0 29 -79 88.59700000000001 47.93899999999999 15
1600.0 406.72999999999985 12 2130.0 -575.0 49 -86 132.00499999999994 83.57500000000002 109
1320.0 342.0009999999999 18 1620.0 -345.0 51 -68 141.37 69.927 63
1500.0 322.5 20 1620.0 -120.0 40 -81 111.79999999999994 63.33999999999999 8
1075.0 332.1589999999998 18 1230.0 -155.0 47 -74 132.01599999999996 55.45400000000001 13
1475.0 361.23400000000004 14 1770.0 -295.0 38 -89 121.947 72.462 51
1715.0 471.3639999999998 20 2280.0 -565.0 68 -109 143.04399999999998 86.85999999999996 95
735.0 269.8969999999999 14 810.0 -120.0 40 -75 82.09 35.717 8
1240.0 352.92500000000007 18 1680.0 -440.0 61 -78 116.75599999999997 63.20999999999998 88
1990.0 351.68000000000006 16 2250.0 -260.0 29 -87 109.97100000000002 90.25000000000001 52
2100.0 400.41899999999987 17 2460.0 -360.0 48 -82 138.84599999999995 88.66599999999997 64
2130.0 338.2359999999999 15 2280.0 -150.0 50 -91 112.33099999999997 77.887 10
1415.0 420.802 17 1860.0 -550.0 109 -95 150.55699999999993 81.516 70
2805.0 430.09 25 3120.0 -315.0 36 -88 153.00299999999996 136.407 63
1140.0 394.58699999999993 17 1290.0 -150.0 50 -101 150.10799999999995 51.185 10
1965.0 380.26399999999995 17 2100.0 -150.0 35 -81 131.17000000000004 78.22599999999997 18
1620.0 374.44199999999995 17 1740.0 -120.0 40 -89 142.15199999999993 77.541 8
1590.0 343.7539999999999 16 1710.0 -120.0 40 -89 114.92999999999998 58.02999999999998 8
1070.0 465.18000000000006 14 1380.0 -310.0 47 -99 130.81199999999995 64.744 50
2710.0 386.4929999999998 18 2850.0 -200.0 50 -78 157.1119999999999 120.80100000000002 22
1955.0 350.70199999999994 13 2280.0 -325.0 73 -80 118.14399999999995 86.649 47
1135.0 371.56199999999995 18 1290.0 -155.0 48 -90 144.91099999999997 54.278000000000006 11
2450.0 418.67999999999995 20 2670.0 -220.0 53 -85 190.74999999999997 100.70899999999999 24
1340.0 340.53299999999996 19 1500.0 -160.0 44 -82 130.464 54.24 16
1220.0 275.59899999999993 16 1620.0 -460.0 51 -54 103.46 58.239 84
2725.0 449.767 18 2880.0 -155.0 48 -101 183.54600000000008 102.66499999999995 11
1285.0 373.0799999999999 16 1440.0 -155.0 46 -92 123.73299999999998 66.79599999999999 13
650.0 389.108 15 870.0 -220.0 36 -92 132.39499999999995 41.918 34
2525.0 389.42099999999994 21 2670.0 -145.0 37 -92 144.73799999999997 95.28799999999995 17
1025.0 369.33599999999973 16 1170.0 -175.0 47 -89 120.12199999999994 52.272000000000006 19
1145.0 422.47099999999983 17 1440.0 -295.0 37 -88 137.23799999999997 65.20599999999999 35
1575.0 362.8929999999999 12 1920.0 -415.0 64 -84 134.726 71.20300000000002 61
1505.0 372.74899999999985 16 1740.0 -235.0 45 -98 131.31899999999996 49.95999999999998 33
1175.0 318.404 18 1410.0 -235.0 56 -67 128.681 57.550000000000004 27
1075.0 310.744 11 1290.0 -215.0 46 -85 78.04999999999998 41.89099999999999 27
1225.0 367.21099999999996 20 1560.0 -335.0 38 -84 139.042 69.815 67
1455.0 506.1399999999999 18 1800.0 -345.0 50 -110 134.65099999999995 75.24300000000001 40
825.0 345.543 13 1080.0 -255.0 29 -80 125.14799999999995 43.03 41
1505.0 333.8889999999999 16 1680.0 -175.0 44 -82 119.33899999999996 51.08699999999999 19
1285.0 396.4339999999998 20 1560.0 -275.0 68 -96 145.737 61.803 30
1750.0 342.96599999999995 17 2100.0 -350.0 104 -74 126.0 83.686 30
1845.0 452.4789999999999 19 2070.0 -225.0 60 -113 165.38000000000002 61.89699999999999 23
1635.0 460.996 19 1860.0 -225.0 75 -106 181.62800000000004 73.06299999999997 15
1755.0 376.1809999999999 20 1920.0 -180.0 37 -82 154.36700000000005 75.92499999999997 24
1420.0 336.68999999999994 14 1650.0 -230.0 38 -88 99.64600000000002 73.478 23
2425.0 388.3819999999999 17 2850.0 -425.0 37 -78 164.394 107.74699999999996 85
1855.0 471.2439999999999 17 2070.0 -215.0 52 -94 172.17899999999992 83.90999999999995 23
1580.0 328.4969999999999 15 1830.0 -250.0 28 -68 145.243 74.04599999999998 50
1515.0 339.77199999999993 19 1710.0 -195.0 42 -85 110.90599999999993 65.06299999999999 25
1890.0 377.1350000000001 14 2100.0 -210.0 54 -84 149.84800000000004 84.93699999999997 22
1005.0 373.02699999999993 18 1410.0 -405.0 41 -88 146.88899999999998 58.278999999999996 69
1875.0 385.598 12 2070.0 -195.0 44 -91 138.084 91.45299999999997 21
2070.0 370.7329999999999 19 2370.0 -300.0 44 -90 122.89399999999999 84.45 44
1945.0 372.69800000000004 17 2130.0 -185.0 53 -90 124.81400000000001 75.84099999999998 15
970.0 333.21099999999996 15 1200.0 -230.0 24 -78 131.18499999999997 38.345 46
1275.0 424.19899999999984 17 1410.0 -135.0 45 -98 161.18499999999995 63.31999999999998 9
1725.0 349.9329999999999 11 1830.0 -105.0 35 -79 119.939 80.40499999999997 7
695.0 324.4559999999999 13 1470.0 -835.0 95 -73 119.045 44.913999999999994 167
1460.0 384.81399999999996 20 1710.0 -385.0 110 -85 141.885 70.784 35
1050.0 372.72799999999984 16 1440.0 -390.0 62 -89 133.80700000000002 61.89399999999998 62
1335.0 362.0249999999999 17 1650.0 -360.0 60 -84 124.22799999999997 62.01399999999997 50
1290.0 373.02699999999976 16 1410.0 -120.0 40 -87 141.893 61.76899999999999 8
905.0 298.114 13 1050.0 -145.0 34 -70 92.06899999999997 44.107 17
1605.0 313.3629999999999 15 1770.0 -180.0 27 -74 132.15299999999993 62.03699999999999 34
2505.0 422.3659999999999 20 2640.0 -135.0 45 -102 167.679 82.64399999999999 9
1800.0 409.3669999999998 16 2070.0 -270.0 34 -89 167.49899999999997 79.297 42
1510.0 384.919 13 1830.0 -320.0 47 -99 112.28599999999999 80.40399999999998 46
1185.0 370.73699999999985 14 1500.0 -315.0 42 -85 105.50199999999997 58.530000000000015 63
1760.0 332.04099999999994 10 1950.0 -190.0 49 -89 103.69699999999999 65.61499999999998 21
1925.0 402.667 16 2100.0 -175.0 51 -84 178.57900000000004 86.67499999999997 13
1720.0 446.95 21 2010.0 -290.0 49 -108 141.68699999999998 71.73 46
465.0 315.67499999999995 13 900.0 -435.0 33 -81 107.80899999999995 30.034000000000006 87
1405.0 367.225 20 1710.0 -305.0 85 -94 107.75999999999999 75.28999999999999 29
420.0 341.2019999999999 16 1050.0 -630.0 70 -80 113.89399999999995 36.373 112
1925.0 556.8719999999996 20 2400.0 -475.0 65 -94 143.517 82.331 72
2235.0 376.0319999999999 19 2460.0 -270.0 42 -83 136.57099999999994 98.25399999999998 46
630.0 257.47199999999987 14 1050.0 -420.0 61 -62 98.84699999999997 38.101000000000006 67
1245.0 282.512 15 1320.0 -75.0 25 -68 108.221 53.43399999999998 5
1395.0 430.42699999999985 18 1770.0 -375.0 51 -85 150.16499999999996 73.53400000000002 75
2100.0 503.84799999999973 20 2220.0 -170.0 48 -98 218.7089999999999 91.75699999999999 13
670.0 263.6439999999999 14 1050.0 -380.0 58 -65 97.59599999999996 39.951 64
1245.0 327.9729999999999 16 1380.0 -135.0 45 -87 112.46399999999997 46.97099999999999 9
1480.0 331.62499999999994 12 1860.0 -380.0 81 -82 115.82799999999997 65.664 53
555.0 264.10799999999995 12 750.0 -195.0 20 -61 95.40899999999996 34.541 39
1335.0 316.52299999999997 14 1470.0 -135.0 45 -88 103.86699999999998 57.829999999999984 9
1460.0 335.224 17 1680.0 -220.0 29 -87 114.34499999999997 59.818 44
1285.0 304.163 17 1620.0 -425.0 76 -62 130.11499999999995 70.62099999999998 63
885.0 332.62199999999996 16 1320.0 -435.0 61 -76 111.96899999999998 56.44799999999999 87
1375.0 358.0899999999999 17 1590.0 -215.0 28 -79 134.38799999999992 77.537 43
1045.0 268.1299999999998 13 1350.0 -305.0 33 -71 88.29399999999998 51.02900000000001 61
1425.0 353.3110000000001 16 1710.0 -285.0 60 -84 123.715 68.06799999999996 37
900.0 382.80499999999995 18 1200.0 -300.0 44 -92 130.037 56.514 44
1520.0 464.42099999999976 21 2040.0 -520.0 61 -90 167.41299999999998 96.13099999999997 88
1135.0 410.19599999999986 16 1470.0 -335.0 41 -96 133.85899999999995 59.669999999999966 49
1185.0 344.65499999999986 18 1320.0 -135.0 45 -81 143.427 48.269 9
1665.0 352.4799999999998 17 1770.0 -105.0 35 -79 148.87299999999993 74.711 7
1265.0 409.10299999999995 17 1500.0 -235.0 51 -97 128.47099999999998 61.28799999999999 29
1335.0 397.2699999999999 15 1500.0 -165.0 55 -101 135.41999999999996 68.28799999999998 11
1320.0 286.39799999999997 17 1440.0 -165.0 55 -59 109.97999999999995 62.975000000000044 11
1320.0 341.25299999999993 13 1650.0 -330.0 70 -79 106.15799999999997 73.35 34
1495.0 362.928 20 1680.0 -230.0 64 -87 114.684 62.89199999999999 22
1675.0 415.81399999999996 20 1860.0 -185.0 37 -89 150.43399999999994 82.68799999999999 25
2430.0 413.576 16 2640.0 -210.0 55 -101 134.58899999999997 69.65799999999999 22
1540.0 432.3319999999999 16 1950.0 -410.0 100 -99 148.22399999999993 78.52 48
1230.0 373.005 22 1380.0 -195.0 65 -91 137.78900000000002 47.68499999999998 13
1185.0 346.4819999999999 16 1290.0 -105.0 35 -81 133.03299999999996 62.03800000000001 7
2615.0 430.553 22 2790.0 -190.0 52 -99 149.71200000000002 100.79799999999996 20
1680.0 376.4569999999998 16 1800.0 -120.0 40 -95 130.34 65.30799999999998 8
1110.0 427.292 20 1440.0 -330.0 37 -85 130.271 67.03699999999998 66
1845.0 416.6269999999999 20 2130.0 -285.0 63 -94 150.37499999999997 93.56699999999998 37
1730.0 400.24700000000007 20 1950.0 -220.0 47 -96 135.85999999999999 80.51799999999999 26
2505.0 378.73699999999997 14 2640.0 -150.0 50 -87 145.41099999999997 104.84600000000003 10
1510.0 368.5619999999999 19 1770.0 -305.0 44 -77 140.559 81.054 55
1315.0 348.55000000000007 15 1440.0 -125.0 38 -83 124.09299999999999 52.348999999999975 9
820.0 395.64900000000006 18 1230.0 -410.0 57 -75 140.97899999999996 67.17099999999998 82
815.0 355.0629999999999 17 1260.0 -445.0 46 -85 114.92900000000002 50.375 83
1800.0 400.25 17 1950.0 -150.0 50 -101 149.23499999999999 65.07399999999998 10
1385.0 454.7559999999999 19 1590.0 -205.0 52 -112 151.688 80.43399999999998 21
790.0 412.8409999999997 14 1290.0 -620.0 125 -109 110.53899999999999 60.84000000000001 78
1090.0 460.82899999999984 18 1350.0 -260.0 60 -115 168.04499999999996 61.593999999999994 28
1455.0 370.49299999999977 17 1740.0 -360.0 71 -82 132.54299999999995 71.83000000000001 46
1265.0 419.195 20 1440.0 -175.0 44 -102 127.90199999999999 67.49799999999999 19
1510.0 395.27299999999997 16 1800.0 -290.0 33 -83 157.961 77.54099999999998 58
1620.0 375.7210000000001 14 1920.0 -300.0 25 -80 109.92199999999998 89.66999999999999 60
695.0 336.472 13 1140.0 -445.0 70 -90 102.52199999999999 36.11699999999999 71
990.0 374.947 16 1140.0 -150.0 50 -93 141.30699999999996 46.328 10
1650.0 393.939 15 1920.0 -270.0 43 -87 120.41299999999993 75.93399999999994 27
1785.0 454.9219999999999 20 1980.0 -195.0 46 -92 198.96599999999995 83.37299999999999 23
855.0 342.577 15 1260.0 -405.0 46 -75 123.402 52.641999999999996 65
1800.0 410.5699999999999 18 1950.0 -150.0 50 -104 142.94099999999997 73.08299999999998 10
3025.0 416.35699999999986 17 3180.0 -155.0 43 -86 161.033 127.08400000000002 12
1325.0 299.1240000000001 16 1500.0 -175.0 50 -65 119.35399999999998 59.04 17
1705.0 383.218 16 2310.0 -605.0 88 -85 137.07999999999998 89.169 91
1095.0 346.37999999999994 13 1320.0 -225.0 69 -91 113.765 42.56499999999998 19
1635.0 362.5699999999998 12 1950.0 -330.0 41 -81 115.824 73.78399999999996 64
1425.0 357.1699999999999 18 1800.0 -375.0 46 -87 119.71999999999997 64.628 61
1725.0 402.65999999999997 18 1920.0 -270.0 75 -84 149.415 90.09000000000002 26
820.0 278.97499999999997 13 1050.0 -230.0 15 -72 84.51799999999997 50.99199999999999 46
2610.0 441.94999999999993 17 2730.0 -120.0 40 -101 182.44299999999996 103.59200000000001 8
640.0 382.96700000000004 16 1110.0 -470.0 86 -88 116.83999999999996 46.57999999999999 74
2480.0 405.6629999999999 19 2640.0 -210.0 50 -102 124.05299999999997 103.69299999999997 23
1330.0 349.4909999999999 18 1680.0 -350.0 62 -71 134.33399999999997 74.15500000000002 42
815.0 352.662 20 1230.0 -415.0 33 -77 124.96399999999994 57.503 73
2520.0 411.72200000000004 16 2670.0 -150.0 50 -98 140.01800000000003 103.77499999999998 10
1815.0 435.2909999999999 17 2130.0 -315.0 72 -98 152.20199999999994 96.922 39
1550.0 413.2139999999999 17 1770.0 -220.0 61 -108 133.34499999999997 76.64299999999997 22
1045.0 379.289 20 1410.0 -365.0 111 -83 152.24299999999997 62.004999999999995 31
2565.0 383.02699999999993 15 2700.0 -135.0 45 -96 136.148 100.081 9
830.0 443.2339999999998 18 1170.0 -340.0 51 -110 152.93599999999998 44.556999999999995 50
1035.0 405.247 16 1350.0 -315.0 49 -99 135.49099999999999 65.256 45
760.0 458.4839999999999 16 1350.0 -590.0 87 -90 133.18399999999997 52.335 73
1110.0 368.787 19 1260.0 -150.0 50 -84 156.79799999999997 44.095 10
2095.0 511.5529999999998 23 2490.0 -395.0 77 -114 196.08299999999988 108.94099999999999 59
1755.0 406.13100000000003 19 1980.0 -225.0 52 -87 129.65799999999996 93.60399999999998 27
1540.0 385.93699999999984 21 1980.0 -485.0 64 -84 127.02999999999996 70.52 74
915.0 397.3299999999999 15 1080.0 -165.0 51 -98 149.778 41.17899999999999 13
1775.0 463.9150000000003 22 2190.0 -415.0 83 -104 146.31699999999998 91.92399999999998 57
1110.0 459.1989999999999 20 1410.0 -300.0 61 -107 170.43199999999993 66.09099999999998 40
2385.0 430.4129999999999 18 2550.0 -270.0 75 -89 151.9229999999999 96.96699999999998 26
2115.0 419.09599999999983 20 2400.0 -285.0 33 -99 152.26899999999998 94.29599999999999 57
1380.0 448.53999999999996 21 1530.0 -150.0 50 -95 187.09299999999996 78.8 10
620.0 315.992 17 1230.0 -610.0 58 -64 93.32899999999997 51.055 106
1340.0 345.2329999999999 15 1650.0 -310.0 31 -82 116.88399999999997 66.48899999999999 62
990.0 343.36199999999997 17 1170.0 -180.0 37 -81 117.06499999999998 54.371 24
2075.0 409.348 19 2250.0 -175.0 47 -105 143.827 78.61399999999998 19
1595.0 393.5139999999999 20 1860.0 -265.0 65 -90 134.861 82.274 25
1590.0 408.83499999999987 13 1890.0 -300.0 58 -107 124.15099999999995 78.622 42
1605.0 367.5869999999999 15 1770.0 -165.0 47 -95 128.65999999999994 62.132000000000005 15
1110.0 429.61399999999986 18 1260.0 -150.0 50 -106 161.22599999999994 51.954 10
1050.0 367.7029999999998 17 1260.0 -210.0 55 -85 142.25699999999998 52.361 22
2065.0 397.9089999999998 21 2250.0 -185.0 51 -94 151.30800000000005 89.38099999999996 19
830.0 391.65099999999984 17 1230.0 -415.0 67 -81 156.42899999999995 59.29800000000001 65
1595.0 364.5209999999999 16 2190.0 -595.0 56 -72 121.60499999999998 84.39399999999995 119
2340.0 370.933 18 2520.0 -180.0 36 -85 146.883 91.43999999999997 24
600.0 389.306 16 900.0 -300.0 44 -103 118.98399999999994 47.201999999999984 44
1660.0 495.5839999999999 15 2220.0 -560.0 63 -80 115.067 70.45400000000001 83
1225.0 356.6969999999999 15 1380.0 -155.0 48 -97 121.65799999999999 52.042 11
2475.0 349.207 20 2580.0 -105.0 35 -74 140.81199999999998 95.25499999999998 7
1965.0 377.07700000000006 18 2100.0 -135.0 45 -96 122.64599999999997 82.05200000000004 9
980.0 306.49099999999993 16 1230.0 -250.0 20 -69 112.93599999999996 54.61599999999998 50
1685.0 411.568 14 1860.0 -175.0 23 -80 148.96699999999996 83.95600000000002 33
2115.0 525.1659999999999 20 2430.0 -315.0 64 -121 211.73799999999994 98.36099999999999 37
2030.0 429.797 17 2460.0 -580.0 123 -91 163.63500000000002 98.175 80
1795.0 368.70899999999995 17 1980.0 -185.0 37 -90 134.49400000000003 73.16999999999999 25
1635.0 390.61000000000007 17 1770.0 -270.0 90 -98 138.57099999999997 65.329 18
1915.0 396.909 21 2220.0 -305.0 72 -91 151.07299999999998 90.89299999999999 37
965.0 489.00699999999983 18 1380.0 -415.0 41 -95 165.6819999999999 89.57799999999997 81
1915.0 352.32399999999996 16 2070.0 -155.0 39 -76 137.26700000000002 80.62700000000002 17
955.0 402.64399999999995 15 1320.0 -365.0 68 -77 118.70499999999998 38.389 59
1705.0 457.858 22 2040.0 -335.0 75 -91 212.01199999999997 73.139 49
2265.0 400.1769999999999 22 2400.0 -180.0 60 -94 148.90499999999997 90.52699999999997 12
1890.0 434.36599999999993 21 2010.0 -120.0 40 -92 174.72700000000003 92.96799999999999 8
1320.0 392.0909999999999 22 1440.0 -120.0 40 -97 155.31899999999996 43.93499999999999 8
1555.0 394.5219999999999 19 1770.0 -215.0 47 -90 150.34899999999996 67.46799999999998 27
1500.0 359.6209999999998 13 1650.0 -150.0 47 -98 117.35499999999993 60.82199999999999 12
1825.0 349.864 13 2220.0 -395.0 53 -76 107.61000000000001 77.817 67
1950.0 345.749 17 2070.0 -120.0 40 -83 119.85200000000002 87.83999999999999 8
2110.0 444.5679999999998 17 2250.0 -140.0 43 -95 184.893 100.18100000000001 10
1370.0 408.3219999999997 20 1530.0 -160.0 47 -102 152.355 55.263000000000005 14
925.0 410.13599999999985 15 1380.0 -455.0 84 -84 142.35199999999995 54.90299999999999 73
1090.0 444.281 19 1350.0 -260.0 62 -106 164.24399999999994 67.26700000000001 30
945.0 345.6809999999999 17 1050.0 -105.0 35 -81 136.565 46.278000000000006 7
1175.0 514.9239999999999 16 1740.0 -565.0 80 -82 175.13799999999992 64.74899999999998 93
1675.0 341.05899999999986 18 1860.0 -185.0 26 -79 127.01899999999998 78.03900000000002 31
1785.0 334.47699999999975 16 1980.0 -195.0 34 -73 126.91399999999996 80.36999999999998 33
1080.0 342.699 14 1500.0 -435.0 41 -86 105.12699999999995 58.67700000000004 85
1915.0 387.15100000000007 18 2100.0 -335.0 97 -89 146.42999999999992 90.81099999999999 31
1270.0 361.74199999999985 19 1560.0 -290.0 42 -82 121.90199999999993 64.31400000000001 58
965.0 349.78100000000006 15 1410.0 -445.0 40 -72 83.577 45.737999999999985 89
2625.0 466.39699999999976 27 2760.0 -135.0 45 -101 202.14999999999998 101.84599999999998 9
1710.0 365.44300000000004 13 2010.0 -435.0 89 -77 127.58899999999998 78.131 53
700.0 344.829 14 1080.0 -380.0 33 -82 103.81099999999998 41.61899999999999 76
1995.0 381.3129999999999 18 2250.0 -255.0 29 -87 139.23299999999998 78.131 41
665.0 320.4719999999999 13 960.0 -385.0 70 -83 93.24899999999997 42.68000000000001 65
1415.0 320.679 12 1770.0 -355.0 57 -86 92.60799999999999 61.84599999999998 49
445.0 288.082 11 780.0 -335.0 40 -81 73.901 33.523999999999994 53
840.0 340.8159999999999 17 960.0 -165.0 40 -80 115.30399999999999 41.033 19
2205.0 431.88200000000006 20 2340.0 -135.0 45 -102 172.26099999999997 85.517 9
1080.0 305.23 16 1260.0 -195.0 34 -72 108.75399999999996 55.49500000000001 33
580.0 483.85899999999987 13 1260.0 -680.0 66 -78 102.36300000000001 41.893 92
945.0 287.9179999999999 15 1230.0 -300.0 44 -67 97.87099999999997 52.18700000000001 44
2110.0 380.74299999999994 18 2250.0 -140.0 34 -90 123.72999999999998 89.152 16
1000.0 349.989 15 1410.0 -410.0 71 -79 110.767 55.18199999999999 68
1845.0 362.7950000000001 17 1980.0 -135.0 45 -91 131.503 86.04899999999999 9
1410.0 357.61999999999983 19 1530.0 -120.0 40 -80 151.642 65.646 8
870.0 360.6249999999999 13 1050.0 -180.0 45 -91 93.533 53.72999999999999 20
1125.0 356.53599999999994 18 1260.0 -255.0 85 -87 129.73 45.141 17
635.0 381.68399999999986 13 1080.0 -445.0 74 -104 119.74299999999997 36.493 69
1065.0 391.13699999999994 13 1260.0 -195.0 50 -97 120.90699999999997 48.81699999999998 21
1175.0 304.8519999999999 12 1470.0 -295.0 41 -57 104.02500000000002 48.18099999999999 59
1385.0 315.996 15 1530.0 -145.0 35 -88 98.44199999999998 57.638 15
765.0 410.6509999999997 18 1440.0 -675.0 87 -92 141.57999999999993 59.032999999999994 111
960.0 409.17499999999995 22 1110.0 -150.0 50 -97 158.13499999999996 52.34999999999999 10
1410.0 339.9909999999998 22 1680.0 -270.0 46 -74 131.414 65.66799999999999 42
1155.0 283.7779999999999 15 1320.0 -180.0 45 -69 105.77899999999997 46.338999999999984 20
1740.0 331.392 18 1860.0 -135.0 45 -70 149.09599999999998 76.373 9
1995.0 311.278 16 2100.0 -105.0 35 -70 127.02699999999996 66.50999999999999 7
2255.0 456.73400000000015 22 2430.0 -310.0 94 -106 169.89499999999995 93.699 24
750.0 460.6989999999998 16 1020.0 -270.0 38 -94 116.01799999999999 45.007 27
1110.0 337.5379999999999 20 1380.0 -270.0 34 -81 119.79099999999994 54.254 42
1320.0 411.3199999999999 18 1470.0 -150.0 50 -107 129.12299999999996 72.335 10
2415.0 455.80500000000006 20 2730.0 -315.0 49 -119 140.77099999999993 96.601 45
970.0 267.949 14 1320.0 -350.0 28 -70 80.88199999999999 34.12499999999999 70
1470.0 324.4910000000001 16 1830.0 -360.0 41 -83 101.98199999999999 69.98299999999999 60
2130.0 421.7809999999999 19 2250.0 -120.0 40 -89 158.62 102.69200000000001 8
1905.0 329.0180000000001 15 2040.0 -135.0 45 -70 140.35399999999996 79.738 9
1960.0 381.9159999999999 17 2340.0 -380.0 66 -95 122.50600000000001 81.21899999999997 52
1075.0 413.9169999999999 17 1320.0 -245.0 57 -97 164.16799999999995 51.992 29
1330.0 352.701 22 1650.0 -440.0 111 -85 129.533 64.419 48
1035.0 397.2549999999999 23 1260.0 -225.0 56 -96 148.831 52.74999999999999 25
1035.0 425.2349999999998 17 1380.0 -345.0 36 -93 160.25399999999993 56.76899999999999 59
1560.0 399.96999999999997 19 1710.0 -150.0 50 -91 153.52499999999998 79.58800000000001 10
2155.0 425.4639999999999 15 2310.0 -155.0 48 -92 172.89899999999994 88.48299999999996 11
1045.0 356.354 17 1380.0 -335.0 50 -98 115.25699999999995 46.67699999999999 49
825.0 409.8339999999998 18 1440.0 -675.0 78 -81 146.891 65.086 135
1575.0 428.40099999999984 21 1770.0 -195.0 54 -103 157.29599999999994 70.93700000000001 17
1915.0 466.05899999999997 18 2130.0 -230.0 54 -96 172.43199999999996 88.08099999999999 26
2685.0 408.1679999999999 16 2880.0 -230.0 70 -86 165.324 109.98499999999997 20
1365.0 421.787 14 2070.0 -750.0 64 -83 143.55799999999996 82.8 144
1405.0 350.0419999999998 19 1620.0 -215.0 55 -88 119.208 62.194999999999986 23
1150.0 345.2789999999999 17 1320.0 -215.0 67 -74 138.088 61.983 15
2460.0 466.6959999999998 15 2670.0 -210.0 51 -103 182.57099999999997 119.51899999999998 24
1470.0 319.77599999999995 14 1560.0 -90.0 30 -72 114.33899999999994 69.90700000000001 6
1260.0 343.04699999999974 16 1560.0 -345.0 52 -70 139.69199999999995 68.15799999999999 63
1845.0 371.25000000000006 21 1980.0 -135.0 45 -89 133.10299999999998 81.86699999999999 9
1265.0 431.17199999999974 20 1710.0 -445.0 62 -96 161.589 75.72099999999999 75
805.0 332.7009999999999 16 1020.0 -215.0 55 -88 106.68999999999998 41.58 24
1465.0 429.4199999999998 20 1740.0 -275.0 56 -97 141.37299999999996 70.994 37
1485.0 384.7449999999999 21 1620.0 -135.0 45 -97 145.92999999999998 62.59 9
1385.0 383.22900000000004 15 1710.0 -325.0 25 -80 127.51199999999999 77.27699999999996 65
1935.0 409.7130000000001 16 2130.0 -195.0 50 -92 130.991 81.934 21
1870.0 321.2909999999999 14 2070.0 -200.0 26 -79 113.569 70.14899999999996 40
890.0 424.1509999999999 19 1260.0 -370.0 58 -103 136.88999999999996 51.502 50
715.0 305.99199999999996 10 930.0 -215.0 42 -77 96.95399999999997 31.237000000000002 31
1130.0 355.76599999999985 15 1530.0 -445.0 44 -79 142.238 55.42599999999997 79
1520.0 464.9269999999999 19 1740.0 -220.0 48 -104 155.33999999999995 67.638 28
1160.0 412.2649999999998 18 1920.0 -760.0 70 -83 168.99999999999994 69.95500000000003 152
1275.0 372.4069999999999 19 1560.0 -285.0 27 -80 158.77099999999996 57.57600000000001 57
1470.0 345.42599999999993 15 1560.0 -90.0 30 -77 138.861 73.50399999999999 6
1475.0 352.14099999999996 19 1680.0 -205.0 49 -79 119.585 60.441 23
830.0 294.59499999999986 14 1020.0 -310.0 89 -69 106.40499999999996 31.204 28
1740.0 397.7979999999999 16 1890.0 -150.0 46 -98 144.312 72.32 12
2070.0 414.5779999999998 20 2310.0 -345.0 115 -97 147.98699999999994 87.68599999999999 23
1395.0 342.3589999999998 15 1500.0 -105.0 35 -85 105.03299999999999 71.26599999999999 7
1450.0 285.15199999999993 16 1680.0 -230.0 34 -70 114.36299999999997 49.29699999999999 30
1325.0 392.0610000000001 18 1710.0 -385.0 75 -94 121.517 54.36299999999999 59
810.0 341.76599999999985 14 1140.0 -330.0 31 -82 114.29799999999996 42.04600000000001 58
2030.0 345.159 17 2160.0 -130.0 41 -76 138.90800000000002 84.837 9
2050.0 453.876 19 2250.0 -200.0 42 -102 162.90399999999997 115.84599999999998 26
1575.0 350.3889999999998 18 1710.0 -135.0 45 -78 157.832 61.321999999999996 9
1425.0 359.90899999999993 21 1620.0 -240.0 63 -79 141.63799999999995 60.901999999999994 23
2265.0 409.3459999999999 20 2370.0 -105.0 35 -96 148.97599999999997 96.10099999999997 7
2040.0 397.72099999999995 18 2220.0 -220.0 57 -80 159.81199999999998 101.63600000000002 26
1530.0 328.763 16 1650.0 -120.0 40 -80 122.03399999999996 59.538 8
590.0 371.5089999999998 15 1140.0 -550.0 56 -78 117.48899999999995 48.152 110
1375.0 354.48199999999986 18 1650.0 -275.0 56 -92 112.838 66.25999999999998 37
1190.0 367.1749999999999 16 1530.0 -340.0 48 -90 125.74999999999996 52.812 52
540.0 327.7879999999997 16 780.0 -240.0 47 -77 125.12899999999998 31.32300000000001 34
1365.0 322.1049999999999 13 1560.0 -195.0 25 -70 121.24000000000004 67.93699999999995 39
1515.0 364.2999999999999 16 1650.0 -135.0 45 -98 120.22299999999997 62.302999999999976 9
1550.0 423.0839999999998 19 1800.0 -250.0 57 -106 161.54799999999994 57.56100000000001 30
1170.0 398.5099999999999 20 1560.0 -435.0 72 -87 171.35599999999997 48.50499999999998 73
2085.0 368.7709999999999 18 2220.0 -135.0 45 -88 135.04799999999994 83.37499999999996 9
1280.0 354.25799999999987 15 1620.0 -340.0 45 -79 131.37499999999997 64.19599999999996 68
1465.0 417.384 21 1680.0 -215.0 38 -103 133.24599999999998 56.05399999999999 31
745.0 308.054 16 990.0 -245.0 24 -79 87.63199999999999 38.507999999999996 41
1395.0 390.7730000000001 20 1620.0 -225.0 37 -91 119.85299999999998 61.557 35
1695.0 413.09299999999985 17 1860.0 -210.0 55 -92 133.22400000000002 77.831 22
725.0 327.26199999999994 15 1050.0 -325.0 62 -97 89.20499999999998 40.028 45
1475.0 317.8809999999999 14 1680.0 -205.0 29 -79 118.57999999999998 61.92099999999999 39
185.0 312.0489999999998 12 870.0 -755.0 59 -63 99.99199999999996 28.211 151
1645.0 435.0439999999999 15 1950.0 -305.0 61 -105 123.85 80.247 40
660.0 384.0129999999999 13 960.0 -300.0 43 -86 119.05499999999998 37.074 35
1520.0 290.93399999999997 11 1680.0 -205.0 35 -65 128.51499999999996 53.89999999999999 35
1560.0 338.43799999999993 20 1740.0 -180.0 41 -75 134.049 71.05699999999999 22
1900.0 415.38899999999995 16 2130.0 -230.0 51 -107 139.33799999999997 74.783 26
1530.0 328.2699999999999 15 1890.0 -360.0 19 -66 129.398 76.46300000000001 72
1730.0 446.00199999999984 15 2460.0 -730.0 94 -98 151.76399999999998 94.11900000000004 125
1015.0 361.21099999999984 18 1410.0 -440.0 59 -88 127.86999999999998 64.74399999999999 82
1105.0 325.54 17 1260.0 -155.0 27 -70 146.647 43.99099999999999 23
1800.0 370.45099999999996 15 1920.0 -270.0 90 -81 143.53599999999997 80.20499999999998 18
795.0 323.349 13 1470.0 -675.0 75 -73 108.69099999999996 50.09099999999999 117
1830.0 326.2229999999999 15 1950.0 -120.0 40 -81 120.60399999999998 72.25900000000001 8
1980.0 358.1859999999999 15 2130.0 -150.0 50 -83 152.14299999999997 74.77499999999996 10
1340.0 323.0649999999999 16 1560.0 -220.0 26 -67 102.60599999999994 66.473 44
1105.0 444.5709999999999 23 1740.0 -635.0 57 -103 162.73399999999995 79.68599999999999 109
1335.0 359.3289999999999 17 1470.0 -135.0 45 -95 134.36099999999996 50.64499999999999 9
1355.0 379.5169999999999 17 1650.0 -295.0 58 -100 127.89199999999997 62.178 41
1290.0 399.06200000000007 16 1710.0 -420.0 43 -93 128.759 65.75799999999998 60
1065.0 410.47599999999983 20 1350.0 -285.0 67 -94 166.07600000000002 52.871 39
795.0 337.2539999999999 15 1080.0 -285.0 39 -80 113.255 46.524 43
1285.0 374.7 17 1620.0 -335.0 95 -86 127.38999999999996 67.75099999999996 30
2070.0 470.38999999999993 19 2220.0 -150.0 50 -104 178.45299999999992 101.291 10
1530.0 315.83200000000005 17 1740.0 -300.0 37 -68 117.49199999999995 68.579 58
1570.0 439.32200000000006 13 1920.0 -470.0 87 -90 126.96999999999997 76.15800000000002 49
1200.0 398.40099999999984 16 1650.0 -450.0 45 -88 142.301 67.84999999999997 90
1135.0 381.69 20 1530.0 -395.0 31 -90 124.84999999999997 51.47299999999999 79
1200.0 347.06700000000006 15 1500.0 -300.0 44 -89 101.62700000000001 52.51400000000002 44
1370.0 373.36899999999986 15 1890.0 -520.0 75 -78 141.95099999999994 68.15700000000001 90
1045.0 322.146 14 1620.0 -575.0 63 -64 113.29799999999999 61.183 115
1185.0 354.5449999999998 18 1440.0 -405.0 84 -88 114.66199999999999 62.275999999999996 61
1380.0 359.753 15 1530.0 -150.0 50 -96 117.62099999999995 58.561 10
1530.0 377.5519999999999 16 1740.0 -210.0 70 -94 126.234 79.55099999999999 14
1815.0 369.253 16 1980.0 -165.0 55 -87 122.26399999999995 62.04500000000001 11
2120.0 369.75800000000004 16 2340.0 -220.0 59 -83 125.14999999999999 80.48799999999999 22
1455.0 438.856 17 1680.0 -225.0 60 -122 129.499 65.23299999999999 23
1530.0 347.94 14 1650.0 -120.0 40 -79 123.41899999999997 74.355 8
1255.0 376.35199999999986 20 1650.0 -395.0 50 -78 153.45399999999995 65.588 63
1775.0 389.22900000000004 17 1950.0 -175.0 44 -91 140.74599999999995 71.58099999999996 19
1510.0 403.912 19 1680.0 -170.0 52 -102 142.50299999999996 64.64800000000001 12
660.0 345.1079999999999 16 1110.0 -450.0 26 -85 121.63199999999999 45.663 90
1120.0 381.9909999999998 18 1290.0 -170.0 53 -97 141.18899999999996 52.39399999999999 12
1265.0 350.072 19 1440.0 -175.0 47 -83 125.86099999999996 57.01699999999999 19
700.0 326.64399999999983 13 870.0 -170.0 44 -91 96.09599999999996 29.771 18
1485.0 367.73499999999996 14 1980.0 -555.0 87 -89 98.35099999999998 76.35900000000001 83
1610.0 378.1499999999999 19 1800.0 -190.0 38 -88 147.60199999999998 73.46499999999997 26
750.0 397.3800000000001 17 1170.0 -420.0 65 -89 109.58099999999995 52.78400000000001 56
1035.0 369.8999999999998 18 1380.0 -495.0 109 -82 140.489 54.54 57
1610.0 393.645 15 1800.0 -190.0 52 -97 146.67 71.563 20
890.0 404.4289999999999 18 1170.0 -280.0 46 -99 142.88399999999993 56.316999999999986 28
965.0 357.962 15 1410.0 -445.0 28 -77 136.61399999999998 70.10599999999998 89
1455.0 357.794 15 1680.0 -225.0 75 -93 112.29499999999999 64.53999999999998 15
1665.0 351.3319999999999 15 1920.0 -255.0 39 -92 108.47299999999996 69.279 34
1195.0 341.0839999999998 14 1320.0 -125.0 29 -76 113.85900000000001 64.07499999999997 15
1645.0 391.03900000000004 16 1800.0 -155.0 31 -92 147.075 77.34699999999995 21
910.0 456.09700000000004 18 1410.0 -500.0 71 -88 162.46699999999996 53.05299999999999 69
1070.0 363.6669999999999 20 1410.0 -340.0 74 -76 146.11299999999994 59.523999999999994 34
1805.0 462.618 20 2160.0 -355.0 80 -96 179.78499999999997 81.651 49
1175.0 370.97999999999996 21 1320.0 -145.0 46 -87 152.17499999999995 49.518999999999984 10
1730.0 347.8069999999999 15 1920.0 -235.0 64 -78 121.25899999999996 65.056 23
1610.0 385.201 15 1800.0 -250.0 65 -86 135.41199999999998 83.78699999999998 26
1410.0 381.22099999999995 17 1500.0 -90.0 30 -72 160.38899999999995 82.34899999999999 6
1260.0 355.45799999999997 18 1380.0 -120.0 40 -94 126.11599999999999 56.013 8
1365.0 427.34699999999987 19 1800.0 -475.0 81 -73 192.17199999999997 80.21699999999998 81
1135.0 415.4279999999998 19 1290.0 -155.0 47 -92 166.14499999999998 58.757 13
1595.0 386.64799999999997 17 1770.0 -175.0 48 -101 125.20499999999998 67.71899999999998 17
1570.0 349.4809999999999 17 1680.0 -110.0 26 -81 126.13699999999996 69.32099999999998 14
830.0 443.385 15 1080.0 -295.0 64 -93 120.82900000000001 54.426999999999985 35
1275.0 368.9250000000001 14 1710.0 -435.0 38 -79 121.01099999999997 61.345000000000034 87
825.0 297.55999999999983 14 1020.0 -240.0 65 -75 84.97999999999998 39.916999999999994 24
1845.0 433.01299999999986 24 1980.0 -135.0 45 -104 163.2 79.04899999999998 9
1655.0 368.9799999999999 18 1860.0 -305.0 68 -82 121.75200000000001 80.63899999999998 41
1740.0 363.32099999999997 18 1890.0 -150.0 50 -98 128.03499999999997 59.78299999999999 10
1360.0 379.31199999999984 13 1650.0 -290.0 43 -62 139.656 65.40499999999997 29
1960.0 472.07899999999984 19 2340.0 -380.0 67 -107 157.74999999999991 101.56999999999996 56
1365.0 419.49699999999996 19 1650.0 -300.0 62 -97 171.82299999999992 69.38699999999999 40
1010.0 387.931 15 1500.0 -490.0 80 -87 134.93599999999998 57.908 52
1825.0 333.88199999999995 14 1950.0 -125.0 38 -80 124.24099999999999 72.66099999999996 9
1695.0 330.58199999999994 18 1830.0 -135.0 33 -82 118.08899999999998 68.02499999999999 17
1070.0 360.37700000000007 17 1440.0 -370.0 28 -86 114.13499999999999 61.88899999999999 74
885.0 198.90799999999993 12 1080.0 -195.0 26 -55 58.303999999999995 39.516000000000005 39
1560.0 386.8199999999998 16 1800.0 -240.0 39 -88 127.80499999999994 68.54699999999998 24
2490.0 446.45399999999995 18 2700.0 -210.0 46 -106 171.10699999999994 93.68199999999995 26
1905.0 464.087 20 2160.0 -255.0 56 -106 173.51799999999994 82.688 33
1525.0 356.5149999999999 21 1920.0 -395.0 76 -83 128.29899999999998 77.40399999999998 59
1710.0 515.2319999999997 15 2040.0 -330.0 58 -119 178.152 77.11800000000001 48
1800.0 380.68199999999996 21 1920.0 -120.0 40 -84 161.21799999999996 80.03299999999997 8
1030.0 374.0929999999999 15 1260.0 -230.0 54 -93 106.543 45.586000000000006 26
1350.0 391.38299999999987 18 1590.0 -345.0 80 -85 169.30699999999996 72.219 39
1025.0 359.876 16 1350.0 -325.0 47 -73 110.06099999999996 61.650000000000006 36
1135.0 394.8249999999998 17 1650.0 -530.0 64 -95 125.31499999999998 68.462 86
1245.0 323.48400000000004 20 1530.0 -285.0 69 -78 118.43999999999997 58.788999999999994 24
1060.0 361.376 17 1470.0 -410.0 33 -74 128.02799999999996 65.925 82
985.0 395.92399999999975 19 1230.0 -245.0 57 -102 132.93499999999997 57.119 29
1230.0 371.50399999999996 18 1350.0 -120.0 40 -84 149.59699999999998 59.95799999999999 8
650.0 395.65199999999976 15 1260.0 -610.0 84 -96 133.26599999999996 49.811 104
1875.0 431.68499999999995 18 2010.0 -135.0 45 -95 163.13099999999997 95.77099999999999 9
1560.0 329.1749999999999 12 1710.0 -150.0 50 -88 106.87799999999994 69.26799999999999 10
1200.0 398.704 22 1500.0 -300.0 44 -94 142.50399999999993 66.38300000000002 44
1150.0 381.98099999999994 18 1410.0 -260.0 56 -92 137.12399999999997 57.617 34
1535.0 455.34799999999984 17 1800.0 -355.0 87 -94 117.61899999999997 68.03099999999999 34
690.0 386.92800000000005 15 1170.0 -480.0 39 -72 160.52899999999997 45.87299999999998 79
640.0 328.2499999999999 17 960.0 -460.0 83 -75 132.847 37.321 76
1740.0 410.2379999999999 15 1950.0 -300.0 81 -94 137.326 91.61800000000001 30
565.0 307.735 15 1020.0 -455.0 63 -67 112.78199999999998 44.832 91
2145.0 358.9069999999999 18 2250.0 -105.0 35 -81 131.36799999999994 89.26200000000001 7
1275.0 384.38599999999997 17 1740.0 -465.0 78 -83 157.04199999999997 72.192 75
1105.0 373.1129999999998 14 1470.0 -365.0 63 -90 129.081 59.50099999999999 55
1050.0 278.06699999999995 15 1110.0 -60.0 20 -68 109.91399999999997 37.986999999999995 4
1525.0 460.38800000000015 18 2130.0 -605.0 88 -100 162.7 104.00899999999999 73
1665.0 404.69499999999977 17 1980.0 -360.0 64 -93 147.27199999999993 70.57999999999997 48
930.0 364.5729999999999 17 1110.0 -180.0 48 -96 108.19899999999998 39.718 20
610.0 290.99999999999994 13 930.0 -320.0 39 -73 94.27799999999996 34.596999999999994 62
1240.0 395.81799999999976 15 1710.0 -470.0 73 -95 133.378 58.54899999999999 76
1520.0 490.8499999999999 16 1980.0 -460.0 78 -92 167.455 76.28800000000003 76
1315.0 393.55899999999997 16 1920.0 -605.0 58 -84 139.93399999999997 74.41200000000002 103
1050.0 405.76599999999985 19 1530.0 -480.0 59 -87 151.70599999999996 63.697 76
855.0 380.4979999999999 16 1050.0 -195.0 50 -88 114.10299999999995 41.034 21
1050.0 363.01499999999976 15 1320.0 -270.0 34 -87 124.92599999999995 61.597 42
1365.0 338.06499999999994 13 1500.0 -135.0 45 -87 115.75099999999999 57.213 9
1505.0 360.525 18 2040.0 -535.0 44 -76 120.786 77.84199999999996 107
1275.0 353.2849999999999 22 1710.0 -505.0 73 -78 134.74399999999997 59.97899999999999 85
925.0 307.37699999999995 16 1260.0 -335.0 24 -70 108.63399999999997 55.94999999999998 67
1075.0 402.1489999999999 13 1350.0 -275.0 51 -98 144.96999999999997 52.37899999999999 39
1215.0 397.16599999999994 17 1410.0 -300.0 85 -92 124.54299999999998 64.60200000000002 28
1365.0 457.0030000000001 22 1500.0 -135.0 45 -112 166.15499999999994 71.45599999999997 9
2240.0 485.26300000000015 17 2490.0 -250.0 54 -103 150.66399999999993 91.05399999999995 32
1710.0 350.5959999999999 16 1890.0 -180.0 60 -74 151.45299999999995 74.43499999999999 12
700.0 317.38499999999993 15 840.0 -140.0 22 -77 106.11399999999998 37.297 22
2200.0 360.96599999999995 22 2340.0 -140.0 43 -82 156.52200000000002 78.63099999999999 10
1320.0 430.00099999999986 24 1470.0 -150.0 50 -111 158.16599999999997 61.915 10
525.0 259.5439999999999 13 780.0 -255.0 34 -73 89.97199999999998 34.05500000000001 51
725.0 258.9619999999999 16 930.0 -250.0 42 -59 109.19099999999997 41.29399999999999 44
1610.0 405.7779999999999 17 1920.0 -310.0 36 -86 151.06900000000002 84.855 60
1370.0 353.288 17 1830.0 -460.0 109 -77 123.82299999999998 83.312 60
1530.0 338.43699999999995 16 1650.0 -210.0 70 -81 131.29800000000003 62.97499999999999 14
1240.0 312.60100000000006 19 1440.0 -215.0 55 -76 114.98499999999999 47.99499999999999 23
2010.0 421.308 21 2130.0 -120.0 40 -88 196.067 80.44099999999999 8
1900.0 379.1689999999998 16 2130.0 -230.0 73 -87 139.27399999999994 94.73799999999999 16
1220.0 361.8879999999999 18 1380.0 -175.0 44 -86 120.12799999999999 60.32299999999999 19
820.0 336.4109999999999 11 1110.0 -290.0 34 -83 86.25399999999998 40.446999999999996 52
2385.0 497.22600000000006 20 2520.0 -135.0 45 -114 193.58499999999998 98.03300000000004 9
1670.0 313.6089999999998 15 1890.0 -220.0 30 -75 120.51199999999997 68.38 38
640.0 426.8629999999997 13 1260.0 -620.0 70 -97 125.59900000000002 42.88000000000001 107
1465.0 334.053 15 1650.0 -185.0 49 -80 115.64099999999995 62.27099999999999 19
1710.0 397.842 23 1920.0 -210.0 51 -96 150.86499999999995 72.47999999999999 24
1795.0 386.656 19 2040.0 -290.0 47 -89 142.91999999999996 85.37000000000002 52
1770.0 355.239 13 1980.0 -210.0 43 -86 120.26499999999997 81.91899999999998 28
1400.0 353.82099999999997 15 1530.0 -130.0 41 -91 129.78199999999998 49.216999999999985 9
1935.0 377.3850000000002 19 2070.0 -135.0 45 -90 161.457 69.77299999999997 9
1090.0 390.94 15 1440.0 -365.0 37 -79 108.43699999999997 66.38700000000001 71
1055.0 287.07199999999983 16 1380.0 -325.0 21 -61 103.59299999999995 59.748999999999995 61
2400.0 423.02399999999994 19 2520.0 -165.0 55 -91 175.08299999999997 104.11699999999996 11
1185.0 364.09799999999996 15 1470.0 -285.0 39 -82 134.71299999999997 64.17099999999998 43
1430.0 361.6090000000001 20 1830.0 -400.0 28 -82 149.908 74.46599999999998 80
1245.0 325.34099999999984 14 1500.0 -255.0 29 -74 130.69099999999997 57.69199999999999 51
1750.0 389.512 21 2010.0 -260.0 50 -90 151.39700000000002 73.41799999999998 36
1770.0 374.2689999999999 15 2040.0 -270.0 34 -79 151.25799999999995 79.83899999999998 42
1660.0 363.2659999999999 18 1920.0 -260.0 48 -88 133.05 63.67299999999998 33
1815.0 441.279 19 1980.0 -165.0 48 -102 155.11899999999997 93.07499999999999 15
1605.0 335.9360000000001 14 1770.0 -165.0 22 -78 123.92500000000003 68.88899999999997 33
1365.0 310.80699999999996 16 1560.0 -195.0 25 -83 98.53199999999998 59.027999999999984 39
1410.0 355.70299999999986 14 1530.0 -165.0 55 -87 134.286 67.52099999999997 11
615.0 299.3059999999998 14 1110.0 -495.0 109 -71 110.33699999999997 30.372999999999998 57
1605.0 376.3369999999998 17 1740.0 -240.0 80 -83 148.06499999999997 75.021 16
965.0 352.4729999999999 20 1320.0 -355.0 51 -85 125.07699999999996 52.423 63
1395.0 393.8909999999999 18 1590.0 -195.0 65 -94 146.214 60.427 13
1190.0 397.7439999999999 17 1350.0 -160.0 39 -76 161.386 71.07 18
1105.0 361.37500000000006 16 1260.0 -155.0 47 -96 107.00999999999998 46.84599999999999 11
1290.0 300.31199999999995 17 1380.0 -90.0 30 -74 103.98199999999997 46.80699999999999 6
1925.0 371.9579999999999 20 2100.0 -175.0 44 -88 127.925 87.41000000000003 20
1065.0 316.86499999999995 18 1260.0 -195.0 56 -79 117.748 50.47799999999999 19
1275.0 327.6179999999999 16 1380.0 -105.0 35 -77 122.141 58.23199999999999 7
1950.0 369.4570000000001 22 2070.0 -120.0 40 -80 165.08099999999996 75.62799999999999 8
880.0 357.23799999999994 18 1200.0 -320.0 43 -72 115.77599999999997 52.651999999999994 64
1620.0 290.46199999999993 14 1950.0 -330.0 26 -76 112.89600000000002 56.677 66
2535.0 471.64599999999973 21 2700.0 -165.0 52 -108 160.10199999999998 105.27999999999997 13
1335.0 370.293 12 1920.0 -625.0 84 -79 119.81200000000001 70.86699999999999 107
1080.0 323.61199999999985 14 1200.0 -120.0 40 -81 122.353 50.49999999999998 8
1265.0 366.25999999999993 16 1710.0 -445.0 38 -85 129.26099999999997 63.323 87
735.0 337.06000000000006 11 990.0 -255.0 39 -88 112.09799999999996 40.18899999999999 41
880.0 345.6939999999999 16 1260.0 -460.0 87 -73 137.85899999999998 51.962 74
1565.0 374.3569999999999 18 1740.0 -175.0 44 -86 147.05999999999995 66.08399999999997 19
1990.0 397.9049999999998 16 2190.0 -200.0 45 -92 141.87699999999998 79.33999999999997 22
1640.0 505.53899999999993 20 2010.0 -370.0 76 -98 149.67499999999998 76.98199999999997 54
2110.0 479.4420000000002 18 2460.0 -350.0 58 -120 143.477 94.011 39
1235.0 379.4719999999998 20 1530.0 -295.0 54 -75 140.59699999999998 82.67099999999999 43
1780.0 508.3879999999998 27 2040.0 -260.0 56 -110 207.589 83.71 34
1415.0 343.31999999999994 17 1740.0 -325.0 34 -74 129.373 81.47399999999996 65
1545.0 395.5729999999999 20 1740.0 -195.0 42 -97 143.969 65.003 25
1490.0 379.9699999999998 17 1710.0 -325.0 94 -90 120.16299999999995 64.39099999999998 29
2280.0 341.35699999999986 18 2460.0 -180.0 60 -78 140.15499999999992 89.30499999999998 12
1600.0 303.228 18 1800.0 -200.0 25 -63 137.90299999999996 65.72899999999998 40
455.0 352.36199999999997 12 810.0 -355.0 55 -105 101.91299999999997 30.17899999999999 49
1370.0 360.20099999999996 18 1710.0 -340.0 76 -89 128.739 64.35399999999998 48
2270.0 464.3259999999999 17 2520.0 -300.0 56 -96 166.21499999999986 109.947 40
1725.0 473.89899999999983 19 2310.0 -585.0 80 -92 158.06099999999998 90.34599999999995 101
1070.0 283.7939999999999 17 1230.0 -160.0 21 -60 110.05 58.361999999999995 32
1555.0 328.3559999999999 15 1710.0 -155.0 48 -80 123.48999999999997 69.611 11
740.0 284.467 11 960.0 -220.0 18 -71 92.99899999999998 44.90699999999999 44
760.0 362.5969999999999 15 1320.0 -710.0 92 -78 138.57899999999998 54.85599999999999 122
1605.0 318.037 15 1710.0 -105.0 35 -78 120.40799999999997 60.84099999999999 7
1095.0 378.61199999999985 15 1260.0 -165.0 40 -75 125.41899999999995 69.49699999999997 19
1805.0 367.254 19 1980.0 -175.0 44 -84 129.93599999999995 80.859 19
1220.0 344.94599999999986 17 1380.0 -240.0 52 -85 99.69499999999994 55.637 26
2220.0 332.69699999999983 17 2310.0 -90.0 30 -80 114.60699999999999 90.38 6
2085.0 378.061 17 2160.0 -75.0 25 -81 152.13599999999997 89.991 5
1970.0 394.52299999999997 22 2160.0 -190.0 49 -87 144.578 90.287 20
1545.0 353.6749999999999 16 1890.0 -345.0 60 -76 137.96099999999996 76.57699999999994 47
2235.0 378.872 20 2430.0 -195.0 65 -90 143.70999999999998 93.36899999999999 13
1250.0 332.82699999999994 15 1500.0 -250.0 30 -80 115.52599999999998 51.437000000000005 50
1135.0 419.0369999999998 18 1590.0 -475.0 81 -93 155.08499999999995 62.736000000000004 66
525.0 354.254 12 870.0 -345.0 65 -91 96.92499999999998 29.695 49
1645.0 404.698 16 2160.0 -515.0 70 -79 143.01499999999993 85.87699999999997 103
1365.0 409.168 18 1620.0 -255.0 29 -86 177.67399999999995 68.461 51
1515.0 403.4759999999999 17 1830.0 -420.0 102 -85 166.38299999999998 77.77899999999998 48
1350.0 325.5429999999999 18 1560.0 -210.0 39 -83 113.83799999999997 58.793 34
1060.0 372.83799999999997 12 1470.0 -425.0 58 -97 113.59499999999998 59.87 58
1710.0 391.9179999999999 19 1890.0 -180.0 45 -89 149.59599999999995 69.93700000000001 20
1875.0 440.9390000000001 19 2310.0 -435.0 80 -85 182.26799999999997 112.28699999999998 67
1470.0 367.0229999999998 19 1560.0 -90.0 30 -80 142.82999999999996 69.77700000000002 6
1965.0 392.737 15 2130.0 -165.0 55 -102 142.05199999999994 67.874 11
1055.0 368.3569999999997 19 1500.0 -445.0 59 -80 116.80599999999995 51.37399999999998 77
2460.0 463.832 17 2610.0 -150.0 50 -108 159.14999999999995 106.91399999999999 10
610.0 313.40000000000003 14 1170.0 -560.0 59 -78 103.07199999999996 41.215999999999994 110
980.0 342.1299999999998 17 1470.0 -510.0 71 -64 129.15299999999996 71.10199999999999 80
1785.0 374.28 11 2100.0 -315.0 46 -95 119.71699999999994 72.38600000000001 47
595.0 391.8809999999999 15 1020.0 -425.0 35 -83 133.70599999999996 46.65899999999999 85
1855.0 306.98899999999986 17 2010.0 -155.0 39 -75 107.99599999999997 64.36299999999999 17
1075.0 379.4299999999999 19 1590.0 -515.0 64 -69 155.43899999999996 65.92799999999998 87
1080.0 286.70699999999994 16 1290.0 -210.0 43 -73 91.218 44.839999999999996 28
1105.0 352.2299999999999 21 1680.0 -575.0 74 -84 121.644 64.76 89
1450.0 414.5129999999998 20 1710.0 -260.0 55 -95 173.31199999999998 55.44399999999999 34
1160.0 413.0249999999999 19 1440.0 -385.0 51 -100 164.23999999999992 59.23500000000001 65
2075.0 404.17900000000003 15 2460.0 -385.0 71 -82 155.70999999999998 106.73799999999999 53
1750.0 402.0759999999999 18 1920.0 -170.0 52 -101 133.91199999999998 73.07199999999999 14
1515.0 308.42899999999986 17 1590.0 -75.0 25 -69 129.46099999999998 54.43599999999998 5
1600.0 373.4919999999999 16 1770.0 -225.0 51 -85 153.37600000000003 55.709999999999994 29
990.0 315.16599999999994 17 1110.0 -120.0 40 -75 122.327 44.186 8
1020.0 316.0319999999998 18 1320.0 -300.0 39 -76 121.21199999999999 48.870999999999995 58
2550.0 344.114 12 2670.0 -120.0 40 -80 136.10799999999998 93.83 8
1845.0 390.50299999999993 14 2160.0 -315.0 49 -100 127.69999999999999 82.72199999999998 45
2865.0 473.37000000000006 20 3000.0 -135.0 45 -100 179.11399999999995 129.93599999999998 9
1415.0 429.6459999999999 20 1710.0 -295.0 38 -84 175.37800000000001 75.573 59
1450.0 340.50899999999996 19 1560.0 -125.0 25 -70 150.90499999999997 62.79199999999999 17
1460.0 406.894 18 1620.0 -205.0 66 -98 149.205 67.54099999999998 14
1620.0 378.559 19 1890.0 -315.0 49 -83 140.32199999999997 73.32999999999997 45
1565.0 377.4499999999999 15 1710.0 -145.0 34 -91 125.27399999999999 66.70099999999996 17
1620.0 364.81699999999995 20 1710.0 -90.0 30 -81 143.85 72.54699999999998 6
2195.0 388.05899999999986 16 2340.0 -145.0 34 -87 134.09499999999994 82.685 17
1410.0 437.58199999999994 20 1800.0 -435.0 85 -107 152.29699999999997 67.74 57
1530.0 371.08400000000006 14 1920.0 -390.0 72 -82 138.269 75.38600000000002 60
1965.0 429.858 19 2520.0 -555.0 133 -103 142.511 88.875 65
1650.0 384.67599999999993 19 1800.0 -240.0 80 -98 138.766 71.60099999999997 16
1340.0 408.46299999999997 18 1740.0 -400.0 52 -98 134.78199999999998 71.69099999999999 74
860.0 353.01999999999987 16 1410.0 -550.0 40 -88 118.40099999999998 50.386 98
840.0 239.69799999999992 15 900.0 -135.0 45 -49 96.216 41.675 9
1530.0 297.93199999999996 15 1740.0 -210.0 52 -70 107.743 63.51099999999999 24
1800.0 405.7309999999998 20 1920.0 -120.0 40 -99 156.29899999999998 76.244 8
1210.0 393.15699999999987 23 1530.0 -290.0 43 -85 147.97999999999993 65.96199999999999 36
1530.0 372.6369999999998 23 1650.0 -120.0 40 -91 119.96899999999998 77.81199999999998 8
1540.0 345.94400000000013 13 1710.0 -170.0 24 -74 122.04700000000003 76.195 22
1515.0 307.6569999999998 17 1740.0 -225.0 75 -79 104.01100000000002 62.632999999999996 15
1665.0 396.09199999999987 15 1980.0 -315.0 49 -96 128.26 79.267 45
1100.0 487.5599999999998 14 1560.0 -460.0 78 -95 95.18099999999998 55.22999999999999 76
1620.0 398.82399999999996 15 1800.0 -180.0 45 -92 133.65400000000002 74.31799999999996 20
2625.0 351.7589999999999 16 2790.0 -180.0 53 -97 115.69000000000003 88.092 16
450.0 322.51799999999986 13 690.0 -240.0 34 -71 112.44899999999997 31.321999999999996 24
1450.0 414.8620000000001 17 1830.0 -380.0 61 -115 134.397 63.785 51
1025.0 372.876 22 1590.0 -565.0 75 -82 141.158 65.99099999999999 99
1400.0 482.3539999999998 22 1590.0 -190.0 49 -104 171.24699999999996 83.108 20
2130.0 433.4399999999997 21 2460.0 -330.0 74 -89 173.641 94.83099999999997 48
1320.0 378.87399999999997 20 1500.0 -275.0 44 -80 158.64 67.57099999999998 43
1305.0 375.662 15 1560.0 -255.0 29 -88 126.21799999999999 65.85899999999998 41
1440.0 382.297 18 2040.0 -600.0 109 -81 141.45700000000002 80.59800000000001 71
530.0 311.027 13 960.0 -430.0 64 -65 88.215 34.236 48
2100.0 476.769 20 2310.0 -285.0 95 -103 184.826 91.48399999999998 19
1710.0 352.825 15 1920.0 -210.0 53 -80 137.381 72.05099999999999 24
1265.0 358.108 21 1500.0 -235.0 26 -79 117.22999999999996 67.741 47
1595.0 397.0919999999998 19 2040.0 -550.0 100 -85 153.30099999999996 75.748 74
2080.0 342.85299999999995 18 2400.0 -320.0 66 -72 139.994 84.954 46
1130.0 364.56800000000004 16 1320.0 -190.0 52 -106 104.98799999999997 49.794999999999995 18
1785.0 318.364 17 1860.0 -75.0 25 -71 130.22099999999995 71.69100000000002 5
985.0 346.496 12 1170.0 -185.0 54 -95 109.06799999999997 44.93399999999999 17
1425.0 290.4949999999999 19 1560.0 -135.0 45 -75 111.02099999999997 53.01099999999999 9
1785.0 357.26999999999987 16 1890.0 -105.0 35 -88 144.95899999999997 62.30100000000003 7
1470.0 389.96999999999997 21 1590.0 -120.0 40 -89 156.97299999999996 81.325 8
1225.0 389.7549999999999 19 1830.0 -605.0 97 -89 131.12199999999996 70.573 87
720.0 314.92800000000005 15 930.0 -210.0 34 -80 99.875 32.551 21
730.0 348.2019999999998 13 900.0 -170.0 40 -86 104.90099999999995 50.063 20
1590.0 374.8199999999998 16 2250.0 -660.0 95 -88 119.50799999999998 84.85899999999998 94
1470.0 312.5249999999999 14 1620.0 -150.0 44 -74 114.71199999999997 52.396 11
1345.0 394.8800000000003 18 1740.0 -395.0 80 -82 129.85699999999997 71.39399999999999 35
1145.0 399.21 21 1380.0 -235.0 59 -98 139.13299999999998 60.696 25
1410.0 475.8349999999998 20 1860.0 -450.0 73 -102 175.7949999999999 69.87299999999999 70
2480.0 455.1239999999998 16 2940.0 -460.0 86 -86 155.927 111.90199999999996 66
580.0 396.133 19 1170.0 -590.0 59 -81 150.68999999999997 58.40999999999998 99
2205.0 376.50399999999996 23 2310.0 -105.0 35 -82 145.928 94.31799999999997 7
1720.0 408.7550000000001 20 2100.0 -380.0 35 -98 138.02700000000002 73.97700000000002 72
1245.0 440.85199999999975 21 1470.0 -305.0 66 -102 168.763 46.622 33
990.0 546.8259999999995 21 1410.0 -420.0 84 -87 151.56600000000003 66.602 37
1060.0 371.383 16 1380.0 -320.0 32 -87 126.96699999999998 57.504 64
2000.0 456.9669999999999 17 2160.0 -160.0 39 -94 163.94400000000002 96.13199999999992 18
1075.0 361.0939999999999 17 1470.0 -395.0 42 -83 121.31 57.615 57
2145.0 399.8649999999999 16 2310.0 -165.0 49 -97 160.20899999999995 78.57400000000001 12
1410.0 377.53499999999997 20 1770.0 -360.0 77 -84 130.13699999999997 87.32499999999999 45
1455.0 434.92000000000013 20 1650.0 -195.0 51 -98 171.15599999999995 70.96 21
1820.0 324.0489999999999 15 1950.0 -235.0 64 -70 116.61000000000001 70.271 23
2190.0 359.64500000000004 17 2430.0 -255.0 39 -82 125.22600000000001 91.31099999999998 45
1145.0 394.86499999999984 16 1320.0 -175.0 53 -100 124.93499999999997 56.835 15
1955.0 459.14200000000005 16 2370.0 -460.0 82 -91 165.518 98.80299999999998 74
1075.0 414.0789999999999 16 1470.0 -395.0 94 -88 141.00099999999998 66.50099999999999 49
1315.0 339.0589999999998 18 1590.0 -275.0 31 -73 131.99099999999999 70.15199999999997 55
1660.0 410.15099999999995 18 1830.0 -170.0 47 -100 151.94799999999995 64.061 16
1530.0 352.01199999999994 19 1680.0 -150.0 47 -82 136.86199999999997 61.78799999999999 12
2040.0 394.86199999999974 15 2430.0 -540.0 112 -81 132.598 87.19700000000002 72
1045.0 456.23499999999996 16 1440.0 -395.0 73 -79 120.551 58.616 63
800.0 364.88699999999994 14 1110.0 -310.0 48 -91 105.64599999999996 51.28399999999999 60
2055.0 368.82899999999995 14 2250.0 -195.0 45 -81 148.879 88.33800000000001 23
1570.0 375.977 20 1830.0 -335.0 102 -100 132.88400000000001 63.218 27
1270.0 290.78399999999993 16 1350.0 -80.0 14 -59 106.59199999999997 53.315999999999995 12
765.0 335.9219999999999 16 870.0 -105.0 35 -85 126.07999999999998 35.229 7
1400.0 405.8749999999998 14 1620.0 -220.0 54 -95 138.91899999999998 62.03699999999999 24
1125.0 325.4859999999999 18 1230.0 -105.0 35 -80 117.68999999999997 47.163999999999994 7
2445.0 438.64099999999974 23 2640.0 -195.0 53 -104 159.33499999999998 101.458 15
1175.0 341.1569999999999 17 1560.0 -385.0 51 -96 101.66999999999999 52.82799999999999 59
910.0 412.72299999999984 16 1380.0 -470.0 57 -98 146.49699999999996 50.66199999999998 78
1610.0 382.19199999999995 20 1770.0 -175.0 49 -93 144.72799999999998 66.514 17
2965.0 442.22499999999985 16 3120.0 -155.0 48 -100 176.45899999999995 103.21999999999994 11
1610.0 380.7579999999999 17 2040.0 -430.0 47 -100 113.82399999999998 78.07499999999999 86
1040.0 372.56399999999996 13 1260.0 -220.0 51 -100 115.06699999999996 50.581 26
1220.0 422.4379999999998 23 1470.0 -250.0 50 -89 172.969 72.67999999999998 34
1575.0 411.44499999999994 19 1860.0 -330.0 61 -77 171.21599999999998 57.065 31
1345.0 362.75299999999993 18 1560.0 -215.0 28 -76 167.7959999999999 59.34299999999999 43
1140.0 374.71599999999995 18 1320.0 -180.0 45 -89 134.97299999999993 56.68199999999999 20
1730.0 458.922 16 1920.0 -190.0 49 -103 164.80799999999994 75.95199999999997 20
1440.0 315.6129999999999 13 1560.0 -165.0 43 -79 95.54199999999999 62.79199999999999 19
1580.0 454.06499999999977 17 1770.0 -190.0 49 -104 167.73799999999997 66.096 20
1500.0 329.16099999999983 18 1680.0 -180.0 32 -69 133.37599999999998 71.086 23
1610.0 374.08500000000004 19 1920.0 -310.0 65 -78 158.672 74.24399999999997 44
2160.0 416.3249999999999 18 2460.0 -435.0 125 -97 145.74699999999996 88.13499999999999 37
1530.0 393.1129999999997 21 1620.0 -90.0 30 -89 173.09099999999995 57.980000000000004 6
910.0 262.697 14 1170.0 -260.0 43 -63 74.10500000000002 53.86899999999999 26
1225.0 344.05799999999994 20 1410.0 -185.0 30 -76 128.72199999999998 56.05499999999999 29
1345.0 390.01899999999995 17 1770.0 -425.0 53 -98 133.92599999999996 59.17699999999999 69
1795.0 469.62599999999986 24 2010.0 -215.0 51 -111 164.785 80.55899999999998 25
1105.0 294.6679999999999 18 1230.0 -125.0 38 -71 121.05599999999998 51.089 9
1815.0 367.5209999999998 10 2310.0 -495.0 36 -87 110.37099999999997 82.015 99
835.0 310.49799999999993 13 1380.0 -545.0 41 -65 114.69599999999997 69.95500000000001 97
550.0 397.30400000000003 17 960.0 -410.0 50 -67 118.18799999999997 46.965 54
1370.0 385.202 19 1590.0 -325.0 92 -100 146.12999999999997 59.22299999999999 29
1285.0 400.5809999999999 12 1530.0 -290.0 71 -95 117.91099999999997 60.698000000000015 34
1340.0 373.96200000000005 15 1560.0 -220.0 71 -87 130.678 70.09999999999998 16
1160.0 379.1190000000001 16 1350.0 -190.0 52 -100 120.086 66.42399999999999 16
1885.0 362.9689999999999 16 2070.0 -185.0 49 -83 145.719 79.71299999999998 19
1560.0 377.329 15 1770.0 -210.0 52 -104 108.20299999999999 63.45699999999999 22
810.0 378.26699999999994 18 1080.0 -360.0 83 -89 127.895 43.25000000000001 42
1830.0 390.81499999999977 17 2010.0 -180.0 47 -96 138.41399999999993 78.88899999999998 18
815.0 396.0429999999998 15 1140.0 -325.0 76 -101 127.70899999999997 41.598000000000006 28
2155.0 376.00399999999996 17 2400.0 -245.0 77 -86 155.70299999999997 88.11200000000002 17
810.0 289.5089999999999 15 1140.0 -345.0 28 -67 100.61200000000002 41.22099999999999 67
2295.0 422.45299999999986 18 2460.0 -210.0 66 -92 165.33900000000003 93.05999999999999 16
2940.0 349.825 22 3000.0 -60.0 20 -76 152.294 97.67199999999995 4
1200.0 394.475 16 1470.0 -270.0 57 -103 120.25800000000001 60.70400000000001 36
1065.0 359.19899999999984 18 1290.0 -225.0 42 -89 124.96299999999998 53.12799999999999 29
2115.0 357.5 17 2190.0 -75.0 25 -83 129.77800000000002 85.02099999999997 5
1055.0 308.9529999999997 14 1410.0 -365.0 90 -66 109.06299999999997 58.21299999999998 45
1080.0 403.46300000000014 15 1350.0 -270.0 34 -88 147.33799999999994 61.754 42
1240.0 434.1459999999999 17 1740.0 -500.0 75 -98 117.25299999999996 75.97100000000002 82
1250.0 352.9239999999999 18 1440.0 -190.0 49 -72 136.926 56.58099999999999 20
590.0 359.4709999999999 14 1050.0 -460.0 61 -89 105.77199999999998 39.937 63
1335.0 474.53299999999984 21 1650.0 -330.0 74 -92 213.66900000000004 69.49 44
1260.0 339.7519999999999 14 1560.0 -300.0 44 -73 122.39799999999998 65.53399999999998 44
715.0 422.0169999999998 16 1320.0 -740.0 109 -79 147.52399999999997 51.17900000000001 122
1235.0 360.548 16 1560.0 -325.0 69 -80 132.754 49.43499999999998 45
1305.0 393.7540000000001 20 1530.0 -300.0 100 -96 142.891 57.161 20
1160.0 306.046 19 1290.0 -130.0 26 -75 114.37099999999997 50.10599999999998 20
1325.0 323.85099999999994 17 1590.0 -265.0 20 -77 118.55699999999997 67.604 53
2340.0 363.208 19 2460.0 -190.0 48 -85 148.83899999999997 80.96899999999997 22
1415.0 347.69499999999994 17 1560.0 -145.0 41 -92 110.63999999999999 61.955 13
850.0 470.031 13 1620.0 -770.0 74 -74 105.36799999999995 53.665 138
1450.0 493.9279999999999 20 1770.0 -320.0 73 -97 176.38899999999995 77.26499999999999 38
1160.0 325.70399999999995 15 1440.0 -280.0 32 -85 104.072 58.06199999999998 56
1610.0 387.14700000000005 16 1800.0 -190.0 49 -96 134.13999999999996 60.953999999999986 20
1095.0 323.42299999999994 15 1560.0 -465.0 78 -75 128.59799999999996 32.11 75
1725.0 461.60699999999986 27 1860.0 -180.0 60 -104 195.69599999999997 78.477 12
2030.0 332.55399999999986 19 2190.0 -175.0 47 -73 135.86999999999995 88.57100000000003 17
890.0 331.77999999999986 17 1290.0 -400.0 63 -79 112.92699999999996 50.041999999999994 58
1250.0 436.2479999999997 18 1590.0 -340.0 62 -108 125.62599999999999 66.39899999999999 48
1780.0 412.9639999999999 14 1980.0 -215.0 47 -93 146.16299999999998 85.36399999999999 27
940.0 352.263 17 1350.0 -410.0 70 -82 136.33599999999998 54.75600000000001 62
1800.0 384.58099999999996 16 2130.0 -330.0 69 -78 127.16299999999995 72.43399999999998 50
1355.0 454.70900000000006 18 1890.0 -535.0 83 -102 137.27200000000005 81.18899999999996 61
2025.0 381.74499999999995 18 2400.0 -375.0 121 -85 134.74099999999999 101.19499999999996 27
1415.0 350.955 17 1560.0 -145.0 43 -80 138.619 65.92499999999998 13
1100.0 348.14799999999985 14 1500.0 -400.0 28 -77 131.51899999999995 66.77499999999999 72
775.0 288.3769999999999 15 1050.0 -275.0 33 -64 88.33799999999998 37.208000000000006 50
860.0 338.91999999999985 13 1620.0 -760.0 60 -91 102.90499999999997 48.973 132
2295.0 421.24500000000006 23 2400.0 -105.0 35 -91 174.60300000000007 106.038 7
1305.0 370.6559999999999 15 1500.0 -195.0 53 -91 141.62899999999993 56.422000000000025 19
1320.0 416.55099999999976 18 1770.0 -450.0 112 -85 124.642 93.411 50
1590.0 428.921 21 1830.0 -240.0 55 -100 159.25600000000003 80.956 28
270.0 325.232 14 990.0 -720.0 41 -80 121.81099999999999 27.993000000000006 144
575.0 503.75399999999973 18 1290.0 -715.0 77 -92 156.586 59.73700000000001 116
1810.0 369.5199999999999 18 2040.0 -230.0 30 -83 137.06499999999994 86.251 46
1755.0 370.12700000000007 18 1890.0 -135.0 45 -94 132.63599999999997 66.61199999999997 9
900.0 349.9399999999999 19 1200.0 -315.0 56 -78 114.10299999999998 48.81799999999999 44
1380.0 367.6009999999998 16 1470.0 -105.0 35 -76 168.85499999999996 62.47199999999999 7
2095.0 340.05999999999983 17 2250.0 -155.0 39 -80 136.453 74.46299999999998 17
3150.0 402.1359999999999 16 3270.0 -120.0 40 -88 151.92599999999996 126.84899999999998 8
1445.0 385.11699999999985 16 1590.0 -160.0 42 -90 109.47800000000001 66.15199999999999 18
825.0 421.03499999999985 16 1020.0 -195.0 50 -101 127.41 43.717999999999996 21
1440.0 344.9789999999998 12 1710.0 -270.0 57 -79 101.81500000000001 59.65099999999999 36
365.0 362.519 16 870.0 -505.0 76 -86 126.17699999999996 41.358999999999995 73
985.0 316.45799999999997 16 1110.0 -125.0 21 -70 133.54899999999998 38.799 19
930.0 328.0299999999999 18 1200.0 -390.0 88 -66 98.35899999999997 55.14499999999999 54
595.0 399.7599999999999 18 1320.0 -725.0 82 -94 112.326 53.524999999999984 124
2330.0 467.738 15 2760.0 -430.0 90 -100 159.872 104.53699999999999 54
1085.0 442.1979999999999 22 1470.0 -385.0 46 -107 153.19899999999998 63.244 61
630.0 335.249 12 990.0 -360.0 63 -76 114.46299999999998 51.830999999999996 60
920.0 342.23300000000006 17 1500.0 -580.0 27 -77 129.756 66.68899999999996 116
1280.0 390.512 18 1560.0 -280.0 37 -92 161.72599999999994 63.683999999999976 56
1430.0 498.4409999999999 24 1650.0 -220.0 44 -99 176.61099999999993 65.413 30
945.0 341.86199999999985 17 1350.0 -405.0 79 -78 137.37999999999994 56.508999999999986 36
1700.0 421.72900000000004 18 1980.0 -295.0 56 -100 140.003 70.26399999999998 41
1125.0 414.69099999999975 17 1890.0 -765.0 72 -89 122.19499999999996 65.358 128
955.0 366.0899999999999 14 1200.0 -245.0 42 -95 109.50499999999998 44.854 37
1580.0 305.70300000000003 15 1740.0 -160.0 48 -81 99.14699999999999 64.583 14
1190.0 388.08599999999984 18 1500.0 -310.0 47 -93 122.76599999999996 62.68199999999999 36
1765.0 390.19200000000006 16 2070.0 -305.0 36 -86 128.92599999999996 73.038 61
555.0 380.07299999999987 16 840.0 -285.0 62 -84 128.98100000000002 33.618 37
1820.0 391.786 15 2100.0 -280.0 33 -89 150.43499999999995 85.99099999999997 56
1200.0 345.76899999999995 13 1440.0 -240.0 36 -73 137.69599999999997 67.21199999999996 48
1780.0 367.5469999999999 22 1980.0 -245.0 65 -85 137.32799999999995 67.29399999999998 25
650.0 308.361 13 960.0 -310.0 32 -81 92.87600000000002 41.832 62
1050.0 301.5989999999998 15 1350.0 -300.0 79 -83 102.18099999999998 46.64799999999999 28
1455.0 355.09000000000003 19 1890.0 -455.0 74 -69 133.92600000000002 68.39100000000005 83
1745.0 412.65600000000006 18 1920.0 -175.0 44 -99 141.137 69.09100000000001 19
930.0 347.24300000000005 10 1110.0 -180.0 33 -82 77.61999999999998 44.948 26
1215.0 352.38699999999994 15 1830.0 -615.0 113 -78 136.20699999999997 54.53199999999999 93
1415.0 454.15499999999975 19 1590.0 -175.0 44 -92 178.19699999999997 72.71300000000001 19
1475.0 316.644 18 1650.0 -175.0 47 -87 102.84799999999997 54.81999999999999 15
1650.0 376.38699999999994 20 1770.0 -120.0 40 -89 140.14599999999993 68.38900000000001 8
1875.0 360.5379999999999 20 1950.0 -180.0 60 -75 158.73499999999993 71.50599999999999 12
1635.0 451.5599999999997 16 2250.0 -625.0 97 -79 161.85300000000004 90.29799999999996 82
2410.0 491.57600000000014 19 2640.0 -230.0 54 -104 203.09099999999998 95.90299999999998 28
795.0 356.56899999999985 15 990.0 -315.0 68 -80 110.72799999999995 43.388000000000005 45
485.0 366.964 14 1050.0 -565.0 81 -83 112.64599999999999 51.91899999999999 97
2385.0 420.0919999999999 22 2790.0 -450.0 89 -90 157.77900000000002 105.24499999999996 56
1980.0 517.7679999999998 16 2280.0 -330.0 53 -89 153.90699999999993 98.74499999999998 32
1720.0 505.3309999999998 17 2250.0 -530.0 79 -101 156.75199999999992 91.02799999999999 86
1945.0 426.34200000000004 16 2160.0 -215.0 49 -106 148.81599999999997 91.00799999999994 25
2260.0 352.6409999999999 16 2430.0 -290.0 80 -78 138.91499999999996 80.423 28
1150.0 330.626 17 1350.0 -200.0 42 -79 118.09899999999999 63.26499999999999 26
1145.0 394.1780000000001 15 1470.0 -325.0 85 -89 122.22599999999997 63.34899999999999 31
1785.0 370.3879999999999 17 2010.0 -225.0 30 -82 128.92199999999994 83.40699999999997 45
1880.0 396.0789999999999 14 2040.0 -160.0 42 -95 138.68399999999997 82.61199999999998 18
1830.0 394.99699999999996 17 1980.0 -150.0 50 -95 145.44299999999998 73.99999999999997 10
1220.0 347.3919999999999 14 1350.0 -130.0 36 -83 126.19199999999995 68.092 10
1105.0 283.164 15 1230.0 -125.0 29 -63 104.58099999999997 48.67399999999998 15
2215.0 433.4510000000001 17 2400.0 -185.0 49 -96 165.10499999999996 99.15600000000005 19
940.0 379.6189999999998 17 1230.0 -290.0 61 -91 135.89499999999998 59.93399999999998 36
1500.0 462.7969999999999 18 1680.0 -195.0 59 -116 158.85200000000003 73.045 17
1530.0 445.086 18 1800.0 -270.0 61 -106 160.236 67.90299999999999 34
1080.0 356.3389999999998 21 1380.0 -300.0 44 -73 138.81699999999998 65.13199999999998 44
1520.0 381.14299999999986 16 1740.0 -220.0 50 -84 129.908 68.486 28
1625.0 362.25700000000006 16 1890.0 -265.0 73 -83 139.42999999999998 67.45299999999997 20
1790.0 277.31399999999996 13 1980.0 -190.0 25 -66 106.68799999999999 66.24899999999997 38
1215.0 331.0859999999998 15 1530.0 -360.0 64 -81 106.09599999999999 47.23399999999999 48
1685.0 254.01899999999995 12 1740.0 -55.0 7 -57 95.13499999999998 62.157999999999966 11
1635.0 425.06599999999986 17 1830.0 -195.0 50 -95 148.18299999999996 66.20799999999998 21
1255.0 447.13699999999983 21 1650.0 -395.0 61 -102 163.76999999999995 63.125 57
1535.0 346.866 13 1650.0 -115.0 24 -84 108.17 59.23 15
2335.0 421.8389999999999 17 2490.0 -275.0 87 -92 162.69499999999996 101.85799999999998 21
1045.0 381.9489999999999 15 1350.0 -305.0 44 -73 144.111 67.705 37
1485.0 445.6009999999999 17 1680.0 -240.0 65 -98 152.67899999999995 70.20399999999997 24
1730.0 425.17499999999967 14 2250.0 -640.0 89 -96 143.02199999999996 83.523 96
2000.0 369.612 19 2370.0 -370.0 52 -87 125.23800000000003 95.00599999999996 56
1760.0 371.3889999999999 16 1920.0 -160.0 39 -80 131.314 75.99200000000002 18
1260.0 353.377 20 1560.0 -380.0 76 -86 115.28000000000002 59.384 60
1260.0 387.858 17 1410.0 -195.0 65 -93 143.70799999999997 53.70499999999999 13
1495.0 405.0939999999999 19 1650.0 -155.0 48 -99 136.24899999999994 69.67399999999998 11
615.0 440.42199999999985 15 1230.0 -765.0 122 -89 132.51699999999994 50.059000000000005 117
1965.0 382.50199999999995 16 2220.0 -255.0 29 -73 173.07699999999997 100.02999999999997 51
1590.0 399.26000000000005 21 1890.0 -300.0 88 -88 151.84999999999994 87.78499999999998 28
1790.0 357.81899999999996 18 2040.0 -250.0 77 -86 125.04199999999997 84.94199999999998 20
985.0 562.3779999999996 15 1560.0 -575.0 78 -101 128.80199999999996 58.034999999999975 72
2010.0 325.62000000000006 15 2100.0 -195.0 65 -71 121.00899999999997 90.66399999999997 13
2145.0 386.376 10 2280.0 -135.0 45 -99 143.481 80.90799999999999 9
1940.0 347.08899999999994 18 2190.0 -250.0 27 -82 125.53600000000002 87.63899999999997 50
2265.0 386.6399999999999 18 2400.0 -135.0 45 -94 131.218 93.69200000000001 9
1845.0 360.276 16 1950.0 -105.0 35 -90 131.67399999999998 74.413 7
2070.0 457.48600000000005 16 2370.0 -300.0 41 -92 149.35599999999997 92.225 35
1290.0 391.44399999999985 15 1560.0 -270.0 34 -92 126.62799999999999 64.968 42
2545.0 467.5989999999999 17 2760.0 -215.0 47 -100 169.40099999999998 125.17399999999995 27
920.0 413.46299999999997 18 1320.0 -400.0 84 -100 146.55299999999997 51.256 50
1605.0 419.9429999999999 19 1980.0 -375.0 46 -93 152.00699999999992 86.87700000000001 59
1680.0 315.83599999999984 17 1890.0 -210.0 58 -83 103.14999999999998 62.13099999999999 20
2355.0 289.4609999999999 12 2430.0 -75.0 25 -72 107.45699999999994 82.48499999999999 5
1500.0 375.16399999999993 15 2100.0 -600.0 74 -82 124.558 92.71999999999998 78
745.0 354.1629999999998 16 1410.0 -665.0 65 -81 119.558 48.876999999999995 115
1210.0 337.70899999999995 15 1590.0 -425.0 51 -84 105.99500000000002 62.50499999999998 75
1515.0 383.7669999999998 21 1800.0 -285.0 39 -78 150.10299999999995 76.191 57
1070.0 307.4949999999999 14 1260.0 -190.0 24 -64 123.37799999999997 58.359999999999985 38
1485.0 391.6119999999999 19 1680.0 -270.0 90 -89 156.624 62.147 18
2165.0 390.8959999999999 15 2400.0 -250.0 36 -84 131.81599999999995 101.44099999999995 48
1590.0 332.66999999999985 11 1680.0 -90.0 30 -78 108.04199999999996 77.20599999999999 6
1685.0 396.60099999999994 20 1920.0 -235.0 53 -99 115.22399999999998 79.47699999999999 27
1645.0 380.7950000000001 19 1830.0 -230.0 58 -92 138.82999999999998 69.31499999999997 28
900.0 338.1530000000001 12 1050.0 -150.0 50 -96 105.67800000000003 41.481 10
1235.0 435.6739999999999 19 1530.0 -295.0 51 -105 140.77399999999997 69.836 47
1760.0 425.311 20 1920.0 -160.0 51 -95 149.66799999999998 81.08800000000002 11
2045.0 447.4839999999998 18 2220.0 -175.0 53 -105 160.49499999999992 92.69899999999998 15
1180.0 368.9170000000002 16 1500.0 -320.0 37 -81 104.98799999999999 50.17599999999999 64
1515.0 399.538 18 1650.0 -195.0 65 -101 146.38099999999997 73.11000000000001 13
1595.0 280.45799999999997 14 1860.0 -265.0 21 -64 109.16399999999996 61.211 53
1500.0 310.3719999999999 21 1620.0 -120.0 40 -76 118.27499999999998 57.145999999999994 8
1380.0 352.74899999999997 18 1500.0 -120.0 40 -84 146.59499999999997 53.291 8
1160.0 355.446 18 1380.0 -220.0 50 -78 139.24599999999998 56.52299999999998 26
1275.0 357.48699999999985 17 1380.0 -105.0 35 -96 114.36899999999996 54.349999999999994 7
1005.0 389.6829999999997 16 1530.0 -525.0 83 -83 136.634 61.66899999999999 83
2430.0 418.02999999999975 20 2580.0 -150.0 50 -99 151.11599999999993 103.37000000000002 10
890.0 296.27599999999995 15 1110.0 -220.0 25 -73 100.805 44.109999999999985 40
1610.0 402.81999999999994 20 1950.0 -340.0 50 -97 124.87899999999995 71.49199999999998 48
1675.0 369.18499999999995 18 2010.0 -335.0 54 -76 145.57299999999998 88.01599999999998 47
1635.0 433.45899999999995 19 1800.0 -165.0 40 -98 152.34599999999995 67.17299999999999 19
1120.0 313.40799999999984 17 1320.0 -200.0 27 -71 121.74599999999997 52.17499999999999 35
1325.0 364.60399999999987 16 1620.0 -335.0 56 -79 95.28099999999996 69.42699999999998 55
1930.0 345.7729999999999 17 2070.0 -140.0 43 -77 155.73599999999993 71.93200000000002 10
1395.0 379.152 23 1530.0 -165.0 55 -85 145.00199999999998 66.191 11
1145.0 428.9929999999998 20 1530.0 -385.0 51 -101 162.28499999999994 62.28 61
930.0 309.0329999999999 14 1140.0 -255.0 61 -74 111.763 52.77099999999999 29
2195.0 483.9849999999997 20 2370.0 -175.0 51 -112 183.928 101.069 13
1540.0 378.546 23 1830.0 -305.0 43 -91 133.22099999999998 79.44099999999999 59
1005.0 337.80699999999996 16 1410.0 -525.0 91 -81 132.10299999999998 41.06699999999999 87
1110.0 361.91699999999986 18 1230.0 -165.0 55 -82 138.80599999999995 58.11200000000001 11
1675.0 329.9449999999999 16 2190.0 -515.0 75 -83 108.56799999999994 73.129 103
785.0 352.111 12 1110.0 -325.0 79 -84 98.48099999999997 35.163 36
1335.0 360.4140000000001 17 1680.0 -345.0 33 -79 148.21300000000002 66.943 69
1075.0 370.5499999999999 12 1230.0 -155.0 38 -82 110.61699999999996 51.048999999999964 19
1380.0 377.98299999999983 17 1470.0 -90.0 30 -78 154.953 73.64499999999998 6
1365.0 370.32999999999987 20 1680.0 -315.0 49 -80 129.959 72.928 45
1420.0 386.957 21 1560.0 -140.0 30 -94 142.02299999999994 64.273 18
1655.0 359.14599999999984 15 1890.0 -235.0 55 -88 129.43399999999997 71.39199999999998 26
2085.0 522.324 18 2250.0 -165.0 55 -116 198.16999999999993 82.502 11
1395.0 339.3919999999999 13 1650.0 -270.0 59 -79 109.11099999999999 76.76899999999998 34
1020.0 308.3129999999999 15 1140.0 -120.0 40 -75 116.26099999999995 48.244000000000014 8
635.0 327.3789999999999 15 930.0 -295.0 34 -77 133.04799999999997 39.483999999999995 59
485.0 322.5279999999999 12 840.0 -355.0 50 -87 98.11999999999996 26.819999999999993 53
2035.0 433.123 23 2250.0 -215.0 47 -101 156.41899999999998 91.61099999999998 27
1500.0 352.7539999999998 21 1590.0 -135.0 45 -82 148.10899999999995 58.407000000000004 9
1235.0 342.53099999999995 18 1440.0 -340.0 111 -81 124.15699999999998 48.57399999999999 23
1200.0 301.609 16 1380.0 -180.0 15 -74 115.59299999999998 47.311 36
2450.0 471.4979999999998 18 2610.0 -160.0 51 -104 194.514 96.43399999999997 11
2085.0 405.675 19 2280.0 -300.0 76 -97 161.91700000000006 79.94399999999999 32
1040.0 352.7059999999999 13 1440.0 -400.0 32 -76 126.604 64.09100000000001 80
1485.0 355.5469999999999 17 1800.0 -315.0 52 -79 147.81199999999998 63.113 55
1155.0 361.408 14 1290.0 -135.0 45 -90 134.31300000000002 46.931999999999995 9
1185.0 357.78699999999986 17 1680.0 -510.0 31 -72 157.40199999999993 53.535999999999966 100
1695.0 404.27299999999985 15 1830.0 -180.0 60 -90 162.30399999999995 85.39799999999998 12
1655.0 396.37999999999994 16 1920.0 -265.0 72 -99 130.07099999999997 77.189 25
1125.0 341.1479999999999 16 1230.0 -150.0 50 -85 137.097 44.994 10
1360.0 371.031 16 1590.0 -315.0 43 -82 125.90699999999998 64.78999999999999 46
1020.0 337.43099999999987 18 1230.0 -210.0 66 -93 110.15199999999999 49.14 16
1365.0 326.2449999999999 18 1470.0 -105.0 35 -78 124.124 59.53699999999999 7
1680.0 344.7259999999999 17 1800.0 -135.0 45 -82 139.65599999999995 64.57699999999998 9
1455.0 388.39199999999994 17 1920.0 -465.0 42 -91 135.22799999999995 64.32999999999998 93
1230.0 408.78300000000013 15 1620.0 -390.0 130 -98 146.55700000000002 51.56000000000001 26
1950.0 427.99999999999994 16 2040.0 -90.0 30 -86 188.57199999999995 83.701 6
1535.0 342.3039999999999 17 1920.0 -385.0 63 -67 141.54999999999995 87.34199999999997 61
1260.0 365.804 16 1590.0 -330.0 54 -89 114.14599999999997 60.84999999999999 46
1005.0 417.2479999999999 16 1140.0 -135.0 45 -104 160.0319999999999 48.12699999999999 9
1730.0 446.7119999999998 19 2130.0 -445.0 83 -87 185.57899999999995 91.66899999999997 63
2400.0 382.45199999999994 20 2520.0 -165.0 55 -86 158.25199999999992 94.48700000000001 11
1120.0 244.31099999999992 10 1530.0 -410.0 18 -64 65.882 49.534 82
1240.0 303.36100000000005 17 1500.0 -260.0 54 -75 102.341 55.79099999999998 34
1530.0 317.71999999999997 17 1620.0 -90.0 30 -74 126.63199999999995 54.574000000000005 6
1275.0 369.018 19 1650.0 -375.0 66 -88 124.539 65.40599999999998 51
1770.0 283.7839999999999 12 2100.0 -330.0 41 -85 73.63099999999999 58.12500000000001 64
1070.0 290.4499999999999 15 1230.0 -160.0 46 -73 105.43499999999996 48.29900000000001 12
2315.0 489.58700000000005 21 2550.0 -235.0 51 -99 200.46 105.70499999999998 31
1380.0 325.00899999999996 18 1500.0 -120.0 40 -89 102.49299999999998 60.837999999999994 8
1305.0 434.40499999999986 16 1920.0 -615.0 74 -92 169.7829999999999 70.78 105
2115.0 434.057 17 2340.0 -225.0 46 -97 145.946 94.76599999999996 31
1680.0 327.0179999999999 18 1800.0 -120.0 40 -78 131.46999999999997 65.21799999999999 8
700.0 346.0369999999998 16 1200.0 -500.0 71 -77 132.43399999999997 41.45499999999999 84
960.0 259.3769999999999 16 1140.0 -180.0 60 -73 75.38299999999998 50.47699999999998 12
1400.0 445.7209999999998 24 1710.0 -310.0 63 -105 172.91100000000003 65.20299999999999 42
1595.0 356.19299999999987 14 1740.0 -145.0 34 -89 89.937 73.25600000000001 17
2550.0 453.77299999999985 14 3060.0 -510.0 84 -85 181.12299999999996 121.54299999999994 51
1495.0 416.8399999999999 21 1770.0 -275.0 52 -99 139.52199999999996 82.50599999999999 39
1765.0 327.64199999999994 15 1950.0 -185.0 36 -81 124.62699999999998 73.62599999999995 25
840.0 341.38599999999974 14 1170.0 -450.0 102 -84 126.53699999999994 37.544 62
935.0 313.76599999999985 14 1170.0 -235.0 48 -78 106.30199999999996 39.82599999999999 29
1690.0 380.38999999999993 19 1860.0 -170.0 34 -91 139.36299999999997 72.136 26
1725.0 406.17299999999983 23 2010.0 -285.0 39 -84 163.13499999999996 79.19999999999999 43
1285.0 357.401 16 1470.0 -185.0 51 -91 114.09500000000003 67.97899999999998 19
1315.0 343.17699999999985 15 1470.0 -155.0 27 -75 137.59999999999997 60.17500000000002 23
