1680.0 228.40800000000007 18 1680.0 0.0 0 -57 77.75399999999999 70.826 0
1225.0 155.69099999999997 17 1260.0 -35.0 4 -38 58.57499999999999 45.22099999999999 7
1920.0 236.575 16 1920.0 0.0 0 -51 93.45299999999999 80.704 0
1860.0 219.65900000000002 17 1860.0 0.0 0 -47 99.60799999999998 67.87999999999998 0
2250.0 244.096 19 2250.0 0.0 0 -68 88.64200000000002 74.77799999999998 0
1980.0 229.14299999999994 16 1980.0 0.0 0 -55 92.06599999999997 73.373 0
2340.0 268.72600000000006 25 2340.0 0.0 0 -57 100.63000000000004 102.4 0
1980.0 316.0630000000001 26 1980.0 0.0 0 -88 126.11600000000001 75.28300000000002 0
1920.0 207.25599999999991 15 1920.0 0.0 0 -63 60.28399999999999 68.06399999999998 0
1980.0 240.9529999999999 20 1980.0 0.0 0 -55 91.25599999999999 85.36000000000001 0
2130.0 250.46899999999997 18 2130.0 0.0 0 -59 89.17099999999999 84.31099999999998 0
2160.0 232.99300000000005 18 2160.0 0.0 0 -57 89.65599999999996 84.50399999999999 0
1260.0 180.29799999999992 19 1260.0 0.0 0 -52 55.73299999999999 51.229 0
1920.0 177.47599999999997 14 1920.0 0.0 0 -44 69.24800000000002 67.211 0
1860.0 319.975 24 1860.0 0.0 0 -72 138.70499999999996 84.02999999999999 0
1710.0 209.858 20 1710.0 0.0 0 -57 74.945 55.90999999999999 0
2280.0 270.305 22 2280.0 -150.0 50 -61 107.34500000000006 84.524 10
2250.0 179.349 16 2400.0 -150.0 50 -45 63.190000000000005 76.17699999999998 10
1920.0 242.30700000000004 19 1920.0 0.0 0 -60 95.947 67.89999999999998 0
2280.0 256.56800000000004 17 2280.0 0.0 0 -67 94.97099999999998 74.036 0
1800.0 240.04200000000003 21 1800.0 0.0 0 -70 78.868 68.78699999999999 0
2400.0 227.73299999999998 17 2400.0 0.0 0 -56 88.01700000000002 82.02899999999995 0
1500.0 162.37399999999997 13 1500.0 -65.0 4 -37 54.86699999999998 62.99499999999999 13
1500.0 252.5969999999999 24 1500.0 0.0 0 -65 95.98999999999998 59.906 0
1800.0 230.751 21 1800.0 0.0 0 -51 94.57900000000002 76.76299999999998 0
1710.0 192.45700000000002 18 1710.0 0.0 0 -44 79.03899999999999 64.55099999999997 0
1500.0 186.05199999999994 16 1500.0 0.0 0 -58 66.74999999999997 45.951 0
2550.0 329.64400000000006 20 2550.0 0.0 0 -73 124.16299999999997 111.75600000000003 0
1240.0 181.437 18 1290.0 -50.0 4 -36 93.874 54.72399999999998 10
1560.0 170.64999999999995 19 1560.0 0.0 0 -50 60.61999999999999 43.63499999999999 0
3330.0 410.836 29 3330.0 0.0 0 -89 176.10000000000002 141.999 0
990.0 122.44199999999998 12 990.0 0.0 0 -27 53.245999999999995 38.721000000000004 0
1500.0 169.435 15 1500.0 0.0 0 -50 49.27299999999999 52.991 0
2310.0 267.237 21 2310.0 -150.0 50 -63 100.25000000000001 85.25999999999996 10
1620.0 219.45099999999996 21 1620.0 0.0 0 -61 69.36099999999999 68.05699999999999 0
1530.0 206.7559999999999 17 1530.0 0.0 0 -51 85.92999999999999 58.926 0
2040.0 261.94100000000014 20 2040.0 0.0 0 -65 90.632 89.80599999999997 0
2280.0 266.68299999999994 22 2280.0 0.0 0 -52 110.688 96.02600000000002 0
2100.0 276.61599999999993 15 2100.0 0.0 0 -56 114.21799999999999 92.00100000000002 0
1470.0 170.93199999999996 15 1470.0 0.0 0 -40 65.26299999999999 58.278 0
2310.0 321.35299999999995 23 2310.0 0.0 0 -71 127.01400000000001 103.889 0
1620.0 187.472 19 1620.0 0.0 0 -43 66.55399999999999 61.39700000000001 0
3270.0 239.674 15 3270.0 0.0 0 -70 87.99500000000002 74.36100000000002 0
1440.0 172.07099999999997 18 1440.0 -135.0 45 -50 47.69299999999999 60.628999999999984 9
1770.0 227.6620000000001 20 1770.0 0.0 0 -51 82.809 76.82499999999999 0
1860.0 256.11699999999996 20 1860.0 0.0 0 -72 83.50699999999996 66.78299999999999 0
1410.0 209.906 15 1410.0 0.0 0 -48 90.677 57.43899999999999 0
3000.0 300.723 17 3000.0 0.0 0 -66 111.04700000000004 123.48000000000002 0
1530.0 199.64499999999998 17 1530.0 -30.0 10 -51 71.72199999999995 56.82300000000001 2
1440.0 191.20899999999997 20 1440.0 0.0 0 -55 56.99799999999999 57.184999999999995 0
1460.0 200.78799999999998 23 1500.0 -40.0 5 -48 69.90899999999999 68.16099999999999 8
1340.0 205.24899999999994 21 1380.0 -40.0 5 -51 75.55299999999997 64.14499999999998 8
1920.0 230.86599999999999 20 1920.0 0.0 0 -66 72.82699999999997 58.083 0
1440.0 202.39600000000002 14 1440.0 0.0 0 -51 73.432 58.62299999999999 0
1620.0 166.623 16 1620.0 0.0 0 -54 52.04799999999998 51.848 0
1500.0 235.23499999999999 19 1500.0 0.0 0 -67 86.33500000000002 56.16499999999999 0
2055.0 233.48200000000006 17 2100.0 -45.0 6 -59 88.477 65.775 9
2340.0 319.67100000000005 24 2340.0 0.0 0 -84 104.659 95.32099999999998 0
1530.0 193.747 18 1530.0 0.0 0 -50 74.26399999999998 55.377 0
2010.0 244.41099999999997 20 2010.0 0.0 0 -64 91.66000000000001 72.53200000000001 0
1410.0 203.05299999999997 21 1410.0 0.0 0 -59 61.42799999999999 50.59899999999999 0
2250.0 254.87700000000007 13 2250.0 0.0 0 -53 105.10800000000005 95.73499999999999 0
2040.0 237.02499999999992 19 2040.0 0.0 0 -54 89.47599999999998 75.53099999999999 0
2130.0 219.87600000000003 19 2130.0 0.0 0 -50 83.32900000000001 74.48599999999999 0
2130.0 260.039 17 2130.0 -35.0 4 -49 93.261 101.59299999999998 7
1920.0 198.52199999999993 19 1920.0 0.0 0 -57 73.06699999999998 62.118 0
1440.0 180.41099999999997 18 1440.0 0.0 0 -51 52.538 56.772000000000006 0
3240.0 307.142 20 3240.0 -45.0 15 -75 112.59099999999997 110.97999999999999 3
1590.0 192.50599999999994 17 1590.0 0.0 0 -47 79.49299999999998 60.629 0
2160.0 227.013 17 2160.0 0.0 0 -53 89.40899999999999 83.92100000000002 0
2280.0 255.49499999999998 22 2280.0 0.0 0 -65 98.21799999999999 82.871 0
2130.0 270.7799999999999 20 2130.0 0.0 0 -71 91.39799999999998 87.20299999999999 0
1860.0 251.93600000000004 20 1860.0 0.0 0 -64 92.47899999999998 75.52099999999997 0
1800.0 216.18400000000003 19 1800.0 0.0 0 -51 86.66899999999997 72.14299999999999 0
2010.0 192.15 16 2010.0 0.0 0 -53 68.482 65.99499999999999 0
1350.0 153.97400000000002 16 1350.0 0.0 0 -42 53.23799999999999 50.864999999999995 0
1470.0 188.12200000000007 21 1470.0 0.0 0 -45 75.47000000000001 50.327999999999996 0
1800.0 198.873 13 1800.0 0.0 0 -53 68.99499999999999 67.53899999999999 0
1950.0 269.28499999999997 22 1950.0 0.0 0 -62 109.07199999999999 73.60199999999999 0
2130.0 302.0950000000001 20 2130.0 -15.0 5 -72 111.03700000000003 89.279 1
1530.0 284.5059999999999 25 1530.0 0.0 0 -79 98.92899999999997 66.845 0
2010.0 286.22300000000007 23 2010.0 0.0 0 -69 113.50999999999996 73.80600000000001 0
2315.0 281.49999999999983 19 2400.0 -120.0 15 -61 92.479 108.109 24
1710.0 214.61700000000002 14 1710.0 0.0 0 -49 78.56499999999998 74.49399999999999 0
2250.0 161.67099999999996 11 2250.0 0.0 0 -54 39.989 68.41299999999997 0
1020.0 131.166 13 1020.0 0.0 0 -41 35.13499999999999 39.402999999999984 0
2370.0 236.21499999999992 16 2370.0 0.0 0 -60 89.941 80.28499999999998 0
2805.0 317.4070000000001 18 2850.0 -45.0 15 -80 109.83300000000003 104.288 3
1680.0 218.26899999999998 20 1680.0 0.0 0 -58 64.72599999999998 67.77699999999999 0
1680.0 229.19499999999996 23 1680.0 0.0 0 -63 73.424 72.272 0
2220.0 271.69800000000004 17 2220.0 0.0 0 -53 131.75700000000006 83.27199999999998 0
1560.0 166.801 13 1560.0 0.0 0 -43 66.946 50.05899999999999 0
1620.0 254.44300000000004 24 1620.0 0.0 0 -63 107.32500000000003 68.54599999999996 0
1440.0 177.751 17 1440.0 -30.0 4 -35 80.951 51.15800000000001 6
1675.0 246.94499999999994 21 1740.0 -65.0 5 -51 98.17999999999998 86.48999999999997 13
1410.0 254.69799999999998 22 1410.0 0.0 0 -66 90.33799999999997 64.40799999999997 0
1860.0 284.808 18 1860.0 0.0 0 -59 144.80000000000004 67.904 0
2040.0 240.59100000000007 16 2040.0 0.0 0 -61 77.02 81.47900000000001 0
2010.0 246.1509999999999 17 2010.0 0.0 0 -62 81.94799999999998 83.203 0
1950.0 229.281 19 1950.0 -40.0 5 -50 101.50900000000003 77.95499999999996 8
1110.0 162.19199999999992 15 1110.0 0.0 0 -40 59.30099999999997 42.34599999999999 0
1500.0 265.1959999999999 22 1500.0 0.0 0 -62 107.54199999999999 64.99099999999999 0
1890.0 213.827 21 1890.0 0.0 0 -53 75.48599999999998 70.11599999999999 0
1230.0 195.46499999999995 15 1230.0 0.0 0 -40 77.32799999999996 67.46899999999998 0
2010.0 211.29399999999998 18 2010.0 0.0 0 -55 72.41299999999998 76.59400000000002 0
-230.0 1055.6340000000012 9 1440.0 -1670.0 33 -53 47.77800000000003 46.17399999999998 334
1965.0 285.10400000000004 16 2010.0 -45.0 3 -68 111.84800000000001 70.12599999999999 9
1560.0 233.51000000000002 18 1560.0 0.0 0 -52 89.81399999999996 76.448 0
1530.0 178.61499999999998 19 1530.0 0.0 0 -57 60.665999999999976 45.98999999999999 0
2670.0 272.4420000000001 18 2670.0 0.0 0 -65 99.67600000000003 98.57499999999996 0
1800.0 213.63800000000006 14 1800.0 -35.0 4 -45 90.62799999999999 74.91799999999996 7
1430.0 191.65799999999996 17 1470.0 -40.0 5 -48 67.109 60.908 8
1410.0 211.54500000000002 13 1410.0 0.0 0 -39 87.43500000000003 76.207 0
1980.0 202.58599999999998 17 1980.0 0.0 0 -57 65.229 69.66399999999999 0
1800.0 206.785 18 1800.0 0.0 0 -63 63.00799999999999 66.91800000000002 0
2880.0 282.59600000000006 13 2880.0 0.0 0 -72 95.90200000000003 108.01899999999995 0
2460.0 289.9509999999999 21 2460.0 0.0 0 -70 104.12599999999999 98.52700000000002 0
1890.0 227.13899999999998 17 1890.0 0.0 0 -55 87.584 71.12700000000001 0
1620.0 233.10000000000005 17 1650.0 -30.0 5 -58 73.63800000000002 64.638 3
1560.0 222.42 21 1560.0 0.0 0 -50 83.854 66.21699999999998 0
2125.0 287.52200000000005 20 2160.0 -35.0 4 -55 116.522 98.14699999999999 7
1320.0 174.968 18 1320.0 0.0 0 -47 67.69899999999998 45.869 0
1950.0 253.57500000000005 18 1950.0 0.0 0 -76 79.74199999999999 72.207 0
1830.0 261.95000000000005 24 1830.0 0.0 0 -68 92.97999999999998 70.69999999999997 0
2460.0 226.33700000000002 13 2460.0 0.0 0 -66 73.309 79.374 0
1980.0 255.288 19 1980.0 0.0 0 -62 98.32300000000001 75.50999999999998 0
2100.0 224.97200000000004 16 2100.0 0.0 0 -53 84.362 80.371 0
2400.0 219.54299999999995 18 2400.0 0.0 0 -51 89.86400000000003 84.97999999999999 0
1380.0 195.80300000000008 18 1380.0 0.0 0 -48 68.518 58.77899999999998 0
1350.0 199.13899999999998 21 1350.0 0.0 0 -52 69.56299999999999 53.85999999999999 0
1470.0 185.75699999999995 20 1470.0 -35.0 4 -44 70.54499999999999 63.76099999999999 7
510.0 84.11500000000002 9 570.0 -60.0 8 -19 36.064 22.928 12
2490.0 290.28099999999984 20 2490.0 0.0 0 -70 117.16499999999996 82.10299999999998 0
1530.0 232.54399999999998 17 1530.0 0.0 0 -60 87.36900000000001 63.246999999999986 0
1800.0 228.20399999999998 15 1800.0 0.0 0 -59 81.18199999999997 77.51599999999998 0
1050.0 149.439 11 1050.0 0.0 0 -40 51.599 46.996999999999986 0
2100.0 278.85900000000004 25 2100.0 0.0 0 -69 104.60000000000001 85.62299999999999 0
2100.0 302.12300000000005 17 2100.0 0.0 0 -74 129.427 72.731 0
2040.0 238.67299999999994 21 2040.0 0.0 0 -57 90.84599999999998 72.52599999999998 0
1470.0 166.84799999999998 19 1530.0 -85.0 11 -37 58.616999999999976 60.452 17
1530.0 167.86499999999998 18 1530.0 0.0 0 -47 45.65799999999998 53.352999999999994 0
1530.0 250.91000000000003 19 1530.0 0.0 0 -58 97.92199999999998 67.92399999999998 0
1650.0 183.05899999999997 17 1650.0 0.0 0 -43 63.66399999999999 60.99699999999999 0
1350.0 154.115 18 1350.0 0.0 0 -49 43.343999999999994 46.786999999999985 0
3360.0 366.5140000000001 21 3360.0 0.0 0 -78 167.023 112.23899999999999 0
1920.0 215.27999999999994 16 1920.0 0.0 0 -50 93.311 71.05299999999997 0
2515.0 243.93900000000005 14 2580.0 -65.0 5 -47 89.817 106.98500000000004 13
1320.0 145.51799999999997 16 1320.0 0.0 0 -43 46.14199999999998 45.63999999999999 0
1620.0 233.50900000000004 16 1620.0 0.0 0 -55 84.88800000000002 75.08699999999999 0
1920.0 182.225 12 1920.0 0.0 0 -50 47.909 72.30600000000001 0
1620.0 146.25300000000004 12 1620.0 0.0 0 -37 48.887000000000015 54.572999999999986 0
1980.0 234.32099999999994 18 1980.0 0.0 0 -61 76.63499999999998 80.05300000000001 0
1860.0 203.395 19 1860.0 0.0 0 -47 83.53899999999997 70.24499999999999 0
1590.0 234.897 19 1590.0 0.0 0 -47 101.493 74.69299999999996 0
1500.0 199.72899999999998 15 1500.0 0.0 0 -48 59.882999999999996 68.86899999999997 0
2520.0 255.57300000000004 20 2520.0 0.0 0 -63 84.19400000000002 106.70800000000004 0
2490.0 328.0820000000001 17 2490.0 0.0 0 -77 121.26400000000001 103.088 0
1890.0 218.44499999999994 19 1890.0 0.0 0 -52 89.206 64.92599999999999 0
1290.0 169.23800000000003 18 1290.0 -60.0 4 -33 65.44999999999999 63.51799999999998 12
1740.0 180.68000000000004 14 1740.0 0.0 0 -48 66.14099999999999 61.35499999999999 0
2370.0 262.20699999999994 19 2370.0 0.0 0 -65 105.11199999999998 86.29699999999998 0
2100.0 224.5989999999999 15 2100.0 0.0 0 -62 75.248 74.13899999999998 0
2460.0 256.38199999999995 20 2460.0 0.0 0 -58 100.08099999999999 92.783 0
2580.0 278.28799999999995 22 2580.0 0.0 0 -59 106.69500000000002 103.83999999999997 0
1500.0 247.60799999999986 19 1500.0 0.0 0 -53 100.40499999999997 61.56599999999999 0
1110.0 185.34899999999996 18 1110.0 0.0 0 -58 54.132 43.762999999999984 0
1860.0 238.5149999999999 18 1860.0 0.0 0 -63 85.968 73.221 0
1410.0 204.54499999999987 19 1410.0 0.0 0 -61 74.21099999999998 48.242999999999995 0
2040.0 255.58700000000005 21 2040.0 0.0 0 -52 116.17 75.032 0
1260.0 206.67800000000005 19 1260.0 0.0 0 -57 69.63299999999998 58.38099999999999 0
2845.0 309.59499999999986 19 2880.0 -35.0 4 -71 105.28800000000004 117.12399999999997 7
1740.0 241.86299999999997 20 1740.0 0.0 0 -62 90.73599999999998 74.29499999999999 0
1560.0 230.64300000000003 21 1560.0 0.0 0 -60 83.61399999999999 67.051 0
1830.0 264.78499999999997 25 1830.0 0.0 0 -65 99.33699999999996 85.623 0
1950.0 266.948 19 2100.0 -150.0 42 -59 84.49699999999996 94.05100000000002 14
1020.0 147.51699999999997 14 1020.0 0.0 0 -35 60.91899999999998 39.507 0
2130.0 253.26699999999997 16 2130.0 0.0 0 -69 86.01599999999998 82.45800000000004 0
1620.0 215.26399999999998 21 1620.0 0.0 0 -58 68.12299999999998 64.35499999999999 0
1560.0 192.48699999999997 20 1560.0 0.0 0 -47 72.40699999999998 62.24400000000001 0
1500.0 177.51699999999997 15 1500.0 0.0 0 -36 77.04400000000001 61.632 0
1530.0 263.33500000000004 21 1530.0 0.0 0 -63 100.70299999999999 78.01999999999998 0
1830.0 214.868 22 1830.0 0.0 0 -42 91.15299999999999 78.229 0
1340.0 189.954 18 1380.0 -40.0 5 -48 60.083999999999996 60.192999999999984 8
2040.0 286.232 19 2040.0 0.0 0 -65 114.62500000000001 86.91000000000003 0
2130.0 300.67100000000005 19 2130.0 0.0 0 -64 130.024 85.91500000000002 0
2130.0 241.89000000000001 18 2130.0 0.0 0 -62 84.85 77.24999999999997 0
2040.0 235.55799999999996 18 2040.0 0.0 0 -58 78.28399999999999 87.64099999999999 0
2040.0 245.09400000000008 20 2040.0 0.0 0 -55 95.672 86.58499999999998 0
2400.0 363.121 24 2400.0 0.0 0 -79 138.656 115.56099999999999 0
1830.0 222.57500000000002 15 1830.0 0.0 0 -50 85.07400000000001 78.12599999999998 0
2130.0 265.49399999999997 21 2130.0 0.0 0 -60 95.95099999999996 95.01699999999998 0
2610.0 269.23399999999987 20 2610.0 0.0 0 -70 94.15999999999998 87.47100000000002 0
1860.0 234.9159999999999 23 1860.0 0.0 0 -63 89.32100000000001 64.175 0
2220.0 231.09599999999995 20 2220.0 0.0 0 -59 91.21899999999998 77.14000000000003 0
1640.0 219.79199999999997 23 1680.0 -40.0 5 -47 94.08599999999997 66.03699999999998 8
1650.0 200.989 17 1650.0 0.0 0 -46 72.24800000000002 76.45699999999998 0
1860.0 228.15900000000002 19 1860.0 0.0 0 -68 72.52799999999999 62.08899999999999 0
1800.0 225.76399999999992 19 1800.0 0.0 0 -60 78.5 65.62899999999999 0
2550.0 252.97199999999998 21 2550.0 0.0 0 -60 106.81100000000002 89.98499999999997 0
1770.0 273.20000000000005 23 1770.0 0.0 0 -68 82.53399999999999 92.61099999999999 0
1740.0 246.71099999999993 15 1740.0 0.0 0 -47 105.57799999999997 79.822 0
2250.0 315.855 24 2250.0 0.0 0 -71 128.97299999999998 84.72500000000002 0
2490.0 240.53299999999996 19 2490.0 0.0 0 -69 69.511 82.71699999999998 0
2250.0 287.6110000000001 20 2250.0 0.0 0 -75 98.818 86.11499999999997 0
1860.0 294.8050000000001 20 1860.0 0.0 0 -68 129.087 77.621 0
1800.0 222.48299999999998 22 1800.0 0.0 0 -57 72.47199999999998 73.19399999999999 0
1090.0 177.99099999999981 14 1320.0 -330.0 46 -37 48.984 47.08300000000001 33
1590.0 243.334 18 1590.0 0.0 0 -57 78.779 81.441 0
1395.0 183.20499999999996 19 1440.0 -85.0 11 -52 66.66599999999998 39.168 17
1260.0 166.783 16 1260.0 0.0 0 -44 59.63399999999999 50.64899999999999 0
2190.0 271.4789999999999 24 2190.0 0.0 0 -68 108.29300000000002 79.56300000000002 0
1560.0 220.57000000000002 17 1560.0 0.0 0 -59 85.22599999999997 64.22799999999998 0
1860.0 225.11199999999997 18 1860.0 0.0 0 -51 80.02199999999999 75.505 0
1590.0 272.73799999999994 28 1590.0 0.0 0 -64 102.36699999999995 67.573 0
1545.0 181.242 19 1620.0 -75.0 5 -45 67.71499999999999 64.615 15
1290.0 180.26399999999995 15 1290.0 0.0 0 -50 68.59099999999998 42.058 0
1620.0 201.71300000000005 22 1620.0 0.0 0 -50 76.33899999999998 63.288 0
1410.0 201.16500000000008 16 1410.0 0.0 0 -43 81.411 66.82799999999997 0
2190.0 223.94799999999998 21 2190.0 0.0 0 -52 83.06100000000004 84.05799999999998 0
2220.0 297.74 22 2220.0 0.0 0 -65 112.58800000000001 98.77999999999997 0
1680.0 255.12800000000001 17 1680.0 0.0 0 -51 108.514 84.95 0
2370.0 240.868 16 2370.0 0.0 0 -60 95.42700000000005 77.76599999999995 0
1500.0 234.31700000000006 18 1500.0 0.0 0 -60 77.877 67.804 0
2310.0 290.32700000000006 21 2310.0 0.0 0 -74 106.60800000000002 90.95899999999997 0
2490.0 307.7199999999999 19 2670.0 -180.0 15 -72 118.82099999999996 97.83099999999997 36
1560.0 181.48899999999995 19 1560.0 0.0 0 -58 56.63499999999999 46.232 0
1260.0 128.56099999999998 16 1260.0 0.0 0 -41 39.114999999999995 43.54 0
2430.0 283.38699999999994 21 2430.0 0.0 0 -79 102.69699999999999 84.75700000000002 0
1140.0 198.49100000000004 16 1140.0 0.0 0 -44 89.361 45.450999999999986 0
1620.0 219.798 20 1620.0 0.0 0 -59 83.459 57.19499999999999 0
2010.0 253.11899999999994 19 2010.0 0.0 0 -63 99.88600000000002 76.31199999999997 0
1890.0 194.94899999999998 18 1890.0 0.0 0 -51 71.62299999999999 61.74999999999998 0
1380.0 217.0619999999999 19 1380.0 0.0 0 -60 74.77199999999998 64.17899999999999 0
1950.0 273.3070000000001 23 1950.0 0.0 0 -66 106.94799999999998 82.11000000000003 0
1350.0 143.63499999999996 15 1350.0 0.0 0 -41 50.694999999999986 40.207 0
1860.0 268.052 22 1860.0 0.0 0 -67 107.19600000000003 75.173 0
1890.0 226.4989999999999 11 1890.0 0.0 0 -56 79.741 78.86999999999999 0
2280.0 263.56899999999996 17 2280.0 0.0 0 -71 81.69699999999999 86.83900000000001 0
2080.0 277.54400000000004 20 2220.0 -200.0 16 -57 96.56900000000002 89.06 40
1140.0 176.45699999999988 16 1140.0 0.0 0 -43 66.20299999999997 53.044 0
1890.0 253.5569999999999 18 1890.0 0.0 0 -53 114.30099999999996 71.84100000000001 0
1200.0 133.74099999999999 13 1200.0 -45.0 3 -31 54.785999999999994 45.59499999999999 9
2130.0 258.388 16 2130.0 -15.0 5 -63 91.377 78.839 1
2190.0 230.23600000000002 14 2190.0 0.0 0 -61 83.24500000000005 84.49399999999996 0
2400.0 236.173 23 2400.0 0.0 0 -68 76.73699999999998 58.7 0
1860.0 145.061 14 1860.0 0.0 0 -38 51.71699999999999 55.808 0
1200.0 162.534 16 1200.0 0.0 0 -32 77.85499999999999 45.785999999999994 0
1620.0 214.85899999999992 14 1620.0 0.0 0 -49 85.40899999999998 66.68099999999997 0
1590.0 211.541 21 1590.0 0.0 0 -50 80.451 66.41499999999999 0
2700.0 285.31 17 2700.0 0.0 0 -73 105.76200000000003 95.13799999999996 0
1530.0 195.094 18 1530.0 0.0 0 -42 80.55699999999999 65.25699999999998 0
1980.0 252.325 18 1980.0 0.0 0 -64 96.40499999999997 72.74699999999999 0
1620.0 224.54000000000005 18 1680.0 -100.0 16 -43 87.25300000000001 76.09399999999997 10
1320.0 216.536 19 1320.0 0.0 0 -67 64.46199999999999 54.907999999999994 0
1950.0 192.82599999999994 22 1950.0 0.0 0 -61 55.759 68.331 0
1225.0 174.25899999999993 20 1260.0 -35.0 4 -43 70.951 43.522000000000006 7
2340.0 269.744 22 2340.0 0.0 0 -59 113.761 88.96499999999997 0
1500.0 183.58900000000003 14 1500.0 0.0 0 -44 73.46499999999997 55.221000000000004 0
1350.0 183.7109999999999 14 1350.0 0.0 0 -49 70.73299999999998 51.259 0
1530.0 197.68 15 1530.0 0.0 0 -56 67.387 55.084999999999994 0
2135.0 228.37499999999997 21 2190.0 -55.0 4 -56 79.33199999999998 83.34400000000001 11
2520.0 279.64400000000006 21 2520.0 0.0 0 -61 121.42800000000003 103.55399999999997 0
1740.0 208.28699999999998 21 1740.0 0.0 0 -59 75.19799999999998 61.31099999999998 0
1350.0 211.733 20 1350.0 -40.0 5 -49 84.79599999999999 58.001999999999995 8
1920.0 192.95299999999997 19 1920.0 0.0 0 -50 63.961 69.512 0
2490.0 270.533 15 2490.0 0.0 0 -61 101.29900000000002 103.25099999999995 0
2460.0 278.809 17 2460.0 0.0 0 -73 94.546 98.00399999999996 0
1920.0 231.97800000000007 19 1920.0 0.0 0 -48 102.70800000000001 70.64699999999996 0
1590.0 206.15 18 1590.0 0.0 0 -52 74.87199999999999 61.593 0
3060.0 274.8500000000001 17 3060.0 0.0 0 -60 113.89600000000003 103.01500000000001 0
2040.0 262.22499999999997 20 2040.0 0.0 0 -63 98.16399999999999 77.11000000000001 0
1650.0 238.635 23 1650.0 0.0 0 -58 84.06699999999998 80.474 0
2340.0 329.13599999999997 16 2340.0 0.0 0 -69 142.95200000000003 87.66999999999997 0
1740.0 215.918 17 1740.0 0.0 0 -60 77.67099999999999 65.167 0
2010.0 254.551 21 2010.0 0.0 0 -72 83.13900000000001 82.42099999999998 0
1500.0 231.436 19 1500.0 -30.0 5 -56 79.32600000000001 55.44099999999999 3
1680.0 198.81499999999997 19 1680.0 0.0 0 -57 69.67399999999998 63.05599999999999 0
1920.0 262.4570000000001 16 1920.0 0.0 0 -59 116.93800000000002 73.19599999999997 0
2520.0 256.95700000000005 16 2520.0 0.0 0 -62 97.305 94.13600000000001 0
1650.0 242.1390000000001 19 1650.0 0.0 0 -68 76.09699999999998 73.22699999999999 0
2550.0 283.141 15 2550.0 0.0 0 -66 112.60500000000003 94.85999999999994 0
2580.0 250.67999999999998 18 2580.0 -75.0 6 -57 94.00199999999997 94.84400000000001 15
1740.0 233.52099999999996 21 1740.0 0.0 0 -59 87.52199999999999 67.17199999999998 0
2460.0 300.33200000000005 19 2460.0 0.0 0 -70 116.667 94.99199999999998 0
1590.0 227.822 16 1590.0 0.0 0 -48 96.823 73.84799999999998 0
1410.0 190.212 18 1410.0 0.0 0 -55 59.53799999999999 53.867999999999995 0
1815.0 244.247 18 1920.0 -105.0 35 -67 82.56299999999996 64.26699999999998 7
2760.0 243.40799999999993 18 2760.0 0.0 0 -63 82.03399999999999 93.30099999999999 0
2430.0 309.061 25 2430.0 0.0 0 -77 108.82999999999998 103.77599999999998 0
2070.0 214.91000000000003 14 2070.0 0.0 0 -48 79.66900000000003 84.78399999999993 0
1770.0 227.95999999999998 19 1770.0 0.0 0 -57 74.6 73.566 0
1530.0 208.86999999999998 15 1530.0 0.0 0 -47 78.07100000000001 71.59399999999998 0
2200.0 299.549 20 2280.0 -140.0 23 -63 97.048 99.20899999999997 14
2760.0 298.1979999999999 17 2760.0 0.0 0 -74 114.49500000000003 102.1429999999999 0
2340.0 260.047 16 2340.0 0.0 0 -61 90.154 99.63399999999996 0
1560.0 189.446 14 1560.0 0.0 0 -50 63.94000000000002 61.557999999999964 0
2640.0 280.16200000000003 17 2640.0 0.0 0 -63 121.47200000000001 86.95300000000003 0
1390.0 195.09899999999996 16 1470.0 -80.0 5 -47 74.90100000000001 70.58799999999998 16
2675.0 243.74099999999999 13 2730.0 -55.0 10 -53 94.346 94.92199999999997 9
2635.0 256.866 9 2700.0 -125.0 10 -46 95.06500000000004 110.79200000000002 25
2100.0 288.58100000000013 27 2100.0 0.0 0 -65 101.872 99.17699999999998 0
1800.0 238.59999999999997 20 1800.0 0.0 0 -60 86.62699999999998 70.01700000000001 0
1800.0 226.21099999999998 15 1800.0 0.0 0 -49 79.429 76.47800000000004 0
1770.0 215.6069999999998 20 1770.0 0.0 0 -56 77.536 63.78099999999999 0
2190.0 279.93000000000006 19 2190.0 0.0 0 -66 117.86200000000004 84.32999999999998 0
1950.0 239.78500000000003 18 1950.0 0.0 0 -50 95.66 77.801 0
1740.0 257.10400000000004 19 1890.0 -150.0 12 -61 84.82399999999998 71.102 30
870.0 131.12699999999998 14 870.0 0.0 0 -41 34.603999999999985 40.0 0
1830.0 234.42299999999994 15 1830.0 0.0 0 -44 115.60800000000003 75.26399999999998 0
1470.0 196.5939999999999 18 1470.0 0.0 0 -49 76.79999999999998 60.446999999999996 0
2070.0 261.452 17 2070.0 0.0 0 -63 102.649 79.24899999999998 0
1650.0 188.99800000000002 15 1650.0 0.0 0 -41 80.061 63.896999999999956 0
1500.0 213.83499999999995 19 1500.0 0.0 0 -65 62.27399999999998 62.48400000000001 0
2370.0 251.10999999999999 20 2370.0 0.0 0 -66 95.79900000000002 88.22599999999998 0
1980.0 201.27599999999995 20 1980.0 0.0 0 -57 70.362 68.55899999999998 0
1620.0 198.90800000000002 19 1620.0 0.0 0 -44 82.08299999999997 63.38999999999999 0
2155.0 243.69500000000002 22 2190.0 -35.0 4 -68 76.54500000000002 71.72699999999998 7
1650.0 223.387 18 1650.0 0.0 0 -61 74.30399999999999 69.827 0
2370.0 263.78999999999996 20 2370.0 0.0 0 -73 94.54199999999999 75.14899999999999 0
1830.0 192.602 18 1830.0 0.0 0 -53 64.47499999999998 67.45599999999999 0
1320.0 197.08599999999996 19 1320.0 0.0 0 -45 82.73299999999999 56.702999999999975 0
1890.0 248.75800000000004 22 1890.0 0.0 0 -67 83.11399999999999 72.63 0
2340.0 267.7130000000001 22 2340.0 0.0 0 -64 100.886 88.005 0
2730.0 289.34600000000006 18 2730.0 0.0 0 -62 124.29600000000002 97.55600000000003 0
1470.0 204.67700000000002 20 1470.0 0.0 0 -46 84.31300000000002 62.644000000000005 0
1740.0 224.83 17 1740.0 -70.0 5 -53 70.69399999999997 82.361 14
1890.0 221.78799999999995 18 1890.0 0.0 0 -57 67.78 79.01199999999997 0
2820.0 306.98299999999995 19 2820.0 0.0 0 -63 128.96400000000006 117.03399999999996 0
2145.0 259.517 19 2190.0 -45.0 6 -57 100.17399999999998 86.408 9
2160.0 251.92199999999994 21 2160.0 0.0 0 -54 99.92600000000002 96.677 0
1590.0 190.5309999999999 18 1590.0 0.0 0 -58 55.880999999999986 51.169999999999995 0
2665.0 297.17699999999996 14 2730.0 -65.0 4 -59 100.60300000000001 114.26900000000002 13
2250.0 257.62700000000007 22 2250.0 0.0 0 -65 103.95399999999998 81.525 0
2040.0 232.88299999999995 21 2040.0 0.0 0 -63 78.33499999999998 78.158 0
1830.0 273.76500000000004 21 1830.0 0.0 0 -65 101.648 86.14899999999999 0
1410.0 197.4429999999999 17 1410.0 0.0 0 -58 62.70699999999999 42.22799999999999 0
1800.0 256.47800000000007 19 1800.0 0.0 0 -56 115.2 71.20799999999998 0
2310.0 253.55099999999996 16 2310.0 0.0 0 -60 99.32700000000001 85.99399999999999 0
2790.0 317.164 23 2790.0 -105.0 35 -72 124.757 108.01099999999998 7
2790.0 296.288 22 2790.0 0.0 0 -81 93.16899999999998 99.71699999999998 0
2155.0 247.749 18 2190.0 -35.0 4 -50 105.34000000000002 88.92699999999999 7
2040.0 259.6010000000001 19 2040.0 0.0 0 -59 114.41300000000004 80.53499999999995 0
1560.0 215.26399999999992 23 1560.0 0.0 0 -62 69.538 56.79300000000001 0
1320.0 157.82399999999998 17 1320.0 0.0 0 -39 60.608999999999995 34.986 0
2070.0 225.24500000000003 19 2070.0 0.0 0 -57 68.58800000000001 82.06499999999994 0
2070.0 261.1189999999999 20 2070.0 -130.0 10 -54 99.56800000000003 76.84199999999998 26
2850.0 296.65600000000006 17 2850.0 0.0 0 -59 126.65 112.60899999999995 0
2370.0 256.85499999999996 20 2370.0 0.0 0 -62 99.32500000000002 91.49599999999998 0
2190.0 237.97300000000007 19 2190.0 0.0 0 -60 94.20600000000005 75.611 0
1860.0 235.59199999999998 17 1860.0 0.0 0 -64 77.40999999999997 68.12899999999998 0
1890.0 225.16199999999998 19 1890.0 0.0 0 -55 83.80999999999999 68.03699999999998 0
1845.0 224.69300000000004 19 1890.0 -45.0 6 -57 80.30499999999998 76.22099999999999 9
2070.0 187.526 12 2070.0 0.0 0 -52 66.41499999999998 67.056 0
2460.0 303.10999999999996 18 2460.0 0.0 0 -70 108.81100000000002 103.55699999999995 0
2280.0 295.576 21 2280.0 0.0 0 -62 114.662 101.302 0
2130.0 264.229 21 2130.0 0.0 0 -65 98.46300000000001 86.97099999999998 0
1290.0 204.62099999999995 20 1290.0 0.0 0 -57 73.014 55.608999999999995 0
2160.0 221.58199999999997 16 2160.0 0.0 0 -59 81.50299999999999 68.35699999999999 0
1965.0 241.00199999999992 16 2040.0 -75.0 5 -67 76.40099999999998 73.33499999999998 15
2100.0 230.98899999999998 16 2100.0 0.0 0 -51 90.534 85.966 0
1500.0 191.39200000000005 20 1560.0 -115.0 9 -44 67.97299999999998 59.52899999999998 23
1380.0 242.84299999999996 20 1380.0 0.0 0 -60 88.961 68.448 0
2700.0 316.5849999999999 20 2700.0 0.0 0 -67 116.91700000000002 127.10799999999999 0
2220.0 262.66900000000004 15 2220.0 0.0 0 -60 101.31200000000003 91.67299999999997 0
2430.0 276.252 15 2430.0 0.0 0 -64 98.00700000000003 102.58100000000002 0
1620.0 218.509 21 1620.0 -75.0 5 -48 85.322 72.39299999999999 15
2490.0 210.649 16 2490.0 0.0 0 -58 66.335 76.323 0
1380.0 272.899 19 1380.0 0.0 0 -60 114.316 66.40599999999999 0
1560.0 225.79700000000003 17 1560.0 0.0 0 -57 92.32699999999997 49.17799999999999 0
1560.0 189.91099999999997 18 1560.0 0.0 0 -38 74.83800000000001 73.749 0
2310.0 276.987 23 2310.0 0.0 0 -58 115.17 94.881 0
2250.0 240.67600000000002 18 2250.0 0.0 0 -61 80.21799999999998 87.71399999999996 0
2250.0 292.56300000000005 19 2250.0 0.0 0 -72 106.517 92.17800000000003 0
1770.0 213.238 16 1770.0 0.0 0 -46 92.16999999999997 64.53099999999998 0
2070.0 290.535 23 2070.0 0.0 0 -66 133.94500000000005 81.51 0
1890.0 210.762 20 1890.0 0.0 0 -51 97.35900000000004 61.890999999999984 0
1590.0 210.331 24 1590.0 -75.0 5 -47 81.232 67.97099999999999 15
1830.0 275.71999999999986 20 1830.0 0.0 0 -69 103.82 72.76499999999999 0
1920.0 216.68800000000007 18 1920.0 0.0 0 -63 65.81699999999998 73.59400000000001 0
2820.0 305.442 16 2820.0 0.0 0 -64 121.38999999999999 111.33500000000004 0
1950.0 219.247 11 1950.0 0.0 0 -48 85.47700000000002 80.06 0
1620.0 252.02699999999996 17 1620.0 0.0 0 -66 77.96599999999998 75.50899999999999 0
900.0 172.47400000000002 16 900.0 0.0 0 -44 58.22999999999999 49.95899999999999 0
2250.0 280.689 20 2250.0 0.0 0 -63 112.61799999999997 82.36300000000001 0
2010.0 276.27700000000004 21 2010.0 0.0 0 -64 105.53299999999997 77.30699999999997 0
2010.0 233.85499999999996 18 2010.0 0.0 0 -58 83.04799999999997 78.659 0
1470.0 166.65400000000005 13 1470.0 0.0 0 -52 45.73899999999999 54.995 0
1500.0 177.56500000000003 14 1500.0 0.0 0 -54 47.737999999999985 56.205999999999996 0
1380.0 159.61399999999998 18 1380.0 0.0 0 -44 64.487 42.903999999999996 0
2700.0 259.75499999999994 16 2700.0 0.0 0 -59 92.47700000000003 99.84299999999998 0
2730.0 259.46999999999997 21 2730.0 0.0 0 -70 103.12800000000003 80.79699999999998 0
1950.0 206.18499999999997 19 1950.0 0.0 0 -55 57.79499999999997 80.15099999999998 0
1510.0 218.61599999999999 20 1590.0 -115.0 15 -57 76.51099999999998 57.297 23
2010.0 236.67399999999998 16 2010.0 0.0 0 -59 84.48300000000002 79.76799999999997 0
2340.0 291.64700000000005 23 2340.0 0.0 0 -72 102.61099999999999 96.05499999999998 0
1950.0 289.16600000000005 22 1950.0 0.0 0 -74 97.88799999999998 81.97799999999997 0
1465.0 206.93699999999993 18 1530.0 -65.0 4 -53 75.657 59.756 13
2490.0 300.3840000000001 21 2490.0 0.0 0 -73 100.217 107.23100000000002 0
2040.0 252.75099999999995 17 2040.0 0.0 0 -63 92.18699999999998 79.15100000000001 0
3030.0 292.02900000000005 17 3030.0 0.0 0 -71 100.439 115.78099999999996 0
2340.0 247.961 15 2340.0 0.0 0 -59 98.71199999999999 85.66099999999999 0
2280.0 226.07500000000002 15 2280.0 0.0 0 -57 62.78199999999998 97.42800000000003 0
2730.0 305.928 17 2730.0 0.0 0 -64 116.657 94.07499999999999 0
1645.0 228.14799999999994 16 1710.0 -65.0 4 -62 74.39500000000001 72.796 13
2130.0 226.01100000000002 18 2130.0 0.0 0 -46 93.893 83.18899999999998 0
1555.0 224.80800000000002 18 1590.0 -35.0 4 -46 89.373 69.11799999999998 7
1890.0 245.506 17 1890.0 0.0 0 -63 99.45900000000002 65.25299999999999 0
1470.0 230.236 14 1470.0 0.0 0 -47 101.80999999999997 57.60000000000001 0
1980.0 288.527 21 2040.0 -60.0 10 -60 123.80299999999997 83.506 6
2490.0 305.203 20 2490.0 0.0 0 -74 128.233 92.889 0
1200.0 157.22699999999998 16 1200.0 -90.0 12 -38 50.45899999999999 50.357 18
1020.0 169.45799999999997 15 1020.0 0.0 0 -43 65.87899999999998 37.767999999999994 0
1350.0 172.042 18 1350.0 -40.0 5 -47 61.512999999999984 49.53999999999999 8
1140.0 191.95999999999992 17 1140.0 0.0 0 -57 61.521999999999984 48.501 0
1110.0 153.09199999999993 11 1110.0 0.0 0 -31 67.612 46.16699999999999 0
2910.0 298.57200000000006 17 3000.0 -90.0 7 -74 112.31500000000003 101.82999999999997 18
1590.0 184.31700000000004 18 1590.0 0.0 0 -49 58.27399999999999 58.584999999999994 0
2370.0 204.58599999999998 15 2370.0 0.0 0 -57 56.004 89.79500000000002 0
2160.0 259.731 17 2160.0 0.0 0 -56 132.59500000000006 68.95299999999997 0
1920.0 206.183 22 1920.0 0.0 0 -58 65.77199999999999 63.52599999999999 0
1620.0 242.2390000000001 15 1620.0 0.0 0 -66 79.097 68.96199999999999 0
2130.0 268.2379999999999 22 2130.0 0.0 0 -61 109.095 85.49899999999998 0
1650.0 221.51899999999995 19 1650.0 0.0 0 -52 89.38499999999999 65.46700000000001 0
1110.0 205.501 17 1110.0 0.0 0 -50 66.81899999999999 59.853999999999985 0
3260.0 360.4130000000001 20 3360.0 -100.0 6 -90 135.32600000000005 118.15900000000002 20
2130.0 292.24199999999996 26 2130.0 0.0 0 -72 101.579 80.96799999999999 0
1410.0 200.76999999999995 21 1410.0 0.0 0 -60 64.67999999999998 58.521999999999984 0
2280.0 241.466 16 2280.0 0.0 0 -60 85.07400000000003 91.272 0
2310.0 207.29600000000008 19 2310.0 0.0 0 -45 81.19200000000004 82.75399999999999 0
1980.0 196.11599999999993 15 1980.0 0.0 0 -53 74.92700000000002 61.665000000000006 0
2250.0 244.52299999999997 17 2250.0 0.0 0 -75 56.04900000000001 90.578 0
1345.0 184.44799999999998 14 1440.0 -145.0 19 -45 59.66199999999999 61.95900000000001 29
2070.0 280.598 22 2070.0 0.0 0 -75 95.32100000000001 73.18900000000001 0
2190.0 255.75000000000003 17 2190.0 0.0 0 -70 76.67800000000001 87.09099999999997 0
3060.0 352.932 18 3060.0 0.0 0 -73 148.57000000000008 118.04899999999996 0
1920.0 299.48799999999994 26 1920.0 0.0 0 -69 123.06999999999995 80.90099999999997 0
930.0 159.49699999999996 16 930.0 0.0 0 -45 55.97199999999998 35.628 0
2670.0 279.44900000000007 18 2670.0 0.0 0 -66 100.48100000000001 109.50699999999998 0
1950.0 258.34200000000004 22 1950.0 0.0 0 -58 86.66499999999999 95.11299999999999 0
1800.0 220.131 17 1800.0 0.0 0 -72 58.468999999999994 62.016 0
1890.0 231.40000000000003 23 1890.0 0.0 0 -54 86.68200000000004 78.41500000000002 0
1530.0 205.49299999999994 19 1530.0 0.0 0 -46 73.51099999999998 70.25199999999998 0
1740.0 232.96499999999995 13 1740.0 0.0 0 -47 90.13 84.72800000000002 0
2130.0 255.57600000000002 21 2130.0 0.0 0 -55 111.26000000000003 74.754 0
1320.0 162.149 16 1320.0 0.0 0 -51 43.29399999999998 51.61399999999999 0
2160.0 245.03999999999996 19 2160.0 0.0 0 -69 85.23999999999998 73.42800000000001 0
2060.0 226.919 17 2100.0 -40.0 5 -48 91.95400000000001 83.18699999999998 8
1980.0 260.881 18 1980.0 0.0 0 -71 87.06199999999997 78.47900000000001 0
1680.0 189.94400000000002 17 1680.0 0.0 0 -47 63.12200000000001 60.198 0
1290.0 185.36099999999993 19 1290.0 0.0 0 -43 75.289 56.29899999999999 0
1530.0 210.70300000000003 24 1530.0 0.0 0 -55 66.726 67.44799999999998 0
2190.0 263.69800000000004 24 2190.0 0.0 0 -64 87.88299999999998 86.329 0
1080.0 139.785 12 1080.0 0.0 0 -37 44.487 46.672 0
1350.0 172.837 18 1350.0 0.0 0 -47 55.30399999999999 56.604999999999976 0
1620.0 208.97399999999996 21 1620.0 0.0 0 -51 73.797 71.991 0
2220.0 276.62300000000005 18 2220.0 0.0 0 -71 103.81200000000003 78.24299999999998 0
1830.0 222.31799999999993 19 1830.0 0.0 0 -58 94.12599999999998 62.889999999999986 0
1740.0 221.39400000000003 20 1740.0 0.0 0 -56 81.916 72.67199999999997 0
1230.0 178.55699999999993 17 1230.0 0.0 0 -42 75.08999999999997 45.08399999999998 0
1740.0 234.52099999999996 20 1740.0 0.0 0 -56 88.648 69.164 0
2520.0 284.49 20 2520.0 0.0 0 -77 97.74500000000003 94.056 0
1920.0 219.726 13 1920.0 0.0 0 -52 101.96500000000005 57.86899999999997 0
2310.0 318.063 20 2310.0 0.0 0 -69 138.752 97.70699999999998 0
1230.0 178.35999999999999 15 1230.0 -15.0 5 -46 58.09799999999999 54.04399999999999 1
1590.0 204.90200000000002 20 1590.0 0.0 0 -57 65.38499999999999 60.16699999999999 0
1560.0 171.624 16 1560.0 0.0 0 -47 59.84999999999998 57.95099999999997 0
2145.0 270.8180000000001 25 2190.0 -85.0 11 -60 91.79999999999998 100.21900000000001 17
1470.0 180.93799999999996 17 1470.0 -55.0 4 -39 74.12499999999999 60.842999999999975 11
1350.0 195.92099999999996 19 1350.0 0.0 0 -55 66.66799999999998 50.17199999999998 0
1800.0 288.864 19 1800.0 0.0 0 -70 100.18199999999996 93.298 0
2340.0 271.054 19 2340.0 0.0 0 -71 99.97199999999997 82.433 0
2460.0 262.3880000000001 25 2460.0 0.0 0 -67 90.29699999999994 81.86700000000002 0
2790.0 275.404 18 2790.0 0.0 0 -71 102.131 102.53399999999998 0
1080.0 164.42299999999997 17 1080.0 0.0 0 -44 61.54699999999998 44.373999999999995 0
2040.0 259.915 24 2040.0 0.0 0 -73 93.46999999999998 71.15499999999999 0
1530.0 206.97800000000004 17 1530.0 0.0 0 -48 86.30999999999997 55.269 0
1530.0 183.688 14 1530.0 0.0 0 -37 78.68800000000003 63.79199999999999 0
1320.0 178.18999999999994 19 1320.0 0.0 0 -47 62.34399999999999 55.69799999999999 0
2040.0 200.405 17 2040.0 0.0 0 -49 81.37000000000003 71.82300000000001 0
1200.0 162.00200000000004 18 1200.0 -70.0 4 -43 64.207 43.78 14
2760.0 315.256 21 2760.0 0.0 0 -72 118.05700000000002 109.55400000000003 0
1980.0 230.05800000000008 16 1980.0 0.0 0 -53 87.42600000000002 88.56299999999999 0
2730.0 314.84900000000005 20 2730.0 0.0 0 -67 125.00600000000003 109.14299999999997 0
2100.0 240.23099999999997 17 2100.0 0.0 0 -61 89.53600000000003 79.38899999999997 0
1870.0 270.6980000000001 20 2130.0 -260.0 6 -60 114.53899999999999 76.038 52
2850.0 360.291 18 2850.0 0.0 0 -80 139.69000000000003 119.25800000000004 0
1590.0 175.75199999999995 20 1590.0 0.0 0 -49 56.22999999999999 59.76399999999999 0
1920.0 282.2969999999999 20 1920.0 0.0 0 -67 101.40400000000001 90.33299999999997 0
1980.0 251.245 18 1980.0 0.0 0 -61 92.66800000000002 81.92999999999998 0
1330.0 187.49 18 1440.0 -110.0 9 -40 68.05199999999999 71.28899999999997 22
1290.0 130.69099999999997 13 1290.0 0.0 0 -44 38.269 36.48199999999999 0
1620.0 236.3639999999999 16 1620.0 0.0 0 -46 110.212 61.479 0
1320.0 208.32799999999997 19 1320.0 0.0 0 -51 79.70599999999999 52.96899999999998 0
2370.0 288.42400000000004 21 2370.0 0.0 0 -59 119.16199999999999 97.88999999999999 0
2190.0 260.3630000000001 19 2190.0 0.0 0 -46 123.98900000000003 88.14 0
1800.0 228.00399999999993 18 1800.0 0.0 0 -56 86.738 71.17299999999997 0
1440.0 180.889 19 1440.0 0.0 0 -55 65.481 46.165 0
1800.0 234.176 16 1800.0 0.0 0 -55 89.606 69.37599999999999 0
2520.0 249.87200000000007 16 2520.0 0.0 0 -62 72.79399999999997 102.47499999999997 0
2820.0 289.15700000000004 23 2820.0 0.0 0 -63 111.08400000000002 112.39099999999995 0
1950.0 234.44899999999998 25 1950.0 0.0 0 -52 95.667 79.051 0
1500.0 170.27899999999997 13 1500.0 0.0 0 -49 60.449999999999996 49.772 0
1070.0 235.33399999999995 18 1320.0 -350.0 49 -41 69.03599999999999 60.170999999999985 35
1290.0 175.46599999999998 16 1290.0 0.0 0 -37 66.81899999999999 60.53099999999999 0
1650.0 226.62799999999996 22 1650.0 0.0 0 -52 89.17599999999999 66.64999999999998 0
2190.0 269.116 20 2190.0 -160.0 26 -61 85.29700000000001 92.00599999999999 16
1615.0 222.051 24 1680.0 -150.0 10 -56 83.81400000000001 61.498 30
1740.0 238.25799999999995 18 1740.0 0.0 0 -58 91.73499999999997 67.33899999999998 0
1495.0 192.86800000000002 14 1530.0 -35.0 4 -44 76.92800000000003 63.29999999999997 7
1800.0 250.637 17 1800.0 0.0 0 -61 82.75799999999998 80.28399999999999 0
1710.0 246.93900000000002 16 1710.0 0.0 0 -57 97.19800000000001 71.853 0
1260.0 155.86899999999997 13 1260.0 0.0 0 -39 62.146000000000015 49.899999999999984 0
2850.0 303.2540000000001 21 3000.0 -150.0 12 -61 110.08200000000001 124.22800000000001 30
1590.0 187.70799999999994 18 1590.0 0.0 0 -50 60.074999999999996 64.00399999999999 0
2070.0 266.04599999999994 17 2070.0 0.0 0 -56 113.71299999999998 91.92299999999996 0
2760.0 339.9959999999999 24 2760.0 0.0 0 -76 120.89699999999999 124.99299999999998 0
1980.0 226.56999999999985 18 1980.0 0.0 0 -59 74.17 73.57899999999997 0
1290.0 183.67399999999998 18 1290.0 0.0 0 -47 80.65899999999999 39.32899999999999 0
1405.0 191.849 13 1470.0 -65.0 4 -52 69.13099999999997 50.777 13
1680.0 250.19699999999995 21 1680.0 0.0 0 -63 96.657 67.76799999999999 0
1500.0 187.05300000000003 17 1500.0 0.0 0 -45 67.799 63.00299999999996 0
1830.0 217.40599999999995 21 1860.0 -30.0 2 -50 82.86799999999998 74.82699999999998 6
2550.0 267.88599999999997 22 2550.0 0.0 0 -71 95.73 87.41999999999999 0
2185.0 261.03799999999995 20 2250.0 -65.0 5 -56 110.286 87.354 13
960.0 150.73200000000003 15 960.0 0.0 0 -39 47.252999999999986 49.65599999999999 0
1305.0 180.09400000000002 14 1470.0 -165.0 13 -41 53.24999999999999 59.47900000000001 33
1350.0 199.765 20 1350.0 0.0 0 -51 65.26799999999999 60.978000000000016 0
2100.0 296.486 23 2100.0 0.0 0 -68 129.908 64.495 0
1530.0 208.194 18 1530.0 -45.0 15 -47 70.67200000000001 54.29299999999999 3
1560.0 234.76199999999994 17 1560.0 0.0 0 -58 78.17199999999997 71.253 0
1290.0 159.213 14 1290.0 0.0 0 -39 65.78300000000002 44.095 0
1650.0 237.972 23 1650.0 0.0 0 -63 75.963 70.91599999999998 0
1980.0 232.74900000000002 15 2040.0 -60.0 20 -61 80.14799999999998 70.80999999999999 4
2250.0 252.55100000000004 13 2250.0 0.0 0 -58 96.41300000000005 96.68399999999993 0
2550.0 284.678 22 2550.0 0.0 0 -64 103.80700000000004 111.812 0
1620.0 209.97700000000003 20 1620.0 0.0 0 -57 68.76099999999998 71.20299999999996 0
1380.0 204.53 21 1380.0 0.0 0 -57 68.63699999999999 58.02 0
1080.0 175.129 16 1080.0 0.0 0 -51 63.51599999999999 39.333 0
2310.0 269.746 20 2310.0 0.0 0 -69 94.73500000000003 94.30299999999997 0
1980.0 248.43999999999994 24 1980.0 0.0 0 -72 78.22799999999998 78.92800000000001 0
3385.0 325.9149999999999 16 3450.0 -65.0 8 -87 113.42800000000003 117.58300000000003 13
1650.0 238.64700000000005 16 1650.0 0.0 0 -64 82.60100000000003 62.547999999999995 0
2460.0 269.58000000000004 18 2460.0 0.0 0 -66 105.65600000000002 93.83999999999997 0
3030.0 361.94600000000014 22 3030.0 0.0 0 -86 129.54300000000003 132.773 0
1650.0 178.47100000000003 13 1650.0 0.0 0 -47 52.523 67.58099999999999 0
2070.0 254.87399999999997 17 2070.0 0.0 0 -62 98.578 85.05999999999999 0
1590.0 190.33899999999994 15 1590.0 -35.0 4 -44 78.50899999999999 58.31699999999999 7
840.0 113.26099999999998 11 840.0 0.0 0 -33 35.425000000000004 30.066 0
1825.0 204.43599999999998 19 1890.0 -65.0 5 -47 68.35499999999999 85.31400000000001 13
1470.0 223.729 19 1470.0 0.0 0 -59 76.138 67.234 0
2640.0 247.228 18 2640.0 0.0 0 -69 82.357 89.82299999999998 0
1860.0 215.86099999999996 19 1860.0 0.0 0 -56 73.54999999999998 70.73899999999999 0
1260.0 171.402 15 1260.0 0.0 0 -45 55.45099999999999 56.14299999999999 0
1770.0 213.46899999999997 21 1770.0 0.0 0 -51 75.16699999999997 78.75899999999999 0
1770.0 208.26899999999998 17 1860.0 -130.0 21 -51 74.211 71.38999999999999 13
1860.0 206.89299999999994 25 1860.0 0.0 0 -60 57.75599999999998 66.244 0
1320.0 183.536 17 1320.0 0.0 0 -50 64.52999999999997 45.197 0
2220.0 286.0580000000001 22 2220.0 0.0 0 -79 88.69900000000001 91.656 0
2265.0 267.52199999999993 20 2280.0 -15.0 5 -65 104.90400000000004 83.44499999999996 1
1680.0 216.94099999999997 20 1680.0 0.0 0 -56 77.55900000000004 67.86199999999997 0
1470.0 265.288 24 1470.0 0.0 0 -66 105.127 66.332 0
1470.0 163.226 19 1470.0 -35.0 4 -42 60.765 53.63000000000001 7
1560.0 223.133 21 1560.0 0.0 0 -61 69.04599999999999 61.341 0
1710.0 224.02700000000004 19 1710.0 0.0 0 -52 77.90699999999998 79.10400000000003 0
990.0 195.41 20 990.0 0.0 0 -53 66.12299999999999 50.675999999999995 0
1830.0 218.455 20 1830.0 0.0 0 -63 77.541 64.02799999999999 0
2670.0 314.7 21 2670.0 0.0 0 -79 121.59100000000001 96.96199999999996 0
1440.0 182.25700000000003 14 1440.0 0.0 0 -51 59.650999999999975 49.78599999999999 0
1920.0 253.57399999999998 20 1920.0 0.0 0 -58 101.381 77.38699999999999 0
1530.0 200.94899999999993 20 1530.0 0.0 0 -51 74.978 62.26099999999999 0
2040.0 246.11800000000005 19 2040.0 0.0 0 -63 85.73000000000002 80.13399999999999 0
1590.0 168.96999999999997 16 1590.0 0.0 0 -47 56.73899999999999 49.54299999999999 0
1560.0 196.14599999999993 16 1560.0 0.0 0 -46 73.26999999999997 69.40899999999998 0
2190.0 268.42799999999994 15 2190.0 0.0 0 -68 90.04599999999999 92.80100000000003 0
2340.0 292.65099999999995 17 2340.0 0.0 0 -57 143.54800000000003 88.811 0
2100.0 266.97399999999993 23 2100.0 0.0 0 -66 102.72099999999993 82.952 0
2160.0 260.6640000000001 20 2160.0 0.0 0 -70 87.68 82.65600000000002 0
1525.0 200.18200000000007 17 1740.0 -215.0 5 -49 61.07499999999999 72.979 43
2280.0 299.89300000000014 25 2280.0 0.0 0 -76 105.71599999999998 89.167 0
2250.0 283.23299999999995 22 2250.0 0.0 0 -71 96.78699999999999 87.838 0
1135.0 169.40099999999998 16 1170.0 -35.0 4 -39 75.10999999999999 44.45199999999999 7
960.0 225.22800000000007 17 960.0 0.0 0 -65 78.58499999999998 43.378 0
1740.0 143.239 9 1740.0 0.0 0 -41 48.804 54.37199999999998 0
2250.0 289.494 20 2250.0 0.0 0 -69 103.36199999999997 93.28800000000001 0
2310.0 219.9340000000001 15 2310.0 0.0 0 -49 85.86300000000003 83.98199999999997 0
2310.0 286.9339999999999 21 2310.0 0.0 0 -75 90.11599999999996 101.01000000000002 0
1950.0 251.50999999999993 19 2010.0 -60.0 20 -57 85.67099999999999 84.50200000000001 4
2250.0 255.914 15 2250.0 0.0 0 -58 100.49500000000003 101.12199999999997 0
1320.0 216.0550000000001 18 1320.0 0.0 0 -42 87.86099999999999 65.89999999999999 0
1380.0 177.46699999999993 14 1380.0 0.0 0 -37 70.09199999999998 57.34599999999999 0
2580.0 283.66200000000003 21 2580.0 0.0 0 -69 104.93900000000004 100.54199999999996 0
1710.0 213.45999999999998 16 1710.0 0.0 0 -57 70.74299999999998 63.22399999999999 0
2280.0 235.34699999999998 16 2280.0 0.0 0 -49 86.01299999999999 96.99599999999998 0
2190.0 281.7089999999999 22 2190.0 0.0 0 -66 112.37899999999999 91.01999999999995 0
1530.0 279.573 17 1530.0 0.0 0 -56 124.38700000000006 76.871 0
1980.0 232.36900000000003 19 1980.0 0.0 0 -62 79.04199999999999 69.319 0
2850.0 281.56599999999986 17 2850.0 -95.0 6 -58 116.61500000000004 115.63199999999996 19
2310.0 247.447 22 2310.0 0.0 0 -67 77.49199999999998 76.48699999999998 0
2320.0 289.772 18 2490.0 -190.0 31 -68 110.77799999999999 86.19199999999998 19
1980.0 239.43200000000002 20 1980.0 0.0 0 -63 78.395 81.77199999999999 0
1710.0 181.91999999999993 16 1710.0 0.0 0 -53 55.13899999999998 56.72500000000001 0
1500.0 197.14000000000001 19 1500.0 0.0 0 -45 82.879 60.73199999999999 0
1140.0 168.6959999999999 17 1140.0 0.0 0 -35 61.328 51.370000000000005 0
1950.0 199.632 21 1950.0 0.0 0 -52 81.939 63.92199999999999 0
2670.0 267.748 16 2670.0 0.0 0 -56 97.75000000000001 108.96899999999998 0
2670.0 260.365 17 2670.0 0.0 0 -59 91.61 109.05099999999999 0
2220.0 222.26400000000012 10 2220.0 0.0 0 -61 75.09600000000002 84.27199999999998 0
1620.0 191.90200000000004 16 1620.0 0.0 0 -52 65.80799999999998 61.437000000000005 0
1950.0 236.71 22 1950.0 0.0 0 -46 103.80599999999997 84.01099999999998 0
2130.0 257.016 21 2130.0 0.0 0 -69 86.51599999999996 71.646 0
2070.0 214.87 19 2070.0 0.0 0 -51 75.33299999999998 80.41099999999997 0
1680.0 194.89499999999998 17 1680.0 0.0 0 -52 72.69300000000001 61.948000000000015 0
1800.0 187.937 17 1800.0 0.0 0 -45 67.945 74.702 0
1590.0 200.66699999999997 15 1590.0 0.0 0 -47 80.19300000000001 68.068 0
1380.0 192.27199999999996 15 1380.0 0.0 0 -43 77.20299999999999 61.62299999999999 0
3210.0 294.64300000000003 17 3210.0 0.0 0 -75 105.91000000000004 114.217 0
2100.0 232.42799999999994 21 2100.0 0.0 0 -64 70.914 76.23899999999999 0
1980.0 218.36299999999994 22 1980.0 0.0 0 -61 76.84999999999998 66.56299999999999 0
1830.0 231.132 20 1830.0 0.0 0 -59 85.49999999999999 70.41099999999999 0
1440.0 191.22400000000007 16 1440.0 0.0 0 -55 72.67099999999998 45.050999999999995 0
1470.0 200.79199999999997 19 1470.0 0.0 0 -47 73.73799999999999 67.572 0
2730.0 261.31399999999996 21 2730.0 0.0 0 -73 92.39999999999998 89.284 0
1830.0 229.35199999999998 15 1830.0 0.0 0 -58 76.09599999999998 68.212 0
1840.0 231.94800000000004 17 1980.0 -190.0 26 -46 104.504 73.34000000000002 38
1890.0 235.23999999999998 17 1890.0 0.0 0 -60 76.13799999999998 78.11499999999997 0
2490.0 279.9360000000001 18 2490.0 -120.0 40 -62 110.13299999999998 104.495 8
1890.0 221.257 22 1890.0 0.0 0 -56 78.93200000000003 77.40600000000002 0
1560.0 241.10999999999996 21 1560.0 0.0 0 -66 81.539 67.365 0
1530.0 205.65000000000003 18 1620.0 -110.0 18 -49 71.45599999999999 65.726 11
1410.0 187.83499999999998 17 1410.0 0.0 0 -54 60.653 52.449 0
1770.0 206.24000000000007 15 1770.0 0.0 0 -45 88.07500000000002 65.20499999999998 0
1350.0 166.21399999999997 16 1350.0 -75.0 25 -48 48.319999999999986 50.393 5
1405.0 197.91100000000006 19 1440.0 -35.0 4 -44 77.21999999999996 61.02199999999999 7
1555.0 185.12599999999998 18 1590.0 -35.0 4 -42 69.25700000000002 67.50200000000001 7
1350.0 166.63999999999993 14 1350.0 0.0 0 -42 57.579999999999984 51.517999999999994 0
2460.0 337.31900000000013 23 2460.0 0.0 0 -69 146.607 105.32499999999997 0
2310.0 217.79599999999994 18 2310.0 0.0 0 -62 70.66199999999998 82.413 0
2530.0 275.985 11 2670.0 -200.0 16 -54 93.69000000000001 114.36 40
1650.0 218.14300000000006 20 1650.0 0.0 0 -51 88.278 64.89599999999999 0
2640.0 307.591 19 2640.0 0.0 0 -76 104.361 107.505 0
1020.0 199.88400000000001 17 1020.0 0.0 0 -53 69.35499999999998 44.678 0
1320.0 145.04399999999998 14 1320.0 0.0 0 -44 42.867 48.75799999999999 0
1860.0 242.64 21 1860.0 0.0 0 -67 73.17999999999998 76.83399999999999 0
2400.0 252.51199999999997 20 2400.0 0.0 0 -66 97.49500000000002 80.66699999999997 0
1950.0 212.43599999999992 16 1950.0 0.0 0 -48 86.37499999999997 71.12400000000001 0
990.0 143.67999999999995 12 990.0 0.0 0 -37 56.104 36.10399999999999 0
1560.0 217.03900000000004 22 1560.0 0.0 0 -54 69.72599999999998 69.47099999999999 0
1320.0 183.798 15 1320.0 0.0 0 -39 66.107 62.51 0
1410.0 213.41199999999995 17 1410.0 0.0 0 -61 69.79399999999998 55.413999999999994 0
1920.0 251.356 17 1920.0 0.0 0 -57 93.77799999999999 80.22699999999999 0
1650.0 202.535 16 1650.0 0.0 0 -48 74.225 68.708 0
1560.0 245.0139999999999 19 1560.0 0.0 0 -56 94.373 69.446 0
1830.0 243.614 17 1830.0 0.0 0 -53 87.57399999999998 86.81599999999999 0
1740.0 203.936 18 1740.0 0.0 0 -54 70.55499999999998 63.181000000000004 0
990.0 160.13 16 990.0 0.0 0 -43 49.38799999999999 47.104 0
1680.0 199.55599999999998 17 1680.0 0.0 0 -57 65.49099999999999 57.228 0
1585.0 191.23800000000003 17 1620.0 -35.0 4 -46 71.68399999999998 54.72599999999999 7
2190.0 241.84199999999993 19 2190.0 0.0 0 -59 80.43499999999999 87.516 0
1830.0 243.86000000000007 17 1830.0 0.0 0 -61 74.40199999999997 90.781 0
2190.0 247.89499999999995 20 2190.0 0.0 0 -46 116.94900000000005 89.04599999999998 0
1110.0 170.7079999999999 15 1110.0 0.0 0 -47 50.81999999999998 55.87399999999998 0
2560.0 300.631 18 2640.0 -230.0 18 -65 105.63900000000001 117.67800000000003 46
2040.0 265.85099999999994 23 2040.0 0.0 0 -69 106.14599999999999 77.00699999999998 0
1560.0 138.964 13 1560.0 -30.0 10 -43 43.03199999999999 47.309 2
2070.0 252.76800000000006 19 2070.0 0.0 0 -67 82.33299999999998 77.24700000000001 0
1740.0 160.69299999999998 13 1740.0 0.0 0 -45 56.05899999999997 54.84600000000002 0
1950.0 262.2730000000001 19 1950.0 0.0 0 -59 95.978 99.74699999999999 0
1020.0 149.474 17 1110.0 -90.0 12 -37 55.85099999999999 40.60699999999999 18
2010.0 231.02499999999995 17 2010.0 0.0 0 -60 74.80999999999997 77.85399999999998 0
1590.0 208.391 24 1590.0 -55.0 4 -40 89.43099999999998 72.48899999999998 11
2100.0 209.94000000000005 17 2100.0 0.0 0 -57 70.582 79.458 0
2190.0 273.966 19 2190.0 0.0 0 -59 102.03299999999997 102.303 0
1755.0 224.82199999999995 18 1830.0 -75.0 5 -63 70.173 71.621 15
1170.0 180.996 16 1170.0 0.0 0 -43 69.29799999999999 54.41799999999998 0
1830.0 273.79300000000006 23 1830.0 0.0 0 -63 102.79999999999998 89.85699999999999 0
1950.0 229.4330000000001 21 1950.0 0.0 0 -60 77.40199999999996 76.43199999999997 0
2340.0 246.68000000000004 17 2340.0 0.0 0 -61 87.636 95.14899999999996 0
1470.0 185.399 17 1470.0 0.0 0 -49 54.86299999999999 68.90699999999998 0
1710.0 224.808 17 1710.0 0.0 0 -68 66.88099999999999 60.854 0
1650.0 230.69199999999998 18 1650.0 0.0 0 -46 88.53999999999998 82.32399999999997 0
1410.0 220.707 18 1410.0 0.0 0 -47 96.66799999999996 56.74299999999999 0
1080.0 149.99799999999993 12 1080.0 0.0 0 -43 49.409 45.68699999999999 0
2425.0 282.081 23 2580.0 -155.0 11 -70 90.514 102.257 31
1650.0 197.00099999999998 19 1650.0 0.0 0 -46 75.81699999999998 61.187 0
1980.0 232.02799999999996 21 1980.0 0.0 0 -58 91.753 68.23499999999999 0
1435.0 235.74799999999993 18 1500.0 -65.0 5 -62 74.01400000000001 76.21300000000001 13
2460.0 296.03100000000006 16 2460.0 0.0 0 -57 124.79199999999997 94.68800000000002 0
1380.0 204.70000000000002 17 1380.0 0.0 0 -46 82.24700000000001 63.341 0
1735.0 210.07800000000006 15 1770.0 -35.0 4 -42 96.39800000000001 66.04599999999999 7
1170.0 153.60699999999997 15 1170.0 0.0 0 -38 57.56199999999998 47.46199999999999 0
1890.0 255.58799999999997 19 1890.0 0.0 0 -70 91.91400000000002 66.379 0
1980.0 261.926 19 1980.0 0.0 0 -55 102.75299999999999 87.358 0
1710.0 237.983 21 1710.0 0.0 0 -62 95.46199999999999 64.59199999999998 0
1680.0 207.04799999999997 20 1740.0 -60.0 5 -46 82.884 69.35 12
2340.0 328.6579999999999 23 2340.0 0.0 0 -77 125.93599999999998 105.679 0
1710.0 245.91499999999994 19 1710.0 0.0 0 -56 91.79499999999999 74.13699999999999 0
1990.0 221.85 17 2070.0 -150.0 11 -61 68.77899999999998 78.46499999999999 30
2010.0 222.24000000000004 14 2010.0 0.0 0 -58 77.456 77.19099999999999 0
1980.0 231.87900000000002 23 1980.0 0.0 0 -59 95.22399999999999 66.332 0
1830.0 204.09799999999998 21 1830.0 0.0 0 -58 78.96500000000002 60.367999999999995 0
1705.0 157.797 11 1740.0 -35.0 4 -42 52.769000000000005 63.45099999999996 7
2100.0 242.513 23 2100.0 0.0 0 -60 85.109 81.33399999999996 0
2430.0 227.22199999999992 23 2430.0 0.0 0 -69 71.52999999999999 79.39699999999998 0
2010.0 247.10399999999993 21 2010.0 0.0 0 -64 86.44000000000001 81.93299999999996 0
2100.0 292.39400000000006 28 2100.0 -60.0 20 -72 119.492 77.54299999999998 4
1500.0 237.35200000000003 17 1500.0 0.0 0 -60 82.73600000000003 65.48099999999998 0
1710.0 185.294 14 1710.0 0.0 0 -44 75.59700000000002 60.149999999999984 0
2130.0 291.116 16 2130.0 0.0 0 -68 115.942 96.26099999999998 0
1260.0 232.60000000000005 19 1260.0 0.0 0 -52 97.30899999999995 59.16099999999998 0
1050.0 183.671 20 1050.0 0.0 0 -42 67.75599999999999 49.005999999999986 0
1980.0 247.8229999999999 18 1980.0 0.0 0 -55 105.38399999999997 78.287 0
1320.0 153.98399999999995 13 1320.0 0.0 0 -48 42.912000000000006 49.45599999999999 0
1590.0 187.09699999999995 19 1590.0 -60.0 20 -44 61.18599999999998 67.344 4
1800.0 218.236 20 1800.0 0.0 0 -45 92.221 72.00400000000002 0
95.0 582.6799999999998 6 1560.0 -1465.0 29 -45 50.60399999999999 47.025999999999996 293
1980.0 213.2259999999999 14 1980.0 0.0 0 -55 77.49400000000001 62.838999999999984 0
1770.0 208.88200000000003 20 1770.0 0.0 0 -57 78.52799999999999 66.10999999999999 0
1920.0 217.50799999999998 18 1920.0 0.0 0 -55 93.21799999999999 57.56699999999998 0
1560.0 184.03499999999994 19 1770.0 -210.0 10 -48 57.023999999999994 65.70299999999999 42
1650.0 228.90499999999997 20 1650.0 0.0 0 -55 85.69900000000001 72.54599999999999 0
2040.0 206.12299999999993 20 2040.0 0.0 0 -52 69.07 77.63199999999998 0
2280.0 318.78699999999986 18 2280.0 0.0 0 -68 133.23200000000006 106.53200000000002 0
1890.0 263.21000000000004 23 1890.0 0.0 0 -70 95.83200000000001 75.71299999999998 0
2070.0 232.631 19 2070.0 0.0 0 -61 82.02100000000002 80.20000000000002 0
1680.0 167.89999999999998 20 1680.0 0.0 0 -45 53.632999999999996 61.766999999999996 0
2040.0 215.64000000000001 17 2040.0 0.0 0 -60 59.63399999999999 83.29899999999999 0
2370.0 248.44899999999996 22 2370.0 0.0 0 -68 89.90399999999998 88.92199999999997 0
2550.0 280.49099999999993 23 2550.0 0.0 0 -67 103.898 93.45700000000002 0
1830.0 230.30199999999996 17 1830.0 0.0 0 -57 76.25399999999999 76.23499999999997 0
1230.0 231.81499999999994 22 1230.0 0.0 0 -63 89.67799999999998 46.93600000000001 0
1200.0 166.542 15 1200.0 0.0 0 -50 45.83899999999999 49.349 0
2040.0 172.86 16 2040.0 0.0 0 -46 65.61300000000001 57.98499999999997 0
2010.0 256.4510000000001 19 2010.0 0.0 0 -56 105.25500000000004 75.70599999999999 0
1350.0 173.602 15 1350.0 0.0 0 -43 62.39299999999999 51.09299999999999 0
1770.0 223.50500000000002 21 1770.0 0.0 0 -58 89.62099999999997 60.547999999999995 0
1260.0 212.916 22 1260.0 0.0 0 -59 75.28499999999997 51.82600000000001 0
2100.0 299.9549999999999 23 2100.0 0.0 0 -71 117.22999999999999 90.649 0
2430.0 328.1039999999999 25 2430.0 0.0 0 -75 131.363 107.26599999999998 0
2250.0 274.24899999999997 23 2250.0 0.0 0 -59 116.78100000000003 91.59899999999999 0
1650.0 186.83200000000002 15 1650.0 0.0 0 -37 73.48500000000003 73.49299999999998 0
1440.0 209.07800000000003 20 1440.0 0.0 0 -49 76.94499999999998 63.21899999999999 0
1470.0 158.36499999999998 15 1470.0 0.0 0 -44 56.15499999999998 54.43899999999998 0
930.0 154.59 15 930.0 0.0 0 -37 58.704999999999984 37.05 0
1470.0 208.27799999999996 17 1470.0 0.0 0 -48 89.53099999999999 59.465999999999994 0
1890.0 222.046 22 1890.0 0.0 0 -58 67.31099999999998 81.86099999999998 0
1260.0 183.88899999999995 16 1260.0 0.0 0 -49 63.343999999999994 54.97800000000001 0
2310.0 285.66499999999996 26 2310.0 0.0 0 -73 101.17299999999997 90.30799999999998 0
1620.0 218.37099999999995 22 1620.0 0.0 0 -62 81.64999999999999 58.004000000000005 0
1650.0 261.90799999999996 21 1650.0 0.0 0 -67 97.14099999999999 72.80999999999999 0
1890.0 276.46899999999994 23 1890.0 0.0 0 -62 127.17499999999998 73.83799999999998 0
2130.0 280.6449999999999 22 2130.0 0.0 0 -64 108.33600000000001 87.41399999999999 0
2670.0 309.8039999999999 21 2670.0 0.0 0 -73 119.662 103.42699999999998 0
1590.0 245.96200000000002 20 1590.0 0.0 0 -50 118.292 66.84599999999998 0
2160.0 210.93300000000002 14 2160.0 0.0 0 -58 57.46799999999999 74.29900000000004 0
1980.0 214.17300000000006 15 1980.0 0.0 0 -50 84.66600000000001 78.125 0
1650.0 178.83399999999997 15 1650.0 0.0 0 -42 67.09700000000001 61.711999999999954 0
1680.0 229.15500000000006 25 1680.0 0.0 0 -61 83.14200000000001 66.84799999999998 0
2040.0 279.0609999999999 17 2040.0 0.0 0 -57 125.45299999999999 80.53499999999995 0
2040.0 226.17499999999998 21 2040.0 0.0 0 -65 74.67599999999997 59.40799999999999 0
1700.0 245.79299999999995 26 1740.0 -40.0 5 -53 92.85599999999998 75.71399999999997 8
1560.0 224.88400000000001 18 1560.0 0.0 0 -54 95.51600000000002 58.782999999999994 0
2115.0 249.97099999999995 18 2310.0 -195.0 65 -59 93.714 91.78400000000002 13
2400.0 261.847 19 2400.0 0.0 0 -67 86.33399999999999 86.997 0
1890.0 268.783 18 1890.0 0.0 0 -77 101.48199999999999 69.791 0
1800.0 215.558 17 1800.0 0.0 0 -50 81.81399999999998 74.516 0
2160.0 291.23800000000006 16 2160.0 0.0 0 -65 121.74700000000003 83.75999999999999 0
1770.0 230.65099999999995 16 1770.0 0.0 0 -58 89.87599999999995 72.87100000000001 0
1530.0 201.40699999999998 18 1530.0 0.0 0 -42 86.62199999999999 60.14300000000001 0
1590.0 180.54399999999987 18 1590.0 0.0 0 -51 60.62399999999999 62.72699999999998 0
1530.0 211.50400000000002 16 1530.0 0.0 0 -48 79.023 69.46899999999998 0
1290.0 198.334 18 1290.0 0.0 0 -58 53.46099999999999 59.32499999999999 0
1410.0 211.04500000000007 22 1410.0 -60.0 20 -54 65.475 57.68599999999999 4
1410.0 217.98399999999998 22 1410.0 0.0 0 -60 70.65899999999998 58.17499999999998 0
1320.0 187.78600000000003 19 1320.0 0.0 0 -51 67.19699999999997 52.738 0
2010.0 245.68200000000004 19 2010.0 0.0 0 -55 98.82500000000003 80.756 0
1440.0 183.3 19 1440.0 0.0 0 -51 66.66699999999999 52.559 0
1890.0 233.43399999999997 14 1890.0 0.0 0 -56 88.89000000000001 71.65299999999998 0
2040.0 260.08 17 2040.0 0.0 0 -65 96.18299999999998 80.767 0
2310.0 260.209 16 2310.0 0.0 0 -74 75.93699999999998 87.988 0
1230.0 165.72299999999996 14 1230.0 0.0 0 -42 54.96099999999999 46.762999999999984 0
1890.0 207.694 18 1890.0 0.0 0 -56 70.59899999999999 71.17999999999999 0
2160.0 292.588 25 2160.0 0.0 0 -68 108.36699999999998 96.92799999999997 0
1710.0 274.62699999999995 21 1710.0 0.0 0 -63 103.177 85.67299999999997 0
1920.0 245.53199999999995 16 1920.0 0.0 0 -66 70.82399999999998 80.034 0
2070.0 253.20600000000002 19 2070.0 0.0 0 -62 84.44699999999999 87.01199999999996 0
1695.0 167.71999999999997 15 1710.0 -165.0 55 -49 58.01899999999999 56.12500000000002 11
1890.0 265.636 21 1920.0 -30.0 4 -66 93.64400000000002 82.12899999999999 6
1890.0 274.999 20 1890.0 0.0 0 -74 105.80499999999998 69.174 0
2250.0 253.90899999999996 24 2250.0 0.0 0 -68 89.20099999999998 77.71299999999998 0
990.0 185.16299999999995 17 990.0 0.0 0 -55 59.935999999999986 44.94599999999999 0
1710.0 238.06599999999997 17 1860.0 -170.0 28 -53 100.39199999999998 58.27499999999999 17
1890.0 246.468 17 1890.0 0.0 0 -53 108.632 61.92599999999999 0
1770.0 205.249 18 1770.0 0.0 0 -40 84.90399999999998 75.196 0
2545.0 311.2920000000001 19 2610.0 -65.0 4 -69 109.20899999999997 95.05400000000002 13
1770.0 265.064 21 1770.0 0.0 0 -64 96.54100000000001 84.91 0
2130.0 220.34900000000007 19 2130.0 0.0 0 -63 78.84900000000002 68.24599999999998 0
1430.0 244.153 20 1500.0 -70.0 5 -62 93.463 57.34600000000001 14
2220.0 252.869 28 2220.0 0.0 0 -59 94.82499999999997 87.77400000000002 0
2160.0 209.17799999999997 14 2160.0 0.0 0 -50 67.04399999999998 83.06900000000002 0
2400.0 316.9249999999999 22 2400.0 0.0 0 -85 111.012 92.64499999999998 0
1545.0 220.926 20 1560.0 -15.0 5 -51 80.35699999999999 64.56899999999999 1
2245.0 273.253 20 2280.0 -35.0 4 -68 86.53000000000002 88.62899999999998 7
1950.0 267.8690000000001 20 1950.0 0.0 0 -69 102.50200000000001 77.85199999999998 0
870.0 135.47999999999996 15 870.0 0.0 0 -35 49.087999999999994 33.201 0
1620.0 200.24599999999992 15 1620.0 0.0 0 -48 76.64799999999998 62.266999999999996 0
2520.0 295.32000000000005 19 2520.0 0.0 0 -71 94.08699999999999 110.64099999999999 0
2005.0 213.905 16 2040.0 -35.0 4 -46 75.63399999999999 83.61499999999997 7
1890.0 262.282 17 1890.0 0.0 0 -62 115.737 67.75299999999996 0
1440.0 175.50999999999993 18 1440.0 0.0 0 -55 61.884999999999984 42.477 0
2640.0 285.78499999999997 20 2640.0 0.0 0 -68 114.44300000000001 96.70199999999997 0
1905.0 305.52099999999996 17 2040.0 -135.0 19 -61 114.03199999999998 116.44400000000002 27
2130.0 208.907 17 2130.0 0.0 0 -51 75.36499999999998 74.43399999999998 0
1650.0 210.19000000000005 20 1650.0 0.0 0 -49 82.71700000000001 68.16799999999998 0
1410.0 183.57899999999992 15 1410.0 0.0 0 -52 53.16399999999998 55.346999999999994 0
1860.0 216.48200000000003 17 1860.0 0.0 0 -58 72.19199999999998 71.499 0
2790.0 301.67 20 2820.0 -30.0 10 -84 90.01199999999999 96.542 2
1230.0 194.71 16 1230.0 0.0 0 -49 77.95299999999999 48.733999999999995 0
1680.0 233.915 23 1680.0 -30.0 10 -49 84.99599999999998 84.47799999999998 2
2075.0 241.07199999999995 20 2130.0 -55.0 4 -63 78.50899999999999 81.91699999999997 11
2190.0 278.8019999999999 23 2190.0 -30.0 10 -74 110.85800000000003 77.17899999999997 2
1500.0 221.404 16 1500.0 0.0 0 -55 85.27999999999999 61.67800000000002 0
2040.0 228.27600000000007 18 2040.0 0.0 0 -54 83.60699999999999 80.696 0
1440.0 231.80099999999996 16 1440.0 0.0 0 -56 99.016 57.81199999999997 0
1770.0 253.75900000000001 18 1770.0 0.0 0 -58 105.65199999999999 78.202 0
840.0 123.39499999999998 13 840.0 0.0 0 -39 39.275999999999996 30.694 0
1440.0 175.916 17 1440.0 0.0 0 -48 58.887999999999984 52.317999999999984 0
1650.0 225.441 14 1650.0 0.0 0 -62 79.25399999999999 59.484 0
2010.0 246.43300000000002 19 2070.0 -60.0 3 -61 68.51699999999998 92.98299999999996 12
1230.0 142.34799999999996 16 1230.0 0.0 0 -39 48.17199999999999 41.757 0
1740.0 215.40499999999997 17 1740.0 0.0 0 -52 71.53799999999998 83.98799999999999 0
1740.0 197.55900000000003 17 1740.0 0.0 0 -46 74.17100000000002 69.06599999999999 0
1620.0 208.27499999999998 18 1620.0 -45.0 6 -51 88.84200000000001 53.60599999999998 9
2220.0 224.89099999999996 20 2220.0 0.0 0 -61 69.95 85.36799999999998 0
2040.0 268.96 18 2040.0 0.0 0 -81 78.23899999999998 78.15699999999998 0
2790.0 257.56 20 2790.0 -30.0 10 -56 91.16799999999998 111.35699999999999 2
1860.0 249.15799999999996 21 1860.0 0.0 0 -52 95.42999999999999 94.632 0
1950.0 226.17100000000002 17 1950.0 0.0 0 -52 81.67799999999998 80.36300000000001 0
1170.0 126.53099999999999 16 1170.0 0.0 0 -35 43.05199999999999 41.202999999999996 0
1770.0 254.824 17 1770.0 0.0 0 -60 95.17599999999999 76.426 0
1770.0 223.87100000000004 20 1770.0 -105.0 35 -61 78.68499999999997 59.93499999999999 7
1770.0 195.54499999999993 13 1770.0 0.0 0 -61 61.13599999999997 59.21499999999999 0
1500.0 267.34700000000004 22 1500.0 0.0 0 -70 97.78899999999997 65.70399999999998 0
1080.0 172.17800000000003 18 1080.0 0.0 0 -47 61.08499999999999 43.93299999999999 0
1530.0 235.47099999999998 20 1530.0 0.0 0 -62 99.18299999999999 51.048999999999985 0
2010.0 198.19 13 2070.0 -60.0 5 -44 73.32600000000002 82.12699999999998 12
1740.0 212.149 23 1740.0 0.0 0 -59 85.262 58.128999999999984 0
3030.0 272.852 17 3030.0 0.0 0 -66 103.29600000000005 111.99999999999999 0
1650.0 202.58999999999992 20 1650.0 0.0 0 -50 73.72099999999999 65.02999999999999 0
1680.0 193.518 22 1680.0 0.0 0 -49 69.263 66.61599999999999 0
1740.0 251.11299999999994 18 1740.0 0.0 0 -52 131.182 59.12299999999998 0
2070.0 223.214 19 2070.0 0.0 0 -61 75.05 67.91400000000002 0
1620.0 174.24399999999994 18 1620.0 0.0 0 -50 59.85299999999999 53.038999999999994 0
1860.0 219.22899999999996 21 1860.0 0.0 0 -52 80.49899999999998 72.33099999999997 0
1590.0 204.28499999999997 15 1590.0 0.0 0 -44 82.723 72.76500000000001 0
2700.0 273.675 16 2700.0 0.0 0 -67 84.42099999999999 114.50799999999995 0
1380.0 180.42199999999994 17 1380.0 0.0 0 -49 67.22099999999999 53.29999999999998 0
2280.0 262.42599999999993 19 2280.0 0.0 0 -67 100.91799999999999 78.89499999999998 0
1580.0 220.61799999999997 25 1620.0 -40.0 5 -50 83.09799999999998 70.60799999999998 8
2040.0 276.6339999999999 15 2040.0 0.0 0 -68 95.33399999999996 83.178 0
1290.0 178.93199999999996 17 1290.0 -55.0 4 -38 74.93899999999998 55.56100000000001 11
1495.0 202.60699999999997 21 1560.0 -65.0 5 -48 79.50099999999999 68.11399999999999 13
1170.0 173.18199999999996 19 1170.0 0.0 0 -44 64.695 49.482 0
1830.0 270.5 24 1830.0 0.0 0 -72 95.018 69.83099999999999 0
1500.0 225.46300000000002 14 1500.0 0.0 0 -55 87.00900000000001 65.08300000000001 0
1710.0 201.442 19 1710.0 0.0 0 -51 85.61499999999997 55.934 0
1950.0 267.64300000000003 20 1950.0 0.0 0 -64 101.75999999999999 77.524 0
1920.0 237.85399999999996 22 1920.0 0.0 0 -57 91.43200000000002 77.18799999999997 0
1770.0 262.13400000000007 20 1770.0 0.0 0 -64 97.43700000000001 78.244 0
1770.0 217.85199999999998 20 1770.0 -60.0 5 -48 84.41699999999999 71.048 12
1620.0 219.05900000000003 17 1620.0 0.0 0 -54 82.85599999999998 70.12800000000003 0
1800.0 255.50599999999994 21 1800.0 0.0 0 -73 84.02 71.26199999999997 0
1860.0 223.145 21 1860.0 0.0 0 -59 67.99099999999999 79.62999999999998 0
2045.0 270.70899999999995 17 2130.0 -85.0 7 -63 117.03 78.077 17
1410.0 202.58099999999993 18 1410.0 0.0 0 -53 68.639 58.91499999999999 0
1320.0 198.17699999999996 13 1320.0 0.0 0 -49 79.289 54.324 0
1950.0 227.95000000000005 22 1950.0 0.0 0 -62 86.77899999999998 68.61799999999997 0
1285.0 175.27299999999994 12 1350.0 -65.0 4 -51 42.41599999999999 62.888 13
1890.0 180.707 22 1890.0 0.0 0 -52 54.881999999999984 62.508999999999986 0
1755.0 221.63199999999998 18 1890.0 -135.0 19 -59 75.16899999999998 72.443 27
1740.0 228.39099999999996 18 1740.0 0.0 0 -51 87.59 76.77899999999997 0
1830.0 291.8319999999998 20 1830.0 0.0 0 -66 125.33799999999995 73.618 0
1890.0 208.717 18 1890.0 0.0 0 -58 67.62699999999998 64.31299999999997 0
1590.0 181.80499999999998 20 1590.0 0.0 0 -53 63.94999999999999 51.471999999999994 0
1410.0 200.33700000000002 20 1410.0 0.0 0 -55 72.808 53.591 0
2850.0 279.29299999999995 19 2850.0 0.0 0 -67 94.60900000000001 110.71999999999998 0
2160.0 249.56599999999995 16 2160.0 0.0 0 -58 106.20400000000001 76.31299999999999 0
2010.0 267.278 21 2010.0 0.0 0 -55 111.49500000000002 89.14899999999999 0
780.0 136.98199999999997 13 780.0 0.0 0 -32 53.01999999999999 34.367000000000004 0
1500.0 218.29999999999995 19 1500.0 0.0 0 -48 78.19499999999998 71.51299999999998 0
1860.0 225.60199999999998 21 1860.0 0.0 0 -54 88.95399999999998 74.01599999999998 0
1920.0 247.151 19 1920.0 0.0 0 -61 92.68699999999998 72.55499999999996 0
2460.0 279.73799999999994 21 2460.0 0.0 0 -60 108.73500000000003 108.69299999999997 0
1650.0 222.45699999999997 17 1650.0 0.0 0 -56 79.05199999999999 64.37299999999998 0
2160.0 214.41700000000003 18 2160.0 0.0 0 -43 98.14399999999999 78.53799999999998 0
2400.0 277.671 17 2400.0 0.0 0 -69 87.49100000000003 109.13099999999996 0
1980.0 237.46800000000002 20 1980.0 0.0 0 -64 75.16699999999997 74.69099999999996 0
1270.0 181.13600000000002 21 1320.0 -50.0 4 -37 64.91199999999998 68.32899999999998 10
1950.0 228.74400000000003 20 1950.0 -65.0 5 -55 84.57599999999998 67.93799999999999 13
2310.0 261.46200000000005 25 2310.0 0.0 0 -67 98.08200000000001 88.04999999999997 0
2010.0 204.8839999999999 14 2010.0 0.0 0 -56 57.44699999999998 85.80899999999997 0
1880.0 186.335 21 1920.0 -40.0 5 -47 58.81499999999999 70.401 8
1890.0 234.41299999999995 18 1890.0 0.0 0 -52 95.36199999999997 70.10499999999999 0
1675.0 225.96200000000002 18 1710.0 -35.0 4 -69 65.99199999999999 60.64499999999999 7
2430.0 310.5259999999999 20 2430.0 0.0 0 -78 123.642 91.81200000000001 0
960.0 190.72400000000002 15 960.0 0.0 0 -41 74.477 54.07399999999998 0
2010.0 223.844 19 2010.0 0.0 0 -59 73.368 75.85499999999998 0
1500.0 189.40799999999996 19 1500.0 0.0 0 -46 73.259 57.957 0
1200.0 168.9539999999999 16 1200.0 0.0 0 -46 56.02999999999999 44.79499999999999 0
1380.0 191.80599999999995 20 1380.0 0.0 0 -63 56.964999999999975 51.06299999999999 0
1710.0 162.771 11 1710.0 0.0 0 -44 47.30799999999998 60.374999999999986 0
2790.0 308.41999999999996 21 2790.0 0.0 0 -79 94.45899999999997 119.442 0
1170.0 205.40600000000003 18 1170.0 -90.0 12 -55 74.125 47.85199999999999 18
2070.0 256.8350000000001 17 2070.0 0.0 0 -60 99.62500000000003 85.84699999999998 0
1250.0 195.67299999999997 20 1350.0 -100.0 8 -50 61.74299999999999 63.084999999999994 20
2430.0 301.124 23 2430.0 0.0 0 -67 105.89899999999997 108.56299999999997 0
1830.0 225.2009999999999 17 1830.0 0.0 0 -42 95.04799999999997 82.317 0
2370.0 259.624 27 2370.0 0.0 0 -56 108.78100000000002 94.55099999999999 0
1520.0 210.387 20 1560.0 -40.0 5 -46 83.821 62.850999999999985 8
2970.0 263.767 14 2970.0 -30.0 10 -67 91.16399999999997 96.91199999999999 2
2910.0 338.49300000000005 25 2910.0 0.0 0 -84 128.93400000000003 98.523 0
1800.0 281.854 23 1800.0 0.0 0 -70 122.86399999999999 65.87899999999999 0
2120.0 225.32199999999997 21 2160.0 -40.0 5 -50 82.87799999999999 86.55699999999997 8
2190.0 247.888 20 2190.0 0.0 0 -59 99.17 80.46699999999998 0
1620.0 227.61600000000004 23 1620.0 -75.0 25 -74 71.14399999999996 51.73799999999999 5
2100.0 234.152 22 2100.0 0.0 0 -60 82.92299999999999 76.99599999999998 0
1710.0 224.29699999999997 14 1710.0 0.0 0 -49 85.29600000000003 74.25299999999997 0
2250.0 277.6180000000001 19 2250.0 0.0 0 -63 94.53400000000002 98.89899999999997 0
1770.0 260.6200000000001 22 1770.0 0.0 0 -71 83.34999999999997 68.981 0
2400.0 265.93600000000004 21 2400.0 0.0 0 -68 100.99399999999999 83.45099999999998 0
2520.0 274.24499999999995 21 2520.0 0.0 0 -73 96.12700000000001 87.30999999999999 0
1830.0 185.33199999999994 16 1830.0 0.0 0 -54 48.38899999999998 63.21800000000003 0
2130.0 292.193 22 2130.0 0.0 0 -78 99.62199999999999 88.44899999999998 0
1740.0 228.26099999999997 21 1740.0 0.0 0 -52 92.249 70.16899999999998 0
2610.0 324.65 23 2610.0 0.0 0 -74 139.91899999999998 94.11599999999996 0
2400.0 243.73100000000002 21 2400.0 0.0 0 -67 93.88499999999999 76.05799999999996 0
2370.0 292.1050000000003 20 2370.0 0.0 0 -71 107.959 104.60499999999998 0
1575.0 184.01299999999995 15 1770.0 -195.0 16 -48 52.50599999999999 69.746 39
2520.0 277.305 17 2520.0 0.0 0 -76 79.38399999999997 100.67599999999999 0
1740.0 221.36399999999998 16 1740.0 0.0 0 -58 83.053 68.594 0
1590.0 232.652 20 1590.0 0.0 0 -62 91.63900000000002 58.06400000000001 0
2430.0 267.377 19 2430.0 0.0 0 -75 77.33099999999997 91.24600000000001 0
2160.0 215.64299999999997 15 2160.0 0.0 0 -62 70.41099999999999 72.486 0
1170.0 168.548 17 1170.0 0.0 0 -46 58.06999999999998 49.456999999999994 0
1110.0 154.62899999999993 15 1110.0 0.0 0 -35 58.359 57.37999999999999 0
2860.0 283.61699999999996 18 3060.0 -220.0 36 -65 100.21200000000003 113.214 22
1260.0 205.99099999999999 16 1260.0 0.0 0 -48 72.556 60.296 0
1740.0 199.22800000000004 17 1740.0 0.0 0 -47 70.94200000000001 69.67399999999999 0
2220.0 274.47399999999993 17 2220.0 0.0 0 -61 110.20700000000004 89.16400000000002 0
1560.0 190.87599999999998 20 1560.0 -15.0 5 -55 73.38399999999999 45.044 1
2160.0 230.14100000000002 16 2160.0 0.0 0 -58 90.59500000000001 66.06 0
1860.0 182.04399999999995 17 1860.0 0.0 0 -56 58.36999999999999 52.885 0
1470.0 175.878 18 1470.0 0.0 0 -51 62.680999999999976 56.475999999999985 0
1350.0 184.62199999999993 21 1350.0 -75.0 5 -50 66.23599999999999 45.46900000000001 15
1710.0 197.307 15 1710.0 0.0 0 -43 76.18499999999997 72.64199999999998 0
1200.0 156.94899999999996 18 1200.0 0.0 0 -40 51.959 51.236 0
1620.0 242.15699999999998 22 1620.0 0.0 0 -56 90.58499999999998 78.82099999999998 0
1765.0 193.883 17 1890.0 -180.0 14 -48 74.346 50.275999999999996 36
1410.0 195.66199999999998 21 1410.0 0.0 0 -47 75.49299999999998 57.926000000000016 0
-355.0 996.4960000000003 7 1860.0 -2215.0 42 -36 57.60700000000001 60.76999999999998 443
1770.0 209.61700000000002 15 1770.0 0.0 0 -47 78.39099999999998 82.158 0
1710.0 213.08499999999998 18 1710.0 0.0 0 -48 84.56899999999997 58.112000000000016 0
1110.0 151.552 13 1110.0 -60.0 5 -42 53.78699999999999 44.139999999999986 12
1380.0 176.681 15 1380.0 0.0 0 -50 54.11099999999999 53.39999999999999 0
2310.0 264.67199999999997 22 2310.0 0.0 0 -61 105.54000000000002 88.44599999999998 0
1950.0 243.20700000000005 21 1950.0 0.0 0 -58 92.56799999999998 80.45799999999998 0
2100.0 240.39700000000013 16 2100.0 0.0 0 -51 96.98600000000005 91.14899999999997 0
1140.0 154.87999999999997 13 1140.0 0.0 0 -40 57.68600000000001 42.719 0
1770.0 235.17 21 1770.0 0.0 0 -60 82.937 73.32899999999998 0
1470.0 207.907 15 1470.0 0.0 0 -55 71.10300000000001 59.447999999999986 0
2070.0 307.7729999999999 25 2070.0 0.0 0 -75 122.16999999999996 80.727 0
1290.0 191.806 17 1290.0 0.0 0 -55 68.20299999999999 42.684999999999995 0
1830.0 233.899 20 1830.0 0.0 0 -55 90.64299999999999 76.01399999999998 0
2640.0 270.40600000000006 17 2640.0 0.0 0 -60 97.587 113.95899999999996 0
1530.0 212.19099999999997 20 1530.0 0.0 0 -52 71.93299999999998 64.02699999999999 0
2400.0 283.5809999999999 24 2400.0 0.0 0 -67 112.454 97.015 0
1680.0 231.782 19 1680.0 0.0 0 -63 80.34499999999997 66.27499999999999 0
1770.0 210.20100000000002 17 1770.0 0.0 0 -60 66.709 66.55499999999996 0
2100.0 229.472 19 2100.0 0.0 0 -58 81.26099999999998 77.609 0
2670.0 309.6210000000001 18 2670.0 0.0 0 -68 122.695 106.45399999999998 0
1950.0 221.859 24 1950.0 0.0 0 -64 75.64999999999996 68.46099999999998 0
1680.0 243.33999999999997 20 1680.0 0.0 0 -68 80.67999999999996 65.76199999999999 0
1260.0 158.838 16 1260.0 0.0 0 -43 55.764999999999986 47.97599999999999 0
1830.0 217.80600000000007 22 1830.0 0.0 0 -52 74.47299999999998 82.31699999999998 0
1350.0 224.70399999999992 18 1350.0 0.0 0 -60 71.44299999999998 46.801999999999985 0
1770.0 210.00199999999998 19 1770.0 -60.0 5 -44 84.29399999999998 73.98199999999996 12
1650.0 204.5299999999999 16 1650.0 0.0 0 -55 76.55799999999999 60.91799999999999 0
2250.0 245.89199999999997 20 2250.0 0.0 0 -70 80.52399999999996 80.37199999999999 0
1980.0 255.82999999999998 21 1980.0 0.0 0 -56 107.39300000000003 84.45999999999997 0
1590.0 183.03300000000002 17 1590.0 0.0 0 -41 73.123 62.29900000000001 0
1560.0 224.61399999999995 21 1560.0 0.0 0 -63 78.08699999999997 62.820999999999984 0
1530.0 204.56600000000006 21 1530.0 0.0 0 -56 65.73599999999996 58.08199999999998 0
1950.0 235.61799999999994 23 1950.0 0.0 0 -53 88.506 81.884 0
2490.0 252.651 23 2490.0 0.0 0 -66 95.87100000000002 84.838 0
2280.0 249.541 18 2280.0 0.0 0 -60 107.62899999999999 83.11699999999998 0
1860.0 222.035 20 1860.0 0.0 0 -48 90.01400000000002 74.36699999999999 0
2760.0 284.4289999999999 19 2760.0 0.0 0 -67 111.61099999999999 101.38399999999997 0
2040.0 233.87700000000007 23 2040.0 0.0 0 -50 87.15400000000001 88.97399999999996 0
2130.0 291.80400000000003 24 2130.0 0.0 0 -69 107.66100000000002 92.459 0
2760.0 293.915 23 2760.0 0.0 0 -71 104.88600000000001 102.905 0
1740.0 228.70999999999995 17 1740.0 0.0 0 -54 86.03299999999999 71.37299999999999 0
