4780.0 594.1129999999999 22 5550.0 -770.0 125 -107 223.00900000000001 226.19699999999997 77
3710.0 458.2250000000001 24 4230.0 -540.0 110 -70 205.449 179.41099999999997 54
3810.0 384.4239999999999 19 4230.0 -420.0 86 -66 156.27099999999996 170.05299999999997 42
3680.0 571.8340000000001 17 4410.0 -730.0 125 -95 216.94600000000003 207.37999999999997 73
3840.0 419.8839999999999 14 4500.0 -740.0 152 -79 146.69999999999996 165.60299999999995 74
4390.0 600.465 19 5340.0 -990.0 134 -75 246.151 214.03999999999996 99
4110.0 548.9679999999998 22 4620.0 -510.0 91 -93 222.4459999999999 188.707 51
3260.0 429.4099999999999 17 3660.0 -445.0 89 -87 137.513 161.38299999999995 43
4660.0 517.0690000000001 23 5220.0 -560.0 96 -85 222.347 226.947 56
4650.0 527.7790000000001 19 5100.0 -630.0 130 -95 189.728 217.18399999999997 63
4200.0 526.5119999999998 17 4680.0 -480.0 98 -84 172.917 201.76399999999995 48
3150.0 441.1040000000001 17 3750.0 -640.0 106 -68 182.974 172.44400000000002 64
4570.0 514.1549999999999 21 5070.0 -500.0 103 -94 229.57099999999997 193.75399999999993 50
5520.0 632.3460000000001 17 6270.0 -750.0 128 -108 265.436 257.407 75
4100.0 560.5709999999997 19 5280.0 -1230.0 114 -84 193.74099999999996 227.92599999999993 123
5340.0 566.2369999999999 19 5970.0 -650.0 125 -88 248.943 255.093 65
3720.0 518.2509999999999 18 4200.0 -480.0 91 -84 201.16299999999995 206.52499999999995 48
2040.0 446.59700000000004 16 3000.0 -1000.0 107 -72 136.438 129.158 100
5140.0 553.026 17 5580.0 -440.0 90 -99 200.633 219.85299999999995 44
3400.0 462.55799999999994 19 3840.0 -440.0 85 -84 173.063 168.243 44
4580.0 588.7060000000002 20 5250.0 -690.0 141 -95 216.647 210.98099999999994 69
4530.0 628.1240000000001 18 5280.0 -810.0 122 -100 265.1309999999999 232.53799999999995 65
2530.0 444.9569999999999 13 3240.0 -710.0 145 -76 111.01599999999998 143.455 71
5120.0 590.0609999999997 25 5640.0 -700.0 132 -106 230.89600000000002 244.53500000000003 64
4490.0 625.3709999999999 18 5010.0 -560.0 115 -91 292.55 235.606 56
3520.0 468.91299999999984 16 3990.0 -470.0 96 -72 214.073 159.20200000000003 47
1880.0 1047.0140000000001 17 2940.0 -1150.0 132 -83 191.01599999999996 137.53399999999996 109
4440.0 453.773 15 5250.0 -850.0 123 -83 170.65299999999996 209.837 85
3130.0 335.489 16 3510.0 -460.0 94 -63 130.81499999999994 148.589 46
5180.0 605.2489999999999 19 5700.0 -520.0 100 -110 219.02200000000005 252.886 52
3240.0 396.4879999999999 18 3630.0 -390.0 80 -54 190.98800000000003 157.869 39
2780.0 414.3079999999998 15 3270.0 -490.0 87 -76 150.38499999999993 152.09599999999998 46
3510.0 580.01 16 4500.0 -1020.0 136 -85 175.60499999999996 191.72199999999995 102
2210.0 360.89500000000004 13 2640.0 -430.0 85 -67 162.656 91.69900000000001 43
3530.0 527.259 17 4350.0 -820.0 157 -90 143.272 203.927 82
4060.0 556.019 22 4770.0 -720.0 126 -84 248.04099999999997 221.56300000000002 56
4220.0 462.32700000000006 17 4830.0 -670.0 103 -82 187.89600000000002 192.59999999999997 67
3730.0 490.39099999999996 19 4320.0 -640.0 104 -67 229.86899999999994 198.91699999999997 64
3520.0 484.525 13 4050.0 -530.0 96 -72 169.978 165.78299999999996 53
3230.0 397.9629999999998 19 3870.0 -655.0 126 -73 149.207 165.26999999999995 58
5620.0 581.0639999999999 19 6150.0 -610.0 106 -98 232.45100000000002 259.37899999999996 61
3510.0 450.2869999999999 21 3990.0 -620.0 109 -61 222.3849999999999 181.4269999999999 46
2940.0 443.15599999999995 19 3420.0 -480.0 85 -73 183.41499999999996 146.879 48
4360.0 603.5260000000001 18 4860.0 -500.0 91 -99 239.42300000000003 215.723 50
4960.0 588.413 17 5760.0 -920.0 139 -94 251.92199999999997 229.874 92
4680.0 536.612 19 5100.0 -420.0 86 -89 203.89599999999993 233.94499999999994 42
3810.0 433.5200000000001 17 4230.0 -480.0 91 -70 184.66399999999996 182.09099999999995 48
4730.0 546.4329999999999 17 5220.0 -640.0 131 -92 239.91499999999988 205.727 64
3970.0 498.4399999999998 20 4410.0 -440.0 90 -77 227.113 197.0819999999999 44
2975.0 415.6639999999999 12 3480.0 -505.0 89 -68 177.81199999999998 147.31599999999997 41
4670.0 609.5999999999999 22 5220.0 -710.0 108 -92 265.3759999999999 202.302 71
2335.0 342.263 13 2820.0 -485.0 94 -66 120.85600000000001 130.59599999999995 48
5965.0 644.2870000000004 22 6600.0 -705.0 120 -111 271.912 279.80699999999996 66
3220.0 452.99699999999996 19 3870.0 -670.0 132 -73 177.00799999999998 164.655 67
4080.0 530.829 19 4590.0 -510.0 84 -95 215.08100000000002 192.03699999999995 34
5910.0 645.1969999999998 18 6450.0 -540.0 109 -118 237.52699999999996 268.57300000000004 52
3930.0 536.4619999999996 16 4350.0 -420.0 83 -94 202.23999999999992 193.77 42
4070.0 555.3460000000001 19 4740.0 -710.0 113 -86 247.74999999999997 209.63399999999993 55
4700.0 493.60699999999986 18 5100.0 -400.0 83 -96 170.164 199.50399999999996 40
2690.0 425.56799999999987 15 3330.0 -650.0 123 -76 143.67499999999995 147.66699999999994 65
3635.0 459.617 16 4050.0 -625.0 104 -76 199.05499999999995 177.39199999999997 62
4540.0 664.4040000000002 22 5280.0 -780.0 130 -101 268.52399999999994 229.006 78
3060.0 426.98099999999977 15 3510.0 -450.0 86 -66 160.0099999999999 133.05599999999998 45
3900.0 1162.6250000000002 16 4620.0 -720.0 112 -90 222.164 205.39499999999995 72
4890.0 628.3970000000002 20 5550.0 -660.0 114 -102 235.52199999999993 210.123 72
4620.0 567.5339999999999 18 5130.0 -510.0 88 -100 220.35 222.088 51
6400.0 644.4939999999998 17 6930.0 -530.0 108 -121 270.0919999999999 271.29799999999994 53
4770.0 568.5719999999999 16 5190.0 -420.0 86 -84 261.61199999999997 225.90299999999996 42
3980.0 487.3860000000001 19 4350.0 -370.0 77 -87 200.76199999999997 193.01399999999998 37
5250.0 570.4609999999998 25 5670.0 -645.0 120 -86 255.24799999999996 258.4969999999999 57
4160.0 583.1170000000001 19 4620.0 -460.0 95 -96 242.53600000000003 205.01600000000002 46
3980.0 496.89699999999993 18 4470.0 -490.0 95 -87 206.36899999999994 194.98499999999996 49
3400.0 380.054 15 3930.0 -530.0 95 -68 145.02499999999998 147.49499999999998 53
4890.0 613.2059999999999 17 5340.0 -490.0 100 -111 230.29699999999997 239.721 49
5885.0 632.0140000000004 18 6480.0 -615.0 121 -97 260.34400000000005 278.665 60
4990.0 683.661 21 5670.0 -680.0 111 -120 253.04399999999995 252.112 52
4460.0 566.6980000000002 22 5040.0 -660.0 106 -105 206.17299999999997 233.612 66
4380.0 632.326 20 5430.0 -1050.0 135 -99 202.91099999999994 242.68599999999998 88
3250.0 449.38899999999995 14 3660.0 -410.0 84 -69 194.35199999999998 153.56500000000003 41
3610.0 522.0479999999999 17 4140.0 -950.0 127 -86 211.998 189.599 95
4170.0 446.7899999999999 21 4620.0 -450.0 85 -65 225.47799999999998 193.168 45
4870.0 602.527 17 5370.0 -500.0 107 -95 224.8139999999999 229.9449999999999 49
4590.0 607.399 22 5130.0 -540.0 100 -100 258.874 228.00799999999998 54
2050.0 401.821 15 2640.0 -590.0 98 -59 159.629 122.69599999999998 59
2210.0 419.1819999999999 13 2610.0 -400.0 83 -79 168.509 128.47699999999995 40
3450.0 375.57000000000005 15 3840.0 -390.0 80 -70 153.174 160.503 39
3930.0 513.7059999999999 20 4530.0 -600.0 114 -81 219.34100000000004 201.56499999999994 60
4865.0 689.7060000000001 21 5850.0 -985.0 172 -107 271.3809999999999 260.603 89
4700.0 530.1639999999999 21 5370.0 -680.0 140 -96 214.95099999999994 196.22999999999996 68
3290.0 524.7059999999999 15 4260.0 -1150.0 104 -99 166.641 202.50499999999994 115
2810.0 501.65900000000005 17 3870.0 -1060.0 95 -81 190.82299999999998 182.499 106
5330.0 574.266 18 5790.0 -460.0 94 -102 238.14800000000002 234.72999999999993 46
5160.0 552.909 20 5670.0 -510.0 104 -98 219.653 239.79899999999995 51
3875.0 536.5659999999998 21 4350.0 -535.0 103 -79 223.95499999999998 208.14699999999993 52
3550.0 504.9209999999999 18 4020.0 -490.0 100 -64 238.96499999999997 185.24 49
3990.0 582.6160000000001 17 4530.0 -540.0 98 -92 234.22699999999998 199.65699999999995 54
4030.0 462.4969999999999 18 4620.0 -630.0 124 -91 166.47100000000003 174.31999999999994 61
3520.0 532.395 17 4170.0 -700.0 115 -83 206.21099999999996 202.74199999999996 70
4070.0 568.1399999999999 21 4770.0 -700.0 87 -97 229.21699999999996 206.8400000000001 70
4130.0 1408.5869999999993 17 5310.0 -1180.0 136 -104 193.539 166.25799999999998 120
3920.0 537.9449999999998 21 4470.0 -550.0 92 -84 229.75599999999991 196.89899999999997 38
3870.0 497.7689999999999 21 4680.0 -820.0 140 -84 209.894 198.85899999999998 82
2830.0 359.138 15 3240.0 -410.0 83 -61 140.96999999999997 142.51599999999996 41
4790.0 531.8489999999999 22 5280.0 -490.0 89 -86 217.47699999999998 212.001 49
4210.0 537.532 20 4620.0 -410.0 84 -93 226.429 180.87599999999998 41
2850.0 439.98299999999995 20 3390.0 -600.0 90 -71 194.67799999999994 141.951 60
1890.0 357.329 12 2460.0 -670.0 103 -71 110.91900000000001 109.74800000000002 67
5650.0 560.0759999999999 22 6120.0 -470.0 90 -108 218.86999999999998 230.784 47
4215.0 489.256 17 4830.0 -635.0 109 -85 200.84400000000002 207.002 46
5260.0 556.819 23 5670.0 -410.0 84 -96 240.62500000000003 232.887 41
3960.0 387.4809999999999 19 4530.0 -590.0 112 -75 157.969 169.762 59
3120.0 381.19299999999987 17 3510.0 -390.0 79 -69 170.42 149.38099999999997 39
4920.0 497.803 18 5400.0 -620.0 110 -90 188.82899999999998 215.30199999999996 62
4060.0 539.2549999999999 17 4650.0 -590.0 103 -91 237.43599999999998 182.08099999999996 59
4200.0 523.1200000000001 18 4620.0 -420.0 83 -82 222.782 197.32600000000002 42
3890.0 576.1659999999999 20 4470.0 -580.0 104 -104 218.44199999999998 186.11999999999995 57
5220.0 545.973 22 5670.0 -450.0 88 -94 230.475 223.421 45
3550.0 443.959 19 3990.0 -440.0 90 -76 181.43599999999992 168.466 44
3930.0 481.90799999999996 21 4590.0 -660.0 104 -78 210.67700000000002 207.713 66
3320.0 369.56300000000005 15 3720.0 -400.0 82 -70 158.034 138.40799999999996 40
4160.0 515.211 16 4770.0 -610.0 91 -87 190.418 221.40899999999993 45
4130.0 501.73099999999994 16 4530.0 -400.0 83 -93 209.814 187.888 40
4725.0 543.3689999999999 21 5190.0 -465.0 94 -92 216.04299999999995 200.249 46
2530.0 503.354 15 3360.0 -890.0 128 -80 163.882 152.93 89
4080.0 433.1459999999999 18 4590.0 -510.0 84 -80 171.54299999999992 170.951 34
2560.0 384.441 13 3180.0 -620.0 117 -69 133.761 141.466 76
3630.0 447.71499999999986 14 4050.0 -420.0 86 -82 157.65399999999997 179.78900000000002 42
3395.0 481.4130000000001 17 3990.0 -615.0 101 -82 192.88199999999998 169.29199999999994 45
2740.0 468.7959999999998 17 3180.0 -440.0 90 -86 179.176 144.43299999999996 44
5100.0 607.6689999999999 20 5580.0 -480.0 99 -111 222.94799999999995 220.7249999999999 48
3780.0 459.9129999999998 22 4350.0 -580.0 119 -61 221.21300000000005 198.86299999999997 58
3890.0 477.68399999999997 15 4290.0 -400.0 82 -85 165.17599999999996 190.94299999999993 40
1750.0 340.289 15 2610.0 -910.0 131 -53 133.76799999999997 108.953 96
3370.0 447.75 13 3780.0 -410.0 84 -77 183.51099999999997 150.68699999999995 41
4590.0 556.8929999999998 19 4950.0 -360.0 75 -84 262.691 220.53699999999995 36
4275.0 432.5559999999999 20 4770.0 -495.0 82 -74 192.328 176.54399999999995 33
4230.0 482.30899999999986 19 4680.0 -530.0 99 -89 165.88299999999998 177.837 53
4610.0 553.8550000000001 20 5070.0 -700.0 117 -93 237.27599999999993 223.89399999999995 70
5440.0 645.112 19 5970.0 -530.0 108 -104 259.47700000000003 230.59599999999998 53
3740.0 572.481 14 4440.0 -800.0 161 -87 164.46800000000002 197.63899999999995 80
3590.0 499.72599999999983 14 4290.0 -750.0 111 -80 206.62199999999996 200.42599999999996 75
4780.0 606.786 22 5370.0 -590.0 101 -112 217.81099999999995 233.24999999999994 59
3070.0 435.6749999999999 16 3660.0 -590.0 100 -66 171.229 164.61999999999998 59
3665.0 548.977 15 4500.0 -835.0 121 -88 237.78799999999993 201.82799999999992 67
5160.0 642.8039999999997 23 5640.0 -480.0 99 -115 264.5489999999999 252.13899999999998 48
3920.0 519.767 17 4350.0 -430.0 88 -86 199.08099999999996 182.15999999999994 43
3780.0 449.4089999999999 20 4230.0 -490.0 100 -74 202.93899999999994 176.281 49
4275.0 514.9390000000001 18 4710.0 -435.0 87 -96 201.35500000000002 200.54499999999996 41
3060.0 308.2720000000001 11 3540.0 -480.0 86 -61 118.43699999999998 123.03699999999999 48
3185.0 450.7439999999999 21 3900.0 -805.0 122 -71 199.64899999999997 170.15299999999996 80
3340.0 453.1159999999998 16 3810.0 -470.0 96 -84 165.99299999999997 165.075 47
4160.0 586.265 15 5010.0 -930.0 175 -102 210.81699999999992 204.458 93
4160.0 1142.2009999999996 17 5010.0 -850.0 120 -92 284.405 209.05699999999993 85
3960.0 631.7560000000003 17 4650.0 -690.0 114 -97 254.27599999999993 202.39199999999997 59
5010.0 634.1589999999998 19 5610.0 -780.0 139 -103 245.664 236.57699999999994 78
4820.0 642.0649999999998 20 5250.0 -430.0 87 -108 265.682 249.69399999999996 42
3240.0 442.268 13 3780.0 -540.0 84 -74 189.43500000000003 160.529 53
3230.0 501.424 16 3900.0 -670.0 111 -93 174.51599999999996 183.569 67
4780.0 560.8700000000001 16 5370.0 -610.0 113 -92 203.04099999999997 237.49400000000003 55
3220.0 427.13499999999993 14 3630.0 -410.0 84 -72 169.12299999999993 167.679 41
3220.0 400.9429999999998 14 3840.0 -720.0 102 -67 154.65799999999996 169.20099999999996 56
3110.0 355.70799999999997 19 3510.0 -400.0 83 -65 149.08399999999997 141.499 40
4150.0 498.098 23 4560.0 -440.0 87 -89 181.5 212.494 44
4595.0 573.2869999999998 22 5040.0 -625.0 127 -95 256.984 208.86500000000007 61
3920.0 609.265 16 4410.0 -580.0 119 -109 215.328 199.79599999999994 58
3690.0 494.71099999999996 18 4170.0 -690.0 117 -88 170.417 173.07699999999997 69
2850.0 468.53200000000004 12 3810.0 -960.0 95 -83 153.473 169.69799999999995 96
3130.0 437.24999999999994 17 3750.0 -620.0 103 -75 147.367 152.79299999999998 62
5570.0 649.2989999999998 19 6120.0 -550.0 90 -103 264.756 273.1409999999999 38
5535.0 699.7280000000001 21 6060.0 -660.0 167 -101 284.66999999999996 268.31499999999994 59
3830.0 475.9550000000001 16 4260.0 -430.0 88 -77 191.76299999999998 194.576 43
2070.0 351.58899999999994 15 2970.0 -1100.0 100 -57 133.24399999999997 148.81999999999994 110
3670.0 482.1689999999999 16 4110.0 -440.0 86 -84 202.82799999999997 178.70899999999995 44
3890.0 472.38399999999996 17 4380.0 -490.0 93 -77 206.38799999999998 166.79399999999995 49
3980.0 472.6629999999999 17 4560.0 -640.0 101 -75 184.632 207.45199999999994 64
4590.0 554.5989999999999 19 5160.0 -570.0 93 -89 212.46099999999998 229.03199999999998 40
4265.0 659.1580000000001 17 5070.0 -835.0 146 -115 229.22599999999997 234.72099999999995 75
3840.0 513.1209999999999 15 4290.0 -450.0 92 -88 191.63999999999993 174.902 45
5240.0 584.315 23 5880.0 -640.0 93 -94 231.68699999999998 261.782 48
3050.0 496.971 17 3780.0 -730.0 150 -78 170.38699999999994 168.183 73
2810.0 416.75499999999994 15 3420.0 -610.0 107 -64 154.28499999999997 144.504 61
3100.0 402.829 18 3510.0 -410.0 81 -77 157.83999999999997 147.31099999999998 41
5440.0 681.0139999999999 22 5880.0 -440.0 91 -100 309.89399999999995 275.856 44
5680.0 558.0110000000001 22 6120.0 -440.0 89 -104 220.58599999999998 252.64299999999997 44
2170.0 421.854 15 3120.0 -950.0 95 -72 150.25699999999998 147.171 95
4845.0 627.5230000000001 20 5610.0 -765.0 115 -122 214.14199999999994 244.8259999999999 60
3450.0 458.179 17 3810.0 -360.0 75 -76 196.16499999999994 173.45499999999996 36
2330.0 460.162 11 3090.0 -760.0 141 -69 169.65 139.05600000000004 76
4550.0 577.3470000000001 22 5100.0 -550.0 97 -96 252.68200000000002 216.656 53
4310.0 552.798 17 5070.0 -920.0 150 -90 165.218 232.737 92
4030.0 532.368 22 4710.0 -680.0 112 -96 205.08099999999996 214.14100000000002 68
4110.0 481.05099999999993 19 4800.0 -750.0 114 -85 178.62599999999995 188.28399999999996 75
2360.0 340.50999999999993 15 2700.0 -340.0 65 -57 144.72399999999996 122.71699999999998 34
4080.0 480.8869999999999 21 4560.0 -540.0 92 -71 216.836 204.161 38
2500.0 456.0329999999999 17 3060.0 -560.0 87 -79 191.53099999999995 140.54899999999995 40
3550.0 463.2499999999999 18 3960.0 -410.0 84 -81 166.08200000000002 175.91499999999994 41
5090.0 622.5670000000001 22 5640.0 -590.0 121 -91 286.7659999999999 244.76700000000002 59
2720.0 429.5149999999998 12 3420.0 -700.0 143 -69 145.704 136.17 70
3990.0 605.204 22 4620.0 -630.0 93 -94 260.91499999999996 188.858 62
5260.0 558.537 20 5700.0 -440.0 83 -96 228.7899999999999 238.37599999999995 44
4000.0 422.37600000000003 21 4740.0 -740.0 103 -69 183.75099999999998 204.39499999999995 58
3315.0 480.8659999999999 17 3750.0 -505.0 95 -86 172.59599999999998 180.09799999999998 50
4270.0 509.885 21 4710.0 -440.0 90 -89 208.56399999999996 211.11699999999996 44
2670.0 395.13699999999994 18 3120.0 -450.0 88 -62 164.51500000000001 123.17199999999998 45
4610.0 522.1040000000002 15 5250.0 -660.0 134 -96 166.72399999999993 225.73099999999994 66
4230.0 529.567 18 5010.0 -780.0 116 -80 235.84999999999997 213.70699999999997 78
3065.0 512.6829999999999 15 3510.0 -445.0 90 -101 189.73 157.00399999999996 44
3600.0 473.72299999999996 19 4290.0 -730.0 114 -78 194.98499999999999 178.32099999999997 73
3750.0 479.0040000000001 19 4350.0 -620.0 127 -69 215.27599999999998 178.785 62
3610.0 499.4939999999999 17 4170.0 -620.0 100 -79 217.027 187.49799999999996 45
3800.0 511.81000000000006 18 4470.0 -740.0 152 -90 205.27499999999998 187.33999999999997 74
4410.0 551.157 20 4860.0 -450.0 86 -88 253.60499999999993 208.678 45
3270.0 437.837 19 3840.0 -590.0 121 -81 174.94099999999997 166.26299999999998 59
4110.0 491.225 18 4650.0 -560.0 115 -82 211.233 185.61999999999998 56
3240.0 424.6050000000001 18 3870.0 -680.0 108 -80 166.465 155.417 68
3360.0 455.195 16 3810.0 -450.0 93 -82 172.904 167.71599999999998 45
3210.0 464.18899999999996 15 3690.0 -480.0 98 -80 179.60499999999996 151.462 48
2760.0 465.5969999999998 15 3450.0 -730.0 116 -78 168.05499999999998 145.73799999999997 73
2800.0 436.47900000000004 17 3210.0 -410.0 84 -76 185.68399999999997 138.93499999999997 41
3445.0 471.5629999999998 16 4020.0 -575.0 106 -90 164.783 165.17399999999992 57
4900.0 578.1389999999999 21 5370.0 -590.0 120 -99 227.59999999999997 231.819 58
3870.0 492.05400000000003 21 4350.0 -600.0 105 -76 228.62499999999997 190.91 44
4350.0 562.0920000000002 12 4800.0 -450.0 92 -105 169.69499999999996 217.82599999999996 45
3760.0 656.9650000000001 19 4320.0 -560.0 92 -93 235.25799999999995 188.60299999999998 56
5120.0 584.934 23 5640.0 -520.0 91 -98 259.539 229.46999999999997 42
4340.0 537.563 22 4980.0 -640.0 104 -91 208.06199999999995 212.777 64
4340.0 587.6299999999999 15 5010.0 -670.0 118 -96 220.91399999999996 186.08299999999997 67
3570.0 420.681 14 4050.0 -480.0 100 -78 161.36999999999998 166.08399999999997 48
3390.0 421.3699999999999 17 3930.0 -540.0 95 -67 167.09400000000002 173.526 54
4640.0 593.8660000000001 20 5310.0 -750.0 123 -114 216.27499999999998 221.32399999999996 75
4150.0 396.3069999999999 18 4590.0 -440.0 86 -73 180.41799999999995 157.542 44
4315.0 520.807 21 4770.0 -455.0 93 -96 189.528 211.07199999999997 45
5240.0 580.8929999999999 21 5700.0 -460.0 88 -91 269.63199999999995 232.301 46
4550.0 597.2119999999999 22 4980.0 -590.0 102 -92 264.68699999999995 223.97499999999997 59
3810.0 502.614 16 4230.0 -420.0 79 -79 215.97499999999994 196.486 42
2960.0 406.4099999999999 17 3360.0 -580.0 99 -68 173.03 147.04299999999998 58
4410.0 598.5509999999998 22 5070.0 -700.0 129 -97 237.47699999999998 217.757 70
4350.0 459.1249999999999 18 4710.0 -360.0 74 -73 191.74499999999998 209.42399999999998 36
4090.0 544.6690000000001 19 4710.0 -620.0 103 -94 230.828 194.63299999999995 62
5095.0 618.5310000000001 19 5880.0 -825.0 138 -105 215.0 258.53899999999993 82
5230.0 651.0839999999997 18 5730.0 -740.0 124 -99 280.8549999999999 234.88199999999992 74
2100.0 494.8919999999999 14 2910.0 -810.0 142 -72 137.57 151.07199999999995 81
3210.0 363.83699999999993 14 3690.0 -600.0 105 -79 142.89499999999995 125.479 44
4920.0 558.8480000000002 20 5580.0 -800.0 119 -101 214.782 235.803 80
4040.0 531.4280000000001 18 4710.0 -670.0 98 -79 228.545 209.70099999999996 50
4140.0 561.053 19 4710.0 -570.0 96 -86 229.42299999999997 200.70099999999994 40
3790.0 539.696 19 4260.0 -470.0 96 -89 208.682 197.05199999999996 47
3260.0 1995.3700000000008 13 4680.0 -1520.0 165 -90 160.51899999999995 221.19899999999996 152
4240.0 470.26 18 4740.0 -500.0 84 -86 179.24699999999993 205.51200000000003 34
4240.0 553.0590000000001 17 4830.0 -630.0 109 -85 178.23600000000002 191.83399999999995 63
4600.0 582.4300000000001 19 5130.0 -530.0 100 -92 214.837 245.59400000000002 53
4255.0 563.213 20 4770.0 -515.0 86 -90 240.559 218.24899999999994 35
4640.0 387.7959999999999 17 5070.0 -430.0 88 -74 147.175 176.76299999999998 43
3080.0 354.23299999999983 14 3690.0 -610.0 108 -76 126.354 125.885 61
3500.0 454.5769999999999 19 3930.0 -430.0 89 -65 210.21800000000002 174.824 43
3310.0 404.03599999999994 15 3870.0 -570.0 117 -72 172.06400000000005 152.20499999999998 57
4905.0 532.3009999999999 21 5370.0 -465.0 90 -89 235.9529999999999 221.41299999999998 45
4700.0 569.4160000000002 19 5280.0 -600.0 123 -100 207.20199999999997 246.58399999999997 60
4330.0 408.178 20 4770.0 -440.0 91 -98 131.25599999999997 168.67499999999998 44
3260.0 521.5749999999998 15 3900.0 -640.0 109 -77 186.589 150.28400000000005 64
3800.0 383.4369999999999 15 4440.0 -800.0 120 -67 150.64499999999992 167.00599999999997 80
3400.0 1954.2959999999994 15 4800.0 -1400.0 159 -93 195.272 197.321 140
5400.0 673.7420000000002 18 5970.0 -570.0 116 -118 220.611 243.46799999999993 57
4315.0 511.10900000000015 17 4860.0 -545.0 110 -111 153.26 185.841 53
3075.0 485.91399999999993 14 4020.0 -945.0 91 -87 169.162 166.553 94
5050.0 495.3139999999999 21 5460.0 -410.0 84 -96 218.91399999999996 186.875 41
4310.0 554.949 20 4890.0 -580.0 96 -97 220.84299999999996 224.35199999999995 58
4665.0 527.124 19 5190.0 -525.0 99 -99 204.30799999999994 207.53799999999993 45
3230.0 466.9819999999998 17 3750.0 -520.0 103 -91 157.56099999999995 167.55099999999996 52
5090.0 568.7430000000002 17 5790.0 -710.0 138 -94 196.55599999999998 261.7179999999999 71
4300.0 583.5080000000002 14 4800.0 -500.0 98 -93 241.41199999999998 189.89699999999996 47
4430.0 556.273 23 4830.0 -400.0 82 -91 255.17600000000004 210.89499999999995 40
2705.0 374.14 16 3180.0 -475.0 93 -69 148.78500000000003 146.64900000000003 47
2920.0 421.3469999999999 13 3360.0 -440.0 84 -91 126.65999999999997 145.97799999999998 44
2450.0 468.4739999999999 16 3060.0 -650.0 122 -86 174.34599999999998 147.87500000000003 65
4625.0 517.2189999999999 19 5070.0 -445.0 90 -91 226.72599999999997 206.414 44
2580.0 426.1239999999998 17 3060.0 -480.0 94 -66 178.89499999999995 132.37399999999997 48
4900.0 537.822 18 5490.0 -740.0 133 -93 185.23499999999996 207.48499999999999 74
3825.0 498.14599999999996 16 4260.0 -435.0 88 -96 185.303 177.81799999999993 43
3360.0 445.64100000000013 18 4110.0 -750.0 83 -71 172.52999999999997 184.06499999999997 68
4080.0 611.607 19 4770.0 -690.0 100 -102 260.3929999999999 207.28300000000002 69
2560.0 503.80600000000004 17 3150.0 -590.0 94 -88 208.66 144.434 43
3730.0 492.93499999999995 19 4380.0 -660.0 135 -89 170.82999999999998 188.48999999999995 66
4880.0 516.4409999999998 18 5370.0 -490.0 100 -87 219.20699999999997 216.56699999999995 49
3430.0 542.9640000000002 14 4170.0 -740.0 126 -93 180.48099999999997 183.031 74
2910.0 429.78299999999996 19 3660.0 -780.0 113 -66 188.54999999999998 169.39699999999996 78
3320.0 441.2249999999998 17 3870.0 -550.0 96 -69 182.545 180.44000000000003 55
3000.0 486.17299999999983 13 3510.0 -510.0 105 -86 201.37499999999997 146.28099999999995 51
5490.0 573.7069999999999 19 5910.0 -420.0 83 -89 244.12599999999998 264.632 42
3330.0 449.07999999999987 20 3720.0 -540.0 111 -65 219.02499999999998 165.17499999999998 54
3090.0 478.0310000000001 17 3660.0 -590.0 106 -74 191.268 168.84999999999997 59
5030.0 516.6449999999999 19 5520.0 -490.0 88 -96 219.476 223.377 49
2890.0 431.0079999999999 15 3360.0 -470.0 96 -73 165.81799999999993 129.791 47
3630.0 450.24900000000014 15 4110.0 -480.0 98 -84 186.68999999999994 176.468 48
3990.0 469.39999999999986 17 4500.0 -550.0 114 -81 199.085 184.738 55
3410.0 422.0229999999999 15 3810.0 -400.0 82 -78 166.745 155.69999999999993 40
4310.0 471.13699999999994 17 4800.0 -670.0 117 -83 197.27299999999997 179.35099999999994 67
4170.0 489.08799999999985 19 4890.0 -760.0 138 -80 186.25499999999997 185.2669999999999 60
5570.0 559.3479999999997 17 6090.0 -520.0 107 -97 215.9639999999999 248.953 52
2820.0 437.3110000000001 17 3390.0 -570.0 103 -69 170.95099999999994 143.77399999999994 57
3240.0 462.435 15 4200.0 -1020.0 137 -73 192.684 190.70700000000002 102
4100.0 513.673 18 4560.0 -640.0 123 -81 214.11599999999999 189.41799999999992 64
2550.0 407.8059999999999 19 3150.0 -600.0 103 -67 174.04399999999998 130.569 60
4510.0 469.4009999999999 22 4950.0 -440.0 91 -84 195.76099999999994 198.04599999999996 44
3900.0 437.51800000000003 16 4320.0 -420.0 84 -73 187.96599999999998 188.857 41
2430.0 342.80999999999995 17 3060.0 -670.0 96 -54 141.63799999999992 130.88499999999996 51
3750.0 564.4739999999999 18 4650.0 -900.0 82 -78 248.49399999999994 217.8909999999999 90
3340.0 395.80500000000006 19 3780.0 -440.0 85 -60 173.61899999999997 162.771 44
3500.0 515.2139999999997 21 3930.0 -500.0 94 -78 236.11599999999996 171.36999999999992 50
3790.0 431.8759999999999 17 4260.0 -470.0 87 -74 198.27099999999996 175.903 47
4310.0 540.5 18 5190.0 -880.0 80 -86 228.93199999999993 209.16499999999994 88
4050.0 626.2990000000001 17 5130.0 -1110.0 129 -81 224.513 205.54699999999994 95
2610.0 430.4799999999998 18 3030.0 -500.0 102 -71 187.622 144.46799999999993 50
3830.0 530.927 18 4350.0 -520.0 106 -85 169.381 184.9099999999999 52
4400.0 463.08900000000006 18 4950.0 -550.0 100 -80 185.486 175.828 45
4290.0 1874.2419999999986 21 5670.0 -1480.0 162 -89 254.21699999999996 247.37099999999998 148
3670.0 413.23800000000006 19 4050.0 -380.0 78 -68 205.10299999999992 160.588 38
3400.0 404.7359999999999 17 3840.0 -710.0 128 -63 179.10599999999994 175.024 62
5495.0 582.6909999999999 20 6060.0 -565.0 96 -102 228.40599999999998 246.45499999999996 40
4790.0 543.5279999999999 22 5280.0 -490.0 95 -71 262.3999999999999 246.08699999999993 58
4050.0 523.6919999999999 17 4590.0 -540.0 110 -97 134.38999999999996 186.20099999999996 54
3870.0 476.5649999999997 19 4380.0 -510.0 84 -74 206.72199999999998 183.44099999999997 34
3840.0 487.956 20 4320.0 -480.0 94 -70 206.83499999999995 190.831 48
3340.0 385.05600000000004 19 3990.0 -710.0 109 -61 157.987 172.956 71
4050.0 561.1769999999999 19 4710.0 -670.0 126 -89 229.775 215.73499999999993 67
4925.0 700.1289999999999 18 5970.0 -1055.0 149 -104 266.9169999999999 242.0529999999999 105
4300.0 468.4000000000001 15 4890.0 -830.0 131 -90 170.71899999999997 170.80899999999997 73
3060.0 828.6700000000001 13 4290.0 -1230.0 160 -89 170.875 171.04999999999998 106
3940.0 653.8230000000002 19 4650.0 -770.0 123 -108 218.72899999999998 191.95999999999998 77
3240.0 420.06399999999996 17 3840.0 -600.0 111 -80 146.883 152.105 60
5060.0 550.1889999999999 18 5640.0 -580.0 110 -104 182.184 224.29199999999997 58
4580.0 576.852 16 5190.0 -610.0 95 -103 222.52399999999994 213.34599999999995 61
4570.0 538.727 22 5010.0 -500.0 102 -88 221.559 222.64899999999997 50
4180.0 491.966 18 4590.0 -410.0 84 -89 190.985 198.574 41
4960.0 554.9619999999998 22 5400.0 -530.0 92 -89 259.64399999999995 221.06599999999997 53
2355.0 474.25699999999995 17 3240.0 -885.0 87 -72 190.506 146.55199999999994 86
3735.0 490.2030000000001 20 4320.0 -585.0 102 -79 200.699 177.856 58
3480.0 361.263 16 3900.0 -420.0 84 -68 147.70799999999997 157.94199999999995 42
4240.0 492.98600000000005 14 4740.0 -500.0 92 -90 199.52499999999998 192.80899999999994 50
4110.0 448.90399999999994 15 4500.0 -390.0 80 -79 165.905 171.91099999999997 39
4480.0 547.2009999999999 17 5130.0 -950.0 155 -97 194.3919999999999 230.973 91
4175.0 561.199 18 4680.0 -685.0 138 -81 247.81799999999996 216.01799999999994 68
3600.0 556.2950000000001 19 4170.0 -750.0 143 -93 188.58699999999993 180.44600000000003 75
2700.0 332.6329999999999 16 3120.0 -420.0 79 -57 116.24000000000001 126.848 42
4620.0 728.348 20 5460.0 -920.0 136 -92 243.62699999999998 254.49699999999996 92
4290.0 506.38299999999964 21 4950.0 -780.0 117 -90 194.98799999999991 208.07699999999994 78
4950.0 531.1569999999999 19 5400.0 -450.0 92 -88 220.27299999999988 221.87899999999996 45
2800.0 357.49500000000006 14 3480.0 -695.0 117 -65 129.591 152.32999999999998 64
4970.0 490.78399999999976 19 5370.0 -460.0 94 -82 204.89699999999993 223.55899999999994 46
4180.0 511.2979999999999 16 4620.0 -440.0 85 -76 213.71499999999995 211.344 44
3590.0 490.76400000000007 19 4290.0 -760.0 144 -82 196.5149999999999 181.45500000000004 65
3880.0 488.35099999999983 19 4290.0 -410.0 80 -88 212.559 177.87599999999998 41
3640.0 489.96599999999995 15 4530.0 -905.0 112 -80 172.31700000000004 173.23400000000004 87
3390.0 422.3220000000001 15 3780.0 -390.0 80 -79 162.564 162.88899999999995 39
3520.0 462.042 16 4110.0 -690.0 120 -74 203.89400000000003 183.86099999999996 69
3350.0 490.9139999999999 17 4080.0 -770.0 116 -79 178.54399999999995 160.65599999999998 77
3320.0 484.859 15 3750.0 -430.0 88 -93 145.216 167.86100000000002 43
3390.0 368.82599999999996 13 3870.0 -480.0 80 -67 144.34400000000002 169.64399999999992 32
2480.0 425.19699999999995 15 3060.0 -580.0 100 -71 166.041 146.707 42
4710.0 556.663 18 5220.0 -590.0 97 -95 200.451 212.48499999999996 59
2030.0 1731.4690000000012 14 3450.0 -1420.0 154 -79 172.09 162.966 142
3770.0 609.0619999999999 19 4410.0 -640.0 103 -97 292.1529999999999 194.22899999999998 48
4635.0 538.5769999999999 21 5070.0 -435.0 79 -79 243.04699999999997 217.50899999999996 42
2900.0 446.48799999999994 14 3600.0 -740.0 114 -77 142.96999999999997 169.35000000000002 74
1880.0 1604.1579999999992 13 3120.0 -1240.0 137 -64 131.97799999999995 136.99099999999999 124
5570.0 581.0960000000001 20 6090.0 -610.0 124 -100 215.249 242.31599999999997 61
3805.0 465.31199999999995 17 4680.0 -895.0 147 -74 201.5999999999999 171.938 84
3390.0 433.31699999999995 16 3810.0 -420.0 86 -72 180.85399999999996 161.49399999999994 42
3940.0 553.482 17 4530.0 -830.0 141 -87 212.83299999999994 217.17599999999996 67
5210.0 736.5990000000003 20 5910.0 -700.0 128 -114 272.93300000000005 251.27100000000004 70
3650.0 383.6010000000001 16 4140.0 -510.0 105 -72 162.29699999999997 153.49599999999998 51
3635.0 467.10999999999984 20 4320.0 -745.0 113 -85 201.86700000000002 179.32999999999993 74
3980.0 452.601 16 4470.0 -650.0 126 -73 188.80200000000002 159.42399999999998 65
2565.0 345.53600000000006 15 2940.0 -675.0 103 -57 140.89200000000002 127.31999999999998 67
3570.0 380.25600000000003 17 4050.0 -580.0 98 -62 166.52999999999997 160.648 58
4215.0 485.93899999999996 21 4920.0 -705.0 101 -75 200.25199999999998 209.068 54
2860.0 522.228 18 3390.0 -690.0 132 -83 203.11299999999991 142.708 73
4450.0 525.868 21 4890.0 -580.0 103 -82 222.91399999999996 218.61799999999997 58
7060.0 729.779 23 7590.0 -530.0 109 -119 303.59099999999995 308.5609999999999 53
4600.0 530.5659999999998 22 5490.0 -950.0 133 -87 212.32899999999998 236.706 94
3190.0 409.70099999999996 18 4140.0 -950.0 92 -76 178.42799999999994 135.578 95
3965.0 513.0019999999998 21 4920.0 -955.0 167 -98 184.45399999999995 188.623 74
3640.0 501.6719999999999 20 4200.0 -560.0 97 -82 219.807 180.41799999999995 46
4820.0 540.1390000000001 20 5310.0 -490.0 100 -104 211.713 206.36499999999992 49
3240.0 339.7059999999999 13 3930.0 -690.0 106 -59 150.57999999999998 141.10799999999998 69
4615.0 544.786 21 5310.0 -695.0 109 -91 223.48199999999997 236.58599999999993 61
3730.0 516.7520000000001 16 4440.0 -710.0 125 -88 187.88099999999994 182.296 71
3970.0 646.8329999999999 22 4650.0 -680.0 110 -82 281.9339999999999 209.41299999999995 68
3220.0 405.167 17 3630.0 -410.0 85 -63 173.59799999999998 162.67799999999997 41
3910.0 505.986 15 4320.0 -410.0 84 -83 207.85799999999995 197.20799999999994 41
3760.0 520.1289999999999 17 4260.0 -500.0 98 -84 209.209 195.444 50
2350.0 573.4299999999998 15 3390.0 -1080.0 114 -80 210.00499999999994 164.06499999999994 107
4050.0 514.566 23 4440.0 -390.0 80 -82 230.521 189.30999999999997 39
3900.0 440.2329999999999 18 4290.0 -390.0 79 -74 175.744 198.69799999999998 39
2100.0 290.89200000000005 12 2460.0 -360.0 75 -47 124.69800000000001 109.78199999999998 36
3470.0 517.187 15 3990.0 -520.0 96 -90 169.92300000000003 181.16199999999998 52
2890.0 439.58500000000004 17 3330.0 -440.0 89 -75 187.369 153.416 44
3870.0 513.0269999999998 15 4290.0 -420.0 85 -85 209.49499999999995 201.49599999999995 42
3330.0 537.356 20 4470.0 -1160.0 131 -81 200.02100000000002 222.57399999999998 116
3010.0 454.86599999999993 19 4170.0 -1160.0 114 -88 167.17699999999996 177.53899999999996 116
3710.0 479.98400000000015 16 4350.0 -690.0 108 -78 175.93399999999997 209.35499999999996 69
4700.0 595.3959999999997 18 5370.0 -690.0 139 -103 205.81499999999997 246.20099999999988 69
3020.0 482.296 17 3900.0 -910.0 140 -81 186.83199999999997 170.22599999999997 91
3060.0 358.63399999999996 15 3450.0 -390.0 80 -58 160.16899999999998 152.85199999999998 39
3940.0 523.343 19 4350.0 -410.0 81 -87 233.00199999999992 190.27099999999996 41
3895.0 501.1169999999999 20 4350.0 -455.0 86 -91 216.53699999999998 173.62599999999998 39
4230.0 619.5930000000002 17 4740.0 -510.0 97 -108 214.07599999999996 212.04399999999998 51
6550.0 744.1639999999999 25 7050.0 -500.0 102 -116 305.102 274.5559999999999 50
4690.0 515.398 18 5130.0 -680.0 112 -88 189.39 226.36999999999998 68
4310.0 525.2599999999998 19 4740.0 -730.0 147 -89 201.015 191.746 73
3340.0 1569.2219999999982 17 4680.0 -1340.0 151 -81 267.18399999999997 187.36399999999995 134
4420.0 578.319 20 4920.0 -500.0 93 -84 254.298 225.00799999999998 50
2940.0 494.29399999999976 17 3630.0 -750.0 122 -73 211.91899999999998 169.22999999999996 75
4520.0 742.9330000000002 17 5160.0 -640.0 113 -116 241.05499999999998 259.78299999999996 64
3450.0 516.306 18 3900.0 -540.0 110 -91 204.59800000000004 149.97800000000004 54
4380.0 569.928 19 5010.0 -630.0 95 -86 223.07799999999992 217.11699999999996 46
3920.0 462.236 16 4320.0 -400.0 81 -76 157.66999999999996 191.75099999999992 40
3010.0 423.8130000000001 15 3450.0 -440.0 89 -75 190.10799999999995 150.49699999999996 44
3630.0 668.9559999999998 19 4170.0 -540.0 99 -101 246.16699999999994 203.01199999999997 58
5500.0 623.3009999999998 18 6180.0 -680.0 120 -102 241.22699999999992 277.36 68
4370.0 475.15599999999984 17 4770.0 -400.0 81 -75 223.32399999999993 187.097 40
2720.0 554.8710000000001 16 3630.0 -980.0 150 -81 217.283 157.041 98
3530.0 584.3109999999998 18 4080.0 -650.0 113 -63 216.32899999999998 178.44999999999993 65
4080.0 513.109 19 4530.0 -450.0 86 -93 176.96299999999997 208.809 45
4390.0 490.3019999999999 17 5040.0 -650.0 96 -91 185.56699999999995 207.168 49
4920.0 561.614 20 5460.0 -560.0 116 -88 248.12900000000002 243.58499999999992 56
3415.0 477.357 16 3900.0 -485.0 97 -105 138.73899999999998 172.06699999999998 47
5690.0 580.456 20 6120.0 -430.0 88 -101 256.741 250.09 43
3880.0 454.74999999999994 16 4320.0 -440.0 84 -72 201.03799999999995 187.426 44
4730.0 543.5270000000002 16 5160.0 -670.0 107 -86 232.354 215.5529999999999 67
5190.0 486.2640000000001 20 5580.0 -390.0 79 -77 224.00499999999997 226.66100000000003 39
2735.0 1125.8560000000011 15 3870.0 -1185.0 144 -68 177.00699999999995 126.90599999999998 132
4120.0 587.8619999999997 20 4650.0 -530.0 110 -102 229.396 213.787 53
4640.0 531.016 24 5040.0 -400.0 83 -94 209.14499999999995 232.525 40
4560.0 548.5629999999999 24 5040.0 -550.0 104 -92 228.23600000000002 218.05399999999995 55
3480.0 412.712 17 4200.0 -740.0 134 -77 152.79799999999997 171.46599999999998 58
3760.0 565.829 17 4560.0 -810.0 145 -103 162.721 193.99599999999995 80
4750.0 603.5889999999998 20 5370.0 -660.0 134 -99 254.4829999999999 221.07799999999992 64
5130.0 563.447 21 5550.0 -420.0 86 -90 249.541 228.23899999999992 42
4040.0 531.9019999999999 17 4710.0 -710.0 145 -81 216.14299999999994 201.849 71
4890.0 537.748 17 5370.0 -570.0 116 -90 212.77899999999994 208.19099999999997 57
4590.0 528.237 17 5070.0 -480.0 95 -78 223.552 221.59400000000002 46
4040.0 499.37299999999993 22 4440.0 -400.0 82 -89 210.071 197.304 40
4770.0 623.4889999999999 19 5190.0 -420.0 86 -97 276.73299999999995 239.71699999999998 42
2970.0 431.741 15 3900.0 -930.0 97 -79 113.92600000000002 143.72299999999998 93
2980.0 420.26299999999986 15 3540.0 -570.0 118 -66 178.67499999999998 156.748 57
2785.0 423.69 17 3210.0 -425.0 77 -78 154.70699999999997 138.31999999999996 38
4930.0 603.0780000000003 19 5430.0 -500.0 102 -93 212.249 248.36699999999993 50
3630.0 513.212 17 4230.0 -600.0 104 -94 202.79699999999994 169.67199999999997 44
3840.0 459.983 17 4320.0 -480.0 90 -75 188.83899999999997 196.16200000000003 48
3950.0 466.3259999999998 18 4350.0 -560.0 97 -78 195.49800000000002 184.572 56
4540.0 521.4679999999997 24 5160.0 -720.0 115 -82 230.30300000000003 214.333 71
3220.0 435.11800000000005 16 3750.0 -680.0 108 -63 188.86700000000002 154.064 68
3440.0 542.8969999999998 17 4350.0 -910.0 90 -99 176.91399999999993 185.41299999999998 91
5070.0 605.7730000000001 19 5580.0 -735.0 131 -98 260.874 240.64299999999997 59
4860.0 490.9569999999999 18 5340.0 -480.0 98 -96 166.25199999999998 207.56 48
4360.0 456.40699999999987 17 5130.0 -820.0 118 -84 159.80299999999997 194.962 82
4570.0 632.3050000000001 17 5430.0 -860.0 161 -86 238.43800000000002 268.13000000000005 86
4120.0 530.7470000000001 18 4530.0 -530.0 109 -86 207.25500000000005 204.21799999999993 53
4510.0 674.6629999999997 17 5430.0 -950.0 150 -92 224.18299999999994 253.20699999999997 95
3600.0 490.0129999999999 19 4200.0 -640.0 110 -83 171.726 190.78899999999993 47
4860.0 449.52099999999996 16 5340.0 -480.0 80 -92 178.51100000000002 196.73299999999998 32
2910.0 452.7969999999998 16 3960.0 -1050.0 148 -79 150.61999999999998 159.414 105
4875.0 595.8029999999999 26 5370.0 -495.0 92 -103 269.54299999999995 213.341 41
3330.0 397.68899999999985 20 3720.0 -390.0 80 -62 188.72699999999998 155.077 39
1740.0 399.4360000000001 16 2850.0 -1110.0 104 -74 148.90599999999998 139.749 111
3940.0 555.22 18 5010.0 -1090.0 118 -83 243.83199999999997 225.95899999999995 109
3180.0 467.96799999999985 15 3600.0 -420.0 86 -77 186.509 159.91200000000003 42
4260.0 503.0760000000001 22 4770.0 -510.0 85 -84 200.11799999999997 206.4469999999999 34
2870.0 625.7069999999998 15 3930.0 -1070.0 146 -98 170.91299999999998 163.73 107
6685.0 632.2120000000001 21 7260.0 -575.0 105 -103 261.70899999999995 286.716 55
4970.0 530.4290000000001 23 5400.0 -430.0 87 -90 225.314 221.207 42
4010.0 525.7509999999999 21 4440.0 -430.0 84 -87 220.86399999999998 187.72200000000004 43
4140.0 444.5379999999998 18 4560.0 -580.0 100 -86 154.77199999999996 188.064 58
3400.0 482.0559999999999 17 4080.0 -690.0 128 -72 203.53699999999995 192.97099999999998 69
4620.0 508.74500000000006 21 5010.0 -390.0 80 -88 229.10799999999998 205.59599999999998 39
3940.0 576.3210000000003 17 4860.0 -920.0 92 -96 189.35299999999998 217.49099999999999 92
2840.0 494.78599999999994 17 3390.0 -550.0 92 -71 212.84899999999993 153.57199999999997 38
5850.0 683.657 21 6390.0 -630.0 107 -108 263.1669999999999 286.34 63
2925.0 381.53299999999996 15 3480.0 -575.0 98 -68 147.94 141.409 41
3920.0 499.792 18 4950.0 -1070.0 140 -83 197.04100000000003 209.37699999999998 107
2940.0 453.07199999999995 16 3540.0 -880.0 124 -63 208.105 166.50699999999998 88
4400.0 534.2040000000003 17 4830.0 -430.0 89 -88 220.65900000000002 204.75299999999996 43
3490.0 453.11 16 4500.0 -1010.0 99 -81 173.99299999999997 193.80699999999996 101
4330.0 564.9270000000001 23 4950.0 -630.0 129 -82 259.7509999999999 220.34399999999997 63
4440.0 486.78200000000004 19 4920.0 -480.0 78 -89 203.10999999999996 201.43699999999993 48
3730.0 470.928 16 4200.0 -470.0 97 -81 163.60099999999997 195.2259999999999 47
2800.0 487.03100000000006 12 3570.0 -1010.0 145 -87 155.25899999999996 157.91599999999997 101
3440.0 408.0639999999999 17 3870.0 -430.0 88 -68 179.89 164.878 43
2705.0 407.5619999999999 21 3360.0 -665.0 111 -64 166.46200000000002 146.687 50
3690.0 666.2479999999997 20 4380.0 -690.0 163 -95 243.77899999999994 180.91699999999997 68
5040.0 568.5180000000001 23 5520.0 -480.0 99 -98 238.88599999999997 224.442 48
5310.0 586.3219999999998 22 5850.0 -540.0 109 -93 253.14999999999995 226.16199999999995 52
2255.0 357.24599999999987 16 2670.0 -415.0 82 -63 148.782 102.097 40
3890.0 450.71899999999994 20 4440.0 -550.0 94 -83 167.86499999999995 202.84799999999996 55
3595.0 473.83 22 4050.0 -455.0 92 -77 181.40099999999995 163.274 45
3350.0 437.3199999999999 19 3720.0 -370.0 76 -68 180.92899999999997 177.052 37
4530.0 562.7189999999998 20 5010.0 -480.0 98 -106 217.78499999999997 219.51099999999997 48
3620.0 388.9630000000001 18 4140.0 -520.0 94 -67 154.801 161.79299999999995 52
3850.0 475.80799999999994 16 4290.0 -440.0 85 -78 171.00599999999997 190.19799999999998 44
3200.0 344.51 14 4020.0 -860.0 123 -67 104.03599999999999 172.61099999999996 86
3660.0 442.6279999999999 18 4080.0 -420.0 83 -82 182.815 161.29699999999997 39
3110.0 551.1109999999998 18 4320.0 -1310.0 161 -89 232.07299999999992 208.97699999999998 131
4040.0 454.4839999999999 17 4440.0 -400.0 83 -89 177.43999999999997 174.456 40
3340.0 433.4599999999999 17 3810.0 -470.0 89 -71 181.96499999999997 148.94400000000002 47
2800.0 452.2899999999999 16 3390.0 -590.0 99 -73 144.83099999999996 172.347 59
3100.0 366.05899999999986 13 3720.0 -670.0 107 -72 127.27199999999999 141.173 67
2630.0 302.67999999999995 16 3030.0 -400.0 82 -56 111.85600000000002 125.621 40
3840.0 477.191 19 4410.0 -750.0 116 -84 173.97699999999998 194.70400000000004 75
2850.0 422.18399999999974 16 3870.0 -1020.0 151 -72 172.82699999999994 171.33800000000002 86
4520.0 578.976 16 5370.0 -850.0 131 -97 213.02499999999998 220.054 85
2605.0 1046.0119999999995 18 3810.0 -1225.0 135 -78 188.263 163.82999999999996 106
3150.0 382.26299999999986 13 3690.0 -540.0 94 -76 152.56899999999996 144.50299999999996 54
4440.0 601.939 19 5070.0 -630.0 119 -105 268.15299999999996 189.58699999999996 63
3395.0 442.16 20 3900.0 -505.0 84 -76 173.17499999999998 168.82499999999996 34
2290.0 571.1119999999999 15 3060.0 -830.0 141 -92 222.83 130.841 83
3460.0 525.6999999999999 18 4350.0 -890.0 81 -90 215.21 185.38899999999998 89
5420.0 514.266 17 5880.0 -460.0 95 -111 174.445 201.85299999999998 46
3600.0 536.941 16 4320.0 -720.0 119 -92 203.97699999999995 183.149 72
3600.0 483.83599999999996 18 4110.0 -510.0 92 -73 168.792 170.26999999999998 41
3620.0 391.91700000000003 17 4080.0 -460.0 88 -68 159.393 171.65600000000003 46
3600.0 454.6289999999999 17 4020.0 -420.0 85 -74 186.123 186.24299999999997 42
4140.0 584.9409999999997 22 4710.0 -570.0 94 -95 191.31400000000002 213.112 57
2670.0 447.7720000000001 12 3570.0 -900.0 82 -83 162.44900000000004 164.725 90
4730.0 539.807 20 5220.0 -640.0 124 -89 226.151 214.22400000000002 64
4350.0 466.32200000000006 19 4770.0 -420.0 87 -76 204.53899999999996 197.33599999999996 42
2970.0 476.5879999999998 14 3750.0 -820.0 120 -85 161.086 169.27099999999996 82
4790.0 485.96500000000015 15 5220.0 -730.0 151 -84 183.956 212.12499999999994 73
4620.0 495.074 21 5310.0 -690.0 106 -84 199.52899999999997 233.10699999999997 69
2960.0 414.0019999999999 17 3420.0 -610.0 101 -61 192.552 152.53 61
3750.0 449.08399999999995 18 4410.0 -760.0 113 -75 177.51699999999997 199.6 76
4140.0 477.90799999999996 15 4590.0 -450.0 92 -99 149.89599999999996 194.903 45
4320.0 554.5519999999999 18 4830.0 -510.0 93 -98 195.01499999999993 207.09499999999997 41
3570.0 453.03299999999996 15 4140.0 -570.0 112 -89 135.779 153.93100000000004 57
6500.0 624.676 20 6960.0 -460.0 94 -111 259.923 264.47099999999995 46
5950.0 626.13 24 6360.0 -410.0 84 -96 288.99999999999994 282.89000000000004 41
2980.0 467.9219999999999 16 3570.0 -590.0 114 -80 195.99199999999996 151.557 59
3740.0 512.775 20 4290.0 -750.0 130 -88 215.109 180.594 75
3765.0 519.3330000000002 20 4290.0 -525.0 94 -84 203.12800000000001 202.95199999999997 51
3510.0 383.456 14 3960.0 -450.0 92 -73 137.88799999999998 166.692 45
5980.0 522.913 15 6690.0 -710.0 124 -109 175.42399999999998 188.00800000000004 71
3090.0 368.9649999999998 22 3480.0 -390.0 80 -65 157.17399999999998 139.004 39
2610.0 378.4579999999999 12 3090.0 -480.0 80 -68 156.50500000000002 137.70700000000002 32
4170.0 477.22600000000006 17 4680.0 -510.0 105 -89 169.69800000000004 172.66999999999996 51
4280.0 538.7739999999998 21 4770.0 -490.0 101 -88 212.98099999999997 208.799 49
3390.0 341.28599999999983 15 3810.0 -420.0 84 -59 155.67999999999998 150.43299999999996 41
3250.0 401.73900000000015 13 3630.0 -650.0 134 -74 149.914 143.009 65
5310.0 472.5579999999998 17 5730.0 -420.0 83 -96 180.83999999999997 206.16499999999996 42
3620.0 445.51299999999986 21 4170.0 -560.0 114 -81 192.79400000000004 174.338 56
3250.0 478.076 15 3690.0 -440.0 87 -77 153.04099999999994 176.91199999999995 44
3720.0 472.2070000000002 13 4230.0 -510.0 104 -70 188.654 177.87299999999996 51
3330.0 512.442 17 3990.0 -670.0 124 -79 205.28799999999995 190.88699999999997 67
2970.0 442.2799999999998 16 3420.0 -450.0 92 -81 169.31699999999998 160.81999999999996 45
3365.0 416.531 16 4350.0 -1035.0 141 -72 145.86299999999997 178.42999999999998 95
4125.0 568.7100000000002 16 4650.0 -525.0 88 -97 231.15499999999994 203.62699999999992 36
3430.0 442.865 14 3810.0 -470.0 97 -77 177.19899999999998 174.90099999999995 47
3280.0 376.77700000000004 16 3690.0 -410.0 85 -62 162.485 159.50599999999997 41
4640.0 554.8689999999999 19 5100.0 -460.0 91 -101 181.96299999999997 221.23399999999998 46
3660.0 504.72999999999996 19 4230.0 -585.0 113 -76 213.51600000000002 205.44599999999997 53
4490.0 569.284 16 5310.0 -840.0 159 -99 198.277 217.5319999999999 84
2950.0 430.48 15 3540.0 -590.0 109 -78 160.39000000000001 137.62499999999997 59
3940.0 511.579 19 4560.0 -630.0 124 -75 255.38899999999995 194.78400000000002 63
1950.0 442.71400000000017 12 2910.0 -960.0 104 -85 125.27899999999995 134.25599999999997 96
3940.0 371.66700000000003 13 4530.0 -590.0 105 -76 144.43999999999997 144.82499999999996 59
4230.0 594.9240000000001 16 4920.0 -690.0 96 -93 221.71499999999995 205.02299999999994 69
3215.0 503.38599999999997 17 3720.0 -505.0 101 -86 194.79600000000002 167.90999999999997 50
3610.0 336.82 11 4170.0 -560.0 96 -72 120.148 148.20100000000005 40
4500.0 569.1909999999999 16 5100.0 -600.0 112 -83 225.283 213.67899999999995 41
2050.0 519.7069999999997 12 3480.0 -1490.0 115 -54 119.44599999999996 122.25899999999999 257
4190.0 496.657 14 4800.0 -670.0 109 -86 179.194 205.5749999999999 67
3530.0 981.5650000000002 15 4920.0 -1490.0 177 -99 162.092 228.61999999999998 133
3350.0 446.21599999999995 18 3780.0 -430.0 88 -75 181.07000000000005 169.32099999999997 43
4010.0 582.452 19 4380.0 -370.0 76 -87 219.98999999999998 209.20199999999994 37
4500.0 560.3679999999998 21 4980.0 -480.0 94 -92 239.22599999999997 205.761 48
3620.0 487.5980000000001 15 4590.0 -1110.0 100 -81 206.649 191.05399999999997 111
5210.0 629.7290000000002 20 5850.0 -670.0 107 -98 273.068 242.36199999999997 51
3450.0 437.6999999999999 14 4230.0 -900.0 126 -74 163.58499999999995 171.28199999999995 90
2685.0 420.32899999999984 14 3180.0 -495.0 91 -72 153.639 145.683 41
2390.0 403.03199999999987 12 3240.0 -850.0 103 -64 183.56899999999996 145.093 85
3070.0 513.8180000000001 11 3750.0 -690.0 123 -84 148.17799999999997 163.19499999999994 69
6090.0 600.0449999999998 23 6840.0 -750.0 113 -112 237.00599999999994 266.268 59
4730.0 497.46099999999996 17 5370.0 -780.0 114 -93 179.87699999999995 214.76799999999994 78
3515.0 395.5780000000001 17 3960.0 -605.0 121 -69 151.47799999999998 166.618 59
3220.0 499.5409999999999 14 3630.0 -410.0 84 -92 144.823 155.99699999999999 41
3620.0 540.7690000000001 18 4140.0 -520.0 95 -77 227.79599999999996 196.90799999999996 52
4960.0 505.8950000000001 18 5400.0 -440.0 85 -91 187.91899999999993 226.91699999999997 44
4590.0 638.0379999999999 18 5160.0 -570.0 105 -105 229.9779999999999 237.376 57
2545.0 378.193 15 3030.0 -485.0 95 -68 137.37399999999997 138.70399999999995 48
2490.0 350.74799999999993 17 3180.0 -840.0 134 -54 146.285 141.255 56
3310.0 558.1490000000002 17 4230.0 -920.0 128 -96 163.14499999999995 178.18400000000003 92
4770.0 619.5840000000001 17 5340.0 -640.0 112 -99 250.214 217.059 64
5060.0 517.3419999999999 19 5520.0 -460.0 83 -95 210.97399999999996 184.856 46
3350.0 670.6130000000002 16 4500.0 -1250.0 159 -80 181.10899999999995 179.60299999999998 125
3610.0 498.85399999999987 20 4140.0 -530.0 87 -82 213.341 196.063 37
3930.0 508.9279999999998 19 4350.0 -420.0 87 -84 207.60499999999996 194.08699999999996 42
3030.0 2682.5590000000016 15 4350.0 -1320.0 161 -94 201.521 192.50900000000001 118
5200.0 581.2450000000001 19 5730.0 -530.0 99 -88 266.79200000000003 237.46099999999998 53
4110.0 557.5889999999999 14 5100.0 -990.0 166 -97 207.30599999999995 208.68899999999996 83
5340.0 592.9140000000001 19 5850.0 -510.0 94 -89 244.864 249.32999999999993 51
4220.0 537.495 14 4710.0 -490.0 92 -97 175.753 205.45700000000002 49
3680.0 525.3659999999999 18 4710.0 -1080.0 143 -75 197.102 202.22799999999995 108
3240.0 395.13700000000006 13 3660.0 -420.0 87 -86 141.69999999999996 128.199 42
3710.0 470.3379999999999 19 4260.0 -550.0 96 -86 201.62099999999995 172.792 55
4100.0 466.063 16 4500.0 -400.0 83 -83 189.86599999999999 191.39499999999995 40
3520.0 489.2939999999999 17 4530.0 -1050.0 140 -80 181.69400000000002 205.23699999999997 105
3740.0 440.8660000000001 16 4170.0 -570.0 100 -79 175.69 175.59099999999995 57
3360.0 485.536 18 4170.0 -930.0 126 -74 194.665 188.95799999999994 93
4440.0 509.72299999999996 18 4860.0 -420.0 86 -74 249.10999999999999 205.43899999999994 42
5140.0 639.745 17 5670.0 -530.0 105 -115 225.17600000000002 266.3349999999999 53
4445.0 535.737 19 5040.0 -595.0 93 -89 204.883 231.01399999999998 43
4065.0 477.378 21 4710.0 -645.0 97 -78 198.85399999999996 191.98700000000002 47
3600.0 415.0129999999999 16 4080.0 -480.0 90 -72 150.81599999999995 179.26799999999994 48
4510.0 501.14500000000004 17 5250.0 -740.0 114 -81 206.86800000000002 219.365 74
4310.0 591.1759999999999 23 4740.0 -430.0 88 -87 278.76699999999994 211.97600000000003 43
3900.0 547.253 19 4410.0 -530.0 109 -92 219.41299999999995 199.57999999999996 53
3570.0 437.79400000000015 17 4050.0 -480.0 80 -79 175.754 169.404 32
3370.0 512.893 16 4470.0 -1110.0 125 -78 195.80300000000003 184.88099999999997 111
3300.0 631.7879999999998 16 4230.0 -960.0 123 -85 280.5349999999999 191.587 96
5300.0 610.9869999999997 21 5910.0 -640.0 129 -109 234.93099999999998 248.86699999999993 63
3510.0 490.03799999999995 16 3960.0 -450.0 92 -90 185.857 166.95 45
3960.0 510.358 18 4410.0 -450.0 92 -79 198.48799999999997 213.35999999999999 45
3030.0 351.3859999999999 13 3480.0 -450.0 93 -67 140.51499999999996 133.635 45
2830.0 394.7839999999999 15 3480.0 -660.0 122 -65 153.373 153.156 66
3480.0 534.3149999999999 18 3990.0 -510.0 104 -94 160.21399999999994 187.35399999999998 51
4170.0 474.2569999999999 17 4770.0 -720.0 121 -82 200.90599999999998 203.11699999999996 56
2790.0 423.96599999999984 20 3360.0 -590.0 102 -67 176.53199999999998 160.38899999999995 43
3560.0 454.4349999999999 18 4230.0 -670.0 105 -76 191.2609999999999 180.79799999999997 67
3045.0 960.996 18 3990.0 -1045.0 157 -81 242.198 181.20099999999994 104
4910.0 554.7950000000001 16 5520.0 -630.0 123 -92 212.42299999999994 218.97799999999992 63
2940.0 438.56600000000003 15 3630.0 -690.0 107 -73 168.201 165.07399999999998 52
4520.0 464.295 18 4920.0 -460.0 94 -79 179.53799999999998 204.326 46
4210.0 530.1989999999998 19 4620.0 -410.0 85 -79 239.95199999999997 208.17900000000003 41
3180.0 439.98600000000005 18 3630.0 -630.0 125 -86 158.596 164.962 63
3680.0 542.8540000000002 18 4260.0 -600.0 124 -90 230.972 175.38099999999997 60
3670.0 448.0690000000001 20 4110.0 -440.0 90 -82 189.34900000000002 176.60699999999994 44
4310.0 459.7809999999999 18 4740.0 -430.0 88 -79 182.12899999999993 203.5099999999999 43
3050.0 428.4320000000001 19 3510.0 -460.0 84 -78 160.42000000000002 162.17599999999996 46
3630.0 521.4639999999999 15 4080.0 -450.0 93 -103 196.315 162.28300000000002 45
2910.0 492.5309999999999 17 3330.0 -420.0 86 -92 210.89399999999998 145.901 42
3010.0 456.8429999999999 18 3510.0 -500.0 81 -77 199.81599999999995 149.20600000000002 34
2765.0 438.20799999999997 12 3720.0 -1015.0 123 -73 170.202 134.85499999999996 97
3090.0 481.41600000000005 17 3780.0 -700.0 127 -80 219.867 158.365 70
3610.0 488.92599999999993 18 4020.0 -410.0 81 -76 219.58099999999996 187.98299999999998 41
3990.0 446.94899999999996 19 4560.0 -610.0 104 -77 168.215 191.48700000000002 43
3080.0 1725.137000000001 11 4080.0 -1360.0 152 -84 135.18099999999995 162.29099999999997 136
4340.0 546.9959999999998 17 5100.0 -760.0 125 -92 216.93699999999995 222.56099999999998 60
2800.0 408.38500000000005 15 3240.0 -440.0 87 -65 173.97799999999992 133.201 44
3800.0 474.9470000000001 15 4290.0 -490.0 84 -88 159.61999999999995 186.00999999999996 49
3080.0 457.54 20 3690.0 -620.0 122 -75 189.68 170.599 62
4110.0 468.0999999999999 21 4650.0 -560.0 96 -74 201.95600000000002 202.85899999999998 40
4150.0 678.5339999999997 19 5130.0 -990.0 152 -98 203.78599999999997 212.2779999999999 99
3480.0 565.8449999999998 21 4020.0 -540.0 110 -91 246.66699999999994 178.54099999999997 54
2200.0 496.90999999999997 17 3090.0 -890.0 139 -70 187.46699999999996 131.17499999999995 89
3540.0 561.1549999999999 15 4530.0 -990.0 135 -107 209.39199999999997 181.38400000000004 83
3650.0 495.3029999999999 18 4080.0 -640.0 130 -86 197.69399999999996 181.16399999999993 63
3605.0 468.94300000000004 18 4140.0 -535.0 102 -84 160.22499999999997 168.84100000000004 49
3760.0 1543.4239999999993 18 5190.0 -1430.0 155 -88 170.61399999999995 183.088 143
2640.0 308.1079999999999 13 3030.0 -390.0 80 -54 133.08799999999997 137.01499999999996 39
4420.0 484.89700000000005 23 4830.0 -410.0 85 -89 204.09799999999996 191.16999999999996 41
3640.0 448.5649999999998 20 4110.0 -470.0 87 -82 167.41900000000004 192.361 46
2160.0 375.579 11 2580.0 -420.0 86 -73 137.442 115.85999999999996 42
2895.0 348.784 18 3300.0 -405.0 82 -55 171.50699999999998 134.23699999999997 40
4285.0 517.1939999999998 21 5040.0 -755.0 113 -77 208.71699999999993 227.78399999999988 59
4000.0 422.91400000000004 13 4410.0 -410.0 85 -71 167.21899999999994 182.20900000000003 41
4535.0 524.063 21 5070.0 -565.0 109 -90 238.32299999999998 199.78500000000003 51
3080.0 400.708 14 3480.0 -400.0 82 -70 144.89499999999998 167.06799999999998 40
3350.0 387.24899999999997 13 3780.0 -580.0 119 -78 122.88999999999996 131.53199999999995 58
3500.0 717.104 17 4590.0 -1110.0 143 -92 183.86899999999997 219.19 111
5050.0 619.355 24 5610.0 -650.0 115 -101 253.95700000000002 232.85600000000002 55
5170.0 612.698 18 5850.0 -750.0 117 -104 203.764 243.22499999999997 75
3360.0 445.47600000000006 17 3900.0 -540.0 96 -77 171.993 180.07 54
1640.0 319.789 13 2100.0 -460.0 86 -52 139.933 99.09000000000002 46
2740.0 462.0169999999999 16 3300.0 -560.0 97 -75 164.52199999999996 148.77799999999996 56
4080.0 413.726 19 4560.0 -480.0 80 -71 198.10899999999992 177.74499999999995 32
3580.0 498.83599999999984 16 4080.0 -500.0 91 -88 197.89300000000003 167.372 50
4160.0 486.09199999999987 21 4590.0 -430.0 88 -73 230.09699999999992 199.156 43
4070.0 523.018 15 4470.0 -400.0 83 -98 195.08399999999997 192.02399999999992 40
3620.0 497.15200000000016 16 4050.0 -430.0 85 -84 208.37600000000003 177.39499999999998 43
4710.0 588.0889999999999 21 5190.0 -480.0 97 -83 267.5349999999999 222.62699999999995 48
5190.0 457.319 20 5670.0 -600.0 111 -81 197.53699999999998 201.74699999999996 60
4080.0 568.6810000000002 19 4530.0 -450.0 92 -98 214.22700000000003 202.35999999999999 45
2540.0 370.2430000000001 12 3150.0 -650.0 104 -65 156.05199999999996 123.92199999999998 65
3970.0 474.26699999999994 18 4440.0 -590.0 107 -76 203.56099999999995 188.586 59
4400.0 639.8560000000001 18 5250.0 -850.0 122 -101 241.49299999999997 206.759 85
2930.0 395.993 14 3330.0 -540.0 95 -70 161.95799999999997 145.03399999999996 54
3440.0 512.181 15 4170.0 -730.0 111 -82 204.00199999999987 189.06899999999993 73
3540.0 456.71399999999994 17 4200.0 -660.0 105 -79 178.85299999999998 187.32099999999994 56
3345.0 542.0500000000001 17 3960.0 -615.0 106 -87 211.87399999999994 166.447 61
3930.0 563.3050000000001 18 4350.0 -420.0 86 -83 230.92599999999996 199.5909999999999 42
3980.0 488.1259999999999 23 4470.0 -510.0 104 -81 183.584 208.16200000000003 51
4950.0 612.5409999999999 15 5520.0 -570.0 101 -113 239.588 226.47499999999997 57
3260.0 449.9609999999999 19 3780.0 -520.0 93 -72 202.05999999999992 168.951 52
2395.0 513.6369999999998 14 3960.0 -1630.0 119 -59 172.354 134.73699999999997 282
2910.0 391.85800000000006 16 3450.0 -540.0 91 -57 178.87199999999999 149.51699999999997 54
3260.0 400.42199999999985 18 3690.0 -630.0 103 -59 157.04299999999998 154.72099999999998 63
4110.0 550.3730000000002 17 4650.0 -540.0 110 -108 189.27199999999993 203.21399999999994 54
4115.0 617.3879999999996 19 4650.0 -595.0 102 -91 276.48499999999996 224.108 43
3270.0 425.0989999999998 19 3720.0 -450.0 86 -71 150.75099999999998 193.10099999999994 45
3050.0 404.6719999999999 14 3420.0 -370.0 76 -82 146.39999999999995 154.45699999999997 37
4320.0 480.91600000000017 18 4710.0 -390.0 80 -88 189.998 202.93099999999995 39
1730.0 1854.3199999999993 15 3600.0 -1915.0 151 -72 171.17500000000004 163.31599999999997 206
2810.0 399.1369999999999 16 3300.0 -510.0 103 -68 163.30899999999997 153.60499999999996 51
3980.0 417.07000000000005 19 4500.0 -520.0 94 -67 181.66899999999998 181.945 52
4290.0 517.9419999999999 23 4680.0 -390.0 80 -90 211.361 208.91499999999996 39
4940.0 553.8090000000001 20 5490.0 -570.0 106 -86 226.466 249.72100000000006 57
4420.0 569.4019999999998 19 4980.0 -560.0 102 -106 194.92 193.71600000000004 56
3020.0 404.29599999999994 18 3330.0 -310.0 64 -61 184.09999999999997 153.30899999999997 31
4420.0 586.1840000000001 16 4980.0 -600.0 120 -92 233.903 235.86999999999998 60
2880.0 422.0010000000001 16 3420.0 -540.0 90 -70 173.887 149.16200000000003 37
4090.0 504.8689999999998 20 4770.0 -760.0 145 -85 204.30399999999997 195.617 76
3810.0 383.0649999999998 16 4320.0 -530.0 108 -74 136.921 172.35899999999998 53
3060.0 489.4209999999999 18 3630.0 -720.0 131 -97 170.06499999999997 164.962 64
3180.0 494.35200000000003 16 3720.0 -540.0 98 -84 179.001 182.426 54
5130.0 555.7659999999998 18 5550.0 -420.0 85 -86 258.24699999999996 224.287 42
4530.0 695.814 21 5640.0 -1140.0 152 -109 237.033 241.63299999999998 114
2430.0 373.4639999999999 15 3030.0 -630.0 106 -54 168.88400000000001 134.67899999999997 63
3040.0 403.25800000000004 20 3450.0 -410.0 84 -61 197.70799999999997 150.667 41
4140.0 451.77099999999996 16 4530.0 -390.0 80 -81 152.849 191.95100000000002 39
3490.0 466.453 20 4200.0 -860.0 156 -80 185.46699999999996 168.94500000000002 73
3770.0 443.53099999999995 14 4230.0 -610.0 117 -73 188.17699999999996 182.802 61
3600.0 460.88400000000007 19 4290.0 -790.0 160 -82 165.84 174.58299999999997 79
3810.0 499.07099999999997 20 4470.0 -680.0 119 -82 177.545 200.97500000000005 67
4550.0 556.5190000000002 18 5010.0 -460.0 94 -92 227.67999999999986 205.43299999999994 46
4430.0 523.9699999999998 17 5190.0 -760.0 104 -87 203.78199999999998 232.44499999999996 76
3550.0 525.9339999999999 16 4020.0 -950.0 137 -97 156.66899999999993 191.69199999999995 95
3840.0 456.38100000000003 15 4230.0 -390.0 80 -73 197.31099999999998 190.046 39
4740.0 587.3809999999999 19 5190.0 -660.0 111 -83 250.38099999999994 241.93499999999995 66
3830.0 469.0730000000001 17 4350.0 -520.0 88 -75 191.32999999999998 196.20199999999994 36
2450.0 353.043 14 2970.0 -520.0 91 -64 135.611 137.543 52
3240.0 665.299 17 3810.0 -770.0 132 -74 178.54099999999997 163.672 77
5650.0 606.2389999999998 21 6090.0 -440.0 85 -94 267.2989999999999 253.7249999999999 44
2730.0 531.2999999999998 19 3780.0 -1120.0 159 -85 184.46799999999996 171.252 103
4710.0 590.3849999999999 18 5130.0 -420.0 87 -97 237.95799999999997 237.73499999999996 42
3610.0 544.814 18 4140.0 -530.0 92 -92 222.34799999999996 181.541 53
6910.0 516.3709999999999 20 7620.0 -710.0 118 -123 233.291 169.87399999999997 70
3270.0 465.552 16 3870.0 -600.0 123 -92 160.623 168.751 60
5450.0 630.4339999999999 20 5940.0 -490.0 100 -115 236.66899999999995 242.60499999999993 49
4405.0 567.9119999999999 15 5040.0 -785.0 138 -96 210.31199999999995 225.76399999999998 62
4600.0 549.759 16 5070.0 -470.0 92 -91 219.32399999999996 201.27900000000002 47
3515.0 471.8159999999998 18 4050.0 -535.0 93 -72 183.2199999999999 177.3299999999999 44
4920.0 507.7000000000001 22 5340.0 -420.0 86 -80 250.75099999999992 204.115 42
4820.0 580.2769999999999 20 5310.0 -490.0 91 -98 219.27099999999996 222.38199999999998 49
3930.0 502.0989999999998 18 4590.0 -705.0 133 -74 215.72199999999992 212.8439999999999 61
5890.0 539.6520000000002 22 6450.0 -580.0 118 -97 214.04599999999996 236.49099999999996 58
3330.0 593.5369999999999 18 4080.0 -750.0 113 -93 233.04099999999994 186.62 58
3220.0 430.7049999999998 19 3600.0 -470.0 93 -64 188.15399999999997 159.885 44
4510.0 585.8729999999999 21 4950.0 -440.0 90 -93 259.62699999999995 218.19399999999993 44
4600.0 485.611 16 5070.0 -470.0 88 -75 194.479 232.93199999999996 47
2790.0 539.9609999999998 14 3840.0 -1050.0 165 -98 124.81899999999999 177.53699999999998 103
4370.0 555.0209999999997 16 4830.0 -550.0 112 -91 176.41699999999992 232.70099999999996 55
3360.0 512.1009999999999 17 3960.0 -610.0 126 -72 208.11099999999996 185.23200000000003 61
3950.0 549.6250000000003 19 4470.0 -560.0 114 -90 221.754 201.84699999999998 56
3440.0 541.3009999999998 17 4260.0 -870.0 139 -76 240.15099999999993 195.225 87
4250.0 504.201 16 4950.0 -790.0 162 -87 184.433 207.55199999999988 79
3350.0 533.8790000000001 17 4020.0 -670.0 106 -76 184.38899999999995 176.60399999999996 67
4375.0 493.67999999999995 21 4800.0 -425.0 86 -81 191.844 195.12899999999996 42
4080.0 523.5669999999999 14 4620.0 -540.0 97 -88 203.7709999999999 201.43299999999994 54
2960.0 435.73299999999995 19 3390.0 -430.0 88 -70 191.77999999999994 166.257 43
3980.0 352.452 17 4380.0 -400.0 83 -62 162.14599999999996 147.62399999999997 40
4050.0 514.3149999999999 16 4590.0 -540.0 108 -89 190.57199999999995 211.88199999999995 53
4450.0 539.663 19 5070.0 -690.0 98 -80 266.2129999999999 209.897 53
5600.0 666.6080000000001 23 6060.0 -460.0 93 -110 284.359 255.03100000000003 46
3150.0 536.5989999999999 20 4080.0 -990.0 130 -80 250.64799999999997 178.55999999999995 99
4180.0 486.04600000000005 16 4770.0 -590.0 99 -86 190.951 181.38800000000003 52
3400.0 442.96199999999993 17 3810.0 -410.0 84 -67 194.91400000000002 166.411 41
3110.0 414.747 18 3510.0 -400.0 82 -65 185.328 151.42999999999995 40
3640.0 460.5489999999999 21 4170.0 -540.0 108 -70 207.78399999999996 182.7 53
4275.0 618.4979999999998 18 4800.0 -525.0 99 -98 252.7799999999999 174.6999999999999 50
3860.0 507.2630000000001 13 4650.0 -870.0 155 -79 202.54 206.25799999999995 87
4480.0 647.654 19 5100.0 -680.0 113 -93 283.868 239.16299999999998 68
4070.0 530.4029999999999 16 4860.0 -790.0 114 -101 154.55100000000002 205.58100000000002 63
3895.0 498.5339999999999 19 4860.0 -965.0 96 -74 179.894 206.63 127
3580.0 462.31999999999994 13 4170.0 -590.0 104 -77 170.62399999999997 174.63899999999995 59
4780.0 637.9499999999998 20 5430.0 -670.0 113 -82 316.3939999999999 243.20199999999997 51
3600.0 466.7059999999999 17 4110.0 -510.0 98 -70 188.26499999999996 190.54899999999998 51
4420.0 2729.2290000000003 16 5880.0 -1510.0 159 -88 296.729 252.38599999999997 151
5000.0 555.883 23 5520.0 -520.0 88 -95 218.40699999999993 254.7689999999999 36
3740.0 409.39 19 4140.0 -550.0 112 -74 151.522 166.13600000000002 55
4680.0 1152.9459999999995 16 5790.0 -1170.0 142 -91 232.42599999999996 235.346 117
4500.0 469.46099999999996 20 4890.0 -570.0 117 -78 190.25699999999998 212.57300000000004 57
4360.0 526.4739999999999 19 4920.0 -580.0 119 -90 163.37899999999993 200.825 58
5050.0 558.0819999999998 17 5520.0 -470.0 96 -103 215.04600000000002 214.03599999999997 47
3570.0 490.54799999999994 18 4230.0 -710.0 135 -68 244.03199999999995 179.54099999999997 71
4450.0 618.7389999999999 21 5220.0 -780.0 138 -95 234.73500000000004 237.47599999999997 78
6090.0 574.4649999999998 19 6540.0 -450.0 92 -104 242.30599999999995 251.369 45
2430.0 1366.1979999999992 16 3600.0 -1170.0 144 -70 136.569 139.49799999999996 117
5390.0 635.5909999999999 22 5820.0 -430.0 88 -95 253.47299999999996 275.54099999999994 43
3690.0 420.71399999999994 17 4110.0 -420.0 86 -67 170.03499999999994 192.89799999999994 42
3620.0 526.001 17 4290.0 -730.0 151 -88 207.95400000000004 191.07799999999995 73
2380.0 459.3209999999999 13 3240.0 -1100.0 127 -71 169.29399999999998 161.813 110
2590.0 410.837 14 3150.0 -560.0 89 -63 155.601 145.52399999999997 40
3830.0 427.46599999999995 17 4380.0 -570.0 117 -82 157.05999999999997 186.03599999999997 56
5320.0 479.88899999999995 18 5790.0 -470.0 89 -85 178.50699999999998 229.86100000000005 47
5180.0 589.6339999999998 19 5610.0 -430.0 89 -96 247.576 266.01899999999995 43
3500.0 1526.2859999999985 17 4800.0 -1300.0 147 -73 229.98400000000004 195.474 138
4350.0 1577.583000000001 17 5520.0 -1470.0 170 -100 243.70599999999996 235.17799999999994 137
5020.0 499.5859999999999 16 5700.0 -710.0 134 -95 166.57699999999997 215.01899999999995 61
4280.0 467.9169999999999 18 4980.0 -760.0 105 -79 186.96899999999997 200.44599999999994 76
4210.0 403.36 16 4650.0 -590.0 121 -75 156.91199999999998 173.91099999999994 59
4900.0 584.8509999999999 23 5340.0 -440.0 90 -97 242.02499999999998 247.64899999999997 44
3410.0 489.8719999999999 16 3930.0 -520.0 99 -76 205.04599999999994 163.66700000000003 52
3870.0 500.2599999999999 18 4740.0 -945.0 156 -97 178.83800000000002 211.396 67
3510.0 577.5250000000002 16 4200.0 -790.0 128 -90 180.431 184.1099999999999 68
2025.0 397.56200000000007 17 2550.0 -525.0 97 -57 162.12300000000002 111.12299999999999 52
3260.0 439.91099999999994 10 3660.0 -400.0 82 -80 153.18699999999998 166.75599999999991 40
3800.0 488.42499999999995 19 4920.0 -1120.0 101 -102 164.43299999999994 195.01899999999998 112
3840.0 541.5839999999998 18 4290.0 -450.0 92 -93 201.23599999999993 194.93800000000005 45
3350.0 419.19099999999986 15 3990.0 -730.0 118 -64 171.221 176.794 73
3710.0 665.7319999999999 19 4470.0 -770.0 135 -79 197.47099999999995 178.471 77
3640.0 486.1099999999998 22 4110.0 -590.0 95 -68 228.546 178.469 59
3490.0 459.2220000000001 13 4170.0 -680.0 108 -75 199.14699999999996 182.11899999999997 68
4050.0 1601.6500000000015 18 5040.0 -1340.0 148 -82 209.036 182.989 134
4455.0 520.2239999999999 19 5010.0 -575.0 98 -73 248.436 223.071 41
4240.0 452.6580000000001 15 4650.0 -410.0 85 -87 150.216 190.45399999999998 41
2510.0 427.91699999999986 16 3030.0 -520.0 90 -64 187.55699999999996 129.68099999999998 52
4870.0 668.051 24 5310.0 -530.0 98 -104 274.944 248.91699999999997 53
5090.0 526.435 19 5490.0 -400.0 83 -83 248.50399999999993 213.024 40
4480.0 544.9019999999998 20 4980.0 -770.0 141 -96 228.71 174.206 68
2700.0 319.822 13 3090.0 -570.0 110 -50 134.64099999999996 136.76999999999995 51
3580.0 734.1210000000003 17 4770.0 -1290.0 156 -81 168.23299999999992 200.766 129
4720.0 518.3530000000001 20 5220.0 -500.0 91 -87 205.285 232.14000000000001 50
3815.0 591.6779999999999 17 4500.0 -685.0 121 -104 232.42499999999998 196.56900000000002 68
4300.0 435.276 12 4890.0 -650.0 105 -83 180.23999999999998 166.2369999999999 63
3930.0 556.396 20 4440.0 -510.0 89 -89 271.075 180.17599999999996 51
4325.0 509.24900000000014 19 4920.0 -645.0 110 -80 221.90599999999995 199.25999999999996 64
2970.0 426.26199999999983 13 3900.0 -930.0 89 -85 149.54999999999995 151.42499999999995 93
4000.0 498.3589999999999 20 4470.0 -550.0 112 -75 221.9989999999999 190.36099999999996 55
3710.0 485.901 18 4260.0 -550.0 98 -97 176.51899999999998 169.94399999999996 55
4735.0 525.675 18 5190.0 -455.0 93 -98 198.85399999999998 213.60599999999997 45
3820.0 543.4649999999998 19 4440.0 -620.0 116 -83 239.88599999999994 199.26700000000005 62
4320.0 528.5550000000001 18 4710.0 -390.0 80 -85 231.667 215.04999999999995 39
3000.0 427.68199999999985 18 3540.0 -540.0 86 -92 154.997 147.065 38
3740.0 490.724 20 4230.0 -510.0 104 -80 214.545 187.55799999999996 51
3820.0 433.89 17 4260.0 -440.0 91 -91 148.432 175.51899999999995 44
3340.0 646.117 14 4740.0 -1670.0 124 -64 223.68899999999996 186.14999999999995 284
3050.0 372.89699999999993 12 3510.0 -460.0 94 -65 132.59499999999997 161.65499999999994 46
2720.0 366.766 18 3360.0 -640.0 105 -65 149.51599999999996 141.428 64
4700.0 526.603 21 5100.0 -400.0 81 -87 227.16899999999993 211.59699999999998 40
3260.0 555.717 14 4200.0 -940.0 92 -102 188.78600000000003 184.07800000000003 94
4040.0 516.45 16 4440.0 -400.0 82 -83 215.75699999999992 188.83499999999998 40
3720.0 1632.8950000000013 17 4800.0 -1080.0 139 -111 227.012 202.41200000000003 108
3560.0 403.982 15 3990.0 -490.0 100 -79 156.902 160.84899999999996 48
4570.0 567.6969999999998 18 5610.0 -1080.0 144 -93 223.53099999999995 223.01399999999987 91
3640.0 540.919 17 4080.0 -440.0 90 -87 211.587 199.971 44
3150.0 451.5349999999999 18 3990.0 -840.0 83 -84 144.51 158.28699999999995 83
2040.0 390.232 14 3000.0 -960.0 92 -70 129.044 130.92 96
5010.0 628.7940000000001 19 5910.0 -950.0 138 -107 223.99799999999993 269.5279999999999 95
5410.0 589.0369999999998 19 5970.0 -560.0 99 -94 243.28699999999995 263.338 56
3610.0 406.62199999999996 16 4050.0 -440.0 85 -64 196.39499999999992 164.91599999999997 44
4340.0 536.4709999999998 17 4950.0 -610.0 95 -103 178.415 198.71399999999997 44
3865.0 526.29 17 4500.0 -675.0 126 -93 215.63399999999993 186.94499999999996 57
4900.0 472.2540000000001 15 5340.0 -440.0 91 -99 163.19499999999994 183.35699999999997 44
3690.0 428.70599999999985 15 4170.0 -730.0 112 -66 171.41099999999994 197.69499999999994 72
4590.0 473.0540000000001 20 4950.0 -510.0 106 -76 221.648 198.39699999999993 51
4980.0 559.6090000000002 19 5610.0 -630.0 95 -93 190.01499999999996 234.486 47
3680.0 458.54999999999995 19 4140.0 -460.0 88 -72 186.92499999999995 185.25499999999997 46
3840.0 443.36799999999994 17 4500.0 -710.0 107 -73 191.27899999999997 190.27100000000002 55
5250.0 630.0469999999998 22 5790.0 -540.0 102 -109 246.82999999999998 258.30699999999996 54
3730.0 477.1869999999998 15 4170.0 -440.0 83 -85 157.72499999999997 180.794 44
5110.0 527.4980000000002 17 5700.0 -610.0 117 -88 213.794 236.21500000000003 54
4030.0 466.2510000000002 16 4440.0 -410.0 84 -85 183.60000000000002 187.21999999999997 41
5340.0 526.361 16 5850.0 -510.0 96 -109 214.63299999999998 204.90799999999996 51
3180.0 472.0289999999998 20 3690.0 -530.0 109 -75 192.80299999999997 172.73399999999998 53
4440.0 464.8799999999999 18 5190.0 -840.0 140 -80 185.07399999999998 222.462 56
4130.0 500.0499999999999 19 4560.0 -580.0 108 -73 235.31599999999997 198.07799999999997 51
2020.0 329.984 14 2430.0 -410.0 83 -56 159.755 104.433 41
5570.0 645.189 21 6060.0 -490.0 100 -108 249.3919999999999 262.86099999999993 49
4100.0 465.7459999999999 18 4500.0 -400.0 81 -80 205.85199999999998 180.49899999999997 40
3190.0 449.2939999999999 17 3660.0 -470.0 90 -81 176.18900000000002 157.82600000000002 47
5250.0 557.1360000000001 20 5820.0 -570.0 100 -103 207.17499999999987 233.01499999999996 57
4390.0 445.2989999999999 18 4860.0 -470.0 95 -79 179.43199999999996 197.69899999999993 47
3770.0 457.32499999999993 20 4260.0 -625.0 104 -79 161.388 191.69899999999996 42
3990.0 571.2150000000001 15 4710.0 -780.0 127 -99 230.16400000000004 219.913 78
3190.0 480.204 15 3810.0 -620.0 101 -82 158.88100000000003 178.58199999999997 62
2520.0 476.0889999999997 20 3270.0 -790.0 127 -74 191.82 145.724 78
3660.0 422.3149999999999 18 4110.0 -570.0 113 -76 166.16299999999995 172.15799999999996 56
4775.0 533.9109999999998 17 5340.0 -625.0 121 -91 218.17799999999997 216.13599999999994 56
4190.0 469.0300000000001 18 4590.0 -400.0 82 -84 187.55699999999996 193.49999999999997 40
4725.0 551.4969999999998 18 5160.0 -435.0 88 -97 219.116 193.883 43
4970.0 564.8579999999998 20 5670.0 -700.0 117 -85 254.20599999999996 246.512 70
2640.0 421.121 17 3120.0 -630.0 124 -83 145.56 148.643 63
4560.0 531.2029999999999 18 5070.0 -570.0 110 -100 181.17000000000002 209.83599999999996 61
3930.0 616.7919999999998 15 5040.0 -1150.0 154 -88 235.56099999999995 239.48599999999993 115
4325.0 492.53400000000005 17 4860.0 -745.0 128 -86 185.29999999999995 207.69699999999997 58
3200.0 393.75599999999986 16 3600.0 -400.0 82 -55 180.58399999999995 162.283 40
3920.0 568.6150000000001 19 4380.0 -600.0 107 -83 243.67399999999998 203.14 60
4070.0 513.1939999999998 20 4590.0 -540.0 112 -91 218.37099999999992 186.79799999999997 54
5780.0 1370.9170000000006 15 6930.0 -1150.0 153 -124 217.64199999999994 209.81299999999985 115
4070.0 553.5639999999997 14 4560.0 -490.0 110 -90 183.63399999999996 181.64699999999993 47
4180.0 521.473 20 4620.0 -440.0 84 -73 235.71299999999994 215.76399999999995 44
2570.0 512.4159999999999 15 3750.0 -1180.0 115 -83 174.404 164.84999999999994 118
4600.0 626.8290000000002 22 5190.0 -590.0 121 -110 257.18399999999997 223.79899999999995 59
2970.0 360.7269999999999 16 3450.0 -480.0 90 -73 153.65399999999994 127.50899999999997 48
4740.0 599.199 19 5190.0 -450.0 93 -105 229.99499999999995 233.22899999999996 45
3350.0 607.6609999999998 21 3900.0 -550.0 98 -91 258.08000000000004 190.58299999999997 55
4415.0 553.878 15 5070.0 -655.0 107 -100 161.12199999999996 218.92600000000002 49
4355.0 561.3609999999999 21 4860.0 -505.0 102 -91 225.809 219.524 50
4860.0 553.8580000000003 20 5460.0 -600.0 99 -99 228.14400000000003 226.60199999999995 44
2470.0 354.05399999999986 14 3090.0 -620.0 100 -53 158.99200000000002 138.786 62
3380.0 415.58 17 4020.0 -650.0 118 -76 150.63100000000003 170.90699999999995 65
2710.0 334.028 14 3150.0 -440.0 90 -77 90.97899999999998 140.71799999999996 44
5240.0 626.239 17 5730.0 -490.0 99 -107 247.76999999999998 231.92299999999997 48
4355.0 585.237 19 4890.0 -535.0 106 -89 227.92999999999995 232.21099999999996 51
4430.0 533.232 19 4890.0 -460.0 95 -84 234.08399999999997 214.82100000000003 46
2670.0 519.4599999999999 18 3660.0 -1140.0 124 -79 208.86299999999997 162.15499999999997 114
4010.0 462.29600000000005 21 4470.0 -460.0 94 -75 182.427 190.81499999999997 46
5620.0 563.5979999999998 20 6120.0 -500.0 91 -100 229.369 246.17399999999995 50
4450.0 546.1859999999999 19 4830.0 -380.0 78 -87 229.462 216.72799999999998 38
4510.0 609.9069999999999 20 5220.0 -710.0 102 -112 204.254 240.71900000000005 54
5080.0 518.12 18 5550.0 -470.0 91 -97 207.62300000000002 225.67499999999995 47
3390.0 492.04999999999984 17 3900.0 -830.0 115 -85 204.339 164.698 67
3930.0 447.32400000000007 20 4590.0 -660.0 98 -86 174.792 181.07099999999994 50
4050.0 566.6869999999998 14 4530.0 -480.0 92 -97 191.059 207.226 48
4900.0 591.3609999999999 23 5370.0 -650.0 116 -96 250.70199999999994 247.62700000000004 52
3250.0 540.0949999999999 13 3750.0 -580.0 119 -87 193.99799999999996 191.94799999999998 58
4510.0 503.175 20 5040.0 -530.0 90 -78 238.407 211.40899999999996 53
3800.0 447.0830000000001 16 4830.0 -1030.0 103 -92 146.56000000000003 167.06699999999998 109
3750.0 466.79300000000006 16 4230.0 -480.0 99 -91 185.33799999999997 161.92699999999996 48
3580.0 453.25699999999983 15 4350.0 -860.0 124 -68 182.65700000000004 196.51299999999995 86
3640.0 522.7259999999998 18 4230.0 -590.0 115 -82 234.19900000000004 189.47399999999993 59
3090.0 456.69599999999986 19 3660.0 -570.0 98 -65 225.48200000000003 161.44000000000003 57
5140.0 704.4820000000001 22 5730.0 -590.0 105 -117 291.1979999999999 254.39699999999993 59
3430.0 997.5230000000003 16 4350.0 -920.0 115 -81 175.99300000000002 179.57999999999998 92
3220.0 475.59 17 3810.0 -590.0 112 -82 182.32399999999996 168.72700000000003 56
3560.0 464.01800000000003 18 4170.0 -660.0 135 -73 212.24299999999994 169.86299999999994 66
3950.0 522.2750000000001 17 4410.0 -460.0 94 -94 202.61599999999996 195.11899999999991 46
4680.0 606.4439999999997 19 5160.0 -480.0 85 -86 208.23699999999997 210.77999999999994 48
3480.0 451.5519999999999 17 3930.0 -450.0 93 -76 196.10200000000003 166.39299999999997 45
2740.0 359.82700000000006 13 3210.0 -490.0 100 -66 123.37899999999998 138.029 49
4290.0 624.429 17 4770.0 -480.0 93 -97 277.7469999999999 227.89399999999998 48
2920.0 408.6279999999998 19 3600.0 -710.0 110 -67 152.531 168.233 71
3040.0 350.276 16 3480.0 -580.0 119 -61 136.763 148.932 58
5525.0 583.734 21 6000.0 -475.0 93 -94 262.14399999999995 258.73299999999995 45
4830.0 532.8319999999999 19 5400.0 -570.0 98 -80 215.39699999999996 230.70199999999997 57
4890.0 463.12799999999993 19 5430.0 -540.0 96 -89 193.06500000000003 195.16999999999993 54
2700.0 391.0439999999999 16 3360.0 -740.0 133 -63 133.56099999999995 148.046 74
2630.0 1574.6689999999999 14 3600.0 -970.0 92 -75 198.428 156.59199999999998 97
4640.0 500.9359999999999 20 5100.0 -460.0 88 -87 188.45899999999997 201.54399999999998 46
3830.0 466.7969999999999 18 4230.0 -400.0 83 -85 173.90200000000002 194.32599999999996 40
2620.0 365.41700000000003 13 3090.0 -470.0 96 -62 148.562 143.88499999999996 47
4280.0 517.752 16 4890.0 -660.0 114 -86 202.51099999999994 206.17999999999995 66
3165.0 405.22999999999985 16 3990.0 -825.0 75 -81 176.45999999999998 153.985 165
4290.0 567.7249999999999 18 4860.0 -750.0 116 -83 234.523 192.25300000000004 75
4520.0 619.342 18 5040.0 -520.0 102 -101 267.4079999999999 214.41599999999994 52
3490.0 402.44500000000005 19 3990.0 -500.0 91 -69 162.66 169.63499999999996 50
4590.0 571.171 20 5160.0 -720.0 129 -94 244.37000000000003 217.97800000000004 71
4060.0 484.33799999999985 21 4530.0 -710.0 114 -76 197.21599999999992 199.35500000000005 71
5670.0 629.7280000000002 21 6120.0 -450.0 92 -98 278.2929999999999 265.0729999999999 45
2450.0 377.0629999999999 16 3000.0 -650.0 115 -60 153.83700000000002 132.93599999999998 65
4810.0 582.824 21 5220.0 -410.0 84 -93 263.008 231.28999999999988 41
2570.0 327.73999999999995 14 2970.0 -400.0 82 -56 128.81799999999998 128.24699999999999 40
4420.0 604.728 22 4980.0 -660.0 136 -84 293.85900000000004 226.74799999999996 66
4500.0 2346.6750000000006 12 5610.0 -1110.0 126 -97 206.44699999999995 221.26599999999996 111
6390.0 772.8929999999997 22 7080.0 -690.0 121 -115 308.83699999999993 317.1269999999999 69
4160.0 525.6129999999999 17 4620.0 -460.0 90 -85 171.22699999999995 205.2479999999999 46
3990.0 486.1649999999999 17 4530.0 -540.0 97 -81 210.93800000000002 186.54899999999998 54
3310.0 467.27200000000016 18 3780.0 -470.0 93 -79 206.565 164.85799999999995 47
3465.0 460.36999999999983 16 3960.0 -705.0 101 -74 206.19699999999997 168.84599999999998 54
2840.0 369.32899999999995 15 3450.0 -610.0 104 -55 142.058 135.94499999999996 60
3810.0 515.69 18 4230.0 -510.0 104 -91 206.122 189.10399999999993 51
4540.0 558.5149999999999 17 5400.0 -900.0 136 -97 184.89699999999996 236.72599999999994 90
3060.0 438.4510000000001 16 3510.0 -450.0 88 -70 170.23399999999998 150.046 45
4145.0 530.421 19 4710.0 -565.0 105 -88 212.19800000000004 186.94599999999997 48
3110.0 448.8669999999999 16 3570.0 -580.0 116 -69 186.342 156.88899999999998 58
4800.0 544.6939999999998 21 5430.0 -670.0 81 -81 243.57599999999996 229.43299999999994 67
4120.0 519.3219999999999 13 4680.0 -560.0 98 -105 159.90399999999997 181.36899999999997 56
4700.0 631.6880000000002 23 5100.0 -400.0 83 -89 314.994 232.06599999999992 40
3040.0 491.919 13 4050.0 -1010.0 93 -88 159.522 167.97999999999993 100
3510.0 534.683 18 4050.0 -540.0 111 -105 188.70899999999997 181.92599999999996 54
4320.0 520.387 19 4740.0 -420.0 87 -92 192.35699999999997 211.29400000000004 42
3920.0 435.234 18 4560.0 -640.0 104 -67 176.62099999999995 197.32899999999998 64
4570.0 512.965 17 4980.0 -650.0 106 -83 211.51 208.38299999999995 65
4000.0 471.89299999999986 18 4530.0 -530.0 90 -84 203.09299999999996 193.04099999999994 37
3350.0 417.89899999999994 16 3930.0 -580.0 80 -76 171.13299999999995 164.612 58
4860.0 560.8269999999999 22 5280.0 -420.0 86 -92 243.975 221.853 42
3290.0 488.8839999999999 17 3840.0 -550.0 93 -87 209.44099999999995 163.793 55
3765.0 518.585 21 4380.0 -615.0 94 -89 209.2189999999999 191.94800000000004 44
3830.0 496.929 23 4260.0 -580.0 117 -77 219.784 193.709 58
4580.0 559.718 19 5220.0 -640.0 94 -98 212.23200000000003 204.01599999999993 85
3790.0 460.873 19 4290.0 -570.0 100 -83 169.02699999999996 190.83999999999997 57
3190.0 458.46599999999995 15 3750.0 -570.0 117 -67 158.805 155.815 57
3875.0 468.03 18 4290.0 -505.0 92 -88 156.054 187.37499999999997 50
2840.0 386.015 14 3330.0 -490.0 100 -79 120.07399999999997 138.718 49
4420.0 507.678 16 4920.0 -500.0 93 -94 196.21599999999998 185.27000000000004 50
5160.0 532.5679999999998 19 5670.0 -510.0 85 -95 233.65699999999995 201.813 34
5190.0 636.7269999999996 20 5880.0 -710.0 145 -104 261.15899999999993 258.86599999999993 71
4905.0 562.484 17 5640.0 -755.0 152 -102 224.85699999999997 239.01300000000003 74
4650.0 564.8870000000001 22 5160.0 -510.0 95 -83 278.05899999999997 215.639 62
3660.0 495.98400000000004 20 4290.0 -630.0 113 -87 185.41799999999998 193.992 63
4370.0 486.871 18 4860.0 -640.0 131 -88 172.12599999999995 218.77999999999994 64
5760.0 579.0210000000002 21 6300.0 -540.0 92 -104 204.289 246.14600000000002 54
4690.0 583.9429999999999 17 5220.0 -560.0 113 -97 204.59799999999996 232.58699999999993 56
4200.0 600.3969999999999 19 4650.0 -450.0 89 -101 245.21899999999988 212.3919999999999 45
4290.0 543.7549999999998 22 4890.0 -610.0 124 -92 204.50199999999992 216.36399999999998 60
2740.0 1608.3049999999978 10 4050.0 -1310.0 145 -75 118.053 152.74399999999997 131
4040.0 537.261 21 4500.0 -460.0 87 -95 215.77200000000002 198.408 46
5360.0 614.882 21 5850.0 -490.0 95 -100 267.615 239.86999999999998 49
4120.0 526.8179999999999 19 4770.0 -650.0 105 -86 218.461 209.85999999999999 65
3875.0 413.53799999999995 15 4530.0 -665.0 128 -76 156.74 173.19699999999997 65
3840.0 510.79499999999996 20 4260.0 -510.0 104 -85 214.63799999999998 198.587 51
