3530.0 549.421 18 3870.0 -340.0 68 -102 163.47199999999998 181.91099999999994 34
3385.0 583.654 18 4260.0 -925.0 53 -79 211.16199999999998 153.725 152
4240.0 592.1839999999999 20 4650.0 -450.0 73 -88 246.37599999999998 210.60899999999995 45
4240.0 459.8229999999999 16 4560.0 -380.0 51 -82 170.978 199.12199999999999 38
4150.0 515.2539999999999 18 4350.0 -200.0 40 -93 196.75599999999997 194.60299999999995 20
3870.0 449.1609999999999 14 4080.0 -360.0 73 -83 172.70399999999995 172.48699999999997 36
5910.0 712.823 21 6210.0 -300.0 60 -125 289.9959999999999 261.6209999999999 30
4380.0 492.0790000000001 17 4530.0 -150.0 30 -76 228.738 200.43299999999996 15
6220.0 571.0850000000002 15 6420.0 -200.0 41 -89 258.80799999999994 270.0429999999999 20
3550.0 419.96900000000005 20 3780.0 -230.0 42 -71 159.226 168.014 23
3690.0 414.81300000000005 19 3900.0 -460.0 64 -69 173.41699999999997 174.42100000000002 46
4710.0 562.8869999999998 21 5100.0 -410.0 83 -94 230.05299999999994 209.20399999999995 41
3495.0 477.238 18 3750.0 -295.0 54 -77 206.762 171.69799999999995 28
4490.0 543.6169999999998 20 4650.0 -160.0 32 -93 252.96300000000002 185.42599999999996 16
4485.0 493.2770000000001 20 4740.0 -255.0 44 -78 251.30199999999996 184.131 19
3875.0 712.4149999999987 16 4800.0 -1025.0 116 -87 171.70099999999996 164.26899999999995 100
3510.0 374.5830000000001 19 3810.0 -320.0 61 -69 157.585 150.36499999999998 32
4460.0 551.6200000000001 18 4830.0 -390.0 79 -88 231.45700000000002 205.00999999999996 39
3970.0 575.1400000000001 17 4410.0 -490.0 61 -83 272.34999999999997 197.48200000000003 49
4730.0 486.52 18 4920.0 -190.0 38 -80 210.98999999999992 192.44699999999995 19
5080.0 490.054 13 5400.0 -480.0 70 -104 168.154 165.02999999999997 48
6370.0 698.8919999999996 22 6750.0 -420.0 85 -108 252.71499999999997 306.03199999999987 42
3340.0 430.63399999999984 20 3630.0 -290.0 45 -68 180.09699999999995 163.05299999999997 29
5710.0 602.3339999999998 23 5970.0 -260.0 44 -100 219.80299999999997 263.99999999999994 26
3420.0 446.664 19 3780.0 -380.0 77 -69 211.402 165.80999999999997 38
5280.0 686.7629999999999 17 5520.0 -400.0 76 -104 244.036 260.81899999999985 40
3870.0 549.083 18 4320.0 -450.0 68 -101 197.022 193.936 40
3880.0 550.5379999999999 17 4380.0 -520.0 69 -96 193.88999999999996 186.214 52
4840.0 521.2999999999997 19 5130.0 -290.0 58 -93 184.068 220.57999999999987 29
3980.0 500.4410000000001 19 4230.0 -250.0 50 -80 188.89899999999997 190.593 25
4690.0 511.9609999999999 21 4950.0 -410.0 72 -90 199.41399999999993 200.01799999999997 41
3700.0 473.701 18 3900.0 -200.0 41 -75 212.84799999999998 163.22399999999996 20
5400.0 680.2039999999997 20 5730.0 -330.0 53 -104 295.55199999999996 251.59299999999996 33
3420.0 422.21799999999996 20 3600.0 -180.0 36 -66 191.021 152.45999999999998 18
4340.0 535.7529999999999 16 4680.0 -460.0 90 -100 179.102 197.18299999999994 46
4460.0 542.6300000000001 18 4770.0 -310.0 41 -98 189.54699999999997 213.99999999999994 31
3600.0 441.7609999999999 18 3870.0 -270.0 48 -75 188.308 167.006 27
4150.0 793.9569999999998 14 4860.0 -740.0 82 -97 142.96699999999998 189.39899999999992 77
4600.0 453.92 18 4860.0 -500.0 73 -78 210.80499999999998 184.719 49
3940.0 475.21599999999995 18 4320.0 -390.0 76 -77 201.877 192.10000000000002 39
3440.0 427.2459999999999 13 3930.0 -530.0 66 -73 151.227 174.21299999999997 53
3820.0 480.20500000000015 18 4140.0 -380.0 43 -71 176.669 182.695 38
3630.0 427.0339999999998 19 3810.0 -180.0 36 -77 182.8569999999999 160.74099999999996 18
4550.0 500.63299999999987 19 4770.0 -220.0 44 -92 188.10599999999997 194.48699999999997 22
5200.0 575.0110000000001 17 5520.0 -460.0 57 -94 233.73100000000002 242.67399999999995 46
2810.0 341.61600000000004 14 2970.0 -160.0 32 -55 146.27699999999996 130.82699999999997 16
3020.0 371.0539999999999 18 3180.0 -160.0 32 -68 143.8 138.141 16
4610.0 554.0639999999999 14 4890.0 -280.0 51 -98 199.05199999999996 205.56999999999996 28
4740.0 515.681 21 4980.0 -240.0 45 -89 211.48499999999993 218.97099999999998 24
5910.0 800.8809999999999 17 6510.0 -600.0 68 -133 276.476 262.442 60
4480.0 506.93800000000005 18 4890.0 -470.0 59 -88 194.419 225.50699999999995 47
4230.0 492.37699999999995 18 4470.0 -240.0 48 -89 189.88199999999998 197.278 24
3050.0 474.0649999999997 17 3690.0 -640.0 103 -79 158.677 154.31199999999998 56
3690.0 555.3710000000001 21 3900.0 -480.0 98 -94 190.376 197.928 48
3760.0 436.15500000000003 18 3930.0 -170.0 34 -69 175.98199999999997 162.94699999999997 17
5270.0 530.379 16 5820.0 -630.0 72 -79 194.31599999999997 217.64599999999993 63
2870.0 462.85699999999997 17 3120.0 -250.0 42 -77 181.59199999999998 140.88299999999998 25
3000.0 349.59599999999995 16 3150.0 -150.0 31 -60 143.412 143.29899999999998 15
3090.0 387.50300000000004 14 3270.0 -180.0 36 -66 155.49999999999997 145.348 18
4780.0 540.3569999999999 20 5040.0 -260.0 48 -107 196.16900000000004 208.81499999999994 22
4010.0 625.6109999999999 17 4530.0 -670.0 84 -91 198.92499999999995 186.979 67
4380.0 515.9189999999998 19 4590.0 -210.0 42 -88 211.60799999999995 193.59199999999998 21
4200.0 380.7819999999999 15 4440.0 -240.0 38 -76 127.28099999999998 172.03299999999993 17
5220.0 591.0959999999998 21 5520.0 -300.0 46 -100 258.73499999999996 231.73199999999997 28
2980.0 384.47099999999995 14 3240.0 -260.0 40 -59 153.4509999999999 153.119 26
3830.0 459.36799999999994 17 4080.0 -250.0 41 -70 193.91699999999992 180.21499999999997 25
3780.0 561.6309999999997 18 4530.0 -870.0 99 -98 206.353 187.71399999999997 87
4340.0 543.546 17 4740.0 -400.0 56 -83 186.623 224.64299999999994 40
3930.0 468.773 18 4140.0 -210.0 42 -72 187.86199999999997 191.82800000000003 21
4850.0 465.61499999999984 22 5070.0 -360.0 56 -79 187.42799999999997 202.1829999999999 36
6060.0 672.5679999999999 23 6300.0 -240.0 48 -100 301.9339999999999 278.882 24
6080.0 635.9519999999997 23 6240.0 -160.0 32 -89 308.03799999999995 266.346 16
4290.0 428.0819999999999 16 4440.0 -300.0 61 -78 161.07799999999995 196.885 30
5000.0 504.0989999999999 21 5190.0 -190.0 38 -99 207.40999999999994 192.164 19
4310.0 406.51799999999986 13 4860.0 -570.0 93 -89 135.06399999999996 159.955 57
4545.0 480.3779999999998 18 4770.0 -575.0 69 -74 208.69600000000003 221.446 50
5170.0 537.757 24 5400.0 -260.0 52 -93 217.17199999999997 233.55699999999996 26
4170.0 427.0459999999998 18 4470.0 -320.0 62 -69 176.30400000000006 172.66799999999998 32
4590.0 521.1480000000001 18 4920.0 -330.0 67 -95 177.15799999999996 200.754 33
4180.0 588.603 20 4470.0 -290.0 43 -99 233.66399999999996 212.49399999999991 29
3910.0 436.569 15 4140.0 -230.0 39 -74 161.10399999999996 177.847 23
4390.0 495.214 21 4980.0 -610.0 95 -91 200.10400000000004 192.728 61
4660.0 562.584 22 4860.0 -200.0 40 -86 245.25499999999997 208.58399999999997 20
4000.0 411.08400000000006 15 4200.0 -200.0 41 -75 173.19 163.253 20
4570.0 486.16799999999995 18 5040.0 -470.0 63 -97 200.69299999999996 192.56699999999998 38
6790.0 729.886 17 7170.0 -520.0 64 -95 266.67699999999996 272.7949999999999 52
3660.0 333.96399999999994 11 3780.0 -120.0 24 -71 129.25799999999998 122.94799999999998 12
4320.0 460.40700000000004 16 4560.0 -240.0 48 -88 166.12 186.148 24
4160.0 490.0530000000001 20 4380.0 -220.0 43 -76 209.29999999999998 182.37799999999996 21
3150.0 643.8689999999998 15 4170.0 -1335.0 71 -71 189.278 159.08099999999996 246
4670.0 589.7909999999999 20 4830.0 -160.0 32 -98 266.7919999999999 221.04199999999997 16
4640.0 476.8729999999999 16 4920.0 -630.0 83 -74 187.249 208.95399999999998 63
5650.0 576.4960000000001 20 5850.0 -200.0 40 -95 235.2539999999999 248.386 20
3080.0 373.04599999999994 15 3240.0 -160.0 32 -67 154.583 146.186 16
3140.0 1173.8810000000003 17 3990.0 -850.0 101 -75 201.72799999999998 146.74699999999999 78
4550.0 506.93300000000005 18 4710.0 -160.0 32 -89 211.82699999999997 203.19599999999997 16
4570.0 559.3459999999999 21 4740.0 -170.0 34 -84 271.3999999999999 210.70999999999998 17
4390.0 578.486 18 5100.0 -770.0 99 -94 238.98099999999997 220.53599999999997 77
3480.0 464.0849999999999 15 4050.0 -570.0 92 -67 176.054 192.63700000000006 57
4690.0 554.2389999999999 21 5040.0 -350.0 51 -81 244.04599999999996 214.992 33
3570.0 435.34999999999985 17 3780.0 -210.0 31 -87 159.623 168.283 21
4910.0 508.10699999999997 19 5280.0 -390.0 73 -99 200.61999999999995 201.48399999999992 39
5150.0 831.304 17 6030.0 -970.0 128 -102 267.332 266.63699999999994 97
4520.0 489.7469999999999 18 4740.0 -220.0 41 -83 179.39599999999996 213.54899999999998 22
4500.0 553.2499999999999 18 4980.0 -520.0 73 -93 237.1699999999999 190.01699999999994 52
2880.0 511.33200000000005 15 3210.0 -330.0 66 -87 182.179 142.58499999999995 33
3980.0 445.3950000000001 15 4140.0 -160.0 32 -68 191.95099999999996 187.61299999999991 16
2650.0 565.181 16 3090.0 -455.0 61 -59 190.41500000000002 136.65899999999996 62
5270.0 697.778 22 5820.0 -570.0 100 -107 289.7289999999999 231.72799999999998 57
5820.0 581.8849999999999 24 6060.0 -240.0 48 -102 228.06399999999996 242.33599999999998 24
3840.0 485.3589999999999 19 4140.0 -320.0 65 -78 224.37999999999994 186.51799999999994 32
4130.0 439.95899999999995 19 4290.0 -160.0 32 -70 193.944 182.41699999999992 16
4780.0 538.4569999999998 21 4950.0 -170.0 34 -83 236.1679999999999 207.6049999999999 17
3860.0 413.1059999999999 20 4080.0 -220.0 37 -67 177.713 162.32099999999997 22
4050.0 527.564 18 4350.0 -300.0 43 -84 227.82799999999995 192.91099999999997 30
4580.0 744.4859999999998 17 5100.0 -520.0 43 -96 259.03599999999994 209.64300000000003 52
3080.0 372.7679999999999 17 3420.0 -400.0 53 -54 169.257 143.712 40
3690.0 448.1079999999999 18 3960.0 -270.0 44 -78 191.98399999999998 164.20099999999996 21
3620.0 476.89699999999993 16 3930.0 -310.0 26 -77 161.72599999999997 173.70199999999994 31
3950.0 505.78699999999986 20 4380.0 -530.0 64 -78 218.30099999999996 200.771 53
4470.0 479.51699999999994 15 4680.0 -360.0 73 -78 204.692 196.99500000000003 36
4100.0 571.5260000000003 17 4710.0 -610.0 72 -90 217.21699999999996 200.01 61
3860.0 441.15099999999995 21 4110.0 -400.0 56 -64 205.591 187.488 40
4240.0 452.5309999999999 17 4410.0 -170.0 34 -76 199.96299999999994 187.334 17
3830.0 455.2950000000001 17 3990.0 -160.0 32 -80 184.36999999999995 173.743 16
4380.0 405.05299999999994 17 4590.0 -210.0 42 -80 149.875 177.01000000000002 21
3980.0 469.3219999999999 17 4170.0 -340.0 67 -82 194.31199999999998 178.0 33
4350.0 484.158 17 4530.0 -180.0 36 -85 199.78399999999993 195.12599999999998 18
4870.0 551.5169999999999 18 5040.0 -170.0 34 -93 233.716 215.00899999999996 17
4160.0 476.67199999999997 23 4440.0 -290.0 59 -72 207.53900000000002 190.992 29
4365.0 550.9679999999995 21 4740.0 -375.0 41 -84 269.54799999999994 208.00799999999998 34
4710.0 620.8859999999999 17 4890.0 -180.0 36 -101 256.645 223.01199999999994 18
3690.0 453.212 17 4050.0 -400.0 55 -73 190.22500000000002 183.222 40
3370.0 478.73299999999995 17 3930.0 -560.0 67 -83 182.22699999999998 156.46499999999997 56
4900.0 628.8689999999999 23 5160.0 -280.0 56 -89 270.20899999999995 237.397 28
3820.0 431.6629999999999 16 3960.0 -140.0 28 -72 176.82000000000002 178.49299999999997 14
3600.0 570.724 16 4140.0 -540.0 54 -85 185.15999999999997 191.705 54
5220.0 631.6219999999998 19 5640.0 -420.0 68 -104 282.66099999999994 231.84199999999993 42
4000.0 488.558 15 4440.0 -600.0 82 -83 198.12999999999994 205.87399999999997 60
3960.0 396.58199999999994 18 4200.0 -330.0 58 -84 114.62599999999999 152.203 33
3730.0 587.6770000000001 12 4290.0 -1010.0 123 -98 207.183 187.542 101
4450.0 530.411 17 4650.0 -200.0 32 -81 237.70000000000002 206.069 20
3760.0 511.35699999999986 19 4200.0 -520.0 106 -89 186.77499999999998 175.384 52
4350.0 473.862 17 4530.0 -180.0 35 -72 210.42200000000003 199.46099999999998 17
4870.0 546.4869999999999 21 5070.0 -200.0 37 -96 231.051 196.12099999999995 20
4300.0 497.03700000000003 19 4470.0 -260.0 52 -88 190.619 195.79599999999996 26
4410.0 512.512 19 4680.0 -270.0 45 -84 228.44599999999994 211.798 18
4250.0 497.55599999999976 18 4470.0 -220.0 44 -74 210.69899999999993 191.91199999999998 22
3695.0 453.666 16 4590.0 -905.0 73 -83 180.96999999999994 177.596 138
3940.0 478.46999999999997 13 4350.0 -420.0 86 -89 189.932 135.183 42
4720.0 547.6 25 4890.0 -170.0 34 -86 229.57899999999992 221.73099999999997 17
4790.0 532.361 17 5070.0 -280.0 42 -80 261.0879999999999 207.937 28
3740.0 612.9709999999998 16 4140.0 -580.0 79 -94 226.28 199.36099999999996 52
3810.0 582.8399999999999 18 4200.0 -390.0 48 -94 253.93899999999996 198.08199999999997 33
5970.0 642.62 22 6240.0 -270.0 52 -112 231.00400000000002 270.7699999999999 25
2860.0 461.7619999999999 16 3210.0 -350.0 50 -71 175.41799999999998 142.68 35
4920.0 608.3680000000002 24 5340.0 -430.0 87 -97 239.669 240.68499999999992 43
5340.0 566.1719999999999 22 5640.0 -300.0 45 -95 251.955 240.57299999999998 22
4705.0 530.0000000000001 20 5070.0 -365.0 53 -85 245.19999999999996 229.05599999999995 35
4050.0 441.8369999999997 16 4200.0 -150.0 30 -65 211.17099999999996 183.59699999999998 15
4890.0 593.3370000000001 20 5160.0 -270.0 51 -102 244.95899999999997 225.448 27
5200.0 521.8279999999999 15 5400.0 -200.0 40 -88 196.25499999999997 223.43599999999992 20
5250.0 542.1650000000001 19 5520.0 -270.0 48 -109 216.911 213.439 21
4810.0 554.45 18 5100.0 -290.0 58 -91 213.141 218.22400000000002 29
3425.0 482.1980000000001 14 3660.0 -415.0 63 -78 171.961 168.88999999999996 41
3530.0 414.15599999999984 17 3750.0 -640.0 76 -65 167.27900000000005 169.58 63
3150.0 373.7810000000002 12 3390.0 -300.0 36 -63 155.53500000000003 147.70499999999996 30
3530.0 481.99700000000007 15 4320.0 -870.0 83 -87 136.694 188.24999999999997 87
4410.0 526.5639999999999 21 4560.0 -150.0 30 -81 209.23200000000003 214.177 15
4830.0 516.458 20 5190.0 -360.0 54 -88 217.99199999999996 201.14999999999998 36
3160.0 367.6779999999999 13 3360.0 -200.0 34 -60 134.43599999999998 144.21199999999993 20
3480.0 513.1369999999998 19 3780.0 -300.0 44 -82 243.35099999999997 171.316 30
3220.0 362.78300000000024 13 3540.0 -370.0 74 -60 133.857 161.152 37
4150.0 472.926 18 4320.0 -170.0 34 -78 203.159 166.67799999999997 17
5535.0 533.1969999999999 18 5940.0 -405.0 78 -99 219.54999999999993 204.102 38
3360.0 420.642 17 3570.0 -410.0 61 -66 165.90799999999993 166.05799999999996 41
4060.0 652.6880000000001 20 4740.0 -680.0 117 -98 218.34199999999993 195.11599999999999 68
3415.0 446.18699999999984 16 3780.0 -365.0 57 -76 175.86899999999994 166.858 35
4640.0 518.2069999999999 21 4830.0 -430.0 59 -71 234.90699999999998 230.92000000000002 42
4450.0 464.961 20 4650.0 -200.0 41 -77 206.014 199.24399999999994 20
4240.0 485.619 18 4410.0 -170.0 34 -70 216.33799999999994 196.377 17
4740.0 606.8939999999998 19 5010.0 -340.0 60 -93 263.51499999999993 231.03099999999995 34
3990.0 458.0649999999999 17 4170.0 -180.0 37 -72 186.58399999999997 190.68700000000007 18
4220.0 483.86799999999994 19 4560.0 -460.0 72 -82 184.01999999999995 204.14499999999998 46
3780.0 456.475 13 4110.0 -330.0 59 -77 186.95399999999995 166.89799999999997 33
4020.0 459.96399999999994 20 4260.0 -240.0 43 -69 197.01399999999998 195.53300000000002 24
4885.0 577.5770000000001 23 5280.0 -455.0 59 -98 255.85799999999998 222.04599999999994 39
3410.0 438.97999999999996 17 3690.0 -400.0 55 -70 174.32899999999998 164.72700000000006 40
5720.0 642.0249999999996 22 6000.0 -280.0 49 -104 277.9099999999998 264.455 28
5010.0 576.2159999999999 24 5250.0 -240.0 44 -107 216.168 229.70399999999998 24
3660.0 458.6420000000001 16 3960.0 -700.0 81 -59 175.892 188.954 69
4050.0 374.348 14 4230.0 -180.0 36 -70 138.78599999999997 160.97899999999996 18
3830.0 459.7549999999999 14 4110.0 -280.0 56 -83 189.81699999999998 175.47 28
5070.0 571.2779999999998 24 5310.0 -280.0 56 -73 272.3519999999999 245.29999999999998 28
4760.0 605.5189999999999 22 5070.0 -330.0 66 -96 269.30799999999994 223.54699999999997 33
4450.0 541.7959999999999 17 4710.0 -300.0 60 -73 240.05599999999995 213.49800000000002 30
5280.0 586.8749999999998 20 5490.0 -210.0 42 -105 214.367 238.66899999999998 21
5660.0 608.3769999999998 16 6060.0 -400.0 59 -108 198.497 232.442 40
2630.0 302.37199999999996 13 2790.0 -410.0 54 -55 115.46700000000001 119.65999999999997 41
3960.0 405.50099999999986 19 4260.0 -300.0 44 -67 168.50099999999995 178.508 30
5670.0 2749.9719999999993 17 6630.0 -960.0 100 -121 245.603 282.55199999999996 96
3310.0 451.846 15 3720.0 -510.0 95 -69 179.918 174.98999999999998 51
3820.0 470.55500000000006 20 4050.0 -230.0 41 -81 191.54899999999998 160.42 23
4270.0 443.0129999999999 17 4380.0 -110.0 22 -73 209.91799999999995 176.694 11
4730.0 620.753 21 5160.0 -440.0 85 -88 281.6269999999999 223.77499999999998 44
3580.0 464.9619999999998 15 3780.0 -200.0 41 -89 179.03399999999996 168.31799999999998 20
5050.0 476.9229999999999 21 5400.0 -370.0 72 -89 221.06699999999998 199.72199999999998 37
4240.0 430.3029999999998 20 4440.0 -290.0 52 -75 169.496 192.03199999999998 23
3370.0 528.1289999999999 18 3780.0 -450.0 71 -86 237.375 169.44599999999994 45
4950.0 575.2149999999999 18 5250.0 -320.0 54 -83 249.00199999999995 241.96799999999993 32
3700.0 464.29100000000005 18 4080.0 -380.0 53 -77 200.06799999999993 166.121 38
4290.0 489.5719999999998 17 4620.0 -350.0 70 -87 186.08099999999996 199.879 34
4000.0 439.71799999999996 20 4170.0 -170.0 35 -85 179.87600000000003 172.282 17
3520.0 460.1409999999999 15 3690.0 -170.0 34 -89 166.779 163.40699999999998 17
4300.0 611.4930000000002 18 4620.0 -320.0 59 -95 262.7460000000001 211.16499999999996 39
4540.0 735.897 18 5460.0 -1010.0 83 -102 233.89600000000002 204.00099999999995 171
3960.0 477.835 14 4170.0 -210.0 42 -82 195.879 173.51299999999995 21
5015.0 654.193 23 5430.0 -535.0 90 -90 261.465 230.789 53
4270.0 434.6110000000001 17 4560.0 -330.0 64 -84 161.17600000000002 197.13699999999994 32
4910.0 626.914 19 5610.0 -760.0 76 -100 264.0019999999999 239.95899999999992 73
6810.0 702.2020000000001 23 7200.0 -390.0 53 -102 328.5 319.83399999999995 39
2980.0 415.5539999999999 15 3150.0 -170.0 34 -72 173.82199999999995 142.863 17
4490.0 584.4550000000002 16 4830.0 -340.0 61 -93 225.18399999999997 222.56199999999995 33
4640.0 494.92900000000003 24 4860.0 -370.0 60 -74 218.77599999999998 206.149 37
3230.0 373.64399999999995 18 3540.0 -320.0 65 -70 120.187 146.12099999999998 32
5860.0 370.43 14 6300.0 -440.0 59 -110 137.391 108.17799999999998 42
3900.0 453.134 16 4050.0 -150.0 30 -73 203.52799999999996 190.957 15
4050.0 475.5509999999998 21 4440.0 -570.0 59 -77 197.242 175.87000000000006 57
3830.0 460.1729999999999 19 4080.0 -250.0 51 -78 183.51600000000002 187.42799999999997 25
4500.0 585.5400000000001 16 4770.0 -270.0 41 -91 236.46599999999998 209.75799999999998 27
4670.0 468.7429999999999 21 4860.0 -210.0 42 -70 216.92200000000005 211.75900000000001 21
4500.0 487.1919999999998 19 4680.0 -300.0 62 -75 213.47199999999998 202.76499999999996 30
4090.0 464.9029999999998 14 4290.0 -380.0 77 -87 186.76199999999997 180.64199999999994 38
4140.0 624.9129999999998 17 4740.0 -640.0 113 -97 205.74599999999998 221.05500000000004 60
4020.0 471.923 17 4230.0 -210.0 42 -90 185.15499999999997 165.78299999999993 21
3760.0 1491.062999999999 19 4950.0 -1190.0 114 -96 232.13799999999995 202.17400000000004 127
4010.0 531.924 19 4410.0 -400.0 64 -95 239.70399999999998 171.68299999999996 40
3020.0 383.45599999999985 14 3300.0 -320.0 60 -74 107.28199999999998 148.65799999999996 32
4510.0 464.50699999999995 20 4680.0 -260.0 52 -80 174.671 212.626 26
4740.0 514.4299999999998 23 4920.0 -180.0 30 -91 219.24499999999998 210.84500000000003 12
4420.0 515.672 20 4620.0 -200.0 37 -82 210.95099999999996 214.29699999999997 20
3920.0 477.52099999999996 18 4170.0 -250.0 43 -89 183.50799999999995 188.09299999999993 25
3795.0 437.08399999999995 20 4020.0 -225.0 37 -62 217.811 174.35099999999997 15
5660.0 687.3870000000002 22 6090.0 -430.0 67 -103 327.314 264.363 43
3860.0 419.46099999999984 22 4020.0 -160.0 32 -73 169.368 172.1009999999999 16
5220.0 1823.834999999999 16 6450.0 -1275.0 124 -104 219.762 258.137 132
3710.0 524.187 18 4350.0 -640.0 66 -85 187.72700000000003 205.71499999999997 64
3490.0 920.8729999999994 16 4110.0 -620.0 67 -84 238.01799999999992 197.68999999999997 62
2780.0 478.32000000000005 17 3210.0 -510.0 75 -85 163.645 154.27299999999997 51
3780.0 538.4929999999999 16 4530.0 -770.0 93 -78 194.822 188.70799999999997 77
3630.0 415.554 17 3780.0 -150.0 31 -70 167.78199999999995 172.766 15
3700.0 528.5629999999999 20 4140.0 -440.0 71 -93 200.371 180.70699999999994 44
3260.0 928.5540000000002 15 4350.0 -1110.0 111 -94 202.88999999999996 199.2 111
3330.0 405.50600000000003 13 3660.0 -330.0 30 -74 144.523 155.068 33
4460.0 575.9670000000001 18 4830.0 -390.0 79 -89 194.821 232.89999999999992 39
5000.0 558.5899999999999 18 5580.0 -580.0 114 -93 202.62899999999996 222.68099999999998 58
5860.0 566.9610000000001 17 6150.0 -290.0 45 -97 244.34999999999994 233.02799999999996 29
3300.0 401.27399999999983 15 3510.0 -210.0 42 -70 149.32199999999997 166.27800000000002 21
5210.0 626.4519999999999 22 5430.0 -220.0 37 -96 261.2109999999999 248.51699999999988 22
4900.0 431.211 22 5040.0 -140.0 29 -73 196.421 196.908 14
5090.0 516.264 18 5280.0 -370.0 75 -89 212.6 209.2489999999999 37
5960.0 649.205 20 6420.0 -460.0 64 -121 224.58299999999997 248.40999999999994 46
7480.0 592.0679999999999 15 8130.0 -690.0 101 -127 232.07200000000003 186.042 69
4760.0 587.63 20 4950.0 -190.0 38 -98 232.38099999999994 216.92599999999993 19
4210.0 461.6049999999999 18 4440.0 -230.0 43 -87 169.10699999999994 183.47499999999997 21
3530.0 447.614 17 3780.0 -250.0 36 -79 181.594 153.10099999999997 25
4540.0 468.35999999999984 19 4770.0 -250.0 50 -82 207.12999999999997 188.10100000000003 25
3475.0 440.56799999999987 20 4020.0 -585.0 73 -79 180.95899999999997 161.232 58
4285.0 551.1629999999999 20 4560.0 -275.0 51 -89 242.674 192.676 24
5020.0 565.5790000000001 21 5280.0 -260.0 45 -100 231.971 223.67199999999994 26
3230.0 494.4969999999999 17 3480.0 -250.0 43 -82 202.5709999999999 169.18400000000003 25
3570.0 502.80000000000007 21 3990.0 -470.0 95 -79 209.88400000000004 180.60500000000002 47
3680.0 512.627 16 4050.0 -370.0 71 -88 202.903 177.73499999999996 35
3800.0 529.2599999999999 16 4080.0 -280.0 57 -79 238.35299999999995 183.47499999999997 28
4790.0 534.948 21 5010.0 -370.0 67 -76 241.81900000000002 220.406 37
4440.0 488.555 15 4950.0 -510.0 66 -89 186.03599999999994 196.46799999999996 50
4140.0 584.2439999999998 17 4410.0 -270.0 40 -99 201.60699999999994 197.299 27
5400.0 504.037 21 5580.0 -180.0 36 -94 201.96499999999997 231.134 18
4560.0 592.3899999999999 19 4890.0 -390.0 71 -101 194.701 222.31199999999998 39
4780.0 569.992 19 5220.0 -440.0 39 -95 239.33899999999997 208.80500000000004 44
5870.0 576.2339999999999 21 6030.0 -160.0 32 -86 266.748 254.13199999999992 16
4930.0 597.6129999999999 17 5220.0 -290.0 41 -94 274.1099999999999 208.99999999999994 29
4620.0 556.4969999999998 23 4890.0 -270.0 40 -76 257.20700000000005 226.396 27
5510.0 592.4209999999999 21 5790.0 -280.0 56 -97 248.22999999999993 241.69599999999994 28
3980.0 497.25 18 4530.0 -580.0 79 -79 209.90599999999998 182.464 58
4380.0 526.819 16 4590.0 -210.0 39 -85 207.35499999999996 202.65300000000002 21
2840.0 398.694 14 3270.0 -490.0 70 -69 135.88199999999995 138.64399999999998 49
3680.0 456.56199999999984 15 3930.0 -350.0 63 -76 186.878 156.628 35
4400.0 554.648 18 4710.0 -310.0 52 -99 228.38499999999996 190.52199999999993 22
5180.0 502.09400000000005 19 5370.0 -190.0 38 -83 213.05 207.82999999999998 19
3900.0 536.4459999999999 16 4500.0 -600.0 113 -91 175.52899999999997 178.88299999999998 60
3840.0 439.8419999999999 16 4080.0 -240.0 41 -76 157.33499999999998 165.57199999999995 24
4490.0 626.0099999999999 18 4830.0 -340.0 69 -88 230.03199999999995 199.86999999999995 34
4230.0 489.465 18 4410.0 -180.0 36 -83 174.73200000000003 199.16599999999994 18
4305.0 501.49699999999984 20 4800.0 -505.0 86 -81 206.0949999999999 213.011 41
4710.0 521.246 20 4950.0 -240.0 39 -87 226.59900000000002 198.84699999999995 24
4040.0 543.1099999999999 16 4350.0 -310.0 62 -94 195.01399999999998 202.53899999999996 31
2460.0 442.60899999999987 17 2730.0 -470.0 66 -71 162.393 112.191 47
3810.0 476.03799999999984 20 4110.0 -300.0 44 -77 211.80799999999994 176.69899999999993 30
4910.0 578.61 20 5100.0 -190.0 38 -96 227.61200000000002 218.46999999999997 19
3580.0 395.98999999999984 19 3780.0 -200.0 40 -72 157.78499999999994 154.00399999999996 20
4790.0 595.0780000000001 19 5190.0 -400.0 55 -103 238.93099999999995 219.79999999999995 40
4550.0 607.3549999999999 18 4800.0 -430.0 66 -86 257.3909999999999 222.15999999999997 43
4210.0 486.8780000000001 18 4380.0 -250.0 41 -84 180.162 193.11699999999993 25
3760.0 429.764 19 3930.0 -170.0 34 -71 176.25900000000001 168.46499999999995 17
5145.0 531.6830000000001 22 5370.0 -225.0 37 -98 208.139 232.41199999999995 15
3530.0 475.4179999999999 18 3930.0 -400.0 57 -78 206.70999999999998 164.796 40
4440.0 462.6550000000001 18 4950.0 -550.0 79 -91 170.87500000000003 175.29799999999994 55
4350.0 507.5779999999998 16 4740.0 -510.0 62 -84 186.31999999999994 219.12699999999995 50
4140.0 534.6000000000001 18 4440.0 -300.0 53 -96 202.85999999999993 194.68199999999993 23
5800.0 584.1279999999999 23 6060.0 -260.0 43 -90 232.406 290.12199999999984 26
3590.0 434.2380000000001 19 3810.0 -220.0 44 -81 174.63600000000002 159.29999999999995 22
5110.0 714.338 20 5580.0 -470.0 79 -113 250.42699999999996 252.34900000000005 47
4065.0 518.659 19 4380.0 -315.0 51 -93 216.29899999999992 193.66799999999998 26
4300.0 475.82199999999995 17 4740.0 -600.0 90 -77 207.73099999999997 201.02799999999996 51
2970.0 461.95599999999985 16 3180.0 -210.0 41 -86 173.75900000000001 146.84599999999998 20
5960.0 498.03299999999984 21 6150.0 -370.0 54 -99 215.84099999999998 191.985 37
5160.0 527.3400000000003 21 5460.0 -300.0 42 -78 246.75599999999997 231.35599999999997 30
3800.0 433.51200000000006 17 3990.0 -190.0 39 -76 157.266 185.958 19
5305.0 604.8149999999999 20 5640.0 -335.0 55 -116 208.30399999999995 239.03599999999994 32
5170.0 527.541 25 5280.0 -110.0 22 -82 251.643 216.82099999999997 11
2840.0 312.497 18 3000.0 -360.0 50 -59 126.18 116.79899999999998 36
4130.0 515.7719999999997 20 4350.0 -220.0 38 -85 201.99499999999995 189.02899999999997 22
4150.0 653.3230000000003 23 5010.0 -860.0 101 -83 283.79499999999996 221.29199999999994 83
6220.0 727.6529999999999 16 6810.0 -590.0 68 -113 234.999 298.899 59
3630.0 530.4539999999997 14 4020.0 -550.0 93 -82 220.84299999999996 176.79700000000003 51
5190.0 580.82 18 5400.0 -210.0 42 -93 231.74800000000002 248.8949999999999 21
3070.0 422.085 17 3450.0 -390.0 73 -77 172.62300000000002 158.176 39
5070.0 604.236 19 5370.0 -510.0 72 -93 287.118 211.13400000000001 51
4130.0 522.748 19 4620.0 -540.0 67 -87 187.61200000000002 195.265 47
2890.0 451.5810000000002 21 3210.0 -500.0 82 -75 211.85099999999997 142.34299999999996 50
3870.0 380.98099999999994 18 4080.0 -210.0 35 -83 139.32099999999997 156.875 14
4450.0 536.2539999999998 20 4680.0 -550.0 68 -85 221.143 211.15499999999997 55
5540.0 558.447 23 5700.0 -160.0 33 -77 279.55699999999996 235.92099999999996 16
6130.0 632.3040000000001 19 6360.0 -230.0 46 -107 245.0409999999999 284.92299999999994 23
4920.0 532.4079999999999 18 5460.0 -560.0 99 -88 220.746 228.66699999999992 56
5720.0 647.9149999999997 21 6000.0 -280.0 56 -117 230.95699999999994 253.06499999999997 28
5130.0 589.6800000000002 20 5370.0 -240.0 45 -105 195.739 244.2999999999999 24
4200.0 552.4549999999999 18 4380.0 -180.0 36 -95 238.522 203.67399999999998 18
5695.0 457.1559999999999 19 5880.0 -185.0 36 -93 172.33099999999996 212.02900000000002 18
5350.0 629.286 19 5760.0 -410.0 48 -111 221.12199999999993 249.20999999999998 41
5540.0 585.308 20 5730.0 -190.0 35 -90 248.52499999999998 239.44599999999986 19
5060.0 538.3380000000001 16 5250.0 -190.0 38 -87 227.72299999999993 225.49400000000003 19
4560.0 584.6250000000001 23 4830.0 -310.0 62 -88 244.90800000000002 221.826 31
5660.0 658.3159999999999 27 5910.0 -250.0 43 -103 273.58599999999996 274.93699999999995 25
4380.0 524.3069999999999 18 4830.0 -450.0 40 -95 193.429 194.225 45
3740.0 443.78200000000004 15 3930.0 -330.0 47 -75 183.09699999999998 165.00299999999996 33
5030.0 544.1640000000001 19 5280.0 -310.0 62 -97 190.44699999999997 226.655 31
5040.0 536.439 22 5220.0 -180.0 37 -98 208.78799999999998 219.4219999999999 18
5360.0 637.1539999999997 20 5610.0 -250.0 50 -108 245.72899999999998 240.79799999999994 25
3830.0 446.71500000000003 18 4140.0 -390.0 59 -70 187.73599999999996 186.58900000000003 39
3850.0 448.6480000000001 18 4020.0 -170.0 34 -77 172.43599999999998 169.67299999999994 17
6030.0 665.4739999999999 19 6420.0 -390.0 60 -118 229.992 271.77399999999994 39
4710.0 491.83299999999997 18 4860.0 -150.0 30 -81 221.63099999999994 202.523 15
3270.0 1328.3580000000004 15 4440.0 -1170.0 103 -87 190.846 187.109 117
4600.0 605.5509999999999 19 4830.0 -440.0 89 -97 258.0679999999999 210.63799999999998 44
4830.0 529.784 13 5070.0 -240.0 47 -95 171.95399999999998 217.4979999999999 23
2610.0 382.2060000000001 15 3000.0 -540.0 97 -68 124.16499999999998 137.32999999999998 43
4950.0 396.8859999999999 9 5190.0 -240.0 48 -107 87.54499999999997 166.19599999999994 24
4210.0 496.0629999999997 21 4470.0 -300.0 47 -73 247.9849999999999 191.605 30
3015.0 382.034 15 3270.0 -255.0 44 -66 148.698 151.81699999999998 19
4720.0 554.215 23 4950.0 -230.0 41 -91 240.183 208.748 23
4355.0 502.3469999999999 20 4770.0 -415.0 64 -98 178.07999999999993 190.03000000000003 33
4660.0 546.59 17 5130.0 -490.0 82 -106 173.56699999999998 203.50299999999996 50
2700.0 376.64200000000005 14 2880.0 -180.0 36 -64 145.19400000000002 126.38799999999999 18
4560.0 545.8080000000001 22 4920.0 -410.0 55 -76 260.96500000000003 214.78499999999997 41
3460.0 393.87300000000005 14 3930.0 -530.0 64 -64 154.499 173.199 53
5050.0 514.2099999999999 19 5220.0 -170.0 34 -84 223.74299999999997 236.75799999999992 17
4960.0 490.55799999999994 20 5130.0 -170.0 34 -78 221.02299999999997 190.90500000000003 17
5600.0 589.3829999999998 22 6150.0 -550.0 64 -109 234.077 241.803 48
4180.0 525.786 17 4470.0 -360.0 64 -97 147.255 196.68599999999998 36
5370.0 563.325 21 5580.0 -210.0 35 -94 246.15999999999997 242.14699999999993 21
5560.0 763.074 20 5790.0 -230.0 38 -97 252.7249999999999 248.3489999999999 23
3850.0 356.29400000000004 14 4050.0 -200.0 40 -64 146.14099999999996 158.053 20
4610.0 576.5729999999999 21 4950.0 -340.0 50 -84 268.7539999999999 237.88699999999994 34
4570.0 561.4259999999999 20 4800.0 -230.0 46 -89 254.87399999999988 214.3 23
5170.0 493.9699999999998 20 5370.0 -200.0 41 -85 223.14800000000002 204.956 20
4520.0 529.98 18 4800.0 -310.0 60 -96 192.382 211.09799999999996 29
4680.0 507.8079999999999 17 4890.0 -210.0 42 -79 220.52300000000005 217.04599999999994 21
4130.0 561.1080000000001 15 4410.0 -280.0 57 -88 224.65299999999996 197.71600000000004 28
4370.0 472.09499999999997 20 4560.0 -190.0 35 -91 192.026 175.26600000000002 19
3600.0 355.6720000000001 12 3810.0 -210.0 42 -85 115.272 133.44899999999998 21
4300.0 644.905 19 4740.0 -440.0 89 -108 240.76999999999995 210.90199999999996 44
4530.0 655.5200000000001 19 4890.0 -360.0 55 -107 213.62099999999998 234.612 36
6920.0 397.828 9 7350.0 -430.0 71 -119 151.83299999999994 129.286 43
4540.0 481.28999999999996 21 4770.0 -230.0 39 -86 166.02399999999997 221.53099999999995 16
4475.0 542.1989999999996 22 4710.0 -235.0 46 -85 223.52999999999994 223.06699999999998 23
4410.0 472.9069999999999 20 4740.0 -490.0 89 -88 162.85399999999996 189.23099999999997 49
2430.0 315.40299999999996 10 2700.0 -270.0 38 -54 147.80999999999995 121.82299999999998 27
4320.0 614.871 19 4860.0 -540.0 48 -94 259.597 195.77699999999993 60
4275.0 474.3709999999998 15 4620.0 -345.0 64 -96 160.90199999999993 182.1119999999999 34
3370.0 407.02699999999993 15 3660.0 -530.0 73 -67 169.082 164.93599999999998 46
5805.0 686.1000000000001 20 6270.0 -465.0 64 -111 285.846 259.88300000000004 39
4130.0 606.134 17 4440.0 -310.0 54 -102 216.094 190.268 31
4550.0 471.70299999999986 21 4710.0 -650.0 76 -72 207.19899999999996 203.58999999999995 65
3480.0 382.82300000000004 17 3690.0 -210.0 42 -71 159.57699999999997 144.94699999999997 21
4660.0 661.1480000000001 13 5370.0 -710.0 83 -106 195.61299999999997 219.58999999999997 71
3250.0 455.93299999999994 20 3480.0 -380.0 59 -68 224.09799999999996 150.18599999999995 38
3600.0 443.6679999999999 20 3840.0 -240.0 41 -73 184.475 166.021 24
3780.0 406.20599999999996 19 4140.0 -360.0 56 -67 153.66899999999998 178.669 36
4330.0 462.759 18 4530.0 -200.0 40 -72 227.96599999999995 187.31599999999995 20
4720.0 493.07500000000005 17 5010.0 -290.0 59 -88 219.749 179.52999999999994 29
3170.0 535.8019999999999 17 3840.0 -670.0 106 -87 198.938 169.60999999999993 67
4510.0 581.914 20 4890.0 -390.0 80 -87 254.85399999999993 203.16699999999997 39
3760.0 479.8369999999998 19 3930.0 -230.0 46 -76 219.62699999999995 168.27899999999997 23
4910.0 459.49899999999997 19 5220.0 -330.0 68 -87 170.91799999999992 203.82299999999995 33
4530.0 468.29099999999994 16 5010.0 -480.0 65 -89 167.84199999999998 167.474 40
5480.0 541.85 22 5640.0 -160.0 32 -84 239.18499999999995 256.8839999999999 16
4120.0 556.135 19 4320.0 -200.0 40 -88 244.74999999999994 201.01500000000001 20
4950.0 503.35999999999996 20 5310.0 -360.0 55 -89 211.29200000000003 220.87699999999995 36
4830.0 622.327 19 5040.0 -330.0 67 -100 258.246 230.813 33
3880.0 464.99600000000004 15 4080.0 -200.0 40 -76 194.18599999999992 166.69499999999994 20
3670.0 493.409 19 3900.0 -320.0 36 -63 218.24999999999997 172.40699999999998 32
3900.0 461.8250000000001 18 4020.0 -120.0 25 -81 193.02099999999993 172.76 12
5130.0 646.9500000000002 21 5580.0 -450.0 83 -103 274.512 241.374 45
4640.0 528.9730000000002 14 4800.0 -160.0 32 -88 208.12599999999998 217.16399999999993 16
5070.0 785.4079999999997 19 5490.0 -420.0 55 -115 224.99899999999997 218.741 42
2530.0 344.52399999999994 14 2760.0 -230.0 43 -61 139.22299999999998 115.42 23
3795.0 469.8279999999999 15 4020.0 -225.0 37 -79 203.284 166.46699999999998 15
3250.0 471.10900000000004 15 3600.0 -470.0 77 -76 168.122 157.45100000000002 47
4770.0 535.4080000000001 17 5010.0 -420.0 75 -86 208.63699999999997 212.08599999999996 42
3885.0 526.374 19 4230.0 -345.0 68 -101 203.53699999999992 179.84799999999998 34
4120.0 505.46499999999986 16 4470.0 -410.0 52 -80 193.35499999999996 183.11999999999998 41
3650.0 721.1399999999999 16 3990.0 -340.0 22 -68 188.547 181.28899999999996 34
5350.0 560.9250000000002 20 5910.0 -560.0 78 -106 191.72599999999997 225.23 56
4920.0 556.7909999999999 17 5250.0 -330.0 50 -107 193.46699999999996 215.27099999999996 33
6520.0 710.5119999999997 24 6870.0 -350.0 60 -121 304.60299999999995 274.3399999999999 35
5180.0 496.12499999999994 18 5430.0 -250.0 39 -95 194.76699999999997 222.69199999999998 25
3810.0 398.65900000000005 16 3990.0 -180.0 36 -71 145.752 150.598 18
4755.0 518.8799999999999 23 4920.0 -165.0 32 -92 214.82999999999998 219.89599999999993 16
4750.0 456.8340000000001 19 4920.0 -240.0 40 -79 206.71299999999997 201.8939999999999 24
3680.0 500.4 12 4290.0 -730.0 82 -103 141.60799999999998 164.86599999999999 73
3380.0 464.7869999999999 17 3930.0 -590.0 68 -75 187.61599999999996 164.86299999999997 59
3440.0 385.345 17 3780.0 -350.0 71 -69 149.482 160.62900000000002 35
3880.0 413.4929999999998 18 4230.0 -370.0 73 -76 183.5409999999999 146.50099999999995 36
4030.0 528.883 20 4380.0 -390.0 71 -85 214.73800000000003 188.82299999999995 39
3895.0 539.5790000000001 17 4290.0 -455.0 53 -78 232.31699999999995 205.60699999999994 43
3540.0 482.3329999999999 18 3810.0 -270.0 45 -66 251.26199999999994 172.83599999999998 27
3810.0 491.165 18 4140.0 -330.0 41 -69 211.552 183.90299999999993 33
4815.0 590.0489999999999 18 5220.0 -405.0 80 -105 227.82599999999994 216.768 40
4210.0 403.55400000000003 19 4380.0 -350.0 50 -69 180.81499999999997 172.35799999999995 35
4900.0 596.5400000000001 20 5190.0 -290.0 44 -85 279.7339999999999 231.91399999999996 29
3430.0 420.52999999999986 20 3630.0 -200.0 40 -67 172.966 162.75899999999993 20
4120.0 549.842 18 4290.0 -170.0 25 -84 258.74999999999994 206.34299999999993 17
3460.0 436.30499999999995 16 3690.0 -230.0 43 -73 161.38599999999997 154.31499999999997 23
5490.0 598.367 23 5730.0 -240.0 43 -89 281.2809999999999 237.47699999999992 19
4220.0 454.74599999999987 18 4500.0 -280.0 47 -75 188.24499999999995 187.74 28
5630.0 603.871 21 5850.0 -220.0 44 -101 262.81100000000004 254.50299999999996 22
5110.0 524.409 22 5310.0 -280.0 42 -88 213.02699999999996 223.312 28
4310.0 434.78299999999996 19 4440.0 -130.0 27 -70 205.34600000000003 186.75099999999995 13
3720.0 463.8980000000001 14 3900.0 -240.0 44 -81 186.375 181.42699999999996 24
3700.0 498.61799999999977 15 4260.0 -560.0 66 -84 210.98799999999997 195.40499999999997 56
5430.0 604.52 19 5700.0 -270.0 43 -89 267.125 239.85299999999995 27
4340.0 515.8799999999999 21 4620.0 -280.0 50 -97 182.06799999999993 213.62399999999997 28
4580.0 542.5690000000001 20 4770.0 -190.0 38 -93 250.84599999999998 189.62499999999997 19
3230.0 531.0789999999997 17 3900.0 -830.0 86 -86 179.10999999999999 196.36699999999996 83
3750.0 433.0699999999998 17 3930.0 -180.0 36 -75 161.73 160.278 18
4445.0 646.4959999999999 22 5340.0 -895.0 127 -106 243.91 226.39399999999995 87
5510.0 533.713 20 5730.0 -220.0 44 -104 174.207 229.0879999999999 22
5240.0 497.603 21 5430.0 -370.0 63 -95 192.79399999999993 218.76799999999997 31
4110.0 455.09499999999986 18 4320.0 -210.0 42 -98 155.528 173.96999999999997 21
4560.0 568.9399999999998 20 4770.0 -210.0 42 -90 242.64999999999995 219.29999999999995 21
4280.0 559.4939999999999 17 4560.0 -280.0 47 -90 224.8429999999999 195.709 28
4170.0 895.6790000000005 21 4770.0 -600.0 53 -85 251.576 208.07199999999997 60
3910.0 474.87199999999984 19 4260.0 -450.0 55 -72 162.30399999999995 186.25200000000004 45
4290.0 437.36600000000004 21 4410.0 -210.0 38 -70 197.151 185.94 17
4690.0 590.1670000000001 18 4890.0 -200.0 40 -93 195.40999999999997 237.493 20
3960.0 647.036 15 4590.0 -690.0 81 -82 218.81300000000007 208.64999999999998 68
2430.0 431.682 16 2760.0 -330.0 47 -69 143.898 128.65599999999995 42
5360.0 563.6829999999995 19 5580.0 -220.0 39 -100 228.11799999999988 248.43399999999994 17
4360.0 595.608 21 4740.0 -380.0 42 -97 221.81799999999993 202.03899999999996 38
3610.0 533.0959999999999 20 4020.0 -410.0 59 -83 219.29899999999992 185.57399999999996 41
3990.0 449.76899999999995 18 4320.0 -330.0 50 -73 169.643 194.37399999999994 33
3990.0 416.46399999999994 22 4380.0 -435.0 77 -69 180.36499999999998 175.50300000000001 34
5090.0 568.421 18 5250.0 -160.0 32 -84 253.20099999999996 246.59199999999993 16
5800.0 631.0369999999997 22 6060.0 -260.0 53 -116 224.61199999999997 248.64399999999992 26
4890.0 608.8510000000001 21 5430.0 -540.0 79 -100 244.31799999999998 235.67100000000002 53
4530.0 462.2830000000001 20 4740.0 -300.0 60 -80 189.70299999999997 180.77799999999996 30
4520.0 430.8349999999999 20 4830.0 -330.0 66 -91 160.36799999999997 174.23100000000002 33
3525.0 476.679 18 3840.0 -495.0 84 -76 220.83399999999997 165.31099999999998 41
4210.0 497.34999999999985 18 4590.0 -480.0 62 -70 208.72899999999998 213.19099999999995 48
2280.0 399.517 8 3600.0 -1400.0 67 -60 107.256 155.04699999999997 265
3770.0 487.53799999999984 21 3960.0 -190.0 35 -76 193.05300000000003 185.25 19
3780.0 513.5530000000001 19 4170.0 -390.0 42 -78 176.81799999999998 175.25199999999998 60
4090.0 597.454 19 4620.0 -550.0 88 -91 259.2819999999999 204.49799999999996 55
2880.0 429.0919999999997 14 3090.0 -210.0 42 -72 189.27799999999993 131.51899999999998 21
4040.0 452.46699999999987 18 4350.0 -310.0 46 -77 192.04899999999998 188.617 31
3680.0 483.685 19 3960.0 -280.0 42 -87 183.91199999999998 181.12900000000002 28
3520.0 924.5749999999996 15 4560.0 -1140.0 114 -85 168.82099999999997 205.06699999999995 112
3250.0 469.20699999999994 17 3990.0 -740.0 98 -73 211.966 153.442 66
4420.0 564.2769999999998 16 4770.0 -350.0 60 -100 191.27399999999997 221.38400000000001 46
4410.0 545.3389999999998 15 4890.0 -480.0 64 -88 228.33799999999997 191.94599999999997 48
4180.0 487.709 16 4410.0 -390.0 79 -74 200.362 177.515 39
4200.0 486.1710000000001 17 4380.0 -180.0 33 -82 199.811 190.09099999999998 18
5190.0 529.9089999999999 19 5580.0 -570.0 71 -86 220.839 238.926 57
2795.0 433.25800000000004 14 3120.0 -485.0 96 -82 123.74799999999999 128.64 47
3810.0 707.2489999999999 17 4470.0 -660.0 69 -86 194.21099999999996 178.84999999999994 66
4525.0 454.877 17 4830.0 -305.0 46 -81 166.25099999999998 188.92299999999997 30
3420.0 416.332 15 3660.0 -240.0 44 -78 151.93399999999997 155.258 23
5550.0 606.8239999999997 18 6060.0 -525.0 95 -102 250.96799999999996 254.60499999999996 43
4000.0 506.2219999999999 21 4170.0 -170.0 34 -77 258.1929999999999 176.39599999999993 17
2980.0 430.882 20 3330.0 -360.0 73 -71 160.838 158.81499999999997 36
3580.0 447.1819999999999 15 3810.0 -350.0 72 -70 192.12299999999996 176.77899999999997 35
5385.0 602.5329999999998 19 5640.0 -255.0 43 -102 233.78099999999995 258.6089999999999 18
3310.0 1171.8049999999998 17 3900.0 -590.0 59 -79 179.00600000000006 175.197 59
4780.0 587.8409999999999 20 5100.0 -320.0 57 -93 225.39799999999997 239.5669999999999 25
4410.0 446.409 22 4620.0 -210.0 34 -75 187.82399999999998 194.56300000000002 14
3960.0 522.7249999999999 15 4140.0 -180.0 36 -83 228.73399999999992 177.99800000000005 18
4200.0 518.45 19 4530.0 -350.0 71 -83 232.96299999999997 201.53899999999996 35
2910.0 291.367 14 3120.0 -210.0 43 -64 91.134 131.423 21
4330.0 359.554 17 4590.0 -260.0 34 -73 159.82899999999998 150.665 26
2980.0 366.4249999999999 13 3270.0 -370.0 49 -60 160.04099999999997 137.51899999999995 37
3780.0 463.9699999999999 16 4050.0 -270.0 49 -78 155.54899999999998 191.209 27
5360.0 593.8550000000001 20 5640.0 -280.0 51 -93 242.83499999999998 257.07899999999995 28
4080.0 480.7559999999999 23 4350.0 -370.0 63 -77 216.43899999999994 181.99299999999994 37
3990.0 464.42499999999995 21 4170.0 -180.0 36 -77 204.72899999999998 190.67899999999997 18
4610.0 506.35999999999984 18 4830.0 -220.0 44 -83 197.82299999999998 212.61200000000002 22
4960.0 541.6479999999998 16 5580.0 -650.0 86 -86 217.76100000000002 234.396 65
5860.0 605.9889999999999 17 6120.0 -260.0 53 -111 215.94099999999995 242.88099999999997 26
3305.0 563.957 17 3540.0 -295.0 49 -88 190.84999999999994 154.83599999999998 38
4130.0 504.896 16 4350.0 -430.0 63 -87 183.89699999999996 194.97099999999995 43
3940.0 591.528 16 4920.0 -1020.0 120 -104 205.53 212.00299999999996 102
4260.0 534.5860000000001 24 4440.0 -180.0 36 -84 255.0739999999999 201.008 18
5165.0 529.9519999999999 18 5370.0 -265.0 49 -80 251.14199999999988 211.878 23
5025.0 518.471 18 5520.0 -495.0 69 -94 228.89499999999992 202.11599999999996 49
4030.0 492.3690000000002 17 4350.0 -335.0 62 -71 241.75099999999995 182.40699999999995 29
5080.0 619.7159999999998 20 5310.0 -230.0 43 -101 247.79499999999996 245.74399999999991 23
4950.0 515.394 19 5160.0 -210.0 42 -101 227.212 174.32099999999994 21
3680.0 1308.082999999999 17 4350.0 -670.0 60 -79 182.39999999999998 168.75500000000002 67
3590.0 445.99999999999983 17 3870.0 -280.0 48 -70 169.89 163.02100000000002 28
3600.0 488.3449999999999 18 3810.0 -210.0 42 -88 208.50799999999995 162.22599999999997 21
4050.0 497.02899999999994 21 4290.0 -240.0 33 -90 208.58399999999995 186.8029999999999 18
5860.0 680.3749999999999 22 6150.0 -290.0 51 -116 278.7569999999999 244.05699999999993 29
3865.0 523.6429999999998 21 4170.0 -340.0 56 -81 212.472 182.038 51
4210.0 593.2039999999998 19 4710.0 -540.0 67 -76 221.25099999999998 196.35799999999998 54
5030.0 537.287 16 5370.0 -340.0 68 -101 173.92299999999994 218.375 34
4720.0 520.118 16 5010.0 -430.0 61 -92 205.72799999999995 211.89499999999995 43
2840.0 441.0400000000001 16 3030.0 -190.0 39 -70 197.621 158.73299999999998 19
4310.0 449.6099999999999 22 4500.0 -210.0 42 -77 194.174 193.86899999999997 21
5730.0 706.7669999999997 23 6060.0 -330.0 53 -115 293.2540000000001 275.74899999999997 33
2100.0 446.71699999999987 14 2850.0 -750.0 102 -82 146.92899999999997 138.01099999999994 75
4620.0 548.1630000000002 18 4950.0 -330.0 52 -85 237.91899999999998 225.52699999999993 32
4120.0 557.699 17 4320.0 -200.0 40 -99 214.70000000000002 212.33999999999992 20
6120.0 725.486 18 6360.0 -240.0 48 -108 322.8879999999999 282.28299999999996 24
3540.0 369.06399999999985 14 3720.0 -180.0 36 -62 145.13299999999998 163.431 18
4060.0 561.4709999999999 20 4380.0 -320.0 57 -87 216.44599999999994 193.47899999999998 32
4100.0 599.205 17 4890.0 -790.0 73 -92 212.209 171.40399999999994 128
3990.0 486.7170000000001 18 4620.0 -670.0 79 -75 209.117 192.13899999999998 67
8330.0 443.4289999999999 14 8910.0 -580.0 80 -138 170.26599999999993 138.95999999999995 58
3980.0 474.78399999999993 16 4260.0 -280.0 56 -88 185.98499999999996 169.102 28
3710.0 453.95899999999995 19 3930.0 -220.0 44 -77 178.23600000000002 171.16899999999998 22
5180.0 577.7669999999997 19 5610.0 -450.0 91 -94 228.9019999999999 229.54799999999997 45
4360.0 504.65400000000005 22 4560.0 -350.0 66 -78 206.66399999999993 215.6379999999999 35
4020.0 481.87399999999997 16 4260.0 -240.0 40 -88 212.29599999999994 175.613 16
5080.0 515.803 18 5340.0 -260.0 40 -91 205.19299999999993 238.22299999999993 26
2930.0 526.345 18 3300.0 -370.0 61 -80 213.48099999999997 137.545 37
4575.0 450.3230000000001 16 4800.0 -375.0 62 -71 212.59699999999995 193.115 25
4590.0 661.4879999999998 24 4920.0 -350.0 61 -91 276.3549999999999 221.47799999999995 35
5440.0 577.792 18 5820.0 -380.0 60 -109 215.00699999999998 223.028 38
4010.0 498.66200000000003 20 4230.0 -220.0 42 -80 203.04199999999994 198.53199999999993 22
6160.0 573.389 22 6510.0 -350.0 70 -112 185.813 217.72999999999996 35
4860.0 515.269 20 5190.0 -330.0 51 -86 204.92299999999994 218.8259999999999 33
4800.0 636.099 15 5310.0 -630.0 115 -109 213.978 228.3679999999999 63
5540.0 560.8690000000003 21 5850.0 -370.0 61 -103 218.90599999999998 222.53200000000004 31
3530.0 896.8849999999996 22 4290.0 -830.0 100 -82 179.31499999999997 170.02899999999994 77
6050.0 673.808 21 6300.0 -250.0 46 -109 252.99200000000002 284.84899999999993 25
3730.0 401.645 16 4410.0 -780.0 93 -67 171.94799999999995 188.04799999999992 78
4450.0 482.01399999999995 20 4680.0 -230.0 46 -78 202.16099999999997 186.43699999999995 23
5080.0 674.2649999999999 22 5280.0 -200.0 40 -102 320.5489999999999 244.50799999999995 20
3460.0 466.107 22 3660.0 -200.0 35 -77 221.64999999999998 157.27299999999997 20
4370.0 541.9540000000001 17 4620.0 -250.0 41 -87 215.49099999999996 215.50799999999992 25
3850.0 592.317 19 4170.0 -320.0 52 -98 227.52699999999996 190.27300000000002 32
4390.0 532.954 25 4890.0 -510.0 99 -92 217.56799999999998 199.28400000000002 51
4700.0 516.652 18 4890.0 -190.0 35 -92 193.01599999999996 207.66699999999997 19
3450.0 464.97600000000006 18 3930.0 -520.0 67 -78 205.43299999999996 161.48299999999998 52
3920.0 477.58700000000005 16 4110.0 -190.0 35 -82 204.51499999999996 186.70499999999998 19
4020.0 496.8179999999999 18 4200.0 -180.0 36 -75 198.95800000000003 198.31799999999998 18
4280.0 493.12799999999993 15 4560.0 -340.0 47 -75 187.49999999999997 219.45200000000003 34
4090.0 495.89199999999977 13 4410.0 -320.0 59 -93 185.16399999999996 186.88299999999998 27
3300.0 417.9469999999999 15 3810.0 -550.0 68 -77 146.59799999999998 151.829 55
3195.0 1390.4960000000003 18 4230.0 -1035.0 88 -68 171.595 179.40699999999998 97
3630.0 478.5840000000001 22 3900.0 -270.0 40 -73 197.676 175.737 27
3590.0 453.7789999999999 18 3990.0 -400.0 53 -70 189.486 186.63099999999997 40
4210.0 600.7549999999999 16 4440.0 -230.0 46 -90 232.919 214.44899999999993 23
3960.0 513.2099999999998 21 4440.0 -480.0 64 -81 226.7979999999999 198.778 48
2500.0 1047.105000000001 14 3570.0 -1070.0 97 -78 163.005 149.015 107
4810.0 494.01699999999977 19 5190.0 -420.0 72 -85 183.39299999999994 234.28499999999994 35
5160.0 669.5589999999997 23 5670.0 -510.0 72 -102 276.966 249.61299999999997 51
3610.0 477.5619999999999 19 3840.0 -230.0 46 -85 172.03099999999998 167.55599999999998 23
4660.0 499.99299999999994 20 4860.0 -200.0 40 -89 183.94600000000003 221.93700000000007 20
6440.0 614.71 18 6810.0 -390.0 79 -108 256.15299999999996 266.91300000000007 39
4970.0 512.455 18 5160.0 -400.0 81 -82 198.216 212.09099999999995 40
7340.0 550.0930000000001 18 7620.0 -280.0 57 -117 213.73700000000002 225.003 28
4800.0 549.3369999999999 20 4950.0 -150.0 30 -89 222.49999999999994 235.846 15
3670.0 567.31 17 4410.0 -740.0 84 -98 164.58200000000002 193.71900000000002 74
4385.0 613.3989999999998 20 5040.0 -665.0 89 -93 196.64399999999998 208.37799999999996 80
4870.0 513.5719999999999 19 4980.0 -110.0 22 -77 227.34400000000002 191.56099999999998 11
4190.0 464.6069999999998 17 4410.0 -220.0 36 -91 176.23999999999995 182.11799999999994 22
4990.0 510.5849999999997 19 5220.0 -230.0 39 -90 220.86399999999995 210.74999999999997 16
5730.0 556.3939999999999 16 5940.0 -450.0 92 -105 193.10299999999998 215.83099999999993 45
4070.0 521.625 15 4230.0 -160.0 32 -92 238.22799999999995 169.49099999999999 16
4710.0 549.8409999999998 19 5040.0 -330.0 58 -96 230.76500000000001 221.10299999999998 33
2710.0 1700.6869999999994 15 3780.0 -1070.0 96 -67 190.92099999999994 155.071 107
4640.0 569.385 18 4920.0 -370.0 63 -97 190.315 215.45199999999994 37
3940.0 526.685 17 4290.0 -350.0 62 -100 197.54799999999997 189.41199999999998 35
3835.0 534.0839999999997 18 4260.0 -440.0 80 -89 211.1089999999999 199.193 36
3140.0 461.446 14 3570.0 -430.0 65 -81 179.79499999999996 143.34699999999995 43
4490.0 577.9329999999999 21 4770.0 -280.0 36 -81 214.63499999999996 185.24699999999999 38
4880.0 545.936 19 5130.0 -250.0 46 -85 232.151 211.06999999999996 25
5575.0 592.4760000000001 22 5790.0 -215.0 41 -98 228.2 255.93299999999988 20
3620.0 458.302 13 4170.0 -550.0 48 -70 172.005 168.34900000000002 89
4220.0 497.18700000000024 20 4650.0 -480.0 62 -78 199.83600000000004 209.18200000000002 48
4130.0 511.94900000000007 16 4680.0 -550.0 95 -78 220.85500000000002 220.31299999999996 55
5230.0 592.9590000000001 19 5460.0 -230.0 39 -104 249.81399999999996 237.92299999999994 23
4050.0 397.9829999999999 14 4230.0 -300.0 61 -69 154.42000000000002 144.87300000000002 30
3740.0 458.8029999999999 18 3900.0 -160.0 32 -78 196.44799999999998 173.35799999999998 16
4460.0 499.8529999999999 21 4830.0 -380.0 74 -85 199.39799999999997 206.24699999999996 38
4110.0 494.3069999999999 17 4560.0 -450.0 56 -77 200.863 195.71099999999996 45
5000.0 556.5609999999999 14 5280.0 -400.0 73 -98 203.43899999999996 224.88099999999991 40
4500.0 489.54999999999995 18 4980.0 -525.0 95 -87 179.47699999999998 192.98799999999994 43
3000.0 522.1570000000002 16 3660.0 -660.0 98 -79 184.382 196.39799999999997 86
4310.0 611.187 21 4620.0 -310.0 54 -94 261.13300000000004 204.97899999999998 31
5310.0 566.0339999999998 22 5580.0 -270.0 54 -88 228.58999999999995 235.8 27
4670.0 552.2080000000001 21 5340.0 -710.0 94 -87 197.69099999999997 229.51899999999995 71
3705.0 411.2729999999999 16 3930.0 -405.0 53 -70 170.44699999999992 178.65099999999995 33
4190.0 513.385 19 4350.0 -240.0 39 -81 232.248 193.53199999999998 24
3540.0 477.09600000000006 21 3750.0 -210.0 37 -71 211.85299999999995 169.155 21
3420.0 430.7819999999998 16 3840.0 -620.0 76 -80 178.24399999999997 157.35399999999998 62
3360.0 400.47099999999995 21 3720.0 -410.0 49 -63 178.09299999999996 157.02400000000003 41
3810.0 476.86199999999997 16 4020.0 -300.0 60 -85 177.16899999999998 176.50799999999995 30
4500.0 540.9090000000001 20 4650.0 -150.0 30 -70 238.43099999999995 227.42299999999992 15
5240.0 568.3999999999999 18 5460.0 -220.0 31 -89 275.316 230.45899999999995 22
5200.0 543.911 19 5490.0 -290.0 53 -88 222.26199999999994 239.474 29
3940.0 577.727 18 4590.0 -660.0 100 -83 256.96299999999997 191.988 67
3460.0 352.4849999999999 17 3720.0 -360.0 45 -60 143.87 157.05799999999996 30
5370.0 509.99000000000007 25 5640.0 -270.0 54 -87 233.261 215.53899999999993 27
4480.0 528.5089999999999 19 4800.0 -320.0 42 -85 203.96499999999997 217.26399999999998 32
5070.0 485.9489999999999 16 5490.0 -420.0 57 -96 166.32099999999997 184.293 42
5385.0 615.286 16 5640.0 -255.0 50 -102 237.50199999999998 235.5739999999999 24
4990.0 546.5719999999999 21 5190.0 -200.0 40 -100 198.51400000000004 224.4839999999999 20
3335.0 447.24699999999996 17 3600.0 -265.0 45 -77 158.006 132.361 26
3600.0 518.7570000000001 15 3960.0 -360.0 45 -73 169.334 163.058 36
3780.0 1228.7070000000003 15 4350.0 -570.0 59 -86 179.83299999999997 170.58299999999997 57
3410.0 425.736 18 3630.0 -240.0 48 -68 193.39799999999997 164.128 24
4700.0 646.058 21 5100.0 -400.0 62 -106 265.993 233.39999999999998 40
3090.0 458.75199999999995 14 3420.0 -350.0 71 -73 180.40599999999998 162.64899999999997 35
5330.0 561.668 20 5730.0 -400.0 54 -93 239.677 231.66099999999997 40
5040.0 493.88199999999995 18 5220.0 -180.0 35 -94 181.79100000000003 200.791 17
5650.0 510.74600000000004 18 5910.0 -260.0 47 -97 209.271 213.15999999999997 26
4370.0 515.0999999999999 21 4620.0 -250.0 43 -85 262.40599999999995 180.20899999999995 18
3650.0 398.87600000000003 18 3810.0 -160.0 32 -61 177.552 174.36699999999993 16
3710.0 533.5779999999999 19 4140.0 -430.0 67 -92 205.789 192.751 39
3630.0 495.28399999999993 16 3840.0 -280.0 48 -83 207.76799999999997 157.69400000000002 28
3170.0 470.67399999999986 13 3690.0 -770.0 75 -78 176.96199999999993 159.60399999999996 77
4970.0 563.352 24 5310.0 -340.0 60 -91 255.90699999999995 229.16399999999993 33
3690.0 393.57799999999975 16 3990.0 -400.0 56 -72 128.308 162.12500000000006 40
3550.0 527.5859999999998 20 4110.0 -560.0 63 -90 195.726 189.51699999999997 56
4590.0 546.4909999999999 18 4770.0 -180.0 36 -86 189.76599999999996 207.429 18
3600.0 481.5249999999999 14 3900.0 -300.0 61 -82 200.128 168.081 30
4070.0 476.94199999999984 16 4260.0 -190.0 38 -77 190.07399999999998 200.39399999999998 19
4200.0 511.3109999999999 20 4410.0 -210.0 38 -87 196.84 197.29700000000003 20
3650.0 411.66599999999994 19 3870.0 -320.0 58 -67 187.21599999999995 166.79999999999995 31
3525.0 483.9179999999999 16 4230.0 -705.0 113 -92 168.87499999999997 181.077 63
5710.0 599.108 23 6030.0 -320.0 50 -104 223.79299999999998 277.6369999999999 26
5100.0 503.062 14 5280.0 -180.0 36 -94 190.968 229.16799999999992 18
2690.0 400.81800000000004 15 3150.0 -540.0 64 -67 130.43099999999998 144.96099999999998 54
3950.0 498.12500000000006 16 4350.0 -400.0 46 -88 209.35699999999997 160.665 40
5595.0 660.5179999999998 22 5970.0 -375.0 66 -115 274.186 227.106 43
5370.0 672.6520000000002 18 5730.0 -480.0 84 -93 259.46899999999994 267.81699999999995 48
5025.0 590.5949999999999 23 5490.0 -485.0 84 -104 228.4529999999999 218.20999999999998 40
3930.0 466.754 20 4230.0 -315.0 58 -78 191.20399999999995 188.66299999999998 29
4140.0 365.12100000000004 14 4350.0 -210.0 39 -72 142.07999999999998 148.35899999999998 21
5700.0 672.674 20 6090.0 -390.0 71 -123 193.05200000000002 250.53900000000002 39
4490.0 607.122 18 4860.0 -370.0 64 -90 262.76199999999994 231.353 37
3520.0 461.2460000000001 12 3780.0 -260.0 39 -74 202.78600000000003 164.98999999999995 26
3470.0 432.56000000000006 18 3990.0 -640.0 77 -78 139.892 181.43499999999997 64
5350.0 679.9559999999997 20 5760.0 -410.0 60 -116 236.51799999999994 236.89499999999992 41
4620.0 502.64500000000027 17 5010.0 -400.0 81 -90 213.073 195.635 40
4170.0 510.79900000000004 20 4320.0 -150.0 30 -88 229.72499999999997 188.79599999999994 15
4065.0 560.5749999999998 15 5370.0 -1335.0 112 -97 159.46699999999998 183.374 159
5670.0 694.4150000000001 18 5970.0 -390.0 57 -111 266.191 276.42600000000004 39
4150.0 560.8459999999999 17 4560.0 -470.0 63 -94 198.13399999999993 204.27299999999997 47
4070.0 596.541 17 4620.0 -670.0 99 -90 257.93199999999996 215.69499999999996 67
4840.0 487.043 16 5100.0 -260.0 43 -105 163.12099999999998 192.36499999999992 26
2975.0 416.5099999999999 13 3480.0 -525.0 64 -73 153.40599999999998 170.34400000000002 52
5120.0 590.2660000000002 19 5340.0 -220.0 44 -93 262.697 245.54499999999993 22
3210.0 399.678 15 3510.0 -310.0 63 -63 169.18099999999998 149.13799999999998 31
4830.0 488.2780000000001 17 4980.0 -150.0 30 -94 171.24499999999998 218.89499999999995 15
4820.0 554.7699999999999 15 5010.0 -190.0 38 -99 238.62499999999994 211.75399999999993 19
3950.0 449.8169999999999 17 4170.0 -220.0 37 -78 198.86200000000002 184.332 22
4220.0 466.6090000000001 16 4440.0 -220.0 38 -86 172.26800000000003 166.43499999999997 22
4335.0 438.78499999999985 19 4590.0 -275.0 47 -76 187.24899999999997 182.852 20
3710.0 572.0590000000002 19 4170.0 -600.0 93 -83 253.69099999999995 194.08099999999996 60
4370.0 497.78399999999993 18 4530.0 -160.0 32 -79 239.23299999999992 190.09699999999998 16
5430.0 571.827 20 5760.0 -330.0 55 -95 209.651 259.0759999999999 27
4290.0 490.73500000000007 19 4680.0 -390.0 66 -91 212.99300000000002 187.51399999999995 39
5810.0 660.9159999999998 20 6120.0 -310.0 53 -111 235.19899999999998 274.98800000000006 31
4780.0 530.0229999999999 19 5250.0 -570.0 113 -91 214.39499999999992 224.199 56
4490.0 553.3629999999997 18 4890.0 -450.0 65 -96 203.28699999999995 226.25000000000003 56
5040.0 621.7570000000001 20 5280.0 -240.0 49 -82 311.4869999999999 242.356 24
3930.0 495.71499999999986 17 4320.0 -400.0 81 -75 224.8439999999999 176.72899999999998 40
3960.0 584.405 22 4320.0 -360.0 51 -86 270.1819999999999 197.79299999999995 36
4565.0 555.848 19 4980.0 -425.0 76 -83 252.52599999999998 218.73999999999998 40
4760.0 463.4009999999999 18 4920.0 -160.0 32 -89 170.97599999999997 199.54799999999994 16
4150.0 581.6059999999999 19 4380.0 -230.0 37 -80 302.24699999999996 196.22299999999998 23
4100.0 399.8149999999999 15 4380.0 -300.0 56 -81 124.69699999999996 158.90099999999998 30
4360.0 418.63 25 4740.0 -480.0 62 -74 162.45999999999998 183.752 48
6730.0 573.228 17 7110.0 -380.0 74 -123 171.448 213.862 38
4420.0 507.45700000000005 20 4620.0 -200.0 37 -87 193.77499999999998 192.94600000000005 20
4000.0 609.9099999999999 21 4410.0 -450.0 87 -104 256.1479999999999 209.40099999999998 45
3755.0 600.9399999999999 16 4620.0 -865.0 119 -100 205.46599999999992 220.2 80
5530.0 741.014 24 5730.0 -240.0 45 -105 338.27799999999996 277.635 24
4710.0 486.9489999999999 21 4890.0 -180.0 23 -74 221.55099999999993 214.01999999999998 18
5660.0 637.436 26 5880.0 -220.0 44 -108 254.11999999999995 265.3320000000001 22
2645.0 456.75100000000015 13 3000.0 -355.0 51 -66 156.52299999999994 126.03200000000001 45
3790.0 457.3259999999999 16 3990.0 -200.0 40 -86 169.26900000000003 167.98499999999996 20
3700.0 428.7919999999999 19 3870.0 -170.0 34 -68 177.62699999999998 164.36099999999996 17
4610.0 556.0580000000002 20 4980.0 -550.0 77 -88 236.07500000000007 204.51999999999998 55
5570.0 614.9939999999999 18 5850.0 -280.0 46 -95 211.04000000000002 267.4959999999999 28
5320.0 593.0670000000001 15 5580.0 -410.0 72 -89 267.32199999999995 246.66699999999992 41
4470.0 507.609 15 4860.0 -490.0 67 -84 197.44599999999994 224.15699999999995 49
4450.0 593.8829999999999 18 5190.0 -890.0 92 -99 218.28999999999996 210.55599999999995 89
3900.0 450.085 16 4260.0 -360.0 54 -72 187.66899999999998 185.92 36
4520.0 484.6719999999998 21 4770.0 -320.0 44 -81 207.55099999999993 201.29100000000003 32
4180.0 460.68300000000005 14 4590.0 -410.0 62 -95 163.396 166.249 41
3780.0 454.997 18 4020.0 -240.0 45 -78 166.89999999999995 179.679 24
3460.0 402.3099999999999 14 3630.0 -170.0 34 -69 153.897 161.72099999999995 17
4270.0 536.8379999999999 16 4560.0 -290.0 49 -97 216.12699999999998 182.81299999999996 29
3740.0 520.0989999999999 19 4110.0 -775.0 101 -86 184.78500000000003 181.43199999999996 64
4860.0 498.38 16 5040.0 -180.0 36 -83 224.483 216.07899999999995 18
4990.0 741.9420000000002 18 5670.0 -680.0 132 -112 263.147 239.76299999999998 68
3830.0 524.8190000000001 21 4110.0 -280.0 56 -90 209.99999999999994 175.89099999999996 28
4520.0 462.54299999999984 18 4950.0 -430.0 57 -76 214.93399999999997 187.39099999999996 43
3480.0 469.038 15 3750.0 -300.0 49 -82 179.90499999999997 172.67599999999996 30
5640.0 598.481 23 5850.0 -210.0 43 -89 295.4550000000001 250.73999999999998 21
4840.0 442.8589999999999 19 5040.0 -200.0 40 -80 191.19799999999995 192.441 20
3790.0 487.75499999999994 18 4080.0 -290.0 48 -94 201.121 176.56800000000004 29
5115.0 602.1620000000003 18 5460.0 -485.0 69 -101 218.13899999999998 247.74400000000003 45
5080.0 545.355 19 5400.0 -320.0 48 -94 228.85799999999995 216.13899999999998 32
4750.0 565.563 21 5070.0 -440.0 57 -84 256.332 221.274 44
4380.0 543.8720000000001 18 4710.0 -530.0 84 -96 189.168 215.482 53
5030.0 531.2739999999997 18 5190.0 -160.0 32 -90 221.81999999999996 227.67299999999994 16
3490.0 487.6800000000001 11 3810.0 -320.0 45 -82 147.557 148.80099999999996 32
4060.0 458.40699999999987 17 4200.0 -140.0 28 -85 198.037 160.57 14
4610.0 543.177 19 4980.0 -370.0 60 -91 220.22299999999998 190.521 37
5300.0 523.2849999999997 20 5520.0 -220.0 45 -86 217.11199999999997 236.014 22
3240.0 366.9509999999999 15 3570.0 -330.0 44 -65 156.71499999999997 154.099 33
3750.0 540.496 16 4320.0 -570.0 88 -91 209.56500000000003 187.121 57
4080.0 380.902 16 4230.0 -150.0 30 -60 173.509 173.878 15
6040.0 607.384 20 6330.0 -290.0 55 -105 247.19099999999992 259.8389999999999 29
5880.0 633.0949999999999 23 6150.0 -270.0 55 -117 225.39499999999995 260.712 27
3690.0 1281.9630000000002 17 4530.0 -860.0 86 -81 215.70599999999996 194.28399999999996 86
5415.0 653.124 18 5790.0 -375.0 50 -109 205.14199999999997 196.56799999999996 37
5270.0 620.7440000000001 21 5640.0 -370.0 54 -99 235.90700000000007 259.40299999999996 37
4030.0 446.2709999999999 16 4260.0 -350.0 63 -67 189.79599999999994 187.941 35
3170.0 416.8070000000001 15 3390.0 -220.0 44 -71 157.49499999999995 151.76799999999997 22
4675.0 624.7349999999999 17 5610.0 -935.0 133 -115 181.14099999999996 222.12399999999997 85
3640.0 392.879 17 4020.0 -390.0 79 -69 147.26099999999997 161.97299999999996 39
4130.0 585.4729999999998 16 4560.0 -430.0 55 -95 252.9619999999999 201.1649999999999 43
4760.0 494.9900000000001 18 5070.0 -350.0 71 -94 192.98700000000002 185.214 35
3830.0 595.2279999999998 22 4380.0 -590.0 76 -90 238.70199999999997 205.65200000000002 59
3370.0 482.714 16 3660.0 -440.0 65 -71 221.202 165.98699999999997 44
3450.0 414.4249999999999 15 3660.0 -210.0 40 -68 156.02200000000002 154.054 20
1475.0 681.6349999999998 9 2940.0 -1525.0 76 -68 128.30599999999998 115.03999999999996 272
4370.0 517.6189999999999 18 4620.0 -250.0 50 -90 203.17599999999993 190.80099999999993 25
3870.0 439.9609999999999 15 4260.0 -400.0 81 -91 145.74399999999997 168.23699999999997 40
6300.0 629.5120000000001 23 6510.0 -210.0 41 -96 291.965 258.429 20
4725.0 530.765 21 4980.0 -255.0 42 -83 236.479 224.29999999999995 17
4340.0 444.9449999999999 13 4560.0 -370.0 70 -84 162.22699999999998 192.05799999999996 37
3790.0 458.60800000000006 16 3960.0 -170.0 34 -77 190.03300000000004 166.94199999999998 17
4440.0 501.78299999999996 20 4890.0 -490.0 70 -74 229.04499999999993 208.15899999999996 49
4670.0 606.198 20 4890.0 -300.0 51 -99 269.67 221.055 30
3860.0 473.84000000000015 19 4050.0 -190.0 35 -85 204.64699999999996 174.76100000000002 19
3030.0 432.35799999999995 16 3330.0 -300.0 48 -73 175.85099999999994 150.67899999999997 22
3630.0 468.2930000000001 16 4290.0 -700.0 85 -76 205.824 160.83699999999996 70
3455.0 360.7069999999998 13 3750.0 -310.0 56 -62 149.05399999999997 137.212 26
3575.0 465.2789999999999 21 3810.0 -375.0 47 -76 199.663 187.563 31
5080.0 521.5280000000001 18 5370.0 -290.0 44 -91 198.558 211.47699999999998 29
4770.0 553.4379999999998 21 5040.0 -270.0 46 -88 228.28399999999993 225.76099999999997 27
5900.0 580.4329999999999 20 6210.0 -310.0 59 -120 200.19099999999997 245.79899999999995 31
4530.0 595.093 17 5160.0 -640.0 94 -95 248.12200000000007 226.57200000000003 64
3320.0 498.242 18 3540.0 -220.0 40 -82 206.51799999999997 158.59799999999998 22
3350.0 433.5699999999998 17 3630.0 -280.0 29 -75 141.737 172.522 28
4970.0 565.3729999999998 22 5160.0 -190.0 32 -88 241.29400000000004 237.82599999999994 13
3970.0 571.7239999999998 16 4140.0 -290.0 59 -89 235.09899999999993 201.97399999999996 29
4560.0 512.584 21 4920.0 -360.0 59 -93 203.754 193.36299999999994 36
4030.0 433.6280000000001 20 4260.0 -230.0 36 -73 189.667 186.571 23
4430.0 513.0409999999999 16 4650.0 -220.0 43 -89 198.81900000000005 176.07599999999996 20
4215.0 515.7149999999999 20 4410.0 -195.0 32 -75 258.806 191.234 13
5440.0 545.1719999999999 20 5700.0 -260.0 53 -94 215.44599999999997 238.6019999999999 26
4090.0 471.10599999999994 19 4260.0 -320.0 65 -81 218.01099999999994 176.465 32
4540.0 514.5649999999998 18 4800.0 -440.0 68 -84 211.08799999999997 220.07999999999998 44
4910.0 590.5969999999999 19 5340.0 -450.0 91 -96 226.12100000000004 243.91399999999996 45
4690.0 594.7279999999998 19 5130.0 -440.0 69 -95 243.59 211.38199999999998 44
4800.0 637.978 16 5310.0 -560.0 78 -94 250.427 232.94799999999995 56
4020.0 503.57899999999995 18 4590.0 -580.0 93 -100 157.913 188.88899999999998 58
5470.0 700.0610000000003 21 5700.0 -270.0 54 -108 304.99099999999993 266.503 27
3500.0 441.772 15 3720.0 -370.0 75 -77 166.79999999999998 157.21899999999997 37
5230.0 546.7369999999999 19 5430.0 -200.0 40 -96 222.57799999999995 247.96199999999993 20
3300.0 439.34499999999997 21 3540.0 -240.0 48 -78 168.74099999999996 149.26899999999998 24
4780.0 615.5249999999999 17 5250.0 -470.0 63 -101 243.91399999999993 224.46000000000004 47
4440.0 456.80899999999986 21 4680.0 -390.0 71 -77 207.3499999999999 201.40500000000006 31
3505.0 547.324 16 3870.0 -365.0 56 -90 212.214 190.754 36
4020.0 508.15999999999985 17 4410.0 -390.0 51 -77 220.05299999999997 212.041 39
4370.0 622.4190000000001 22 4530.0 -160.0 32 -83 303.0329999999999 221.955 16
3900.0 519.6650000000001 20 4110.0 -210.0 42 -76 203.72400000000005 188.561 21
5250.0 545.53 21 5370.0 -120.0 24 -83 246.68799999999993 238.772 12
2790.0 1256.4599999999998 15 3690.0 -1000.0 85 -62 176.635 147.418 110
4520.0 563.534 20 4710.0 -190.0 38 -96 192.751 201.16699999999997 19
4385.0 467.3369999999999 21 4740.0 -355.0 49 -79 205.20699999999994 187.58499999999995 28
3240.0 405.65500000000003 19 3630.0 -390.0 57 -68 157.50799999999998 159.912 38
5300.0 580.9509999999999 21 5610.0 -520.0 94 -93 212.011 262.412 52
4400.0 639.1200000000002 15 4680.0 -370.0 64 -116 203.86900000000006 225.31999999999996 37
5870.0 704.771 19 6210.0 -340.0 58 -124 275.575 255.726 34
4360.0 523.329 16 4680.0 -320.0 55 -100 179.96499999999997 179.576 32
5010.0 529.1529999999999 21 5310.0 -320.0 63 -81 253.94299999999996 210.78 31
5580.0 701.744 18 6360.0 -1060.0 108 -101 249.95299999999992 282.8639999999999 106
3530.0 388.4209999999999 14 3750.0 -220.0 44 -77 107.47999999999999 154.422 22
4430.0 440.6939999999999 21 4620.0 -340.0 63 -67 204.36599999999999 183.795 34
3610.0 475.91200000000003 20 3990.0 -390.0 71 -72 198.51600000000005 182.75299999999996 38
3990.0 447.41099999999994 19 4140.0 -150.0 30 -71 206.153 170.331 15
3090.0 922.7490000000009 14 4080.0 -990.0 101 -79 132.045 158.61799999999997 99
4800.0 477.24999999999983 18 5190.0 -440.0 59 -78 203.64899999999994 199.67299999999994 44
4120.0 718.9200000000001 19 4860.0 -790.0 79 -97 207.27299999999997 231.14600000000007 79
3365.0 767.2689999999998 12 4920.0 -1555.0 54 -90 184.55999999999992 179.40300000000002 304
3190.0 455.0669999999999 14 3540.0 -350.0 71 -86 172.24199999999996 151.86100000000005 35
3510.0 467.89799999999997 15 3780.0 -270.0 43 -90 160.152 167.265 27
6210.0 922.0799999999998 22 6660.0 -630.0 89 -113 310.10100000000006 279.51699999999994 57
3680.0 362.742 18 3840.0 -160.0 32 -61 157.66799999999998 156.80299999999997 16
4690.0 491.47599999999994 20 4890.0 -350.0 71 -80 210.26799999999994 208.31699999999992 35
5380.0 492.588 19 5760.0 -380.0 43 -84 178.945 241.49399999999997 38
5680.0 527.0419999999999 22 5940.0 -260.0 52 -85 213.21699999999993 235.493 26
4920.0 1869.038999999999 18 6120.0 -1300.0 126 -105 236.04 279.2509999999999 130
3380.0 893.9949999999998 17 4440.0 -1160.0 109 -83 211.94799999999998 194.968 116
3850.0 598.1739999999999 15 4140.0 -290.0 53 -93 221.63899999999995 185.81999999999996 29
4840.0 566.7039999999998 20 5130.0 -290.0 38 -99 217.09299999999993 210.57899999999992 29
5080.0 559.3289999999998 19 5430.0 -370.0 69 -93 218.88699999999994 233.34699999999995 37
3530.0 380.64699999999993 15 3690.0 -160.0 32 -59 178.64999999999995 141.77899999999997 16
4860.0 447.48800000000006 19 5100.0 -240.0 49 -92 181.92 172.00599999999997 24
5090.0 529.5640000000001 17 5370.0 -280.0 41 -93 214.86399999999998 226.329 23
4280.0 511.0779999999999 14 4800.0 -520.0 62 -90 199.15699999999998 195.71699999999996 52
4590.0 574.4939999999998 21 4740.0 -150.0 30 -84 265.812 204.70000000000002 15
4500.0 510.38800000000003 14 4710.0 -210.0 32 -80 205.56099999999998 188.89099999999993 21
5670.0 503.87899999999973 19 5820.0 -150.0 30 -83 236.34900000000002 229.93499999999992 15
3080.0 461.791 17 3420.0 -340.0 49 -71 165.719 154.85799999999995 34
4700.0 535.7789999999998 17 4920.0 -370.0 72 -91 211.47999999999993 227.83199999999997 37
5910.0 727.1479999999997 24 6120.0 -210.0 37 -95 325.67199999999985 289.844 21
5220.0 570.103 20 5460.0 -240.0 39 -86 257.7599999999999 245.07599999999994 24
4620.0 512.454 21 5130.0 -560.0 70 -94 209.35199999999998 210.144 56
5050.0 573.4330000000001 18 5250.0 -410.0 83 -87 249.95899999999997 239.357 41
3910.0 547.2949999999998 24 4140.0 -350.0 57 -80 255.22199999999995 192.26 35
3980.0 594.235 16 4320.0 -480.0 91 -93 194.92300000000003 187.96999999999994 57
3960.0 464.0909999999999 19 4170.0 -210.0 42 -78 171.62099999999995 194.44299999999996 21
3860.0 577.253 18 4230.0 -440.0 58 -93 243.004 183.21899999999994 44
4810.0 566.348 17 5010.0 -440.0 87 -83 231.48600000000002 229.212 44
4340.0 597.0610000000001 18 4860.0 -550.0 91 -97 220.67699999999996 185.84399999999997 55
5700.0 612.7120000000002 21 5910.0 -370.0 56 -91 269.27299999999997 257.727 37
4040.0 489.249 18 4260.0 -220.0 44 -74 225.99399999999997 191.89099999999993 22
4510.0 464.9589999999999 16 4740.0 -250.0 50 -69 200.22899999999993 197.129 25
4200.0 490.47299999999996 19 4380.0 -330.0 67 -72 190.30200000000002 192.5719999999999 33
3400.0 376.7579999999999 16 3750.0 -440.0 89 -64 155.52199999999996 165.771 44
4700.0 558.36 19 4950.0 -250.0 38 -96 230.68900000000002 215.74400000000003 23
3390.0 543.5999999999999 19 3810.0 -440.0 61 -88 183.79899999999998 170.77199999999996 44
4450.0 568.2380000000002 16 4650.0 -200.0 40 -86 235.5499999999999 223.89900000000003 20
5165.0 538.533 20 5430.0 -265.0 53 -97 219.86299999999991 212.63700000000003 26
4210.0 495.14300000000003 18 4380.0 -320.0 65 -80 189.97099999999998 196.08499999999998 32
3890.0 472.85099999999983 18 4320.0 -440.0 72 -78 171.27999999999997 205.706 44
4470.0 490.474 14 4680.0 -210.0 40 -95 192.04999999999995 195.7319999999999 21
3990.0 488.02499999999986 22 4320.0 -380.0 57 -76 212.71999999999997 181.39599999999996 38
5660.0 689.1219999999998 17 6120.0 -480.0 89 -109 228.59699999999998 261.47599999999994 48
5380.0 543.9660000000001 20 5700.0 -320.0 56 -105 209.01299999999995 209.863 32
5100.0 533.533 20 5280.0 -180.0 36 -87 216.83299999999997 242.614 18
5010.0 615.3940000000001 20 5280.0 -330.0 66 -103 238.28499999999994 250.57799999999997 33
4270.0 556.6219999999997 17 4440.0 -170.0 28 -96 234.11099999999993 197.0979999999999 17
5010.0 853.9319999999997 22 5370.0 -360.0 48 -96 275.653 248.71699999999996 36
5060.0 510.3509999999998 17 5280.0 -220.0 41 -95 172.88899999999995 238.3979999999999 20
4990.0 590.0429999999996 17 5400.0 -410.0 61 -102 236.70999999999992 216.62700000000004 40
2925.0 453.5059999999998 17 3450.0 -525.0 94 -71 170.57399999999996 159.649 45
4385.0 436.77599999999995 24 4560.0 -175.0 34 -82 186.46699999999996 177.104 17
4520.0 522.163 20 4890.0 -370.0 37 -93 194.09599999999995 207.96199999999996 37
3750.0 476.984 22 3960.0 -230.0 46 -74 218.08999999999997 171.571 23
5300.0 568.5220000000002 19 5520.0 -220.0 44 -100 218.011 227.67399999999998 22
3670.0 422.262 19 3840.0 -170.0 34 -68 170.82599999999996 163.59999999999997 17
3540.0 611.55 18 3840.0 -300.0 37 -87 186.31699999999995 156.91700000000003 30
2880.0 494.18800000000005 15 3060.0 -180.0 36 -82 179.57500000000002 150.44299999999998 18
4255.0 521.2539999999998 14 4710.0 -455.0 55 -77 163.29399999999995 218.7239999999999 53
4410.0 457.6369999999999 18 4680.0 -280.0 58 -67 211.13199999999998 209.933 28
2835.0 444.549 13 3270.0 -435.0 45 -92 113.02 141.49399999999997 43
5710.0 561.1749999999997 21 6030.0 -320.0 56 -112 179.79999999999998 217.15199999999996 32
3330.0 456.66899999999987 19 3510.0 -200.0 40 -69 171.53399999999996 152.95600000000002 20
4310.0 391.30699999999996 19 4470.0 -160.0 32 -60 181.012 189.53799999999995 16
4000.0 391.5499999999999 16 4440.0 -440.0 39 -65 160.081 185.78999999999994 44
4690.0 659.9059999999998 18 5160.0 -470.0 95 -118 239.79799999999994 242.23500000000007 47
3565.0 329.47399999999993 12 3900.0 -335.0 53 -68 130.86999999999998 132.01299999999998 33
4050.0 516.0509999999998 18 4200.0 -150.0 30 -90 236.53699999999992 178.844 15
4110.0 535.793 16 4380.0 -270.0 45 -87 195.96699999999998 194.971 27
5110.0 610.9639999999999 27 5370.0 -260.0 42 -92 273.08799999999997 237.33399999999997 26
5510.0 582.2859999999998 19 5670.0 -160.0 32 -89 270.88999999999993 243.31599999999995 16
5330.0 531.9909999999999 17 5550.0 -220.0 41 -96 226.44799999999998 217.27800000000002 20
3865.0 477.7879999999998 20 4110.0 -245.0 41 -78 205.95799999999997 192.72999999999996 17
4360.0 630.2090000000001 20 4680.0 -320.0 64 -101 227.16299999999995 204.335 32
4045.0 528.4349999999998 22 4260.0 -215.0 42 -76 243.31999999999994 199.181 21
3820.0 518.1149999999999 17 4380.0 -560.0 74 -80 237.7199999999999 181.43 56
3710.0 472.844 21 4140.0 -450.0 80 -92 175.55999999999997 178.642 45
6000.0 559.3319999999997 18 6360.0 -570.0 85 -104 192.594 189.7989999999999 51
3850.0 506.438 15 4530.0 -700.0 86 -84 211.18299999999996 206.01599999999996 70
3950.0 534.5199999999996 20 4560.0 -650.0 76 -94 181.34599999999998 195.70899999999997 65
2860.0 438.817 15 3120.0 -260.0 49 -79 159.52599999999998 144.543 26
3630.0 488.75899999999984 18 3930.0 -300.0 41 -82 211.54900000000004 186.84199999999996 30
4540.0 517.5699999999999 21 4710.0 -290.0 59 -82 240.57199999999992 188.179 29
3860.0 474.4429999999999 20 4200.0 -340.0 51 -79 219.922 167.87300000000002 33
5440.0 524.9389999999997 17 5670.0 -230.0 47 -102 198.17899999999995 216.2079999999999 23
5130.0 642.6670000000001 22 5490.0 -360.0 65 -109 243.19500000000005 237.763 36
3380.0 388.40799999999984 14 3510.0 -130.0 26 -60 165.48199999999994 134.523 13
5030.0 580.7920000000001 19 5400.0 -530.0 64 -94 222.85199999999998 206.692 53
4720.0 574.4259999999999 21 4890.0 -170.0 35 -92 254.38499999999993 214.45399999999995 17
3960.0 412.10099999999994 18 4110.0 -260.0 39 -68 170.90099999999995 190.86999999999995 37
4430.0 563.1050000000001 17 4770.0 -340.0 54 -96 216.114 192.81900000000002 33
5160.0 503.718 18 5430.0 -270.0 46 -108 161.60999999999999 198.06499999999994 27
4510.0 573.3719999999998 18 5130.0 -620.0 112 -86 263.88399999999996 223.92 55
3770.0 471.31899999999985 24 4050.0 -320.0 65 -77 197.21699999999998 178.748 32
3720.0 399.15100000000007 15 3870.0 -150.0 31 -75 152.807 166.71199999999996 15
4585.0 578.6840000000001 18 4770.0 -185.0 32 -84 274.494 220.93999999999994 17
3840.0 408.75399999999996 16 4020.0 -180.0 36 -67 174.334 174.24400000000003 18
5310.0 545.5340000000001 17 5550.0 -240.0 40 -92 233.90699999999998 225.04399999999995 16
2980.0 430.4619999999999 14 3480.0 -500.0 98 -79 127.69199999999998 151.03999999999996 50
3990.0 684.2510000000001 20 4650.0 -670.0 82 -88 203.42899999999997 198.21899999999997 67
3250.0 418.378 16 3600.0 -420.0 85 -63 194.85799999999995 167.31999999999996 42
4130.0 466.653 22 4530.0 -460.0 59 -81 197.56299999999996 183.16499999999994 46
4310.0 501.63999999999993 18 4710.0 -450.0 61 -78 214.5459999999999 200.87799999999996 45
3625.0 506.30199999999996 19 3930.0 -545.0 76 -84 200.19500000000002 172.95299999999995 54
4070.0 413.5720000000001 16 4290.0 -220.0 36 -88 137.83900000000003 174.82600000000002 22
3590.0 521.9990000000001 18 4020.0 -440.0 78 -89 238.15099999999998 161.29700000000003 44
3380.0 459.6299999999999 14 3630.0 -250.0 50 -75 174.67899999999997 156.73999999999998 25
5020.0 505.9849999999999 18 5250.0 -230.0 38 -82 233.46999999999997 208.37199999999993 23
3980.0 504.4190000000001 16 4260.0 -280.0 49 -76 220.72200000000004 190.24999999999994 21
6395.0 663.214 21 6720.0 -385.0 70 -98 290.27199999999993 298.18899999999985 32
3590.0 472.32900000000006 15 3840.0 -250.0 41 -98 157.984 145.838 25
5180.0 543.5569999999999 18 5370.0 -190.0 38 -85 238.22899999999998 238.724 19
4220.0 517.688 19 4440.0 -220.0 44 -76 226.32199999999997 206.99699999999999 22
4720.0 598.862 21 4920.0 -200.0 40 -87 263.7589999999999 234.70199999999997 20
3640.0 441.60900000000004 20 3990.0 -390.0 55 -66 219.768 168.462 39
3750.0 431.23199999999974 15 3930.0 -180.0 33 -68 177.959 176.478 18
3990.0 453.823 18 4140.0 -150.0 30 -74 204.462 179.904 15
3710.0 448.41699999999986 18 4170.0 -540.0 96 -74 213.237 156.392 54
4810.0 556.085 18 4980.0 -170.0 34 -92 222.23499999999999 215.23899999999995 17
4360.0 491.19599999999986 20 4650.0 -330.0 67 -86 210.07199999999995 194.04699999999997 33
4980.0 522.7949999999998 18 5130.0 -150.0 30 -93 228.31899999999996 212.415 15
3660.0 501.89599999999996 19 3840.0 -180.0 36 -85 199.956 163.08399999999997 18
4780.0 489.8420000000001 18 4950.0 -170.0 34 -86 206.41399999999993 190.167 17
4710.0 549.022 19 5040.0 -340.0 69 -79 243.04500000000004 231.15099999999998 34
5040.0 589.402 19 5550.0 -630.0 91 -105 183.07899999999995 238.77799999999993 63
4690.0 531.6710000000002 20 4860.0 -170.0 34 -91 234.831 209.96599999999995 17
3270.0 556.824 15 3960.0 -730.0 85 -77 165.736 189.97399999999993 73
3300.0 1167.474 17 4230.0 -930.0 69 -88 175.35399999999998 175.83600000000004 91
4900.0 742.0400000000002 18 5550.0 -650.0 71 -105 229.71799999999993 225.953 65
2780.0 386.8149999999998 16 2970.0 -190.0 38 -65 137.76899999999998 129.67999999999998 19
4060.0 501.49499999999995 19 4230.0 -170.0 34 -83 188.636 174.8 17
5060.0 519.5979999999997 21 5430.0 -410.0 68 -94 201.33999999999997 193.42499999999998 41
4030.0 496.0759999999999 19 4260.0 -230.0 37 -93 199.44799999999998 177.319 23
3540.0 478.39600000000013 18 3780.0 -240.0 40 -84 196.93499999999997 161.242 24
3780.0 506.788 19 4020.0 -240.0 48 -86 169.814 187.75999999999996 24
3600.0 489.68999999999994 19 4020.0 -560.0 54 -86 194.88599999999994 171.49099999999993 56
4415.0 502.7589999999999 16 4650.0 -235.0 46 -105 171.50499999999997 159.248 23
3830.0 316.3809999999999 13 4020.0 -790.0 93 -66 90.36699999999999 154.05399999999997 79
2715.0 480.0519999999999 14 3090.0 -375.0 55 -72 160.09799999999996 128.743 37
3050.0 441.018 11 3480.0 -460.0 85 -75 152.73999999999995 142.48699999999994 46
4740.0 513.7170000000001 21 4920.0 -180.0 36 -89 172.832 199.52500000000003 18
3790.0 399.93499999999995 14 4020.0 -230.0 38 -73 136.033 178.63399999999993 23
4700.0 596.9649999999999 19 5400.0 -700.0 114 -94 171.499 200.45899999999997 70
5335.0 595.719 20 5790.0 -495.0 86 -103 234.96900000000002 260.813 40
3550.0 467.6460000000001 14 4080.0 -530.0 66 -85 111.28200000000001 172.42599999999996 53
5320.0 598.2830000000001 21 5520.0 -200.0 40 -105 271.58099999999996 204.36799999999997 20
4900.0 521.8310000000001 22 5250.0 -350.0 54 -83 226.77099999999993 221.49799999999996 35
3430.0 482.1769999999999 19 3870.0 -470.0 68 -78 178.19699999999997 170.50899999999996 47
3280.0 436.6289999999999 17 3720.0 -440.0 53 -74 165.715 156.78300000000002 44
3350.0 467.74599999999975 18 3810.0 -480.0 97 -85 166.64599999999996 175.99100000000004 48
3250.0 504.6820000000001 13 3840.0 -590.0 68 -85 169.58299999999997 173.98199999999997 59
3090.0 360.097 15 3420.0 -330.0 50 -65 126.56900000000002 157.333 27
4440.0 611.7049999999999 18 5100.0 -660.0 54 -80 216.03099999999992 222.28299999999996 111
4240.0 468.91499999999996 17 4590.0 -500.0 73 -72 191.48099999999997 205.798 45
4030.0 494.295 17 4500.0 -470.0 44 -84 188.05399999999997 191.17400000000006 46
1870.0 366.629 12 2940.0 -1070.0 34 -65 117.31099999999996 136.41 208
3200.0 393.685 15 3750.0 -570.0 73 -62 160.725 155.04099999999997 57
3550.0 376.11899999999986 17 3690.0 -140.0 21 -70 148.99999999999997 162.44099999999997 14
4435.0 597.663 23 4800.0 -365.0 62 -110 217.48099999999997 210.12 35
4020.0 505.6759999999999 20 4230.0 -270.0 53 -94 213.17299999999994 186.54000000000002 26
4865.0 624.6590000000001 19 5070.0 -205.0 34 -83 287.36599999999993 254.47099999999995 14
5940.0 652.5570000000001 20 6330.0 -390.0 52 -114 283.771 241.24399999999997 39
4440.0 537.4429999999999 17 4680.0 -360.0 70 -97 179.90199999999996 207.92700000000002 36
4270.0 465.17900000000003 21 4470.0 -200.0 40 -86 193.99 171.7869999999999 20
5120.0 684.1349999999998 19 5610.0 -490.0 117 -95 299.846 232.0019999999999 43
4500.0 533.636 19 4800.0 -340.0 68 -84 227.19999999999993 211.12599999999998 34
4810.0 559.294 17 5070.0 -260.0 52 -110 176.426 192.79 26
5700.0 552.7989999999998 17 5910.0 -210.0 42 -99 232.86399999999998 216.565 21
3640.0 442.43199999999996 18 4020.0 -420.0 61 -72 171.34099999999998 186.33299999999997 42
5130.0 625.0809999999998 17 5430.0 -300.0 45 -97 197.82999999999996 229.67799999999994 30
4290.0 406.45300000000015 17 4650.0 -410.0 78 -61 194.30199999999996 186.107 41
5220.0 583.7830000000004 19 5430.0 -330.0 67 -100 259.343 224.37099999999998 33
3530.0 416.556 22 3930.0 -440.0 57 -65 180.941 169.19599999999994 44
