4660.0 527.5909999999999 20 5010.0 -350.0 72 -76 235.40499999999992 205.97199999999995 35
4225.0 491.20900000000006 21 4740.0 -515.0 88 -77 198.57700000000003 206.33899999999997 37
4380.0 551.978 16 4830.0 -450.0 82 -85 154.33499999999998 170.58899999999994 45
3800.0 445.64100000000013 15 4230.0 -450.0 92 -72 180.07700000000003 177.524 45
3750.0 478.87399999999985 17 4260.0 -520.0 106 -75 195.321 181.422 52
4310.0 487.119 26 4860.0 -600.0 102 -78 239.14099999999993 182.135 60
3580.0 419.3329999999999 18 3990.0 -410.0 84 -73 172.47999999999996 155.471 41
3260.0 444.8009999999999 16 3750.0 -490.0 83 -70 193.06 173.65299999999996 34
4240.0 480.39100000000013 15 4590.0 -350.0 72 -73 193.29999999999995 202.15999999999997 35
3890.0 529.633 16 4260.0 -370.0 75 -90 184.769 192.45499999999996 37
5740.0 616.5770000000001 21 6090.0 -350.0 71 -80 292.99299999999994 275.71099999999996 35
4160.0 603.6340000000001 18 5160.0 -1000.0 153 -99 189.29799999999994 205.68099999999995 85
2595.0 335.416 12 3030.0 -435.0 72 -50 149.24300000000002 128.22099999999998 29
3600.0 553.537 20 4110.0 -510.0 85 -85 207.30400000000003 165.475 51
4630.0 544.863 20 5010.0 -380.0 74 -75 227.692 230.4149999999999 38
2160.0 389.7279999999999 15 2970.0 -810.0 88 -54 154.82 130.31099999999998 81
3860.0 441.56499999999977 17 4200.0 -340.0 70 -71 196.06799999999998 181.14300000000003 34
5340.0 631.9119999999998 19 5760.0 -420.0 85 -104 225.49899999999994 266.7339999999999 42
4095.0 517.5640000000001 18 4590.0 -495.0 77 -73 233.9609999999999 209.41099999999994 35
3350.0 454.688 16 3960.0 -685.0 122 -66 225.05399999999995 169.52299999999997 59
4430.0 536.881 19 4920.0 -590.0 96 -69 230.57799999999997 230.92200000000003 59
4770.0 579.007 20 5160.0 -450.0 86 -89 238.96099999999996 246.21999999999997 45
3610.0 1663.286999999999 19 4740.0 -1230.0 133 -70 236.74399999999986 208.25799999999995 123
4830.0 473.422 19 5280.0 -450.0 91 -83 189.42199999999997 199.84599999999995 45
3460.0 462.984 16 4200.0 -760.0 118 -70 177.56599999999997 182.80699999999996 76
3310.0 408.83600000000007 16 3750.0 -440.0 78 -65 156.46699999999998 168.78999999999996 44
3910.0 643.1299999999997 16 4380.0 -470.0 92 -105 227.391 200.96099999999998 47
3160.0 348.11899999999986 20 3600.0 -440.0 79 -59 141.00699999999998 157.13099999999994 44
4860.0 596.434 15 5310.0 -450.0 92 -108 194.24 231.31299999999996 45
3625.0 481.7149999999999 15 4080.0 -455.0 76 -76 202.548 181.38299999999992 31
2460.0 291.6509999999999 14 2790.0 -430.0 88 -42 126.81500000000003 113.34999999999998 43
4520.0 510.0159999999998 16 5100.0 -595.0 116 -93 194.58999999999992 202.18899999999996 55
4510.0 556.519 20 5040.0 -530.0 82 -82 249.72899999999998 230.3249999999999 38
4120.0 713.417 20 4740.0 -620.0 89 -109 292.7539999999999 216.444 47
5080.0 610.3839999999999 17 5640.0 -580.0 119 -94 213.85799999999995 254.3569999999999 58
4140.0 583.064 18 4980.0 -900.0 132 -88 235.35499999999996 218.686 79
2910.0 440.8049999999999 17 3300.0 -390.0 74 -67 185.01999999999998 149.146 39
3860.0 413.97299999999996 18 4320.0 -460.0 95 -65 176.26999999999998 174.457 46
5490.0 642.4599999999998 16 6060.0 -570.0 94 -98 256.60999999999996 269.49 38
3640.0 501.0509999999998 16 4080.0 -440.0 88 -80 161.22899999999998 184.61999999999998 44
5360.0 623.395 23 5970.0 -610.0 113 -96 272.219 233.67199999999997 61
3390.0 493.801 17 4170.0 -780.0 81 -76 211.278 173.75699999999998 78
3830.0 407.5520000000001 12 4650.0 -820.0 75 -84 119.11099999999999 155.76299999999998 82
1245.0 482.65499999999986 10 2850.0 -1695.0 111 -50 107.369 127.74699999999997 304
4350.0 497.60400000000004 15 4860.0 -510.0 103 -82 204.447 176.49400000000006 51
4410.0 517.707 16 4860.0 -450.0 92 -86 200.552 206.89000000000001 45
5430.0 638.0529999999998 22 5850.0 -420.0 77 -98 300.99099999999993 252.16699999999994 50
3740.0 515.0389999999999 16 4200.0 -460.0 94 -82 214.86599999999996 174.54 46
4290.0 520.577 18 4650.0 -360.0 74 -76 209.0 209.60099999999994 36
4890.0 569.412 19 5370.0 -480.0 98 -94 247.01500000000001 220.10399999999993 48
4490.0 557.051 20 4920.0 -430.0 88 -73 261.454 213.98400000000004 43
3490.0 1229.7419999999995 20 4620.0 -1130.0 134 -67 221.79699999999994 206.00099999999998 113
3450.0 493.959 16 3870.0 -420.0 86 -76 193.93599999999998 181.36899999999997 42
3810.0 475.44099999999986 16 4290.0 -480.0 98 -85 166.535 185.42599999999996 48
3820.0 409.58999999999986 15 4170.0 -350.0 72 -64 191.55799999999996 159.3029999999999 35
6050.0 652.9119999999999 18 6510.0 -460.0 94 -100 258.1859999999999 274.48900000000003 46
5030.0 487.5179999999999 19 5370.0 -340.0 70 -78 215.01200000000003 215.23399999999998 34
4680.0 515.9259999999999 22 5040.0 -360.0 74 -75 199.64399999999998 226.66799999999998 36
4610.0 537.429 15 5070.0 -460.0 94 -93 190.727 215.42399999999998 46
4300.0 535.384 16 4650.0 -350.0 72 -79 212.468 212.532 35
3420.0 477.30699999999996 17 3780.0 -360.0 73 -65 225.86799999999997 164.875 36
3650.0 510.9579999999999 20 4200.0 -550.0 99 -77 250.081 163.07199999999997 55
3780.0 433.395 19 4200.0 -420.0 86 -81 144.436 184.725 42
4890.0 565.0279999999999 20 5280.0 -390.0 79 -94 236.56699999999995 227.17499999999998 39
4580.0 559.1529999999999 16 5070.0 -490.0 100 -97 208.77499999999995 220.41799999999998 49
3640.0 457.66600000000005 14 4080.0 -440.0 81 -75 177.87599999999995 183.11699999999996 44
2870.0 417.478 16 3300.0 -430.0 84 -53 179.249 152.305 43
3890.0 467.28899999999993 17 4290.0 -420.0 86 -71 221.90899999999993 173.829 42
3430.0 423.29399999999987 16 3780.0 -350.0 72 -68 166.637 162.093 35
4350.0 486.575 18 4830.0 -480.0 87 -78 219.65599999999995 201.852 48
5470.0 645.1569999999999 18 5880.0 -410.0 84 -84 275.6389999999999 254.27699999999987 41
2900.0 452.65899999999993 20 3240.0 -460.0 81 -67 228.388 148.87600000000003 46
4800.0 615.6330000000002 21 5250.0 -450.0 92 -99 267.72200000000004 215.433 45
5070.0 1178.0479999999993 18 5790.0 -720.0 93 -93 260.74500000000006 220.90200000000002 72
4110.0 446.71599999999995 17 4650.0 -540.0 95 -85 177.08899999999997 175.11999999999995 40
3500.0 511.3370000000001 21 4110.0 -685.0 131 -77 200.424 186.218 61
3650.0 389.96599999999995 17 4200.0 -550.0 89 -71 160.12499999999997 156.57699999999994 55
3930.0 502.404 19 4410.0 -480.0 98 -81 204.37399999999997 173.33199999999994 48
3750.0 573.176 14 4320.0 -570.0 103 -90 252.73799999999997 186.095 57
3690.0 882.974 20 4350.0 -810.0 103 -75 216.87 201.48199999999997 81
5100.0 507.36599999999993 21 5550.0 -630.0 108 -89 193.01000000000002 224.82000000000002 63
4640.0 531.7969999999999 16 5070.0 -430.0 79 -79 220.75299999999993 222.96999999999997 43
5090.0 510.86699999999996 16 5580.0 -530.0 109 -89 170.653 219.41800000000003 53
4050.0 541.9100000000001 20 4410.0 -360.0 74 -78 219.88699999999997 207.98999999999998 36
5070.0 486.87 19 5490.0 -420.0 86 -91 180.099 203.914 42
4000.0 531.8629999999999 23 4410.0 -410.0 84 -76 226.931 196.61799999999997 41
3220.0 389.25199999999995 18 3720.0 -510.0 105 -60 182.10999999999996 153.142 51
2875.0 443.059 14 3660.0 -845.0 119 -73 158.98299999999995 154.577 70
3780.0 511.07499999999993 15 4260.0 -480.0 85 -89 160.77799999999996 177.35799999999998 48
4730.0 490.3779999999999 24 5100.0 -370.0 76 -80 211.37599999999995 196.91299999999998 37
2960.0 1473.9809999999998 16 4170.0 -1210.0 136 -78 207.159 191.70700000000002 106
6045.0 525.6360000000001 16 6480.0 -435.0 72 -96 225.129 229.30200000000005 29
5440.0 582.0589999999999 22 6060.0 -800.0 121 -95 252.851 231.10499999999996 76
4680.0 383.933 17 5040.0 -360.0 74 -74 170.13299999999998 160.154 36
4340.0 497.4219999999999 21 4950.0 -610.0 99 -81 166.53099999999998 206.35499999999996 46
4300.0 489.441 17 4650.0 -350.0 72 -74 203.82499999999996 211.372 35
4230.0 448.4670000000001 19 4830.0 -610.0 108 -77 186.748 191.64000000000001 47
4370.0 472.44699999999995 18 4800.0 -550.0 113 -73 189.68199999999996 194.41499999999994 55
5070.0 549.378 16 5460.0 -390.0 76 -99 207.34300000000002 218.1749999999999 39
3310.0 421.0669999999999 17 3900.0 -605.0 109 -79 169.51799999999997 154.95100000000002 53
4210.0 541.9780000000002 18 4650.0 -440.0 90 -86 208.749 208.54499999999996 44
3510.0 518.401 19 3990.0 -480.0 83 -85 217.45299999999997 168.882 48
3210.0 538.4059999999998 16 4080.0 -870.0 79 -90 147.171 158.605 87
2835.0 363.54699999999997 15 3270.0 -455.0 76 -57 141.69099999999997 157.01899999999998 31
4500.0 444.55199999999996 20 4860.0 -360.0 73 -71 173.51399999999998 191.07799999999995 36
3650.0 556.202 21 4110.0 -460.0 94 -84 240.30099999999996 186.95 46
4740.0 583.6700000000001 19 5280.0 -560.0 114 -96 220.318 204.60799999999998 56
4640.0 530.9459999999998 20 5130.0 -490.0 83 -76 204.76499999999993 239.87499999999997 49
4550.0 615.4720000000001 20 5250.0 -710.0 116 -84 225.29699999999997 216.92800000000005 56
4730.0 530.348 23 5340.0 -670.0 116 -81 198.42799999999997 205.67999999999995 67
4905.0 633.7119999999999 16 5460.0 -555.0 96 -104 234.257 255.63 41
3480.0 428.5299999999999 17 3930.0 -470.0 97 -66 183.896 170.47899999999998 47
3560.0 510.32599999999985 19 3990.0 -430.0 88 -86 205.88 179.894 43
4765.0 525.3770000000001 19 5130.0 -365.0 73 -73 239.767 216.87599999999998 38
3820.0 423.583 19 4260.0 -440.0 90 -75 176.16000000000003 166.07599999999994 44
2550.0 379.89099999999996 16 3090.0 -540.0 89 -65 128.93 124.26799999999999 54
1790.0 1262.8060000000007 12 3000.0 -1210.0 129 -67 134.62199999999999 135.46999999999997 121
4190.0 542.445 18 4650.0 -460.0 94 -88 234.59199999999998 205.539 46
2640.0 427.1349999999998 15 3180.0 -540.0 107 -80 168.61999999999998 132.62300000000002 54
4620.0 471.26699999999977 21 4980.0 -360.0 73 -75 210.35399999999993 186.19399999999996 36
4180.0 466.2839999999999 19 4620.0 -440.0 90 -92 165.90099999999995 177.42300000000003 44
3525.0 411.48900000000003 16 3960.0 -435.0 72 -72 169.067 162.14899999999997 29
5200.0 523.1699999999998 19 5640.0 -440.0 81 -85 166.96899999999997 250.5019999999999 44
4330.0 515.8469999999999 18 4770.0 -440.0 80 -82 184.76499999999996 223.36399999999998 44
3010.0 405.68299999999994 16 3450.0 -440.0 74 -72 156.443 159.30900000000005 30
2530.0 350.22200000000004 15 2880.0 -350.0 72 -69 117.44799999999998 127.69999999999997 35
5330.0 429.6209999999999 14 5910.0 -580.0 115 -105 120.25899999999999 163.81999999999996 58
4590.0 493.2739999999998 16 5010.0 -420.0 86 -93 186.48399999999995 207.13699999999997 42
4150.0 477.9309999999999 16 4590.0 -440.0 90 -75 198.36199999999994 192.38899999999995 44
3780.0 483.97399999999993 17 4170.0 -390.0 77 -91 165.552 175.38799999999998 39
4840.0 498.7939999999999 22 5220.0 -380.0 78 -83 221.06499999999997 205.1099999999999 38
3630.0 471.67100000000005 14 4080.0 -570.0 85 -65 198.75899999999996 179.913 42
5855.0 856.7390000000003 23 6630.0 -775.0 111 -119 284.8029999999999 234.577 63
3940.0 448.91100000000006 18 4290.0 -590.0 93 -63 193.42100000000002 201.1069999999999 59
4650.0 521.6059999999999 18 5010.0 -360.0 74 -70 232.24799999999993 215.33299999999997 36
4080.0 471.6549999999999 18 4590.0 -550.0 88 -60 199.88 210.626 55
5270.0 591.6200000000001 22 5610.0 -340.0 70 -85 293.569 237.75799999999995 34
4380.0 537.242 18 4800.0 -420.0 79 -82 207.051 205.41099999999994 42
4420.0 609.2239999999998 17 4890.0 -470.0 96 -93 273.43399999999997 216.25400000000002 47
3170.0 452.95099999999985 15 3540.0 -370.0 72 -62 181.83299999999994 159.70000000000002 37
3680.0 522.535 12 4140.0 -460.0 94 -102 154.60799999999998 189.67900000000003 46
3630.0 440.5489999999999 19 4140.0 -540.0 111 -61 206.97599999999997 174.56199999999998 54
3950.0 464.3649999999999 21 4290.0 -340.0 70 -55 261.71099999999996 177.233 34
5820.0 586.3520000000001 20 6210.0 -390.0 80 -102 228.00099999999995 255.08199999999997 39
3900.0 502.34799999999984 20 4320.0 -440.0 90 -75 176.77999999999997 202.84699999999998 44
5770.0 595.4500000000003 20 6240.0 -470.0 96 -93 228.082 265.67999999999995 47
5160.0 733.0690000000001 18 5730.0 -990.0 142 -104 327.15299999999996 270.0119999999999 99
2600.0 435.3169999999999 18 3360.0 -1060.0 107 -63 177.42699999999996 156.32099999999997 106
3880.0 432.4189999999999 15 4470.0 -650.0 112 -71 182.81399999999996 189.82399999999996 65
4010.0 455.8979999999999 15 4440.0 -430.0 88 -82 173.98199999999997 161.329 43
3120.0 571.6900000000002 15 3780.0 -660.0 135 -73 191.42499999999993 180.44899999999993 66
3990.0 488.60999999999996 19 4350.0 -360.0 74 -72 171.622 200.58099999999996 36
3995.0 528.8900000000001 14 4530.0 -535.0 92 -89 202.75300000000001 195.50799999999995 39
3110.0 470.7569999999999 20 3570.0 -480.0 99 -69 226.382 164.19599999999994 48
4350.0 634.3030000000002 19 4890.0 -540.0 102 -104 228.97299999999998 221.637 54
5050.0 539.2009999999999 19 5490.0 -440.0 89 -91 244.00200000000004 191.099 44
4390.0 657.5600000000002 19 4980.0 -590.0 88 -84 269.7639999999999 221.74699999999993 44
4230.0 509.24299999999994 18 4800.0 -570.0 132 -82 186.70799999999994 200.753 52
4190.0 501.508 17 4890.0 -740.0 105 -79 228.276 194.33199999999997 74
4290.0 500.53899999999993 19 4770.0 -480.0 94 -88 181.517 192.19500000000002 48
4420.0 517.0279999999999 18 4920.0 -500.0 101 -97 184.70300000000003 197.84499999999997 50
4850.0 651.5089999999998 19 5310.0 -460.0 94 -101 256.077 241.07 46
4175.0 420.45199999999994 16 4530.0 -355.0 71 -74 171.22400000000002 176.474 37
5170.0 604.5390000000003 20 5760.0 -590.0 102 -104 230.014 218.59 44
5600.0 615.537 24 6030.0 -430.0 88 -92 286.19900000000007 268.78799999999995 43
2810.0 423.716 15 3180.0 -580.0 110 -60 174.56899999999996 130.55599999999998 51
2160.0 273.2159999999999 12 2550.0 -390.0 74 -42 106.55199999999998 112.96799999999999 39
3480.0 402.65199999999993 18 3930.0 -690.0 110 -81 135.21999999999997 158.25899999999996 69
2770.0 456.09599999999995 18 3330.0 -590.0 96 -59 218.16799999999986 151.78500000000003 59
4130.0 430.59900000000005 17 4470.0 -340.0 70 -61 202.51399999999995 187.77199999999996 34
4240.0 528.3689999999998 18 4740.0 -500.0 97 -85 198.601 206.97199999999998 50
3480.0 546.9599999999998 15 4080.0 -600.0 104 -100 192.71299999999997 169.158 45
4575.0 502.21199999999993 20 5070.0 -495.0 84 -74 235.36899999999994 208.629 35
4080.0 551.6980000000001 18 4530.0 -450.0 92 -80 206.33699999999996 209.401 45
4260.0 500.2979999999999 17 4740.0 -480.0 97 -85 200.41699999999992 200.32100000000005 48
5300.0 645.2039999999998 17 5820.0 -520.0 90 -92 270.9389999999999 249.2089999999999 38
4480.0 508.2609999999998 18 4830.0 -350.0 71 -83 214.34900000000002 216.063 35
3895.0 510.4839999999999 18 4380.0 -485.0 89 -74 215.7409999999999 190.98399999999992 49
4940.0 596.957 22 5310.0 -520.0 107 -82 289.15599999999995 209.947 52
4250.0 496.9639999999999 16 4770.0 -520.0 87 -86 156.40899999999996 199.29499999999996 52
3430.0 470.4970000000001 19 3930.0 -500.0 98 -89 162.113 160.362 50
3990.0 512.7369999999997 18 4440.0 -450.0 74 -69 232.94299999999996 191.29699999999994 30
3920.0 386.06600000000003 17 4260.0 -460.0 95 -52 170.55399999999992 192.9089999999999 46
2280.0 338.035 17 2640.0 -500.0 103 -47 145.71599999999998 111.31299999999999 50
3960.0 508.0890000000002 18 4440.0 -480.0 93 -90 173.642 174.54200000000006 48
4830.0 557.329 18 5160.0 -330.0 68 -72 279.42799999999994 232.635 33
3650.0 534.086 21 4200.0 -590.0 103 -72 232.20299999999995 183.75299999999993 59
3595.0 458.20500000000004 17 4170.0 -575.0 87 -75 191.62699999999998 178.28400000000002 43
3310.0 388.16700000000003 13 3660.0 -350.0 72 -57 164.38 159.88499999999996 35
2800.0 388.6439999999999 14 3540.0 -760.0 112 -62 179.637 132.99099999999996 76
5190.0 634.0439999999999 20 5730.0 -560.0 109 -96 245.11599999999999 235.90099999999998 56
4490.0 686.3969999999998 19 5280.0 -800.0 135 -106 252.10599999999997 224.54499999999996 80
3250.0 393.615 16 3720.0 -520.0 87 -59 168.13999999999996 162.20800000000006 52
3650.0 521.8900000000001 16 4470.0 -820.0 89 -73 219.96199999999996 181.00400000000002 82
4210.0 549.1610000000001 18 4590.0 -380.0 78 -72 269.86899999999997 212.11199999999997 38
3960.0 418.13999999999993 20 4320.0 -360.0 73 -62 162.623 185.30399999999997 36
3800.0 527.5970000000002 18 4470.0 -680.0 131 -94 197.55800000000002 196.14800000000002 63
4850.0 637.0289999999999 23 5310.0 -460.0 95 -93 266.231 247.07699999999997 46
2335.0 379.08399999999995 12 2880.0 -545.0 87 -66 110.09499999999998 126.41599999999998 40
4180.0 513.273 22 4530.0 -350.0 72 -68 249.396 194.85899999999998 35
3500.0 439.96799999999996 16 3990.0 -510.0 104 -68 160.06300000000002 148.54399999999998 51
3990.0 369.10100000000006 15 4410.0 -420.0 81 -63 151.07799999999997 161.64999999999998 42
3430.0 873.3399999999998 20 4470.0 -1140.0 135 -66 184.73799999999994 201.48999999999992 114
3300.0 425.01199999999994 20 3660.0 -460.0 93 -58 188.979 165.06 46
2600.0 427.75100000000003 15 3300.0 -700.0 66 -62 142.679 158.02100000000002 70
4680.0 594.3829999999998 25 5220.0 -540.0 82 -75 267.558 227.76599999999993 39
3990.0 662.7369999999997 18 4530.0 -540.0 84 -72 236.118 202.61499999999992 54
4690.0 593.982 18 5190.0 -500.0 101 -86 243.09199999999998 230.03899999999996 50
3690.0 508.8579999999998 18 4140.0 -450.0 74 -75 198.85699999999994 186.411 30
5320.0 632.7880000000001 21 5820.0 -650.0 116 -87 276.36500000000007 257.59999999999997 65
4170.0 512.4789999999999 22 4680.0 -510.0 84 -75 188.972 206.99299999999997 51
4030.0 495.99999999999983 20 4590.0 -560.0 96 -83 185.803 203.16400000000002 41
3690.0 528.7890000000002 16 4110.0 -420.0 86 -78 216.525 191.747 42
3810.0 509.93399999999997 15 4260.0 -450.0 74 -81 190.691 194.3859999999999 30
4170.0 581.2720000000003 18 4980.0 -810.0 88 -91 228.12799999999993 211.426 81
4055.0 474.3109999999999 16 4500.0 -445.0 88 -76 193.902 202.346 47
5020.0 730.5180000000001 18 5670.0 -650.0 105 -123 270.0969999999999 244.42199999999997 50
3050.0 313.194 16 3390.0 -340.0 70 -56 145.05599999999998 118.31599999999999 34
4510.0 563.927 22 4980.0 -470.0 96 -95 233.11899999999994 206.15999999999994 47
5060.0 565.192 23 5520.0 -460.0 80 -78 263.28100000000006 241.46699999999998 46
2445.0 300.45799999999997 14 2880.0 -435.0 72 -55 107.596 122.713 29
2930.0 415.924 14 3300.0 -370.0 72 -63 162.658 158.159 37
3960.0 533.7139999999998 15 4320.0 -360.0 74 -74 224.17699999999994 201.724 36
3990.0 504.795 19 4350.0 -360.0 74 -73 211.45999999999995 196.50199999999998 36
3510.0 450.09799999999984 18 3990.0 -480.0 80 -79 199.78700000000003 149.35100000000003 48
5020.0 517.9409999999999 18 5370.0 -350.0 72 -84 210.41499999999994 229.6239999999999 35
3770.0 436.87699999999995 15 4230.0 -670.0 97 -74 173.511 190.78599999999994 53
6550.0 627.5100000000001 18 7050.0 -500.0 85 -103 280.58399999999995 279.09899999999993 35
5490.0 568.674 20 6150.0 -760.0 121 -95 244.7909999999999 241.419 76
5045.0 548.0840000000002 19 5580.0 -535.0 91 -90 222.63299999999992 239.63299999999995 41
2595.0 550.7280000000001 11 3930.0 -1475.0 115 -66 138.01899999999998 139.273 230
3610.0 477.88699999999994 14 4200.0 -590.0 102 -83 153.986 168.42099999999994 44
4560.0 524.838 17 5010.0 -720.0 130 -78 253.658 183.35899999999998 57
4540.0 545.861 17 4890.0 -350.0 72 -72 234.61599999999999 245.30400000000003 35
3915.0 557.0449999999998 20 4560.0 -645.0 88 -76 178.82999999999993 184.501 50
3500.0 392.02099999999996 19 3840.0 -340.0 70 -54 195.719 168.14899999999997 34
3500.0 480.6559999999999 20 3960.0 -460.0 94 -68 195.26299999999998 188.143 46
5350.0 589.4959999999999 22 5820.0 -470.0 96 -96 242.29099999999994 243.43799999999987 47
4110.0 473.38599999999997 18 4470.0 -360.0 74 -82 171.962 185.89300000000003 36
3525.0 414.01199999999994 15 3960.0 -435.0 72 -80 160.85099999999997 153.29299999999995 29
3870.0 530.048 17 4230.0 -360.0 74 -72 232.771 201.89399999999995 36
3610.0 530.2670000000002 16 4230.0 -700.0 96 -61 263.66799999999995 188.921 55
3840.0 534.155 19 4260.0 -420.0 70 -79 246.337 205.54599999999996 28
4290.0 509.57899999999984 17 4650.0 -360.0 74 -92 194.74499999999998 200.76199999999994 36
3490.0 439.092 20 3870.0 -380.0 73 -59 202.60799999999995 175.0779999999999 38
4295.0 552.083 22 4860.0 -565.0 98 -83 230.833 220.54899999999995 42
4660.0 522.6709999999998 18 5070.0 -410.0 84 -73 231.30899999999997 227.98 41
4460.0 598.4579999999999 18 4980.0 -560.0 114 -98 215.06999999999996 239.50099999999998 56
3880.0 516.5140000000001 19 4260.0 -560.0 90 -63 248.955 202.486 56
4220.0 485.392 16 4710.0 -640.0 97 -69 207.15699999999995 215.90999999999994 64
3430.0 504.1899999999998 18 3960.0 -530.0 86 -78 202.59399999999997 180.47 53
4955.0 709.314 17 5550.0 -595.0 90 -89 283.52199999999993 232.63099999999991 43
3290.0 1423.8229999999992 16 4140.0 -850.0 101 -77 191.05700000000002 166.20899999999997 85
4590.0 534.998 17 5220.0 -650.0 110 -92 184.67199999999994 246.91599999999994 65
3910.0 475.0320000000001 17 4260.0 -470.0 97 -74 190.35899999999998 194.61700000000002 47
5930.0 610.2969999999999 18 6420.0 -520.0 107 -95 269.314 255.30599999999995 52
2835.0 419.9769999999999 16 3390.0 -555.0 92 -66 186.07599999999994 147.18699999999998 37
2680.0 390.56699999999995 15 3060.0 -380.0 78 -56 179.48299999999998 128.90800000000002 38
2535.0 363.5599999999999 17 2970.0 -435.0 72 -54 166.59499999999994 138.00600000000003 29
2730.0 421.96599999999995 15 3270.0 -540.0 99 -72 163.795 154.52100000000002 54
4250.0 567.598 20 4680.0 -430.0 77 -74 278.265 205.856 43
5750.0 627.4969999999998 25 6210.0 -550.0 113 -95 294.667 251.23100000000002 55
4250.0 480.289 18 4770.0 -520.0 88 -87 162.92999999999995 194.003 37
3890.0 813.7799999999996 18 4500.0 -610.0 97 -72 210.29200000000003 206.16 61
4080.0 540.054 20 4530.0 -450.0 92 -81 235.44499999999994 190.28399999999996 45
4590.0 546.627 22 5010.0 -420.0 70 -78 260.2710000000001 225.87199999999996 28
4230.0 577.318 19 4800.0 -570.0 95 -94 226.94999999999996 203.107 57
3990.0 537.5360000000001 18 4530.0 -540.0 99 -87 202.014 206.059 54
3900.0 467.94900000000007 18 4290.0 -430.0 88 -68 200.555 196.64399999999995 43
5290.0 579.673 20 5850.0 -560.0 98 -91 253.498 242.24099999999996 42
4020.0 479.16499999999985 18 4500.0 -480.0 82 -76 214.90399999999997 188.88999999999996 48
3710.0 395.46700000000004 17 4050.0 -340.0 70 -58 178.86099999999993 183.31 34
2440.0 336.94200000000006 16 2940.0 -500.0 85 -54 142.896 119.14800000000001 50
4590.0 529.841 21 4950.0 -480.0 99 -78 213.55699999999993 216.95199999999997 48
3480.0 422.11699999999996 18 3840.0 -360.0 74 -66 164.797 165.79699999999997 36
3760.0 543.372 19 4170.0 -410.0 84 -83 219.013 192.04799999999994 41
4270.0 382.64199999999994 13 4620.0 -350.0 72 -67 150.71399999999997 121.36399999999998 35
3110.0 386.05499999999995 14 3480.0 -370.0 76 -71 128.79099999999997 146.987 37
3710.0 883.3219999999999 16 4380.0 -670.0 93 -85 179.14299999999994 177.539 101
4030.0 504.3660000000001 19 4500.0 -490.0 101 -71 208.93499999999995 206.159 49
4280.0 474.91099999999994 18 4620.0 -340.0 70 -72 221.45100000000002 187.98999999999998 34
2460.0 382.45000000000005 15 2820.0 -360.0 74 -54 171.07 117.18999999999998 36
4130.0 509.32099999999997 18 4590.0 -460.0 92 -85 205.589 174.01899999999998 46
7060.0 602.819 19 7590.0 -530.0 109 -110 222.62799999999993 212.8879999999999 53
4095.0 444.167 18 4590.0 -495.0 77 -71 194.95800000000003 187.54999999999993 35
4900.0 610.642 19 5250.0 -350.0 72 -78 292.0019999999999 247.281 35
5780.0 549.2079999999999 14 6360.0 -580.0 92 -110 150.497 211.36299999999994 58
4050.0 505.444 17 4500.0 -450.0 85 -87 186.83099999999996 205.88399999999996 45
5020.0 496.39500000000004 14 5610.0 -630.0 121 -103 157.01799999999994 185.87799999999996 63
4280.0 606.3319999999998 19 4710.0 -430.0 88 -92 264.92499999999995 225.75999999999993 43
3570.0 480.3569999999999 21 4170.0 -600.0 87 -60 223.78099999999995 181.13199999999998 45
4385.0 603.6529999999998 19 4980.0 -595.0 100 -103 259.03099999999984 205.80800000000002 49
5855.0 660.829 18 6450.0 -595.0 104 -111 237.6 300.75800000000004 45
2680.0 375.616 16 3030.0 -390.0 80 -64 143.04899999999998 131.01899999999998 39
4185.0 514.955 15 4980.0 -795.0 112 -101 163.21099999999998 194.97099999999995 87
3940.0 446.07800000000003 16 4290.0 -350.0 72 -77 169.10399999999998 190.09700000000004 35
4000.0 417.48100000000005 15 4350.0 -350.0 71 -64 181.387 187.64499999999998 35
4280.0 566.129 20 4770.0 -500.0 103 -70 290.34499999999997 219.23 50
3490.0 459.15799999999996 15 3840.0 -350.0 72 -76 182.675 165.43699999999998 35
4270.0 525.175 22 4710.0 -440.0 90 -86 239.232 188.40099999999995 44
3465.0 432.138 16 4050.0 -585.0 99 -73 164.58599999999996 172.77599999999993 44
3740.0 485.0719999999999 17 4080.0 -340.0 70 -70 241.251 180.66500000000002 34
3600.0 543.2929999999999 15 4410.0 -820.0 130 -87 193.705 187.79399999999998 68
5270.0 577.3099999999997 19 5610.0 -340.0 70 -90 260.2729999999999 224.81699999999992 34
3270.0 428.3110000000001 14 3630.0 -360.0 74 -63 160.361 167.54699999999997 36
4250.0 498.692 17 4590.0 -340.0 70 -82 219.23699999999997 198.29899999999995 34
4990.0 781.619 20 5550.0 -560.0 85 -79 276.899 246.67499999999995 56
5040.0 472.91300000000007 15 5460.0 -420.0 86 -83 165.54799999999997 250.0279999999999 42
5535.0 551.2909999999999 21 6060.0 -525.0 90 -102 217.37999999999997 224.21200000000005 38
4490.0 510.20199999999994 19 4920.0 -430.0 88 -81 212.533 200.14899999999997 43
4620.0 597.7180000000001 21 5070.0 -720.0 148 -89 232.85099999999994 223.20799999999997 72
4110.0 457.97700000000003 17 4440.0 -330.0 68 -74 192.077 196.49699999999996 33
2915.0 538.2080000000001 17 3450.0 -575.0 100 -84 231.51000000000002 154.60000000000002 43
3350.0 434.111 19 3900.0 -550.0 89 -66 180.856 165.065 55
4510.0 419.37899999999996 15 4860.0 -350.0 72 -67 184.79000000000002 190.22399999999996 35
4780.0 528.6879999999999 18 5130.0 -350.0 72 -86 202.72 237.63299999999995 35
4125.0 571.3790000000001 22 4710.0 -585.0 102 -79 236.99800000000005 243.35099999999994 44
3300.0 401.92300000000006 16 3660.0 -360.0 73 -59 164.015 163.862 36
5490.0 552.649 20 5910.0 -570.0 117 -95 242.39099999999996 229.62099999999998 57
2950.0 454.05299999999994 21 3330.0 -380.0 78 -68 194.77300000000002 139.67100000000002 38
5160.0 412.85799999999983 18 5580.0 -420.0 70 -81 184.7 177.978 28
3735.0 419.2629999999999 18 4170.0 -435.0 72 -59 154.328 214.97999999999996 29
4260.0 596.9749999999999 16 4770.0 -510.0 93 -78 269.396 223.85899999999995 51
4790.0 575.93 19 5340.0 -550.0 101 -103 171.549 236.968 55
5580.0 553.039 17 6030.0 -515.0 89 -89 235.44199999999998 223.91199999999992 58
3750.0 562.472 22 4170.0 -420.0 86 -92 256.2689999999999 182.059 42
2835.0 371.207 16 3270.0 -435.0 72 -46 175.841 145.57099999999997 29
4140.0 479.45599999999985 16 4650.0 -510.0 87 -79 181.53799999999995 214.503 36
3880.0 435.9179999999999 21 4380.0 -500.0 89 -71 179.8 184.14900000000003 50
4340.0 513.5239999999998 19 4980.0 -640.0 108 -88 178.42899999999995 201.34199999999996 64
4410.0 508.9149999999999 24 4770.0 -360.0 74 -70 239.95 190.017 36
4090.0 466.08 16 4530.0 -440.0 83 -81 172.99699999999996 199.32699999999994 44
3200.0 438.5029999999998 18 3570.0 -370.0 76 -79 187.204 135.183 37
4155.0 469.6079999999999 16 4590.0 -435.0 72 -72 203.28799999999993 189.70900000000003 29
4305.0 466.348 23 4680.0 -375.0 74 -78 185.28999999999996 197.048 40
3260.0 520.0549999999998 21 3630.0 -370.0 74 -69 248.94499999999988 155.14999999999998 37
3750.0 362.004 14 4110.0 -360.0 73 -55 142.23799999999997 166.632 36
4210.0 583.052 19 4830.0 -620.0 89 -77 269.11899999999997 216.33 47
2920.0 331.94699999999995 20 3240.0 -320.0 66 -45 170.128 141.74999999999997 32
5120.0 663.0589999999997 22 5610.0 -490.0 83 -92 260.34599999999995 256.81499999999994 49
3980.0 475.9780000000001 17 4320.0 -430.0 88 -74 203.36 203.784 43
3120.0 375.33899999999977 19 3540.0 -420.0 70 -62 177.00000000000003 143.589 28
3520.0 446.15 18 4080.0 -570.0 117 -82 151.03099999999998 176.026 57
4230.0 544.342 17 4710.0 -480.0 98 -94 197.48799999999994 187.70999999999998 48
4340.0 484.751 24 4770.0 -430.0 88 -72 237.49599999999998 194.959 43
3970.0 493.30400000000014 17 4320.0 -350.0 72 -73 197.13099999999994 213.213 35
4560.0 511.40300000000013 22 5040.0 -520.0 100 -77 210.48499999999993 219.069 52
4610.0 465.2049999999999 16 5010.0 -550.0 107 -85 181.38299999999998 168.43699999999998 55
3540.0 466.75399999999996 18 3900.0 -360.0 74 -66 231.07699999999988 166.604 36
3070.0 391.2559999999999 16 3420.0 -470.0 96 -66 163.44199999999998 142.069 47
3430.0 404.566 15 3780.0 -350.0 72 -70 150.74699999999996 163.30099999999996 35
3980.0 444.723 17 4320.0 -340.0 70 -75 176.64899999999997 200.58499999999998 34
3460.0 365.88699999999994 13 3810.0 -350.0 72 -58 150.875 152.06199999999998 35
3650.0 378.3179999999999 17 3990.0 -340.0 70 -60 178.26500000000004 164.147 34
4310.0 466.70900000000006 20 4650.0 -340.0 70 -77 205.14999999999995 192.78799999999995 34
4385.0 703.9319999999998 18 5280.0 -975.0 123 -90 263.73799999999994 234.94599999999994 83
4710.0 610.7550000000001 19 5190.0 -545.0 92 -93 193.07699999999994 223.57599999999994 61
5985.0 535.058 23 6420.0 -435.0 72 -90 232.444 250.80699999999996 29
4010.0 431.8059999999999 18 4410.0 -400.0 81 -74 176.92499999999998 178.285 40
4670.0 597.0360000000001 22 5190.0 -520.0 85 -99 250.721 205.91299999999995 52
3630.0 505.53499999999985 21 4110.0 -480.0 87 -77 221.78600000000003 178.32999999999998 48
4390.0 487.45399999999984 21 4800.0 -410.0 84 -85 209.16499999999994 206.40599999999995 41
4040.0 541.885 19 4590.0 -550.0 89 -79 217.01899999999998 224.18299999999996 55
2990.0 504.2080000000001 13 3810.0 -820.0 80 -74 215.25299999999996 164.50699999999998 82
2570.0 334.97999999999996 17 2910.0 -340.0 70 -56 142.723 125.46899999999997 34
3890.0 459.4759999999999 16 4320.0 -430.0 88 -80 185.65099999999995 185.49699999999999 43
3555.0 469.091 17 4110.0 -555.0 83 -64 205.68699999999998 201.976 41
4760.0 1028.488 23 5490.0 -730.0 96 -89 292.206 248.01999999999998 73
4920.0 561.3050000000001 22 5370.0 -630.0 107 -85 216.4459999999999 236.49199999999993 63
3870.0 493.85599999999977 18 4410.0 -620.0 106 -79 221.14499999999992 189.199 62
3100.0 525.341 14 3540.0 -440.0 89 -89 174.81199999999998 166.86699999999996 44
5200.0 607.4129999999998 25 5550.0 -350.0 72 -95 260.281 243.02200000000002 35
4770.0 542.8810000000001 20 5190.0 -420.0 70 -75 270.32199999999995 223.28799999999998 28
4180.0 498.201 19 4530.0 -350.0 72 -73 218.31299999999993 196.404 35
4380.0 474.03700000000003 18 4740.0 -360.0 74 -88 158.91199999999998 180.60999999999996 36
3230.0 463.5900000000001 16 3570.0 -340.0 70 -65 206.81699999999998 170.32999999999998 34
3630.0 522.274 19 4080.0 -450.0 89 -75 202.26 190.65599999999992 45
4680.0 541.5769999999999 20 5040.0 -710.0 106 -75 226.64200000000002 224.87399999999997 71
3780.0 440.1939999999999 16 4140.0 -360.0 74 -79 163.06900000000002 169.39099999999993 36
3550.0 470.5429999999999 16 3960.0 -410.0 77 -71 212.04299999999998 160.48599999999996 41
4810.0 472.617 21 5160.0 -350.0 72 -79 188.99199999999996 207.13499999999996 35
4460.0 395.4539999999999 17 4830.0 -370.0 76 -78 136.36499999999998 189.17800000000003 37
4890.0 596.53 23 5310.0 -420.0 85 -92 255.63299999999998 225.49299999999997 42
3545.0 480.955 17 4050.0 -505.0 86 -75 196.48699999999997 181.76899999999998 36
3160.0 399.964 16 3510.0 -440.0 90 -69 168.90499999999997 148.97599999999997 44
4480.0 477.731 13 4950.0 -470.0 96 -77 170.43599999999998 198.79899999999998 47
4610.0 581.0380000000001 22 5190.0 -700.0 112 -88 240.36399999999998 241.87599999999998 55
4470.0 564.3489999999999 20 5280.0 -810.0 78 -96 218.61299999999997 220.28099999999995 81
2700.0 449.45 17 3060.0 -360.0 73 -63 196.05 144.51399999999998 36
3110.0 424.488 20 3570.0 -560.0 100 -66 190.77399999999994 156.75099999999998 56
2330.0 312.106 16 2910.0 -640.0 91 -57 124.073 116.562 49
3160.0 474.27799999999996 21 3630.0 -470.0 84 -67 200.562 163.74699999999999 47
4040.0 450.2090000000001 16 4410.0 -370.0 76 -89 155.657 159.73000000000002 37
5310.0 552.4889999999997 17 5670.0 -480.0 99 -86 203.60099999999994 212.51099999999997 48
3540.0 473.8919999999999 19 3930.0 -390.0 79 -70 188.45399999999998 187.027 39
3480.0 438.61300000000006 17 3840.0 -570.0 117 -71 162.39399999999998 157.301 57
4685.0 547.1779999999998 17 5220.0 -535.0 92 -92 231.01299999999995 211.687 39
2720.0 424.02399999999994 12 3480.0 -760.0 78 -65 152.122 144.61499999999998 76
4125.0 519.058 22 4560.0 -435.0 86 -80 213.12099999999998 216.74899999999997 47
4650.0 624.991 18 5430.0 -810.0 128 -96 235.42499999999995 242.48499999999999 86
5750.0 614.5869999999999 18 6210.0 -460.0 94 -99 247.50899999999993 265.6599999999999 46
7270.0 790.558 21 7800.0 -530.0 107 -126 301.34799999999996 313.404 53
4320.0 526.907 19 4740.0 -420.0 86 -72 216.89999999999995 216.80399999999997 42
4350.0 492.7929999999999 15 4770.0 -420.0 85 -79 193.34899999999996 186.512 42
4090.0 518.2529999999999 20 4620.0 -530.0 90 -81 213.966 195.34599999999998 38
3990.0 474.5719999999999 21 4500.0 -590.0 92 -57 255.38799999999998 196.75899999999996 59
3140.0 366.66299999999995 14 3480.0 -340.0 70 -62 156.328 157.66499999999996 34
3990.0 498.5769999999998 17 4380.0 -390.0 73 -85 186.52299999999997 191.61599999999999 39
3690.0 449.28800000000007 18 4140.0 -510.0 84 -69 202.458 175.714 51
2700.0 337.4569999999999 15 3030.0 -330.0 68 -54 142.03000000000003 131.45399999999998 33
4160.0 420.40199999999993 18 4500.0 -340.0 70 -67 176.368 196.385 34
3040.0 495.43299999999994 21 3660.0 -680.0 110 -74 205.07500000000005 162.988 68
2930.0 402.21099999999973 16 3450.0 -560.0 89 -57 192.48 150.35600000000005 56
4010.0 469.1059999999999 19 4440.0 -430.0 88 -83 182.88099999999997 184.19599999999997 43
3530.0 483.86399999999986 18 3900.0 -370.0 76 -71 196.04399999999993 179.93899999999996 37
4120.0 431.3879999999999 21 4590.0 -480.0 99 -66 183.00699999999998 195.504 48
5770.0 642.6719999999999 12 6300.0 -530.0 108 -112 199.87699999999995 195.4939999999999 53
5020.0 651.6879999999996 23 5490.0 -680.0 130 -96 241.53099999999998 260.25300000000004 61
5390.0 693.1160000000002 19 5880.0 -490.0 100 -112 258.82599999999996 259.73499999999996 49
4910.0 527.2260000000001 16 5280.0 -370.0 76 -89 200.87499999999994 211.68299999999994 37
4270.0 548.0209999999997 21 4800.0 -540.0 109 -74 263.75 222.0689999999999 54
4165.0 604.3109999999997 18 4740.0 -595.0 104 -89 220.22999999999996 213.48599999999996 61
2630.0 403.9019999999998 14 3270.0 -640.0 112 -69 142.19799999999998 139.68799999999996 64
4930.0 489.43899999999996 22 5370.0 -480.0 98 -71 224.26699999999988 212.998 48
3915.0 410.6999999999999 17 4350.0 -435.0 72 -66 186.21399999999997 158.74099999999999 29
4320.0 524.1939999999998 19 4800.0 -480.0 95 -84 214.02999999999997 192.23900000000003 48
4350.0 519.1829999999998 19 4860.0 -520.0 107 -71 221.9439999999999 217.13899999999992 52
4400.0 577.7809999999998 20 4800.0 -400.0 81 -68 268.20599999999996 212.96099999999998 40
5515.0 588.385 20 6090.0 -575.0 100 -108 227.91499999999996 232.92199999999994 43
3240.0 453.1069999999997 19 3900.0 -690.0 103 -68 165.107 153.502 69
2960.0 341.63699999999983 16 3360.0 -400.0 75 -61 136.74299999999997 142.261 40
4140.0 499.517 18 4500.0 -360.0 74 -79 224.71200000000002 193.42699999999994 36
4140.0 520.326 26 4500.0 -360.0 71 -77 249.67000000000002 201.92599999999996 38
4700.0 587.423 17 5370.0 -670.0 102 -93 206.24099999999996 240.60800000000003 52
2845.0 417.823 14 3270.0 -425.0 81 -77 140.073 131.976 48
5010.0 592.463 19 5430.0 -510.0 95 -91 235.123 246.00199999999995 51
5300.0 599.7259999999999 20 5760.0 -460.0 93 -87 253.84199999999998 198.18799999999996 46
5040.0 537.6009999999999 21 5370.0 -330.0 68 -69 274.11699999999996 234.13000000000002 33
3820.0 465.97799999999995 20 4170.0 -350.0 71 -77 200.77700000000002 184.19799999999995 35
3100.0 436.78499999999985 18 3510.0 -410.0 77 -59 196.23299999999998 161.72299999999998 41
4390.0 494.677 18 4860.0 -470.0 92 -82 199.40199999999993 195.44299999999993 43
2810.0 377.63399999999996 13 3180.0 -370.0 76 -64 140.26799999999997 136.45199999999997 37
3830.0 672.2299999999999 19 4680.0 -860.0 126 -90 239.53099999999998 216.05399999999995 86
5480.0 614.211 17 6330.0 -970.0 109 -102 215.69599999999997 268.85899999999987 97
4220.0 386.428 18 4560.0 -460.0 81 -55 183.79799999999994 196.41599999999997 46
5335.0 658.7789999999998 25 5880.0 -545.0 94 -100 286.69999999999993 258.3499999999999 40
5130.0 521.7839999999999 17 5490.0 -360.0 74 -83 247.804 211.08399999999997 36
3160.0 368.10500000000013 14 3510.0 -350.0 72 -69 140.06300000000002 141.393 35
5320.0 555.1660000000002 15 5730.0 -410.0 84 -88 217.88199999999998 245.5779999999999 41
4270.0 528.5750000000002 20 4680.0 -410.0 77 -60 269.35699999999997 229.81 41
4830.0 541.0729999999998 21 5190.0 -360.0 74 -83 211.44899999999996 221.80199999999996 36
3320.0 435.6410000000001 19 3660.0 -340.0 70 -62 209.66299999999995 171.32999999999998 34
3390.0 510.97200000000015 18 3930.0 -540.0 102 -78 182.60399999999993 173.041 54
4310.0 577.0589999999999 20 5070.0 -790.0 116 -80 233.48899999999998 206.59699999999992 64
3420.0 524.3399999999999 18 4020.0 -600.0 86 -81 206.97099999999998 176.903 45
3720.0 533.7929999999998 20 4470.0 -770.0 119 -78 197.39600000000002 203.48699999999997 77
3260.0 413.687 19 3600.0 -340.0 70 -65 181.61799999999997 159.854 34
3620.0 530.906 19 4050.0 -430.0 88 -85 216.06099999999992 173.41699999999997 43
2820.0 499.257 17 3930.0 -1260.0 128 -88 164.482 168.70799999999997 126
3320.0 404.37999999999994 18 3690.0 -370.0 75 -61 145.697 163.096 37
4590.0 523.2069999999999 20 4980.0 -570.0 117 -79 253.757 196.224 57
2990.0 370.5759999999999 15 3360.0 -370.0 76 -61 137.135 136.32299999999998 37
4850.0 542.1360000000002 18 5310.0 -460.0 94 -102 218.83599999999996 218.83799999999997 46
4120.0 468.91999999999985 17 4470.0 -350.0 72 -77 195.43299999999994 189.52099999999993 35
4150.0 494.7009999999999 19 4560.0 -500.0 102 -86 191.79899999999998 192.47799999999998 50
5205.0 624.4189999999999 23 5670.0 -465.0 74 -91 285.0809999999999 252.65499999999997 32
3110.0 474.10900000000004 18 3540.0 -430.0 81 -69 188.02599999999998 173.66799999999998 43
4060.0 443.91399999999993 16 4440.0 -500.0 103 -71 181.77199999999993 184.91099999999992 50
4690.0 516.3019999999998 19 5070.0 -380.0 78 -80 215.23599999999993 228.06599999999995 38
3010.0 469.352 15 3570.0 -560.0 91 -69 186.99799999999993 161.03199999999998 44
3980.0 482.7040000000001 19 4380.0 -400.0 82 -86 199.246 186.68999999999997 40
4245.0 533.2510000000002 16 4770.0 -525.0 90 -76 243.8449999999999 215.3769999999999 38
3840.0 460.5199999999999 17 4380.0 -540.0 91 -73 191.14399999999995 188.83899999999997 41
4265.0 484.27900000000005 19 4800.0 -535.0 92 -93 177.149 189.93099999999998 39
4440.0 521.8699999999999 21 4830.0 -390.0 80 -75 234.65299999999996 220.61199999999994 39
3670.0 530.102 17 4140.0 -470.0 79 -77 245.265 187.833 47
3730.0 504.4839999999999 17 4290.0 -560.0 96 -79 193.61299999999997 181.483 41
3940.0 511.64999999999986 17 4500.0 -575.0 104 -82 196.42299999999992 190.63299999999998 53
3870.0 402.51699999999994 16 4260.0 -390.0 80 -63 185.50099999999995 162.59799999999998 39
4610.0 557.1349999999999 21 4950.0 -340.0 70 -83 247.23699999999997 220.96099999999993 34
5060.0 575.3169999999999 20 5640.0 -580.0 95 -92 232.1 245.94699999999997 62
4130.0 637.4340000000003 17 4860.0 -830.0 118 -93 216.434 209.12400000000002 80
4130.0 522.4159999999999 15 4560.0 -430.0 87 -79 211.53499999999997 198.65599999999995 43
3770.0 400.09799999999984 20 4110.0 -540.0 111 -58 191.35199999999998 171.91399999999996 54
3670.0 386.95799999999986 17 4170.0 -560.0 115 -57 174.11299999999997 176.803 56
4010.0 483.634 18 4620.0 -650.0 100 -71 171.968 206.434 65
3920.0 407.42599999999993 18 4260.0 -340.0 70 -73 149.922 175.06199999999998 34
4200.0 490.31700000000006 14 4560.0 -360.0 74 -84 159.63700000000003 205.85799999999995 36
3320.0 475.8729999999999 15 3690.0 -370.0 76 -71 211.42899999999997 154.53699999999995 37
3370.0 441.3969999999998 15 3720.0 -350.0 72 -71 198.17499999999995 165.98399999999998 35
4330.0 555.566 22 4740.0 -410.0 78 -77 246.0699999999999 207.07800000000003 41
3680.0 459.17399999999986 16 4170.0 -510.0 99 -72 182.004 165.5 51
4970.0 494.9929999999998 21 5370.0 -400.0 82 -80 214.61100000000002 230.28999999999996 40
4670.0 631.051 21 5220.0 -550.0 84 -87 301.80999999999995 249.752 40
4650.0 504.04100000000005 21 5070.0 -420.0 86 -90 192.11299999999997 230.40499999999994 42
3710.0 472.6169999999999 19 4110.0 -400.0 82 -76 215.74399999999997 175.652 40
5000.0 536.6359999999999 20 5340.0 -340.0 70 -84 245.76099999999994 224.30199999999996 34
3300.0 485.586 20 3780.0 -480.0 86 -69 205.8979999999999 177.99000000000004 58
5410.0 824.4859999999995 22 6120.0 -710.0 105 -95 305.7199999999999 268.97299999999996 75
3740.0 492.24199999999996 18 4140.0 -400.0 82 -76 215.27800000000008 180.69799999999998 40
4400.0 504.064 17 4740.0 -340.0 70 -75 232.344 211.48699999999994 34
4200.0 556.71 18 4770.0 -570.0 101 -79 239.11299999999991 195.545 57
3980.0 437.23100000000005 21 4320.0 -340.0 70 -65 217.43300000000002 182.44099999999997 34
3790.0 413.51999999999987 13 4140.0 -350.0 72 -60 186.13799999999998 169.45899999999997 35
4290.0 578.661 21 5070.0 -810.0 114 -83 253.74 237.166 81
4155.0 550.9700000000001 18 4770.0 -625.0 140 -79 203.09100000000004 216.57399999999998 73
5130.0 621.8689999999998 19 5580.0 -450.0 91 -94 249.01600000000005 260.687 45
4920.0 557.8149999999998 16 5430.0 -610.0 106 -83 219.567 229.51699999999997 61
4590.0 486.06600000000003 20 4920.0 -330.0 68 -70 232.81 203.06900000000002 33
3260.0 544.0379999999999 17 4080.0 -860.0 123 -82 210.75199999999998 193.81299999999996 71
4660.0 512.283 20 5100.0 -440.0 90 -86 202.46 209.99699999999999 44
4640.0 540.884 20 4980.0 -690.0 102 -75 255.87999999999994 220.426 69
2500.0 1208.098 17 3450.0 -980.0 111 -57 184.046 151.867 98
2085.0 621.8799999999999 12 3780.0 -1730.0 134 -77 177.75000000000003 169.99 295
5110.0 509.64900000000006 17 5460.0 -350.0 71 -83 213.54099999999997 221.607 35
3070.0 325.40799999999996 14 3420.0 -350.0 72 -45 152.97 136.62299999999996 35
4750.0 554.7039999999997 20 5190.0 -440.0 89 -90 222.08599999999996 220.33299999999997 44
2880.0 442.4649999999999 13 3360.0 -480.0 98 -77 160.038 138.786 48
6620.0 686.5819999999999 19 7050.0 -430.0 87 -108 302.4869999999999 267.61400000000003 43
3730.0 945.81 19 4710.0 -1040.0 123 -67 215.68399999999997 214.21400000000003 104
5280.0 531.2070000000001 23 5760.0 -480.0 97 -97 205.62900000000002 227.01300000000003 48
4870.0 531.2149999999999 19 5310.0 -440.0 90 -90 223.82899999999998 221.149 44
3860.0 549.5659999999998 19 4440.0 -580.0 100 -89 184.938 202.07599999999996 43
3820.0 364.24499999999995 15 4170.0 -350.0 72 -57 157.465 172.183 35
4090.0 538.481 21 4440.0 -410.0 84 -77 243.90200000000002 198.54999999999998 41
3860.0 477.8039999999999 17 4260.0 -400.0 76 -80 168.64199999999997 183.25600000000003 44
3940.0 452.787 19 4260.0 -320.0 66 -72 200.813 192.808 32
3510.0 492.1079999999999 19 4140.0 -630.0 121 -83 187.98699999999997 173.67799999999997 63
4400.0 466.38599999999997 17 4800.0 -400.0 82 -75 165.674 210.8 40
3620.0 460.8159999999999 16 3960.0 -340.0 70 -65 229.16399999999996 180.52599999999995 34
3765.0 399.4179999999999 17 4200.0 -435.0 72 -58 164.44599999999997 183.11499999999998 29
3130.0 575.181 18 3720.0 -590.0 108 -89 205.94599999999994 160.569 59
4320.0 542.9159999999997 23 4770.0 -450.0 75 -81 241.56599999999997 214.91599999999994 30
4780.0 576.5449999999997 21 5220.0 -620.0 127 -76 287.21099999999996 222.11399999999995 62
3790.0 503.1359999999999 20 4170.0 -380.0 78 -79 187.94899999999998 188.67199999999997 38
3990.0 433.31999999999994 18 4410.0 -420.0 86 -76 162.276 180.215 42
3640.0 370.51899999999995 14 4080.0 -440.0 90 -74 124.998 162.36699999999996 44
3560.0 596.293 16 4530.0 -1020.0 96 -78 256.958 207.48799999999994 102
4160.0 427.5930000000002 13 4650.0 -490.0 83 -74 186.679 172.492 49
3590.0 417.28299999999996 17 3960.0 -370.0 73 -65 193.10600000000002 152.755 37
4730.0 611.014 19 5280.0 -550.0 89 -83 260.296 251.431 55
2520.0 413.64199999999994 14 2940.0 -420.0 85 -71 147.34899999999996 130.53799999999998 42
4020.0 448.24000000000007 14 4380.0 -360.0 74 -71 170.76800000000003 192.95899999999995 36
3130.0 444.00600000000014 15 3540.0 -410.0 84 -70 179.16200000000003 165.08499999999998 41
3270.0 608.1779999999998 16 4290.0 -1040.0 106 -92 232.90699999999995 180.38099999999994 104
2170.0 1405.5950000000005 15 3120.0 -950.0 108 -48 181.51499999999996 159.99699999999996 95
4530.0 559.3810000000001 19 5040.0 -510.0 105 -97 202.85699999999994 217.13 51
5280.0 572.7289999999998 20 5820.0 -540.0 103 -94 225.53799999999998 231.62999999999988 54
2750.0 1519.307000000001 15 4020.0 -1270.0 136 -71 138.43299999999996 165.366 127
2880.0 412.8399999999999 15 3240.0 -360.0 74 -78 128.42299999999997 153.05599999999995 36
2740.0 377.54499999999996 16 3090.0 -350.0 72 -56 161.84699999999995 143.93399999999997 35
4530.0 595.0169999999999 20 5010.0 -480.0 84 -79 255.81299999999996 219.80699999999996 59
4875.0 586.2510000000001 14 5520.0 -645.0 94 -102 196.84099999999995 240.63899999999992 50
3640.0 497.117 17 4110.0 -470.0 95 -76 206.611 162.47799999999995 47
6640.0 427.1829999999999 12 7200.0 -560.0 115 -115 145.531 153.51399999999998 56
3160.0 411.08099999999996 14 3540.0 -380.0 77 -70 145.53899999999996 145.49800000000002 38
4255.0 574.885 19 4890.0 -635.0 88 -85 208.25099999999995 229.10199999999995 49
4500.0 473.9119999999999 19 4920.0 -420.0 86 -73 226.54899999999998 185.83799999999994 42
3900.0 1352.9469999999994 19 5130.0 -1330.0 148 -83 192.24099999999993 216.25199999999992 133
5210.0 515.186 21 5640.0 -430.0 88 -80 236.0849999999999 233.35399999999998 43
4880.0 610.597 18 5490.0 -630.0 115 -97 225.71499999999997 263.39599999999996 63
4470.0 573.6529999999999 22 5070.0 -600.0 109 -91 226.03 232.892 60
4340.0 1013.7299999999996 14 5160.0 -910.0 114 -72 274.464 213.61599999999999 91
3580.0 532.8720000000001 19 3960.0 -380.0 74 -71 253.11799999999994 186.69299999999996 38
3310.0 436.8099999999999 17 3780.0 -470.0 89 -69 170.88400000000004 170.023 47
5140.0 646.2189999999999 23 5790.0 -650.0 98 -88 270.1409999999999 243.26099999999994 50
4100.0 477.83299999999997 15 4560.0 -540.0 110 -83 163.89000000000001 175.99599999999998 54
3850.0 538.0989999999998 18 4350.0 -500.0 91 -79 225.17599999999993 194.99299999999997 50
3790.0 443.2729999999998 21 4350.0 -560.0 96 -79 160.375 179.457 41
4200.0 499.1529999999999 17 4620.0 -420.0 86 -89 203.18399999999994 192.174 42
4060.0 444.69 15 4410.0 -350.0 72 -82 174.66700000000003 166.831 35
3700.0 472.30399999999975 20 4290.0 -660.0 135 -81 178.41499999999996 186.82999999999996 66
4385.0 547.826 14 4830.0 -445.0 79 -96 195.899 228.81899999999996 55
2980.0 468.35699999999997 19 3600.0 -650.0 105 -69 187.30899999999997 153.242 65
5020.0 541.6600000000001 16 5610.0 -590.0 106 -88 182.41599999999997 228.62899999999996 61
3510.0 465.5739999999999 18 4020.0 -670.0 112 -61 185.717 188.17900000000003 52
4470.0 467.3569999999998 20 4950.0 -480.0 75 -73 196.27999999999997 209.48199999999997 34
5300.0 491.77000000000004 19 5640.0 -340.0 70 -74 208.953 225.96099999999993 34
3960.0 491.1389999999999 21 4290.0 -330.0 67 -65 218.661 186.957 33
4210.0 459.389 21 4560.0 -350.0 72 -73 184.94500000000005 201.41199999999995 35
3230.0 387.92699999999996 21 3690.0 -460.0 81 -59 185.14199999999997 158.20799999999994 46
3750.0 448.18599999999986 23 4110.0 -360.0 74 -72 191.83599999999993 175.47 36
3645.0 660.1859999999999 14 5250.0 -1605.0 103 -89 252.93799999999993 231.37599999999998 231
3910.0 481.1510000000001 14 4260.0 -350.0 72 -77 199.091 191.63199999999998 35
3760.0 489.801 22 4200.0 -440.0 90 -67 215.438 183.55799999999996 44
3780.0 469.34600000000006 18 4110.0 -330.0 68 -68 221.22399999999993 186.261 33
4310.0 546.5489999999999 22 4890.0 -580.0 95 -78 237.54099999999997 203.05499999999998 58
4980.0 655.1 15 5400.0 -420.0 86 -101 233.46099999999996 259.3209999999999 42
2220.0 382.417 12 2940.0 -760.0 73 -56 135.97799999999995 130.40499999999997 76
3920.0 548.4849999999998 18 4380.0 -460.0 93 -81 220.52799999999996 205.40199999999996 46
4790.0 583.0290000000001 18 5130.0 -340.0 70 -92 268.42599999999993 222.64099999999993 34
3870.0 510.98399999999987 14 4440.0 -610.0 106 -77 175.51899999999998 194.34099999999998 61
4140.0 1228.187 15 4920.0 -780.0 98 -85 219.20299999999997 216.83000000000004 78
4080.0 491.50099999999986 16 4620.0 -540.0 93 -82 195.106 188.454 39
4500.0 643.845 23 5070.0 -570.0 103 -88 306.85900000000004 229.79199999999997 57
5280.0 647.5199999999999 22 5910.0 -630.0 99 -94 267.461 245.97299999999998 55
3625.0 445.38199999999995 17 4110.0 -485.0 82 -80 173.95100000000002 155.94099999999997 34
3740.0 441.1259999999999 13 4170.0 -430.0 82 -80 148.452 169.78499999999997 43
2300.0 359.31199999999984 14 2910.0 -650.0 99 -51 161.6979999999999 114.71499999999997 65
5050.0 510.7639999999999 21 5400.0 -350.0 72 -81 209.323 201.64299999999994 35
3670.0 369.2489999999999 14 4020.0 -350.0 72 -54 163.36099999999996 161.92099999999996 35
4635.0 551.7949999999998 20 5070.0 -435.0 72 -86 257.01099999999997 205.53799999999995 29
3720.0 494.35600000000005 15 4080.0 -360.0 74 -102 166.62800000000001 180.80999999999995 36
3160.0 532.382 17 3720.0 -720.0 123 -70 174.97999999999996 155.41100000000006 72
4220.0 499.49399999999997 17 4740.0 -600.0 107 -73 186.96099999999998 198.87599999999998 60
5510.0 684.8019999999999 20 6060.0 -550.0 112 -103 300.3639999999999 236.21599999999998 55
3850.0 410.505 15 4200.0 -350.0 72 -64 167.634 191.904 35
3525.0 407.8209999999999 15 3960.0 -435.0 72 -61 170.51699999999997 165.268 29
3315.0 415.46099999999984 14 3900.0 -585.0 102 -71 156.21699999999996 166.62999999999994 44
4220.0 553.611 21 4590.0 -370.0 76 -84 257.78699999999986 210.67999999999995 37
3630.0 437.1959999999999 18 4110.0 -480.0 93 -78 166.506 181.739 43
3135.0 572.865 18 4500.0 -1590.0 108 -57 213.67399999999992 196.90699999999998 283
4315.0 600.9449999999999 18 4890.0 -575.0 88 -96 252.55599999999998 218.88599999999994 46
5160.0 645.3899999999999 17 5610.0 -450.0 92 -107 222.937 254.94699999999995 45
5030.0 490.017 23 5610.0 -580.0 100 -88 192.06700000000006 203.93599999999992 43
3945.0 430.39700000000005 16 4380.0 -435.0 72 -80 156.11499999999995 177.49799999999996 29
4470.0 509.0669999999999 17 5040.0 -585.0 111 -69 206.83699999999993 221.047 51
4200.0 552.7890000000001 21 4710.0 -510.0 96 -89 208.82299999999995 206.32699999999994 51
5060.0 461.45099999999985 19 5400.0 -340.0 70 -88 197.57899999999998 192.595 34
5450.0 568.63 17 5790.0 -540.0 111 -92 222.74499999999998 276.315 54
3390.0 486.798 13 3750.0 -360.0 74 -72 208.149 163.21499999999995 36
3720.0 473.7199999999999 18 4350.0 -770.0 126 -83 157.026 159.80200000000002 83
4680.0 507.0929999999999 19 5070.0 -390.0 80 -90 174.262 228.11399999999995 39
3180.0 373.423 20 3540.0 -360.0 74 -62 167.91299999999998 141.63199999999998 36
5250.0 645.5450000000001 17 5700.0 -450.0 92 -102 268.08799999999997 255.56799999999996 45
3420.0 430.85699999999986 12 3840.0 -420.0 86 -73 149.022 162.57199999999995 42
4450.0 537.9 17 4920.0 -620.0 127 -90 209.50199999999998 212.31799999999996 62
2890.0 467.2529999999998 16 3420.0 -560.0 94 -63 171.27999999999994 144.57699999999997 56
3730.0 490.2049999999999 21 4170.0 -480.0 97 -79 210.86 184.574 48
3445.0 533.7379999999999 18 3930.0 -485.0 83 -82 202.39799999999994 171.76100000000002 52
5170.0 669.2330000000001 19 5640.0 -470.0 82 -93 311.9949999999999 254.88799999999998 47
3860.0 574.6490000000002 19 4410.0 -550.0 94 -87 231.16899999999993 195.92799999999994 55
4590.0 616.862 22 5040.0 -450.0 91 -78 273.7699999999999 232.0199999999999 45
3510.0 496.34099999999995 18 4110.0 -670.0 137 -77 184.75700000000003 205.30999999999992 67
3810.0 463.9209999999999 16 4170.0 -360.0 74 -79 185.103 176.45799999999997 36
4605.0 526.2829999999999 21 5160.0 -695.0 125 -81 205.17999999999995 234.19 55
4080.0 530.881 20 4590.0 -510.0 98 -82 225.56799999999998 205.28899999999996 51
4000.0 537.978 25 4320.0 -320.0 66 -80 269.955 186.29199999999997 32
3280.0 403.62 17 3720.0 -440.0 80 -57 176.012 151.79399999999995 44
5290.0 697.6909999999999 16 5790.0 -500.0 102 -109 241.4939999999999 280.62699999999995 50
3790.0 461.77199999999993 15 4230.0 -440.0 74 -70 203.45499999999998 195.14599999999993 30
2940.0 398.715 17 3420.0 -490.0 95 -66 168.85299999999995 146.86599999999996 49
5740.0 629.7309999999999 23 6120.0 -380.0 78 -84 293.6769999999999 268.7859999999999 38
3650.0 435.13500000000005 21 3990.0 -440.0 90 -61 213.73599999999993 179.14499999999992 44
3710.0 436.232 16 4080.0 -370.0 75 -64 170.28900000000002 169.09300000000005 37
4290.0 495.8349999999999 22 4680.0 -430.0 88 -71 207.25100000000003 207.52399999999992 43
4200.0 898.1819999999999 18 4890.0 -690.0 107 -83 234.963 209.86899999999997 69
4250.0 489.88599999999985 20 4590.0 -340.0 70 -79 194.71599999999998 214.785 34
3410.0 439.06899999999985 15 4020.0 -610.0 104 -75 181.083 178.37699999999995 61
4220.0 488.2079999999998 18 4590.0 -370.0 75 -78 183.052 194.66899999999998 37
3820.0 495.32099999999986 18 4230.0 -410.0 75 -70 219.94599999999997 204.633 41
5525.0 686.758 21 6090.0 -565.0 98 -96 308.62200000000007 283.462 42
4300.0 500.66799999999995 19 4770.0 -670.0 113 -69 228.05899999999997 188.05499999999995 67
3690.0 504.60199999999975 12 4980.0 -1290.0 98 -85 160.99599999999992 165.652 224
3200.0 511.464 17 3660.0 -460.0 87 -74 227.659 159.372 46
5540.0 576.402 20 5970.0 -430.0 88 -95 261.23900000000003 221.85299999999992 43
5010.0 532.832 18 5460.0 -450.0 74 -76 264.126 220.234 30
3100.0 431.693 15 3810.0 -950.0 115 -62 136.06399999999996 183.959 95
3990.0 465.35300000000007 16 4440.0 -450.0 74 -78 204.059 176.47699999999995 30
2130.0 322.971 11 2490.0 -360.0 74 -56 105.60700000000003 107.346 36
5190.0 636.7189999999999 19 5550.0 -500.0 86 -76 296.607 252.47299999999993 50
3990.0 476.47300000000007 23 4440.0 -450.0 75 -79 211.65000000000003 190.611 30
4960.0 627.6689999999999 22 5400.0 -440.0 90 -97 285.351 245.98499999999999 44
4400.0 506.9769999999999 18 4800.0 -400.0 82 -87 217.805 191.12999999999997 40
4250.0 547.679 19 4710.0 -460.0 94 -84 233.63599999999997 216.83799999999997 46
3890.0 477.6479999999999 19 4380.0 -490.0 82 -74 209.17499999999995 193.67999999999992 34
4990.0 590.2749999999999 19 5460.0 -470.0 96 -101 193.46599999999998 229.32499999999996 47
4200.0 509.28900000000004 21 4560.0 -360.0 74 -69 226.95699999999994 202.565 36
3315.0 449.9569999999998 14 3750.0 -435.0 72 -83 165.86899999999997 165.75799999999995 29
3100.0 390.3979999999999 17 3450.0 -430.0 88 -59 166.79999999999998 143.95 43
3230.0 475.611 18 3900.0 -670.0 92 -63 204.743 176.79899999999998 59
4430.0 471.216 17 4770.0 -340.0 70 -79 198.35999999999999 199.98299999999995 34
3450.0 506.98900000000003 16 4050.0 -670.0 137 -75 220.13699999999997 178.51599999999996 67
4870.0 586.7940000000001 22 5280.0 -410.0 84 -83 259.048 242.951 41
4800.0 599.0909999999999 21 5160.0 -360.0 74 -84 255.92399999999995 228.75199999999995 36
3330.0 454.098 20 3960.0 -640.0 127 -81 169.645 150.02900000000002 64
3400.0 482.8170000000001 19 3810.0 -410.0 83 -76 191.16400000000002 176.282 41
3740.0 612.957 14 4560.0 -820.0 88 -86 240.30899999999997 208.48599999999996 82
3740.0 528.707 14 4350.0 -650.0 98 -68 203.97500000000002 171.625 65
3190.0 557.7829999999998 17 4050.0 -950.0 104 -86 161.525 170.05999999999995 95
3190.0 444.53999999999985 18 3630.0 -440.0 90 -80 189.37800000000004 152.515 44
4190.0 593.9550000000002 19 4710.0 -520.0 99 -93 256.337 219.54700000000003 52
3210.0 462.16999999999985 15 3840.0 -630.0 90 -67 188.75299999999996 167.427 48
5085.0 555.634 20 5520.0 -435.0 72 -81 275.08200000000005 223.23699999999997 29
4225.0 550.449 19 4770.0 -545.0 94 -88 217.57499999999996 212.11999999999998 40
4740.0 682.7179999999998 20 5250.0 -510.0 91 -104 282.65199999999993 247.44199999999995 51
4010.0 511.26999999999987 19 4380.0 -370.0 76 -88 185.76699999999997 188.418 37
4040.0 444.3619999999999 19 4560.0 -520.0 99 -89 146.24499999999998 175.03399999999996 52
4020.0 417.1949999999999 20 4560.0 -555.0 108 -66 181.66700000000003 194.28899999999993 51
4860.0 487.293 23 5310.0 -750.0 119 -73 217.2990000000001 218.42299999999997 75
1950.0 311.39899999999994 11 2310.0 -360.0 73 -56 100.40899999999999 103.80999999999999 36
3220.0 322.754 12 3990.0 -920.0 101 -65 112.94199999999998 121.97199999999998 92
2780.0 377.278 18 3180.0 -550.0 88 -56 145.97699999999998 141.93199999999996 55
2760.0 447.0109999999999 17 3150.0 -490.0 91 -72 168.621 141.689 59
3630.0 536.5979999999997 21 4050.0 -440.0 83 -73 202.24799999999993 186.117 44
4780.0 483.9849999999997 18 5130.0 -350.0 72 -76 207.65699999999993 201.83999999999995 35
3730.0 456.6700000000001 19 4260.0 -530.0 95 -69 176.91899999999998 181.55599999999995 53
4070.0 526.5179999999998 17 4500.0 -430.0 88 -82 222.61799999999994 204.62799999999996 43
2520.0 368.0409999999999 14 2970.0 -450.0 74 -59 150.09699999999995 117.64299999999999 30
4170.0 458.4439999999999 20 4530.0 -360.0 74 -71 193.55899999999997 182.22899999999998 36
2920.0 474.3270000000001 12 3360.0 -440.0 90 -65 199.71699999999998 166.59099999999995 44
4410.0 492.81 16 4830.0 -420.0 86 -71 226.83900000000003 204.42199999999997 42
3970.0 482.13800000000003 13 4590.0 -660.0 98 -72 192.237 190.54599999999996 66
4120.0 1041.7639999999997 19 4980.0 -890.0 107 -75 230.59499999999997 224.25400000000002 89
4740.0 540.1190000000001 22 5100.0 -360.0 74 -82 220.471 225.262 36
4030.0 528.5949999999999 17 4470.0 -440.0 80 -87 215.907 196.37899999999996 44
4630.0 554.958 17 5070.0 -440.0 89 -99 217.79100000000008 206.71500000000003 44
3550.0 406.061 18 3930.0 -380.0 77 -72 161.11499999999995 139.56799999999998 38
4720.0 437.2219999999999 15 5220.0 -500.0 86 -95 142.518 201.666 57
3640.0 493.7950000000001 20 4020.0 -380.0 78 -81 202.139 183.682 38
5480.0 523.671 21 5880.0 -400.0 75 -78 219.23399999999998 227.27299999999997 40
4030.0 456.37 22 4380.0 -350.0 72 -68 211.27099999999996 185.71999999999997 35
3075.0 411.71400000000006 17 3510.0 -585.0 85 -56 188.82199999999997 156.95299999999997 44
3800.0 475.395 20 4260.0 -670.0 96 -74 189.9629999999999 176.719 67
4550.0 537.095 19 4980.0 -430.0 80 -90 214.16900000000004 215.17099999999996 43
4875.0 556.172 21 5400.0 -525.0 90 -88 225.04399999999995 236.74300000000005 38
5310.0 502.94699999999995 18 5670.0 -360.0 74 -94 164.194 222.29999999999995 36
3580.0 477.69000000000017 16 4080.0 -510.0 105 -62 206.59199999999998 185.28699999999992 51
4585.0 474.60399999999987 18 5100.0 -515.0 88 -84 191.24700000000004 193.44199999999992 37
3720.0 486.02 17 4290.0 -570.0 116 -72 187.18199999999996 196.395 57
4610.0 495.04700000000014 18 5040.0 -430.0 88 -76 208.72899999999998 213.18599999999998 43
3740.0 1645.8639999999998 20 5070.0 -1330.0 137 -72 206.658 186.482 133
3520.0 432.73899999999986 20 3960.0 -450.0 92 -63 204.92699999999994 171.19099999999995 45
3840.0 458.57899999999995 15 4260.0 -420.0 86 -72 187.54099999999997 175.95899999999995 42
3340.0 455.74299999999994 15 3750.0 -410.0 78 -70 144.80899999999997 166.82099999999997 41
4440.0 487.72599999999994 20 4830.0 -630.0 130 -83 221.39899999999997 172.097 63
3420.0 444.00699999999995 23 3840.0 -420.0 78 -61 187.75799999999998 163.448 42
3990.0 641.6329999999999 22 4440.0 -570.0 112 -97 276.20399999999995 189.83199999999997 57
2140.0 335.993 15 2460.0 -320.0 66 -66 137.779 108.87699999999998 32
4450.0 478.0299999999999 19 4800.0 -350.0 72 -73 204.63299999999992 205.42899999999992 35
4220.0 492.3669999999999 21 4620.0 -400.0 82 -70 218.63799999999995 201.33299999999988 40
4090.0 471.57599999999974 18 4500.0 -410.0 77 -63 211.7899999999999 202.16199999999998 41
3830.0 464.5009999999999 18 4350.0 -570.0 117 -61 200.584 199.01199999999994 57
5740.0 630.4710000000001 21 6360.0 -620.0 108 -103 270.843 259.46999999999997 62
6240.0 762.471 18 6870.0 -630.0 103 -119 282.264 303.766 49
3260.0 447.73099999999994 18 3720.0 -700.0 111 -78 168.87399999999994 145.953 70
3560.0 487.58699999999993 18 3960.0 -440.0 89 -70 189.34099999999995 173.82899999999995 44
4030.0 493.16099999999994 16 4440.0 -410.0 76 -79 222.58599999999996 191.53799999999998 41
4040.0 388.4869999999999 16 4380.0 -340.0 70 -71 178.713 152.18599999999998 34
4235.0 457.84599999999983 17 4740.0 -505.0 78 -76 180.10399999999998 199.12999999999997 36
3960.0 507.6589999999999 20 4440.0 -480.0 85 -62 231.44699999999995 200.76899999999998 48
4120.0 501.31299999999993 21 4560.0 -440.0 79 -83 213.469 190.38899999999995 44
3740.0 449.9959999999999 21 4080.0 -340.0 70 -64 209.665 173.87699999999998 34
3210.0 1606.5850000000012 16 4290.0 -1185.0 128 -67 189.68199999999996 190.17399999999995 129
3910.0 467.84199999999987 20 4350.0 -440.0 90 -83 184.59999999999997 160.13400000000001 44
3765.0 666.6669999999998 15 4620.0 -855.0 100 -76 200.21099999999998 224.98199999999994 127
4130.0 498.33400000000006 19 4650.0 -520.0 87 -79 219.60500000000002 193.24600000000004 38
5025.0 554.2339999999999 24 5460.0 -435.0 72 -81 252.417 235.36399999999995 29
3120.0 393.25 15 3570.0 -450.0 92 -78 155.39299999999994 135.944 45
3800.0 448.33899999999994 18 4140.0 -340.0 70 -65 209.37299999999996 185.915 34
4940.0 655.227 20 5490.0 -550.0 86 -110 261.495 220.02100000000004 55
3320.0 523.4079999999999 17 3840.0 -520.0 90 -83 223.49099999999999 183.71899999999997 38
5420.0 589.5589999999999 20 5970.0 -550.0 96 -90 284.283 234.42600000000002 41
4770.0 640.9089999999998 22 5310.0 -540.0 99 -88 308.07899999999995 236.97299999999996 54
2930.0 414.56899999999996 15 3360.0 -430.0 88 -66 162.072 141.53399999999996 43
3100.0 410.4210000000001 17 3570.0 -470.0 82 -57 208.559 151.22199999999998 47
3720.0 478.53799999999995 18 4140.0 -420.0 85 -80 201.11599999999999 181.23299999999995 42
3910.0 483.69 15 4470.0 -560.0 90 -80 189.66699999999994 191.26 56
4430.0 625.233 24 5010.0 -600.0 123 -86 286.354 210.13299999999998 60
4930.0 504.2059999999999 20 5460.0 -550.0 105 -80 228.55099999999996 206.25399999999996 55
5640.0 613.5379999999998 23 6090.0 -450.0 92 -109 277.97099999999995 229.652 45
5760.0 608.6290000000001 19 6210.0 -450.0 92 -89 259.171 254.776 45
2380.0 370.4390000000001 13 2760.0 -380.0 74 -64 140.71300000000002 115.11799999999997 38
5130.0 595.3689999999998 20 5730.0 -610.0 124 -95 254.11199999999994 232.6829999999999 61
4430.0 497.62700000000007 19 4920.0 -510.0 94 -85 204.47199999999995 205.965 51
4590.0 566.054 18 5070.0 -480.0 98 -92 260.965 220.90599999999995 48
6020.0 633.4269999999999 22 6420.0 -400.0 76 -95 257.89399999999995 267.8469999999999 40
5040.0 651.0289999999999 18 5640.0 -600.0 104 -103 238.09099999999992 226.0369999999999 45
3540.0 432.34700000000015 15 3990.0 -450.0 74 -68 168.04899999999998 169.45299999999995 30
4570.0 531.617 17 4920.0 -350.0 72 -79 220.80899999999994 214.31799999999998 35
4785.0 660.2820000000002 19 5640.0 -955.0 123 -92 216.701 246.874 81
2900.0 399.279 16 3330.0 -430.0 87 -65 158.09699999999998 158.689 43
4420.0 551.3660000000001 18 4770.0 -350.0 71 -80 235.60399999999998 228.22499999999997 35
3000.0 496.451 17 3690.0 -690.0 134 -75 193.35399999999998 159.30899999999994 69
4215.0 579.5730000000002 14 4860.0 -645.0 98 -90 194.11899999999997 231.606 70
4840.0 474.28799999999984 20 5370.0 -650.0 117 -73 225.0109999999999 206.20899999999995 51
3410.0 400.69700000000006 20 3750.0 -540.0 111 -54 208.16299999999998 151.45 54
3330.0 469.8319999999999 19 3810.0 -480.0 85 -62 212.45799999999997 170.78300000000002 48
5600.0 506.985 14 6330.0 -830.0 125 -106 163.45799999999997 221.98999999999995 83
3570.0 453.62899999999985 17 4020.0 -450.0 74 -75 174.365 166.20899999999997 30
4300.0 493.6480000000001 20 4650.0 -350.0 72 -70 232.77599999999993 193.61999999999992 35
3980.0 551.2469999999998 17 4710.0 -770.0 103 -78 232.546 219.78400000000002 77
4650.0 579.255 23 5130.0 -480.0 98 -106 219.1359999999999 202.327 48
2750.0 354.61099999999993 18 3090.0 -340.0 70 -57 164.94499999999996 134.839 34
2930.0 458.2120000000001 17 3750.0 -820.0 91 -73 171.088 167.283 82
3700.0 431.9359999999998 18 4170.0 -490.0 100 -72 157.91899999999998 188.77300000000002 49
2960.0 496.6249999999999 19 3540.0 -580.0 97 -81 187.309 164.892 58
3320.0 395.9549999999999 17 3810.0 -630.0 111 -63 130.783 155.91 48
5010.0 538.2959999999998 16 5490.0 -480.0 98 -88 211.24599999999998 229.99699999999999 48
6160.0 745.573 22 6600.0 -440.0 89 -109 319.144 290.71699999999987 44
4410.0 610.872 18 4890.0 -640.0 131 -98 222.58900000000003 216.1229999999999 64
4550.0 601.7090000000002 22 5010.0 -460.0 93 -91 259.53099999999995 218.98899999999995 46
3155.0 502.3389999999998 18 3660.0 -505.0 97 -89 184.952 165.618 56
4260.0 462.326 21 4710.0 -490.0 84 -74 191.43699999999998 202.44799999999995 35
3800.0 516.4859999999999 20 4170.0 -370.0 76 -69 235.1009999999999 189.97799999999995 37
3220.0 538.8779999999999 21 3810.0 -590.0 109 -78 268.6309999999999 179.686 59
2560.0 357.27600000000007 14 3150.0 -590.0 87 -58 119.693 134.466 59
4095.0 599.5340000000001 17 4620.0 -525.0 99 -82 215.19799999999995 210.65099999999998 57
4960.0 591.495 18 5370.0 -410.0 84 -95 243.70100000000005 219.61999999999998 41
2700.0 400.846 13 3090.0 -390.0 80 -62 146.523 148.40299999999996 39
3320.0 486.18799999999993 17 3870.0 -550.0 91 -70 178.57699999999997 178.26099999999997 55
3830.0 494.3779999999997 22 4380.0 -550.0 101 -78 192.2489999999999 203.03199999999998 50
3190.0 714.9039999999998 16 4530.0 -1400.0 142 -79 271.50100000000003 193.47399999999996 146
4195.0 482.33299999999986 16 4710.0 -515.0 79 -85 177.01299999999995 204.71299999999997 37
3240.0 496.31599999999986 15 3930.0 -760.0 142 -81 206.57199999999995 166.44599999999994 76
3500.0 378.94399999999996 19 3840.0 -340.0 70 -55 181.652 165.50099999999992 34
4810.0 565.9739999999999 21 5160.0 -350.0 72 -80 256.99899999999985 230.14199999999997 35
3510.0 424.6399999999998 16 4230.0 -780.0 113 -70 161.96400000000003 192.10599999999994 64
4340.0 566.9519999999998 19 4800.0 -460.0 94 -102 204.40100000000004 214.25499999999997 46
3840.0 498.5779999999999 19 4200.0 -360.0 74 -82 228.576 179.72699999999998 36
4420.0 497.25700000000006 18 4770.0 -440.0 90 -67 241.76399999999998 218.58699999999996 44
4070.0 423.24899999999997 18 4500.0 -430.0 88 -70 154.296 185.667 43
3400.0 405.15100000000007 16 3840.0 -440.0 90 -71 148.46999999999997 148.40799999999996 44
3240.0 505.43799999999993 19 3840.0 -640.0 107 -77 213.449 172.809 64
3020.0 507.2479999999999 19 3510.0 -490.0 95 -67 230.83699999999993 152.92299999999997 45
4440.0 495.298 24 4800.0 -360.0 73 -76 217.32300000000004 201.74499999999998 36
3080.0 502.2799999999999 17 3780.0 -700.0 142 -78 188.424 161.724 70
3470.0 506.0 16 3960.0 -670.0 101 -72 195.86199999999997 192.586 80
5070.0 673.257 21 5580.0 -510.0 86 -104 264.709 251.078 36
4510.0 556.7950000000001 21 4950.0 -440.0 90 -75 263.09099999999995 222.86799999999997 44
5330.0 586.1609999999998 19 5730.0 -400.0 81 -93 242.16199999999995 250.42899999999995 40
4130.0 433.0909999999999 18 4470.0 -340.0 70 -80 156.204 185.70199999999997 34
3460.0 538.3029999999999 19 3900.0 -440.0 82 -87 196.03099999999998 185.75699999999998 51
4265.0 499.8830000000001 22 4800.0 -535.0 88 -76 228.553 195.63699999999997 58
3490.0 871.5749999999996 18 4290.0 -800.0 105 -81 194.33799999999997 183.98799999999994 80
3920.0 460.4049999999998 23 4290.0 -370.0 73 -73 166.347 197.07 37
3770.0 516.359 19 4230.0 -460.0 93 -82 180.934 195.411 46
5235.0 571.1879999999999 20 5670.0 -435.0 72 -87 250.78999999999996 246.663 29
5300.0 542.8779999999999 17 5730.0 -430.0 80 -92 196.26400000000004 221.72299999999996 43
5030.0 495.99 21 5370.0 -340.0 70 -73 215.67899999999992 240.13799999999995 34
5370.0 586.3820000000001 23 5880.0 -510.0 88 -96 237.29600000000005 271.84 37
4850.0 553.062 22 5220.0 -370.0 75 -81 251.99299999999997 203.37400000000002 37
5375.0 572.607 17 5910.0 -535.0 92 -99 226.55800000000002 256.3449999999999 39
5400.0 492.29099999999994 21 5760.0 -360.0 73 -82 198.027 216.071 36
2380.0 457.0809999999999 14 3180.0 -800.0 72 -62 178.17400000000004 155.38400000000001 80
3760.0 1104.3369999999998 15 4560.0 -800.0 97 -80 206.07299999999995 188.003 79
3780.0 503.0709999999998 18 4200.0 -420.0 86 -82 209.97399999999996 179.00699999999998 42
3320.0 595.484 15 4020.0 -740.0 108 -62 167.95499999999998 184.819 74
5030.0 506.962 22 5370.0 -490.0 101 -74 243.32399999999996 221.1179999999999 49
4450.0 649.9079999999999 19 4920.0 -470.0 95 -100 260.2829999999999 221.13899999999992 47
2980.0 447.241 13 3630.0 -680.0 111 -73 171.4039999999999 158.35500000000002 68
4590.0 608.3859999999997 22 4950.0 -360.0 74 -80 276.871 222.78899999999993 36
3130.0 450.71899999999994 18 3600.0 -485.0 93 -65 195.25699999999995 168.831 44
2470.0 429.8399999999998 17 3420.0 -1040.0 134 -72 168.71799999999996 141.017 104
4815.0 526.416 17 5250.0 -435.0 72 -87 201.57199999999997 239.85099999999994 29
2570.0 346.98100000000005 13 3030.0 -460.0 94 -70 118.89099999999999 134.03799999999998 46
3820.0 497.126 19 4230.0 -410.0 77 -71 236.193 176.99299999999994 41
2610.0 329.5659999999999 18 2970.0 -360.0 74 -56 119.776 118.17599999999997 36
3440.0 446.574 18 3810.0 -370.0 76 -59 208.14299999999997 172.847 37
3870.0 533.8489999999999 19 4500.0 -630.0 101 -88 207.369 198.437 48
5135.0 652.6429999999998 16 5880.0 -745.0 93 -93 232.73399999999998 232.161 60
3690.0 408.84000000000003 17 4140.0 -450.0 74 -75 132.43699999999998 162.84099999999998 30
3420.0 495.7339999999998 16 3900.0 -480.0 85 -61 231.8289999999999 162.30699999999996 48
2920.0 418.7399999999999 14 3270.0 -350.0 72 -62 180.34799999999998 159.216 35
3960.0 429.7120000000001 16 4320.0 -360.0 74 -73 161.38600000000002 167.17600000000002 36
4510.0 589.635 21 4980.0 -470.0 95 -101 224.478 219.759 47
3825.0 556.453 24 4530.0 -745.0 109 -79 250.7659999999999 195.38500000000002 60
4310.0 523.5479999999998 18 4770.0 -480.0 97 -82 219.6 191.12199999999999 48
4390.0 431.1369999999999 18 4770.0 -380.0 73 -74 164.45499999999998 180.621 38
3150.0 458.3939999999999 19 3570.0 -420.0 80 -63 181.14199999999994 161.90500000000003 42
4850.0 537.8489999999999 16 5280.0 -430.0 88 -90 223.19899999999996 218.249 43
2910.0 391.77099999999996 17 3480.0 -585.0 97 -63 182.074 141.26700000000002 39
4280.0 513.925 18 4710.0 -610.0 125 -80 214.65799999999993 208.17199999999997 61
5300.0 501.07599999999985 17 5760.0 -460.0 95 -82 193.66500000000002 230.30099999999996 46
3750.0 383.36399999999986 16 4170.0 -420.0 85 -76 157.79999999999998 139.21000000000004 42
4290.0 534.559 19 4710.0 -490.0 83 -76 238.698 209.70799999999997 49
5660.0 707.2480000000002 21 6120.0 -460.0 89 -110 293.883 261.43199999999996 42
3740.0 801.2470000000002 16 4320.0 -580.0 88 -69 172.66699999999997 164.78 58
3460.0 489.5989999999999 14 4110.0 -650.0 132 -70 186.44599999999994 169.91199999999995 65
4350.0 500.5360000000001 17 4830.0 -480.0 98 -70 195.037 216.45399999999998 48
4695.0 519.5089999999998 22 5130.0 -435.0 72 -88 213.07199999999997 227.667 29
4280.0 523.9329999999998 26 4710.0 -430.0 88 -86 235.50999999999996 204.123 43
4730.0 514.5590000000001 19 5280.0 -600.0 102 -77 218.658 233.56999999999996 77
4070.0 554.14 21 4530.0 -460.0 83 -84 233.57 191.57100000000003 46
4860.0 482.35900000000004 18 5220.0 -360.0 74 -74 205.15199999999996 219.257 36
4390.0 487.21199999999993 20 4830.0 -440.0 90 -78 238.49399999999994 189.64399999999998 44
3830.0 514.312 20 4290.0 -460.0 93 -80 236.16799999999998 182.64399999999998 46
3450.0 412.862 19 3810.0 -360.0 73 -65 172.74799999999996 160.37 36
3370.0 362.858 14 3930.0 -610.0 118 -64 142.56799999999998 162.672 61
3470.0 407.8709999999999 16 3810.0 -340.0 70 -62 168.60799999999995 172.10899999999995 34
4950.0 542.2280000000001 16 5430.0 -480.0 89 -88 198.916 208.515 48
4740.0 454.2010000000001 17 5220.0 -480.0 98 -86 159.37699999999995 193.843 48
5130.0 525.1110000000002 18 5730.0 -600.0 110 -91 205.28399999999996 200.74100000000007 60
4440.0 526.6730000000002 19 4890.0 -610.0 125 -81 227.322 196.697 61
4930.0 520.611 19 5310.0 -380.0 78 -81 236.505 202.85999999999999 38
4920.0 629.4330000000001 21 5790.0 -870.0 90 -95 264.83 248.49999999999991 87
4290.0 544.4199999999998 19 4770.0 -500.0 103 -75 230.04399999999995 215.202 50
4750.0 520.6949999999999 18 5130.0 -380.0 78 -87 221.73700000000002 215.33800000000002 38
3830.0 415.0280000000001 15 4290.0 -600.0 116 -72 159.699 185.624 60
2300.0 409.8339999999998 13 3300.0 -1090.0 147 -84 114.46499999999999 146.74399999999997 109
2330.0 343.09899999999993 12 2700.0 -370.0 76 -56 116.011 129.119 37
4800.0 582.2359999999998 19 5340.0 -540.0 92 -73 264.16999999999996 232.26199999999997 39
4130.0 547.8830000000002 22 4800.0 -670.0 119 -88 227.14199999999997 209.28499999999997 67
4160.0 450.65199999999993 18 4530.0 -460.0 94 -76 182.86800000000002 167.13499999999996 46
3500.0 435.094 18 3840.0 -340.0 70 -65 196.743 179.42999999999998 34
3310.0 433.63100000000003 17 3750.0 -440.0 90 -66 169.633 171.057 44
4910.0 707.602 22 5970.0 -1060.0 100 -98 307.57699999999994 242.81400000000002 106
3990.0 478.433 18 4440.0 -800.0 106 -76 155.517 181.28799999999998 65
4610.0 661.6869999999999 20 5160.0 -550.0 103 -104 265.53099999999995 230.60099999999997 55
2930.0 472.9599999999999 14 3420.0 -490.0 100 -83 181.50000000000003 137.92899999999995 49
3765.0 503.65999999999997 21 4260.0 -515.0 88 -78 222.83699999999996 182.46599999999995 37
5390.0 525.2069999999999 17 5730.0 -340.0 70 -97 205.61899999999997 224.19899999999993 34
4130.0 460.90500000000003 18 4470.0 -340.0 70 -73 206.50100000000003 192.043 34
4330.0 517.1139999999999 23 4770.0 -440.0 90 -76 248.26199999999994 209.52299999999997 44
5120.0 573.5749999999999 21 5640.0 -610.0 105 -91 223.35899999999995 228.97399999999993 61
3500.0 443.26299999999986 15 3960.0 -460.0 93 -66 212.245 171.04299999999998 46
4720.0 566.299 21 5190.0 -470.0 82 -87 215.56899999999996 225.55599999999998 47
2610.0 415.6559999999999 17 2970.0 -360.0 73 -65 177.333 130.99500000000003 36
2730.0 487.5880000000001 21 3630.0 -1000.0 99 -77 184.635 159.25500000000002 100
3500.0 444.96000000000004 15 3870.0 -370.0 76 -70 172.96399999999997 166.91499999999996 37
3330.0 443.9829999999999 18 3930.0 -610.0 115 -73 141.50399999999996 161.093 61
3465.0 406.123 16 3900.0 -435.0 72 -64 171.42799999999994 176.31499999999997 29
5910.0 622.4180000000001 19 6450.0 -540.0 82 -97 241.46399999999988 264.3319999999999 39
4560.0 584.963 18 4920.0 -360.0 74 -87 243.56699999999998 222.68699999999993 36
3480.0 422.56800000000004 18 3960.0 -480.0 98 -75 131.91999999999996 165.10599999999997 48
2560.0 412.52 16 2910.0 -350.0 72 -49 211.83699999999993 132.49299999999997 35
2690.0 350.578 16 3240.0 -580.0 92 -55 145.722 136.349 58
2290.0 303.527 12 2640.0 -390.0 75 -42 117.606 117.266 39
3850.0 511.05099999999993 15 4320.0 -470.0 96 -83 192.04899999999995 193.60699999999994 47
3620.0 1836.664 14 4950.0 -1330.0 140 -77 178.04199999999997 185.93499999999995 133
2950.0 368.95699999999994 16 3300.0 -350.0 72 -50 158.83099999999996 155.373 35
4380.0 517.327 18 4800.0 -420.0 78 -77 206.81800000000004 200.16599999999997 47
2380.0 316.22899999999987 14 2730.0 -350.0 71 -50 147.43799999999996 110.00299999999997 35
4120.0 425.4689999999999 14 4500.0 -380.0 78 -83 146.32899999999998 164.715 38
3640.0 422.994 16 4020.0 -380.0 78 -68 164.43599999999992 171.08399999999995 38
3790.0 521.7629999999999 21 4230.0 -440.0 81 -82 223.11899999999997 191.19599999999994 44
3795.0 469.057 17 4230.0 -435.0 72 -63 232.217 186.09299999999996 29
3230.0 421.697 12 3570.0 -340.0 70 -65 190.21300000000002 168.63499999999993 34
3890.0 514.5399999999998 17 4260.0 -370.0 76 -80 221.39499999999995 188.2 37
3110.0 551.259 16 3570.0 -460.0 90 -74 255.41499999999988 181.71699999999996 46
4090.0 522.081 17 4590.0 -500.0 96 -77 204.386 218.31999999999996 50
3830.0 454.87499999999994 15 4230.0 -400.0 76 -66 202.25999999999996 157.18599999999998 40
3540.0 531.7629999999999 19 3990.0 -450.0 92 -84 220.02199999999996 174.335 45
4010.0 465.0979999999999 17 4440.0 -430.0 80 -71 195.81699999999992 194.38499999999993 43
3360.0 515.3289999999998 18 3810.0 -450.0 81 -75 200.32199999999997 182.339 45
3890.0 465.29199999999986 17 4320.0 -430.0 80 -80 152.72299999999996 196.84099999999995 43
4970.0 511.62399999999985 18 5490.0 -520.0 90 -80 227.68199999999996 229.67499999999995 52
2720.0 386.80899999999997 15 3060.0 -340.0 70 -69 145.935 131.74599999999992 34
4090.0 474.4629999999999 15 4440.0 -350.0 72 -77 202.71499999999997 185.23 35
4250.0 493.564 24 4740.0 -490.0 93 -83 198.49099999999999 206.76 49
3790.0 390.159 19 4140.0 -350.0 72 -57 155.673 176.93299999999996 35
3555.0 440.8780000000001 19 3960.0 -405.0 78 -74 191.0049999999999 169.01700000000002 45
3215.0 610.9629999999997 17 3900.0 -685.0 98 -97 184.543 166.014 54
4390.0 526.423 21 4830.0 -440.0 90 -71 231.47699999999995 211.274 44
5060.0 581.8219999999998 19 5520.0 -520.0 105 -92 203.63899999999998 235.721 52
4830.0 608.8530000000002 21 5400.0 -590.0 120 -104 236.96199999999993 229.55 59
3250.0 501.10999999999996 16 3870.0 -620.0 101 -86 165.09599999999998 162.82099999999997 62
5180.0 659.611 24 5610.0 -430.0 87 -93 272.75300000000004 258.34 43
3500.0 473.32 14 3870.0 -370.0 73 -78 176.87699999999995 183.17899999999995 37
2990.0 478.9859999999999 17 3420.0 -430.0 87 -77 177.124 151.079 43
4485.0 580.1709999999998 19 4950.0 -465.0 78 -89 256.80499999999995 216.251 32
3585.0 513.435 16 4080.0 -495.0 77 -80 221.60099999999994 155.915 35
4210.0 525.9339999999999 18 4560.0 -350.0 72 -80 234.22099999999998 203.16199999999998 35
5775.0 597.88 22 6210.0 -435.0 87 -88 265.55300000000005 270.03499999999997 45
4580.0 506.184 19 5220.0 -680.0 104 -78 240.29799999999994 194.90599999999992 68
4770.0 669.6509999999998 16 5490.0 -760.0 108 -81 256.77199999999993 232.46799999999993 76
3250.0 385.79200000000003 15 3660.0 -410.0 76 -66 155.112 162.544 41
3435.0 427.4710000000001 20 3870.0 -435.0 72 -58 218.00399999999996 154.41699999999997 29
2640.0 1193.0779999999988 18 3750.0 -1110.0 121 -69 210.99299999999994 166.17499999999998 111
4310.0 552.8420000000001 15 4830.0 -520.0 90 -99 189.97799999999998 159.14 52
4310.0 510.4579999999999 20 4740.0 -430.0 88 -80 236.6 200.83899999999997 43
4145.0 491.01000000000005 20 4650.0 -545.0 94 -76 209.35299999999992 200.65799999999993 40
2930.0 377.579 16 3300.0 -370.0 75 -56 145.39799999999997 133.963 37
3720.0 470.5120000000001 19 4170.0 -470.0 82 -71 209.91000000000005 178.049 47
4380.0 472.661 17 4740.0 -360.0 73 -69 198.929 203.313 36
3540.0 407.162 15 3900.0 -360.0 74 -73 145.759 154.157 36
3480.0 600.8349999999999 15 4500.0 -1020.0 145 -81 177.91799999999998 192.457 102
4105.0 510.17499999999995 17 4680.0 -585.0 116 -81 227.90699999999995 185.107 55
3915.0 486.6449999999999 18 4350.0 -435.0 72 -75 209.38500000000002 200.49599999999995 29
2925.0 339.99499999999995 14 3360.0 -435.0 72 -42 171.34699999999995 144.71999999999994 29
3050.0 436.65900000000005 16 3660.0 -700.0 132 -68 164.394 167.21400000000003 70
4240.0 522.9200000000001 20 4680.0 -440.0 89 -77 231.86899999999997 212.48499999999999 44
4490.0 499.0329999999999 18 4830.0 -340.0 70 -77 232.43599999999998 205.97799999999998 34
2000.0 372.75899999999996 15 2460.0 -470.0 96 -57 145.28099999999998 111.323 47
5390.0 691.0129999999999 23 5940.0 -550.0 94 -88 337.33200000000005 272.045 55
4990.0 558.747 19 5340.0 -350.0 72 -86 230.45899999999995 241.00699999999998 35
5690.0 674.4559999999998 21 6180.0 -490.0 100 -110 268.85799999999995 237.85799999999998 49
3910.0 506.21399999999994 20 4320.0 -410.0 77 -74 196.04599999999994 188.87399999999997 41
4750.0 559.9419999999999 22 5280.0 -560.0 96 -99 218.21700000000004 197.16 41
3390.0 378.933 15 3840.0 -450.0 74 -60 153.724 146.813 30
4720.0 514.5769999999999 18 5190.0 -470.0 89 -86 191.83399999999995 212.6279999999999 47
3300.0 480.1989999999996 21 3810.0 -510.0 97 -83 189.45499999999996 163.35099999999994 51
3330.0 508.48699999999985 16 3840.0 -510.0 92 -77 214.074 173.30499999999998 51
5800.0 685.4470000000001 21 6270.0 -470.0 95 -102 277.092 259.03799999999995 47
4350.0 445.68199999999996 23 4770.0 -420.0 70 -61 203.79399999999998 215.957 28
4610.0 684.8729999999999 17 5310.0 -700.0 117 -115 245.98999999999998 228.81100000000004 55
7810.0 436.11999999999995 12 8580.0 -770.0 123 -132 134.48299999999998 153.07199999999995 77
6440.0 606.584 19 6930.0 -490.0 100 -97 210.05399999999997 296.9319999999999 49
3310.0 518.9899999999999 22 4020.0 -710.0 65 -73 203.07099999999997 179.01999999999998 71
2925.0 400.33099999999996 17 3360.0 -435.0 72 -62 167.07499999999996 147.66299999999998 29
3970.0 484.8 20 4410.0 -440.0 83 -75 173.559 205.18900000000002 44
4070.0 548.207 23 4500.0 -430.0 88 -80 269.554 179.332 43
2630.0 327.7149999999999 18 2970.0 -340.0 70 -47 164.051 125.94899999999998 34
4280.0 545.161 18 4740.0 -460.0 93 -85 203.65999999999997 200.714 46
5410.0 702.0290000000002 18 6000.0 -610.0 123 -104 232.97000000000003 260.11299999999994 61
3740.0 446.2449999999999 17 4410.0 -700.0 104 -68 177.29 179.538 55
4600.0 601.8080000000002 19 5070.0 -500.0 102 -110 225.96399999999997 222.81600000000003 50
4310.0 513.2299999999999 25 4860.0 -560.0 115 -73 236.56699999999995 219.35499999999996 56
3000.0 434.533 12 3960.0 -960.0 125 -64 170.187 184.14299999999994 96
4830.0 626.6030000000001 26 5340.0 -510.0 95 -96 253.64899999999994 223.798 59
