4990.0 635.771 19 5160.0 -230.0 42 -95 266.81899999999996 229.81599999999995 23
4770.0 613.7020000000001 18 4950.0 -180.0 20 -100 245.26299999999995 216.54199999999997 18
4640.0 505.312 19 4650.0 -10.0 2 -83 251.41299999999998 192.151 1
4405.0 548.518 19 4590.0 -185.0 17 -94 237.90999999999994 212.69699999999992 18
4180.0 476.252 21 4230.0 -50.0 4 -65 236.012 197.52999999999997 5
4810.0 575.7570000000001 18 4950.0 -140.0 28 -104 223.27399999999994 227.77800000000008 14
4430.0 475.57700000000006 19 4440.0 -10.0 2 -73 220.98299999999998 201.57999999999993 1
6570.0 489.96099999999984 20 6690.0 -120.0 24 -102 188.24699999999996 194.78399999999996 12
6130.0 661.2809999999997 21 6240.0 -110.0 22 -114 272.81399999999996 263.71 11
6130.0 599.7679999999998 21 6390.0 -260.0 35 -110 244.63700000000003 257.817 26
4080.0 427.72799999999995 21 4170.0 -90.0 8 -66 210.02399999999997 178.20999999999995 9
3670.0 430.413 20 3870.0 -200.0 17 -73 199.16399999999993 166.958 20
4950.0 608.06 18 5130.0 -180.0 23 -113 204.06099999999998 233.81300000000002 18
4550.0 500.4419999999999 19 4650.0 -170.0 14 -86 199.898 222.11099999999996 17
3000.0 437.42500000000007 15 3150.0 -150.0 13 -70 192.86399999999998 145.28599999999997 15
4750.0 558.5670000000001 22 4860.0 -110.0 16 -98 236.623 206.41399999999996 9
4995.0 539.199 25 5040.0 -45.0 7 -87 250.85199999999998 223.415 3
4680.0 470.6799999999998 17 4740.0 -60.0 12 -84 196.37599999999998 186.75399999999996 6
5160.0 550.2109999999999 22 5220.0 -60.0 11 -93 227.91799999999995 228.21599999999995 5
5540.0 543.6469999999999 17 5760.0 -255.0 39 -95 224.589 229.63199999999995 43
4680.0 614.0499999999997 20 4800.0 -120.0 19 -101 260.424 225.39200000000002 12
4340.0 511.839 15 4650.0 -360.0 43 -88 214.933 194.09799999999996 36
4440.0 518.505 16 4650.0 -210.0 28 -96 199.30099999999996 198.715 21
3610.0 465.5569999999999 15 3840.0 -230.0 33 -83 188.88799999999992 157.973 23
4090.0 455.6719999999999 18 4230.0 -140.0 12 -75 209.24299999999997 180.82399999999998 14
5330.0 616.1859999999997 21 5430.0 -250.0 51 -93 247.811 258.41099999999994 25
2680.0 330.613 13 2760.0 -240.0 30 -60 147.426 114.98400000000001 24
2880.0 417.76300000000003 14 3120.0 -240.0 20 -75 152.08200000000002 145.111 24
4150.0 457.50500000000005 17 4260.0 -170.0 19 -74 200.12900000000002 184.32399999999998 17
5150.0 605.973 17 5250.0 -100.0 20 -119 201.99900000000002 237.60800000000003 10
3350.0 665.2509999999997 18 4140.0 -790.0 87 -95 249.39700000000005 192.99599999999998 79
4980.0 591.1129999999998 22 5160.0 -180.0 31 -96 235.43799999999993 232.996 18
4380.0 509.323 21 4500.0 -220.0 44 -82 210.55200000000002 209.104 22
5050.0 575.952 19 5070.0 -20.0 4 -92 246.47799999999992 240.661 2
5330.0 579.1129999999997 23 5640.0 -360.0 43 -93 239.97600000000003 239.33499999999998 36
4860.0 589.973 20 5130.0 -390.0 44 -99 251.52500000000003 217.33099999999996 39
5090.0 547.232 21 5130.0 -40.0 8 -86 214.33700000000002 234.07599999999996 4
4640.0 524.2460000000001 21 4710.0 -70.0 14 -97 241.839 184.14499999999998 7
4530.0 477.07000000000005 17 4590.0 -60.0 5 -74 220.43999999999997 198.158 6
4090.0 423.1159999999999 16 4140.0 -50.0 3 -74 164.17000000000002 191.348 5
5840.0 506.652 19 5880.0 -40.0 8 -99 208.393 219.05599999999993 4
5750.0 540.169 19 5910.0 -160.0 32 -92 247.011 231.60299999999992 16
2670.0 315.2049999999998 14 2700.0 -280.0 24 -51 132.552 104.21800000000003 28
4290.0 474.56999999999994 18 4530.0 -260.0 53 -79 212.38099999999994 184.877 26
4310.0 417.958 22 4530.0 -270.0 25 -71 164.44099999999995 204.493 27
4020.0 438.959 21 4020.0 0.0 0 -71 188.42600000000002 187.71499999999995 0
5050.0 541.1919999999998 14 5220.0 -170.0 27 -106 200.12900000000002 211.228 17
4560.0 487.80899999999997 19 4740.0 -200.0 34 -95 212.77099999999996 165.06099999999998 20
4055.0 1132.8749999999995 15 4740.0 -685.0 63 -75 203.81800000000004 177.85499999999996 61
3220.0 358.41700000000003 12 3420.0 -230.0 44 -63 149.525 154.55499999999998 23
4560.0 449.06699999999984 18 4560.0 0.0 0 -79 205.265 185.25799999999995 0
3420.0 488.494 15 3990.0 -570.0 73 -81 188.78199999999998 179.582 66
4960.0 644.2540000000002 22 5160.0 -240.0 48 -101 277.5949999999999 242.04699999999997 24
3660.0 397.512 15 3750.0 -390.0 34 -73 152.90099999999998 160.655 39
3920.0 483.6469999999998 17 4320.0 -420.0 59 -86 156.75900000000004 167.88199999999998 42
6535.0 552.9909999999999 23 6600.0 -155.0 19 -99 222.76699999999994 268.14000000000004 14
5400.0 634.7190000000002 20 5760.0 -460.0 89 -96 273.94999999999993 241.85899999999992 46
3385.0 497.9729999999998 22 3660.0 -475.0 48 -78 224.93299999999996 159.45499999999998 44
4300.0 502.0160000000001 19 4380.0 -80.0 16 -82 224.10299999999992 202.13499999999996 8
4200.0 448.25699999999995 19 4200.0 0.0 0 -79 196.97499999999997 179.13199999999995 0
5420.0 661.6039999999998 22 5610.0 -190.0 28 -102 286.21900000000005 242.71099999999998 19
5430.0 532.9259999999998 20 5610.0 -200.0 39 -87 217.715 234.67499999999998 19
4400.0 452.7899999999999 14 4530.0 -160.0 22 -86 169.66499999999996 180.94199999999998 12
4280.0 578.5179999999998 18 4770.0 -550.0 69 -99 192.66799999999995 212.43599999999995 55
4380.0 508.6540000000001 25 4620.0 -300.0 26 -84 210.18999999999997 213.83199999999997 30
5595.0 587.8989999999998 23 5640.0 -45.0 7 -96 254.77499999999998 251.25399999999996 3
4840.0 618.7210000000002 21 5130.0 -290.0 39 -90 267.899 218.97199999999998 29
3430.0 397.962 16 3480.0 -250.0 47 -64 181.60299999999998 143.021 25
2325.0 326.40199999999993 14 2610.0 -305.0 29 -54 124.82399999999998 133.27 29
3260.0 410.387 18 3360.0 -100.0 20 -75 178.97 144.84999999999997 10
3580.0 408.3070000000001 17 3600.0 -20.0 1 -67 191.71799999999996 159.672 2
5675.0 644.4229999999999 19 5940.0 -265.0 18 -103 246.04299999999995 234.741 47
4390.0 497.42099999999994 21 4410.0 -170.0 35 -86 216.50000000000006 185.32499999999993 17
5860.0 650.9789999999997 22 5880.0 -20.0 4 -92 334.761 265.51899999999995 2
5450.0 581.637 24 5730.0 -380.0 44 -89 214.411 259.38100000000003 38
4140.0 415.80699999999996 20 4260.0 -140.0 29 -71 171.905 178.933 14
5670.0 596.127 22 6060.0 -390.0 45 -100 261.054 262.807 39
3610.0 829.6060000000001 14 4320.0 -710.0 54 -60 192.48299999999995 180.26099999999994 71
4620.0 466.448 19 4620.0 0.0 0 -80 203.93899999999996 201.07299999999998 0
3120.0 591.5600000000001 18 3840.0 -720.0 65 -79 184.413 172.89899999999994 72
3580.0 455.367 19 3810.0 -350.0 31 -64 228.09599999999998 170.96399999999997 35
4260.0 478.47599999999994 16 4260.0 -150.0 31 -79 222.11599999999999 177.08499999999998 15
4320.0 344.59599999999995 18 4320.0 0.0 0 -64 168.998 144.86199999999997 0
2920.0 371.704 14 3240.0 -320.0 17 -64 142.075 138.97699999999998 32
3960.0 547.1429999999997 19 4200.0 -240.0 19 -63 188.652 189.62400000000002 24
4520.0 515.2700000000001 20 4560.0 -40.0 8 -86 232.886 198.626 4
4940.0 492.8500000000001 19 5160.0 -270.0 25 -82 215.27799999999996 207.59099999999998 27
3800.0 414.36699999999985 19 4080.0 -310.0 28 -61 195.007 168.74400000000003 30
4090.0 398.85499999999996 19 4110.0 -20.0 4 -74 149.07500000000002 178.131 2
5180.0 593.3620000000001 16 5340.0 -160.0 25 -107 193.29499999999996 249.63500000000002 16
5100.0 571.3339999999998 18 5250.0 -150.0 19 -103 219.56399999999994 220.91099999999992 15
5200.0 572.8839999999998 21 5400.0 -200.0 32 -95 249.721 230.059 20
3960.0 390.343 17 3960.0 0.0 0 -69 169.57199999999995 167.04700000000003 0
4160.0 388.575 16 4590.0 -450.0 48 -75 160.79799999999997 165.557 45
4300.0 545.4560000000001 16 4500.0 -200.0 41 -86 231.11599999999999 200.143 20
3580.0 411.9679999999999 12 3630.0 -50.0 10 -76 153.94799999999998 149.317 5
5170.0 530.853 24 5190.0 -20.0 1 -87 255.32500000000005 218.376 2
4610.0 482.39899999999994 18 4710.0 -250.0 44 -83 198.67899999999997 202.55499999999995 25
3870.0 389.5029999999999 15 3870.0 0.0 0 -70 167.8369999999999 163.38899999999998 0
4665.0 465.92099999999994 24 4830.0 -165.0 27 -74 212.68199999999996 210.849 11
5250.0 580.958 23 5340.0 -90.0 18 -95 246.84499999999994 231.766 9
4340.0 434.7409999999999 19 4500.0 -160.0 16 -76 192.39899999999997 180.84099999999992 16
5400.0 498.8759999999998 15 5400.0 0.0 0 -73 241.9509999999999 226.232 0
5660.0 650.23 18 6030.0 -370.0 54 -106 251.55999999999992 256.899 37
5340.0 528.9489999999998 16 5670.0 -450.0 48 -100 184.72499999999997 241.5779999999999 42
3540.0 353.732 17 3540.0 0.0 0 -54 161.33499999999998 158.94399999999996 0
4720.0 447.53099999999984 16 4770.0 -50.0 10 -74 181.52799999999993 201.23699999999994 5
4860.0 520.4559999999999 14 5130.0 -270.0 45 -104 185.682 172.81300000000005 31
5330.0 499.76600000000013 18 5370.0 -190.0 39 -79 213.21599999999995 221.359 19
5190.0 583.1899999999997 20 5460.0 -270.0 8 -87 234.173 235.00199999999998 52
5820.0 599.55 21 5910.0 -90.0 7 -81 260.453 246.1879999999999 9
5380.0 626.22 26 5400.0 -20.0 4 -89 304.37799999999993 246.04499999999996 2
6130.0 641.659 20 6270.0 -140.0 19 -117 248.82600000000002 275.8639999999999 14
4170.0 463.5909999999999 14 4170.0 0.0 0 -82 188.32199999999995 194.22199999999998 0
4520.0 416.42399999999986 21 4710.0 -200.0 41 -78 170.714 182.08799999999997 20
4510.0 598.0140000000001 19 4620.0 -110.0 22 -97 248.88999999999996 218.301 11
5450.0 691.7549999999999 26 5520.0 -70.0 14 -107 305.82800000000003 254.144 7
4630.0 551.1689999999999 19 4710.0 -80.0 13 -76 239.50199999999998 233.144 8
4590.0 450.403 21 4680.0 -130.0 26 -82 179.92899999999997 208.35799999999995 13
3910.0 505.77700000000004 17 4020.0 -210.0 31 -76 220.73499999999996 182.97499999999997 21
4060.0 395.30899999999997 16 4140.0 -80.0 16 -73 171.80599999999993 145.17699999999996 8
5100.0 526.8659999999999 18 5190.0 -90.0 15 -103 204.02099999999993 217.32300000000004 7
5500.0 489.17800000000005 21 5580.0 -80.0 7 -88 210.39999999999998 211.20599999999996 8
4470.0 381.26799999999986 16 4680.0 -210.0 19 -69 163.74299999999997 175.56099999999998 21
3880.0 466.3710000000001 16 4200.0 -340.0 55 -80 198.12900000000002 185.15699999999993 34
4150.0 469.9049999999999 20 4380.0 -230.0 20 -68 210.20299999999997 194.808 23
5170.0 592.1530000000001 21 5310.0 -140.0 24 -94 261.195 232.04399999999998 14
4395.0 481.484 22 4590.0 -195.0 5 -85 190.26300000000003 182.977 39
4160.0 516.3599999999999 20 4410.0 -250.0 25 -80 224.903 197.99099999999999 34
5430.0 550.9979999999998 19 5550.0 -120.0 9 -99 226.052 231.67000000000002 12
4060.0 530.7590000000001 23 4230.0 -170.0 23 -96 234.92399999999998 176.85099999999997 15
4550.0 519.2509999999999 20 4680.0 -130.0 11 -86 228.63099999999991 202.28100000000003 13
4900.0 558.0619999999999 17 5130.0 -230.0 36 -109 157.04599999999996 211.99299999999997 23
4130.0 516.9549999999999 16 4410.0 -280.0 33 -93 165.208 209.39 28
4070.0 382.8499999999999 21 4140.0 -70.0 8 -59 177.131 172.52899999999997 7
4650.0 463.506 22 4710.0 -60.0 12 -77 198.85099999999997 204.16700000000003 6
3530.0 414.31999999999994 15 3570.0 -40.0 3 -64 187.106 160.034 4
4410.0 485.036 18 4410.0 0.0 0 -81 217.763 200.6949999999999 0
3630.0 524.3680000000002 13 4110.0 -480.0 86 -91 131.28599999999997 177.05299999999994 61
5250.0 346.5629999999999 16 5250.0 0.0 0 -89 155.46899999999997 132.30699999999996 0
4440.0 434.38500000000005 20 4440.0 0.0 0 -77 179.12099999999995 191.976 0
4830.0 516.725 21 5190.0 -360.0 74 -89 196.09299999999996 233.9919999999999 36
5860.0 682.653 21 6120.0 -290.0 46 -111 257.3229999999999 267.714 29
5550.0 625.268 19 5940.0 -450.0 92 -113 243.48799999999994 260.016 45
4120.0 428.63999999999993 22 4170.0 -50.0 10 -67 200.57600000000002 172.12199999999999 5
4410.0 453.15999999999997 17 4410.0 0.0 0 -69 194.609 208.03999999999994 0
4280.0 496.392 17 4380.0 -100.0 10 -94 197.48600000000002 191.309 10
5820.0 572.0269999999999 18 5880.0 -60.0 12 -86 257.09099999999995 246.62 6
5790.0 432.78799999999995 19 5790.0 0.0 0 -86 185.658 190.68299999999994 0
3630.0 461.07400000000007 18 3720.0 -90.0 18 -83 165.04299999999995 164.36699999999993 9
4200.0 414.03499999999997 15 4320.0 -120.0 10 -72 152.502 200.68099999999993 12
3810.0 400.7420000000001 20 3810.0 0.0 0 -54 211.411 168.066 0
4820.0 1654.9110000000007 17 5700.0 -880.0 91 -102 214.57700000000003 222.79199999999997 88
5455.0 530.7019999999999 17 5520.0 -65.0 10 -98 205.693 211.26999999999998 10
5000.0 641.88 16 5520.0 -520.0 54 -108 211.81699999999995 193.998 52
4880.0 560.926 19 5100.0 -360.0 36 -97 230.15099999999993 233.5389999999999 36
4430.0 553.65 24 4500.0 -70.0 14 -70 234.73399999999998 227.26299999999992 7
4540.0 502.3519999999999 16 4800.0 -260.0 42 -89 176.84199999999998 161.57199999999992 26
3480.0 361.29100000000005 18 3510.0 -70.0 14 -68 143.545 152.31799999999998 7
3580.0 428.09 21 3930.0 -430.0 41 -61 210.46199999999996 172.16699999999994 43
4260.0 414.77299999999997 25 4260.0 0.0 0 -64 194.914 190.4159999999999 0
4590.0 389.632 15 4590.0 -120.0 11 -64 176.83599999999998 178.11899999999997 12
4620.0 489.4559999999999 20 4620.0 0.0 0 -84 215.00599999999994 196.998 0
5880.0 505.6789999999999 18 5940.0 -60.0 12 -84 229.94699999999995 226.30399999999997 6
4260.0 412.668 20 4260.0 -90.0 18 -66 180.574 193.83899999999997 9
4160.0 523.175 18 4470.0 -370.0 34 -89 216.84899999999993 194.231 37
3630.0 409.16900000000004 14 3690.0 -270.0 23 -71 179.33 154.66500000000005 27
4200.0 474.04800000000006 18 4200.0 0.0 0 -88 195.195 192.684 0
4240.0 421.7399999999999 19 4320.0 -200.0 23 -74 200.34399999999997 159.186 20
5430.0 833.5149999999999 18 6120.0 -750.0 63 -101 304.12899999999996 270.259 75
3760.0 421.38699999999994 18 4320.0 -600.0 54 -68 181.85299999999998 189.77399999999997 60
3800.0 473.13499999999993 21 3840.0 -40.0 3 -77 240.42399999999995 163.265 4
4470.0 487.769 20 4470.0 0.0 0 -78 231.19799999999992 200.60299999999998 0
4440.0 355.691 17 4470.0 -30.0 5 -67 139.97199999999995 179.932 2
4880.0 540.0209999999998 20 4980.0 -100.0 17 -76 253.4179999999999 228.18599999999998 10
5870.0 629.4959999999998 24 6030.0 -160.0 24 -101 253.8379999999999 237.981 16
3870.0 384.23199999999997 19 3870.0 0.0 0 -57 191.41299999999995 168.375 0
2680.0 344.493 12 2880.0 -200.0 15 -65 139.61999999999998 125.47799999999998 20
4590.0 461.086 18 4830.0 -290.0 26 -76 198.64900000000003 199.34700000000004 29
6050.0 621.8869999999997 19 6270.0 -220.0 19 -99 248.81699999999998 221.13199999999998 22
4150.0 465.9589999999999 19 4470.0 -370.0 67 -80 182.26399999999995 183.75099999999995 37
3820.0 465.626 19 3900.0 -200.0 27 -80 194.076 174.869 20
5020.0 561.3759999999999 21 5100.0 -80.0 7 -89 263.424 224.09199999999996 8
4915.0 564.095 21 5190.0 -275.0 31 -95 240.46900000000002 229.40599999999998 27
5610.0 514.8430000000001 22 5610.0 0.0 0 -93 214.574 230.69499999999996 0
4000.0 440.664 17 4080.0 -260.0 32 -76 158.105 171.25000000000003 26
4070.0 440.1659999999999 17 4290.0 -220.0 31 -82 174.812 186.78199999999998 22
3130.0 400.2830000000001 16 3270.0 -190.0 16 -66 172.51999999999992 157.353 19
5410.0 538.208 19 5790.0 -400.0 63 -99 191.79000000000008 219.114 40
4950.0 515.004 21 5010.0 -60.0 5 -92 232.26199999999997 201.877 6
3420.0 390.791 15 3420.0 0.0 0 -76 155.43699999999998 146.64999999999998 0
5080.0 528.2379999999999 22 5190.0 -110.0 15 -85 241.404 228.03699999999998 11
3300.0 566.1700000000001 19 3570.0 -270.0 26 -88 206.135 174.955 27
5460.0 530.2149999999999 18 5460.0 0.0 0 -85 245.1049999999999 241.72399999999993 0
4690.0 506.0849999999998 25 4710.0 -20.0 4 -98 193.04600000000002 217.50399999999996 2
4610.0 523.2959999999998 19 4680.0 -370.0 76 -90 214.35799999999995 207.59599999999992 37
4360.0 723.7970000000003 17 4800.0 -640.0 60 -93 216.23099999999997 224.84599999999998 64
4210.0 507.9860000000001 20 4290.0 -80.0 7 -102 179.88899999999998 202.45799999999997 8
4440.0 506.9880000000001 16 4530.0 -90.0 8 -90 225.52099999999996 191.874 9
3840.0 432.62 18 3870.0 -30.0 2 -70 192.85599999999997 175.757 3
4490.0 593.0820000000001 23 4620.0 -130.0 15 -94 278.5539999999999 198.94299999999996 13
5820.0 630.6779999999998 23 5970.0 -150.0 17 -105 276.9839999999999 265.0969999999999 15
4550.0 1560.2369999999999 11 5340.0 -830.0 60 -102 218.82300000000004 198.94600000000003 83
4910.0 445.5570000000001 19 4920.0 -10.0 2 -89 191.52700000000004 186.46299999999997 1
4400.0 482.83099999999996 17 4620.0 -270.0 32 -84 194.482 200.24 27
5380.0 533.2969999999999 23 5580.0 -200.0 30 -81 241.91299999999998 237.93499999999995 34
5660.0 579.8630000000002 18 6120.0 -560.0 66 -105 207.01100000000002 268.46999999999997 56
4430.0 579.5219999999999 21 4740.0 -310.0 24 -75 191.798 196.662 31
4180.0 555.1039999999996 22 4440.0 -360.0 54 -98 231.02599999999995 195.79999999999998 36
5435.0 575.2249999999998 19 5850.0 -565.0 94 -96 251.3199999999999 223.63299999999995 42
4165.0 514.1700000000001 17 4440.0 -325.0 35 -82 219.128 204.73999999999995 32
3330.0 327.205 16 3330.0 0.0 0 -56 148.778 137.178 0
3310.0 420.27500000000003 14 3510.0 -240.0 23 -66 154.368 172.22899999999993 24
4380.0 488.8979999999999 21 4710.0 -350.0 58 -87 195.867 210.49099999999999 35
4600.0 458.70199999999994 20 4710.0 -130.0 25 -83 182.76799999999992 194.06599999999997 12
5430.0 524.205 26 5460.0 -30.0 6 -76 240.30599999999998 241.56999999999996 3
3820.0 455.34100000000007 22 3840.0 -80.0 9 -75 198.69499999999994 183.516 8
3620.0 414.3139999999999 17 3690.0 -70.0 14 -67 175.31400000000002 171.182 7
5240.0 516.1659999999999 18 5370.0 -130.0 22 -88 220.06 220.78699999999995 9
5240.0 576.922 21 5400.0 -430.0 69 -98 223.14800000000002 228.70299999999997 43
4640.0 621.6559999999997 20 5220.0 -610.0 56 -89 198.165 201.61799999999994 61
5830.0 647.992 22 5940.0 -110.0 22 -107 297.2839999999999 243.79500000000002 11
4760.0 573.161 20 4860.0 -100.0 8 -88 261.763 218.19299999999998 10
3630.0 483.7820000000001 14 3660.0 -30.0 6 -94 200.96099999999996 149.69699999999995 3
6170.0 611.5389999999996 18 6810.0 -700.0 81 -107 234.01899999999992 287.647 70
4660.0 491.066 20 4740.0 -80.0 6 -84 212.927 210.40899999999996 8
4560.0 414.6090000000001 19 4680.0 -140.0 29 -79 190.20099999999994 173.176 14
3890.0 459.4940000000001 17 4170.0 -385.0 55 -66 198.121 194.374 30
4860.0 529.0400000000001 20 4860.0 -140.0 12 -77 285.71 190.57899999999995 14
3710.0 411.92900000000003 19 3780.0 -70.0 6 -69 180.75799999999998 161.85399999999996 7
5600.0 566.8430000000001 19 5670.0 -70.0 8 -96 225.416 238.92699999999994 7
3950.0 386.6460000000001 18 3990.0 -180.0 20 -74 147.11199999999994 165.1 18
5460.0 489.45399999999984 25 5580.0 -160.0 33 -76 233.95000000000002 228.92999999999995 16
3060.0 325.78900000000004 16 3060.0 0.0 0 -48 153.0 140.89100000000002 0
4110.0 564.7270000000002 21 4260.0 -150.0 30 -92 257.8709999999999 194.369 15
3670.0 471.5229999999999 19 3900.0 -350.0 40 -92 155.27299999999997 198.27200000000005 35
3750.0 407.4700000000001 14 3750.0 -150.0 31 -78 157.81399999999994 163.038 15
4250.0 424.3339999999996 18 4740.0 -490.0 85 -87 160.736 176.47899999999998 49
4830.0 505.2339999999999 21 4950.0 -120.0 24 -86 218.99 215.26999999999992 12
3640.0 423.5859999999999 21 3660.0 -20.0 1 -74 194.13899999999998 159.60299999999995 2
5740.0 628.0399999999997 27 5880.0 -140.0 28 -122 276.68799999999993 240.55099999999993 14
4570.0 420.22300000000007 18 4590.0 -20.0 4 -74 180.445 177.56399999999996 2
4780.0 502.259 18 4980.0 -200.0 22 -86 212.30999999999995 215.25099999999998 20
4930.0 493.5299999999999 16 5040.0 -110.0 8 -95 165.99099999999999 207.86999999999998 11
4180.0 524.6509999999998 18 4410.0 -330.0 46 -87 194.081 198.31900000000002 33
4890.0 511.84499999999997 23 4890.0 0.0 0 -83 245.54200000000003 200.83599999999996 0
4720.0 387.20000000000005 19 4890.0 -210.0 38 -83 165.146 148.23100000000002 18
3390.0 404.23799999999994 17 3450.0 -60.0 5 -59 186.487 162.8979999999999 6
5220.0 471.88999999999993 21 5220.0 0.0 0 -86 209.772 205.79399999999998 0
4860.0 512.1309999999999 23 4890.0 -30.0 6 -98 209.336 211.52200000000002 3
2970.0 462.27499999999975 14 3270.0 -300.0 34 -81 154.56799999999998 150.26699999999997 30
4450.0 586.4359999999999 18 4740.0 -290.0 24 -103 223.00800000000004 212.68099999999995 29
4090.0 541.9189999999998 18 4290.0 -200.0 35 -80 244.90500000000003 186.03899999999996 20
4650.0 446.4419999999999 18 4680.0 -30.0 3 -85 190.64599999999996 182.158 3
2760.0 1450.0809999999994 13 3630.0 -960.0 66 -74 202.18900000000002 149.36199999999997 96
4370.0 593.268 21 4650.0 -280.0 35 -90 270.7079999999999 219.51799999999994 28
4450.0 464.96299999999985 22 4560.0 -170.0 34 -91 175.85299999999995 193.726 17
4810.0 508.66399999999993 18 5130.0 -320.0 29 -83 234.32500000000002 219.41699999999997 32
5730.0 587.9519999999999 21 5820.0 -90.0 18 -105 263.47099999999995 231.79699999999997 9
3930.0 314.64599999999996 17 3930.0 -160.0 33 -55 140.058 149.522 16
5030.0 558.7020000000001 20 5130.0 -220.0 45 -86 243.80499999999995 233.57400000000004 22
4030.0 459.8819999999999 16 4380.0 -380.0 43 -76 195.63999999999996 180.83399999999995 38
4860.0 507.07 21 4860.0 0.0 0 -86 216.93499999999997 226.01699999999997 0
5700.0 501.913 19 5850.0 -240.0 42 -102 178.03399999999996 205.43700000000004 24
5055.0 597.7199999999997 20 5250.0 -195.0 30 -96 262.23699999999997 209.40099999999995 17
4150.0 947.5849999999995 18 4560.0 -410.0 26 -97 190.02999999999997 181.602 41
5400.0 580.0620000000001 23 5610.0 -230.0 39 -90 253.98 246.04599999999996 23
5110.0 643.6059999999998 21 5190.0 -80.0 11 -97 292.749 222.50799999999992 8
4780.0 538.2729999999999 21 4800.0 -200.0 41 -85 248.441 204.51999999999995 20
3570.0 391.295 17 3630.0 -60.0 12 -71 162.419 151.07799999999997 6
4870.0 562.0999999999997 21 5010.0 -160.0 33 -93 255.56599999999995 212.56699999999995 16
4350.0 547.1709999999997 21 4500.0 -190.0 31 -76 263.736 215.00899999999996 19
5310.0 457.1449999999999 15 5310.0 0.0 0 -88 177.30100000000004 202.11800000000002 0
3980.0 488.7359999999999 15 4020.0 -40.0 3 -72 225.40399999999994 187.55700000000007 4
3230.0 386.86599999999993 16 3300.0 -70.0 5 -65 138.17999999999998 145.478 7
6850.0 651.5559999999999 21 7050.0 -200.0 35 -120 265.254 267.923 20
4340.0 562.6499999999999 20 4620.0 -300.0 61 -92 265.371 191.844 30
4930.0 589.3789999999999 20 5190.0 -280.0 45 -101 229.03799999999995 236.50899999999996 28
4890.0 443.628 22 5010.0 -160.0 32 -75 187.129 200.07299999999995 16
3240.0 375.6929999999998 14 3330.0 -90.0 18 -67 172.79399999999995 143.58299999999994 9
5040.0 503.908 21 5040.0 0.0 0 -83 217.24999999999997 226.79699999999997 0
4560.0 470.276 20 4590.0 -90.0 18 -71 211.56899999999996 200.94499999999996 9
5700.0 509.6549999999999 18 5820.0 -210.0 42 -104 174.76499999999993 216.306 21
4800.0 438.25399999999985 20 4890.0 -110.0 22 -80 172.43800000000005 207.135 11
3500.0 414.915 20 3810.0 -310.0 29 -74 167.87200000000004 154.60899999999998 31
5220.0 540.6789999999997 22 5490.0 -320.0 37 -90 207.52300000000002 239.09999999999994 32
5180.0 608.3669999999998 22 5280.0 -100.0 20 -107 246.77999999999992 231.70600000000005 10
4965.0 576.7949999999998 18 5100.0 -135.0 24 -114 221.39199999999997 209.97899999999996 12
4620.0 453.272 18 4620.0 0.0 0 -81 217.29599999999996 167.22899999999998 0
4730.0 557.8710000000001 20 4770.0 -190.0 34 -76 243.79099999999994 253.03699999999995 19
5260.0 552.863 22 5340.0 -80.0 16 -104 209.27200000000005 240.04399999999995 8
4090.0 502.4339999999999 18 4470.0 -410.0 47 -77 216.56599999999997 211.11999999999992 41
4980.0 505.97399999999976 19 4980.0 0.0 0 -87 197.13099999999997 238.586 0
4610.0 544.7939999999998 18 5310.0 -730.0 76 -98 240.349 210.8339999999999 73
5000.0 579.745 26 5160.0 -340.0 56 -87 272.03999999999996 220.48199999999997 34
4200.0 496.90599999999984 18 4890.0 -760.0 79 -85 198.365 200.035 76
4500.0 1495.8040000000005 17 4920.0 -420.0 26 -85 225.51399999999998 192.486 42
4180.0 409.76200000000017 17 4440.0 -260.0 23 -76 185.84000000000003 171.00399999999996 26
4620.0 545.7579999999999 17 4740.0 -120.0 24 -89 226.66899999999998 199.05699999999993 12
4260.0 413.12000000000006 18 4380.0 -260.0 39 -76 169.73999999999998 169.37599999999998 26
4410.0 543.3900000000001 20 4410.0 -120.0 25 -85 253.67200000000003 204.52699999999996 12
3620.0 450.7369999999998 16 3690.0 -70.0 11 -70 209.30199999999996 159.686 7
3560.0 572.8829999999999 22 3870.0 -470.0 36 -71 166.827 166.842 47
5700.0 510.33400000000006 21 5820.0 -120.0 24 -85 235.34400000000002 234.8 12
6160.0 689.378 18 6300.0 -140.0 23 -114 266.02699999999993 298.05699999999996 10
4720.0 505.57899999999995 20 4770.0 -50.0 5 -74 241.72400000000002 213.7199999999999 5
4840.0 625.0740000000003 16 5160.0 -440.0 53 -97 172.33499999999998 199.646 44
6480.0 670.751 25 6690.0 -210.0 27 -108 293.651 270.78799999999995 19
5090.0 542.9169999999999 23 5160.0 -70.0 9 -101 202.72699999999998 231.69200000000006 7
4650.0 479.731 15 4770.0 -120.0 24 -86 216.121 192.55 12
4990.0 510.9879999999999 19 5010.0 -20.0 1 -85 225.93000000000004 220.32899999999998 2
3380.0 736.4570000000001 17 4020.0 -740.0 58 -61 150.43699999999995 172.507 74
5445.0 599.0240000000001 26 5520.0 -115.0 15 -95 282.76300000000003 238.02699999999993 11
4970.0 572.3579999999998 18 5250.0 -280.0 35 -99 177.25099999999992 215.26799999999994 28
3940.0 426.35499999999996 17 4020.0 -80.0 16 -80 150.72299999999998 180.015 8
5430.0 580.01 20 5430.0 0.0 0 -88 292.562 234.47199999999992 0
3795.0 425.06199999999995 16 3960.0 -245.0 46 -88 131.28599999999997 167.084 22
4080.0 530.6390000000001 16 4380.0 -300.0 26 -99 200.41899999999998 196.853 30
6180.0 645.235 23 6300.0 -120.0 24 -111 271.1119999999999 277.54299999999995 12
5240.0 675.794 19 5700.0 -460.0 49 -103 274.69499999999994 245.11799999999988 46
5135.0 585.8569999999999 22 5280.0 -145.0 18 -88 287.426 236.61299999999997 12
3740.0 449.992 20 3840.0 -100.0 7 -76 201.51399999999995 160.189 10
4860.0 505.41499999999996 21 5010.0 -210.0 18 -77 216.98999999999992 215.52399999999992 21
3820.0 508.3929999999998 17 3840.0 -20.0 4 -84 232.12899999999996 168.2 2
3960.0 429.478 16 3960.0 0.0 0 -79 175.46299999999994 182.202 0
5210.0 572.923 25 5280.0 -70.0 6 -86 271.9549999999999 238.975 7
4550.0 484.10199999999986 20 4830.0 -430.0 43 -82 206.962 204.473 43
4550.0 511.16200000000003 17 4710.0 -160.0 14 -77 234.18499999999995 218.80000000000004 16
4120.0 462.7889999999999 20 4200.0 -80.0 16 -81 193.533 173.26 8
6280.0 533.836 21 6300.0 -20.0 4 -82 236.34599999999998 270.76199999999994 2
4930.0 528.2680000000003 23 5040.0 -110.0 15 -88 198.453 232.46699999999993 11
3920.0 551.7910000000002 17 4170.0 -250.0 25 -83 196.65299999999993 159.92699999999996 25
5415.0 575.5009999999999 24 5490.0 -75.0 12 -94 258.57699999999994 240.82799999999995 5
5240.0 732.3820000000002 18 5400.0 -160.0 17 -104 247.82499999999993 239.7419999999999 16
3660.0 399.0979999999999 17 3780.0 -140.0 29 -75 156.237 162.49499999999995 14
4370.0 497.48400000000004 17 4380.0 -10.0 2 -85 206.06299999999996 196.25400000000002 1
3860.0 678.2450000000001 16 4620.0 -760.0 86 -102 218.09699999999998 233.92999999999998 73
5110.0 511.173 25 5130.0 -20.0 4 -90 240.01899999999998 196.09799999999996 2
5770.0 640.3300000000003 19 6120.0 -350.0 43 -107 287.49899999999997 252.558 35
5500.0 534.0749999999999 21 5550.0 -50.0 4 -93 221.322 241.11699999999996 5
5930.0 596.003 20 6120.0 -230.0 47 -95 250.331 251.01499999999993 23
5730.0 643.465 21 5850.0 -120.0 15 -101 272.387 281.06699999999995 10
4155.0 436.088 16 4170.0 -15.0 2 -80 182.88599999999997 176.93499999999997 1
5270.0 489.5599999999999 18 5310.0 -40.0 8 -97 171.1319999999999 193.37799999999993 4
4560.0 474.1119999999997 22 4740.0 -190.0 39 -78 181.134 215.562 19
2950.0 278.4229999999999 17 2970.0 -20.0 1 -59 113.37599999999999 116.04299999999999 2
4820.0 487.4050000000001 19 4860.0 -190.0 39 -78 211.713 199.77399999999997 19
5805.0 693.7279999999997 20 6000.0 -195.0 22 -93 279.15099999999995 254.879 18
5670.0 536.9989999999998 19 5880.0 -210.0 17 -105 206.52100000000002 233.42999999999992 21
3770.0 451.01199999999994 17 3870.0 -100.0 8 -74 185.70500000000004 168.88699999999997 10
4210.0 480.23299999999995 20 4260.0 -50.0 3 -87 186.36900000000006 185.49600000000004 5
3680.0 394.15899999999993 16 3720.0 -40.0 8 -71 145.18200000000002 161.899 4
5200.0 513.3279999999999 20 5580.0 -380.0 33 -82 242.38199999999992 219.19199999999998 38
6000.0 800.13 21 6540.0 -540.0 49 -116 308.02899999999994 304.86799999999994 54
3830.0 436.499 20 4110.0 -280.0 24 -68 191.30399999999995 191.26199999999997 28
4670.0 525.833 13 4800.0 -130.0 11 -98 213.045 208.89199999999997 13
5100.0 565.943 20 5160.0 -60.0 12 -104 218.63500000000002 216.86999999999995 6
4880.0 595.4499999999998 20 5040.0 -160.0 32 -94 260.35799999999995 231.42799999999997 16
4600.0 448.6139999999999 18 4680.0 -80.0 16 -77 183.48000000000002 198.75900000000004 8
4505.0 528.563 19 4710.0 -205.0 23 -104 209.73499999999993 191.48399999999995 20
4970.0 526.776 21 5010.0 -40.0 8 -75 255.26999999999998 224.0399999999999 4
5030.0 617.9609999999999 19 5100.0 -250.0 46 -97 258.7989999999999 232.75099999999998 25
4250.0 1031.7579999999991 20 4620.0 -370.0 22 -100 204.20399999999998 175.66799999999995 37
4080.0 556.0020000000002 22 4350.0 -270.0 31 -85 244.908 198.471 27
4130.0 1938.0280000000002 19 5190.0 -1060.0 80 -94 232.41 213.68499999999997 106
4200.0 396.8699999999999 19 4230.0 -30.0 2 -68 178.85799999999998 173.77599999999998 3
5070.0 623.7029999999997 21 5130.0 -60.0 12 -101 275.71999999999997 239.52700000000002 6
5330.0 520.6790000000002 22 5340.0 -10.0 2 -91 232.314 214.34400000000005 1
4060.0 467.34100000000007 20 4110.0 -170.0 21 -70 223.08299999999994 185.0759999999999 17
5330.0 536.7639999999999 18 5400.0 -70.0 6 -86 216.83999999999997 215.35299999999995 7
4320.0 507.8580000000002 21 4650.0 -370.0 47 -86 180.99299999999997 210.61899999999994 37
4770.0 578.4839999999996 17 4890.0 -120.0 10 -96 247.08799999999994 219.59099999999998 12
2020.0 365.11099999999993 13 2490.0 -560.0 58 -62 157.73399999999998 110.606 56
4670.0 481.3420000000001 18 4740.0 -70.0 14 -74 205.57699999999997 211.32199999999992 7
4350.0 574.401 20 4620.0 -280.0 57 -96 253.18899999999994 204.87899999999996 28
4440.0 525.3279999999999 20 4470.0 -190.0 16 -78 255.19799999999995 203.62699999999995 19
4040.0 510.9269999999998 19 4170.0 -130.0 18 -95 197.687 184.60199999999998 13
3960.0 448.5399999999999 13 4110.0 -300.0 47 -81 153.94599999999994 184.16399999999996 30
4600.0 467.3669999999999 18 4860.0 -260.0 21 -80 195.938 179.58299999999994 26
4470.0 526.9639999999999 21 4500.0 -300.0 62 -82 230.223 195.52199999999996 30
4640.0 443.7829999999999 16 4860.0 -240.0 37 -75 189.73299999999995 198.434 24
3230.0 400.244 13 3360.0 -380.0 35 -65 175.32699999999997 161.795 38
5520.0 629.5989999999999 21 5880.0 -380.0 78 -99 265.94699999999995 246.92200000000003 38
6030.0 583.448 22 6090.0 -60.0 12 -101 233.05499999999995 262.2829999999999 6
5690.0 632.594 17 5790.0 -250.0 46 -94 304.43399999999997 248.13799999999992 25
3880.0 398.92300000000006 18 4440.0 -600.0 54 -68 182.511 181.041 60
5680.0 610.589 21 5820.0 -140.0 28 -112 221.232 266.899 14
4080.0 465.20800000000014 18 4230.0 -150.0 19 -65 214.242 195.968 15
2820.0 978.2950000000002 13 3600.0 -780.0 71 -82 165.621 164.38 78
3890.0 540.4620000000001 18 4110.0 -220.0 37 -89 185.43699999999998 206.43699999999998 22
4515.0 499.6959999999999 17 4710.0 -195.0 18 -84 216.63699999999994 180.126 19
5170.0 507.1570000000001 16 5280.0 -110.0 17 -110 154.899 216.59400000000002 11
4030.0 471.84899999999993 19 4200.0 -170.0 16 -78 205.16899999999998 188.759 17
4750.0 635.8559999999997 24 4890.0 -140.0 18 -88 293.715 229.28700000000003 14
5280.0 518.532 17 5400.0 -120.0 24 -110 173.834 220.93300000000002 12
5150.0 503.3219999999998 22 5280.0 -130.0 21 -90 197.421 217.32199999999992 13
3140.0 385.98299999999983 15 3180.0 -40.0 2 -69 174.49699999999996 128.61399999999998 4
5170.0 567.7179999999998 22 5400.0 -380.0 36 -81 271.7349999999999 239.48999999999998 38
3020.0 337.37299999999993 15 3060.0 -40.0 8 -64 121.26299999999998 145.38399999999993 4
4550.0 533.843 17 4710.0 -160.0 32 -97 198.12900000000002 204.033 16
3250.0 435.6639999999999 15 3360.0 -110.0 22 -78 179.51399999999998 145.293 11
4365.0 484.65 20 4560.0 -195.0 25 -87 221.77599999999998 171.93099999999995 17
4730.0 492.7629999999998 19 4770.0 -40.0 8 -98 176.112 218.46699999999998 4
6230.0 585.3449999999999 21 6330.0 -100.0 20 -102 267.55899999999997 247.85999999999993 10
3680.0 545.749 15 3840.0 -160.0 32 -79 203.42999999999998 157.53299999999996 16
6240.0 705.2970000000001 19 6600.0 -360.0 57 -120 277.57800000000003 262.455 36
5100.0 523.2679999999999 17 5370.0 -330.0 68 -84 228.93199999999996 208.28899999999993 33
4960.0 617.8179999999998 19 5070.0 -110.0 15 -96 310.094 214.68499999999997 11
6275.0 577.208 26 6390.0 -115.0 22 -93 235.8209999999999 262.76599999999996 11
3530.0 350.09799999999996 15 3630.0 -100.0 13 -71 137.19099999999997 143.594 10
4590.0 493.20799999999986 17 4650.0 -60.0 12 -84 205.569 200.82099999999997 6
4110.0 475.12299999999993 15 4110.0 0.0 0 -85 211.95299999999992 180.69899999999998 0
4825.0 565.358 21 4950.0 -155.0 23 -96 215.41899999999998 222.80499999999995 13
3290.0 410.085 13 3480.0 -350.0 47 -79 115.60400000000001 138.41499999999996 35
4725.0 494.415 19 4770.0 -45.0 7 -90 216.028 203.48499999999996 3
5200.0 527.8299999999999 21 5340.0 -210.0 18 -84 228.77999999999997 222.68499999999995 21
4860.0 1607.2160000000003 20 5370.0 -510.0 34 -90 274.17599999999993 243.58499999999998 51
3920.0 405.8270000000001 17 3930.0 -10.0 2 -61 183.40499999999997 178.008 1
5510.0 577.1730000000001 18 5910.0 -490.0 90 -98 218.36599999999999 258.639 49
3410.0 490.8119999999999 18 3720.0 -310.0 39 -89 203.35499999999996 162.42499999999998 31
4430.0 460.20599999999996 17 4590.0 -160.0 24 -87 202.38599999999997 177.31300000000002 16
4580.0 563.8669999999998 15 4650.0 -190.0 34 -97 195.42600000000002 216.93499999999997 19
4900.0 533.6659999999999 17 4980.0 -80.0 11 -94 194.441 206.78699999999995 8
3430.0 348.6899999999999 17 3660.0 -230.0 26 -65 130.237 155.25799999999998 23
4930.0 545.6210000000001 16 5010.0 -80.0 16 -97 196.84999999999994 224.54899999999995 8
3570.0 443.64399999999995 18 3660.0 -90.0 7 -73 190.43699999999998 170.41199999999995 9
3770.0 452.59999999999997 16 3990.0 -360.0 59 -83 158.31099999999998 146.09799999999998 36
4020.0 505.6909999999999 20 4110.0 -340.0 40 -76 232.10600000000002 191.76800000000003 34
3780.0 437.114 19 3840.0 -60.0 12 -76 193.14600000000002 165.77200000000002 6
4770.0 538.0690000000001 18 5010.0 -240.0 34 -100 174.04199999999994 199.354 24
4140.0 469.945 19 4260.0 -120.0 11 -88 169.04499999999993 192.52900000000002 12
3710.0 424.1970000000001 18 3960.0 -290.0 27 -69 163.73500000000004 178.25599999999994 29
4090.0 467.8209999999998 20 4350.0 -310.0 43 -91 182.33300000000003 174.94099999999997 31
5340.0 568.3140000000001 18 5760.0 -460.0 40 -85 246.679 253.14999999999986 46
4680.0 474.6599999999999 20 4740.0 -60.0 12 -91 181.718 208.65999999999994 6
3570.0 1541.8659999999986 15 4560.0 -990.0 70 -80 151.21099999999998 179.61499999999998 99
4900.0 451.22400000000005 16 4950.0 -50.0 3 -80 221.15199999999993 165.7079999999999 5
5450.0 520.8580000000002 20 5610.0 -160.0 32 -99 216.9749999999999 219.21999999999997 16
3620.0 454.93899999999985 19 3930.0 -310.0 27 -79 199.82399999999998 167.68899999999994 31
5010.0 739.1340000000002 19 5880.0 -870.0 84 -89 257.9409999999999 262.2019999999999 87
3600.0 420.73400000000004 17 3630.0 -210.0 43 -70 192.67600000000002 157.72599999999994 21
4210.0 489.88399999999984 19 4380.0 -170.0 14 -87 201.355 185.76700000000005 17
3380.0 400.0760000000001 18 3510.0 -250.0 30 -72 183.947 132.68699999999998 21
4160.0 491.773 22 4410.0 -250.0 29 -83 222.72099999999992 184.492 25
5890.0 589.4519999999999 18 6090.0 -200.0 27 -96 251.50199999999992 247.877 20
5340.0 519.482 17 5460.0 -120.0 11 -97 233.65499999999997 204.718 12
4550.0 540.639 21 4830.0 -280.0 33 -88 230.65700000000004 216.98199999999994 28
5080.0 488.938 22 5100.0 -20.0 1 -85 190.106 231.23699999999994 2
3935.0 425.226 19 4080.0 -145.0 12 -68 198.64999999999998 177.124 21
6260.0 601.9769999999997 21 6390.0 -280.0 81 -96 271.93399999999997 257.449 22
4570.0 524.8489999999999 20 4710.0 -140.0 15 -99 194.82999999999998 194.44300000000004 14
4620.0 459.94800000000004 16 4620.0 0.0 0 -68 199.153 222.788 0
4150.0 424.3299999999998 14 4290.0 -180.0 36 -86 155.465 160.17599999999996 18
3360.0 451.35 16 3450.0 -90.0 18 -80 168.255 154.43499999999995 9
4330.0 485.032 19 4680.0 -350.0 31 -84 212.41399999999993 193.33100000000002 35
5960.0 661.1379999999999 20 6060.0 -100.0 20 -116 270.44800000000004 267.69200000000006 10
7250.0 474.3379999999999 20 7830.0 -660.0 69 -106 221.90799999999996 190.277 66
4550.0 486.0739999999998 24 4620.0 -140.0 20 -80 201.29600000000002 201.6799999999999 14
4720.0 609.6539999999999 18 4830.0 -320.0 41 -100 260.049 219.07099999999997 32
4410.0 467.8039999999999 14 4500.0 -90.0 11 -88 190.45899999999997 182.44899999999998 9
5230.0 542.8970000000002 18 5430.0 -200.0 27 -96 228.91999999999996 240.675 20
3775.0 444.28299999999996 19 4230.0 -515.0 49 -80 172.396 184.89299999999997 51
3760.0 465.16499999999985 16 3840.0 -80.0 9 -81 181.95199999999997 175.10599999999997 8
5580.0 641.9330000000001 21 5670.0 -290.0 59 -104 273.9029999999999 253.011 29
5710.0 661.9659999999999 21 6090.0 -400.0 54 -111 271.87799999999993 250.01300000000006 40
3870.0 432.4659999999999 18 3990.0 -120.0 9 -85 157.24099999999999 163.653 12
3810.0 328.48799999999994 15 3810.0 0.0 0 -57 146.19899999999996 150.073 0
6610.0 526.05 18 6810.0 -650.0 78 -89 200.24 190.10999999999996 65
4080.0 466.8399999999999 17 4200.0 -120.0 21 -84 174.86800000000002 188.84299999999996 12
3190.0 326.328 21 3330.0 -140.0 12 -62 137.18500000000003 129.47 14
5760.0 578.8170000000001 22 5910.0 -220.0 27 -97 235.31299999999996 259.17499999999995 22
4370.0 453.90399999999994 19 4410.0 -40.0 8 -81 178.19299999999998 187.154 4
4205.0 512.4929999999999 19 4320.0 -115.0 21 -96 188.65099999999998 179.728 10
4440.0 492.0989999999999 17 4500.0 -60.0 12 -96 176.68300000000002 191.445 6
4665.0 521.6689999999999 24 4680.0 -15.0 2 -80 259.11299999999994 207.20299999999992 1
4930.0 542.8160000000001 15 4980.0 -50.0 10 -98 213.8499999999999 223.84899999999996 5
4600.0 513.37 14 5100.0 -550.0 88 -102 183.85499999999996 182.94799999999995 55
5280.0 560.7629999999997 22 5520.0 -240.0 21 -96 241.22099999999998 231.13499999999993 24
5130.0 556.9259999999999 15 5520.0 -470.0 50 -88 208.82899999999998 222.154 47
3350.0 492.044 20 3660.0 -430.0 65 -103 182.35699999999997 150.85800000000006 43
4600.0 457.604 20 4770.0 -670.0 60 -62 222.59900000000005 209.69399999999996 67
4540.0 481.698 20 4560.0 -20.0 1 -79 216.47299999999998 199.53700000000003 2
5700.0 499.54400000000004 18 5880.0 -180.0 19 -100 197.98699999999994 189.69400000000002 18
4720.0 479.02099999999984 20 4740.0 -20.0 1 -92 186.63299999999995 206.58699999999996 2
5310.0 500.92200000000014 22 5310.0 0.0 0 -86 234.492 209.869 0
3420.0 388.04100000000005 16 3480.0 -60.0 5 -58 188.77799999999993 141.87999999999997 6
5270.0 619.1819999999999 15 5700.0 -490.0 58 -96 214.42599999999993 242.39299999999994 47
5800.0 550.876 22 5820.0 -20.0 4 -87 247.17200000000003 249.409 2
5620.0 559.4319999999998 23 5790.0 -170.0 14 -90 221.76199999999997 202.62000000000003 17
4600.0 481.86899999999997 20 4650.0 -50.0 10 -79 209.49499999999995 211.94199999999995 5
4480.0 449.15299999999996 19 4590.0 -110.0 22 -85 191.22799999999992 178.306 11
5140.0 641.4979999999999 22 5370.0 -290.0 35 -97 287.596 243.84599999999995 29
5430.0 639.1829999999999 19 5730.0 -300.0 40 -116 233.271 244.99299999999997 30
4050.0 547.4369999999999 18 4110.0 -60.0 12 -96 222.56699999999998 194.45899999999997 6
4320.0 569.429 17 4710.0 -430.0 58 -103 197.67999999999998 219.594 43
4530.0 525.4819999999999 18 4680.0 -150.0 30 -104 187.53499999999997 203.217 15
3960.0 435.9339999999999 16 4050.0 -150.0 12 -68 199.95199999999994 169.83599999999993 15
3420.0 438.6280000000001 12 3570.0 -150.0 23 -85 155.286 152.414 15
4110.0 379.19199999999984 20 4110.0 -150.0 31 -66 165.68900000000002 168.09399999999994 15
6590.0 664.2219999999999 23 6630.0 -40.0 3 -93 314.594 295.99899999999997 4
4480.0 510.982 19 4650.0 -170.0 21 -82 187.66500000000002 224.8399999999999 17
4530.0 461.34499999999997 15 4590.0 -60.0 12 -77 185.43599999999998 202.28099999999998 6
5125.0 485.5559999999998 17 5250.0 -125.0 15 -91 207.292 202.6339999999999 10
4970.0 480.949 19 5340.0 -410.0 71 -90 156.58899999999994 227.14499999999992 40
3830.0 432.53099999999995 19 3900.0 -70.0 11 -74 182.19299999999993 163.88699999999994 7
4470.0 791.5509999999998 19 4860.0 -390.0 30 -91 268.6380000000001 195.91599999999997 39
4530.0 506.85099999999994 20 4770.0 -250.0 44 -81 226.88799999999998 200.907 25
4350.0 1642.2750000000003 18 4800.0 -530.0 41 -93 238.00999999999996 198.90699999999998 53
4060.0 522.1790000000001 18 4410.0 -360.0 63 -93 202.814 183.22199999999998 33
5130.0 532.108 16 5160.0 -30.0 6 -101 211.10499999999996 206.48299999999995 3
4560.0 560.201 17 4680.0 -210.0 28 -92 252.76 211.75499999999994 21
4535.0 520.057 19 4800.0 -265.0 48 -107 182.71899999999997 185.809 26
4590.0 500.62499999999994 17 4590.0 0.0 0 -72 235.00099999999992 217.23499999999996 0
4745.0 552.1210000000002 16 4980.0 -235.0 27 -111 180.65199999999996 216.54899999999992 20
5675.0 621.2739999999999 20 6030.0 -395.0 53 -98 252.86599999999993 256.414 37
4250.0 514.9999999999998 19 4620.0 -420.0 40 -89 211.17899999999995 193.85399999999996 42
4310.0 494.80800000000005 17 4380.0 -70.0 14 -76 207.93900000000005 207.648 7
3900.0 385.961 16 3930.0 -30.0 4 -69 173.87399999999997 160.53999999999996 2
3550.0 377.396 16 3600.0 -230.0 41 -77 132.22799999999998 164.36899999999997 23
4430.0 359.53599999999983 16 4440.0 -70.0 12 -75 130.859 162.307 5
5130.0 540.6779999999998 19 5190.0 -60.0 12 -89 225.04899999999995 235.236 6
5270.0 521.6289999999999 19 5370.0 -100.0 9 -89 218.44000000000003 213.27399999999997 10
5070.0 491.63099999999986 20 5070.0 0.0 0 -89 218.67099999999996 209.22399999999993 0
3720.0 387.28000000000003 18 3810.0 -90.0 8 -65 158.10699999999997 173.57799999999995 9
4970.0 604.9229999999997 21 5100.0 -130.0 10 -98 264.729 213.50499999999994 13
5530.0 551.4289999999997 21 5580.0 -50.0 10 -87 244.04999999999993 235.39399999999995 5
3150.0 680.927 22 3840.0 -690.0 82 -89 243.403 188.24399999999997 74
5340.0 547.503 20 5370.0 -30.0 5 -86 246.90499999999992 241.3499999999999 2
3795.0 456.21700000000004 13 3900.0 -105.0 9 -78 120.24199999999999 169.01999999999992 21
4180.0 440.0379999999998 16 4500.0 -320.0 39 -77 172.5859999999999 182.71099999999996 32
4500.0 455.3469999999999 21 4530.0 -170.0 14 -80 184.55299999999997 201.56099999999992 17
4580.0 498.49099999999976 15 4620.0 -40.0 8 -80 231.45899999999995 192.98499999999999 4
5130.0 474.80599999999987 20 5130.0 -60.0 12 -77 200.10999999999999 221.79299999999995 6
4710.0 499.9820000000001 19 4710.0 0.0 0 -83 209.579 219.49399999999997 0
4250.0 542.4489999999998 19 4560.0 -370.0 43 -95 193.36599999999999 180.554 37
4630.0 553.1370000000001 22 4950.0 -330.0 50 -87 246.355 207.16799999999998 33
4900.0 595.9710000000002 20 5070.0 -170.0 24 -88 234.31099999999995 200.44600000000003 17
3770.0 411.60200000000003 15 3780.0 -10.0 2 -71 177.91899999999995 164.41899999999993 1
3420.0 436.3669999999999 16 3540.0 -140.0 29 -74 197.05599999999998 159.686 14
4010.0 410.16100000000006 18 4080.0 -110.0 16 -70 155.22 177.08599999999998 11
4280.0 474.36900000000014 26 4290.0 -10.0 2 -71 218.607 197.30100000000004 1
4930.0 518.856 18 5130.0 -200.0 18 -92 203.38099999999997 215.3859999999999 20
4330.0 401.00099999999975 17 4350.0 -20.0 4 -69 172.19400000000005 169.36199999999997 2
4230.0 475.55400000000003 17 4260.0 -30.0 6 -80 201.23799999999994 189.64399999999998 3
5190.0 535.0179999999998 23 5190.0 -180.0 37 -86 243.5099999999999 222.659 18
4730.0 588.0550000000002 21 4920.0 -190.0 20 -83 281.371 221.08699999999993 19
3345.0 361.822 16 3480.0 -185.0 17 -62 147.02499999999998 159.12500000000003 18
3625.0 365.556 17 3690.0 -65.0 5 -62 131.939 167.01799999999997 13
6360.0 520.384 20 6360.0 0.0 0 -96 214.2759999999999 253.05399999999992 0
3375.0 572.134 15 3690.0 -315.0 26 -76 164.52199999999996 148.587 33
4860.0 493.29699999999974 20 4860.0 -160.0 14 -79 238.7799999999999 191.89899999999997 16
4680.0 478.78200000000004 17 4800.0 -120.0 21 -89 193.957 191.53299999999996 9
5150.0 577.556 18 5370.0 -290.0 32 -95 239.97499999999997 246.0999999999999 29
5600.0 620.8850000000002 20 5760.0 -160.0 27 -90 288.05899999999997 262.297 16
2810.0 381.15699999999987 15 3120.0 -340.0 57 -67 153.19400000000002 131.57899999999998 28
5220.0 563.024 23 5310.0 -90.0 8 -86 265.83299999999997 229.13299999999998 9
4090.0 483.83699999999993 19 4350.0 -270.0 42 -77 206.69899999999996 192.858 27
4310.0 463.3429999999998 15 4440.0 -130.0 22 -88 168.33999999999995 181.246 12
3400.0 374.4809999999999 17 3450.0 -50.0 6 -60 168.78099999999998 155.88 4
4590.0 493.05800000000005 19 4650.0 -60.0 4 -77 208.15300000000002 213.82799999999995 6
5900.0 685.9409999999999 23 5940.0 -40.0 8 -101 327.29099999999994 277.8019999999999 4
5060.0 511.797 14 5130.0 -70.0 14 -79 229.96299999999997 219.397 7
4570.0 456.5370000000002 16 4590.0 -20.0 4 -76 187.88600000000002 209.90999999999997 2
4010.0 504.65799999999984 14 4170.0 -160.0 27 -91 191.77900000000002 188.131 16
3820.0 464.21599999999984 17 3840.0 -20.0 4 -72 206.50299999999993 171.43999999999994 2
5340.0 801.171 17 5610.0 -360.0 28 -108 293.06600000000003 228.536 36
5000.0 682.7529999999998 18 5490.0 -580.0 52 -80 263.71399999999994 242.04199999999997 58
4485.0 573.735 18 4740.0 -255.0 32 -98 219.048 216.49899999999997 23
5880.0 639.949 24 6180.0 -320.0 61 -112 271.78899999999993 230.1909999999999 31
4320.0 508.88199999999983 20 4410.0 -290.0 55 -75 250.86399999999998 195.481 26
4060.0 375.116 16 4200.0 -240.0 21 -66 156.637 179.85899999999992 24
4830.0 452.7989999999999 24 4830.0 0.0 0 -77 205.551 194.64 0
3430.0 418.95299999999986 22 3630.0 -200.0 17 -63 204.31999999999994 137.471 20
3690.0 401.793 19 3690.0 0.0 0 -65 181.545 166.30499999999992 0
5550.0 615.0239999999999 21 5730.0 -180.0 36 -108 265.417 225.3909999999999 18
5340.0 553.7239999999999 21 5520.0 -180.0 16 -100 202.74099999999996 237.01399999999998 18
5030.0 553.7269999999999 22 5100.0 -70.0 14 -87 239.51199999999994 234.82799999999995 7
3100.0 351.97 18 3120.0 -20.0 4 -62 140.367 148.574 2
2470.0 1430.5909999999992 15 3060.0 -590.0 36 -45 191.92299999999997 150.99899999999997 59
4560.0 501.784 20 4650.0 -90.0 7 -94 219.40600000000003 187.631 9
3610.0 471.519 18 3720.0 -110.0 9 -72 200.73999999999995 175.68999999999994 11
4170.0 457.30599999999987 20 4170.0 0.0 0 -69 206.20999999999995 200.93700000000004 0
3900.0 424.8589999999999 17 3900.0 -150.0 31 -63 204.55599999999995 171.62599999999998 15
6130.0 556.5049999999999 23 6210.0 -80.0 9 -85 271.2879999999999 241.86799999999997 8
4410.0 477.56799999999976 17 4830.0 -510.0 51 -77 207.15099999999993 204.54999999999995 51
4200.0 510.4699999999998 17 4320.0 -120.0 12 -98 191.53099999999995 187.70899999999997 12
4570.0 480.504 16 4650.0 -80.0 16 -86 184.09499999999997 204.001 8
6140.0 601.1009999999997 19 6270.0 -130.0 23 -111 238.56299999999996 256.66099999999994 10
5305.0 489.0419999999999 16 5460.0 -155.0 26 -93 196.06999999999996 213.53500000000003 13
3400.0 373.12199999999996 10 3570.0 -190.0 33 -70 156.395 136.012 19
5090.0 612.0910000000002 21 5220.0 -130.0 10 -102 292.842 234.93399999999994 13
4920.0 585.155 18 5190.0 -280.0 57 -92 259.20199999999994 228.51799999999997 28
3540.0 481.72499999999997 18 3600.0 -180.0 32 -74 204.95899999999995 169.32299999999992 22
4170.0 421.10800000000006 18 4170.0 -300.0 62 -69 178.26199999999994 190.655 30
5690.0 449.2809999999998 19 5730.0 -40.0 8 -86 179.153 218.06899999999996 4
4240.0 470.534 21 4500.0 -280.0 52 -74 200.009 211.20099999999996 28
4510.0 561.701 24 4830.0 -410.0 75 -82 261.83399999999995 211.90099999999998 41
3150.0 334.00299999999993 14 3210.0 -180.0 30 -60 137.055 133.853 18
4440.0 340.985 17 4440.0 0.0 0 -57 152.53099999999998 177.86099999999993 0
3250.0 359.646 16 3270.0 -20.0 1 -60 170.435 136.58399999999997 2
4230.0 399.82099999999997 18 4290.0 -60.0 4 -79 170.88699999999994 156.424 6
4110.0 425.03799999999995 20 4110.0 0.0 0 -82 157.933 194.46899999999997 0
4130.0 491.549 20 4230.0 -100.0 9 -79 240.024 176.17199999999997 10
6380.0 704.7289999999997 23 6510.0 -130.0 26 -119 293.476 266.67800000000005 13
4280.0 448.46199999999993 15 4680.0 -560.0 50 -76 168.77299999999997 227.84499999999997 56
4830.0 1373.9769999999996 16 5220.0 -390.0 27 -86 200.59400000000002 225.80899999999997 39
5590.0 553.122 20 5850.0 -280.0 45 -105 199.73799999999994 260.98699999999997 28
4290.0 482.57399999999984 17 4500.0 -310.0 28 -68 211.57799999999997 201.82399999999996 31
4030.0 495.16300000000024 17 4410.0 -455.0 62 -78 201.13700000000003 198.058 36
6170.0 760.2210000000002 26 6720.0 -550.0 64 -123 318.608 297.83700000000005 55
5050.0 608.4709999999999 20 5130.0 -110.0 22 -106 243.161 225.54099999999994 11
5130.0 535.1439999999999 19 5130.0 0.0 0 -82 265.119 217.05799999999996 0
4930.0 533.577 17 4980.0 -90.0 18 -98 207.74199999999996 220.14599999999993 9
3960.0 411.69399999999996 17 4020.0 -60.0 12 -71 162.72499999999997 179.69099999999997 6
4790.0 538.445 18 4950.0 -160.0 14 -84 235.34699999999998 234.41999999999993 16
4770.0 681.1739999999999 22 4920.0 -150.0 30 -104 265.00300000000004 231.25699999999992 15
4670.0 497.2899999999999 22 5040.0 -445.0 74 -89 202.83299999999997 202.19399999999996 31
3910.0 469.48699999999997 17 4410.0 -540.0 47 -62 237.108 195.44099999999997 54
3920.0 436.379 19 3990.0 -70.0 14 -78 179.127 176.73099999999997 7
6490.0 738.1779999999999 20 6720.0 -230.0 23 -118 291.88499999999993 296.38899999999995 23
5680.0 591.1800000000003 19 5820.0 -140.0 28 -111 199.034 253.82999999999998 14
4760.0 581.8579999999997 21 5040.0 -380.0 34 -79 260.253 239.541 38
5210.0 596.4950000000001 17 5430.0 -220.0 32 -111 215.9969999999999 237.81499999999994 22
4685.0 592.8669999999997 20 5010.0 -355.0 48 -99 233.93199999999993 206.24 30
4290.0 465.1 20 4560.0 -280.0 53 -80 198.44799999999992 192.41499999999996 28
3810.0 436.27799999999985 18 3930.0 -120.0 24 -76 182.49299999999997 170.15999999999994 12
4100.0 456.12600000000003 17 4140.0 -40.0 3 -76 182.762 195.785 4
4385.0 518.5429999999998 20 4500.0 -115.0 11 -92 215.51399999999992 202.432 11
4320.0 549.6760000000002 20 4440.0 -140.0 28 -88 226.629 207.66799999999998 14
4000.0 444.03599999999994 18 4080.0 -80.0 16 -86 192.488 161.98799999999997 8
4450.0 544.3219999999997 16 4530.0 -80.0 14 -101 224.15499999999994 200.4679999999999 6
4710.0 508.25300000000004 20 5100.0 -390.0 33 -86 193.70199999999997 213.68699999999995 39
5790.0 619.9769999999997 24 5790.0 0.0 0 -88 314.29899999999986 258.4 0
5030.0 600.2210000000002 23 5220.0 -230.0 47 -94 269.21299999999997 245.22899999999998 23
4580.0 442.77199999999993 18 4710.0 -130.0 23 -86 167.637 181.971 13
4790.0 541.3029999999998 21 5160.0 -370.0 32 -89 228.362 233.76899999999995 37
4440.0 560.2769999999997 18 4530.0 -90.0 18 -106 216.89800000000005 204.146 9
3660.0 455.76399999999984 18 3930.0 -320.0 37 -81 183.65899999999996 163.91699999999997 31
5590.0 613.393 22 5760.0 -190.0 38 -97 275.67300000000006 257.38599999999997 19
2860.0 393.493 14 2880.0 -20.0 4 -62 178.63499999999996 134.107 2
4350.0 456.39300000000003 17 4350.0 -90.0 18 -85 174.22899999999998 194.47099999999995 9
5710.0 535.8709999999999 20 5790.0 -80.0 15 -96 220.85899999999995 224.76899999999995 7
4650.0 539.049 24 4710.0 -90.0 11 -75 246.81099999999995 213.90699999999993 9
3480.0 462.79400000000004 15 3600.0 -140.0 21 -78 215.30300000000003 151.77599999999998 14
5400.0 555.4349999999998 18 5490.0 -90.0 18 -96 246.1529999999999 226.62999999999997 9
3320.0 357.74999999999994 20 3330.0 -10.0 2 -55 163.20499999999998 152.01300000000003 1
3760.0 466.39899999999994 17 3810.0 -350.0 37 -73 207.64099999999996 168.37199999999996 35
5770.0 640.5409999999998 19 6000.0 -230.0 27 -117 212.33899999999997 258.332 23
4140.0 369.17299999999994 17 4140.0 0.0 0 -56 175.51200000000003 174.999 0
4085.0 434.52399999999994 21 4170.0 -265.0 24 -68 183.54999999999998 188.84199999999998 26
4120.0 459.83 18 4560.0 -520.0 57 -90 185.086 190.99699999999996 52
3160.0 422.2420000000001 21 3240.0 -80.0 16 -67 196.07200000000003 146.522 8
2970.0 433.16999999999996 19 3510.0 -620.0 56 -65 191.45499999999998 160.398 62
3820.0 429.20699999999994 17 3870.0 -50.0 10 -83 155.24099999999996 160.68299999999994 5
4390.0 392.97999999999996 15 4440.0 -50.0 5 -77 162.73399999999995 148.39600000000002 5
4500.0 421.5939999999998 16 4500.0 0.0 0 -79 177.34399999999997 184.961 0
4610.0 461.4619999999999 20 4620.0 -160.0 33 -68 215.891 205.91700000000003 16
3650.0 589.9050000000005 20 4470.0 -920.0 79 -85 272.65999999999985 207.118 92
5330.0 679.8389999999999 19 6090.0 -780.0 76 -103 266.99100000000004 255.69999999999993 78
4410.0 500.468 15 4770.0 -360.0 31 -99 193.08299999999994 192.319 36
4910.0 533.499 24 5250.0 -420.0 72 -81 252.42800000000003 223.19299999999993 42
4010.0 442.4120000000001 17 4230.0 -370.0 52 -89 141.49699999999999 183.512 37
4290.0 453.587 18 4410.0 -240.0 37 -88 181.267 175.65099999999995 24
5560.0 788.1600000000004 21 5820.0 -280.0 48 -105 337.914 284.65799999999996 28
4920.0 429.4239999999999 18 5010.0 -90.0 11 -73 195.414 187.77599999999993 9
5380.0 578.3919999999999 19 5460.0 -80.0 7 -91 263.852 237.96099999999996 8
5835.0 574.7039999999998 13 6030.0 -285.0 76 -103 159.708 252.90699999999993 23
5160.0 677.3539999999998 22 5430.0 -270.0 33 -113 258.207 259.52700000000004 25
4840.0 514.578 22 4950.0 -110.0 15 -74 241.52599999999993 214.71799999999996 11
3980.0 431.856 20 4050.0 -70.0 6 -71 186.85500000000002 187.17899999999997 7
4560.0 464.89699999999993 21 4680.0 -120.0 20 -78 220.06499999999997 200.19799999999998 8
4810.0 506.62800000000004 18 4920.0 -110.0 9 -73 220.39699999999996 227.75599999999994 11
4730.0 608.89 19 5100.0 -380.0 60 -97 232.17299999999997 231.83599999999987 38
5110.0 519.4149999999997 20 5130.0 -20.0 1 -87 228.71499999999997 223.21599999999992 2
5230.0 605.229 18 5790.0 -640.0 65 -83 269.19899999999996 250.26299999999998 64
2690.0 359.674 14 2850.0 -160.0 14 -64 154.83599999999993 132.13999999999996 16
4350.0 468.4929999999998 23 4500.0 -350.0 54 -82 196.6229999999999 200.27999999999994 35
4490.0 484.67199999999985 18 4530.0 -40.0 8 -84 213.67299999999994 173.403 4
4170.0 551.6550000000001 20 4500.0 -330.0 36 -82 260.83 187.98999999999998 33
4440.0 525.46 16 4560.0 -240.0 42 -103 183.72599999999997 195.537 24
4890.0 415.1179999999999 17 4890.0 0.0 0 -83 169.19100000000003 187.41799999999998 0
4720.0 564.7739999999999 16 4950.0 -230.0 22 -81 264.75699999999995 214.22400000000005 23
4940.0 489.389 19 4980.0 -40.0 8 -93 211.20099999999996 178.476 4
3775.0 489.86999999999983 19 3990.0 -225.0 45 -75 222.28 182.78 22
3540.0 346.44099999999986 17 3690.0 -150.0 14 -75 146.19699999999997 126.155 15
4460.0 478.09099999999995 18 4500.0 -40.0 8 -75 209.514 199.22599999999997 4
4840.0 475.4529999999999 20 4860.0 -20.0 4 -69 226.577 211.012 2
3840.0 422.37600000000003 21 3930.0 -210.0 37 -71 208.101 152.09699999999995 21
4600.0 465.2660000000001 22 4650.0 -50.0 10 -86 189.324 188.38400000000001 5
4790.0 587.8640000000003 19 4980.0 -190.0 28 -97 207.05599999999998 223.10899999999992 19
4705.0 534.9789999999998 20 4800.0 -95.0 14 -106 197.06799999999993 207.9799999999999 8
3170.0 407.12999999999994 18 3330.0 -160.0 21 -69 162.93800000000007 153.486 16
5580.0 606.2029999999997 21 5700.0 -120.0 17 -98 245.898 253.64799999999997 12
3720.0 528.9809999999999 15 3810.0 -90.0 9 -97 187.09999999999994 176.476 9
4600.0 507.546 17 4770.0 -220.0 22 -74 207.81999999999996 224.48299999999995 22
3760.0 485.9829999999999 16 3810.0 -50.0 10 -70 235.81999999999996 167.43499999999995 5
5090.0 463.5149999999999 13 5130.0 -100.0 24 -96 183.29000000000002 188.202 8
4630.0 469.28799999999995 24 4650.0 -20.0 4 -83 200.571 206.32099999999994 2
4440.0 451.7919999999998 21 4620.0 -260.0 37 -79 183.26199999999994 190.624 26
5280.0 515.881 20 5370.0 -90.0 18 -97 196.127 217.95699999999997 9
5220.0 624.856 20 5370.0 -150.0 14 -99 274.928 243.97899999999996 15
3050.0 374.58499999999987 17 3210.0 -160.0 13 -62 152.05999999999997 143.54999999999998 16
4800.0 453.58900000000006 18 4800.0 0.0 0 -74 196.911 211.60799999999995 0
3910.0 470.5189999999997 19 4050.0 -140.0 17 -78 182.92699999999996 190.03500000000003 14
5200.0 490.17899999999986 19 5370.0 -210.0 43 -83 229.91800000000003 202.50399999999996 21
5110.0 534.7329999999997 20 5160.0 -50.0 7 -74 264.159 228.44 10
4480.0 502.13499999999993 21 4560.0 -80.0 7 -94 202.48099999999997 195.35899999999998 8
5870.0 598.2249999999999 17 6120.0 -250.0 27 -119 243.3689999999999 219.86900000000003 25
3560.0 482.29399999999987 16 3720.0 -160.0 24 -93 166.51600000000002 146.923 16
3380.0 424.1909999999999 17 3660.0 -290.0 38 -66 183.93999999999997 170.16699999999997 29
5685.0 610.9439999999997 20 5850.0 -165.0 20 -109 225.47000000000003 248.20300000000003 16
4080.0 498.2139999999999 21 4260.0 -190.0 32 -67 239.19499999999996 196.13199999999998 19
3480.0 352.5779999999999 18 3480.0 -40.0 8 -61 145.40099999999995 150.717 4
4070.0 505.66900000000004 19 4170.0 -100.0 15 -82 215.96 186.96799999999996 10
3570.0 398.3969999999998 15 3570.0 0.0 0 -74 160.61899999999997 162.899 0
4550.0 390.3880000000001 17 4770.0 -235.0 35 -77 144.13099999999994 185.51399999999995 17
4470.0 444.8880000000001 14 4470.0 -120.0 25 -74 191.29899999999995 195.7629999999999 12
4835.0 502.262 19 4950.0 -265.0 35 -92 182.84899999999996 211.08899999999994 49
6600.0 655.3229999999998 18 6960.0 -370.0 77 -115 294.231 268.608 37
5920.0 561.968 20 6000.0 -80.0 11 -97 221.69400000000005 257.82399999999996 8
4290.0 443.03200000000004 14 4290.0 0.0 0 -80 202.48100000000002 173.64299999999994 0
6120.0 587.1899999999999 23 6180.0 -195.0 34 -104 241.81799999999987 262.036 15
6560.0 626.3540000000005 18 6930.0 -440.0 51 -116 271.197 249.81599999999986 44
4890.0 596.0489999999998 20 5040.0 -150.0 13 -106 262.485 218.8579999999999 15
3510.0 474.02499999999986 16 3930.0 -420.0 69 -75 153.77100000000002 165.93699999999998 42
4740.0 441.04899999999986 21 4740.0 -150.0 31 -66 207.42899999999997 199.60199999999998 15
4820.0 604.8199999999998 20 5280.0 -490.0 66 -89 295.852 216.4359999999999 49
3910.0 516.8539999999999 18 4110.0 -200.0 31 -80 234.53699999999998 176.34599999999998 20
4860.0 497.4849999999999 25 4860.0 0.0 0 -78 225.75499999999997 208.37199999999996 0
4260.0 596.9060000000002 20 4260.0 -150.0 31 -80 312.156 207.06600000000003 15
4340.0 520.1830000000002 17 4620.0 -280.0 33 -90 211.68099999999998 208.37199999999996 28
2910.0 358.0129999999998 15 3210.0 -330.0 29 -58 159.583 146.64899999999997 33
4690.0 515.1439999999999 22 4950.0 -300.0 44 -88 235.23799999999997 197.40099999999995 30
6080.0 716.6680000000001 19 6390.0 -350.0 53 -114 295.096 281.24099999999993 35
4620.0 446.7480000000001 16 4740.0 -120.0 24 -84 155.66099999999997 203.87499999999997 12
3570.0 349.97099999999995 16 3570.0 0.0 0 -69 121.854 162.88099999999997 0
5530.0 617.7239999999998 21 5730.0 -200.0 24 -89 284.135 255.5 20
3730.0 1504.3509999999992 17 4650.0 -1040.0 75 -81 216.74399999999997 204.82499999999996 116
3990.0 439.0629999999999 17 3990.0 0.0 0 -82 175.98499999999999 180.304 0
5375.0 557.1779999999998 20 5520.0 -145.0 15 -82 286.0379999999999 218.25699999999992 12
4440.0 512.9549999999997 20 4770.0 -330.0 38 -91 204.61599999999999 213.73 33
3260.0 398.8949999999999 12 3360.0 -100.0 8 -83 137.06499999999997 152.62399999999997 10
5970.0 626.3349999999998 23 6270.0 -300.0 39 -103 273.227 261.128 30
3705.0 501.3910000000001 20 4020.0 -325.0 50 -81 198.84399999999997 183.532 32
5050.0 635.2029999999999 22 5430.0 -380.0 38 -106 256.8279999999999 250.32099999999997 38
4770.0 561.841 23 4770.0 -55.0 7 -90 269.2489999999999 217.688 11
4810.0 482.912 17 4920.0 -110.0 14 -90 195.319 205.94500000000002 11
3090.0 438.77300000000014 18 3120.0 -30.0 6 -68 204.53799999999998 144.34799999999998 3
4000.0 827.7960000000002 14 4260.0 -260.0 18 -78 157.68999999999997 191.547 26
5430.0 637.093 19 5430.0 0.0 0 -100 299.1479999999999 244.69199999999992 0
4400.0 485.23999999999995 16 4620.0 -220.0 18 -93 172.00499999999997 204.30899999999997 22
4210.0 521.5179999999999 21 4830.0 -680.0 64 -86 216.33199999999994 222.75300000000001 68
3460.0 346.915 15 3540.0 -200.0 32 -73 128.37699999999998 137.684 20
5700.0 581.7329999999998 24 5820.0 -120.0 15 -102 253.486 242.73799999999997 10
5410.0 593.1970000000001 20 5520.0 -200.0 30 -101 258.54999999999995 222.68599999999998 20
4760.0 507.332 20 4830.0 -70.0 7 -78 216.69800000000006 208.56599999999995 7
5660.0 632.8850000000004 21 5850.0 -190.0 33 -105 279.37299999999993 247.54500000000002 18
4410.0 444.58200000000005 18 4590.0 -190.0 39 -77 179.81199999999998 204.04199999999997 19
4110.0 411.06899999999996 16 4110.0 0.0 0 -76 157.758 178.744 0
4540.0 466.199 21 4560.0 -20.0 1 -87 185.197 192.611 2
5210.0 533.0989999999999 17 5370.0 -160.0 19 -104 192.407 208.64600000000002 16
3725.0 532.1320000000001 18 4140.0 -415.0 39 -86 225.36100000000005 195.80499999999995 40
4605.0 504.16200000000003 19 4650.0 -225.0 29 -79 222.53299999999993 206.88699999999994 40
5090.0 620.348 18 5220.0 -130.0 26 -106 236.435 222.798 13
4380.0 566.8799999999999 18 4530.0 -150.0 21 -94 246.14499999999998 199.82899999999992 15
6270.0 643.604 21 6390.0 -120.0 24 -121 231.78699999999998 275.763 12
4050.0 454.2789999999999 20 4110.0 -60.0 11 -73 205.48800000000006 170.37299999999996 5
4570.0 457.09299999999996 20 4590.0 -20.0 1 -76 216.37000000000003 183.24599999999995 2
4730.0 512.29 17 4770.0 -40.0 8 -85 229.277 211.60299999999998 4
4190.0 551.8009999999999 20 4560.0 -370.0 75 -83 239.49599999999995 219.83199999999997 37
4000.0 395.32899999999995 14 4170.0 -190.0 38 -84 108.91399999999999 186.11599999999999 19
4160.0 630.6619999999998 14 4950.0 -820.0 83 -117 169.806 178.74699999999999 82
4100.0 506.19199999999995 16 4500.0 -490.0 43 -64 180.15 210.463 49
3350.0 388.9659999999999 15 3450.0 -250.0 25 -66 120.84499999999997 143.64100000000002 23
3560.0 557.4149999999998 16 4110.0 -570.0 62 -88 244.72199999999992 179.61299999999997 57
5110.0 621.018 18 5250.0 -380.0 76 -116 238.00799999999995 227.50799999999998 38
5735.0 611.2650000000001 22 5820.0 -85.0 15 -97 277.027 261.56299999999993 7
5700.0 696.9099999999999 25 6060.0 -360.0 48 -103 327.4089999999999 274.18999999999994 36
5730.0 597.622 25 5850.0 -200.0 16 -99 248.31699999999987 267.6069999999999 20
4280.0 475.604 17 4440.0 -160.0 14 -85 210.01300000000003 186.247 16
5915.0 606.7460000000001 19 6270.0 -355.0 51 -106 233.57300000000004 243.96899999999997 34
4160.0 448.481 18 4380.0 -265.0 71 -73 190.26599999999996 178.181 33
4980.0 502.98799999999983 20 5100.0 -120.0 10 -90 214.91799999999995 214.941 12
5560.0 679.0059999999999 19 6120.0 -560.0 96 -97 290.5859999999999 274.4209999999999 56
4080.0 533.558 19 4230.0 -190.0 38 -91 228.55699999999996 175.771 19
4110.0 448.6049999999999 18 4290.0 -180.0 24 -83 188.30299999999997 174.64800000000002 18
4830.0 647.4230000000001 21 5040.0 -210.0 35 -109 292.34899999999993 221.30400000000006 21
4520.0 450.2029999999998 18 4530.0 -10.0 2 -74 188.24200000000002 186.29099999999997 1
4500.0 493.9470000000002 18 4740.0 -290.0 26 -76 213.70799999999994 211.55599999999998 29
4950.0 499.82000000000005 18 4950.0 0.0 0 -82 208.759 224.746 0
5700.0 594.5060000000003 19 5820.0 -120.0 24 -100 242.469 242.07299999999995 12
4230.0 620.9369999999999 18 4950.0 -720.0 40 -88 167.60899999999998 166.54199999999994 129
4410.0 471.74399999999997 18 4470.0 -60.0 5 -76 202.623 204.43799999999996 6
6630.0 676.2440000000001 23 6810.0 -280.0 27 -115 245.36099999999996 287.643 27
3540.0 461.50399999999996 16 3720.0 -240.0 28 -82 162.97799999999998 155.288 24
3745.0 451.44100000000003 20 3870.0 -125.0 10 -58 240.25399999999993 164.43600000000004 12
3590.0 481.65699999999987 23 3810.0 -220.0 36 -84 203.585 175.56 22
3810.0 388.51399999999995 13 3810.0 0.0 0 -80 135.501 165.428 0
5430.0 592.6809999999998 21 5550.0 -120.0 24 -113 208.96499999999995 237.932 12
4770.0 566.8320000000001 18 4860.0 -90.0 18 -101 222.798 233.521 9
4240.0 566.3080000000001 18 4740.0 -500.0 44 -94 252.74900000000002 206.608 50
4850.0 611.282 23 4950.0 -100.0 8 -90 301.426 224.48899999999992 10
4970.0 574.347 15 5370.0 -400.0 53 -93 229.2369999999999 252.315 40
4920.0 480.959 16 5040.0 -120.0 15 -84 175.488 227.558 12
4490.0 608.2299999999999 20 4710.0 -220.0 25 -91 222.21499999999995 217.283 21
4320.0 491.64499999999987 18 4410.0 -250.0 27 -92 187.34199999999998 194.673 25
4870.0 476.1640000000001 20 5040.0 -230.0 31 -88 186.46699999999998 196.06699999999998 23
4480.0 479.90199999999993 15 4680.0 -220.0 45 -79 189.76700000000002 212.802 22
5280.0 571.8219999999998 21 5580.0 -310.0 49 -91 263.67599999999993 236.80999999999997 31
4770.0 476.3070000000001 14 4770.0 0.0 0 -83 192.8329999999999 211.42199999999997 0
5390.0 592.306 22 5610.0 -340.0 69 -97 225.08899999999997 243.03499999999997 34
4330.0 480.05600000000015 17 4770.0 -440.0 69 -89 197.93499999999995 183.33299999999994 37
4710.0 480.2049999999999 17 4710.0 -180.0 16 -86 210.01099999999994 185.218 18
4510.0 530.306 20 4650.0 -300.0 61 -97 207.958 191.214 30
4680.0 425.22599999999994 19 4680.0 -150.0 31 -77 176.67999999999998 190.44699999999997 15
4180.0 534.7009999999999 25 4470.0 -305.0 43 -81 211.49299999999997 194.876 26
3680.0 423.5429999999999 15 3930.0 -250.0 21 -67 197.35900000000004 170.19899999999996 25
3970.0 410.12099999999987 21 3990.0 -140.0 12 -64 190.60499999999993 171.07600000000002 14
5090.0 570.2590000000001 17 5370.0 -280.0 34 -102 226.13299999999998 227.0219999999999 27
5550.0 570.0970000000001 19 5550.0 0.0 0 -92 261.9379999999999 243.39999999999998 0
4700.0 431.8869999999999 20 4740.0 -275.0 10 -80 178.48300000000003 185.486 51
4400.0 534.84 17 4410.0 -10.0 2 -89 236.10099999999994 193.53599999999997 1
3860.0 450.93499999999983 20 3990.0 -130.0 18 -75 198.71399999999994 181.31499999999997 10
3960.0 390.02200000000005 15 3960.0 0.0 0 -61 171.37399999999994 176.34599999999998 0
3660.0 510.907 17 3810.0 -150.0 10 -69 168.49599999999995 159.18899999999994 15
4280.0 460.06600000000003 15 4440.0 -280.0 25 -77 196.28099999999995 196.34199999999998 28
4260.0 525.144 19 4440.0 -320.0 66 -84 222.81799999999998 195.3599999999999 32
4100.0 443.5100000000001 17 4230.0 -130.0 23 -80 164.347 185.08599999999996 13
4400.0 529.3889999999999 21 4560.0 -160.0 16 -85 253.03300000000002 190.79200000000003 16
4830.0 576.13 20 4860.0 -30.0 6 -95 255.69899999999996 222.54699999999997 3
4540.0 466.91899999999987 19 4620.0 -80.0 9 -83 194.414 199.97699999999995 8
5385.0 491.6379999999999 17 5520.0 -135.0 23 -103 191.08099999999996 206.444 10
6170.0 704.146 24 6510.0 -380.0 38 -123 256.04499999999996 289.52099999999996 38
4430.0 492.22399999999993 19 4470.0 -40.0 8 -87 202.795 196.82299999999995 4
4770.0 571.3109999999998 22 4920.0 -190.0 38 -93 261.72599999999994 216.29500000000002 19
4365.0 853.8179999999998 18 4620.0 -255.0 28 -88 245.94499999999996 218.36399999999992 51
5130.0 614.408 24 5250.0 -120.0 18 -107 262.107 225.671 12
2850.0 449.232 13 3150.0 -300.0 25 -85 167.743 138.867 30
5360.0 564.923 21 5430.0 -70.0 13 -84 255.403 234.84499999999997 8
4550.0 476.08700000000005 15 4680.0 -130.0 20 -84 186.22899999999996 164.881 13
4220.0 581.748 15 4410.0 -190.0 39 -100 239.008 211.147 19
5120.0 656.3840000000002 21 5190.0 -70.0 14 -100 293.2829999999999 246.59500000000003 7
4410.0 452.71000000000004 17 4650.0 -240.0 23 -83 169.798 191.124 24
4335.0 446.6089999999998 20 4560.0 -305.0 35 -73 185.49399999999997 200.299 27
4170.0 2321.061000000001 18 4980.0 -900.0 82 -91 250.90599999999992 218.42800000000003 90
4300.0 461.98999999999984 16 4350.0 -170.0 52 -88 173.196 181.12999999999994 13
6450.0 625.0809999999999 18 6630.0 -180.0 27 -120 246.179 262.32499999999993 18
2955.0 1703.6599999999985 11 4440.0 -1485.0 78 -88 158.094 163.79199999999997 226
3390.0 516.842 16 3690.0 -350.0 62 -76 187.90799999999996 177.40400000000002 35
5090.0 481.37000000000006 20 5190.0 -160.0 25 -92 200.82800000000003 194.14899999999997 16
4690.0 470.431 19 4770.0 -80.0 7 -82 208.44299999999993 191.38699999999992 8
4720.0 478.4409999999999 18 4890.0 -170.0 15 -76 220.39399999999995 193.81700000000004 17
3340.0 446.57399999999996 13 3660.0 -420.0 38 -76 221.18500000000003 130.39999999999995 42
3185.0 543.1509999999998 16 4200.0 -1395.0 56 -76 179.77499999999998 182.442 270
5200.0 629.5149999999998 29 5550.0 -350.0 38 -103 284.558 240.91799999999992 35
4620.0 479.33599999999984 22 4620.0 0.0 0 -76 221.29199999999994 206.40399999999997 0
4250.0 527.1639999999999 18 4440.0 -190.0 23 -94 204.09800000000007 205.58100000000002 19
5340.0 632.119 25 5760.0 -430.0 69 -99 257.80199999999996 248.813 43
4170.0 508.47 20 4380.0 -210.0 29 -85 224.01300000000003 183.82300000000004 21
3150.0 473.551 17 3690.0 -540.0 71 -72 212.6779999999999 170.78200000000004 56
3940.0 474.27199999999993 19 4170.0 -280.0 54 -71 221.183 180.186 28
4560.0 543.906 20 4620.0 -60.0 9 -95 216.89599999999996 216.15499999999997 6
4500.0 542.8889999999999 15 4560.0 -60.0 12 -94 205.61799999999994 218.13699999999997 6
4990.0 513.577 19 5010.0 -20.0 4 -80 238.31899999999993 214.12600000000003 2
4170.0 442.297 19 4170.0 -60.0 12 -77 172.39399999999998 191.298 6
4660.0 582.8709999999999 23 4920.0 -270.0 49 -94 262.465 192.88499999999996 27
5530.0 596.8249999999998 23 5610.0 -80.0 13 -101 274.06899999999996 225.825 8
3680.0 515.8390000000002 19 3870.0 -190.0 25 -79 226.46800000000002 182.78199999999998 19
5010.0 556.113 20 5070.0 -60.0 12 -100 234.88400000000001 220.94799999999998 6
3640.0 405.35899999999987 17 3840.0 -210.0 36 -68 159.96799999999996 178.56300000000002 21
2990.0 443.89799999999997 15 3120.0 -130.0 19 -67 224.49599999999998 143.29399999999998 13
4640.0 427.23699999999997 20 4800.0 -160.0 16 -75 180.28599999999997 200.29099999999994 16
4600.0 471.19399999999996 13 4650.0 -50.0 6 -96 169.02799999999996 195.26999999999998 5
4140.0 433.6169999999999 18 4230.0 -270.0 34 -78 178.07199999999997 179.59499999999994 27
5250.0 612.0790000000001 15 5430.0 -180.0 21 -100 205.92499999999995 222.654 18
6790.0 564.4649999999998 22 7050.0 -300.0 48 -109 240.98599999999996 253.26599999999996 27
3960.0 429.7049999999999 18 4080.0 -270.0 24 -61 223.30899999999997 168.74599999999995 27
3940.0 476.371 15 3990.0 -200.0 41 -79 185.442 194.71899999999994 20
4960.0 434.81999999999994 16 4980.0 -290.0 60 -77 191.686 187.674 29
4240.0 517.585 20 4290.0 -190.0 22 -82 211.73999999999995 207.278 19
4840.0 548.894 16 4920.0 -80.0 16 -106 214.44299999999996 195.72099999999995 8
3120.0 798.9060000000003 17 3630.0 -510.0 36 -83 140.15199999999996 157.83599999999998 51
5430.0 429.69099999999986 19 5430.0 0.0 0 -84 204.91899999999995 175.69099999999997 0
5380.0 497.31500000000005 19 5400.0 -20.0 4 -86 199.346 223.24999999999991 2
4395.0 750.6539999999997 13 5040.0 -745.0 85 -125 189.343 195.24099999999999 93
4370.0 510.7490000000001 20 4440.0 -70.0 14 -76 217.3219999999999 211.49799999999993 7
5150.0 564.9739999999999 22 5250.0 -310.0 58 -89 248.05999999999995 236.07599999999994 31
4440.0 489.38200000000006 13 4560.0 -240.0 44 -92 166.10699999999994 187.72399999999996 24
3930.0 468.25600000000003 16 4170.0 -390.0 46 -85 181.46099999999998 176.43499999999997 39
4520.0 644.322 21 5160.0 -640.0 85 -94 249.916 187.473 64
4610.0 577.9300000000001 20 4860.0 -270.0 50 -94 218.272 214.427 26
4420.0 644.996 18 4530.0 -110.0 7 -86 202.322 186.325 11
5090.0 463.69599999999997 24 5190.0 -140.0 28 -83 191.042 204.27399999999997 14
4760.0 483.34800000000007 19 4800.0 -40.0 3 -82 202.4679999999999 223.72699999999998 4
5210.0 636.5610000000001 23 5250.0 -40.0 8 -102 287.0009999999999 241.16099999999992 4
3070.0 408.902 19 3090.0 -20.0 1 -62 204.041 142.04299999999998 2
4430.0 468.44599999999986 16 4740.0 -410.0 36 -82 187.41199999999995 207.39199999999997 41
5510.0 490.5210000000001 22 5580.0 -150.0 30 -99 171.074 216.7729999999999 15
4320.0 489.2199999999999 23 4320.0 0.0 0 -81 217.5 195.74099999999993 0
4970.0 470.8359999999998 23 5010.0 -40.0 3 -71 232.89999999999995 197.785 4
5900.0 645.2450000000001 25 6180.0 -300.0 50 -107 280.7209999999999 256.16600000000005 27
5230.0 535.9769999999997 16 5460.0 -230.0 30 -89 239.07 241.55399999999995 23
5240.0 547.6890000000001 19 5670.0 -535.0 89 -110 188.137 200.538 41
5530.0 531.9550000000002 19 5700.0 -170.0 26 -91 232.08599999999998 213.463 17
4980.0 508.08399999999983 15 5040.0 -300.0 32 -86 222.92799999999997 224.08199999999997 28
5390.0 580.7140000000002 24 5430.0 -40.0 8 -106 238.90599999999992 225.06899999999996 4
3690.0 392.7169999999998 20 3720.0 -240.0 40 -61 193.08100000000002 153.77699999999996 16
5570.0 572.151 17 5640.0 -70.0 14 -84 250.42299999999994 233.539 7
3550.0 419.15500000000003 14 3660.0 -110.0 19 -66 176.56599999999997 165.14599999999993 11
3645.0 445.87899999999996 16 3930.0 -285.0 30 -79 176.82199999999997 175.24599999999995 25
5870.0 737.4879999999998 21 6000.0 -410.0 65 -107 288.00500000000005 256.69599999999997 38
5760.0 684.1069999999997 26 5760.0 0.0 0 -101 330.3199999999999 275.76599999999996 0
5340.0 584.7699999999999 20 5670.0 -350.0 72 -103 206.99099999999996 260.258 35
4840.0 549.6950000000002 23 5070.0 -230.0 20 -75 239.23699999999997 222.55099999999996 23
5740.0 624.0610000000001 23 6030.0 -310.0 55 -103 256.70799999999997 262.839 31
4700.0 609.506 17 4920.0 -220.0 23 -100 251.29 223.418 22
4050.0 451.37399999999997 19 4050.0 0.0 0 -77 217.05899999999994 156.732 0
5030.0 600.1829999999999 17 5130.0 -100.0 13 -103 227.91 252.534 9
3260.0 674.3469999999998 16 3930.0 -750.0 47 -84 200.71499999999992 187.596 75
3450.0 391.7999999999997 15 3720.0 -470.0 41 -67 157.62099999999998 162.67699999999996 47
3960.0 477.8289999999999 16 3960.0 0.0 0 -87 202.54999999999998 180.88499999999996 0
5425.0 566.2670000000002 22 5610.0 -185.0 33 -107 226.69199999999992 223.28499999999994 18
4070.0 439.9980000000001 17 4230.0 -160.0 13 -68 180.19099999999997 174.12399999999997 16
4980.0 511.3179999999999 22 5190.0 -230.0 47 -89 221.081 220.76399999999998 23
4540.0 548.5830000000001 19 4650.0 -110.0 11 -92 226.55800000000002 211.82300000000004 11
3540.0 350.29300000000006 16 3540.0 0.0 0 -60 142.421 163.345 0
4740.0 470.66299999999995 19 4740.0 0.0 0 -72 233.1529999999999 187.983 0
5360.0 527.9140000000001 19 5490.0 -130.0 11 -82 242.52699999999993 225.90299999999993 13
5000.0 596.0029999999998 16 5130.0 -190.0 38 -107 226.59699999999998 226.69199999999992 19
4820.0 534.3139999999997 19 4950.0 -130.0 26 -93 186.91299999999998 227.092 13
3520.0 392.9689999999999 19 3540.0 -20.0 4 -68 178.20399999999998 151.82399999999998 2
5420.0 522.717 19 5640.0 -280.0 24 -79 225.78199999999995 250.81599999999992 28
3720.0 500.1719999999999 20 3870.0 -150.0 18 -72 239.95199999999997 146.81999999999996 15
6120.0 554.651 21 6120.0 0.0 0 -90 256.617 247.56699999999995 0
4560.0 419.1309999999999 19 4560.0 0.0 0 -80 184.12199999999993 166.09600000000003 0
5730.0 577.4830000000002 20 5850.0 -120.0 20 -100 253.19299999999998 243.52199999999996 8
3200.0 390.776 18 3720.0 -540.0 47 -69 167.20799999999997 155.50799999999998 54
5090.0 589.5939999999999 16 5400.0 -310.0 37 -96 262.904 238.864 31
5460.0 506.8069999999999 22 5460.0 0.0 0 -84 237.44899999999998 218.68499999999995 0
6150.0 559.198 23 6360.0 -210.0 17 -109 239.67499999999998 222.92399999999995 21
4380.0 491.9159999999999 19 4410.0 -30.0 5 -96 179.61699999999996 197.75599999999997 2
6470.0 627.2779999999999 21 6540.0 -70.0 14 -101 277.204 285.083 7
3900.0 463.38199999999995 19 4140.0 -240.0 21 -71 213.513 188.84599999999995 24
5100.0 505.69000000000017 19 5130.0 -30.0 6 -85 223.736 220.14399999999992 3
4040.0 421.52199999999993 16 4290.0 -250.0 23 -73 170.93099999999998 176.10899999999998 25
4350.0 554.1839999999999 15 4500.0 -150.0 27 -99 191.545 215.72799999999995 15
3160.0 356.0990000000001 14 3420.0 -290.0 32 -65 144.452 144.19899999999998 29
4895.0 543.4910000000001 20 5130.0 -235.0 36 -89 252.84199999999996 196.267 23
3950.0 455.99399999999997 15 4080.0 -330.0 60 -78 189.42899999999992 179.78199999999995 33
5380.0 667.2269999999996 22 5610.0 -230.0 30 -105 266.1099999999999 255.856 22
4580.0 553.1889999999997 18 4650.0 -70.0 14 -82 278.3649999999999 201.56099999999998 7
4630.0 512.8899999999998 22 4770.0 -180.0 37 -80 245.44399999999996 205.31599999999997 18
4350.0 476.6419999999998 17 4590.0 -320.0 29 -64 217.60199999999992 215.588 32
4675.0 568.731 20 4740.0 -65.0 11 -100 228.377 218.27099999999993 5
5190.0 528.805 21 5190.0 0.0 0 -79 261.87499999999994 221.858 0
4700.0 558.172 21 4740.0 -40.0 8 -103 243.90399999999997 206.96999999999994 4
4530.0 529.6780000000001 20 4590.0 -60.0 5 -82 252.94599999999994 203.69799999999995 6
4555.0 574.9749999999997 16 5280.0 -755.0 81 -96 244.46099999999998 210.45899999999997 71
3140.0 375.013 14 3210.0 -70.0 13 -69 145.79300000000003 141.38999999999996 6
3620.0 441.9249999999999 20 3810.0 -230.0 21 -63 216.14499999999998 174.44899999999998 22
4515.0 529.8519999999999 21 4740.0 -375.0 41 -86 230.93699999999995 206.70999999999992 37
5220.0 593.382 22 5400.0 -180.0 33 -103 243.44199999999995 227.62599999999998 18
3870.0 543.557 17 4650.0 -810.0 72 -83 199.477 171.771 84
5180.0 607.2630000000001 20 5400.0 -220.0 32 -94 274.47900000000004 236.55500000000006 22
4510.0 464.20300000000003 17 4560.0 -190.0 22 -87 162.52499999999998 199.76699999999994 19
5610.0 531.8610000000001 18 5730.0 -140.0 29 -82 238.33999999999992 252.04099999999994 14
5280.0 550.341 21 5340.0 -60.0 12 -89 253.41599999999994 223.75799999999998 6
6530.0 617.7330000000002 22 6600.0 -250.0 51 -90 293.70799999999997 279.2409999999998 25
4070.0 640.921 21 4350.0 -280.0 44 -112 241.954 197.94100000000006 28
5490.0 632.9409999999999 23 5580.0 -90.0 18 -101 291.64899999999994 233.62900000000002 9
3940.0 500.104 18 4200.0 -260.0 29 -89 195.88399999999993 189.817 26
6600.0 752.1329999999998 19 6810.0 -210.0 36 -126 321.6249999999999 287.351 21
5050.0 540.254 15 5160.0 -110.0 15 -89 233.00699999999995 221.17800000000003 11
4620.0 461.103 18 4620.0 0.0 0 -80 191.562 201.73599999999996 0
3615.0 392.175 15 3750.0 -145.0 29 -66 162.305 167.852 14
4280.0 529.2390000000001 18 4350.0 -220.0 45 -86 225.53799999999998 193.497 22
6230.0 674.4350000000002 23 6330.0 -100.0 20 -115 267.444 272.77099999999996 10
4180.0 522.8320000000001 22 4350.0 -190.0 39 -90 219.33199999999994 190.18199999999996 19
5630.0 570.3889999999999 24 5730.0 -100.0 9 -104 245.90799999999996 247.09099999999998 10
3930.0 543.5449999999996 16 4650.0 -760.0 69 -85 177.51199999999997 194.94199999999992 76
5690.0 597.4249999999998 21 5760.0 -70.0 14 -108 211.66099999999997 260.369 7
3850.0 366.88300000000004 16 3900.0 -50.0 10 -75 147.50099999999998 150.15599999999995 5
3800.0 516.966 21 4020.0 -300.0 43 -86 238.80799999999996 176.33299999999997 30
4100.0 555.3339999999998 20 4740.0 -670.0 68 -98 175.52 205.197 67
5710.0 1371.1660000000013 20 6420.0 -750.0 66 -116 242.79699999999997 260.423 75
5390.0 534.1579999999999 22 5550.0 -200.0 37 -90 232.66 226.996 20
4020.0 449.16900000000004 19 4140.0 -370.0 32 -63 208.48999999999998 199.36699999999996 37
4150.0 481.73099999999994 19 4230.0 -80.0 16 -77 187.06300000000002 194.40599999999998 8
5490.0 661.9420000000002 23 5610.0 -120.0 15 -99 287.2839999999999 235.10699999999994 10
4010.0 437.19999999999993 16 4050.0 -40.0 8 -73 159.65200000000002 188.78900000000002 4
4400.0 423.916 18 4500.0 -100.0 13 -76 177.906 174.59400000000002 10
5910.0 696.1999999999999 23 6030.0 -200.0 28 -105 310.67499999999995 276.9369999999999 20
5200.0 508.133 22 5220.0 -50.0 10 -75 234.98299999999995 232.06 5
3640.0 463.24300000000005 18 3780.0 -230.0 30 -75 174.29800000000003 188.20799999999997 23
5110.0 539.475 25 5190.0 -80.0 16 -77 257.24 235.14000000000001 8
4450.0 471.80199999999985 18 4650.0 -350.0 47 -83 212.701 191.01199999999997 35
5490.0 545.6949999999999 20 5760.0 -270.0 24 -95 217.45399999999998 232.3299999999999 27
4980.0 534.314 20 5010.0 -30.0 6 -92 228.253 207.93200000000002 3
4550.0 481.7770000000001 16 4710.0 -220.0 21 -77 212.875 208.053 22
4340.0 537.7209999999999 23 4470.0 -130.0 14 -79 257.773 203.79399999999998 13
