3915.0 515.645 19 4380.0 -465.0 70 -78 212.594 191.183 48
5390.0 635.1569999999998 17 5970.0 -580.0 77 -110 198.39799999999997 254.69000000000003 58
3800.0 467.53400000000005 18 4080.0 -280.0 54 -77 199.29199999999997 178.23299999999992 28
2570.0 408.436 11 2970.0 -400.0 76 -79 105.662 121.174 36
4910.0 553.926 21 5160.0 -250.0 51 -90 252.98899999999995 212.08999999999995 25
4955.0 547.058 19 5340.0 -385.0 66 -95 243.91199999999995 203.93 28
4150.0 556.5509999999999 17 4560.0 -410.0 65 -92 201.682 207.557 41
4410.0 571.3679999999999 23 4890.0 -480.0 77 -82 249.24700000000004 193.33299999999997 48
4820.0 617.6009999999998 24 5190.0 -370.0 56 -87 273.64099999999996 232.36499999999998 26
4280.0 494.23799999999994 15 4680.0 -400.0 81 -87 178.84999999999994 173.38599999999994 40
3060.0 432.00399999999996 14 3630.0 -590.0 94 -70 141.56599999999997 141.88699999999994 59
3270.0 361.87799999999993 18 3540.0 -270.0 55 -64 135.523 160.37299999999996 27
4260.0 469.02799999999985 19 4590.0 -330.0 60 -68 198.16399999999993 177.60899999999995 33
3530.0 559.0569999999999 19 3990.0 -460.0 75 -76 206.07999999999993 176.547 58
6080.0 496.169 17 6420.0 -340.0 59 -82 230.06099999999998 222.33699999999993 34
4320.0 546.996 18 4680.0 -360.0 73 -90 207.55999999999997 219.57799999999997 36
4230.0 463.94599999999997 20 4740.0 -510.0 69 -66 186.59999999999994 191.375 39
4610.0 547.2399999999999 16 5040.0 -430.0 80 -82 223.68199999999996 218.519 43
5530.0 584.4700000000003 21 6270.0 -840.0 110 -107 214.683 259.502 74
3690.0 507.7979999999999 20 4020.0 -330.0 54 -78 192.0469999999999 187.65899999999996 22
4910.0 645.9749999999999 21 5430.0 -520.0 100 -97 293.07 212.51999999999995 52
4740.0 502.45400000000006 21 5040.0 -300.0 56 -87 192.245 192.39 30
3150.0 484.88700000000006 17 3720.0 -630.0 85 -64 203.46699999999996 186.857 70
4520.0 537.8809999999999 20 4800.0 -280.0 52 -80 230.45199999999997 210.97 28
4000.0 536.2379999999998 18 4440.0 -440.0 76 -82 191.20999999999992 191.55799999999988 33
5220.0 527.1920000000001 18 5610.0 -540.0 110 -98 202.38799999999995 214.95899999999997 54
4860.0 568.164 18 5250.0 -390.0 66 -82 203.78799999999998 236.39899999999992 39
3770.0 571.0059999999997 20 4140.0 -490.0 87 -88 237.858 193.325 49
3485.0 513.474 16 3840.0 -355.0 61 -84 191.88099999999997 165.504 45
4260.0 506.30299999999994 18 4530.0 -420.0 85 -75 206.6399999999999 199.22199999999998 42
4010.0 430.47099999999995 22 4380.0 -370.0 62 -57 205.26199999999997 189.092 37
3135.0 370.76800000000003 11 3450.0 -315.0 52 -55 169.19299999999996 141.53499999999997 21
4345.0 469.686 17 4800.0 -455.0 64 -68 204.709 201.4589999999999 35
4460.0 439.393 15 4770.0 -310.0 52 -66 193.47499999999994 202.87300000000005 21
3060.0 491.52299999999997 17 3390.0 -330.0 54 -64 238.58700000000002 141.548 22
4430.0 518.9229999999999 19 4740.0 -310.0 63 -80 214.17099999999996 213.78600000000006 31
3580.0 475.13699999999983 19 3930.0 -350.0 71 -68 210.95999999999995 179.15599999999998 35
5175.0 477.9799999999999 20 5490.0 -315.0 52 -82 203.91099999999997 210.06899999999996 21
5570.0 619.4629999999997 24 6000.0 -430.0 63 -107 240.13300000000004 242.57 32
3910.0 522.9659999999999 19 4590.0 -680.0 71 -90 200.24699999999996 199.661 68
4190.0 472.433 17 4620.0 -430.0 73 -70 210.296 193.48699999999997 32
4750.0 523.492 18 5040.0 -290.0 59 -83 214.91099999999997 210.11299999999994 29
3560.0 434.13699999999994 18 3930.0 -380.0 78 -68 176.17999999999995 170.352 38
3520.0 412.6070000000001 18 3780.0 -300.0 61 -65 171.48799999999997 160.34300000000002 30
4140.0 515.4159999999997 16 4530.0 -390.0 65 -85 182.52899999999997 186.73899999999998 39
5455.0 693.647 19 5880.0 -425.0 74 -99 290.33500000000004 266.999 32
4740.0 548.4369999999999 21 5010.0 -270.0 55 -79 210.211 226.89099999999993 27
4540.0 548.5129999999997 20 4950.0 -490.0 93 -85 208.19799999999998 214.843 49
4245.0 460.9339999999999 20 4620.0 -375.0 64 -62 215.25799999999995 205.00999999999993 27
3850.0 494.3769999999999 19 4200.0 -350.0 71 -76 199.50099999999992 191.28799999999998 35
3410.0 402.8389999999999 16 3870.0 -460.0 84 -68 156.701 146.219 46
1940.0 290.433 12 2190.0 -250.0 51 -39 133.34499999999997 91.38199999999998 25
4290.0 526.868 19 4620.0 -330.0 64 -70 244.38799999999995 218.099 30
3100.0 500.1769999999999 20 3810.0 -710.0 80 -83 205.47300000000004 158.92699999999996 71
4035.0 490.09399999999994 17 4350.0 -315.0 52 -81 185.23399999999992 204.49300000000002 21
3990.0 559.5789999999998 17 4320.0 -330.0 60 -68 224.00799999999995 189.92999999999992 33
4425.0 471.74299999999994 16 4770.0 -345.0 68 -75 172.88499999999993 211.69199999999998 36
4420.0 475.1569999999999 19 4680.0 -260.0 53 -78 200.545 180.165 26
5230.0 560.6669999999999 18 5760.0 -530.0 87 -87 229.81899999999996 258.18899999999996 53
4390.0 458.14499999999987 15 4770.0 -380.0 77 -79 193.83999999999995 183.87899999999996 38
4160.0 749.4250000000002 17 4680.0 -520.0 70 -86 237.20400000000004 210.404 52
3670.0 508.834 15 4290.0 -620.0 55 -73 209.87799999999996 173.84499999999994 62
2870.0 403.24600000000004 15 3270.0 -400.0 68 -72 164.76400000000004 147.536 40
3760.0 423.411 13 4050.0 -450.0 92 -66 150.331 183.26199999999992 45
5090.0 488.655 19 5340.0 -250.0 51 -80 203.58499999999998 214.83899999999997 25
4380.0 481.631 17 4770.0 -390.0 62 -76 202.99499999999995 218.667 39
4870.0 507.077 17 5250.0 -380.0 73 -79 211.54599999999994 198.841 41
4450.0 692.1780000000001 20 5070.0 -620.0 82 -98 229.8160000000001 229.32099999999997 62
3710.0 425.2419999999999 22 3960.0 -250.0 51 -56 186.47700000000003 189.392 25
3620.0 559.663 16 3990.0 -370.0 75 -73 270.2559999999999 192.61199999999997 37
2930.0 347.79499999999996 15 3210.0 -280.0 57 -54 148.51399999999998 146.90399999999997 28
5480.0 617.102 23 5790.0 -310.0 56 -90 284.0899999999999 252.392 31
3370.0 493.793 16 3720.0 -350.0 61 -83 161.99800000000002 158.91899999999998 35
5350.0 652.809 17 6000.0 -650.0 96 -108 223.01299999999992 232.697 65
4620.0 487.00200000000007 16 4890.0 -270.0 55 -83 172.35299999999995 203.969 27
4790.0 562.622 20 5190.0 -400.0 65 -77 273.45700000000005 242.34499999999997 40
4730.0 559.4509999999999 19 5220.0 -500.0 102 -84 233.57 209.26799999999994 50
3080.0 333.8449999999999 17 3330.0 -250.0 51 -54 135.10399999999998 151.47599999999997 25
4355.0 541.3990000000001 19 4800.0 -445.0 73 -78 225.72199999999995 205.726 57
4280.0 464.85999999999996 16 4620.0 -340.0 69 -84 158.84900000000002 176.76699999999997 34
2260.0 1212.176 16 3360.0 -1100.0 120 -72 184.60899999999995 150.23499999999999 123
4300.0 484.44599999999974 20 4800.0 -520.0 106 -75 204.012 206.10899999999998 52
4260.0 522.844 18 4650.0 -390.0 73 -85 218.53300000000002 189.555 34
3980.0 452.3519999999999 15 4320.0 -460.0 94 -87 172.84999999999997 173.13300000000004 46
4080.0 509.5489999999999 18 4470.0 -390.0 65 -91 176.505 172.317 39
5790.0 699.1600000000001 24 6180.0 -390.0 79 -113 300.77600000000007 260.32899999999995 39
4090.0 479.117 17 4350.0 -260.0 52 -64 218.836 194.55499999999995 26
2505.0 384.58099999999996 17 2820.0 -315.0 52 -60 178.33399999999997 120.35399999999997 21
4100.0 446.8469999999998 23 4410.0 -450.0 92 -64 208.33599999999996 182.445 45
2410.0 361.78699999999986 14 2670.0 -260.0 53 -53 160.323 126.159 26
4040.0 522.822 19 4470.0 -430.0 75 -72 231.152 202.718 42
4020.0 605.848 16 4680.0 -660.0 88 -84 146.28400000000002 180.429 66
4985.0 902.5619999999994 22 5580.0 -595.0 86 -81 307.15999999999985 245.711 55
4760.0 591.4089999999999 19 5130.0 -370.0 63 -90 214.05099999999996 225.64599999999996 37
5380.0 594.7209999999999 24 5730.0 -350.0 71 -97 240.398 251.81199999999998 35
3370.0 464.50600000000003 19 3720.0 -350.0 71 -71 217.71999999999997 166.83599999999993 35
3110.0 368.3540000000001 14 3540.0 -430.0 78 -63 155.91 134.75999999999996 43
4370.0 507.18699999999995 20 4620.0 -250.0 51 -68 242.28099999999995 199.43499999999992 25
3950.0 599.3619999999999 16 4470.0 -520.0 77 -91 203.53799999999995 203.664 42
3615.0 437.472 19 3930.0 -315.0 52 -78 187.27500000000003 153.21999999999997 21
3120.0 410.58200000000005 13 3540.0 -420.0 74 -65 177.17600000000002 170.63099999999994 32
4210.0 2430.894999999999 18 5520.0 -1400.0 132 -93 221.08999999999997 245.54 140
3010.0 918.3450000000004 19 3690.0 -740.0 82 -60 188.709 153.92899999999997 74
4800.0 548.2489999999999 16 5070.0 -270.0 52 -95 187.56199999999998 235.4739999999999 29
3585.0 364.36999999999995 16 3990.0 -405.0 70 -69 148.62199999999999 127.081 30
4340.0 462.8869999999998 17 4590.0 -250.0 51 -69 196.0759999999999 197.73599999999996 25
4740.0 580.891 22 5280.0 -620.0 126 -84 272.1020000000001 221.337 62
3460.0 511.52699999999993 16 3780.0 -320.0 56 -75 225.68699999999995 174.331 32
3730.0 452.17699999999996 22 4020.0 -290.0 58 -73 206.25499999999997 171.253 29
3250.0 459.866 16 3630.0 -380.0 77 -57 190.84399999999997 170.66499999999996 38
4630.0 587.4889999999998 19 5070.0 -440.0 89 -75 228.48699999999997 203.97499999999997 44
4340.0 478.86600000000004 16 4710.0 -490.0 85 -85 176.506 184.83099999999996 49
4125.0 690.5429999999999 20 4830.0 -705.0 129 -80 221.0289999999999 209.39800000000005 59
3650.0 475.5369999999999 18 4140.0 -500.0 102 -73 202.311 173.063 50
4530.0 448.65899999999993 18 4920.0 -390.0 79 -84 169.807 184.09999999999994 39
4160.0 440.66800000000006 23 4530.0 -370.0 56 -75 187.371 192.9849999999999 27
3780.0 331.74899999999985 14 4110.0 -330.0 54 -67 86.225 120.092 22
4340.0 499.96000000000004 17 4740.0 -400.0 75 -83 192.50599999999994 206.041 40
5600.0 547.451 18 5970.0 -370.0 75 -88 234.35700000000008 252.07799999999992 37
3990.0 474.6829999999999 18 4350.0 -360.0 72 -71 201.20199999999994 192.05099999999996 36
4080.0 495.1010000000001 14 4380.0 -300.0 56 -68 247.64499999999998 185.65600000000003 30
3750.0 495.51999999999987 16 4140.0 -690.0 92 -78 216.37099999999995 186.52899999999994 69
5360.0 713.3709999999999 15 6060.0 -700.0 97 -105 247.70899999999997 253.78000000000003 70
5000.0 483.202 17 5250.0 -250.0 51 -70 236.60199999999995 213.65499999999994 25
4440.0 426.32799999999986 15 4860.0 -420.0 77 -88 126.46999999999998 183.396 42
3670.0 411.62800000000004 16 4020.0 -350.0 59 -80 137.077 156.94899999999998 24
4735.0 535.1869999999999 18 5100.0 -365.0 71 -98 205.95299999999997 214.78899999999996 39
6000.0 616.1479999999998 19 6450.0 -450.0 82 -106 233.22199999999992 253.24699999999993 45
3380.0 490.02400000000006 16 3900.0 -540.0 94 -86 193.11499999999998 157.42700000000002 54
3260.0 433.5299999999999 17 3570.0 -310.0 63 -64 182.61199999999994 160.664 31
4060.0 466.51499999999993 20 4320.0 -260.0 53 -71 201.029 188.30199999999996 26
4350.0 487.35699999999997 13 4740.0 -390.0 79 -96 143.979 199.41699999999997 39
4180.0 536.1129999999998 21 4530.0 -395.0 76 -80 235.713 205.37199999999999 44
4230.0 534.3970000000002 18 4740.0 -510.0 92 -91 195.82899999999998 198.82099999999994 51
3730.0 415.7639999999999 17 3990.0 -260.0 53 -73 168.974 155.26199999999997 26
5910.0 814.915 22 6660.0 -750.0 75 -109 299.121 288.025 75
5490.0 599.2619999999998 20 5880.0 -390.0 59 -90 244.00699999999995 242.88299999999992 28
3640.0 422.25399999999985 18 4230.0 -610.0 92 -69 179.83499999999998 168.29299999999998 61
3230.0 421.90000000000003 19 3600.0 -380.0 78 -56 205.3579999999999 163.6 38
2930.0 365.64500000000004 17 3210.0 -400.0 62 -46 171.55599999999998 151.58099999999996 40
5370.0 507.383 24 5850.0 -500.0 89 -76 203.29699999999997 222.341 39
2970.0 399.01899999999995 19 3300.0 -330.0 54 -70 142.967 141.82999999999998 22
5190.0 530.7579999999998 21 5610.0 -430.0 87 -73 247.76500000000001 234.724 43
2610.0 368.1050000000001 12 3120.0 -600.0 80 -58 158.46899999999997 144.66999999999996 48
5565.0 639.8470000000001 21 6060.0 -525.0 89 -102 256.844 251.43299999999996 42
6670.0 670.8269999999999 21 7020.0 -350.0 71 -107 251.10399999999996 302.32099999999997 35
3920.0 516.578 20 4380.0 -460.0 79 -78 207.442 200.20300000000003 46
5170.0 652.1339999999999 20 5550.0 -380.0 74 -101 269.52099999999996 236.84399999999997 40
4790.0 536.4150000000001 21 5130.0 -340.0 69 -78 236.53299999999993 215.96899999999994 34
5660.0 580.838 25 5970.0 -395.0 70 -98 224.88099999999997 251.299 48
4440.0 492.46 18 4800.0 -390.0 72 -85 178.52999999999992 196.17999999999995 39
3750.0 382.2089999999999 17 4080.0 -330.0 55 -61 167.50199999999998 160.184 22
4640.0 538.8449999999999 19 5070.0 -430.0 71 -76 233.783 219.80899999999997 43
4870.0 538.3469999999999 18 5220.0 -350.0 70 -88 215.59099999999998 200.97699999999998 35
3960.0 506.30400000000003 18 4260.0 -300.0 61 -82 233.05999999999997 178.78699999999998 30
5110.0 624.9620000000002 20 5580.0 -490.0 83 -91 220.79299999999998 215.60499999999996 49
4180.0 489.17400000000004 16 4440.0 -260.0 53 -81 198.80799999999994 189.94400000000002 26
4430.0 547.0250000000001 17 4920.0 -490.0 73 -78 240.22500000000005 218.139 49
3490.0 469.17599999999993 16 4140.0 -650.0 87 -85 173.54000000000002 158.88199999999995 56
2490.0 435.4529999999998 17 2760.0 -270.0 55 -58 201.22599999999997 126.14999999999995 27
4430.0 532.3289999999998 15 4860.0 -430.0 68 -88 181.46800000000002 201.89399999999998 43
4110.0 631.9699999999999 17 4440.0 -330.0 66 -91 228.82399999999998 214.43899999999996 33
3630.0 435.07900000000006 13 4020.0 -390.0 79 -86 137.295 170.37199999999999 39
3560.0 514.175 17 3930.0 -400.0 80 -88 192.57099999999997 156.839 39
2840.0 345.111 17 3150.0 -310.0 63 -62 123.42699999999996 131.414 31
5300.0 605.215 20 5640.0 -340.0 60 -99 218.24799999999996 257.542 34
3900.0 505.12899999999996 19 4380.0 -480.0 84 -88 209.464 190.509 42
3470.0 459.65799999999996 17 3960.0 -490.0 69 -67 201.21099999999998 188.36700000000005 38
3430.0 420.539 15 3900.0 -520.0 76 -71 160.002 171.38099999999994 52
4905.0 564.0030000000002 22 5370.0 -465.0 87 -95 217.745 206.206 40
2350.0 1229.587999999999 13 3300.0 -950.0 97 -53 155.39200000000002 141.50800000000004 95
6890.0 588.4490000000002 17 7290.0 -670.0 126 -124 176.79500000000004 266.03999999999996 58
5290.0 576.6569999999999 21 5610.0 -320.0 57 -83 262.6129999999999 242.299 32
4790.0 489.5099999999999 20 5040.0 -340.0 69 -77 221.16599999999997 210.83499999999998 34
5235.0 624.5880000000002 19 5550.0 -315.0 52 -83 298.86499999999995 250.58699999999996 21
3030.0 420.9669999999998 15 3390.0 -360.0 59 -58 195.218 132.605 24
4610.0 522.1410000000002 20 4860.0 -250.0 51 -90 211.76099999999997 207.415 25
3070.0 351.69899999999996 17 3330.0 -260.0 53 -59 143.99599999999995 141.21300000000002 26
5320.0 574.8849999999999 19 5790.0 -590.0 103 -97 227.58499999999995 243.83299999999997 59
4070.0 542.979 19 4470.0 -400.0 64 -86 236.318 191.27200000000005 40
3540.0 438.637 16 3870.0 -330.0 54 -74 137.78799999999995 173.86 22
4590.0 472.04900000000004 20 4860.0 -270.0 54 -83 169.54699999999997 195.40299999999993 27
4315.0 657.3340000000002 18 4860.0 -545.0 102 -102 269.44899999999996 217.25599999999991 48
4315.0 522.6369999999998 19 4680.0 -365.0 62 -87 214.38199999999995 208.19799999999998 26
4580.0 566.6689999999998 22 4920.0 -340.0 69 -96 219.938 220.978 34
4530.0 526.0600000000001 14 4980.0 -450.0 79 -71 212.50699999999998 228.86900000000003 45
6050.0 616.1759999999998 21 6540.0 -490.0 64 -84 285.21799999999996 270.22099999999995 49
4630.0 630.856 23 4920.0 -290.0 59 -96 271.8549999999999 232.718 29
4310.0 484.33 19 4560.0 -250.0 51 -76 186.13299999999995 213.06600000000003 25
3650.0 468.9410000000001 18 4170.0 -560.0 85 -75 174.792 181.383 45
3930.0 536.5329999999998 19 4260.0 -330.0 54 -85 209.20399999999998 192.711 22
5970.0 637.5169999999998 18 6270.0 -300.0 60 -96 268.95099999999996 271.904 30
5470.0 577.5690000000001 22 5850.0 -380.0 72 -86 245.52299999999997 252.28799999999993 38
3790.0 431.15199999999993 20 4110.0 -420.0 67 -64 188.16099999999994 178.349 42
5150.0 608.5179999999999 21 5640.0 -490.0 87 -81 237.69599999999997 258.3039999999999 38
4800.0 497.8559999999998 20 5070.0 -270.0 55 -82 198.52300000000002 220.7809999999999 27
4680.0 579.0089999999998 17 5100.0 -540.0 89 -91 186.40099999999998 216.59000000000003 49
3860.0 433.198 21 4110.0 -250.0 51 -65 183.17699999999996 185.05299999999997 25
5650.0 687.3030000000001 21 6120.0 -510.0 103 -98 279.11999999999995 288.767 51
4520.0 540.1469999999998 24 5010.0 -490.0 86 -88 240.73099999999997 193.14899999999994 49
4880.0 619.073 25 5280.0 -400.0 66 -85 286.36100000000005 238.48699999999997 32
6240.0 608.4129999999999 17 6840.0 -620.0 105 -118 210.35699999999997 208.111 62
4890.0 584.6170000000001 17 5220.0 -330.0 61 -84 230.408 250.8549999999999 37
4460.0 530.728 15 4800.0 -340.0 69 -83 220.34899999999993 198.36599999999996 34
5270.0 499.8689999999999 20 5520.0 -250.0 51 -78 219.37499999999994 215.09499999999997 25
3540.0 510.1359999999999 19 3930.0 -390.0 66 -75 221.07299999999992 176.07000000000002 39
2940.0 409.812 15 3360.0 -430.0 79 -66 160.70399999999995 145.18599999999998 43
3510.0 478.2799999999999 16 3840.0 -330.0 60 -64 183.93399999999997 177.12099999999995 39
4100.0 404.5899999999999 19 4410.0 -310.0 63 -72 170.183 163.10699999999997 31
4670.0 602.8180000000001 21 5160.0 -540.0 79 -83 250.40499999999994 225.0829999999999 54
4380.0 473.872 17 4680.0 -300.0 56 -76 179.46999999999994 207.32799999999997 30
3750.0 423.9069999999999 19 4080.0 -330.0 59 -72 161.831 173.702 33
4830.0 538.2490000000001 21 5190.0 -380.0 77 -70 224.944 220.596 38
5360.0 579.1439999999999 17 5640.0 -280.0 56 -90 257.087 247.59199999999998 28
4630.0 513.9689999999999 21 4890.0 -260.0 53 -78 222.55999999999997 215.91799999999998 26
4150.0 344.64399999999995 17 4410.0 -320.0 64 -67 133.938 149.017 32
3170.0 427.39099999999996 19 3420.0 -250.0 51 -68 195.96099999999996 151.852 25
3920.0 526.591 15 4620.0 -700.0 77 -88 212.43000000000004 184.16199999999998 70
3550.0 423.26299999999986 18 3900.0 -390.0 79 -72 165.39499999999998 156.15000000000003 39
4030.0 451.9719999999999 17 4350.0 -320.0 65 -71 207.96900000000005 192.37799999999996 32
4965.0 542.972 19 5370.0 -525.0 81 -88 211.685 238.24799999999993 42
4660.0 567.074 21 5010.0 -350.0 70 -86 227.19 212.03099999999992 35
3780.0 497.5929999999999 18 4290.0 -510.0 86 -81 187.69299999999998 193.40799999999996 51
3590.0 450.279 12 3930.0 -340.0 69 -73 168.033 180.18299999999994 34
3460.0 490.9539999999999 19 3720.0 -260.0 53 -68 229.39299999999997 169.02699999999996 26
3410.0 456.1890000000002 17 3750.0 -340.0 61 -70 211.926 166.26299999999998 34
4145.0 529.5149999999999 15 4590.0 -445.0 83 -92 193.71999999999997 202.37499999999994 38
4405.0 525.122 21 4830.0 -425.0 74 -85 216.466 204.49499999999995 32
3020.0 433.59199999999987 17 3360.0 -340.0 62 -70 159.99399999999994 150.683 34
3615.0 536.741 18 4140.0 -525.0 77 -70 271.897 188.553 42
4970.0 496.9809999999999 20 5220.0 -250.0 51 -70 243.78799999999995 209.51000000000002 25
2255.0 368.313 13 2820.0 -565.0 51 -56 141.63800000000003 109.67999999999999 58
4260.0 581.089 18 4530.0 -270.0 55 -84 259.11099999999993 200.98099999999994 27
3670.0 528.9279999999999 18 4350.0 -680.0 74 -86 182.46899999999997 181.029 68
3810.0 450.8889999999999 19 4140.0 -330.0 54 -69 187.08599999999996 163.04600000000002 22
4530.0 573.4979999999998 20 4920.0 -510.0 99 -89 237.28999999999996 213.76100000000005 51
3610.0 418.5839999999998 17 3930.0 -320.0 57 -69 182.5289999999999 162.50400000000002 32
3860.0 431.75199999999995 15 4200.0 -340.0 69 -85 152.49800000000002 157.256 34
5050.0 597.182 19 5460.0 -510.0 102 -92 242.4339999999999 229.62399999999994 51
5630.0 606.4859999999999 25 6030.0 -400.0 75 -98 271.8020000000001 244.27899999999994 40
3400.0 500.4090000000001 17 3780.0 -380.0 64 -76 201.94099999999992 171.92300000000003 27
5420.0 577.0799999999998 24 5670.0 -250.0 51 -86 278.56 235.86899999999994 25
4760.0 516.6209999999998 17 5070.0 -310.0 55 -78 209.1289999999999 226.18699999999998 31
4100.0 458.395 19 4350.0 -350.0 71 -57 228.49599999999998 195.47099999999998 35
3610.0 452.17999999999995 14 4050.0 -440.0 76 -75 159.74399999999997 163.43099999999995 33
4190.0 598.6139999999997 20 4560.0 -370.0 75 -85 283.694 200.77799999999996 37
4860.0 576.4219999999999 24 5280.0 -570.0 98 -87 240.69799999999998 239.168 57
4370.0 472.1589999999999 19 4620.0 -250.0 51 -70 213.813 201.537 25
4365.0 544.9069999999999 20 4680.0 -315.0 52 -76 255.37099999999992 216.188 21
2970.0 435.78600000000006 18 3540.0 -590.0 93 -70 170.075 153.815 59
6310.0 712.3890000000002 21 6750.0 -440.0 89 -98 323.86699999999996 270.8549999999999 44
3700.0 507.69799999999987 15 4260.0 -600.0 87 -79 216.703 182.74599999999998 60
3910.0 481.01799999999986 18 4230.0 -320.0 65 -80 203.92899999999992 187.599 32
3870.0 527.1429999999999 22 4290.0 -420.0 65 -94 220.14899999999997 183.583 42
6510.0 716.8680000000002 19 6930.0 -540.0 104 -124 283.119 249.86299999999997 54
3990.0 493.582 21 4350.0 -360.0 72 -78 193.68200000000002 204.33399999999995 36
4300.0 538.3439999999997 21 4620.0 -340.0 69 -68 251.95800000000003 209.645 34
4150.0 589.1649999999997 17 4800.0 -670.0 106 -86 230.919 212.08700000000002 67
5520.0 670.5829999999999 26 6060.0 -550.0 113 -97 296.84 270.501 55
3610.0 477.3229999999999 17 3900.0 -290.0 59 -70 213.40599999999998 176.97699999999995 29
5100.0 614.4190000000001 19 5670.0 -570.0 90 -105 223.91400000000002 242.12199999999996 57
6000.0 672.7470000000001 24 6390.0 -390.0 79 -108 278.452 264.9299999999999 39
5730.0 684.4100000000001 17 6360.0 -660.0 115 -95 248.85200000000003 253.27599999999995 66
4650.0 445.3859999999997 18 5010.0 -540.0 110 -75 194.95699999999997 188.66599999999994 54
4795.0 548.9579999999999 16 5250.0 -525.0 77 -89 206.67499999999995 231.0809999999999 42
2840.0 730.1179999999999 15 3810.0 -970.0 79 -83 182.819 177.76 97
4610.0 499.6639999999998 15 5070.0 -460.0 81 -83 177.88699999999997 221.04700000000003 41
4200.0 456.9459999999999 16 4560.0 -360.0 73 -78 167.92399999999998 202.50699999999998 36
4010.0 516.8120000000001 16 4380.0 -530.0 107 -74 204.48199999999994 201.24599999999995 53
5560.0 565.3160000000001 16 5820.0 -260.0 53 -93 222.4039999999999 245.86199999999994 26
4330.0 554.545 16 4740.0 -410.0 83 -84 253.40099999999998 192.73400000000004 41
4905.0 581.97 22 5370.0 -465.0 65 -86 258.69100000000003 222.50099999999998 36
6260.0 571.426 20 6510.0 -250.0 51 -83 250.87299999999993 269.252 25
3300.0 427.5399999999998 15 3750.0 -450.0 64 -70 154.22599999999997 162.468 34
3950.0 494.7599999999999 17 4320.0 -370.0 61 -81 220.45100000000002 198.05300000000003 37
3280.0 491.8729999999999 18 3810.0 -530.0 86 -83 189.8089999999999 159.263 53
3435.0 396.95700000000005 14 3750.0 -315.0 52 -55 184.59900000000005 172.141 21
4375.0 624.3490000000003 19 5010.0 -635.0 100 -100 257.29699999999997 226.62099999999995 67
4130.0 432.29900000000004 16 4410.0 -320.0 65 -67 179.553 196.415 32
4310.0 508.4549999999998 18 4800.0 -530.0 90 -77 207.6359999999999 218.3119999999999 53
5200.0 541.322 19 5640.0 -440.0 69 -84 217.30800000000002 214.00499999999997 44
3920.0 426.0869999999998 20 4230.0 -310.0 63 -68 178.08999999999992 178.22299999999993 31
4170.0 480.29799999999994 18 4560.0 -390.0 63 -71 208.41999999999996 205.869 39
3910.0 492.23199999999997 17 4380.0 -470.0 69 -76 212.558 185.683 36
5240.0 693.0000000000002 19 5730.0 -490.0 85 -97 320.96000000000004 266.89599999999996 49
4420.0 498.668 15 4770.0 -350.0 67 -90 190.7319999999999 205.4339999999999 31
5300.0 623.9290000000001 24 5580.0 -280.0 57 -96 277.81600000000003 257.78700000000003 28
3780.0 506.04300000000006 18 4050.0 -270.0 54 -71 226.402 178.84599999999998 27
4845.0 478.40099999999995 18 5220.0 -375.0 64 -79 180.18899999999996 221.03799999999993 27
5050.0 522.1799999999998 23 5310.0 -260.0 53 -84 219.06799999999996 221.62199999999999 26
4860.0 672.939 19 5430.0 -610.0 92 -90 244.87699999999992 237.99399999999997 61
3090.0 475.05300000000005 17 3480.0 -390.0 64 -75 155.394 182.18999999999997 51
3745.0 589.9269999999998 20 4290.0 -585.0 90 -93 214.258 221.534 48
4425.0 546.4010000000002 15 4830.0 -405.0 70 -84 233.63099999999997 210.43800000000002 30
5600.0 750.8079999999999 21 6300.0 -750.0 93 -92 266.40399999999994 272.544 65
3830.0 404.50899999999996 11 4200.0 -370.0 75 -69 142.2 153.32099999999997 37
3890.0 496.30099999999993 19 4200.0 -310.0 56 -74 203.81399999999994 192.35599999999997 31
3930.0 470.53200000000004 17 4200.0 -270.0 55 -72 183.11899999999997 179.42499999999995 27
3990.0 561.3080000000001 19 4350.0 -360.0 72 -82 260.068 198.58699999999996 36
3945.0 454.77099999999984 19 4320.0 -375.0 57 -81 169.65299999999996 179.71199999999996 27
4620.0 501.79799999999983 21 4890.0 -270.0 52 -77 215.46400000000003 208.0279999999999 27
4970.0 556.5350000000001 20 5340.0 -370.0 75 -94 209.72899999999998 221.22999999999993 37
4500.0 550.8480000000001 18 4920.0 -420.0 80 -91 203.97999999999996 203.697 42
4260.0 524.0600000000002 19 4590.0 -330.0 67 -79 211.132 223.80899999999994 33
2860.0 464.70400000000024 14 3360.0 -550.0 100 -63 174.753 149.75700000000003 55
4350.0 1882.809999999999 16 5490.0 -1140.0 116 -80 186.93 181.81099999999998 114
4290.0 637.279 19 4740.0 -450.0 69 -94 180.19299999999996 227.07399999999996 45
3570.0 1240.8499999999988 17 4530.0 -960.0 113 -82 236.71099999999993 200.19099999999997 96
4250.0 552.184 21 4620.0 -790.0 113 -86 225.59199999999996 211.79099999999994 79
3705.0 420.0280000000001 19 4020.0 -335.0 56 -54 187.526 170.32699999999997 23
5610.0 623.282 16 6270.0 -660.0 103 -106 199.25199999999992 208.31599999999997 66
3870.0 451.52599999999995 19 4320.0 -450.0 70 -72 203.36100000000002 183.815 45
5320.0 657.1049999999999 20 5700.0 -380.0 65 -95 251.29699999999997 261.10799999999995 38
3585.0 396.6249999999999 18 3900.0 -315.0 52 -65 165.73799999999997 164.55899999999994 21
3750.0 537.9889999999999 15 4110.0 -360.0 56 -73 234.07199999999997 184.178 25
3580.0 549.698 22 3990.0 -430.0 88 -80 228.52400000000003 195.97600000000003 43
3910.0 486.9279999999998 15 4290.0 -380.0 77 -69 200.76799999999997 187.98099999999994 38
5170.0 561.9429999999999 25 5550.0 -380.0 77 -92 223.62699999999992 232.70000000000002 38
4960.0 708.7879999999997 21 5430.0 -470.0 75 -115 265.306 248.74999999999994 47
4610.0 493.59199999999987 17 4860.0 -250.0 51 -79 206.66499999999996 210.47699999999995 25
3530.0 413.623 17 3780.0 -250.0 51 -64 191.91199999999992 164.11599999999999 25
4935.0 488.2869999999998 15 5280.0 -345.0 54 -82 212.29899999999998 209.88199999999992 24
4580.0 464.76099999999997 16 4830.0 -250.0 51 -69 184.84100000000004 216.856 25
4280.0 520.826 15 4770.0 -490.0 87 -103 150.502 173.38900000000004 45
3860.0 497.857 19 4470.0 -640.0 87 -73 241.08699999999993 193.952 64
3220.0 451.38899999999995 17 3480.0 -260.0 53 -61 210.89600000000002 162.58399999999997 26
4790.0 575.73 20 5220.0 -470.0 95 -96 214.39599999999993 232.20099999999996 47
4130.0 2091.111000000001 19 5340.0 -1210.0 117 -79 235.87699999999998 195.08099999999993 121
3860.0 475.21900000000005 16 4230.0 -610.0 97 -86 190.71599999999992 177.304 61
2200.0 387.4920000000001 13 2460.0 -260.0 53 -55 173.13400000000001 118.31899999999997 26
4610.0 493.497 17 4860.0 -250.0 51 -70 233.813 200.34099999999995 25
3355.0 461.09599999999983 16 3870.0 -525.0 90 -69 188.957 169.32200000000003 42
5410.0 629.109 19 5760.0 -350.0 61 -98 243.68099999999995 233.00699999999998 35
5500.0 582.4029999999998 20 5880.0 -410.0 78 -87 218.159 250.13399999999996 37
4640.0 594.6729999999999 19 5010.0 -370.0 75 -90 252.75199999999998 232.28599999999997 37
3190.0 410.238 17 3630.0 -480.0 71 -60 166.207 173.83399999999997 48
3245.0 511.1269999999998 16 4200.0 -1055.0 121 -76 207.51000000000002 184.85099999999997 95
3890.0 491.93199999999985 16 4230.0 -340.0 58 -76 214.00599999999997 184.99399999999994 43
4820.0 512.0939999999998 14 5310.0 -610.0 104 -97 173.55299999999997 197.0709999999999 61
5020.0 543.0259999999998 20 5340.0 -320.0 56 -93 223.45199999999997 209.559 32
4485.0 472.8599999999999 20 4800.0 -315.0 52 -75 198.95999999999995 203.78299999999993 21
5600.0 469.436 13 6090.0 -490.0 96 -109 140.556 160.20999999999995 49
3445.0 546.3919999999998 16 3810.0 -365.0 62 -85 215.517 172.51600000000002 26
3525.0 429.598 17 3840.0 -455.0 81 -61 189.315 172.55 35
4120.0 582.4390000000001 18 4620.0 -500.0 73 -70 185.71499999999997 195.31599999999995 50
3850.0 462.7019999999999 20 4080.0 -230.0 47 -80 194.06 187.97499999999997 23
6250.0 636.6740000000001 24 6630.0 -380.0 77 -94 296.9269999999999 286.72099999999995 38
3660.0 398.592 19 4050.0 -390.0 62 -62 173.87899999999996 177.63999999999996 39
3630.0 477.746 21 4140.0 -540.0 87 -67 197.9960000000001 186.98 54
4140.0 574.8449999999998 22 4470.0 -330.0 67 -83 249.69199999999995 212.59899999999996 33
4080.0 476.178 21 4560.0 -480.0 70 -69 211.47099999999998 194.71800000000002 36
4790.0 550.571 15 5130.0 -340.0 69 -89 222.91199999999995 210.09899999999996 34
3930.0 558.7289999999999 17 4380.0 -510.0 80 -85 235.72899999999996 202.16 51
4930.0 508.1379999999999 19 5190.0 -260.0 53 -73 225.25099999999998 224.35299999999998 26
4415.0 573.0690000000001 17 5010.0 -595.0 88 -87 244.365 222.96399999999994 49
4120.0 502.37999999999994 21 4410.0 -330.0 67 -70 223.54899999999998 194.16400000000002 33
3580.0 384.78199999999987 20 3900.0 -320.0 58 -61 160.92 162.98499999999999 32
4030.0 457.7399999999999 17 4290.0 -260.0 53 -84 153.32 191.82299999999992 26
2780.0 406.12299999999993 18 3150.0 -410.0 66 -57 182.40100000000004 134.10499999999996 41
3030.0 539.608 16 3750.0 -720.0 81 -94 188.81799999999998 169.9819999999999 72
2720.0 500.95199999999994 12 3750.0 -1030.0 77 -54 175.23599999999996 133.22899999999996 179
3520.0 516.7460000000001 17 3810.0 -290.0 56 -78 207.21699999999998 167.67899999999997 29
3590.0 428.95200000000006 20 3990.0 -520.0 75 -54 199.10799999999998 175.14799999999997 52
4350.0 503.8089999999999 22 4770.0 -460.0 69 -59 231.362 233.66899999999998 46
4180.0 563.7320000000002 17 4440.0 -260.0 53 -78 255.38299999999998 216.61799999999997 26
4550.0 568.8619999999999 16 4980.0 -430.0 83 -117 202.60000000000002 204.44999999999993 45
4720.0 531.7379999999997 22 5100.0 -530.0 91 -81 252.90399999999994 209.39299999999994 53
4390.0 600.4810000000001 19 4920.0 -540.0 96 -85 253.10499999999996 233.93399999999994 43
3460.0 451.88899999999995 16 3810.0 -350.0 70 -78 147.07299999999995 161.05099999999993 35
5295.0 634.8830000000003 20 5880.0 -615.0 115 -99 219.50399999999993 269.149 53
4400.0 397.26199999999994 15 4650.0 -280.0 57 -67 140.513 176.20999999999992 28
3830.0 565.972 19 4170.0 -340.0 60 -85 240.47099999999998 182.27299999999997 34
3390.0 438.449 19 3690.0 -300.0 50 -57 244.70299999999995 158.06900000000002 20
5470.0 695.3790000000001 19 5970.0 -500.0 88 -115 254.95999999999995 250.26399999999992 39
4000.0 407.56399999999996 15 4290.0 -290.0 59 -63 191.94199999999995 171.13199999999998 29
3920.0 524.183 22 4290.0 -370.0 75 -87 223.84100000000004 178.495 37
2660.0 373.68699999999984 15 2940.0 -280.0 57 -52 167.57399999999993 132.701 28
4130.0 491.1300000000001 17 4380.0 -340.0 69 -69 218.73199999999997 204.413 34
4620.0 471.87199999999996 20 5100.0 -480.0 79 -75 180.552 196.03900000000004 32
4720.0 496.81199999999984 14 5670.0 -950.0 129 -95 189.367 199.47899999999998 95
3590.0 414.466 16 4200.0 -640.0 87 -68 148.94499999999996 190.18599999999995 64
4110.0 524.1320000000002 18 4410.0 -320.0 65 -76 233.616 197.80800000000002 32
3970.0 420.0789999999999 18 4230.0 -260.0 53 -64 192.69299999999998 185.49899999999997 26
4880.0 558.9980000000002 19 5250.0 -430.0 86 -96 243.5960000000001 209.95000000000005 43
4390.0 509.32399999999984 21 4770.0 -380.0 77 -94 193.11200000000002 175.47499999999994 38
5130.0 532.1009999999999 17 5460.0 -330.0 54 -97 192.33599999999993 210.12699999999995 22
5960.0 572.0760000000001 18 6330.0 -370.0 75 -91 243.63899999999992 241.40799999999996 37
3525.0 470.9209999999999 19 3960.0 -435.0 69 -81 195.94500000000002 166.67499999999995 33
3370.0 447.462 13 3630.0 -260.0 53 -78 174.72599999999997 166.70999999999995 26
3915.0 480.17500000000007 21 4230.0 -315.0 52 -61 255.334 182.58799999999997 21
4150.0 511.344 19 4560.0 -410.0 76 -86 216.378 196.685 41
4030.0 460.74799999999993 16 4290.0 -260.0 53 -68 205.34799999999998 191.57899999999992 26
4550.0 1412.2920000000004 16 5220.0 -830.0 111 -93 238.74099999999996 224.94099999999997 83
5300.0 661.3160000000003 19 6180.0 -970.0 122 -95 222.78999999999996 266.05999999999995 81
4740.0 2304.0139999999983 16 6180.0 -1440.0 141 -103 214.84199999999998 247.81899999999993 144
3915.0 514.6529999999999 16 4350.0 -435.0 76 -82 197.619 193.51599999999996 33
5950.0 552.1290000000001 21 6270.0 -320.0 65 -89 245.85399999999998 250.55399999999992 32
3760.0 522.306 17 4140.0 -380.0 77 -81 200.12599999999998 179.60100000000003 38
5530.0 529.719 21 5910.0 -440.0 74 -83 236.38899999999995 241.70299999999992 44
4320.0 480.187 21 4920.0 -600.0 55 -74 208.06699999999998 211.95099999999996 60
4340.0 532.1959999999999 19 4710.0 -550.0 112 -79 227.19199999999995 206.75799999999995 55
4280.0 552.6439999999999 18 4560.0 -280.0 56 -92 204.10999999999993 186.95999999999992 28
3910.0 441.9080000000001 18 4260.0 -350.0 71 -68 227.667 148.71099999999998 35
4600.0 511.6709999999998 18 4860.0 -440.0 83 -81 204.43399999999997 218.03099999999998 38
6040.0 694.0429999999999 22 6450.0 -410.0 82 -110 288.53999999999996 256.113 41
4110.0 504.235 18 4410.0 -300.0 61 -79 190.57399999999998 198.16700000000003 30
5255.0 599.327 20 5670.0 -415.0 72 -84 284.488 259.98599999999993 31
4020.0 487.65 18 4620.0 -600.0 55 -83 202.51499999999996 199.55599999999993 60
4200.0 560.8969999999999 20 4590.0 -390.0 72 -88 233.65699999999998 210.34099999999992 43
4275.0 483.04800000000006 22 4590.0 -315.0 52 -72 231.40999999999994 196.42699999999996 21
3940.0 434.10699999999997 18 4230.0 -290.0 59 -73 184.67899999999997 179.79399999999998 29
2580.0 349.82499999999993 12 3030.0 -480.0 71 -52 136.54800000000003 135.76600000000002 48
3680.0 1371.3829999999987 15 4770.0 -1190.0 131 -83 204.17899999999997 181.48399999999998 119
4550.0 740.9210000000002 22 5310.0 -760.0 79 -98 274.811 246.53099999999995 76
5750.0 502.82399999999996 19 6000.0 -250.0 51 -83 195.83100000000002 243.874 25
4000.0 513.7990000000001 16 4350.0 -350.0 62 -76 200.06100000000006 200.07399999999998 35
3990.0 661.3129999999998 19 4590.0 -690.0 89 -74 204.593 181.74099999999996 69
4810.0 523.812 20 5130.0 -320.0 60 -79 223.08200000000002 220.51500000000001 32
4330.0 510.3949999999999 20 5070.0 -770.0 97 -79 204.17699999999994 210.82099999999997 77
4820.0 542.596 21 5100.0 -280.0 56 -82 245.60100000000003 231.37299999999993 28
3820.0 1394.5970000000002 18 4710.0 -890.0 93 -84 214.627 187.29000000000002 89
2790.0 391.4949999999999 17 3180.0 -420.0 64 -48 187.435 143.235 42
4490.0 508.0739999999999 17 4740.0 -250.0 51 -84 213.26799999999994 200.808 25
4240.0 557.4520000000001 19 4800.0 -600.0 88 -84 222.10399999999998 209.27899999999994 60
5310.0 574.5660000000001 20 5670.0 -360.0 60 -95 243.324 231.76699999999994 36
2750.0 400.54900000000004 15 3120.0 -370.0 59 -59 186.33899999999997 138.385 37
3970.0 397.235 15 4230.0 -260.0 53 -55 181.87400000000002 179.74099999999996 26
4060.0 486.92999999999995 19 4410.0 -350.0 71 -75 222.182 191.97499999999994 35
5115.0 472.8860000000001 19 5490.0 -515.0 76 -86 185.14399999999995 206.25699999999995 41
5940.0 697.1560000000002 23 6390.0 -450.0 76 -101 310.50699999999995 276.14699999999993 45
3960.0 561.1300000000001 16 4440.0 -480.0 67 -81 223.89199999999994 219.72899999999996 48
4920.0 490.221 18 5340.0 -420.0 74 -90 180.71899999999997 215.593 42
2900.0 417.21899999999994 16 3390.0 -490.0 90 -81 143.095 139.73700000000002 49
3740.0 414.0119999999999 15 4170.0 -430.0 67 -56 196.24999999999991 171.412 43
4435.0 563.0400000000001 21 4800.0 -365.0 62 -80 231.6719999999999 226.86599999999996 26
4900.0 588.8520000000001 16 5280.0 -380.0 77 -91 234.37599999999992 224.63199999999998 38
4970.0 553.67 19 5220.0 -250.0 51 -88 223.85500000000002 229.26399999999998 25
4130.0 445.8080000000001 17 4380.0 -250.0 51 -73 184.50199999999995 191.93199999999996 25
4920.0 642.7429999999999 19 5280.0 -360.0 73 -79 310.4819999999999 241.77199999999993 36
4500.0 540.8169999999999 20 4830.0 -330.0 54 -82 232.00199999999998 200.27699999999993 22
4320.0 592.8750000000001 20 4980.0 -710.0 85 -84 228.89699999999996 199.43199999999996 60
3840.0 494.969 19 4200.0 -360.0 66 -81 179.813 183.62399999999997 36
3765.0 507.5479999999998 18 4110.0 -495.0 87 -72 214.02099999999996 179.29699999999997 38
3780.0 438.168 19 4110.0 -330.0 67 -78 195.70099999999996 164.91199999999992 33
4885.0 495.414 19 5220.0 -455.0 78 -73 230.08299999999997 212.06599999999995 39
4140.0 495.60299999999984 18 4530.0 -390.0 79 -84 162.91500000000002 188.39399999999992 39
4490.0 444.22799999999984 19 4740.0 -250.0 51 -74 201.86999999999998 188.09100000000004 25
3180.0 412.04899999999986 16 3510.0 -350.0 61 -66 178.89100000000002 139.02700000000002 35
3460.0 473.5979999999998 14 3870.0 -590.0 116 -87 140.625 167.52899999999997 59
4800.0 518.018 21 5220.0 -420.0 67 -82 248.543 208.42899999999995 42
4580.0 561.907 20 4950.0 -370.0 75 -81 263.182 224.81099999999992 37
4260.0 463.65400000000005 21 4530.0 -270.0 54 -76 194.87800000000001 193.04299999999992 27
4830.0 562.7800000000003 21 5100.0 -270.0 55 -77 259.655 229.59999999999994 27
4525.0 503.7499999999999 19 4950.0 -425.0 74 -88 177.22699999999998 205.74699999999996 32
5290.0 615.5369999999999 19 5550.0 -260.0 53 -88 272.3469999999999 251.96299999999997 26
3860.0 531.7529999999998 14 4290.0 -430.0 87 -102 172.64999999999995 176.332 43
4485.0 512.1959999999999 20 4800.0 -315.0 52 -79 226.298 216.54499999999993 21
2770.0 340.3949999999999 14 3030.0 -260.0 53 -54 138.085 130.476 26
4140.0 532.1309999999999 19 4470.0 -330.0 67 -80 240.87199999999999 191.82799999999995 33
3900.0 547.9399999999999 16 4200.0 -300.0 61 -84 240.06399999999994 182.68799999999996 30
3285.0 316.921 15 3600.0 -315.0 52 -50 133.868 151.04999999999993 21
3995.0 550.6449999999999 18 4410.0 -455.0 89 -88 198.18099999999995 209.33699999999996 48
3180.0 420.7069999999999 19 3750.0 -570.0 62 -66 185.84399999999997 167.25 57
4180.0 516.3109999999997 18 4740.0 -620.0 90 -71 205.70799999999997 211.96699999999998 51
4275.0 554.096 19 4650.0 -375.0 68 -83 245.27100000000002 210.25199999999998 44
3060.0 750.4199999999996 18 4290.0 -1240.0 100 -85 224.71099999999993 188.74999999999997 170
4230.0 515.1589999999999 18 4530.0 -300.0 61 -82 210.04600000000002 205.32499999999996 30
2360.0 1534.6079999999995 16 3300.0 -940.0 95 -53 201.929 149.10899999999998 94
3345.0 494.58799999999997 18 3750.0 -405.0 76 -77 203.07299999999992 166.24399999999997 35
3500.0 543.0789999999998 16 4410.0 -910.0 114 -73 208.643 232.17499999999995 91
5600.0 651.0269999999999 21 6060.0 -460.0 87 -102 247.71799999999996 259.59399999999994 41
3825.0 449.9619999999999 16 4140.0 -315.0 52 -67 183.47099999999998 185.67499999999998 21
4815.0 567.205 24 5340.0 -535.0 96 -84 244.63399999999996 219.64999999999995 43
3330.0 881.0949999999999 18 4110.0 -810.0 105 -94 183.22199999999995 183.2079999999999 117
4270.0 455.714 18 4530.0 -260.0 53 -67 195.618 199.453 26
3400.0 368.76000000000005 14 3690.0 -290.0 59 -57 149.227 167.66599999999994 29
5480.0 649.45 18 6060.0 -580.0 80 -97 290.87399999999997 242.93399999999994 58
3840.0 515.556 19 4200.0 -360.0 73 -78 207.67499999999995 177.605 36
4450.0 585.8869999999998 21 4890.0 -440.0 71 -87 236.789 210.10999999999996 33
4590.0 512.4079999999999 18 4890.0 -400.0 82 -79 196.66099999999997 238.90599999999986 40
4085.0 518.0529999999998 18 4410.0 -325.0 58 -69 231.92299999999997 194.33199999999994 38
4090.0 460.8549999999999 18 4470.0 -380.0 77 -86 194.41799999999995 172.68399999999997 38
3910.0 461.32099999999997 14 4200.0 -290.0 54 -90 179.703 160.58300000000006 29
4275.0 460.837 18 4590.0 -315.0 52 -77 216.549 167.71099999999996 21
2200.0 580.101 15 2910.0 -710.0 55 -50 178.24899999999997 127.15999999999997 71
4300.0 589.3379999999999 15 4740.0 -440.0 84 -97 177.81099999999998 213.63599999999988 44
3660.0 563.5019999999998 22 3960.0 -300.0 56 -72 257.431 190.69899999999993 33
3640.0 437.534 18 3900.0 -260.0 52 -71 177.815 170.61499999999992 26
4110.0 496.83399999999995 20 4410.0 -300.0 54 -81 211.36200000000002 196.07899999999995 30
3780.0 412.16199999999986 18 4080.0 -300.0 50 -63 190.9859999999999 175.37800000000001 20
5510.0 737.5000000000001 24 6120.0 -620.0 126 -118 339.364 251.28599999999997 62
3275.0 385.718 12 3660.0 -385.0 74 -73 123.547 144.63499999999993 43
4200.0 446.75500000000005 17 4530.0 -370.0 74 -72 161.66999999999996 181.695 37
3680.0 387.22 16 3960.0 -430.0 68 -60 141.926 173.60600000000002 45
4965.0 531.516 19 5640.0 -715.0 101 -91 217.19899999999996 212.73799999999994 61
4380.0 526.3889999999998 21 4710.0 -330.0 54 -81 219.93099999999995 201.14199999999994 22
6150.0 661.6630000000001 22 6540.0 -390.0 79 -90 291.98400000000004 292.451 39
4360.0 485.6089999999999 19 4650.0 -290.0 59 -82 178.883 190.783 29
5280.0 590.8199999999998 20 5610.0 -390.0 79 -99 215.44000000000005 230.55499999999992 39
5145.0 555.1 23 5520.0 -375.0 64 -80 229.99799999999993 258.578 27
3780.0 473.3989999999998 20 4110.0 -330.0 54 -74 167.64399999999998 196.545 22
4300.0 544.1220000000001 23 4650.0 -350.0 71 -80 246.66500000000002 211.76199999999992 35
4640.0 521.4559999999999 20 5010.0 -400.0 80 -94 187.95600000000002 209.01499999999996 40
3710.0 498.3469999999998 16 3960.0 -250.0 51 -76 220.17399999999992 180.46599999999995 25
4400.0 442.7199999999999 17 4650.0 -250.0 51 -72 195.315 172.14899999999997 25
3210.0 537.8749999999998 20 3870.0 -690.0 102 -87 200.54799999999994 167.371 69
5355.0 592.9829999999997 21 5730.0 -375.0 57 -80 289.6969999999999 250.20199999999997 27
6230.0 595.8860000000001 19 6570.0 -340.0 69 -95 270.22099999999983 250.96999999999989 34
1880.0 297.05600000000004 13 2130.0 -250.0 51 -56 116.27599999999998 92.329 25
2460.0 326.436 14 2790.0 -330.0 54 -59 112.33699999999997 114.91099999999999 22
4510.0 1172.917 18 5310.0 -850.0 90 -90 252.36999999999995 221.20999999999998 85
4290.0 566.8999999999999 21 4560.0 -390.0 80 -70 253.73999999999995 215.44700000000003 39
3745.0 549.1580000000001 21 4740.0 -1020.0 130 -87 220.812 218.22999999999996 112
5530.0 606.7180000000003 17 6090.0 -560.0 105 -121 157.496 268.228 56
3530.0 438.4919999999999 17 3900.0 -410.0 83 -85 161.74399999999997 169.497 41
2920.0 483.77699999999993 17 3690.0 -770.0 70 -71 209.736 154.221 77
4330.0 513.2400000000001 22 4740.0 -410.0 70 -86 189.41299999999998 199.842 30
3420.0 427.6919999999999 17 3690.0 -390.0 79 -61 159.068 168.51099999999997 39
4020.0 380.2539999999999 19 4320.0 -300.0 50 -66 166.534 168.368 20
4720.0 520.3529999999998 19 5130.0 -410.0 75 -88 231.28799999999995 208.55799999999994 41
3930.0 443.1530000000001 17 4230.0 -300.0 61 -70 185.27100000000002 194.63 30
6060.0 733.0329999999999 23 6450.0 -390.0 78 -111 286.344 280.2129999999999 39
4520.0 494.47999999999996 20 4770.0 -250.0 50 -69 227.65799999999996 223.71400000000003 25
4210.0 652.6960000000003 17 5130.0 -990.0 121 -79 179.54600000000002 232.172 88
4000.0 511.6379999999999 14 4260.0 -260.0 53 -85 202.33900000000003 186.14899999999994 26
4855.0 578.7449999999998 23 5250.0 -395.0 59 -84 267.889 235.691 29
3580.0 468.6409999999999 18 3990.0 -410.0 65 -78 160.67199999999997 174.04699999999994 41
3340.0 374.78400000000005 12 3720.0 -380.0 63 -71 151.19299999999996 130.743 38
3250.0 402.025 14 3600.0 -350.0 67 -70 147.19499999999994 150.399 35
4415.0 553.742 22 4920.0 -705.0 122 -89 221.32600000000002 188.27899999999997 60
5300.0 585.7009999999999 22 5670.0 -370.0 75 -93 277.68999999999994 227.76099999999997 37
5175.0 723.3689999999999 23 5670.0 -495.0 84 -117 267.85099999999994 256.939 44
4480.0 506.89399999999995 20 4740.0 -260.0 53 -82 203.75800000000004 209.223 26
4270.0 548.69 22 4650.0 -380.0 71 -85 205.546 211.49699999999996 42
5380.0 500.06599999999986 19 5700.0 -320.0 65 -86 205.609 204.842 32
3560.0 389.06000000000006 15 3870.0 -310.0 58 -63 137.95699999999997 162.21799999999996 36
3480.0 524.038 18 3930.0 -450.0 78 -81 204.149 157.84799999999998 34
3920.0 458.3869999999999 19 4410.0 -490.0 68 -59 192.60599999999997 192.37899999999993 38
5150.0 542.521 23 5400.0 -250.0 51 -79 236.317 250.183 25
3310.0 422.43399999999997 17 3750.0 -490.0 100 -63 182.598 156.95 49
5230.0 585.064 17 5670.0 -440.0 60 -83 289.3249999999999 236.05499999999998 44
3410.0 572.3159999999999 20 3780.0 -370.0 63 -80 277.55899999999997 165.30200000000002 37
3980.0 389.08499999999987 16 4320.0 -340.0 69 -66 162.53 156.98099999999994 34
3590.0 387.9739999999999 15 3900.0 -410.0 65 -60 158.83199999999997 160.78399999999993 41
5260.0 613.6859999999999 22 5550.0 -290.0 59 -90 280.4429999999999 239.19000000000003 29
6100.0 585.7280000000002 17 6450.0 -350.0 71 -106 219.632 211.47499999999994 35
4570.0 541.3889999999999 18 5010.0 -440.0 67 -82 219.26299999999998 217.13399999999996 64
3760.0 447.838 22 4050.0 -290.0 54 -62 211.72 183.784 29
4610.0 664.4359999999998 24 5250.0 -730.0 87 -91 325.68399999999997 234.77499999999998 73
4995.0 584.2110000000001 20 5490.0 -495.0 84 -108 216.41699999999994 230.1249999999999 44
4545.0 512.454 21 4860.0 -345.0 58 -80 240.62999999999994 197.32199999999995 24
5530.0 686.2919999999998 22 5880.0 -350.0 71 -106 298.05399999999986 268.1139999999999 35
4520.0 462.9409999999998 19 4770.0 -520.0 96 -73 192.87899999999993 217.29 43
3790.0 441.1169999999999 16 4260.0 -570.0 77 -71 162.64099999999996 172.03499999999997 57
4380.0 525.628 20 4710.0 -330.0 54 -77 219.232 208.04099999999997 22
4520.0 505.55999999999995 16 4770.0 -250.0 51 -73 235.12499999999994 213.53499999999994 25
3420.0 357.0129999999999 21 3720.0 -300.0 54 -61 145.75299999999996 168.57199999999995 30
5185.0 572.7259999999999 22 5580.0 -395.0 68 -86 271.54299999999995 231.733 29
6405.0 757.5519999999999 22 6900.0 -495.0 84 -118 286.939 324.396 39
6310.0 741.0369999999999 17 6780.0 -680.0 106 -114 237.23500000000013 296.84000000000003 70
3930.0 493.08699999999993 20 4200.0 -430.0 88 -71 246.43200000000002 164.09399999999997 43
3440.0 495.8669999999999 16 4050.0 -610.0 116 -76 170.39799999999994 180.55599999999998 61
2180.0 427.07399999999996 19 2550.0 -370.0 70 -62 185.45499999999998 114.623 33
4680.0 531.7959999999999 16 4950.0 -270.0 54 -84 214.71400000000003 201.93200000000002 27
5785.0 622.1790000000001 24 6360.0 -575.0 84 -97 278.0179999999999 274.86499999999995 43
3970.0 515.5649999999998 19 4230.0 -350.0 71 -71 232.035 196.19099999999997 35
3190.0 420.1869999999999 17 3450.0 -260.0 53 -62 180.33799999999994 161.856 26
4400.0 526.84 20 4830.0 -430.0 83 -78 229.03199999999995 209.597 39
5280.0 618.413 17 5640.0 -360.0 73 -96 261.02799999999996 244.19600000000003 36
3780.0 527.2880000000001 19 4140.0 -440.0 89 -83 210.63100000000003 183.88300000000004 44
4460.0 519.373 22 4740.0 -280.0 54 -82 213.05800000000002 212.59300000000005 28
5320.0 564.2410000000002 21 5670.0 -490.0 100 -85 247.1439999999999 246.11199999999994 49
4330.0 539.2269999999999 25 4710.0 -480.0 97 -86 220.7909999999999 206.68600000000004 48
4750.0 436.54399999999976 22 5160.0 -410.0 65 -77 175.03500000000003 191.95000000000002 41
5260.0 517.5759999999999 20 5550.0 -290.0 59 -84 205.32600000000002 224.31699999999998 29
3220.0 345.90799999999984 16 3480.0 -260.0 53 -58 148.60299999999998 129.631 26
4970.0 590.0039999999999 21 5340.0 -530.0 108 -86 255.56699999999995 235.444 53
4140.0 503.65999999999985 17 4410.0 -270.0 55 -87 203.233 181.00199999999995 27
3750.0 465.15 19 4020.0 -330.0 67 -75 139.41399999999996 188.639 33
4640.0 969.6999999999994 13 5760.0 -1120.0 69 -87 168.33899999999997 202.77100000000002 199
4680.0 601.2909999999999 16 5130.0 -450.0 71 -97 216.61699999999993 208.85899999999992 45
4540.0 541.1789999999997 18 5010.0 -550.0 96 -83 186.19699999999997 210.23299999999995 55
5830.0 641.1410000000003 22 6300.0 -610.0 107 -116 238.024 285.8639999999999 61
4505.0 526.5859999999998 22 4830.0 -325.0 59 -72 233.87899999999996 221.926 37
4740.0 752.2759999999998 23 5310.0 -570.0 115 -92 272.663 233.0379999999999 57
4550.0 465.69 19 4800.0 -250.0 51 -72 208.493 196.234 25
4690.0 515.5999999999998 19 5040.0 -350.0 71 -92 192.43499999999997 206.643 35
4030.0 459.97899999999987 19 4290.0 -260.0 53 -73 188.86399999999998 186.66799999999998 26
2900.0 360.0589999999999 12 3150.0 -250.0 51 -68 128.79599999999996 146.214 25
2970.0 1058.3950000000002 17 3750.0 -820.0 87 -62 206.14099999999993 152.632 82
3865.0 1226.3629999999996 17 4920.0 -1055.0 100 -78 197.66899999999993 212.1389999999999 95
4520.0 579.0189999999999 20 4830.0 -310.0 63 -77 242.64699999999993 196.80499999999998 31
3750.0 500.4399999999999 16 4020.0 -270.0 55 -71 220.04700000000003 164.40599999999995 27
4050.0 437.5 23 4320.0 -270.0 54 -69 205.45999999999998 179.67900000000003 27
5120.0 641.9069999999998 18 5700.0 -580.0 94 -102 255.83399999999995 226.10099999999994 58
4970.0 508.2089999999999 20 5460.0 -540.0 110 -73 213.629 237.53199999999995 54
5560.0 562.954 17 5820.0 -350.0 71 -85 232.6059999999999 261.87799999999993 35
2970.0 549.1119999999996 15 3480.0 -660.0 99 -84 172.92499999999995 184.03599999999994 66
4110.0 562.0879999999999 16 4350.0 -240.0 49 -86 243.57699999999997 214.85099999999994 24
3730.0 390.3129999999998 18 3990.0 -260.0 52 -57 184.37099999999995 172.04199999999994 26
4060.0 530.8969999999999 19 4410.0 -350.0 60 -75 223.53099999999995 209.57099999999994 35
4815.0 463.622 18 5460.0 -675.0 67 -86 175.992 202.988 65
3795.0 425.9579999999999 17 4110.0 -315.0 52 -67 205.47499999999997 168.74599999999998 21
3240.0 390.21399999999994 17 3510.0 -270.0 55 -53 160.34699999999998 151.77 27
3610.0 545.7790000000001 19 4290.0 -720.0 92 -82 240.22400000000002 170.03299999999996 72
3920.0 524.1469999999998 18 4260.0 -520.0 96 -78 250.09499999999994 189.05999999999997 52
4690.0 505.133 18 5130.0 -640.0 94 -83 204.782 195.93899999999996 53
4000.0 449.2719999999998 20 4260.0 -260.0 53 -72 203.26599999999996 182.449 26
4330.0 488.36499999999984 23 4650.0 -400.0 81 -71 215.632 195.38500000000002 40
4095.0 534.636 20 4530.0 -435.0 76 -88 220.33799999999994 198.108 33
4735.0 522.499 18 5190.0 -455.0 76 -90 193.17499999999998 218.91799999999995 51
3795.0 400.38599999999997 16 4110.0 -315.0 52 -62 172.98899999999998 162.65899999999996 21
4700.0 522.7419999999998 18 5040.0 -340.0 70 -78 239.79799999999992 213.04699999999994 34
6040.0 654.9699999999999 19 6360.0 -320.0 56 -91 309.19899999999996 270.453 32
3470.0 431.2419999999999 19 3750.0 -280.0 57 -66 217.18099999999993 148.02299999999994 28
3730.0 454.558 18 4050.0 -320.0 65 -80 174.70100000000002 163.01999999999998 32
3510.0 429.88599999999997 20 3750.0 -240.0 49 -53 214.73500000000004 183.36700000000002 24
4660.0 505.63499999999993 14 4920.0 -580.0 82 -82 212.105 199.85099999999997 58
5320.0 653.962 19 6150.0 -870.0 126 -84 251.544 253.635 87
4550.0 514.2689999999999 20 4800.0 -310.0 63 -75 222.15499999999997 217.363 31
4560.0 511.9309999999999 18 5250.0 -720.0 106 -84 182.95199999999994 213.68799999999996 72
4615.0 480.1549999999999 17 5130.0 -515.0 92 -88 172.49900000000002 198.001 41
4360.0 653.857 19 4890.0 -550.0 99 -99 266.79099999999994 214.01600000000002 44
1930.0 297.7039999999999 11 2520.0 -610.0 90 -54 90.24 112.65299999999996 61
4700.0 604.1089999999999 20 5070.0 -550.0 90 -86 273.7129999999999 216.326 55
4065.0 630.7259999999998 16 4620.0 -555.0 88 -96 234.35399999999993 180.59099999999998 65
3550.0 466.52200000000005 13 3900.0 -590.0 80 -63 173.84600000000003 161.33399999999997 59
3900.0 444.45399999999995 19 4170.0 -270.0 55 -69 164.45699999999997 178.78099999999998 27
2960.0 419.73500000000007 14 3270.0 -350.0 71 -67 160.16700000000003 162.89599999999996 35
3740.0 416.64799999999997 22 3990.0 -250.0 51 -63 187.32399999999996 172.18599999999998 25
3380.0 546.2139999999998 22 4050.0 -830.0 93 -71 247.36699999999993 178.67799999999994 83
3350.0 425.32099999999997 15 3600.0 -250.0 51 -72 185.00699999999998 165.00699999999998 25
3850.0 536.999 21 4170.0 -600.0 90 -94 202.103 205.68099999999998 60
5640.0 632.3480000000003 19 6150.0 -510.0 103 -115 249.855 247.14699999999993 51
4755.0 613.797 22 5190.0 -435.0 76 -91 295.199 203.77100000000002 33
4110.0 497.998 21 4470.0 -440.0 89 -80 229.13299999999995 187.86799999999997 44
5530.0 565.4709999999998 23 5850.0 -320.0 65 -94 243.516 235.67499999999998 32
4530.0 504.35899999999987 21 4890.0 -400.0 68 -77 206.547 183.25599999999994 29
3060.0 375.6430000000001 18 3480.0 -420.0 76 -68 161.973 134.476 42
4315.0 517.7349999999999 19 4710.0 -395.0 67 -72 238.17999999999995 201.063 28
4220.0 534.0039999999999 18 4710.0 -490.0 86 -89 199.60999999999996 189.83899999999994 38
3940.0 559.665 20 4200.0 -350.0 71 -92 238.95900000000003 194.534 35
4440.0 526.0579999999999 20 4770.0 -330.0 59 -76 219.6359999999999 190.30200000000002 33
3510.0 452.87499999999994 15 3780.0 -270.0 55 -72 174.93899999999996 167.94699999999997 27
5940.0 593.1190000000001 21 6360.0 -420.0 84 -101 225.15800000000002 240.64399999999998 42
3795.0 436.806 16 4200.0 -405.0 67 -77 154.50700000000003 176.49499999999998 30
4950.0 618.7660000000001 18 5490.0 -540.0 88 -93 254.26399999999995 250.99599999999995 54
4550.0 484.15199999999993 20 4830.0 -280.0 57 -73 226.021 208.48299999999998 28
5200.0 662.4419999999999 17 5550.0 -350.0 68 -107 226.83599999999998 259.24899999999997 37
4685.0 642.949 16 5070.0 -385.0 57 -88 226.58599999999993 214.87599999999995 28
5180.0 558.8639999999999 18 5580.0 -490.0 92 -89 223.45699999999994 252.253 49
3700.0 382.977 18 3930.0 -230.0 47 -70 172.23600000000002 145.119 23
4760.0 573.7759999999998 21 5070.0 -310.0 63 -93 257.33799999999997 224.308 31
3350.0 406.36099999999993 18 3600.0 -250.0 51 -55 199.65099999999995 163.49299999999994 25
4270.0 444.002 23 4530.0 -260.0 53 -63 202.67399999999995 195.93899999999996 26
3310.0 367.514 14 3690.0 -380.0 77 -75 121.657 141.12199999999999 38
5050.0 539.8119999999998 23 5400.0 -390.0 79 -81 241.346 232.548 39
3670.0 419.17900000000003 15 3930.0 -260.0 53 -76 162.31099999999998 152.86199999999997 26
4815.0 508.4399999999999 22 5130.0 -315.0 52 -72 224.43399999999994 230.41099999999997 21
3970.0 495.02099999999996 17 4380.0 -410.0 77 -77 178.857 186.61499999999998 41
3750.0 448.8829999999998 19 4080.0 -330.0 67 -70 178.30700000000002 175.84999999999997 33
4730.0 529.2439999999999 20 4980.0 -430.0 88 -82 216.22499999999994 222.13299999999995 43
3165.0 400.193 15 3480.0 -315.0 52 -68 154.21999999999997 156.715 21
4445.0 450.18600000000004 17 4860.0 -415.0 72 -71 185.15999999999994 205.3019999999999 31
5260.0 548.0559999999999 20 5670.0 -410.0 76 -108 197.76099999999997 228.81299999999996 34
3200.0 441.4430000000001 16 3570.0 -380.0 78 -54 188.76899999999995 165.903 38
4660.0 406.39 21 4920.0 -260.0 52 -79 167.55899999999997 160.818 26
4330.0 594.477 19 4710.0 -380.0 77 -98 234.59199999999998 205.29499999999993 38
4150.0 473.871 19 4410.0 -260.0 53 -74 200.50099999999995 192.124 26
4135.0 491.98600000000005 17 4560.0 -425.0 67 -71 234.836 189.87 32
3865.0 443.10299999999995 17 4230.0 -365.0 61 -80 180.75799999999992 180.17299999999997 28
3550.0 438.849 18 3840.0 -290.0 59 -66 162.52200000000002 167.923 29
4090.0 556.0759999999998 22 4470.0 -380.0 77 -88 228.30400000000003 195.84699999999998 38
3930.0 457.13499999999976 20 4260.0 -330.0 54 -64 208.54399999999998 163.237 22
4310.0 557.177 18 4710.0 -500.0 83 -79 236.595 218.8029999999999 50
3370.0 372.96599999999984 17 3600.0 -270.0 55 -57 162.90699999999998 161.94999999999996 27
3960.0 476.21500000000003 20 4320.0 -360.0 58 -75 221.35999999999996 180.89999999999998 24
3530.0 507.3399999999999 20 3900.0 -390.0 78 -70 219.81499999999994 167.24900000000002 39
5030.0 694.1350000000001 21 5580.0 -550.0 88 -103 276.8419999999999 259.2609999999999 55
3900.0 555.9409999999999 20 4170.0 -270.0 55 -81 238.81399999999994 187.725 27
4070.0 544.5759999999999 19 4320.0 -250.0 51 -79 243.505 197.449 25
4750.0 568.772 18 5130.0 -380.0 77 -97 208.016 227.59799999999993 38
2800.0 361.477 16 3360.0 -580.0 80 -55 159.044 139.18200000000002 58
4790.0 462.41499999999996 14 5100.0 -310.0 63 -86 169.43299999999996 192.74499999999998 31
4940.0 516.3860000000001 18 5280.0 -340.0 68 -76 225.62999999999997 229.39799999999994 34
4160.0 375.32900000000006 15 4410.0 -250.0 51 -61 158.973 174.94299999999998 25
4470.0 550.3159999999998 21 4860.0 -390.0 75 -103 204.025 197.111 39
5310.0 603.955 18 5670.0 -360.0 70 -86 281.2559999999999 251.21999999999994 36
5690.0 610.2239999999998 24 6000.0 -310.0 62 -88 279.04499999999996 268.928 31
3690.0 476.4339999999999 18 4080.0 -420.0 65 -79 172.254 172.58799999999997 31
3400.0 406.7909999999999 22 3870.0 -560.0 85 -58 200.49699999999999 161.245 56
3000.0 395.96799999999996 20 3570.0 -750.0 89 -61 157.636 152.573 75
4560.0 520.0359999999998 21 4980.0 -470.0 74 -74 232.97199999999998 218.51999999999995 47
3640.0 405.37300000000005 17 3900.0 -260.0 53 -66 179.607 148.057 26
3795.0 520.6880000000001 18 4200.0 -405.0 70 -81 215.60599999999997 189.24799999999996 30
3410.0 345.1749999999999 18 3660.0 -450.0 92 -48 169.13599999999997 154.60799999999998 45
4825.0 541.1099999999999 21 5220.0 -395.0 75 -73 262.18699999999995 224.48499999999999 35
3760.0 401.87199999999996 19 4020.0 -260.0 53 -61 185.948 160.57399999999998 26
3940.0 460.973 15 4200.0 -260.0 52 -73 197.40599999999995 180.04199999999997 26
6740.0 701.751 22 7290.0 -550.0 103 -125 253.16799999999995 308.69899999999996 55
3920.0 491.9939999999998 23 4230.0 -310.0 58 -64 199.262 183.11000000000004 31
4730.0 580.8439999999997 18 5160.0 -470.0 95 -89 199.95499999999998 242.22 47
4315.0 423.604 20 4650.0 -335.0 53 -68 175.20799999999997 184.60499999999996 23
4060.0 513.122 17 4410.0 -390.0 76 -76 201.83999999999997 202.58199999999994 41
4150.0 472.8410000000001 14 4530.0 -1370.0 106 -79 167.404 183.19899999999998 236
4535.0 567.4449999999999 20 4890.0 -355.0 60 -93 231.19299999999998 220.71599999999998 25
3690.0 422.35700000000014 19 3960.0 -300.0 57 -67 188.65699999999995 163.401 29
3090.0 420.2139999999998 16 3420.0 -330.0 54 -67 161.44899999999998 146.88599999999997 22
6600.0 630.4430000000001 20 6990.0 -705.0 123 -103 257.149 287.22099999999995 60
3490.0 377.85400000000004 16 3750.0 -260.0 53 -57 174.178 151.648 26
4010.0 483.47199999999987 19 4530.0 -600.0 83 -72 204.621 201.00199999999998 60
4505.0 521.2339999999999 15 4920.0 -415.0 75 -91 196.01899999999998 206.483 33
4130.0 474.5589999999999 17 4380.0 -250.0 51 -81 197.92499999999998 172.38899999999998 25
5100.0 558.6249999999998 22 5430.0 -330.0 67 -76 267.3019999999999 238.46599999999998 33
4690.0 581.3230000000001 19 5070.0 -380.0 77 -85 248.706 219.91599999999994 38
5450.0 665.9149999999998 20 5970.0 -580.0 106 -89 287.80600000000004 254.27099999999996 58
5610.0 980.0309999999994 20 6120.0 -530.0 73 -84 263.72400000000005 234.59299999999996 53
3170.0 406.198 14 3720.0 -570.0 79 -56 185.361 163.88299999999995 57
4180.0 467.1979999999999 19 4440.0 -260.0 53 -71 212.65599999999998 183.164 26
4220.0 428.084 18 4560.0 -340.0 69 -83 183.886 140.177 34
4230.0 438.6249999999998 15 4620.0 -390.0 60 -66 183.65499999999997 187.407 28
4150.0 447.195 19 4410.0 -260.0 53 -73 186.81599999999997 191.29800000000006 26
5700.0 532.1510000000002 19 5970.0 -270.0 55 -96 191.55099999999993 226.02699999999996 27
5125.0 635.4569999999999 17 5580.0 -455.0 80 -103 255.8209999999999 243.71699999999996 35
3870.0 445.3359999999998 15 4200.0 -480.0 85 -76 154.036 175.24599999999998 37
2250.0 383.65999999999997 16 2970.0 -730.0 82 -56 175.389 136.00400000000002 73
3930.0 479.0139999999998 19 4230.0 -300.0 61 -75 226.882 179.44499999999996 30
4395.0 505.112 18 4710.0 -435.0 97 -74 220.03099999999995 202.441 29
3360.0 412.86299999999994 15 3720.0 -360.0 73 -76 125.16499999999998 168.20099999999996 36
4650.0 543.619 16 4950.0 -300.0 55 -84 203.35 208.51299999999998 30
4495.0 626.1080000000001 22 4860.0 -365.0 62 -85 303.27 221.82999999999996 26
3680.0 543.6339999999999 16 4140.0 -460.0 74 -92 174.475 166.25300000000001 46
3280.0 357.1269999999999 16 3630.0 -360.0 74 -55 161.584 159.80199999999996 36
3250.0 488.73799999999983 17 3510.0 -260.0 53 -85 197.49499999999992 154.57299999999998 26
4390.0 456.541 23 4680.0 -290.0 59 -74 205.235 195.80100000000002 29
4380.0 531.5289999999999 21 4950.0 -570.0 52 -75 243.822 202.17099999999996 57
3950.0 516.1349999999999 18 4290.0 -550.0 103 -80 206.57799999999997 189.73999999999992 55
3800.0 482.81300000000016 13 4380.0 -600.0 91 -62 200.20199999999994 212.63899999999995 60
4380.0 586.1629999999998 21 5040.0 -670.0 123 -97 211.74699999999993 217.99399999999994 67
5925.0 611.6719999999999 21 6330.0 -405.0 70 -78 293.76199999999994 278.551 30
5140.0 606.4189999999999 21 5490.0 -350.0 60 -84 278.0339999999999 221.10000000000002 35
3590.0 466.00899999999996 18 3840.0 -250.0 51 -71 202.26099999999997 173.078 25
5530.0 676.996 22 5820.0 -290.0 59 -95 301.93399999999997 246.86699999999996 29
4030.0 474.62399999999985 15 4290.0 -260.0 53 -71 182.43799999999996 204.1809999999999 26
3350.0 650.617 17 4050.0 -700.0 54 -79 197.16499999999996 186.88800000000003 70
4510.0 620.6849999999998 17 4980.0 -470.0 82 -97 234.19800000000006 216.93799999999996 36
3630.0 1040.9239999999993 16 4320.0 -700.0 104 -81 225.75799999999998 199.9869999999999 70
3450.0 397.03499999999997 15 3690.0 -240.0 49 -74 142.67100000000002 156.883 24
3760.0 505.31799999999987 16 4140.0 -400.0 82 -72 224.78099999999995 196.28099999999998 40
4450.0 472.947 18 4770.0 -360.0 73 -70 199.53699999999995 202.33299999999997 36
4260.0 512.013 19 4620.0 -360.0 72 -81 198.13500000000002 196.35299999999998 36
3740.0 405.03499999999997 14 4410.0 -670.0 69 -74 165.77999999999994 158.018 67
5520.0 699.3099999999997 19 6000.0 -480.0 96 -113 249.04199999999994 266.815 48
5460.0 550.989 21 5790.0 -330.0 53 -81 248.63299999999998 225.50799999999992 22
4930.0 640.8030000000002 24 5520.0 -590.0 61 -95 236.384 239.16199999999998 59
3110.0 354.72599999999994 15 3540.0 -490.0 71 -53 158.332 160.96600000000004 49
3360.0 441.39000000000004 15 3630.0 -270.0 55 -71 181.64600000000002 155.07500000000005 27
3455.0 403.01599999999996 19 3870.0 -415.0 72 -73 156.59199999999998 149.78599999999997 31
4500.0 513.0069999999998 22 4890.0 -390.0 59 -78 208.71899999999997 200.55499999999998 28
3850.0 524.9209999999998 19 4380.0 -530.0 73 -83 184.28300000000002 191.236 73
4120.0 587.7489999999997 18 4500.0 -400.0 82 -96 247.12299999999996 205.487 40
3425.0 504.3300000000001 17 3900.0 -475.0 66 -77 208.89000000000001 193.47899999999998 37
3800.0 506.194 21 4260.0 -460.0 79 -77 207.31899999999996 203.411 46
2790.0 390.4749999999999 17 3090.0 -300.0 50 -56 203.64199999999997 131.969 30
3180.0 393.59799999999996 17 3450.0 -270.0 55 -61 147.73000000000002 144.998 27
5070.0 554.054 17 5550.0 -480.0 78 -92 203.402 259.32099999999997 36
3500.0 413.53099999999984 15 3750.0 -250.0 51 -71 153.98499999999996 172.41700000000003 25
5715.0 661.582 26 6150.0 -435.0 76 -105 274.151 260.3929999999999 33
3510.0 450.514 15 3870.0 -360.0 59 -73 202.18399999999997 169.08599999999996 24
4070.0 468.12899999999985 18 4320.0 -250.0 51 -72 199.47399999999996 202.69399999999996 25
4960.0 543.9050000000001 24 5550.0 -650.0 102 -85 209.61400000000006 221.41700000000003 65
4575.0 527.1489999999999 18 4950.0 -375.0 64 -87 202.68099999999998 224.97899999999996 27
3760.0 424.24499999999995 19 4080.0 -530.0 100 -70 179.68399999999997 169.64199999999997 46
5040.0 467.9859999999999 19 5460.0 -420.0 79 -86 186.17799999999997 207.32099999999997 36
6050.0 623.317 21 6450.0 -440.0 89 -94 252.24499999999995 292.80499999999995 44
2420.0 299.661 14 2670.0 -250.0 51 -50 120.82600000000001 111.93099999999998 25
3640.0 466.95499999999976 18 4080.0 -450.0 92 -79 184.43999999999997 179.216 45
4830.0 604.11 20 5100.0 -270.0 54 -85 272.281 221.861 27
2990.0 478.09899999999976 15 3300.0 -490.0 100 -80 172.522 142.24099999999999 49
4360.0 585.1420000000002 20 4860.0 -520.0 98 -89 230.32499999999993 217.38099999999994 52
4680.0 480.3700000000001 17 4920.0 -240.0 49 -79 203.98000000000002 209.06399999999996 24
5680.0 604.161 20 5970.0 -290.0 59 -91 274.188 250.27700000000002 29
4120.0 417.39900000000006 19 4500.0 -390.0 80 -56 203.66699999999997 190.49799999999993 39
4550.0 534.9 20 4920.0 -370.0 68 -82 239.16799999999995 213.45499999999998 37
4450.0 515.8539999999999 20 4680.0 -230.0 47 -88 226.484 202.40199999999996 23
2835.0 436.08099999999996 18 3180.0 -345.0 60 -61 165.41999999999996 138.913 41
3960.0 490.1079999999999 18 4290.0 -330.0 54 -73 200.19299999999996 186.43399999999997 22
4770.0 491.7909999999999 17 5010.0 -240.0 49 -75 213.70599999999996 209.30499999999998 24
4050.0 497.33199999999994 18 4590.0 -540.0 109 -64 224.525 191.603 54
5110.0 639.83 24 5460.0 -350.0 71 -93 300.47299999999996 245.67699999999996 35
5360.0 584.156 19 5730.0 -370.0 75 -106 195.971 238.44399999999993 37
4300.0 638.5749999999999 19 4680.0 -380.0 77 -96 239.14599999999996 215.93899999999996 38
2980.0 360.48199999999997 16 3360.0 -380.0 63 -59 128.92199999999997 146.04600000000002 42
2950.0 410.4059999999999 15 3390.0 -440.0 67 -72 157.044 144.13999999999996 44
3630.0 593.7219999999998 16 4140.0 -510.0 74 -89 223.60799999999998 186.64700000000002 51
4630.0 468.6409999999999 18 4830.0 -200.0 41 -73 212.88999999999996 211.24699999999996 20
2630.0 469.78999999999996 13 3060.0 -440.0 88 -77 159.76999999999998 146.148 44
4305.0 479.71799999999973 19 4620.0 -315.0 56 -62 225.51799999999994 205.46 38
2830.0 410.5609999999999 15 3120.0 -290.0 59 -76 160.451 137.517 29
4760.0 529.456 20 5100.0 -340.0 62 -75 234.96 220.028 34
4010.0 522.241 21 4440.0 -480.0 98 -66 232.58100000000002 208.74699999999999 48
4650.0 522.5549999999998 21 4890.0 -240.0 49 -70 259.06199999999995 223.99999999999991 24
5190.0 646.1990000000001 20 5640.0 -450.0 69 -90 281.1499999999999 250.59500000000006 34
4220.0 443.45399999999995 16 4470.0 -250.0 51 -66 192.39399999999995 198.8499999999999 25
3930.0 462.63199999999995 18 4410.0 -480.0 81 -87 169.05399999999995 189.079 48
4255.0 616.101 22 4800.0 -545.0 91 -100 206.937 220.72199999999995 59
4010.0 388.76199999999994 16 4260.0 -250.0 51 -54 169.96599999999998 190.531 25
3240.0 383.59900000000005 16 3630.0 -390.0 60 -78 141.535 149.21900000000002 28
3920.0 485.173 16 4260.0 -340.0 69 -91 167.341 193.046 34
4060.0 439.3129999999999 16 4410.0 -350.0 62 -68 179.291 189.62599999999998 40
3530.0 482.3019999999998 17 3810.0 -280.0 57 -73 197.82999999999998 171.969 28
4010.0 507.809 17 4290.0 -360.0 69 -87 208.98900000000003 167.17999999999995 36
4420.0 538.9630000000001 14 4980.0 -620.0 126 -94 185.61899999999994 201.45799999999994 62
5130.0 525.4149999999998 20 5430.0 -300.0 61 -81 235.37899999999996 220.84899999999993 30
4650.0 574.5189999999998 23 4980.0 -330.0 67 -82 265.7759999999999 227.49699999999996 33
5040.0 619.63 23 5400.0 -360.0 66 -95 282.10799999999995 223.54299999999998 36
4870.0 520.2579999999999 22 5280.0 -410.0 70 -77 203.03899999999996 223.48199999999994 30
3310.0 459.63699999999983 14 3690.0 -380.0 75 -83 173.88599999999997 162.339 38
3210.0 385.8379999999999 17 3540.0 -330.0 67 -64 157.481 154.77499999999998 33
4740.0 483.7990000000001 18 5220.0 -530.0 84 -86 176.487 216.65899999999996 53
4640.0 523.6889999999999 17 5010.0 -390.0 80 -64 250.75899999999996 227.47699999999995 39
5690.0 628.431 21 6090.0 -400.0 81 -100 283.81499999999994 235.67299999999994 40
4280.0 557.5180000000001 17 5220.0 -980.0 118 -90 244.169 197.457 98
5060.0 607.2279999999997 19 5520.0 -460.0 93 -104 229.63300000000004 231.08199999999994 46
3520.0 415.175 17 3900.0 -390.0 80 -60 170.119 170.037 39
3710.0 406.305 14 4110.0 -400.0 78 -83 118.19200000000001 143.32 40
3890.0 514.7359999999999 21 4380.0 -670.0 103 -75 207.53599999999994 204.29799999999997 67
4150.0 2069.162999999999 16 5370.0 -1220.0 115 -82 267.95000000000005 248.28899999999993 122
4785.0 483.88699999999994 21 5310.0 -525.0 71 -69 210.20499999999998 225.743 42
5220.0 509.282 18 5700.0 -490.0 100 -84 196.884 233.897 49
2380.0 399.11099999999993 12 2880.0 -580.0 87 -72 116.44999999999997 127.14299999999999 58
4740.0 691.9979999999999 21 5190.0 -450.0 74 -90 275.368 235.30999999999995 45
4100.0 487.335 18 4350.0 -250.0 51 -72 199.50999999999996 211.724 25
3790.0 543.8649999999998 19 4170.0 -380.0 76 -85 240.93599999999995 177.26699999999997 38
5130.0 543.034 19 5580.0 -470.0 94 -91 222.72199999999998 237.86199999999997 47
5640.0 587.692 24 5970.0 -330.0 58 -84 273.021 252.62499999999997 33
3480.0 518.4499999999998 17 3840.0 -400.0 81 -87 203.01399999999995 166.37099999999998 40
3400.0 508.60299999999995 19 3930.0 -630.0 128 -84 213.45899999999992 165.57199999999997 63
4180.0 559.857 19 4620.0 -440.0 81 -85 233.093 184.65199999999993 44
2120.0 570.1510000000001 12 3210.0 -1190.0 75 -56 119.39999999999998 132.33499999999998 214
4175.0 555.8229999999999 16 4920.0 -805.0 133 -92 223.43699999999995 219.78499999999994 70
5070.0 567.575 19 5490.0 -420.0 84 -102 207.38699999999997 211.255 42
4400.0 600.423 21 4800.0 -440.0 89 -96 254.09899999999996 210.47500000000002 44
4500.0 679.5149999999999 23 4860.0 -360.0 73 -100 258.9889999999999 244.327 36
4140.0 486.1019999999999 17 4500.0 -360.0 72 -77 217.83999999999997 173.03799999999993 36
4460.0 596.32 19 4890.0 -430.0 69 -81 251.04199999999997 213.24599999999998 43
3600.0 534.2119999999999 19 3990.0 -390.0 79 -89 175.89799999999997 189.25799999999998 39
5020.0 634.0119999999998 18 5370.0 -350.0 71 -92 305.9319999999999 217.95899999999995 35
5220.0 503.6809999999999 19 5550.0 -480.0 85 -72 229.07699999999994 235.03499999999997 37
3360.0 443.19899999999984 18 3690.0 -330.0 54 -70 162.893 164.55199999999996 22
3855.0 525.2429999999998 19 4200.0 -465.0 82 -79 210.9559999999999 192.45299999999995 35
4520.0 538.158 22 4830.0 -310.0 62 -83 232.41 216.06399999999996 31
2690.0 328.70099999999996 16 2940.0 -250.0 51 -41 152.03399999999996 134.515 25
4270.0 557.1659999999998 21 4650.0 -380.0 72 -87 216.72899999999993 200.54899999999998 38
4560.0 583.6560000000001 17 5040.0 -480.0 84 -100 213.3759999999999 217.981 37
3960.0 863.2469999999995 15 4590.0 -630.0 99 -83 180.75599999999991 199.56499999999994 63
4470.0 509.4509999999999 19 4740.0 -270.0 55 -71 208.04399999999998 205.434 27
5250.0 444.8399999999998 20 5490.0 -240.0 49 -75 195.089 222.41599999999997 24
5490.0 677.018 23 6120.0 -630.0 85 -84 276.32199999999995 251.196 63
4350.0 533.7839999999997 19 4680.0 -330.0 55 -68 252.18799999999993 216.57999999999993 33
4330.0 483.7919999999999 17 4800.0 -470.0 68 -77 191.024 217.017 47
3610.0 432.0889999999999 16 3900.0 -290.0 59 -71 159.36499999999998 162.61599999999996 29
3460.0 431.331 20 3900.0 -480.0 72 -61 212.95399999999995 164.12499999999997 48
6790.0 663.4560000000001 23 7230.0 -440.0 80 -108 285.3190000000001 280.8919999999999 44
3660.0 485.98899999999986 16 3930.0 -270.0 55 -70 203.75799999999995 183.82599999999994 27
4520.0 502.13999999999993 23 4770.0 -250.0 51 -77 214.01099999999994 207.68499999999997 25
4475.0 625.9319999999997 20 5340.0 -945.0 139 -103 241.7329999999999 237.189 84
4730.0 510.6949999999998 17 5040.0 -310.0 63 -87 212.33699999999996 202.159 31
5835.0 511.68199999999996 21 6150.0 -315.0 52 -94 217.621 222.95999999999995 21
3960.0 361.27099999999996 17 4260.0 -300.0 61 -65 140.62499999999997 182.44299999999996 30
3325.0 406.015 19 3720.0 -475.0 84 -66 155.235 158.59999999999997 37
3920.0 498.518 20 4260.0 -340.0 69 -75 215.774 181.13299999999998 34
2980.0 368.40900000000005 16 3240.0 -260.0 53 -56 142.52 148.371 26
4340.0 461.90799999999996 20 4620.0 -280.0 57 -76 194.09899999999996 211.28499999999997 28
3440.0 466.448 17 3810.0 -370.0 61 -71 171.435 172.51000000000005 37
4460.0 606.4089999999999 19 4890.0 -430.0 76 -99 226.19999999999996 206.72199999999995 43
3140.0 440.32399999999996 16 3480.0 -340.0 69 -69 156.91399999999996 164.798 34
5060.0 671.5709999999999 21 5400.0 -580.0 119 -99 299.596 252.85499999999996 58
5310.0 501.47400000000016 20 5640.0 -480.0 85 -77 228.934 223.498 37
4125.0 485.50399999999985 16 4560.0 -475.0 85 -85 168.40699999999995 185.98499999999996 50
3830.0 380.454 14 4080.0 -250.0 51 -70 133.431 168.24099999999993 25
5355.0 627.207 20 5760.0 -405.0 69 -87 295.91499999999996 255.25699999999995 29
3210.0 1760.1270000000002 17 4380.0 -1270.0 124 -75 204.44699999999997 197.28099999999998 127
3795.0 510.521 19 4170.0 -375.0 64 -82 213.102 179.36099999999996 27
2950.0 430.6049999999999 16 3240.0 -290.0 54 -72 175.378 139.834 29
3790.0 439.56799999999987 17 4050.0 -260.0 53 -67 211.97099999999995 158.48400000000004 26
3660.0 516.2059999999999 17 3930.0 -270.0 54 -73 225.32999999999998 175.92199999999997 27
4080.0 482.5550000000001 15 4500.0 -420.0 68 -73 226.20899999999997 192.6009999999999 42
4470.0 530.3629999999998 18 4800.0 -330.0 59 -77 196.44199999999995 206.97199999999998 33
4070.0 482.222 15 4470.0 -400.0 71 -83 178.68599999999995 190.06600000000003 38
4900.0 608.875 19 5280.0 -380.0 64 -84 281.3259999999999 244.408 38
4295.0 569.6559999999997 21 4710.0 -415.0 72 -81 256.74299999999994 213.66400000000004 31
3530.0 547.4570000000001 18 3900.0 -370.0 75 -71 237.60999999999996 170.86799999999997 37
5830.0 659.945 17 6480.0 -670.0 88 -99 223.011 202.741 67
3850.0 481.94300000000004 18 4230.0 -380.0 77 -85 161.66699999999997 177.80699999999996 38
3490.0 486.89300000000003 19 3750.0 -260.0 53 -71 221.707 174.90499999999997 26
3525.0 408.71299999999997 17 3840.0 -315.0 52 -62 168.674 171.213 21
5425.0 577.237 17 5760.0 -335.0 56 -90 246.1029999999999 233.562 23
4070.0 511.0489999999999 20 4500.0 -430.0 78 -84 212.12599999999995 184.35399999999998 43
4120.0 554.9059999999998 21 4650.0 -570.0 90 -79 222.76899999999998 215.31699999999992 57
4210.0 561.8289999999998 14 4650.0 -440.0 73 -93 202.808 176.332 44
4510.0 541.7879999999999 18 4860.0 -350.0 66 -82 243.61299999999994 223.11399999999998 35
3130.0 443.159 19 3540.0 -410.0 61 -62 174.326 165.29899999999995 30
4655.0 430.719 17 5100.0 -445.0 71 -78 154.43200000000002 207.76699999999994 34
3445.0 426.3239999999999 15 3720.0 -275.0 54 -71 160.10499999999996 157.24699999999999 29
5270.0 621.2280000000001 20 5610.0 -340.0 69 -102 229.146 225.71800000000002 34
4140.0 413.57199999999995 17 4410.0 -270.0 54 -68 168.90500000000003 156.93499999999997 27
4150.0 535.8280000000001 17 4680.0 -680.0 98 -88 171.11299999999997 174.19499999999994 57
3990.0 579.6070000000001 15 4350.0 -360.0 66 -81 251.28599999999994 209.54399999999998 36
4360.0 558.6510000000001 19 4710.0 -350.0 68 -84 230.55600000000004 217.02299999999997 35
3240.0 451.46700000000004 17 3690.0 -500.0 69 -63 195.75499999999997 151.74200000000002 39
3740.0 454.1419999999998 19 4290.0 -610.0 94 -73 184.58999999999997 173.09699999999998 61
4160.0 407.7119999999999 17 4560.0 -410.0 84 -55 197.726 195.50199999999998 41
4370.0 542.0980000000001 17 4740.0 -370.0 62 -81 212.00299999999996 204.228 26
4380.0 549.329 16 4710.0 -330.0 58 -84 223.31799999999998 210.331 33
4830.0 556.6600000000001 16 5100.0 -270.0 54 -81 254.79899999999998 223.54000000000002 27
4390.0 481.37600000000003 19 4710.0 -320.0 64 -65 221.83799999999994 226.60599999999997 32
4180.0 513.2829999999999 21 4560.0 -390.0 79 -69 242.08999999999997 213.34699999999995 39
5610.0 630.1389999999997 18 6120.0 -510.0 81 -106 238.51399999999992 246.73799999999997 51
3705.0 493.2159999999998 17 4050.0 -345.0 58 -78 209.87899999999996 177.86899999999997 24
4140.0 497.4869999999999 22 4440.0 -480.0 91 -72 213.737 191.62199999999993 48
4350.0 582.83 19 4710.0 -360.0 73 -92 272.428 182.731 36
3780.0 510.3719999999999 19 4110.0 -350.0 70 -68 235.60699999999994 184.49199999999993 35
3015.0 387.435 18 3450.0 -485.0 67 -61 153.463 151.516 38
3520.0 520.55 17 3990.0 -550.0 91 -79 217.66199999999998 174.86099999999996 55
4260.0 588.0160000000002 19 4620.0 -360.0 73 -91 234.271 221.23599999999993 36
2800.0 433.504 11 3180.0 -380.0 77 -82 134.18400000000003 138.37599999999995 38
4580.0 443.86600000000004 21 4890.0 -310.0 58 -74 182.65099999999998 166.69799999999998 31
4070.0 428.977 17 4350.0 -280.0 57 -59 194.2909999999999 193.23499999999996 28
3875.0 460.60999999999996 18 4380.0 -545.0 82 -69 207.75299999999993 181.74999999999997 44
3170.0 395.059 17 3480.0 -310.0 56 -59 175.524 134.33799999999997 31
3730.0 439.343 19 3990.0 -260.0 53 -68 198.472 171.694 26
4605.0 511.76699999999994 20 5010.0 -545.0 82 -85 224.92099999999994 198.025 56
3780.0 552.475 13 4770.0 -990.0 130 -96 176.65899999999996 222.76899999999998 99
5295.0 503.9379999999999 18 5610.0 -315.0 52 -89 207.71499999999997 223.39799999999994 21
5050.0 662.8259999999999 19 5490.0 -440.0 84 -106 248.18599999999998 254.98600000000002 44
5230.0 539.061 20 5490.0 -260.0 53 -90 229.09799999999996 222.92399999999998 26
2450.0 284.9919999999999 11 2700.0 -250.0 51 -53 97.12099999999998 110.05299999999998 25
4000.0 447.3209999999999 20 4260.0 -290.0 58 -67 193.27599999999998 199.95399999999998 28
6515.0 753.5750000000002 22 7140.0 -625.0 98 -110 318.018 300.578 52
4650.0 590.248 17 5130.0 -480.0 82 -102 210.43899999999996 214.929 48
3690.0 390.51 16 3960.0 -270.0 55 -55 183.154 174.644 27
3180.0 1544.9939999999992 17 4320.0 -1140.0 125 -81 172.49 192.26200000000003 114
3660.0 450.641 17 4230.0 -570.0 52 -71 194.28599999999997 172.89899999999997 57
3950.0 456.6479999999999 20 4200.0 -250.0 51 -80 194.91899999999993 173.361 25
4525.0 569.9599999999999 21 4950.0 -470.0 74 -76 266.3709999999999 229.39 46
3980.0 682.3689999999998 12 5130.0 -1200.0 142 -93 203.07399999999996 220.62299999999996 138
5070.0 544.454 20 5400.0 -330.0 54 -85 237.673 234.22999999999993 22
5790.0 526.856 19 6030.0 -240.0 49 -99 226.19099999999997 218.75599999999997 24
3520.0 450.4489999999999 16 3810.0 -290.0 54 -70 190.567 166.886 29
4980.0 534.087 16 5310.0 -330.0 67 -98 185.578 221.48100000000005 33
4790.0 536.7709999999997 19 5070.0 -280.0 57 -93 244.29299999999998 184.808 28
7285.0 521.9439999999997 13 7920.0 -635.0 117 -128 184.12799999999993 165.25899999999996 53
4250.0 434.99199999999996 18 4500.0 -310.0 63 -66 185.44699999999997 185.976 31
4095.0 640.0449999999997 17 4740.0 -675.0 103 -82 215.20299999999995 181.477 79
4320.0 504.30199999999996 18 4590.0 -270.0 54 -78 201.969 190.796 27
3950.0 569.8160000000003 18 4500.0 -650.0 92 -88 203.52199999999996 190.198 54
4705.0 521.576 15 5100.0 -395.0 66 -79 207.61499999999998 207.912 27
3830.0 453.2599999999997 18 4140.0 -310.0 63 -69 202.92299999999994 181.38 31
4030.0 563.6039999999999 18 4350.0 -320.0 65 -82 255.624 200.251 32
3820.0 441.69000000000005 18 4170.0 -350.0 55 -80 145.506 172.779 24
3120.0 414.65400000000005 15 3390.0 -270.0 55 -55 212.492 156.231 27
5325.0 602.695 20 5730.0 -405.0 70 -100 252.54199999999997 239.19299999999998 30
3860.0 526.6039999999998 19 4140.0 -280.0 56 -78 182.82999999999993 195.59099999999995 28
3820.0 462.9439999999999 16 4170.0 -350.0 71 -64 198.481 190.39600000000002 35
3330.0 443.248 17 3660.0 -330.0 67 -69 202.36499999999995 159.517 33
4620.0 489.277 21 4950.0 -330.0 67 -79 200.921 203.98299999999992 33
3825.0 383.88599999999997 19 4140.0 -315.0 52 -50 174.745 169.27199999999996 21
3750.0 1974.169999999999 18 4890.0 -1140.0 115 -73 187.40800000000002 195.44299999999998 114
6330.0 706.7819999999999 21 6750.0 -420.0 86 -116 281.65 291.018 42
3530.0 393.329 13 3780.0 -250.0 51 -63 171.86599999999996 148.90999999999994 25
4990.0 572.644 21 5400.0 -410.0 75 -87 246.19199999999995 248.14499999999995 41
5220.0 485.9919999999998 21 5580.0 -360.0 72 -81 189.18099999999998 191.45700000000002 36
3305.0 627.635 15 3930.0 -775.0 72 -69 162.874 207.305 126
5030.0 643.3489999999997 22 5670.0 -680.0 126 -98 278.172 261.2749999999999 57
4135.0 517.9610000000001 20 4590.0 -485.0 86 -69 236.67600000000002 193.584 51
4080.0 548.3219999999999 19 4500.0 -420.0 77 -83 194.806 199.85099999999994 42
4090.0 576.847 19 4530.0 -440.0 63 -74 201.38899999999998 197.94199999999995 33
4470.0 475.67199999999997 18 4740.0 -270.0 55 -66 184.66299999999995 206.13699999999994 27
3750.0 490.782 16 4200.0 -450.0 76 -87 192.94499999999994 167.653 49
5025.0 557.7950000000001 20 5370.0 -345.0 58 -82 254.548 239.50399999999996 24
3880.0 432.3569999999999 21 4140.0 -260.0 52 -61 191.43600000000006 181.91799999999995 26
3460.0 479.901 16 3810.0 -350.0 71 -74 213.66599999999994 166.085 35
3370.0 400.409 22 3720.0 -360.0 73 -59 180.29299999999998 162.911 36
4050.0 630.6489999999999 19 4530.0 -500.0 97 -89 278.2109999999999 201.414 54
5960.0 644.5360000000001 15 6450.0 -490.0 74 -110 235.65199999999996 285.996 39
3860.0 574.8810000000001 22 4140.0 -280.0 57 -77 293.69799999999987 196.50500000000002 28
5490.0 582.2670000000002 22 5760.0 -270.0 55 -91 257.257 240.096 27
3630.0 323.24299999999994 18 3870.0 -240.0 49 -50 140.29999999999998 165.70299999999997 24
4960.0 504.2790000000001 17 5220.0 -410.0 83 -79 227.14199999999994 207.32399999999996 41
5200.0 624.1299999999998 20 5550.0 -350.0 71 -89 218.44099999999992 277.1789999999999 35
3650.0 428.16099999999994 19 3900.0 -370.0 62 -61 189.133 174.731 37
4620.0 489.97499999999985 25 4860.0 -300.0 61 -78 214.43099999999995 204.25300000000001 30
4730.0 551.9350000000002 16 4980.0 -320.0 59 -83 220.554 235.13099999999997 39
4290.0 572.656 18 4740.0 -460.0 93 -83 239.16700000000006 197.9689999999999 46
3595.0 390.5209999999999 20 3990.0 -395.0 68 -62 172.729 150.945 29
3700.0 385.659 20 4020.0 -480.0 79 -61 177.44399999999993 156.086 48
4520.0 572.084 23 4950.0 -430.0 78 -98 220.815 214.28199999999998 43
3410.0 411.5399999999999 16 3660.0 -250.0 51 -63 185.78899999999996 167.85099999999997 25
4175.0 537.2599999999999 19 4770.0 -595.0 88 -81 248.83899999999994 193.69599999999997 49
