755.0 213.614 14 1560.0 -840.0 90 -52 78.757 65.53099999999999 168
920.0 233.738 15 1350.0 -460.0 62 -54 72.551 65.40100000000001 86
995.0 213.03199999999998 16 1470.0 -505.0 55 -54 72.585 65.68599999999999 97
2555.0 354.33400000000006 18 2850.0 -295.0 75 -86 104.19599999999997 108.89400000000003 35
2105.0 302.58 17 2520.0 -415.0 84 -67 117.67000000000003 100.97599999999998 63
1485.0 255.37199999999999 18 2010.0 -525.0 61 -67 81.207 77.40299999999999 105
1445.0 225.91900000000004 10 1830.0 -385.0 50 -60 78.70400000000004 65.83299999999996 77
1630.0 281.48699999999997 20 1890.0 -260.0 64 -62 100.429 91.48799999999999 32
1070.0 257.0760000000001 15 1440.0 -370.0 48 -59 95.61300000000003 66.01799999999997 74
1255.0 243.00100000000012 11 1770.0 -515.0 54 -62 63.08899999999999 76.212 101
1375.0 236.61099999999996 16 1770.0 -395.0 52 -59 85.40899999999996 61.01299999999999 79
1080.0 291.3989999999999 20 1320.0 -240.0 71 -79 94.113 57.464999999999996 22
1515.0 229.64199999999997 12 1890.0 -375.0 75 -59 79.01399999999998 60.42499999999998 53
1590.0 273.87899999999985 17 2190.0 -600.0 66 -68 90.199 90.22100000000003 116
1480.0 249.63600000000002 15 1740.0 -290.0 74 -72 66.23799999999999 69.94199999999998 34
1085.0 206.88900000000004 16 1500.0 -415.0 54 -57 68.85499999999998 53.471 83
1215.0 268.64299999999986 14 1590.0 -375.0 50 -60 97.89400000000002 68.78800000000001 75
1565.0 237.54799999999997 16 1920.0 -355.0 46 -63 76.19700000000002 77.17699999999999 71
1280.0 302.86199999999997 24 1650.0 -505.0 93 -67 104.98099999999998 82.541 83
1010.0 194.87300000000008 13 1680.0 -670.0 58 -49 58.240999999999985 64.32900000000002 132
1380.0 289.87199999999996 19 1680.0 -300.0 64 -71 112.194 67.74 44
1580.0 263.67199999999997 18 1980.0 -400.0 52 -68 99.03300000000002 75.09099999999998 80
1080.0 260.108 12 1830.0 -805.0 90 -60 64.81899999999999 63.77600000000001 161
1155.0 222.07200000000003 17 1560.0 -405.0 53 -63 74.28199999999998 56.761999999999986 81
1240.0 227.66800000000003 19 1590.0 -350.0 46 -57 74.963 69.12299999999999 70
710.0 169.486 15 1170.0 -460.0 42 -43 59.21199999999999 46.26599999999999 92
1810.0 291.036 21 2220.0 -410.0 54 -67 112.11800000000002 93.55599999999998 82
1305.0 244.05700000000002 17 1770.0 -465.0 61 -67 78.56799999999998 74.77299999999997 93
965.0 228.27300000000005 14 1230.0 -265.0 65 -66 57.52899999999999 49.917999999999985 33
1245.0 251.05400000000006 15 1710.0 -465.0 55 -60 100.47599999999998 65.414 93
1345.0 218.29600000000002 14 1800.0 -455.0 43 -61 77.33400000000003 63.690999999999995 91
1355.0 231.97700000000003 18 1710.0 -355.0 73 -60 85.497 62.85399999999999 53
1165.0 260.6510000000001 22 1590.0 -545.0 64 -60 114.15400000000002 55.355000000000004 109
1430.0 207.78199999999993 14 1770.0 -340.0 45 -57 67.673 64.96199999999999 68
760.0 213.92499999999995 14 1170.0 -480.0 78 -53 75.484 52.513 78
1320.0 244.16299999999998 15 1800.0 -570.0 114 -59 92.673 70.329 88
1275.0 263.27700000000004 18 1470.0 -195.0 65 -68 93.77799999999998 54.90399999999999 13
1610.0 283.3429999999999 17 2250.0 -680.0 105 -66 92.48399999999998 97.42799999999998 103
465.0 196.83899999999994 16 1020.0 -555.0 56 -48 69.038 49.218999999999994 111
1595.0 227.19800000000006 17 2010.0 -415.0 54 -56 84.89200000000002 71.91100000000003 83
1860.0 290.0599999999999 15 2130.0 -270.0 90 -81 70.243 82.11900000000001 18
920.0 186.88 18 1320.0 -400.0 47 -57 52.44399999999999 54.56199999999999 80
1550.0 274.31899999999996 18 2130.0 -630.0 76 -64 98.20300000000002 85.08199999999997 126
1450.0 300.06399999999996 16 1710.0 -260.0 64 -75 107.802 61.26999999999997 32
925.0 194.03200000000007 12 1290.0 -365.0 47 -59 57.70100000000001 48.92799999999999 73
1125.0 273.39500000000004 19 1500.0 -375.0 51 -57 113.15599999999999 64.87799999999999 75
1615.0 227.37299999999993 12 1860.0 -515.0 81 -55 74.49599999999998 77.47900000000001 85
1495.0 235.54800000000014 14 2130.0 -635.0 73 -65 62.156 84.828 127
1090.0 233.17899999999995 15 1410.0 -320.0 42 -44 101.003 70.004 64
1345.0 299.264 17 1620.0 -275.0 71 -80 95.45199999999998 71.90400000000002 29
1585.0 250.498 19 1830.0 -245.0 59 -66 83.58099999999999 70.14799999999998 31
1650.0 272.32900000000006 16 1980.0 -330.0 86 -69 76.171 69.524 38
1785.0 292.5449999999999 18 1980.0 -195.0 65 -81 86.80799999999999 76.25699999999999 13
990.0 288.4099999999999 18 1410.0 -420.0 67 -78 100.18699999999998 62.77199999999997 66
1490.0 213.55699999999996 19 2010.0 -520.0 59 -54 83.17100000000003 72.536 104
1535.0 276.805 16 1800.0 -265.0 65 -83 87.447 63.78199999999998 33
1000.0 200.64799999999994 13 1530.0 -605.0 113 -61 60.84099999999999 52.62299999999999 97
725.0 182.72299999999998 10 1230.0 -615.0 63 -46 62.821000000000026 49.085999999999984 123
1095.0 244.89800000000002 14 1800.0 -705.0 133 -60 82.885 72.956 111
1825.0 252.596 21 2070.0 -245.0 59 -70 75.47699999999998 81.81499999999998 31
910.0 202.997 15 1410.0 -500.0 51 -58 70.98999999999997 44.876999999999995 100
715.0 173.779 13 1170.0 -455.0 43 -45 63.89699999999999 43.221999999999994 91
980.0 212.60299999999998 20 1350.0 -430.0 56 -57 69.981 53.568 86
960.0 210.33599999999998 17 1410.0 -640.0 65 -57 69.64999999999999 55.31799999999998 128
1060.0 237.31800000000007 19 1530.0 -485.0 63 -68 75.549 58.684 95
2060.0 303.91700000000003 15 2340.0 -420.0 76 -62 117.21800000000002 90.39199999999998 62
2155.0 306.50900000000007 17 2670.0 -515.0 67 -79 110.86000000000003 97.208 103
2270.0 298.57700000000006 14 2670.0 -400.0 59 -73 98.45700000000002 91.86699999999999 76
1290.0 251.42000000000007 19 1680.0 -390.0 51 -62 85.12700000000002 76.22399999999999 78
1030.0 216.13399999999993 17 1440.0 -410.0 54 -57 71.03599999999997 55.18600000000001 82
1220.0 239.71400000000003 13 1590.0 -580.0 66 -61 69.55199999999999 69.47200000000001 116
1520.0 264.7700000000001 17 2040.0 -520.0 58 -68 82.86600000000001 80.279 100
1875.0 282.39699999999993 13 2130.0 -255.0 61 -75 75.74300000000002 86.009 33
850.0 214.542 16 1260.0 -410.0 53 -63 69.80999999999999 41.681 82
1010.0 222.0689999999999 19 1380.0 -370.0 48 -58 78.15899999999998 53.21600000000001 74
1520.0 195.78199999999998 18 1770.0 -250.0 60 -51 72.697 60.60199999999999 32
1625.0 273.85499999999985 17 2040.0 -415.0 53 -62 101.76100000000001 92.18499999999996 83
850.0 190.616 17 1290.0 -440.0 57 -45 64.36899999999999 56.60299999999999 88
515.0 180.46200000000005 14 1020.0 -610.0 64 -53 55.97 41.971 122
845.0 182.48100000000002 14 1200.0 -355.0 46 -54 47.517 37.50399999999999 71
1675.0 321.9840000000001 23 2040.0 -365.0 80 -72 131.20999999999998 85.70399999999997 47
1115.0 245.24399999999994 22 1500.0 -385.0 50 -67 85.225 58.148 77
1455.0 222.08499999999998 17 1860.0 -405.0 67 -65 64.04599999999998 69.322 63
1055.0 199.862 17 1470.0 -415.0 50 -66 59.25699999999998 39.971 83
1295.0 194.528 10 1590.0 -295.0 39 -47 70.59800000000003 60.739999999999974 59
2120.0 257.72099999999995 18 2370.0 -250.0 72 -64 88.698 88.51899999999998 24
2295.0 318.48699999999997 15 2610.0 -315.0 69 -77 117.98300000000005 97.211 45
890.0 190.422 16 1350.0 -460.0 60 -54 60.627 50.715999999999994 92
1560.0 263.816 12 1860.0 -300.0 64 -67 98.44600000000003 63.66799999999998 44
1215.0 247.2400000000001 14 1740.0 -565.0 88 -63 78.687 67.159 103
1885.0 228.917 14 2130.0 -245.0 59 -67 65.50799999999998 58.992999999999995 31
1245.0 244.847 20 1680.0 -435.0 52 -64 83.63899999999998 73.168 85
680.0 221.13400000000004 14 1380.0 -760.0 109 -51 82.93999999999998 62.49400000000001 148
1325.0 281.1580000000001 16 1620.0 -295.0 66 -66 98.30999999999999 71.66799999999999 39
1325.0 216.26199999999997 15 1710.0 -385.0 50 -59 75.591 61.400999999999996 77
845.0 213.30900000000003 13 1320.0 -475.0 92 -65 59.55599999999999 45.022 69
725.0 190.01599999999996 17 1080.0 -355.0 47 -47 72.94999999999999 46.954 71
890.0 180.15299999999993 18 1230.0 -340.0 45 -47 57.72899999999999 56.37599999999999 68
865.0 247.0799999999999 20 1500.0 -635.0 72 -59 98.64099999999999 49.366 112
900.0 155.02299999999997 9 1230.0 -330.0 43 -46 41.065999999999974 41.46899999999999 66
700.0 176.316 14 1170.0 -470.0 44 -50 58.244999999999976 44.364999999999995 94
1630.0 273.7369999999999 12 2040.0 -410.0 64 -75 92.39499999999997 67.421 52
1440.0 246.3580000000001 15 1860.0 -420.0 56 -68 77.822 76.823 84
2065.0 274.31699999999995 19 2310.0 -365.0 67 -68 81.30600000000001 96.68 55
1960.0 288.8110000000001 14 2430.0 -470.0 62 -64 113.66900000000007 103.10099999999997 94
1975.0 269.834 14 2220.0 -245.0 59 -58 99.11100000000002 97.08199999999995 31
890.0 216.54700000000003 16 1440.0 -590.0 75 -52 74.985 61.42399999999999 118
600.0 206.93400000000008 19 1050.0 -450.0 58 -46 80.98699999999997 48.963 90
2340.0 264.698 10 2550.0 -210.0 70 -76 52.472 98.07599999999998 14
695.0 167.025 16 1050.0 -355.0 46 -48 52.82599999999999 38.768 71
530.0 204.78700000000006 16 1050.0 -520.0 50 -56 71.23 46.899999999999984 104
1195.0 184.39900000000003 14 1530.0 -485.0 109 -50 63.350999999999985 46.76599999999999 67
2120.0 308.222 19 2430.0 -325.0 65 -74 103.33900000000004 98.59799999999998 45
510.0 198.00800000000004 17 960.0 -450.0 52 -57 66.511 41.828 90
1120.0 235.72 16 1560.0 -440.0 57 -66 80.12799999999997 60.251 88
1120.0 236.79899999999992 18 1680.0 -560.0 63 -54 106.18499999999999 51.64600000000001 112
1010.0 174.982 17 1380.0 -370.0 49 -56 59.77199999999999 38.146 74
580.0 150.93600000000004 9 900.0 -320.0 42 -41 47.401 38.865999999999985 64
1365.0 285.17100000000016 15 1680.0 -315.0 71 -62 99.11400000000003 83.31800000000001 43
1235.0 226.15700000000004 17 1740.0 -595.0 67 -62 64.54499999999999 73.98299999999998 119
1250.0 229.44500000000002 16 1740.0 -490.0 59 -57 87.82400000000001 65.61700000000002 98
990.0 226.267 14 1350.0 -360.0 47 -52 102.45899999999997 53.469 72
2245.0 273.10800000000006 19 2610.0 -365.0 87 -77 68.59199999999998 96.49099999999999 47
1980.0 281.165 16 2430.0 -450.0 79 -67 87.25400000000002 101.69199999999998 70
1515.0 221.14100000000002 17 1920.0 -405.0 46 -56 84.22700000000002 65.58099999999997 81
1575.0 251.88599999999997 16 1770.0 -295.0 78 -63 88.42399999999998 60.434 33
1930.0 310.91 16 2370.0 -440.0 73 -76 105.149 97.00899999999999 78
2315.0 351.20799999999986 18 2670.0 -355.0 73 -87 126.177 97.827 51
1185.0 258.709 15 1470.0 -285.0 63 -63 88.64699999999999 48.590999999999994 35
645.0 189.78900000000002 11 1050.0 -405.0 53 -46 66.26199999999997 44.317999999999984 81
2100.0 325.03900000000004 16 2580.0 -480.0 70 -85 87.729 98.08899999999998 86
1625.0 257.25200000000007 18 2100.0 -475.0 57 -60 90.73399999999997 79.37399999999998 95
770.0 215.32199999999997 15 1170.0 -400.0 52 -60 75.57699999999998 41.85499999999999 80
1065.0 218.65099999999995 20 1650.0 -585.0 54 -60 76.37099999999998 57.96199999999999 117
1175.0 224.89599999999996 15 1470.0 -295.0 56 -70 74.06899999999999 44.57899999999999 45
345.0 202.11899999999994 15 1200.0 -875.0 104 -54 73.63799999999998 47.523999999999994 175
1375.0 278.641 19 1860.0 -485.0 56 -73 108.37599999999999 68.66299999999998 97
1205.0 311.5530000000001 17 1710.0 -505.0 65 -75 110.613 71.09999999999997 97
840.0 191.216 16 1200.0 -360.0 46 -49 66.71 43.78699999999999 72
1700.0 320.7989999999999 20 2040.0 -340.0 90 -83 108.946 90.91699999999997 38
1195.0 260.71000000000004 14 1590.0 -395.0 52 -66 102.998 57.862999999999985 79
1970.0 300.244 14 2370.0 -400.0 62 -64 114.562 96.34199999999998 51
1100.0 220.098 16 1740.0 -640.0 91 -59 64.809 64.46100000000001 116
1735.0 266.05999999999995 15 2220.0 -485.0 58 -71 102.96099999999998 74.945 97
1795.0 290.645 17 2190.0 -395.0 62 -69 103.53000000000003 79.80199999999995 49
875.0 222.88500000000005 19 1350.0 -475.0 56 -63 70.67999999999998 48.062 95
1175.0 215.6490000000001 15 1710.0 -580.0 76 -58 74.765 57.81599999999999 116
1320.0 254.57100000000003 20 1740.0 -420.0 55 -65 90.04400000000001 72.55299999999997 84
430.0 224.61200000000002 17 1290.0 -960.0 126 -51 82.07799999999999 52.989999999999995 144
1125.0 234.83099999999996 20 1590.0 -465.0 53 -64 79.26899999999998 62.95299999999998 93
1345.0 242.98399999999998 19 1770.0 -425.0 56 -71 80.631 62.50999999999998 85
1445.0 272.0349999999999 17 1710.0 -265.0 65 -68 104.13600000000001 62.76600000000001 33
2315.0 369.488 17 2730.0 -415.0 95 -87 112.295 111.74799999999999 53
1340.0 250.81200000000004 15 1890.0 -550.0 65 -59 75.022 74.65199999999999 106
1960.0 295.55 16 2220.0 -260.0 64 -65 122.894 82.30399999999997 32
760.0 277.8399999999998 16 1440.0 -680.0 69 -76 109.52 41.11 136
1165.0 314.8079999999999 17 1590.0 -425.0 64 -81 109.23899999999998 62.475 53
1175.0 268.2600000000001 19 1680.0 -555.0 78 -67 89.214 55.898999999999994 107
2615.0 317.67600000000004 21 2940.0 -325.0 73 -72 121.304 106.40499999999997 45
1185.0 248.26899999999998 17 1710.0 -525.0 64 -67 79.686 72.18699999999998 105
1470.0 238.16400000000004 12 1920.0 -450.0 50 -65 77.22300000000001 81.27999999999997 90
705.0 180.79299999999995 12 1170.0 -465.0 53 -45 64.29199999999997 45.199999999999996 93
960.0 253.00400000000002 20 1320.0 -360.0 47 -66 95.12399999999998 57.891 72
1765.0 300.8589999999999 13 2100.0 -335.0 89 -76 99.39600000000002 84.329 37
770.0 217.06499999999994 12 1170.0 -400.0 48 -49 94.79699999999998 46.32599999999999 80
945.0 198.45499999999998 19 1350.0 -405.0 53 -60 63.015 47.669000000000004 81
1400.0 288.1960000000001 14 1860.0 -460.0 58 -71 82.39699999999999 79.21000000000002 88
2085.0 332.59599999999995 15 2700.0 -615.0 88 -74 99.564 109.03200000000002 105
1560.0 297.5539999999999 20 1830.0 -375.0 125 -65 113.52699999999999 84.976 25
1280.0 195.94400000000007 17 1890.0 -610.0 65 -60 45.77099999999999 62.608000000000025 122
1210.0 251.43200000000007 19 1560.0 -350.0 63 -72 88.094 58.207 54
785.0 199.021 15 1170.0 -385.0 50 -54 69.87399999999998 49.544 77
1080.0 218.183 15 1440.0 -360.0 47 -57 75.001 56.71799999999999 72
525.0 174.82400000000007 18 1110.0 -585.0 61 -48 64.33 45.92 117
1045.0 226.66500000000002 16 1470.0 -425.0 48 -61 75.975 55.544999999999995 85
650.0 198.47899999999998 16 1110.0 -460.0 52 -56 70.41699999999999 48.663000000000004 92
730.0 173.60199999999998 15 1080.0 -350.0 44 -47 45.46899999999998 50.03999999999999 70
1095.0 300.434 17 1470.0 -375.0 81 -65 114.32100000000001 80.737 55
680.0 167.40600000000003 13 1050.0 -370.0 49 -49 51.42699999999999 40.35 74
755.0 234.535 17 1320.0 -565.0 51 -68 76.93199999999997 55.64699999999999 113
1605.0 261.366 17 1830.0 -225.0 69 -64 94.92099999999998 72.85499999999999 19
1350.0 222.43300000000005 14 1710.0 -360.0 47 -56 78.74300000000001 59.815 72
1225.0 235.50500000000008 13 2040.0 -860.0 85 -66 58.41599999999999 77.71600000000002 172
1185.0 268.744 23 1620.0 -435.0 56 -65 91.96000000000002 68.088 87
865.0 221.66099999999994 19 1380.0 -515.0 58 -64 80.87900000000002 51.79700000000001 103
1300.0 247.25800000000004 17 1740.0 -440.0 57 -65 85.645 60.86099999999999 88
1400.0 219.261 17 1800.0 -400.0 53 -59 69.54100000000001 59.62599999999998 80
1615.0 245.90900000000005 15 2010.0 -395.0 54 -61 73.87400000000001 80.08 79
1445.0 259.85400000000004 19 1710.0 -265.0 65 -69 86.94499999999998 63.77500000000001 33
1480.0 292.71700000000004 16 1920.0 -440.0 69 -72 110.72500000000002 67.446 67
845.0 218.97299999999998 17 1290.0 -445.0 54 -66 65.97099999999999 45.73499999999999 89
1570.0 294.55400000000003 19 1830.0 -260.0 64 -80 91.63399999999999 81.72499999999997 32
1770.0 275.28700000000003 17 2070.0 -300.0 68 -71 93.96900000000001 77.87099999999998 36
795.0 175.824 15 1260.0 -465.0 43 -57 52.539 40.62499999999999 93
735.0 202.59999999999997 17 1170.0 -520.0 59 -47 69.42999999999999 56.66 104
845.0 205.56400000000005 15 1260.0 -415.0 50 -58 73.91900000000001 42.43699999999999 83
450.0 186.45399999999995 15 1110.0 -660.0 58 -53 66.35999999999999 39.31199999999999 132
920.0 197.056 13 1500.0 -580.0 50 -45 81.323 59.17899999999998 116
1265.0 215.8640000000001 16 1710.0 -445.0 57 -64 55.73499999999999 68.55100000000002 87
510.0 142.922 9 810.0 -300.0 29 -41 49.98700000000001 32.540000000000006 60
2005.0 255.94299999999998 20 2370.0 -365.0 48 -61 91.53900000000002 92.87299999999999 73
1500.0 262.8690000000001 12 1920.0 -420.0 51 -61 87.486 80.25 84
970.0 272.9560000000001 16 1560.0 -700.0 75 -67 97.83999999999997 71.93499999999999 140
850.0 254.43699999999995 17 1320.0 -470.0 54 -65 84.674 48.97899999999999 94
930.0 238.75300000000001 13 1440.0 -510.0 51 -53 85.34400000000004 67.30700000000002 102
1440.0 272.62800000000004 15 1800.0 -360.0 47 -63 103.218 84.98200000000001 72
1045.0 219.75399999999988 17 1530.0 -485.0 62 -58 87.552 51.75599999999999 93
930.0 215.35 14 1380.0 -450.0 54 -62 67.025 55.81000000000001 90
1285.0 246.599 18 1890.0 -640.0 83 -50 99.35499999999999 81.29099999999997 128
820.0 237.3769999999999 17 1440.0 -685.0 73 -46 98.77599999999998 54.062 137
735.0 192.17800000000005 14 1200.0 -465.0 53 -55 70.51299999999999 38.499 93
1330.0 273.0249999999999 20 1590.0 -260.0 76 -68 93.33899999999998 75.068 24
1355.0 252.99100000000013 11 1800.0 -445.0 64 -65 75.08800000000005 81.06899999999996 75
1025.0 229.90299999999993 12 1500.0 -490.0 55 -62 72.64400000000002 48.99000000000001 96
2040.0 310.06700000000006 18 2340.0 -300.0 66 -73 120.37600000000003 89.95399999999995 42
865.0 159.858 12 1230.0 -365.0 48 -46 41.215 43.425999999999995 73
770.0 225.01700000000008 14 1500.0 -750.0 96 -51 83.26599999999999 56.490999999999985 150
1730.0 309.348 19 2160.0 -430.0 62 -77 87.00200000000001 102.58799999999998 82
915.0 179.43199999999996 13 1230.0 -315.0 41 -50 49.59599999999999 53.25699999999999 63
1120.0 183.36800000000002 15 1590.0 -470.0 44 -55 52.145999999999994 58.644999999999996 94
1720.0 312.5809999999999 20 2010.0 -290.0 62 -81 103.09800000000001 84.403 42
1810.0 263.562 19 2250.0 -440.0 64 -66 78.535 89.44000000000001 84
2250.0 365.41599999999994 16 2850.0 -700.0 150 -72 116.564 111.31299999999999 63
1295.0 244.8480000000001 14 1560.0 -265.0 65 -65 67.128 71.162 33
1455.0 301.58399999999983 15 1650.0 -195.0 65 -80 96.83499999999998 66.93299999999999 13
1075.0 205.25400000000002 14 1650.0 -575.0 68 -48 63.683 72.45000000000002 111
2170.0 329.85399999999987 16 2430.0 -260.0 64 -70 116.16999999999999 103.48399999999998 32
725.0 200.933 19 1260.0 -535.0 51 -61 71.50199999999998 40.657999999999994 107
1635.0 285.6499999999999 18 1830.0 -195.0 65 -74 94.91299999999997 71.653 13
1555.0 251.627 12 1980.0 -425.0 56 -58 80.763 82.71299999999998 85
2010.0 314.435 20 2430.0 -420.0 68 -71 119.66400000000002 99.05900000000001 48
2065.0 331.713 19 2340.0 -275.0 69 -78 105.85499999999999 97.03300000000002 33
1830.0 285.5110000000001 13 2070.0 -240.0 71 -70 99.602 87.71999999999994 22
1080.0 235.90500000000006 15 1980.0 -910.0 115 -56 94.38400000000004 74.76599999999999 182
1055.0 206.46699999999998 17 1470.0 -415.0 55 -56 75.82 47.552 83
1475.0 225.25799999999995 16 1860.0 -385.0 51 -53 75.90000000000002 72.83299999999998 77
1950.0 314.2559999999999 17 2400.0 -450.0 59 -72 108.592 95.97799999999998 90
1725.0 297.013 16 2220.0 -510.0 66 -78 102.90000000000003 81.13499999999999 100
790.0 257.38300000000004 16 1200.0 -410.0 53 -65 101.41600000000003 49.88300000000001 82
2065.0 346.2989999999999 17 2310.0 -435.0 89 -77 113.99099999999997 95.79400000000003 59
1585.0 272.886 17 1890.0 -305.0 79 -72 89.67799999999998 74.10400000000001 35
1280.0 236.785 16 1620.0 -460.0 53 -47 97.03200000000001 81.239 92
1070.0 239.30700000000004 19 1530.0 -460.0 56 -66 83.11599999999996 59.99199999999997 92
1155.0 269.91799999999995 18 1530.0 -375.0 58 -71 88.37399999999998 60.25499999999999 49
1650.0 291.8420000000001 21 2010.0 -410.0 83 -74 89.00999999999999 83.895 62
1030.0 233.871 16 1290.0 -260.0 64 -67 77.45099999999998 50.38299999999998 32
1570.0 245.80900000000003 14 1920.0 -350.0 68 -66 77.60799999999999 74.71199999999999 52
1825.0 293.16799999999984 18 2100.0 -275.0 69 -69 94.56399999999998 74.53999999999999 33
720.0 174.13099999999997 14 1050.0 -330.0 43 -45 69.49399999999999 40.03000000000001 66
1010.0 180.52499999999998 12 1620.0 -610.0 123 -50 49.167999999999985 64.405 94
1320.0 229.75499999999994 15 1770.0 -450.0 55 -58 74.496 82.098 90
1950.0 264.38700000000006 11 2310.0 -360.0 47 -52 104.54600000000002 102.98799999999997 72
1160.0 225.18300000000005 12 1560.0 -520.0 63 -60 58.099999999999994 58.37800000000001 102
1050.0 206.384 18 1440.0 -390.0 51 -57 70.93799999999999 51.623999999999995 78
820.0 176.82899999999998 15 1260.0 -440.0 49 -50 49.52299999999999 45.02299999999999 88
1940.0 216.76399999999998 12 2310.0 -370.0 48 -62 71.577 77.66399999999999 74
1870.0 297.9199999999999 17 2130.0 -260.0 64 -71 106.916 91.39899999999999 32
1790.0 266.77000000000004 14 2220.0 -460.0 67 -70 85.60300000000004 84.26999999999997 88
1440.0 242.586 15 1860.0 -420.0 55 -69 78.97599999999998 66.72099999999999 84
1900.0 288.56700000000006 21 2340.0 -440.0 77 -79 76.38699999999999 82.88400000000003 70
1555.0 262.67699999999996 17 1980.0 -425.0 51 -68 99.736 69.81399999999998 85
900.0 222.27300000000005 15 1290.0 -390.0 51 -64 74.888 43.00899999999999 78
2025.0 257.16600000000005 14 2280.0 -300.0 79 -58 69.79099999999998 97.268 34
1020.0 236.944 15 1410.0 -390.0 68 -59 87.983 59.038 62
900.0 236.44000000000003 19 1320.0 -660.0 67 -59 86.37699999999998 53.245999999999995 132
2700.0 341.12800000000004 14 2970.0 -390.0 118 -76 88.12200000000001 120.06000000000004 34
1285.0 228.00400000000002 13 1740.0 -455.0 60 -55 79.07599999999998 74.53399999999998 91
1205.0 229.94 20 1530.0 -325.0 43 -58 77.38899999999998 69.92899999999999 65
810.0 231.166 15 1380.0 -645.0 72 -52 83.71900000000001 57.369 129
950.0 255.58700000000002 13 1230.0 -330.0 64 -48 77.61100000000002 84.71499999999997 52
1585.0 209.77100000000002 12 2130.0 -590.0 78 -53 71.494 67.827 118
935.0 191.16700000000003 18 1260.0 -325.0 43 -52 73.19899999999998 41.42799999999999 65
1355.0 291.1980000000001 16 1620.0 -265.0 65 -71 104.299 77.405 33
1520.0 266.139 13 1770.0 -250.0 60 -67 92.28500000000003 67.88700000000001 32
1315.0 237.76599999999993 19 1830.0 -605.0 87 -69 79.004 65.67200000000001 109
1720.0 275.82300000000004 15 2040.0 -320.0 84 -63 90.44200000000002 78.531 36
2755.0 350.90999999999985 20 3060.0 -305.0 79 -89 122.944 106.34800000000001 35
1145.0 220.62500000000003 16 1470.0 -445.0 83 -55 74.631 66.24899999999997 73
1855.0 289.8619999999999 19 2100.0 -245.0 59 -75 99.54200000000002 86.11600000000001 31
1905.0 295.76399999999995 14 2220.0 -315.0 62 -76 110.38000000000001 81.92199999999995 49
1335.0 293.44 19 1620.0 -285.0 61 -74 117.81599999999999 64.54999999999998 41
1645.0 237.47899999999998 15 2010.0 -365.0 48 -64 81.66800000000002 74.13699999999996 73
1780.0 280.55699999999985 13 2460.0 -740.0 102 -75 76.65899999999999 75.36200000000002 138
1765.0 333.7939999999999 14 2220.0 -455.0 63 -70 125.19700000000006 88.37299999999999 67
1960.0 341.15599999999995 20 2280.0 -320.0 64 -61 159.25 103.82799999999995 46
630.0 236.58399999999997 17 1170.0 -555.0 63 -67 72.81 47.38999999999999 109
2040.0 302.1310000000001 17 2250.0 -210.0 70 -86 92.99600000000001 87.82699999999997 14
1500.0 260.608 19 2160.0 -725.0 77 -56 98.827 88.11899999999996 145
1480.0 239.77 12 1860.0 -380.0 50 -58 83.801 67.72899999999998 76
110.0 159.78700000000003 12 720.0 -635.0 83 -36 53.657 31.347999999999992 127
1560.0 286.775 16 1860.0 -300.0 50 -70 104.49700000000001 73.30099999999999 30
1325.0 253.996 13 1770.0 -445.0 58 -61 98.81599999999999 62.460999999999984 89
995.0 192.71500000000003 15 1470.0 -475.0 57 -55 63.965999999999994 50.27899999999998 95
1370.0 266.013 19 1770.0 -400.0 52 -67 100.24999999999997 59.18699999999999 80
1290.0 243.34700000000004 14 1650.0 -360.0 47 -58 92.12899999999999 63.587 72
1350.0 231.42900000000006 16 1770.0 -420.0 54 -57 86.65000000000005 69.00099999999999 84
1975.0 297.052 16 2340.0 -365.0 73 -74 83.41199999999998 92.51400000000004 53
1065.0 232.022 18 1500.0 -435.0 76 -71 74.181 51.27299999999999 69
1130.0 169.46500000000003 16 1500.0 -370.0 48 -48 57.906000000000006 52.570999999999984 74
1620.0 284.57800000000015 18 1830.0 -210.0 70 -82 84.397 64.515 14
1465.0 251.27700000000002 15 1800.0 -390.0 73 -68 78.52499999999999 65.14699999999998 60
1465.0 259.956 20 1860.0 -395.0 52 -65 91.717 72.66999999999999 79
1065.0 237.73700000000005 16 1260.0 -195.0 65 -63 82.05899999999998 48.263 13
785.0 206.137 17 1260.0 -475.0 55 -50 79.15299999999998 50.34299999999998 95
1145.0 235.50300000000004 13 1740.0 -595.0 67 -60 64.08199999999998 71.50900000000003 115
1515.0 208.29899999999998 15 1890.0 -490.0 56 -52 75.935 74.26799999999997 98
1585.0 282.98600000000005 19 2190.0 -605.0 64 -71 100.09200000000001 89.118 121
1580.0 238.907 13 2100.0 -520.0 61 -62 82.23100000000002 77.35000000000001 104
685.0 224.66500000000002 15 1050.0 -365.0 47 -58 73.83999999999999 51.547 73
1050.0 209.19699999999997 14 1380.0 -330.0 44 -57 78.47799999999998 50.552 66
1235.0 236.972 16 1680.0 -445.0 50 -66 75.288 64.23799999999999 89
1085.0 227.71099999999998 18 1440.0 -355.0 66 -59 78.89199999999998 52.675 53
1030.0 193.77599999999995 16 1380.0 -350.0 46 -55 65.88599999999998 48.628999999999984 70
1285.0 255.2250000000001 16 1680.0 -395.0 58 -70 84.832 54.782 75
730.0 218.269 15 1260.0 -530.0 54 -63 64.85299999999998 44.65 106
1425.0 269.5009999999999 17 1890.0 -465.0 95 -66 92.27299999999998 80.19699999999999 63
870.0 259.28600000000006 11 1260.0 -390.0 61 -67 79.84500000000001 54.60199999999999 62
1815.0 300.32599999999985 18 2310.0 -495.0 73 -75 115.82 80.124 79
880.0 222.13600000000002 16 1290.0 -425.0 59 -60 69.10699999999999 55.52799999999999 83
1690.0 281.965 15 2100.0 -410.0 57 -71 84.041 85.33 80
410.0 155.89800000000002 11 780.0 -370.0 49 -49 49.03999999999999 28.66 74
1360.0 294.05100000000004 16 2010.0 -690.0 90 -62 93.316 101.79899999999998 134
1935.0 314.39900000000006 17 2280.0 -375.0 77 -72 123.56500000000004 98.12299999999998 53
1125.0 231.35899999999995 17 1620.0 -495.0 57 -64 84.40499999999997 55.96499999999999 99
790.0 232.49200000000005 19 1230.0 -440.0 44 -64 83.48199999999999 51.851 88
1505.0 238.60999999999999 13 1860.0 -475.0 62 -53 97.49100000000003 73.198 95
1705.0 301.6959999999999 22 2040.0 -335.0 67 -76 109.73499999999997 83.06199999999997 51
1030.0 191.15399999999997 14 1410.0 -380.0 50 -44 69.29899999999999 59.78099999999998 76
2035.0 306.58700000000005 18 2520.0 -485.0 63 -75 113.26800000000001 92.30499999999996 97
835.0 261.13099999999986 17 1260.0 -425.0 96 -69 92.65 48.861 57
1520.0 260.39500000000004 18 2100.0 -580.0 63 -76 79.10400000000001 71.393 116
1005.0 215.668 17 1230.0 -225.0 69 -56 73.11799999999998 46.097 19
920.0 267.54800000000006 20 1380.0 -460.0 59 -73 86.95499999999997 58.31499999999999 92
950.0 224.962 17 1350.0 -400.0 53 -60 80.806 53.30400000000001 80
2135.0 270.2349999999999 19 2460.0 -325.0 65 -74 83.39999999999999 90.95800000000001 45
720.0 196.59799999999998 14 1140.0 -420.0 51 -53 64.912 46.694999999999986 84
1055.0 234.35000000000005 14 1470.0 -415.0 56 -63 83.54000000000002 55.17599999999998 83
1785.0 275.133 19 2070.0 -285.0 61 -67 98.51899999999996 81.45399999999998 41
1840.0 288.9249999999999 15 2100.0 -260.0 64 -69 97.11199999999998 84.409 32
1315.0 237.161 13 1560.0 -245.0 59 -56 88.09300000000002 67.03299999999999 31
1335.0 275.43 20 1860.0 -525.0 84 -64 107.458 82.25099999999998 95
430.0 205.587 16 1080.0 -735.0 77 -52 72.33499999999998 47.111999999999995 147
980.0 183.29000000000002 10 1350.0 -370.0 44 -45 63.393000000000015 51.51599999999999 74
1015.0 214.93800000000002 19 1380.0 -365.0 47 -59 70.26499999999999 49.27199999999998 73
775.0 213.69099999999995 14 1410.0 -665.0 111 -55 66.81099999999998 64.03899999999999 103
1315.0 289.176 18 1770.0 -455.0 52 -68 110.15800000000002 73.89099999999999 91
1625.0 323.7549999999999 21 2160.0 -535.0 58 -83 123.197 82.91699999999999 107
1085.0 204.95099999999996 14 1500.0 -415.0 54 -56 71.12099999999998 54.16899999999998 83
650.0 246.27400000000003 16 1110.0 -490.0 64 -63 69.37899999999999 47.564 94
940.0 200.26800000000006 13 1410.0 -470.0 53 -62 63.763999999999996 52.08499999999999 94
1465.0 245.21200000000005 18 1980.0 -515.0 75 -68 81.60599999999998 74.75 87
1105.0 231.44600000000003 15 1530.0 -425.0 56 -55 87.55599999999997 63.65 85
1320.0 234.41000000000014 13 1920.0 -600.0 79 -61 84.48 71.70499999999997 120
685.0 207.25399999999993 14 1140.0 -455.0 81 -57 62.978999999999985 41.13199999999999 69
1120.0 226.757 15 1590.0 -470.0 53 -57 80.67399999999999 62.53399999999999 94
1530.0 255.82199999999997 18 1920.0 -390.0 51 -64 92.352 77.26499999999996 78
1010.0 202.262 18 1350.0 -340.0 45 -45 70.381 70.49199999999996 68
1360.0 267.28800000000007 16 1770.0 -410.0 56 -61 108.73 71.63499999999999 82
620.0 179.21700000000004 13 960.0 -340.0 45 -45 81.05300000000001 31.01 68
1395.0 260.6710000000001 15 1890.0 -495.0 61 -73 81.879 67.27199999999999 99
1335.0 284.4529999999999 21 1800.0 -465.0 59 -69 103.64699999999998 77.99699999999999 91
1050.0 248.77799999999996 20 1590.0 -540.0 56 -72 85.34599999999998 52.068 108
1500.0 263.9250000000001 23 1860.0 -360.0 47 -63 98.79000000000002 72.642 72
495.0 260.751 15 960.0 -465.0 57 -60 96.79999999999998 53.74499999999998 93
1850.0 284.23599999999993 18 2370.0 -520.0 60 -72 94.63799999999999 95.39099999999999 104
1945.0 328.15700000000004 21 2220.0 -275.0 69 -81 105.18799999999999 96.99300000000001 33
1360.0 291.3409999999999 18 1710.0 -350.0 72 -80 85.39999999999999 69.80199999999999 52
1800.0 298.808 21 2040.0 -240.0 68 -73 102.34799999999998 88.89599999999999 24
1725.0 241.36100000000002 15 1920.0 -195.0 65 -70 82.413 58.075999999999986 13
825.0 239.3129999999999 19 1260.0 -435.0 57 -65 77.60899999999998 57.731999999999985 87
1345.0 237.402 16 1800.0 -635.0 80 -60 78.26699999999998 74.245 127
1455.0 224.52800000000005 21 1950.0 -495.0 58 -55 97.31700000000002 68.15799999999999 99
2260.0 349.9100000000001 18 2910.0 -650.0 91 -81 103.45700000000001 118.25900000000004 108
2615.0 303.64000000000004 16 3150.0 -535.0 91 -70 90.28999999999999 113.35100000000003 85
1105.0 242.57300000000004 14 1410.0 -350.0 73 -57 87.08200000000001 58.30299999999998 52
1010.0 275.5160000000001 22 1440.0 -430.0 57 -71 98.826 65.95499999999998 86
910.0 188.486 17 1380.0 -690.0 73 -46 67.04599999999999 56.18599999999999 138
1235.0 249.2230000000001 22 1650.0 -475.0 62 -62 91.38999999999999 69.67699999999998 95
1270.0 270.30300000000005 15 1530.0 -260.0 64 -64 82.32799999999997 83.91300000000003 32
2080.0 264.96000000000004 14 2490.0 -690.0 109 -64 72.87 97.232 104
1055.0 265.49100000000004 19 1530.0 -590.0 61 -55 100.48899999999998 69.324 118
1050.0 256.096 18 1260.0 -210.0 70 -68 95.114 47.47299999999999 14
1105.0 214.17000000000004 17 1530.0 -425.0 48 -58 76.84100000000002 56.32999999999999 85
1205.0 220.27100000000007 13 1620.0 -415.0 65 -64 52.86399999999999 57.131000000000014 53
2555.0 362.08 19 2850.0 -295.0 75 -91 95.151 115.47500000000002 35
490.0 156.99500000000003 14 810.0 -320.0 42 -48 39.56399999999999 36.13799999999999 64
1345.0 244.11799999999997 14 1830.0 -500.0 107 -58 85.03899999999999 68.01100000000001 74
1545.0 253.4540000000001 17 1920.0 -375.0 49 -65 80.33300000000001 81.26099999999998 75
1790.0 295.101 16 2220.0 -430.0 49 -61 107.818 107.97899999999996 86
1220.0 263.81000000000006 17 1800.0 -630.0 77 -61 99.54399999999998 73.42100000000002 126
1120.0 256.0659999999999 24 1620.0 -500.0 56 -66 97.43799999999997 71.747 100
1420.0 212.452 20 1740.0 -480.0 50 -46 84.56299999999999 70.22 96
1610.0 238.64499999999998 15 2010.0 -430.0 63 -67 63.01699999999998 69.959 82
1530.0 246.08300000000006 13 1920.0 -390.0 51 -67 86.191 60.116000000000014 78
1280.0 263.54100000000005 16 1770.0 -490.0 60 -55 116.65300000000003 74.74099999999997 98
630.0 183.41699999999997 16 990.0 -360.0 48 -47 65.842 47.12299999999999 72
875.0 214.27599999999998 17 1290.0 -415.0 53 -61 75.01699999999998 43.50699999999999 83
1080.0 279.556 20 1650.0 -570.0 55 -72 96.93899999999996 76.60299999999998 114
790.0 201.643 19 1260.0 -470.0 52 -66 59.25399999999999 45.467000000000006 94
2115.0 326.39 16 2520.0 -405.0 67 -72 111.31800000000001 105.05399999999995 61
1680.0 255.56400000000002 18 1980.0 -300.0 68 -64 65.478 83.16699999999999 36
1100.0 185.31999999999996 9 1470.0 -370.0 48 -50 49.803000000000004 55.154 74
645.0 208.644 15 960.0 -315.0 41 -47 95.474 34.42400000000001 63
745.0 214.502 13 1110.0 -365.0 48 -50 76.651 51.484999999999985 73
1265.0 259.312 17 1530.0 -265.0 65 -68 101.61 59.284999999999975 33
2215.0 277.17299999999994 15 2460.0 -245.0 59 -56 100.05900000000004 96.521 31
1125.0 226.89600000000004 17 1710.0 -585.0 53 -66 74.999 55.83599999999999 117
1745.0 307.03200000000004 16 2100.0 -355.0 46 -61 134.38400000000001 90.22399999999998 71
1355.0 249.01900000000003 14 1770.0 -415.0 54 -61 99.18900000000001 68.52099999999997 83
790.0 236.379 15 1200.0 -410.0 60 -67 78.825 46.52899999999998 78
1210.0 254.81399999999994 19 1620.0 -535.0 61 -61 89.23999999999998 74.63099999999997 107
1175.0 242.04500000000004 18 1530.0 -355.0 46 -63 91.868 59.94999999999998 71
1220.0 221.00899999999993 15 1650.0 -445.0 62 -57 76.564 61.98300000000001 87
1785.0 258.8980000000001 17 2100.0 -315.0 68 -65 77.98599999999996 85.82000000000001 43
325.0 203.102 16 1020.0 -695.0 64 -57 71.53699999999999 38.75899999999999 139
965.0 279.9309999999999 20 1380.0 -415.0 90 -72 95.86999999999998 64.778 53
1790.0 290.858 17 2310.0 -520.0 59 -66 112.08000000000003 100.80499999999999 104
850.0 232.7680000000001 13 1290.0 -440.0 102 -62 81.72100000000003 48.22599999999999 58
655.0 172.37099999999998 12 1050.0 -395.0 52 -51 44.111999999999995 39.93300000000001 79
1065.0 236.92499999999998 16 1410.0 -450.0 59 -63 82.833 58.826 86
1145.0 207.03600000000006 19 1500.0 -355.0 46 -60 61.092999999999996 56.79599999999999 71
895.0 226.83800000000002 14 1440.0 -545.0 53 -57 78.118 60.164 109
1365.0 207.597 15 1770.0 -405.0 53 -66 66.03199999999998 55.57099999999999 81
1985.0 344.07499999999993 24 2250.0 -295.0 75 -79 130.30399999999997 98.52399999999996 35
1285.0 217.2740000000001 12 1620.0 -335.0 44 -52 76.18100000000001 66.20100000000001 67
1445.0 242.30800000000002 16 1770.0 -325.0 65 -70 77.742 66.452 45
265.0 163.55900000000005 12 840.0 -575.0 64 -49 55.578 30.18 115
1400.0 225.44200000000004 17 1740.0 -340.0 45 -55 93.09200000000001 69.051 68
180.0 133.00100000000003 10 780.0 -620.0 75 -24 59.957 38.503 124
960.0 266.78600000000006 22 1380.0 -420.0 65 -60 97.24399999999997 67.077 53
1775.0 281.058 17 2070.0 -295.0 75 -64 101.34799999999998 89.87999999999995 35
1810.0 271.756 15 2070.0 -260.0 64 -70 88.61899999999999 77.093 32
1305.0 196.56300000000005 13 1530.0 -375.0 125 -52 73.366 46.69099999999999 25
1515.0 348.82199999999995 20 1830.0 -315.0 71 -80 126.957 82.72899999999996 43
1355.0 275.26599999999996 16 1860.0 -505.0 61 -80 94.17200000000001 55.54800000000001 101
1175.0 246.105 19 1530.0 -355.0 46 -58 94.39299999999997 62.20599999999999 71
1450.0 286.418 22 1740.0 -290.0 62 -73 117.11800000000002 60.375 42
955.0 190.63999999999993 14 1320.0 -365.0 48 -52 61.618999999999986 51.510999999999996 73
1600.0 281.1839999999999 17 1860.0 -260.0 64 -70 106.392 65.84999999999998 32
755.0 206.82999999999993 11 1320.0 -565.0 65 -62 59.900999999999996 42.046 113
1445.0 214.64600000000002 17 1830.0 -385.0 50 -57 69.09899999999999 63.20499999999999 77
1840.0 271.32099999999997 16 2100.0 -260.0 64 -68 87.51799999999999 78.349 32
1265.0 231.10100000000006 13 1680.0 -415.0 53 -54 74.56999999999998 75.951 83
860.0 184.98300000000003 15 1350.0 -490.0 50 -56 59.52999999999999 47.22899999999998 98
1800.0 285.937 20 2100.0 -375.0 93 -65 106.60300000000002 87.86699999999999 43
1620.0 273.64800000000014 16 2010.0 -390.0 77 -67 112.86200000000002 56.973999999999975 58
1150.0 198.85600000000002 19 1500.0 -350.0 46 -52 69.10299999999998 58.66 70
890.0 226.88500000000002 22 1260.0 -370.0 49 -56 86.96299999999997 57.42699999999999 74
1880.0 264.56 16 2370.0 -490.0 57 -67 83.32699999999997 101.394 98
685.0 225.44799999999995 19 1140.0 -455.0 55 -61 75.69799999999996 49.162000000000006 91
1320.0 236.013 18 1560.0 -330.0 86 -67 63.71999999999999 71.90599999999998 34
1265.0 293.5629999999999 17 1680.0 -415.0 55 -69 105.55199999999998 77.608 83
1515.0 256.538 18 1950.0 -435.0 57 -74 77.10600000000001 62.35099999999999 87
1680.0 274.1209999999999 24 1950.0 -270.0 66 -74 99.81199999999997 73.07999999999998 34
1335.0 241.10999999999996 16 1590.0 -255.0 61 -63 64.07199999999999 71.90500000000002 33
755.0 206.28699999999998 15 1440.0 -685.0 64 -49 79.019 54.30899999999999 131
1540.0 240.53999999999996 20 1830.0 -290.0 62 -63 74.47699999999999 73.758 42
1405.0 230.62399999999997 14 1830.0 -425.0 47 -57 88.18199999999999 72.929 85
2445.0 295.79999999999995 18 2640.0 -195.0 65 -74 98.06099999999998 96.45500000000001 13
1475.0 243.31300000000005 16 1860.0 -385.0 50 -61 81.489 69.94899999999998 77
990.0 226.101 17 1380.0 -390.0 51 -62 80.12299999999999 54.89799999999998 78
1455.0 225.52499999999995 18 1650.0 -195.0 65 -64 66.03699999999998 63.73799999999998 13
755.0 181.742 17 1200.0 -445.0 58 -53 67.92599999999999 43.726 89
1735.0 245.80700000000004 16 2100.0 -365.0 47 -64 77.04199999999999 82.437 73
1360.0 273.44600000000014 19 1740.0 -380.0 59 -68 99.19300000000001 65.15499999999999 49
1550.0 220.59799999999998 16 2010.0 -555.0 62 -60 77.26700000000001 62.55399999999999 111
1110.0 208.22199999999998 16 1470.0 -360.0 47 -48 73.62599999999998 50.468999999999994 72
880.0 227.37000000000006 13 1260.0 -380.0 50 -62 70.86599999999999 50.33800000000002 76
1635.0 322.51700000000005 17 1950.0 -360.0 87 -71 127.09900000000002 83.35199999999999 46
1055.0 223.99100000000007 15 1410.0 -355.0 46 -53 77.82400000000001 61.253000000000014 71
1285.0 191.187 13 1650.0 -420.0 54 -46 67.29900000000002 65.717 84
2070.0 276.738 14 2400.0 -330.0 67 -72 88.52 97.32099999999994 50
1335.0 273.34700000000004 21 2010.0 -675.0 79 -72 87.61099999999998 80.10999999999999 121
1025.0 225.811 22 1380.0 -355.0 46 -58 80.03599999999999 47.83599999999999 71
1215.0 212.9890000000001 17 1440.0 -225.0 63 -61 48.513999999999996 58.81600000000001 23
1760.0 251.83000000000004 13 2250.0 -490.0 74 -69 62.75999999999999 83.57399999999998 92
415.0 170.998 13 810.0 -395.0 47 -49 59.488 34.217999999999996 79
1165.0 219.0899999999999 15 1530.0 -365.0 48 -64 77.74999999999996 48.388 73
1995.0 285.436 16 2220.0 -225.0 63 -77 86.361 85.779 23
840.0 222.907 16 1230.0 -390.0 51 -60 81.36099999999999 48.65800000000001 78
1770.0 313.63300000000015 15 2220.0 -505.0 69 -64 125.73700000000001 91.12499999999996 99
1680.0 269.40500000000003 16 2040.0 -360.0 48 -62 105.04700000000001 83.61599999999997 72
1390.0 238.57299999999998 13 1770.0 -380.0 50 -59 85.34600000000002 72.83799999999997 76
1445.0 287.50899999999996 18 2010.0 -565.0 55 -68 111.613 78.586 111
1105.0 228.01099999999997 16 1590.0 -485.0 56 -56 87.474 59.705999999999996 97
1880.0 267.33200000000016 16 2280.0 -525.0 75 -73 83.89200000000004 73.60100000000001 87
1155.0 277.47800000000007 15 1740.0 -625.0 90 -69 110.42300000000003 64.009 119
1475.0 271.29800000000006 17 1890.0 -415.0 54 -62 107.31700000000004 82.78099999999996 83
845.0 217.7229999999999 17 1290.0 -560.0 65 -58 71.58099999999999 56.71599999999999 112
300.0 165.13000000000005 10 630.0 -330.0 43 -41 47.49700000000001 47.98200000000001 66
1795.0 282.39500000000004 22 2220.0 -425.0 55 -66 106.31400000000004 97.38899999999998 85
1315.0 277.93700000000024 14 1740.0 -425.0 62 -72 88.17900000000002 66.566 81
1330.0 201.66999999999996 15 1680.0 -420.0 85 -51 76.39499999999997 49.59599999999999 64
800.0 207.103 16 1170.0 -370.0 48 -57 67.28999999999999 49.79199999999999 74
1110.0 214.79399999999998 14 1620.0 -510.0 59 -57 83.82799999999996 48.379 102
1050.0 168.76000000000002 17 1410.0 -360.0 47 -50 49.48699999999999 47.14499999999999 72
1260.0 291.05600000000004 21 1710.0 -450.0 65 -71 103.22399999999998 63.93299999999999 56
645.0 190.288 15 1080.0 -435.0 58 -59 50.879999999999995 36.800000000000004 87
810.0 236.01300000000003 16 1260.0 -450.0 52 -59 80.16799999999998 62.34599999999999 90
505.0 232.02499999999995 19 1260.0 -825.0 124 -59 89.66999999999996 52.989 118
1315.0 253.89399999999998 21 1710.0 -515.0 69 -69 82.66499999999999 71.36999999999996 103
1075.0 247.972 14 1440.0 -365.0 48 -58 81.829 68.293 73
1165.0 279.64300000000014 16 1860.0 -715.0 106 -69 93.557 68.79200000000002 113
785.0 217.12799999999993 17 1140.0 -355.0 46 -57 76.39799999999998 47.87 71
2355.0 341.98599999999993 23 2550.0 -195.0 65 -77 125.045 119.27899999999994 13
1770.0 289.0259999999998 15 2250.0 -480.0 59 -70 105.20000000000002 76.70299999999999 96
1285.0 223.065 15 1530.0 -545.0 101 -58 60.48299999999998 67.14700000000003 91
545.0 182.68599999999998 17 900.0 -355.0 46 -49 58.15899999999999 45.06099999999999 71
1320.0 261.161 14 1830.0 -510.0 47 -61 89.21700000000001 80.48699999999997 102
1240.0 225.37000000000006 17 1650.0 -410.0 54 -64 78.492 61.61199999999996 82
1140.0 227.82500000000007 12 1500.0 -360.0 47 -57 76.06800000000001 59.511999999999986 72
1075.0 279.04999999999995 13 1350.0 -275.0 71 -65 105.359 53.89299999999999 29
830.0 200.83700000000005 17 1170.0 -405.0 53 -56 61.916000000000004 55.33099999999999 81
670.0 208.47100000000003 15 1020.0 -350.0 46 -54 71.78599999999999 49.844 70
940.0 236.65200000000004 15 1350.0 -410.0 54 -70 77.39399999999999 48.80199999999999 82
1665.0 261.433 21 1950.0 -285.0 60 -66 92.69599999999997 74.758 39
1680.0 267.9170000000001 19 2040.0 -360.0 56 -75 84.63699999999999 79.52 48
750.0 223.3720000000001 14 1140.0 -390.0 51 -63 74.68 47.08899999999999 78
1960.0 294.46899999999994 19 2400.0 -440.0 57 -68 99.06099999999998 95.81099999999998 88
1840.0 297.3980000000001 16 2400.0 -600.0 101 -77 99.38400000000001 96.96799999999998 100
650.0 152.72199999999995 14 1020.0 -475.0 54 -42 50.06799999999999 42.20799999999999 95
960.0 215.46200000000005 17 1500.0 -540.0 56 -57 82.62899999999999 55.732 108
1620.0 237.00199999999998 16 2070.0 -450.0 75 -64 83.01199999999999 69.78699999999996 74
1355.0 251.7880000000001 21 1800.0 -475.0 68 -71 84.672 57.42700000000001 91
1430.0 250.194 15 1800.0 -370.0 51 -61 84.66899999999997 70.19500000000001 72
1815.0 326.791 20 2100.0 -285.0 71 -84 106.52799999999998 81.615 35
875.0 210.41299999999995 14 1290.0 -415.0 54 -59 73.541 51.035000000000004 83
1040.0 196.76500000000007 15 1470.0 -460.0 87 -53 60.09899999999999 57.26199999999999 74
920.0 233.92199999999997 16 1590.0 -760.0 92 -52 97.124 57.525999999999996 123
510.0 166.368 15 1020.0 -510.0 54 -47 58.538999999999994 44.352 102
1580.0 294.06299999999993 17 2040.0 -460.0 59 -74 104.92499999999998 85.54499999999999 92
1310.0 228.61 15 1560.0 -250.0 60 -70 62.66899999999998 55.846000000000004 32
940.0 156.91300000000004 9 1260.0 -540.0 71 -40 48.98200000000001 45.58400000000003 108
1260.0 192.58599999999998 16 1860.0 -635.0 82 -50 46.234999999999985 71.11 127
840.0 223.12199999999999 19 1350.0 -560.0 72 -63 82.23499999999999 43.903000000000006 112
1095.0 216.88399999999996 16 1290.0 -195.0 65 -68 65.692 42.821999999999996 13
670.0 213.2450000000001 12 1320.0 -745.0 68 -49 82.123 58.357999999999976 149
690.0 192.457 15 1050.0 -360.0 47 -52 64.868 39.965 72
975.0 217.18599999999995 16 1380.0 -405.0 53 -60 73.05599999999997 54.45399999999999 81
1345.0 214.529 14 1830.0 -485.0 48 -60 60.36699999999999 68.10899999999998 97
1245.0 212.96400000000003 11 1650.0 -405.0 81 -48 73.94900000000001 65.98399999999998 63
780.0 206.165 18 1110.0 -330.0 44 -51 82.214 43.737 66
1095.0 228.41999999999996 19 1290.0 -195.0 65 -59 72.959 55.21799999999999 13
1490.0 215.43399999999994 14 2010.0 -520.0 50 -58 78.721 66.30199999999998 104
565.0 210.05000000000004 14 1140.0 -575.0 74 -56 73.375 38.734999999999985 97
615.0 216.60700000000003 16 1110.0 -495.0 57 -68 70.155 42.340999999999994 99
1050.0 191.7800000000001 13 1440.0 -390.0 51 -55 48.62599999999999 57.64199999999998 78
880.0 252.09199999999996 17 1410.0 -530.0 68 -60 88.67899999999996 55.22199999999998 102
865.0 204.30499999999998 16 1230.0 -490.0 56 -53 69.80599999999998 47.734 98
1525.0 231.70000000000002 16 1950.0 -425.0 51 -56 76.09100000000001 81.79400000000001 85
1470.0 235.30999999999995 16 1860.0 -490.0 59 -59 88.005 68.966 98
1325.0 233.303 17 1800.0 -475.0 47 -64 78.22700000000002 64.814 95
1120.0 213.96700000000007 11 1530.0 -410.0 53 -61 63.14400000000002 53.375999999999976 82
1350.0 238.137 20 1620.0 -270.0 66 -60 84.95199999999998 67.34899999999999 34
910.0 186.40999999999997 15 1350.0 -440.0 41 -52 63.77199999999999 53.76599999999999 88
1055.0 213.3100000000001 13 1440.0 -385.0 50 -59 62.81 61.847000000000016 77
1500.0 287.776 23 1770.0 -270.0 66 -67 112.30199999999996 64.29499999999999 34
1570.0 256.92799999999994 20 2070.0 -500.0 65 -68 98.48500000000001 74.28499999999998 100
970.0 214.25299999999993 16 1350.0 -380.0 50 -57 59.668000000000006 65.205 76
1765.0 243.12699999999998 18 2280.0 -515.0 54 -56 101.05600000000001 73.16399999999999 103
1080.0 199.828 12 1470.0 -390.0 51 -58 51.27099999999999 57.377999999999986 78
915.0 187.80600000000004 10 1200.0 -285.0 38 -49 68.32300000000001 47.723999999999975 57
1415.0 267.033 13 1830.0 -475.0 85 -54 101.56300000000005 72.483 73
810.0 211.385 17 1410.0 -680.0 90 -63 65.39499999999997 49.649999999999984 136
1705.0 243.41599999999988 20 2100.0 -395.0 52 -60 100.24999999999997 71.27399999999999 79
1305.0 264.12100000000004 19 1770.0 -465.0 59 -67 75.972 78.036 91
865.0 238.682 17 1470.0 -650.0 66 -50 93.41199999999999 67.37399999999998 130
435.0 155.57299999999998 12 810.0 -405.0 79 -41 54.33699999999999 27.983999999999998 63
1880.0 315.5299999999999 18 2220.0 -340.0 90 -79 106.83800000000001 87.00699999999999 38
1535.0 255.47699999999992 16 2040.0 -505.0 67 -80 65.74 60.17799999999998 101
1180.0 225.98700000000005 12 1680.0 -500.0 80 -61 53.539 72.311 82
870.0 168.87199999999996 15 1200.0 -465.0 88 -49 47.074 47.42399999999999 75
1120.0 229.82199999999997 19 1590.0 -470.0 53 -64 72.66399999999999 64.80299999999998 94
1290.0 255.67499999999998 14 1740.0 -480.0 69 -66 90.09200000000001 62.093 92
1640.0 317.457 19 2190.0 -550.0 69 -85 87.75 90.08600000000001 106
1060.0 217.53100000000012 16 1470.0 -410.0 53 -59 74.763 47.983999999999995 82
905.0 240.12700000000007 16 1320.0 -415.0 55 -62 83.30999999999997 56.727000000000004 83
1000.0 209.62899999999996 16 1380.0 -380.0 50 -57 77.55 49.88699999999999 76
1125.0 263.46 14 1500.0 -375.0 72 -60 86.55800000000004 65.85400000000003 55
1880.0 269.66200000000003 17 2130.0 -250.0 60 -73 78.133 84.51899999999999 32
1640.0 221.202 14 2010.0 -370.0 49 -59 85.21599999999997 66.26999999999998 74
1275.0 223.52599999999998 16 1800.0 -675.0 89 -61 76.67699999999999 63.956999999999994 135
1440.0 271.392 17 1890.0 -450.0 54 -67 101.60100000000001 70.95299999999999 90
1130.0 219.3040000000001 15 1740.0 -610.0 70 -58 61.30899999999999 65.34 122
1285.0 230.61499999999998 17 1560.0 -275.0 36 -48 90.97499999999997 71.46999999999998 55
960.0 191.4370000000001 16 1350.0 -390.0 51 -51 61.78500000000004 50.13899999999998 78
490.0 184.69700000000003 15 1410.0 -935.0 103 -50 73.427 48.032 187
1185.0 220.34500000000003 16 1380.0 -195.0 65 -55 73.859 56.38999999999999 13
935.0 219.52300000000002 18 1290.0 -355.0 46 -58 68.91999999999997 59.63 71
1170.0 213.56599999999997 15 1590.0 -420.0 47 -47 84.78199999999998 69.11999999999999 84
940.0 204.05 13 1320.0 -380.0 49 -58 57.134000000000015 56.464999999999996 76
1110.0 274.06500000000005 14 1560.0 -450.0 59 -64 102.62599999999999 68.10599999999998 90
1045.0 218.1260000000001 14 1410.0 -365.0 48 -60 61.123 57.42199999999998 73
1055.0 242.535 17 1410.0 -355.0 46 -61 88.61600000000003 63.127999999999986 71
1555.0 268.071 18 1950.0 -425.0 62 -67 88.83900000000001 80.64799999999995 81
1580.0 262.459 19 2070.0 -490.0 45 -63 97.96599999999998 79.27399999999997 98
960.0 193.71 16 1350.0 -390.0 51 -59 58.33 47.084999999999994 78
1750.0 274.1839999999999 12 2310.0 -560.0 89 -75 62.47900000000001 93.687 102
1950.0 297.6699999999999 18 2400.0 -450.0 54 -67 123.526 89.76999999999997 90
2415.0 369.25500000000005 21 2820.0 -405.0 75 -90 119.674 100.35 61
1010.0 240.91899999999993 19 1530.0 -520.0 59 -67 89.58199999999998 53.903 104
1130.0 239.5090000000001 17 1530.0 -400.0 51 -64 78.827 61.495 80
995.0 206.316 14 1350.0 -355.0 47 -48 82.29900000000002 52.29199999999999 71
1175.0 228.20299999999995 17 1590.0 -415.0 55 -61 69.012 66.762 83
670.0 169.31599999999997 11 1380.0 -710.0 63 -50 57.99199999999999 48.279999999999994 142
1470.0 254.92500000000004 16 1830.0 -360.0 47 -51 96.72999999999999 84.52799999999999 72
970.0 276.42699999999996 17 1380.0 -410.0 64 -78 87.729 53.29999999999999 52
1590.0 302.1849999999999 16 2190.0 -650.0 91 -80 109.83100000000002 71.90199999999999 116
920.0 226.8100000000001 18 1470.0 -610.0 99 -58 72.39499999999998 57.34200000000001 110
645.0 204.95199999999997 13 1050.0 -405.0 52 -56 71.05999999999999 43.16699999999999 81
665.0 204.7460000000001 15 1110.0 -555.0 65 -54 65.279 48.249 111
1135.0 283.476 17 1710.0 -695.0 131 -68 83.38 76.23399999999998 107
2145.0 330.90499999999986 21 2340.0 -195.0 65 -83 122.09399999999998 91.51499999999999 13
840.0 175.771 14 1200.0 -360.0 47 -51 64.55099999999999 36.58099999999999 72
780.0 197.34 13 1290.0 -510.0 57 -61 64.516 49.064 102
740.0 243.73199999999997 17 1230.0 -490.0 45 -66 83.37599999999999 52.203999999999986 98
1050.0 214.73999999999998 16 1440.0 -495.0 86 -58 69.303 59.93099999999998 85
2275.0 298.923 14 2700.0 -425.0 77 -74 101.85900000000001 91.372 65
1580.0 273.70599999999996 16 2010.0 -430.0 59 -66 97.41100000000002 80.03199999999994 86
885.0 186.36700000000002 11 1260.0 -375.0 50 -52 49.86299999999999 46.53599999999999 75
1065.0 206.21200000000005 16 1500.0 -435.0 52 -49 69.91600000000003 58.740999999999985 87
1435.0 265.48699999999997 17 1950.0 -515.0 60 -68 79.455 75.22899999999996 103
1410.0 203.21200000000002 13 1740.0 -330.0 43 -49 79.47600000000001 60.825999999999965 66
785.0 245.95600000000002 17 1260.0 -555.0 78 -64 73.005 44.880999999999986 91
1780.0 314.0229999999999 16 2070.0 -290.0 74 -82 83.606 76.01900000000002 34
1890.0 327.2609999999999 17 2250.0 -360.0 88 -73 126.152 98.788 40
940.0 144.44299999999998 13 1320.0 -430.0 56 -44 48.75599999999999 43.02399999999999 86
985.0 174.47200000000004 13 1260.0 -275.0 36 -51 49.32499999999999 44.89799999999999 55
800.0 211.90900000000005 16 1260.0 -460.0 48 -62 69.956 49.96 92
1060.0 216.331 13 1380.0 -320.0 42 -46 89.50399999999999 57.157000000000004 64
1275.0 228.86399999999998 17 1680.0 -405.0 52 -55 80.55900000000001 70.91199999999998 81
1905.0 285.7629999999999 18 2160.0 -435.0 97 -69 108.142 80.48799999999999 53
1615.0 284.9 17 1890.0 -275.0 69 -77 88.74099999999999 67.406 33
1300.0 231.10200000000006 13 1680.0 -380.0 49 -61 74.89500000000002 68.17099999999998 76
1355.0 268.11500000000007 21 1620.0 -265.0 65 -73 94.875 60.36499999999999 33
945.0 217.94400000000005 13 1410.0 -465.0 57 -64 71.00999999999998 45.03499999999999 93
870.0 181.28199999999998 18 1440.0 -605.0 78 -50 56.620000000000005 54.06699999999999 121
975.0 203.79099999999997 13 1170.0 -195.0 65 -56 65.56599999999999 48.44299999999999 13
1295.0 290.18600000000004 18 1560.0 -265.0 77 -71 112.76599999999998 68.82 25
1085.0 197.61899999999997 14 1410.0 -355.0 53 -51 72.71699999999998 49.864 67
1405.0 225.54200000000006 15 1740.0 -335.0 44 -58 85.95 64.80099999999997 67
1050.0 252.66400000000007 15 1620.0 -570.0 61 -55 103.59000000000002 65.37599999999998 114
815.0 216.13300000000004 16 1200.0 -385.0 51 -67 67.865 47.027 77
1770.0 233.51100000000002 13 2160.0 -390.0 51 -61 70.911 86.62899999999999 78
1120.0 183.26700000000002 13 1440.0 -320.0 42 -49 60.83499999999998 51.841 64
1115.0 188.324 12 1380.0 -265.0 65 -58 49.71599999999999 51.68599999999998 33
610.0 172.03000000000003 13 1020.0 -510.0 67 -47 64.78299999999999 35.074 102
1370.0 238.74099999999993 16 1830.0 -460.0 53 -65 76.124 65.13299999999998 92
1365.0 214.17999999999992 18 1740.0 -375.0 50 -62 71.32799999999999 54.93099999999998 75
800.0 225.15400000000005 14 1230.0 -430.0 49 -49 85.993 62.899999999999984 86
1680.0 212.389 14 2010.0 -330.0 43 -57 65.11899999999999 76.288 66
1570.0 216.38800000000006 11 1950.0 -380.0 49 -57 53.16799999999999 78.28300000000002 76
800.0 191.093 17 1260.0 -460.0 43 -51 61.617 49.883 92
1105.0 222.26299999999998 15 1770.0 -665.0 131 -55 67.45099999999998 73.21700000000001 101
1835.0 335.091 17 2190.0 -355.0 95 -74 125.64099999999995 79.71699999999997 39
700.0 155.08600000000007 10 1110.0 -410.0 48 -45 35.781 45.475000000000016 82
1360.0 259.08900000000006 16 1770.0 -410.0 53 -69 74.30099999999999 73.256 82
2255.0 360.05300000000005 18 2550.0 -295.0 72 -85 94.808 97.317 37
880.0 191.65100000000004 15 1140.0 -260.0 64 -57 60.528 46.621 32
585.0 269.58400000000006 15 1380.0 -795.0 75 -61 76.47699999999999 77.64799999999998 159
665.0 189.50200000000004 16 990.0 -325.0 43 -52 60.495000000000005 36.72699999999999 65
1390.0 249.02100000000004 16 1890.0 -500.0 66 -75 66.204 40.65499999999999 100
1260.0 208.94100000000003 13 1710.0 -450.0 78 -55 60.057 65.489 78
1070.0 254.00599999999994 20 1380.0 -310.0 60 -71 80.85600000000001 64.42399999999999 44
1150.0 221.88600000000002 12 1560.0 -410.0 54 -62 71.41899999999998 54.364999999999974 82
1385.0 297.20500000000004 16 1800.0 -415.0 54 -68 120.39200000000001 72.011 83
1445.0 255.329 17 1740.0 -295.0 55 -69 95.217 64.252 43
1565.0 266.393 15 2100.0 -550.0 66 -72 92.255 80.38499999999998 108
580.0 170.61899999999997 16 900.0 -335.0 47 -54 49.985 35.745999999999995 65
1475.0 247.55499999999986 16 1860.0 -385.0 50 -56 98.20200000000001 74.98799999999999 77
1310.0 239.65499999999994 15 1680.0 -370.0 49 -60 75.479 74.31599999999997 74
1130.0 222.12400000000002 18 1650.0 -520.0 50 -70 64.21899999999998 56.48 104
720.0 230.99699999999999 16 1440.0 -840.0 90 -56 81.22200000000002 49.339999999999975 166
1090.0 178.04000000000005 14 1410.0 -320.0 42 -38 67.67 53.331 64
1000.0 211.78999999999996 14 1350.0 -350.0 47 -56 60.224999999999994 50.483 70
1215.0 260.37700000000007 17 1770.0 -655.0 86 -67 93.65 72.91599999999995 131
900.0 199.346 16 1260.0 -360.0 48 -57 63.91699999999999 50.09299999999999 72
1590.0 250.366 17 1800.0 -210.0 70 -59 77.86899999999999 76.49800000000002 14
2025.0 295.62999999999994 20 2220.0 -195.0 65 -72 109.77200000000003 87.49899999999995 13
1055.0 246.51599999999996 18 1620.0 -565.0 67 -60 88.40100000000001 68.43899999999998 113
1560.0 234.88300000000007 17 2040.0 -480.0 63 -69 73.69000000000001 71.34500000000001 96
1615.0 290.099 20 1890.0 -275.0 69 -69 85.71300000000001 81.55500000000002 33
2535.0 368.04400000000004 19 2790.0 -255.0 73 -89 123.30700000000002 102.75200000000001 25
1190.0 237.43999999999997 20 1620.0 -555.0 60 -60 88.339 64.797 111
1235.0 214.26800000000003 13 1680.0 -445.0 60 -59 69.51599999999998 56.27999999999999 62
1995.0 256.265 17 2250.0 -255.0 61 -70 82.02900000000002 79.831 33
1020.0 202.54100000000003 20 1410.0 -600.0 68 -66 70.625 42.925999999999995 120
1735.0 264.24399999999997 19 2010.0 -275.0 69 -65 79.27999999999999 76.28100000000002 33
2045.0 281.664 16 2490.0 -445.0 68 -81 74.856 92.58999999999999 83
1135.0 264.941 14 1470.0 -335.0 89 -69 89.88600000000002 55.816999999999986 37
995.0 218.11500000000007 16 1350.0 -355.0 46 -56 68.78300000000002 62.71299999999999 71
1395.0 274.1859999999999 19 1650.0 -255.0 61 -76 83.05999999999999 72.93 33
1455.0 284.981 19 1860.0 -405.0 67 -66 108.24399999999999 69.311 63
1375.0 179.19100000000003 14 1770.0 -395.0 52 -41 57.041999999999994 67.52699999999999 75
1045.0 259.314 16 1500.0 -455.0 52 -65 88.41300000000001 70.83599999999998 91
935.0 238.17999999999998 19 1320.0 -385.0 50 -62 85.02299999999997 54.81799999999999 77
1295.0 267.8609999999999 16 1590.0 -295.0 75 -69 100.00599999999997 60.320999999999984 35
1315.0 234.17799999999997 15 1680.0 -365.0 51 -64 78.83099999999999 57.343999999999994 71
1705.0 237.997 15 2070.0 -365.0 47 -58 88.14499999999998 79.68799999999999 73
845.0 212.05599999999995 11 1200.0 -355.0 46 -59 74.916 38.41699999999999 71
2070.0 239.08899999999997 15 2280.0 -210.0 58 -62 78.87700000000001 87.98899999999996 22
1360.0 245.85000000000005 14 1740.0 -380.0 52 -64 83.08899999999997 68.24400000000001 76
1015.0 211.67699999999996 19 1470.0 -455.0 51 -53 82.81699999999998 59.67299999999999 91
1395.0 243.22699999999998 18 1830.0 -435.0 58 -74 70.85299999999998 60.04899999999998 87
975.0 216.68900000000002 15 1410.0 -435.0 56 -62 66.00299999999999 51.64399999999999 87
935.0 203.02099999999996 17 1320.0 -385.0 50 -56 69.694 47.12099999999999 77
1360.0 250.60400000000004 15 1920.0 -560.0 82 -65 70.45900000000002 75.03299999999999 106
1235.0 219.28600000000006 14 1590.0 -355.0 47 -55 80.58900000000001 58.723999999999975 71
1325.0 191.79399999999998 10 1950.0 -725.0 79 -54 46.00699999999999 72.65399999999998 141
1260.0 232.30500000000006 18 1800.0 -610.0 86 -59 75.16999999999999 66.179 118
425.0 194.61400000000003 12 750.0 -385.0 74 -41 73.313 44.555 57
1565.0 282.69000000000005 22 1980.0 -415.0 56 -72 97.06899999999997 79.44099999999997 83
1190.0 251.40300000000005 18 1620.0 -430.0 56 -72 78.89899999999999 67.92899999999999 86
1115.0 231.61000000000007 17 1530.0 -415.0 54 -65 71.911 59.324 83
1040.0 228.579 17 1530.0 -490.0 46 -60 77.50299999999999 61.10399999999999 98
2080.0 321.24399999999997 14 2520.0 -440.0 58 -70 123.43200000000006 104.616 88
865.0 248.32599999999996 20 1380.0 -515.0 58 -65 85.40299999999999 57.249999999999986 103
965.0 215.57400000000007 17 1320.0 -355.0 47 -59 71.92399999999998 53.456999999999994 71
1135.0 216.01799999999994 18 1560.0 -425.0 49 -60 69.99600000000002 64.35899999999998 85
1045.0 209.12399999999997 17 1440.0 -395.0 51 -61 69.20499999999998 53.608 79
1540.0 212.058 14 1890.0 -350.0 45 -59 67.964 62.26999999999999 70
1000.0 230.61900000000003 15 1440.0 -440.0 61 -63 70.64499999999997 56.431999999999995 88
605.0 157.724 15 960.0 -355.0 46 -46 44.055 37.4 71
1470.0 254.84100000000007 14 1860.0 -390.0 51 -59 93.54500000000002 79.94699999999997 78
1415.0 212.79700000000005 14 2010.0 -665.0 87 -49 83.918 68.83699999999997 133
1980.0 291.6250000000001 21 2190.0 -210.0 70 -74 90.46 90.74500000000003 14
1310.0 292.94399999999996 14 1620.0 -310.0 73 -82 84.394 60.67399999999998 38
815.0 192.85800000000006 15 1230.0 -445.0 64 -49 70.53299999999999 54.95599999999999 85
1240.0 228.10099999999997 13 1650.0 -410.0 53 -60 68.81599999999997 65.39299999999999 82
2025.0 327.88999999999993 24 2220.0 -195.0 65 -74 117.62100000000001 93.34399999999998 13
2240.0 338.101 20 2670.0 -430.0 89 -83 100.85799999999999 100.87399999999998 64
905.0 240.31000000000003 17 1290.0 -385.0 62 -68 82.49299999999998 53.075999999999986 63
450.0 207.46300000000005 13 1050.0 -600.0 65 -49 78.24500000000002 42.992 120
695.0 154.991 7 1380.0 -685.0 60 -50 38.94199999999999 44.885000000000005 137
1490.0 267.1979999999999 17 1890.0 -400.0 55 -68 94.04900000000002 70.82600000000001 78
1355.0 255.86600000000004 20 1740.0 -385.0 73 -72 91.17399999999999 64.562 57
1135.0 248.19200000000004 15 1560.0 -530.0 63 -69 74.05999999999997 58.52799999999999 106
635.0 199.57100000000003 12 1050.0 -415.0 55 -54 69.83999999999999 39.126 83
805.0 230.66599999999997 16 1350.0 -545.0 50 -62 90.986 45.866 109
1030.0 198.538 13 1320.0 -290.0 38 -52 68.758 59.57799999999998 58
1070.0 249.38399999999993 18 1440.0 -370.0 49 -67 80.85299999999998 65.19099999999999 74
1405.0 233.718 18 1770.0 -365.0 48 -56 86.06500000000003 72.67699999999998 73
1580.0 255.86100000000008 13 1920.0 -340.0 90 -69 67.708 77.97799999999997 38
1570.0 277.13300000000004 19 1830.0 -260.0 64 -68 106.326 64.73900000000002 32
1695.0 308.05799999999994 20 1890.0 -195.0 65 -73 118.401 78.125 13
1470.0 238.75900000000001 16 1860.0 -405.0 56 -65 89.21900000000001 54.11199999999998 79
1050.0 199.601 14 1440.0 -390.0 51 -56 71.71000000000001 55.058999999999976 78
1800.0 325.258 20 2130.0 -330.0 73 -75 107.91900000000001 98.36699999999999 46
1330.0 190.60500000000002 11 1680.0 -515.0 54 -49 55.91699999999999 70.33500000000001 103
1620.0 286.0920000000001 18 2190.0 -620.0 73 -64 100.95400000000002 92.74899999999997 124
2455.0 285.9100000000001 15 2910.0 -455.0 95 -76 91.572 96.69699999999999 61
580.0 136.685 9 870.0 -290.0 38 -46 26.96899999999999 27.4 58
1495.0 233.3690000000001 12 2010.0 -515.0 48 -64 65.80300000000003 83.91399999999999 103
1280.0 227.9910000000001 13 1620.0 -340.0 45 -60 72.45299999999999 72.089 68
1790.0 241.55499999999998 15 2190.0 -400.0 53 -58 88.03199999999997 88.47699999999996 80
925.0 317.5190000000005 17 1800.0 -975.0 138 -67 93.244 68.073 137
1050.0 184.50700000000006 15 1380.0 -330.0 43 -44 73.82599999999996 47.19099999999999 66
1930.0 320.2099999999999 21 2190.0 -260.0 64 -81 122.53999999999999 74.94399999999999 32
1140.0 252.71300000000005 19 1440.0 -300.0 71 -61 87.48199999999999 57.22299999999999 34
805.0 252.44400000000007 16 1200.0 -520.0 60 -60 96.80500000000002 56.376000000000005 104
1375.0 247.58700000000005 22 1860.0 -485.0 55 -73 77.139 68.557 97
995.0 207.026 16 1410.0 -415.0 54 -57 76.339 51.91699999999999 83
1845.0 307.80500000000006 20 2400.0 -555.0 72 -72 122.72199999999998 79.66200000000002 111
910.0 198.30000000000004 16 1140.0 -230.0 54 -54 58.415 50.86799999999999 30
620.0 203.56700000000006 12 1110.0 -575.0 65 -54 76.227 42.71799999999999 115
1115.0 205.09299999999996 16 1560.0 -565.0 117 -50 69.34 58.857 85
700.0 171.038 14 1110.0 -410.0 54 -50 51.50699999999999 42.535000000000004 82
1690.0 296.6139999999999 15 2160.0 -470.0 62 -75 92.66799999999999 91.502 94
1475.0 250.25400000000002 15 1890.0 -415.0 55 -61 105.859 64.74099999999999 83
1445.0 311.99799999999976 17 2040.0 -595.0 77 -67 139.584 77.32299999999996 103
1325.0 228.01000000000005 13 1740.0 -540.0 63 -61 56.497 80.51100000000002 108
960.0 219.72700000000003 17 1380.0 -420.0 51 -63 65.591 60.403999999999996 84
1585.0 255.70600000000002 14 2040.0 -455.0 60 -69 74.30799999999999 73.166 91
1690.0 250.35800000000003 14 1950.0 -260.0 64 -69 74.39299999999999 56.040999999999954 32
1365.0 220.28499999999997 19 1740.0 -375.0 49 -62 80.07999999999998 62.28299999999999 75
1590.0 234.31800000000004 19 2190.0 -600.0 78 -59 81.561 88.42299999999997 120
1720.0 271.29200000000003 15 2190.0 -485.0 61 -70 83.37099999999998 80.87000000000002 95
2415.0 310.428 15 2670.0 -255.0 61 -72 98.56700000000002 109.66699999999997 33
2025.0 288.7379999999999 19 2490.0 -465.0 86 -79 90.06600000000005 96.78699999999998 67
1260.0 262.544 17 1680.0 -525.0 64 -69 86.00999999999999 70.45599999999999 105
1110.0 277.23699999999997 17 1560.0 -450.0 62 -70 83.33599999999998 61.46200000000001 88
1365.0 227.73600000000002 15 1860.0 -495.0 65 -63 66.718 75.40899999999999 99
1380.0 258.617 17 1800.0 -420.0 55 -60 93.28800000000001 85.01599999999999 84
1565.0 263.8820000000001 18 1950.0 -385.0 51 -69 93.21100000000003 73.81299999999999 77
790.0 229.504 18 1410.0 -620.0 64 -64 62.30299999999999 66.88899999999998 124
1190.0 276.62800000000004 13 1980.0 -830.0 106 -59 99.19000000000004 83.81699999999996 166
965.0 210.27 18 1440.0 -505.0 67 -64 67.07999999999998 47.33799999999999 97
1535.0 255.26300000000012 13 2040.0 -505.0 60 -68 84.00200000000004 72.90199999999999 101
750.0 219.54799999999994 16 1140.0 -390.0 52 -64 62.339999999999996 45.691999999999986 78
1060.0 217.38800000000003 17 1470.0 -510.0 61 -59 79.954 55.731 102
1960.0 299.55199999999996 14 2610.0 -660.0 133 -75 85.86200000000001 82.88499999999999 104
1835.0 288.88500000000016 18 2220.0 -385.0 86 -68 82.82599999999998 96.05600000000001 53
1045.0 214.27200000000002 13 1350.0 -305.0 67 -61 60.86499999999999 53.40099999999998 43
1370.0 183.93700000000007 13 1770.0 -400.0 53 -61 46.882999999999996 53.24799999999997 80
1370.0 290.51000000000005 14 2070.0 -730.0 72 -69 88.82500000000005 87.94299999999998 142
695.0 222.14999999999998 15 1110.0 -415.0 54 -60 80.07299999999998 47.24799999999999 83
725.0 178.215 16 1140.0 -535.0 55 -53 48.611000000000004 49.24099999999999 107
1570.0 265.422 12 2070.0 -500.0 58 -65 83.09500000000001 77.04699999999997 100
595.0 195.184 16 960.0 -365.0 48 -52 67.43599999999999 38.439 73
1175.0 293.78500000000014 16 1710.0 -535.0 61 -72 113.63700000000003 70.18599999999998 107
980.0 230.67899999999997 19 1470.0 -490.0 73 -64 77.267 52.40899999999999 72
2420.0 380.911 16 2730.0 -310.0 70 -86 139.657 121.78099999999995 42
1450.0 229.76100000000005 16 1830.0 -380.0 50 -58 83.312 63.15800000000001 76
1390.0 257.3430000000001 11 2070.0 -730.0 95 -58 93.29200000000006 84.04399999999998 132
1145.0 248.05500000000004 16 1590.0 -565.0 61 -62 77.665 67.49100000000001 111
1755.0 262.84900000000005 14 2250.0 -495.0 69 -70 87.678 81.33000000000001 93
515.0 176.55700000000002 16 870.0 -355.0 47 -47 61.451 38.949999999999996 71
1190.0 242.293 15 1740.0 -590.0 77 -53 89.65299999999999 68.11599999999999 118
965.0 239.13899999999992 17 1410.0 -445.0 58 -74 78.77700000000002 49.053999999999995 89
1290.0 230.84100000000004 13 1680.0 -390.0 51 -52 102.32900000000004 58.174999999999976 78
975.0 275.093 16 1500.0 -565.0 89 -69 93.90499999999997 64.21 103
680.0 187.08600000000004 16 1020.0 -340.0 45 -54 66.374 37.06 68
1575.0 269.102 20 2190.0 -635.0 129 -60 100.57300000000001 92.40599999999998 99
1000.0 214.9139999999999 16 1410.0 -410.0 46 -61 71.52799999999999 47.14099999999998 82
820.0 173.347 16 1080.0 -260.0 64 -42 58.68299999999999 53.695 32
1195.0 221.50699999999995 14 1560.0 -365.0 48 -60 75.624 62.75599999999999 73
1175.0 270.65500000000003 15 1740.0 -565.0 85 -61 117.09500000000001 63.271 93
685.0 171.04500000000002 14 1020.0 -335.0 44 -46 64.69699999999999 38.136 67
1270.0 254.60199999999995 23 1650.0 -380.0 49 -65 97.041 65.412 76
2015.0 248.68499999999997 18 2370.0 -355.0 46 -61 86.29200000000002 91.02599999999997 71
1535.0 295.7719999999999 18 1980.0 -445.0 65 -68 99.75099999999999 72.63799999999999 56
860.0 196.365 16 1320.0 -460.0 55 -51 59.367999999999995 63.57399999999998 92
1240.0 225.52500000000012 17 1650.0 -410.0 75 -57 87.07200000000002 56.245999999999995 62
740.0 196.36300000000006 17 1230.0 -490.0 51 -55 53.254999999999995 57.922 98
990.0 237.54899999999992 18 1380.0 -390.0 51 -58 89.62200000000001 58.68899999999999 78
1000.0 248.04200000000006 15 1440.0 -440.0 50 -64 88.91400000000002 62.29699999999999 88
2125.0 310.265 16 2520.0 -395.0 52 -68 124.15800000000004 96.36299999999997 79
1135.0 215.949 15 1590.0 -455.0 47 -63 77.37 57.13300000000001 91
1040.0 184.21699999999996 13 1380.0 -340.0 45 -47 68.13799999999998 51.527999999999984 68
1575.0 293.593 18 2010.0 -435.0 68 -83 86.919 81.09399999999998 55
395.0 181.72199999999998 16 840.0 -445.0 54 -50 64.61299999999999 43.41499999999999 89
1310.0 279.8719999999999 15 1740.0 -430.0 63 -66 111.119 69.17799999999997 82
1185.0 237.73499999999999 18 1530.0 -345.0 45 -61 64.42399999999998 70.41899999999998 69
1580.0 283.60800000000006 17 2070.0 -490.0 67 -71 87.687 84.15299999999999 96
1615.0 214.451 16 2010.0 -425.0 56 -54 86.974 64.73100000000001 81
1260.0 267.663 18 1530.0 -270.0 66 -69 105.17199999999997 52.250999999999976 34
2365.0 333.2200000000001 17 2610.0 -245.0 73 -77 109.807 101.29599999999996 18
575.0 251.27799999999996 19 1200.0 -625.0 61 -72 69.13899999999998 59.61599999999998 125
985.0 233.447 14 1470.0 -485.0 55 -59 91.28700000000002 56.42199999999999 97
885.0 248.18000000000004 19 1170.0 -325.0 82 -63 79.78099999999996 49.31099999999999 39
1645.0 255.33300000000008 16 2010.0 -365.0 48 -63 91.86800000000002 76.97499999999998 73
-160.0 186.229 12 1320.0 -1510.0 111 -49 57.075999999999986 43.71 259
1715.0 290.93199999999996 15 2040.0 -325.0 65 -76 86.61099999999999 73.45599999999999 45
725.0 205.84600000000003 15 1260.0 -535.0 51 -58 72.34299999999999 51.663999999999994 107
1615.0 262.368 14 1890.0 -275.0 69 -69 72.872 67.88099999999997 33
1825.0 304.62899999999996 16 2190.0 -365.0 66 -74 105.26100000000002 94.614 55
950.0 207.716 19 1350.0 -500.0 66 -51 75.52499999999999 47.646999999999984 100
470.0 220.957 17 900.0 -430.0 48 -62 69.52999999999999 42.983999999999995 86
1285.0 219.08999999999997 16 1650.0 -365.0 48 -56 74.66799999999999 68.18699999999998 73
1455.0 335.237 24 1650.0 -195.0 65 -89 111.74799999999999 66.28999999999999 13
710.0 205.76199999999997 18 1230.0 -520.0 54 -71 60.959999999999994 46.17699999999999 104
815.0 193.485 13 1200.0 -385.0 51 -51 65.39099999999999 54.20599999999998 77
1460.0 255.68700000000007 12 1890.0 -430.0 66 -68 78.22500000000001 68.084 80
1185.0 211.18300000000002 18 1590.0 -405.0 50 -60 75.71199999999999 54.27399999999999 81
1140.0 254.80599999999995 15 1590.0 -505.0 76 -67 82.487 64.30799999999999 85
525.0 205.837 12 1320.0 -835.0 81 -52 69.97700000000003 57.41599999999999 167
1330.0 229.65099999999995 16 1740.0 -410.0 54 -61 81.66899999999998 63.02799999999999 82
1150.0 250.287 18 1530.0 -380.0 59 -63 82.41799999999998 68.17399999999999 49
1575.0 245.45300000000006 14 2040.0 -465.0 60 -64 88.78800000000001 75.01299999999998 93
1775.0 274.43099999999987 15 2280.0 -505.0 62 -68 103.18000000000004 84.406 101
1670.0 231.10799999999998 17 2040.0 -370.0 51 -56 81.36199999999997 74.946 74
1945.0 332.74100000000027 20 2220.0 -275.0 69 -78 113.98599999999998 102.12300000000003 33
1185.0 224.60000000000005 13 1530.0 -345.0 45 -56 73.21099999999998 70.475 69
1665.0 264.923 17 2100.0 -555.0 65 -61 107.61600000000001 77.60600000000001 111
875.0 210.294 17 1230.0 -355.0 47 -58 68.707 51.15599999999999 71
690.0 214.353 19 1170.0 -480.0 49 -52 73.99900000000001 50.51899999999999 96
2420.0 318.30600000000004 15 2730.0 -435.0 79 -78 113.19500000000002 97.61900000000001 67
2135.0 294.20099999999996 17 2400.0 -265.0 65 -82 78.52499999999998 76.97299999999998 33
1290.0 219.83399999999997 14 1620.0 -330.0 43 -54 85.31000000000003 59.971 66
995.0 233.849 16 1380.0 -545.0 65 -60 84.44200000000001 58.28499999999998 105
1115.0 221.52 16 1470.0 -355.0 47 -56 95.871 51.876999999999995 71
1395.0 267.92199999999997 19 1800.0 -405.0 53 -59 120.01799999999999 60.37299999999999 81
1905.0 317.418 16 2220.0 -315.0 68 -76 110.074 91.619 45
1200.0 196.37500000000003 18 1530.0 -330.0 43 -52 72.57199999999999 57.717999999999996 66
975.0 215.86300000000003 13 1440.0 -465.0 60 -50 80.396 57.77599999999998 93
1220.0 217.50900000000001 12 1680.0 -460.0 50 -60 60.89399999999999 62.43900000000001 92
700.0 210.24300000000014 14 1110.0 -410.0 53 -54 75.65800000000003 47.67799999999999 82
785.0 184.06999999999996 15 1140.0 -355.0 39 -47 62.589000000000006 46.00099999999999 71
420.0 161.97600000000006 9 960.0 -575.0 74 -41 47.123999999999995 49.44899999999999 115
1080.0 215.98199999999997 16 1530.0 -450.0 59 -60 66.45899999999999 63.806 90
1375.0 305.449 20 1770.0 -395.0 52 -69 122.25599999999999 85.93699999999998 79
1285.0 216.66900000000007 11 1680.0 -395.0 52 -53 69.55100000000002 66.91899999999998 79
1205.0 249.82899999999998 20 1620.0 -415.0 55 -63 78.15299999999996 72.99899999999998 83
985.0 241.697 18 1290.0 -305.0 67 -70 80.03899999999997 49.914 43
95.0 181.49699999999999 13 810.0 -750.0 81 -51 58.164 32.659 150
1465.0 263.24300000000005 17 1830.0 -365.0 67 -63 98.28000000000003 71.50899999999997 55
1635.0 285.897 19 1830.0 -195.0 65 -74 92.54600000000002 69.98999999999998 13
960.0 240.386 16 1590.0 -720.0 90 -62 77.98199999999999 65.398 144
940.0 192.329 12 1620.0 -680.0 63 -50 51.831 68.89 136
785.0 220.268 13 1260.0 -585.0 61 -51 88.65399999999998 50.655 117
1790.0 278.722 18 2250.0 -580.0 119 -60 114.78000000000002 87.512 88
1555.0 233.05499999999998 12 2040.0 -485.0 54 -65 67.46499999999997 75.17399999999999 97
2585.0 309.77500000000015 14 2940.0 -475.0 81 -79 91.10300000000005 111.63299999999998 77
905.0 233.41300000000007 16 1380.0 -475.0 48 -67 61.75 64.371 95
780.0 210.468 15 1140.0 -360.0 47 -53 74.31699999999998 54.727000000000004 72
900.0 240.29 17 1200.0 -300.0 68 -71 66.713 49.74199999999999 36
975.0 226.00200000000007 17 1440.0 -465.0 62 -69 61.59799999999999 60.75799999999999 93
1150.0 196.69500000000002 18 1680.0 -530.0 49 -57 67.05599999999998 59.26899999999998 106
1440.0 282.8369999999999 18 1950.0 -510.0 68 -72 81.45999999999998 98.626 102
1315.0 251.04100000000005 19 1590.0 -275.0 69 -70 76.81400000000001 62.78499999999999 33
750.0 195.411 11 1200.0 -450.0 50 -50 65.97600000000001 46.254 90
620.0 206.17699999999994 16 1230.0 -610.0 76 -52 75.48799999999999 54.98799999999999 122
1540.0 253.14800000000005 11 1980.0 -440.0 61 -60 83.285 82.71400000000001 86
1295.0 190.307 17 1680.0 -545.0 106 -53 61.44899999999997 58.596 79
1070.0 238.03699999999998 17 1410.0 -340.0 68 -68 71.63 61.27 52
1495.0 252.0509999999999 16 1890.0 -395.0 52 -59 99.51499999999996 77.13399999999996 79
840.0 188.96300000000005 14 1440.0 -600.0 52 -59 54.69199999999999 53.955999999999996 120
1495.0 234.057 13 1950.0 -455.0 62 -64 73.54500000000003 65.65099999999998 91
1030.0 257.7770000000001 14 1800.0 -770.0 139 -65 83.147 71.72000000000001 120
595.0 188.54700000000003 18 1260.0 -685.0 92 -49 64.522 57.574999999999996 137
1810.0 250.977 16 2070.0 -260.0 64 -64 92.71900000000001 72.148 32
645.0 191.64100000000002 16 1170.0 -525.0 51 -55 59.33 45.361 105
495.0 165.824 13 960.0 -465.0 54 -43 57.702 42.321 93
1470.0 233.394 18 1920.0 -450.0 43 -64 81.37299999999998 72.46299999999998 90
1185.0 236.52400000000003 16 1620.0 -435.0 56 -55 82.83400000000003 66.69199999999996 87
1140.0 235.01000000000005 14 1560.0 -420.0 50 -62 83.10699999999999 62.81699999999998 84
1725.0 306.434 19 1920.0 -195.0 65 -78 102.70199999999998 76.31999999999998 13
1185.0 190.99999999999994 16 1500.0 -450.0 50 -51 77.41799999999999 45.702999999999996 90
380.0 173.23100000000005 12 750.0 -385.0 54 -48 54.70299999999999 29.858999999999995 75
2085.0 297.271 11 2340.0 -255.0 61 -68 109.80099999999997 89.421 33
1285.0 270.387 21 1680.0 -425.0 62 -63 105.30899999999998 74.12199999999997 81
1590.0 293.57899999999995 21 1920.0 -450.0 126 -66 103.27299999999997 91.19199999999998 46
1290.0 209.21400000000003 17 1680.0 -390.0 51 -57 79.60399999999998 49.334 78
590.0 147.89700000000002 10 1020.0 -430.0 49 -43 39.172 42.056999999999995 86
1665.0 271.44 20 1860.0 -195.0 65 -68 91.24 76.444 13
515.0 189.72600000000006 15 960.0 -565.0 67 -53 59.21799999999999 40.150999999999996 113
1850.0 297.21999999999986 14 2310.0 -460.0 62 -81 87.47599999999998 82.82900000000001 90
835.0 199.42800000000005 14 1230.0 -395.0 52 -49 69.46999999999998 59.49999999999998 79
1645.0 233.701 22 2100.0 -455.0 60 -68 72.37599999999998 77.60199999999999 91
480.0 182.55100000000002 11 840.0 -360.0 47 -46 62.548999999999985 42.98899999999999 72
855.0 216.37199999999999 19 1410.0 -555.0 64 -60 76.88999999999999 53.380999999999986 111
910.0 206.695 17 1200.0 -290.0 38 -47 83.401 44.31100000000001 58
980.0 229.64399999999995 15 1350.0 -370.0 49 -57 83.28899999999997 59.356 74
630.0 200.047 16 1200.0 -570.0 60 -47 83.91399999999996 48.761 114
1325.0 198.82 16 1650.0 -325.0 43 -53 73.631 57.26799999999997 65
1050.0 223.0670000000001 17 1680.0 -630.0 68 -60 77.21100000000001 60.483 126
360.0 178.79599999999996 14 990.0 -630.0 82 -50 56.934999999999995 46.032000000000004 126
2080.0 281.17699999999996 19 2550.0 -470.0 61 -70 94.75200000000002 97.41299999999998 94
1000.0 229.36100000000002 17 1560.0 -560.0 64 -52 81.741 72.00000000000001 112
710.0 270.4700000000001 12 1650.0 -990.0 89 -53 85.35200000000002 59.43199999999999 198
805.0 175.50900000000004 12 1200.0 -395.0 52 -55 46.87999999999998 44.645 79
980.0 229.158 15 1320.0 -340.0 45 -59 71.56099999999999 65.52599999999998 68
1395.0 247.902 18 1860.0 -615.0 103 -54 94.79699999999995 74.75199999999998 103
1875.0 279.35899999999987 18 2070.0 -195.0 65 -63 100.36899999999999 78.22799999999998 13
915.0 241.47099999999998 21 1350.0 -435.0 57 -58 86.94699999999999 59.355000000000004 87
1060.0 255.85100000000003 19 1500.0 -440.0 57 -68 99.921 45.881 88
1540.0 261.644 16 1800.0 -275.0 69 -65 97.82000000000002 67.10399999999998 33
805.0 241.11700000000002 20 1440.0 -705.0 91 -56 97.428 60.39699999999998 141
770.0 222.47900000000004 14 1200.0 -460.0 58 -54 79.985 54.877 88
1790.0 272.941 20 2070.0 -280.0 70 -68 94.24599999999998 79.03399999999998 34
1555.0 278.5949999999999 13 1860.0 -305.0 79 -73 80.60300000000001 74.16700000000002 35
1085.0 260.83799999999997 14 1530.0 -445.0 58 -68 101.772 55.55100000000001 89
1815.0 306.4139999999999 17 2280.0 -465.0 61 -79 106.671 91.45499999999997 93
815.0 219.134 15 1470.0 -655.0 57 -54 61.340999999999994 63.650999999999996 131
1035.0 215.1290000000001 16 1710.0 -675.0 52 -51 63.382999999999996 65.49900000000002 135
1490.0 232.131 17 1740.0 -305.0 67 -56 79.094 73.91899999999998 43
1265.0 215.93700000000004 16 1710.0 -560.0 60 -53 74.152 70.21500000000002 112
305.0 168.41500000000002 11 750.0 -445.0 59 -51 45.435 25.92 89
915.0 162.10899999999992 13 1230.0 -395.0 55 -46 52.86399999999999 45.20400000000001 71
1970.0 286.485 16 2490.0 -520.0 79 -66 105.56799999999998 99.42499999999998 86
1300.0 219.69300000000007 15 1620.0 -320.0 84 -66 61.903999999999996 51.501 36
1685.0 280.79999999999995 21 2130.0 -510.0 66 -79 95.32599999999996 76.26199999999999 102
805.0 251.24699999999999 12 1590.0 -805.0 127 -54 91.14999999999999 69.44899999999998 131
1450.0 248.91199999999998 18 1920.0 -470.0 55 -59 87.21199999999999 80.41399999999999 94
975.0 215.22900000000007 15 1560.0 -805.0 66 -51 82.376 61.98999999999999 161
1315.0 225.81200000000004 16 1740.0 -425.0 48 -59 75.67399999999999 73.97399999999999 85
535.0 222.31899999999996 14 1140.0 -630.0 82 -35 93.395 75.77199999999995 126
1715.0 302.52699999999993 18 2310.0 -595.0 68 -73 110.36500000000004 93.89499999999998 119
1035.0 234.91199999999998 21 1380.0 -345.0 44 -64 70.481 63.21799999999999 69
1215.0 295.5900000000001 15 1740.0 -560.0 103 -68 103.68599999999998 70.19099999999997 92
1370.0 222.83599999999998 16 1680.0 -310.0 40 -55 77.24300000000002 70.57099999999998 62
1360.0 245.8489999999999 18 1830.0 -470.0 72 -71 70.73199999999997 68.41399999999997 64
1140.0 191.978 14 1470.0 -330.0 42 -58 62.631999999999984 45.91599999999999 66
1060.0 233.98000000000005 18 1560.0 -500.0 47 -58 91.09599999999999 56.361999999999995 100
1825.0 250.93499999999997 19 2310.0 -605.0 95 -62 78.33599999999997 93.10999999999999 111
745.0 185.36999999999998 18 1410.0 -710.0 76 -52 67.26299999999999 43.48599999999999 142
1370.0 235.37400000000002 20 1830.0 -460.0 59 -68 64.767 73.21300000000001 92
745.0 211.18299999999996 14 1080.0 -335.0 44 -53 72.302 48.04499999999999 67
415.0 161.59199999999998 12 810.0 -395.0 52 -47 57.092999999999996 36.983999999999995 79
1795.0 263.76300000000003 15 2130.0 -335.0 67 -71 79.63799999999998 77.69300000000003 49
2020.0 327.7859999999999 18 2340.0 -320.0 70 -74 125.03800000000001 98.53500000000001 40
1440.0 261.585 18 1860.0 -435.0 66 -69 77.57799999999997 72.64000000000003 81
1460.0 252.07099999999997 17 1830.0 -370.0 48 -61 83.36299999999997 73.97099999999998 74
1850.0 290.063 15 2400.0 -600.0 84 -73 98.63399999999993 86.149 116
1460.0 258.552 17 2010.0 -550.0 56 -75 83.907 74.079 110
1580.0 276.757 19 2250.0 -670.0 74 -69 107.91100000000004 81.52299999999995 134
1245.0 275.514 19 1440.0 -195.0 65 -68 109.37599999999998 55.638999999999996 13
1465.0 284.82699999999994 19 2130.0 -665.0 70 -62 117.069 90.77899999999998 133
970.0 249.712 15 1320.0 -350.0 46 -60 97.23599999999999 57.657999999999966 70
1300.0 301.31 17 1980.0 -680.0 81 -79 92.01700000000001 83.42500000000004 132
995.0 274.657 20 1470.0 -475.0 55 -72 97.18199999999999 72.143 95
1935.0 271.2080000000001 17 2130.0 -195.0 65 -67 87.63100000000001 74.82799999999997 13
1405.0 310.7829999999999 19 1950.0 -605.0 129 -69 101.72399999999999 81.49399999999999 61
815.0 197.97600000000003 14 1170.0 -355.0 46 -51 64.282 50.806 71
1090.0 243.77600000000004 17 1620.0 -530.0 64 -63 91.03300000000002 58.797999999999995 106
1660.0 267.286 17 2130.0 -470.0 61 -80 90.45399999999998 74.005 94
1290.0 237.04500000000002 15 1530.0 -240.0 68 -61 84.6 66.34299999999998 24
2090.0 303.40100000000007 17 2550.0 -460.0 78 -78 108.076 92.82600000000005 70
930.0 234.64400000000012 14 1410.0 -480.0 55 -61 81.955 55.73200000000001 96
1145.0 249.98200000000003 17 1620.0 -475.0 62 -73 77.687 65.629 95
