2010.0 286.52499999999986 21 2010.0 0.0 0 -76 111.83499999999997 67.71199999999997 0
905.0 261.001 15 1080.0 -175.0 3 -74 74.84599999999999 45.556999999999995 35
1620.0 240.72599999999994 15 1620.0 -270.0 45 -60 82.87099999999998 71.44800000000001 27
1500.0 274.18199999999996 16 1710.0 -290.0 22 -65 87.52999999999999 74.805 54
1880.0 279.57499999999993 18 1980.0 -100.0 13 -74 108.367 66.04499999999997 20
2370.0 305.61799999999994 21 2370.0 0.0 0 -74 106.43500000000003 85.66099999999999 0
1265.0 238.831 17 1500.0 -235.0 12 -58 88.37799999999999 63.331999999999994 47
990.0 216.413 14 1020.0 -30.0 2 -64 63.89099999999999 44.49099999999999 6
2580.0 326.34200000000004 20 2580.0 -30.0 10 -80 119.18400000000001 101.00900000000001 2
1380.0 278.402 17 1380.0 0.0 0 -63 109.15500000000002 70.625 0
1685.0 392.46399999999994 25 1770.0 -85.0 8 -96 144.386 79.70499999999998 17
1810.0 290.25299999999993 16 1890.0 -80.0 2 -65 112.47500000000001 78.112 16
1230.0 249.79599999999996 20 1230.0 0.0 0 -59 102.75599999999999 53.49199999999999 0
1830.0 283.40700000000004 17 1830.0 -30.0 10 -74 96.60200000000003 77.53899999999999 2
1515.0 259.80500000000006 18 1560.0 -45.0 6 -74 86.33500000000001 56.73499999999999 9
2250.0 342.705 24 2250.0 0.0 0 -91 132.026 75.083 0
1440.0 240.69400000000002 16 1440.0 -120.0 16 -62 102.76799999999999 45.999999999999986 24
1950.0 296.96499999999986 23 1950.0 0.0 0 -72 113.98699999999997 82.00299999999997 0
900.0 238.74099999999999 16 900.0 0.0 0 -68 78.55499999999999 40.80399999999999 0
1880.0 314.544 23 2040.0 -160.0 4 -78 111.21899999999997 90.59899999999998 32
1680.0 340.657 19 1680.0 0.0 0 -84 119.68599999999996 77.177 0
1560.0 297.7199999999999 21 1650.0 -90.0 7 -84 93.326 67.539 18
2460.0 287.30800000000005 20 2520.0 -150.0 34 -66 99.644 97.483 18
1500.0 239.61400000000006 19 1500.0 0.0 0 -64 80.43100000000001 54.327999999999996 0
2130.0 348.953 14 2370.0 -240.0 20 -73 147.87800000000004 92.44799999999996 48
1685.0 291.887 18 1890.0 -235.0 31 -75 103.39099999999996 74.32 47
1800.0 290.23600000000005 15 1800.0 0.0 0 -80 97.823 69.33099999999999 0
1950.0 293.61400000000003 15 1950.0 0.0 0 -69 114.98300000000005 76.518 0
1260.0 255.12500000000006 14 1290.0 -30.0 4 -68 90.97099999999999 52.68299999999999 6
1710.0 241.43200000000002 15 1710.0 0.0 0 -61 99.01400000000001 65.74599999999997 0
1520.0 277.94100000000003 17 1560.0 -40.0 5 -62 113.74600000000002 71.64399999999999 8
2030.0 340.1269999999999 19 2130.0 -100.0 13 -76 140.54000000000002 89.27599999999998 20
2290.0 354.45599999999996 22 2400.0 -110.0 15 -90 110.50900000000001 103.581 22
2310.0 264.91900000000004 19 2310.0 0.0 0 -74 81.17299999999999 80.89499999999998 0
1920.0 310.9279999999999 21 1920.0 0.0 0 -73 117.486 95.30599999999997 0
1290.0 303.172 20 1290.0 -45.0 6 -72 119.86799999999997 58.168 9
1060.0 257.23500000000007 17 1140.0 -80.0 10 -68 75.69399999999999 53.891000000000005 16
1575.0 301.88900000000007 19 1800.0 -225.0 18 -67 126.90499999999999 71.657 45
1770.0 285.934 17 1800.0 -30.0 2 -78 91.17399999999999 63.507999999999996 6
1560.0 232.442 19 1560.0 -120.0 16 -60 81.53099999999999 57.38700000000001 24
2100.0 370.3829999999999 19 2100.0 -60.0 8 -101 112.76299999999999 87.13 12
2220.0 317.3959999999999 23 2220.0 0.0 0 -76 104.52000000000001 97.588 0
1545.0 260.201 19 1590.0 -90.0 7 -66 93.05499999999999 61.888000000000005 18
2010.0 254.38899999999995 15 2010.0 0.0 0 -75 67.709 77.264 0
1530.0 258.87700000000007 18 1530.0 0.0 0 -70 93.52799999999999 57.57699999999999 0
1600.0 311.86899999999997 20 1620.0 -115.0 7 -65 131.05800000000002 77.93899999999998 23
2340.0 283.091 16 2340.0 0.0 0 -67 102.90199999999999 86.22800000000001 0
1260.0 279.8449999999998 18 1260.0 0.0 0 -75 104.13899999999998 50.24900000000001 0
1950.0 255.63500000000002 16 1950.0 -75.0 25 -65 98.39 67.54499999999999 5
1800.0 271.648 14 1800.0 0.0 0 -64 116.41499999999999 62.33000000000002 0
1890.0 277.41100000000006 20 1890.0 0.0 0 -77 96.255 71.243 0
2180.0 370.911 24 2190.0 -10.0 1 -99 126.96999999999997 90.597 2
1195.0 254.29299999999998 15 1620.0 -465.0 22 -55 94.477 69.95299999999997 93
2015.0 333.34199999999987 21 2070.0 -55.0 7 -82 112.85700000000001 89.83099999999999 11
1760.0 281.94800000000004 16 1860.0 -100.0 13 -81 96.663 61.94699999999999 20
960.0 257.6070000000001 17 960.0 0.0 0 -74 94.36599999999997 35.373999999999995 0
2250.0 329.1349999999999 16 2250.0 0.0 0 -86 115.36100000000002 88.99 0
1520.0 217.90500000000003 13 1650.0 -130.0 10 -57 69.15599999999999 63.15300000000001 26
1830.0 263.332 16 1830.0 0.0 0 -70 96.035 62.93999999999998 0
1560.0 270.696 13 1560.0 0.0 0 -75 88.93299999999998 63.45699999999997 0
2500.0 338.93200000000013 19 2640.0 -175.0 22 -73 123.58800000000002 100.98899999999998 35
1560.0 279.87699999999995 19 1560.0 0.0 0 -72 99.246 59.988000000000014 0
1680.0 283.3519999999999 18 1710.0 -30.0 4 -74 101.00999999999999 63.068999999999996 6
1350.0 249.54399999999998 18 1470.0 -140.0 23 -71 65.89 72.85299999999998 14
1800.0 218.73600000000008 15 1800.0 0.0 0 -61 62.563 68.87700000000001 0
1860.0 269.556 18 1860.0 0.0 0 -72 95.18000000000002 66.885 0
1600.0 235.8729999999999 16 1770.0 -170.0 11 -60 87.34299999999998 67.24199999999998 34
2550.0 358.4829999999999 23 2550.0 0.0 0 -92 125.68299999999999 102.07000000000004 0
1815.0 270.50800000000004 16 1890.0 -75.0 5 -67 82.23299999999999 70.371 15
2045.0 361.698 24 2100.0 -55.0 3 -88 129.11199999999997 92.62699999999998 11
2185.0 307.4990000000001 19 2370.0 -210.0 27 -68 126.06500000000004 92.76199999999999 42
1680.0 298.61100000000005 19 1770.0 -90.0 12 -69 105.16199999999996 75.198 18
1640.0 257.868 13 1710.0 -70.0 5 -62 83.846 73.201 14
1125.0 280.6629999999999 16 1170.0 -45.0 3 -78 75.202 45.19200000000002 9
1485.0 328.453 14 1860.0 -375.0 26 -72 111.642 78.21700000000001 75
2070.0 294.666 13 2070.0 0.0 0 -77 94.75399999999999 83.47900000000001 0
1800.0 343.23 23 1800.0 0.0 0 -89 118.26399999999997 77.57799999999999 0
1470.0 319.82499999999993 22 1530.0 -75.0 9 -80 116.82399999999997 68.09400000000001 13
1965.0 357.63799999999986 15 2070.0 -150.0 19 -79 132.64900000000003 95.71299999999997 30
2070.0 288.15999999999985 14 2070.0 0.0 0 -77 100.73100000000001 77.65099999999998 0
1590.0 304.993 19 1590.0 0.0 0 -83 112.55499999999999 59.505999999999986 0
1530.0 286.123 17 1530.0 0.0 0 -74 105.01299999999996 66.017 0
1650.0 273.048 18 1650.0 0.0 0 -81 93.80099999999999 58.181 0
2640.0 401.915 25 2640.0 0.0 0 -103 137.125 108.842 0
1510.0 240.98100000000008 15 1590.0 -80.0 9 -68 86.47300000000001 56.573999999999984 16
1340.0 330.77199999999993 21 1500.0 -175.0 8 -81 109.82299999999998 60.61699999999998 33
1770.0 238.97900000000004 18 1770.0 0.0 0 -63 77.17399999999998 75.41999999999997 0
1460.0 296.1630000000001 19 1500.0 -40.0 2 -74 103.81899999999999 69.44799999999996 8
1680.0 307.26099999999985 23 1680.0 0.0 0 -82 112.41300000000001 68.24699999999999 0
1620.0 308.91800000000006 14 1770.0 -185.0 24 -71 133.83200000000005 68.52 37
2040.0 246.22600000000006 17 2040.0 0.0 0 -68 82.20999999999998 76.97600000000001 0
1500.0 326.3499999999999 24 1500.0 -30.0 10 -79 127.02899999999997 63.29099999999999 2
1770.0 304.0709999999999 20 1770.0 0.0 0 -76 120.63399999999997 61.07699999999999 0
2190.0 325.4800000000001 22 2190.0 0.0 0 -84 131.31799999999998 77.13499999999999 0
1545.0 242.28200000000007 15 1620.0 -110.0 9 -57 85.60099999999998 75.24300000000002 22
2040.0 330.5529999999999 17 2040.0 0.0 0 -75 127.644 87.61599999999997 0
1355.0 311.13899999999995 17 1680.0 -325.0 23 -78 99.13699999999999 64.41900000000001 65
1670.0 296.4149999999999 20 1680.0 -10.0 1 -81 96.43499999999999 73.018 2
2760.0 322.081 21 2820.0 -60.0 1 -88 94.35399999999998 106.10300000000002 12
1600.0 272.4239999999999 18 1650.0 -50.0 6 -70 87.02699999999999 64.53099999999999 10
2560.0 331.10300000000007 17 2730.0 -170.0 14 -79 128.037 96.948 34
1680.0 284.9030000000001 21 1680.0 0.0 0 -80 95.08999999999999 61.606999999999985 0
2250.0 272.207 14 2250.0 0.0 0 -74 77.07300000000001 79.412 0
2310.0 357.35099999999994 20 2370.0 -60.0 20 -93 117.26399999999997 94.15999999999998 4
1200.0 232.946 14 1200.0 -325.0 27 -63 77.05699999999999 45.699999999999996 65
1500.0 232.89 19 1500.0 0.0 0 -65 83.90099999999998 61.777999999999984 0
2555.0 298.22300000000007 15 2610.0 -55.0 4 -78 89.71300000000001 93.28999999999995 11
1000.0 229.55100000000007 19 1230.0 -265.0 19 -56 90.68599999999999 55.02999999999998 53
1320.0 296.607 17 1410.0 -90.0 6 -64 118.30799999999999 70.24599999999998 18
1530.0 280.3569999999999 16 1560.0 -30.0 4 -84 87.43299999999999 58.46899999999999 6
1260.0 279.11099999999993 21 1260.0 0.0 0 -66 105.142 59.87899999999997 0
2340.0 366.6559999999999 18 2340.0 0.0 0 -91 143.57799999999997 94.67199999999998 0
1395.0 293.864 18 1410.0 -15.0 2 -86 85.105 61.645 3
2400.0 324.8529999999999 20 2400.0 0.0 0 -71 130.00799999999998 99.535 0
1120.0 205.702 15 1260.0 -160.0 20 -51 76.83000000000001 59.35799999999999 32
1785.0 274.87699999999995 16 1980.0 -220.0 29 -69 109.104 70.82499999999999 44
2520.0 303.45 19 2520.0 0.0 0 -85 97.52000000000002 89.88799999999999 0
1740.0 270.54600000000005 17 1740.0 0.0 0 -72 93.435 69.18699999999998 0
1795.0 283.21000000000015 16 1890.0 -95.0 6 -69 105.53100000000002 67.48700000000001 19
2130.0 305.941 19 2130.0 0.0 0 -78 116.481 84.39799999999997 0
1220.0 229.19999999999993 16 1410.0 -240.0 19 -59 92.59899999999999 42.973000000000006 48
2340.0 297.8289999999999 18 2340.0 0.0 0 -65 122.815 90.384 0
1380.0 266.23699999999997 17 1380.0 0.0 0 -70 96.27899999999995 51.849 0
2670.0 304.4580000000001 16 2670.0 -100.0 13 -76 110.46200000000003 91.32099999999998 20
1395.0 242.02600000000007 17 1470.0 -145.0 9 -56 100.36099999999999 58.126999999999995 29
1710.0 299.469 20 1710.0 0.0 0 -81 105.74199999999999 58.14199999999999 0
1220.0 257.25100000000003 13 1320.0 -140.0 18 -71 78.41299999999998 47.225000000000016 28
1870.0 292.8529999999999 20 2010.0 -180.0 21 -73 103.12700000000002 80.72299999999998 36
2610.0 358.405 20 2610.0 0.0 0 -89 120.77499999999999 103.91499999999999 0
1250.0 199.69799999999995 17 1320.0 -100.0 13 -53 73.55899999999998 45.638999999999996 20
2170.0 292.89800000000014 17 2340.0 -170.0 14 -76 103.90700000000004 93.63699999999997 34
2160.0 382.10699999999997 20 2160.0 -30.0 10 -89 160.78699999999998 86.73599999999995 2
2160.0 291.2509999999999 23 2160.0 0.0 0 -71 107.88000000000001 89.56099999999996 0
1675.0 359.0320000000001 20 1830.0 -155.0 3 -85 107.46799999999999 85.056 31
1620.0 279.73999999999995 19 1620.0 0.0 0 -85 78.728 68.88999999999999 0
1935.0 266.017 20 1950.0 -15.0 1 -69 95.37400000000001 75.22099999999999 3
1530.0 280.743 15 1530.0 0.0 0 -84 76.60300000000001 66.43999999999998 0
1050.0 249.469 14 1050.0 0.0 0 -72 83.30600000000001 43.92 0
1590.0 243.56699999999992 16 1590.0 0.0 0 -71 80.70299999999999 65.27299999999998 0
2735.0 369.81400000000014 20 2820.0 -85.0 6 -91 148.55900000000005 75.92099999999998 17
1140.0 225.22899999999998 15 1140.0 0.0 0 -63 76.311 47.394999999999996 0
1530.0 272.2049999999999 24 1530.0 0.0 0 -67 97.24599999999998 71.90299999999999 0
1650.0 264.69199999999995 14 1650.0 0.0 0 -68 87.99100000000001 70.55900000000003 0
1595.0 337.57099999999986 15 1800.0 -205.0 14 -66 102.04899999999999 71.07999999999998 41
1890.0 299.10499999999996 17 1890.0 0.0 0 -68 117.09299999999999 89.04699999999998 0
1620.0 277.0670000000001 13 1770.0 -150.0 21 -64 115.10300000000004 67.41499999999999 30
1520.0 291.95300000000003 20 1680.0 -160.0 13 -78 97.438 72.97199999999998 32
1860.0 279.9299999999999 20 1860.0 0.0 0 -80 69.91599999999997 70.81499999999998 0
1530.0 258.55000000000007 19 1530.0 -150.0 10 -55 96.32400000000001 72.87700000000001 30
2460.0 313.66899999999987 17 2460.0 0.0 0 -74 120.50099999999998 100.83199999999998 0
2025.0 307.76499999999993 22 2070.0 -45.0 3 -80 85.80899999999997 82.21000000000001 9
1800.0 291.432 18 1800.0 0.0 0 -81 107.35199999999998 65.51599999999999 0
1640.0 322.10299999999995 21 1800.0 -225.0 18 -80 120.49799999999995 73.12200000000001 45
1680.0 277.626 22 1680.0 0.0 0 -76 100.609 66.37499999999999 0
1590.0 291.072 18 1590.0 0.0 0 -80 104.70299999999999 63.92399999999999 0
1920.0 273.6189999999999 17 1920.0 0.0 0 -75 98.64399999999998 72.54599999999999 0
2640.0 364.8 22 2640.0 0.0 0 -83 149.98300000000003 104.626 0
2040.0 258.634 19 2130.0 -125.0 16 -65 96.29299999999996 80.99 25
1350.0 256.127 17 1350.0 0.0 0 -66 94.25599999999999 56.79799999999998 0
1500.0 241.004 18 1500.0 0.0 0 -74 70.12499999999999 59.205 0
1800.0 291.0609999999999 18 1800.0 0.0 0 -69 107.83300000000001 72.24199999999999 0
1230.0 207.467 14 1230.0 -240.0 20 -56 77.342 42.214999999999996 48
2490.0 319.16300000000007 21 2490.0 0.0 0 -92 94.84399999999997 90.734 0
1800.0 252.35500000000008 17 1800.0 0.0 0 -72 88.99899999999995 60.13800000000002 0
1250.0 276.348 18 1290.0 -55.0 10 -80 90.165 51.29599999999999 9
1810.0 319.302 23 1830.0 -20.0 1 -87 113.43000000000004 70.59299999999999 4
1680.0 268.67600000000004 18 1680.0 0.0 0 -74 91.037 56.52999999999998 0
1040.0 285.36600000000004 16 1380.0 -360.0 26 -65 92.91600000000001 60.48299999999998 72
1240.0 301.96099999999996 20 1410.0 -170.0 14 -80 109.07499999999996 49.685 34
1730.0 261.5949999999999 21 1920.0 -250.0 31 -69 100.24799999999998 76.20399999999997 50
2100.0 334.382 21 2100.0 0.0 0 -88 119.59800000000001 79.70700000000001 0
1270.0 242.63699999999992 19 1320.0 -500.0 43 -58 88.46599999999998 58.37299999999998 100
1440.0 239.029 15 1440.0 0.0 0 -64 78.748 64.62899999999999 0
1995.0 336.19300000000004 22 2100.0 -105.0 6 -79 122.57200000000003 88.73700000000001 21
1140.0 222.592 13 1140.0 0.0 0 -58 79.91299999999998 51.29199999999997 0
1985.0 319.47 20 2010.0 -25.0 1 -78 121.057 75.96599999999997 5
1870.0 260.578 14 1950.0 -80.0 10 -63 86.26499999999999 77.61800000000004 14
1585.0 282.759 20 1710.0 -125.0 16 -74 95.90399999999997 69.69399999999999 25
1470.0 234.70499999999993 12 1470.0 -75.0 25 -63 82.20500000000003 48.36799999999999 5
1305.0 259.59200000000004 19 1500.0 -195.0 6 -67 74.01599999999998 49.258999999999986 39
1650.0 304.13800000000003 18 1650.0 0.0 0 -83 114.932 61.90999999999999 0
1620.0 253.316 21 1680.0 -60.0 5 -62 97.189 72.59400000000001 12
1410.0 267.11799999999994 18 1410.0 0.0 0 -65 111.905 46.51999999999999 0
1975.0 216.461 14 2160.0 -235.0 27 -61 64.461 73.225 47
1740.0 243.05000000000004 17 1740.0 0.0 0 -67 73.55199999999999 71.01099999999998 0
1600.0 335.825 21 1710.0 -110.0 7 -90 132.76399999999995 58.40299999999999 22
2150.0 265.413 14 2190.0 -40.0 5 -66 96.131 80.72099999999998 8
1560.0 252.74900000000005 13 1560.0 0.0 0 -62 93.39400000000002 56.886999999999965 0
1140.0 282.52599999999995 18 1140.0 0.0 0 -73 97.10199999999996 57.36199999999999 0
1830.0 266.061 18 1830.0 0.0 0 -80 83.28399999999996 60.451 0
1590.0 205.33000000000004 17 1590.0 0.0 0 -68 57.27799999999999 56.575999999999986 0
1845.0 286.7209999999999 15 1860.0 -15.0 1 -80 92.76599999999999 72.51499999999999 3
1595.0 324.6299999999999 21 1680.0 -85.0 7 -76 139.269 76.741 17
1470.0 325.96999999999997 19 1500.0 -30.0 2 -77 104.80599999999997 75.92300000000002 6
1500.0 281.2919999999999 18 1500.0 0.0 0 -75 106.33200000000001 55.72099999999999 0
1110.0 236.29199999999992 14 1110.0 0.0 0 -65 84.413 35.849 0
1585.0 335.84 21 1740.0 -195.0 25 -84 135.17699999999996 70.765 39
1620.0 260.305 16 1620.0 0.0 0 -66 92.87299999999999 62.40499999999997 0
2760.0 363.80999999999995 20 2760.0 0.0 0 -90 139.20100000000002 106.19399999999997 0
1670.0 267.2869999999999 20 1740.0 -160.0 21 -60 93.17699999999999 77.81399999999998 32
2245.0 296.228 18 2490.0 -245.0 15 -79 102.00199999999998 76.38100000000003 49
2070.0 335.7159999999999 16 2070.0 0.0 0 -73 138.48100000000002 92.14199999999997 0
1650.0 250.90900000000002 15 1650.0 0.0 0 -72 81.986 58.721 0
1545.0 285.7460000000001 18 1590.0 -45.0 6 -69 104.40700000000001 75.73100000000002 9
1020.0 190.649 17 1170.0 -150.0 10 -52 59.33399999999999 55.74 30
1820.0 316.2260000000001 13 1980.0 -195.0 24 -77 113.07500000000002 74.72300000000001 39
1920.0 283.85299999999995 25 1920.0 -80.0 6 -77 106.855 68.969 16
1380.0 216.8080000000001 16 1380.0 0.0 0 -51 87.47700000000002 67.99799999999999 0
1890.0 284.481 13 2100.0 -235.0 31 -67 109.09100000000001 79.72099999999998 47
1560.0 291.5349999999999 24 1560.0 -60.0 8 -85 96.457 58.239999999999995 12
1920.0 337.685 21 1920.0 0.0 0 -82 128.102 82.373 0
1470.0 279.68999999999994 15 1470.0 0.0 0 -73 95.71900000000002 59.523 0
945.0 182.87300000000002 12 1170.0 -245.0 33 -52 56.556000000000004 41.82699999999999 49
1615.0 311.3459999999998 18 1740.0 -125.0 16 -70 117.58099999999999 80.26 25
2460.0 256.23100000000005 12 2460.0 0.0 0 -69 68.89699999999999 94.139 0
1800.0 270.369 16 1800.0 0.0 0 -77 81.977 74.442 0
1595.0 278.2899999999999 19 1740.0 -165.0 23 -75 92.952 66.60899999999998 20
1730.0 322.2790000000001 18 1830.0 -190.0 25 -78 112.80799999999999 69.35099999999997 38
1835.0 286.1289999999999 14 2040.0 -230.0 30 -73 100.671 73.99500000000003 46
1680.0 294.8859999999999 18 1680.0 0.0 0 -79 107.69 54.592 0
1710.0 261.61299999999994 17 1710.0 0.0 0 -71 94.578 69.53099999999999 0
2400.0 306.3569999999999 19 2400.0 0.0 0 -82 121.36099999999999 83.15299999999999 0
2070.0 305.59499999999986 22 2070.0 0.0 0 -79 102.68399999999998 84.05799999999998 0
1830.0 280.813 18 1830.0 -30.0 10 -80 88.63799999999998 70.503 2
2390.0 345.464 20 2460.0 -70.0 8 -94 125.28699999999999 81.06199999999998 14
1875.0 274.01099999999985 14 2160.0 -285.0 23 -65 102.87699999999998 78.32999999999997 57
1500.0 267.41699999999986 16 1500.0 0.0 0 -78 80.57700000000003 52.65200000000002 0
1710.0 296.8419999999999 20 1710.0 0.0 0 -76 89.428 80.72299999999998 0
1275.0 316.521 17 1440.0 -165.0 3 -76 103.26500000000001 63.91399999999999 33
1470.0 269.07200000000006 23 1650.0 -180.0 14 -63 111.94699999999997 61.562999999999995 36
1770.0 268.171 15 1800.0 -30.0 4 -66 86.53300000000002 75.63799999999999 6
1560.0 273.024 20 1560.0 0.0 0 -69 96.807 64.559 0
1830.0 265.54199999999986 19 1860.0 -30.0 4 -71 96.452 65.01499999999999 6
1820.0 299.64300000000003 17 1980.0 -160.0 13 -75 102.44499999999998 76.61100000000002 32
1380.0 238.04899999999998 15 1380.0 0.0 0 -73 72.24699999999999 50.178999999999995 0
2670.0 320.7940000000001 15 2670.0 0.0 0 -89 100.24599999999998 96.63000000000001 0
1440.0 224.35300000000004 16 1440.0 0.0 0 -64 76.69300000000001 50.63199999999999 0
1530.0 244.28900000000007 16 1530.0 0.0 0 -72 71.12599999999998 53.503 0
1805.0 311.5819999999999 16 1980.0 -175.0 14 -81 100.45400000000001 71.00299999999999 35
1560.0 298.49099999999993 15 1560.0 0.0 0 -79 98.047 64.72199999999998 0
2295.0 344.5699999999999 21 2400.0 -105.0 6 -85 124.31299999999999 101.11500000000001 21
1685.0 351.0429999999999 18 1800.0 -165.0 21 -90 137.34799999999998 63.563999999999986 33
1140.0 230.66600000000014 13 1410.0 -330.0 55 -65 72.02499999999999 49.81299999999999 33
1440.0 240.05900000000005 19 1440.0 0.0 0 -61 93.26299999999999 58.79900000000001 0
1140.0 296.85599999999994 17 1140.0 0.0 0 -78 109.05599999999998 55.924 0
1855.0 355.8789999999999 19 2040.0 -185.0 5 -91 113.41499999999998 69.57000000000002 37
2340.0 353.07800000000003 22 2400.0 -60.0 8 -77 131.17999999999998 109.32199999999997 12
1830.0 286.5429999999999 17 1830.0 0.0 0 -80 94.31199999999998 65.39199999999998 0
2070.0 299.3759999999999 21 2070.0 -30.0 10 -72 118.34899999999998 81.156 2
2100.0 293.409 26 2100.0 0.0 0 -85 108.097 75.207 0
1680.0 264.882 18 1710.0 -30.0 4 -64 87.21299999999998 76.44999999999997 6
1500.0 236.89399999999992 20 1500.0 0.0 0 -62 88.099 56.88399999999999 0
2140.0 325.10799999999995 22 2280.0 -140.0 6 -76 116.05699999999997 96.07300000000001 28
1560.0 338.52900000000005 20 1680.0 -120.0 8 -88 123.99099999999999 59.24799999999998 24
1860.0 340.461 18 2040.0 -250.0 20 -85 112.93599999999998 77.784 50
1290.0 262.9689999999999 16 1290.0 0.0 0 -79 77.05599999999998 49.226 0
2290.0 323.19499999999994 20 2400.0 -110.0 7 -80 116.50400000000002 99.313 22
2415.0 310.2290000000001 15 2430.0 -15.0 2 -72 117.45500000000006 98.45799999999997 3
1410.0 278.653 18 1440.0 -30.0 4 -77 85.72900000000001 70.97099999999996 6
2570.0 312.18500000000006 19 2580.0 -10.0 1 -85 103.91900000000003 95.658 2
1940.0 268.619 20 2130.0 -215.0 28 -65 98.00899999999999 69.64699999999999 43
1445.0 241.824 24 1530.0 -85.0 5 -64 92.44799999999998 67.979 17
1750.0 246.60300000000004 12 1950.0 -250.0 23 -62 72.37300000000002 77.377 48
2145.0 306.85799999999995 19 2220.0 -195.0 65 -83 98.95000000000002 87.42900000000002 13
1440.0 255.01200000000006 18 1440.0 0.0 0 -73 81.20300000000002 54.35399999999999 0
1690.0 273.63200000000006 19 1830.0 -140.0 18 -69 106.439 71.13599999999998 28
1315.0 282.53099999999995 20 1410.0 -95.0 6 -74 103.41099999999999 54.942 19
2730.0 355.661 19 2730.0 0.0 0 -77 132.022 121.56099999999999 0
1605.0 287.3889999999999 18 1650.0 -45.0 3 -81 99.52499999999996 59.762 9
1390.0 326.163 19 1560.0 -170.0 14 -76 136.479 57.206999999999994 34
2320.0 354.64500000000004 15 2550.0 -230.0 15 -82 130.72700000000003 100.81700000000002 46
1645.0 240.11500000000004 17 1770.0 -155.0 20 -63 77.109 68.34999999999998 31
1370.0 209.73800000000003 20 1560.0 -215.0 26 -61 76.628 52.726 43
1950.0 283.98299999999995 17 1950.0 0.0 0 -73 99.89199999999998 75.95400000000001 0
1150.0 266.75399999999996 16 1350.0 -220.0 30 -64 91.76299999999998 61.59299999999999 44
1310.0 241.48699999999997 19 1440.0 -130.0 11 -65 82.21899999999998 60.03299999999998 26
1350.0 239.36999999999998 18 1530.0 -180.0 11 -68 81.00899999999999 51.42400000000001 36
1740.0 297.5079999999998 18 1740.0 0.0 0 -82 108.42799999999998 56.35699999999999 0
1280.0 237.65 13 1440.0 -160.0 3 -63 66.853 50.474 32
2190.0 289.75799999999987 18 2190.0 0.0 0 -75 106.09700000000001 82.29799999999997 0
1470.0 273.6629999999999 20 1470.0 0.0 0 -84 68.59999999999998 53.13799999999999 0
1860.0 287.1989999999999 17 2040.0 -190.0 31 -62 124.12700000000001 72.865 19
2010.0 319.72100000000006 23 2010.0 0.0 0 -86 113.15999999999997 79.888 0
1350.0 226.884 14 1590.0 -240.0 20 -55 88.041 62.291 48
1505.0 257.28200000000004 14 1740.0 -235.0 11 -61 96.89099999999999 60.83299999999996 47
1290.0 239.293 16 1290.0 0.0 0 -62 94.021 44.178000000000004 0
885.0 233.9030000000001 19 1170.0 -285.0 13 -54 92.94200000000001 53.336 57
2340.0 315.17900000000003 21 2520.0 -180.0 15 -82 105.06900000000002 94.93200000000002 36
1830.0 334.21399999999977 17 1950.0 -120.0 8 -83 129.17100000000005 65.74899999999998 24
2370.0 293.508 16 2370.0 0.0 0 -79 94.72300000000001 81.12799999999997 0
2520.0 321.46500000000003 21 2520.0 0.0 0 -79 121.2 105.81099999999998 0
1225.0 200.969 15 1440.0 -255.0 20 -53 70.81300000000002 51.57699999999999 51
2655.0 310.60200000000015 15 2820.0 -165.0 22 -79 103.824 107.29099999999997 33
1710.0 326.771 23 1710.0 0.0 0 -81 113.82899999999997 79.353 0
2075.0 250.5270000000001 12 2190.0 -325.0 15 -61 77.71799999999999 87.26900000000002 65
1710.0 299.30700000000013 15 1980.0 -360.0 29 -69 111.102 94.258 72
2360.0 316.755 13 2490.0 -220.0 15 -72 108.93800000000005 102.82100000000001 44
2140.0 383.69300000000004 19 2190.0 -95.0 21 -105 123.62600000000002 90.68199999999999 13
1260.0 232.95099999999994 20 1320.0 -60.0 5 -56 92.42999999999998 61.501999999999995 12
2175.0 312.3089999999999 18 2190.0 -15.0 1 -80 109.31800000000003 93.60900000000001 3
1380.0 307.462 20 1380.0 0.0 0 -79 110.60699999999997 63.385 0
1590.0 242.22400000000007 18 2070.0 -480.0 12 -67 75.335 64.88600000000002 96
1440.0 325.796 21 1440.0 0.0 0 -77 120.88199999999999 77.90899999999998 0
1710.0 318.416 17 1710.0 0.0 0 -90 98.93499999999999 65.294 0
1565.0 292.201 17 1740.0 -175.0 3 -71 97.67900000000004 75.95099999999998 35
1930.0 280.217 16 2010.0 -230.0 15 -59 122.20899999999999 73.56799999999998 46
1980.0 268.626 18 1980.0 0.0 0 -69 95.98799999999997 71.93699999999997 0
1495.0 240.21500000000006 21 1680.0 -185.0 15 -59 77.714 66.73799999999999 37
2155.0 293.40799999999996 21 2340.0 -245.0 17 -74 113.43199999999997 87.47499999999997 49
1440.0 330.24599999999987 20 1440.0 0.0 0 -83 138.671 48.394999999999996 0
3045.0 375.6080000000002 20 3060.0 -140.0 13 -92 107.40199999999999 124.09400000000002 26
1815.0 233.598 17 1920.0 -105.0 13 -48 87.729 86.24699999999997 21
2070.0 307.63300000000004 20 2070.0 0.0 0 -70 130.57600000000002 91.54799999999997 0
2340.0 290.99699999999996 23 2340.0 0.0 0 -84 102.35900000000001 86.047 0
1585.0 284.9649999999999 24 1620.0 -35.0 4 -76 89.97399999999999 75.29799999999999 7
1395.0 313.41400000000004 16 1500.0 -105.0 6 -78 119.86599999999999 64.38999999999999 21
2250.0 294.12800000000004 17 2250.0 0.0 0 -67 115.69000000000004 88.15599999999995 0
2100.0 292.814 16 2100.0 0.0 0 -73 102.61700000000005 79.038 0
1590.0 242.35200000000006 19 1590.0 -170.0 11 -62 89.50399999999999 63.471999999999994 34
1530.0 242.31000000000003 17 1530.0 0.0 0 -69 84.99399999999999 47.56299999999999 0
2340.0 362.451 21 2340.0 0.0 0 -95 126.95700000000001 89.59700000000002 0
1225.0 238.515 19 1380.0 -155.0 17 -67 88.24599999999998 44.58299999999999 31
1345.0 303.29999999999995 20 1620.0 -275.0 18 -73 101.66799999999999 65.121 55
1350.0 286.903 20 1350.0 0.0 0 -75 102.35500000000002 55.78099999999999 0
1500.0 254.45700000000005 17 1500.0 0.0 0 -70 82.282 65.01499999999999 0
1230.0 220.024 12 1230.0 0.0 0 -62 62.87500000000003 53.856 0
1310.0 239.99500000000006 16 1410.0 -100.0 7 -74 75.021 48.927 20
1765.0 278.1709999999999 16 1860.0 -95.0 6 -74 91.29199999999997 65.26600000000002 19
1750.0 309.61899999999997 18 1770.0 -20.0 1 -82 92.36800000000001 76.70599999999997 4
1930.0 338.09000000000015 17 2130.0 -200.0 26 -80 144.31700000000004 71.28399999999998 40
1610.0 309.323 16 1920.0 -325.0 45 -72 106.27000000000001 83.81300000000002 65
1820.0 251.152 15 2070.0 -300.0 25 -65 82.137 82.035 60
2100.0 225.72199999999995 15 2100.0 0.0 0 -63 75.12399999999997 71.00599999999999 0
1230.0 294.934 19 1230.0 0.0 0 -81 98.73599999999996 53.801 0
1185.0 272.3909999999999 18 1320.0 -195.0 26 -72 93.74799999999998 55.056000000000004 39
1440.0 265.419 21 1440.0 0.0 0 -75 96.35799999999998 54.773999999999994 0
1585.0 304.31999999999994 15 1620.0 -35.0 4 -89 102.63800000000002 58.989 7
2880.0 322.71599999999995 16 2880.0 0.0 0 -80 110.29500000000002 115.09099999999994 0
1710.0 286.3579999999999 15 1710.0 0.0 0 -72 95.46999999999998 75.88000000000002 0
2550.0 348.918 20 2550.0 0.0 0 -88 121.664 103.51400000000002 0
1980.0 281.617 16 1980.0 0.0 0 -62 105.82199999999999 88.57899999999998 0
1190.0 239.2779999999999 20 1350.0 -160.0 10 -65 82.70599999999999 55.57399999999999 32
1785.0 290.5199999999999 15 2010.0 -280.0 22 -69 107.023 70.74599999999997 56
1560.0 254.65600000000006 19 1560.0 0.0 0 -62 96.75199999999998 69.25699999999998 0
1380.0 267.0059999999999 18 1380.0 0.0 0 -73 87.579 55.13999999999998 0
1530.0 291.48299999999995 18 1530.0 0.0 0 -81 104.20499999999998 61.528 0
1950.0 307.2629999999998 18 1950.0 -15.0 5 -82 106.64099999999999 63.51100000000001 1
2000.0 315.47 15 2370.0 -420.0 30 -67 94.71600000000001 90.63199999999999 82
2070.0 281.23499999999996 20 2070.0 0.0 0 -75 81.56299999999999 82.051 0
1350.0 256.55400000000003 15 1350.0 0.0 0 -74 79.02199999999999 52.663999999999994 0
2040.0 295.00000000000006 19 2100.0 -210.0 70 -78 98.01499999999999 87.67700000000004 14
1980.0 306.625 15 1980.0 0.0 0 -90 99.58500000000001 75.64399999999996 0
1440.0 259.28599999999994 15 1440.0 0.0 0 -81 67.32399999999997 51.841999999999985 0
1460.0 246.98200000000003 20 1500.0 -40.0 5 -68 97.11499999999995 49.92699999999999 8
1170.0 242.69600000000005 19 1170.0 0.0 0 -62 86.71499999999997 52.84799999999999 0
1620.0 240.767 17 1710.0 -90.0 12 -63 92.562 68.42999999999999 18
1520.0 263.27599999999995 17 1770.0 -305.0 20 -61 107.88700000000001 64.02199999999998 61
2950.0 363.19700000000006 15 3150.0 -230.0 38 -93 116.27300000000001 108.739 23
2990.0 386.2850000000003 22 3180.0 -330.0 24 -83 138.442 114.71899999999997 66
2100.0 332.9919999999999 16 2100.0 0.0 0 -75 120.217 95.94999999999997 0
2010.0 286.50499999999994 13 2010.0 0.0 0 -78 101.98099999999998 73.88700000000003 0
2730.0 352.14300000000003 15 2730.0 0.0 0 -85 121.92699999999999 110.70300000000003 0
1980.0 288.6429999999999 15 2010.0 -30.0 4 -70 122.86299999999997 60.44700000000001 6
2070.0 279.74100000000004 18 2070.0 0.0 0 -83 88.74 70.73399999999998 0
1635.0 279.6509999999999 17 1860.0 -225.0 30 -67 103.77299999999997 74.17499999999997 45
1410.0 274.24 15 1410.0 0.0 0 -75 86.80600000000001 56.0 0
2100.0 364.9050000000001 22 2100.0 0.0 0 -88 128.64900000000003 93.26800000000001 0
2110.0 266.40100000000007 13 2220.0 -110.0 9 -70 85.53800000000001 80.83599999999998 22
2220.0 356.71799999999973 18 2220.0 0.0 0 -73 144.86800000000002 94.78999999999999 0
2185.0 291.04499999999996 20 2280.0 -95.0 6 -69 107.79099999999997 86.33299999999997 19
1640.0 229.09099999999998 15 1680.0 -40.0 5 -61 88.15899999999999 50.240999999999985 8
1710.0 284.90199999999993 15 1710.0 0.0 0 -71 110.58600000000003 65.09799999999998 0
1740.0 269.674 18 1740.0 0.0 0 -72 86.12299999999999 59.438 0
1540.0 309.35099999999994 18 1560.0 -20.0 1 -80 101.966 72.274 4
1440.0 263.038 13 1440.0 -15.0 5 -71 81.482 59.760000000000005 1
2550.0 325.6670000000001 19 2580.0 -30.0 2 -79 116.54300000000003 104.52000000000001 6
2100.0 299.88899999999995 22 2100.0 0.0 0 -74 109.06400000000001 86.026 0
1200.0 266.779 20 1200.0 0.0 0 -71 94.79099999999997 52.56799999999999 0
1890.0 303.817 20 1890.0 0.0 0 -84 101.48699999999998 78.74899999999998 0
2250.0 315.79599999999994 19 2250.0 0.0 0 -79 103.90799999999997 99.774 0
2010.0 290.3709999999999 18 2010.0 0.0 0 -75 98.83600000000001 80.76100000000001 0
1880.0 322.7459999999999 20 1920.0 -40.0 1 -82 109.494 77.11999999999996 8
1770.0 320.66599999999994 21 1770.0 0.0 0 -83 118.12699999999995 73.27699999999999 0
1620.0 266.969 18 1830.0 -210.0 17 -72 83.13699999999997 71.73100000000001 42
1710.0 223.732 18 1710.0 0.0 0 -63 84.89699999999998 54.870999999999995 0
1350.0 257.739 17 1350.0 0.0 0 -68 90.526 50.993 0
1800.0 324.382 22 1800.0 0.0 0 -78 146.91699999999997 63.69099999999998 0
1000.0 290.7630000000001 19 1200.0 -230.0 30 -72 111.436 53.919 46
1530.0 246.22499999999997 16 1620.0 -90.0 6 -67 94.55499999999999 50.196 18
1830.0 274.3689999999999 16 1830.0 0.0 0 -78 83.08499999999998 75.489 0
2525.0 316.93199999999996 16 2910.0 -385.0 35 -75 112.061 107.595 77
1005.0 207.80900000000005 14 1230.0 -225.0 18 -58 69.406 51.081999999999994 45
1850.0 286.237 18 2070.0 -275.0 20 -57 98.49800000000003 86.08199999999997 55
2130.0 331.564 21 2280.0 -185.0 24 -76 132.66 88.04599999999999 37
1420.0 243.39500000000004 15 1620.0 -230.0 32 -75 58.35 64.71099999999998 46
2010.0 307.0569999999999 19 2010.0 0.0 0 -76 105.58500000000001 89.83800000000001 0
1500.0 300.6129999999999 16 1500.0 0.0 0 -75 122.62400000000004 54.896 0
2190.0 291.96599999999995 21 2190.0 0.0 0 -78 101.86599999999994 75.03399999999999 0
1380.0 257.42900000000003 15 1620.0 -300.0 20 -59 97.755 73.384 60
2070.0 358.5940000000001 20 2070.0 0.0 0 -88 131.701 78.58199999999997 0
2820.0 376.55600000000004 17 2820.0 0.0 0 -90 131.02499999999998 99.90699999999997 0
2250.0 271.93699999999995 17 2250.0 0.0 0 -81 84.48699999999998 78.68900000000001 0
1770.0 289.61699999999985 19 1770.0 0.0 0 -69 112.20799999999997 68.57799999999999 0
2250.0 302.922 14 2250.0 0.0 0 -74 102.47800000000004 97.31 0
1350.0 213.425 21 1500.0 -175.0 23 -58 76.981 53.297 35
2835.0 345.55400000000003 23 2850.0 -15.0 1 -81 133.51500000000004 116.69599999999996 3
1350.0 226.82399999999996 19 1350.0 -120.0 16 -59 88.892 55.474999999999994 24
995.0 188.472 16 1140.0 -205.0 9 -40 92.77799999999999 40.324 41
1440.0 267.5619999999999 21 1500.0 -60.0 7 -68 99.24699999999997 53.99399999999999 12
1800.0 347.5809999999999 18 1800.0 0.0 0 -89 124.638 69.10999999999997 0
1370.0 266.34699999999987 18 1560.0 -265.0 17 -67 110.25899999999999 61.53499999999999 53
2010.0 282.2829999999999 25 2010.0 0.0 0 -71 109.322 85.55 0
2165.0 312.48799999999994 17 2190.0 -25.0 2 -85 109.929 77.87800000000003 5
1080.0 220.907 19 1260.0 -180.0 15 -56 77.61800000000001 55.10299999999999 36
1970.0 261.39199999999994 16 2100.0 -165.0 21 -69 93.75200000000001 78.38899999999998 33
1860.0 365.14499999999987 23 1860.0 0.0 0 -94 125.87899999999995 77.65499999999999 0
1440.0 266.06600000000003 14 1440.0 0.0 0 -72 69.78 69.62600000000002 0
2310.0 299.1839999999999 19 2310.0 0.0 0 -68 99.798 97.34100000000001 0
1050.0 241.17100000000002 16 1050.0 0.0 0 -65 91.09099999999998 40.17100000000001 0
2170.0 322.83299999999997 21 2220.0 -50.0 4 -78 126.112 83.51199999999999 10
1920.0 311.034 20 2070.0 -150.0 21 -78 109.27199999999999 81.572 30
3270.0 385.384 23 3270.0 0.0 0 -83 154.58400000000003 135.20399999999995 0
1380.0 282.68899999999996 17 1380.0 0.0 0 -76 98.40299999999999 63.52099999999998 0
605.0 247.30700000000002 13 750.0 -145.0 12 -75 75.95199999999998 26.553 29
1590.0 290.32899999999995 21 1770.0 -200.0 33 -68 116.35699999999999 55.314000000000014 20
1950.0 271.65300000000013 13 1950.0 0.0 0 -71 84.25600000000001 75.51499999999999 0
1495.0 210.907 12 1590.0 -95.0 12 -49 81.49200000000002 68.27299999999995 19
1550.0 237.20700000000002 17 1710.0 -240.0 31 -54 82.254 66.14899999999996 48
1380.0 234.90500000000006 15 1560.0 -180.0 12 -66 87.911 58.733 36
1710.0 279.0849999999999 20 1710.0 0.0 0 -69 101.09400000000002 72.58999999999997 0
1840.0 317.46 21 1890.0 -50.0 4 -78 113.22199999999997 82.87799999999997 10
1545.0 209.117 14 1650.0 -200.0 9 -57 63.75999999999999 61.46499999999999 40
2040.0 270.46200000000005 14 2040.0 0.0 0 -77 68.01699999999998 87.60499999999999 0
1875.0 293.995 17 2040.0 -165.0 22 -84 93.79299999999999 69.601 33
2260.0 324.80799999999994 20 2310.0 -50.0 6 -82 126.818 83.123 10
1590.0 255.73100000000005 13 1590.0 0.0 0 -66 97.97800000000002 59.608 0
2230.0 244.50199999999995 13 2430.0 -290.0 40 -75 67.89699999999999 80.814 58
1770.0 251.61700000000008 18 1800.0 -30.0 4 -73 71.12699999999998 65.433 6
2115.0 420.78600000000006 18 2130.0 -15.0 5 -100 154.52200000000002 92.052 1
2075.0 360.7400000000001 19 2160.0 -85.0 7 -81 142.419 96.957 17
1820.0 291.708 14 1860.0 -40.0 1 -73 104.63100000000001 69.86699999999998 8
2010.0 322.98899999999986 18 2010.0 0.0 0 -82 122.67800000000001 86.79399999999997 0
1590.0 257.397 19 1590.0 0.0 0 -67 100.82699999999997 56.463999999999984 0
2400.0 283.106 20 2400.0 -135.0 45 -66 115.84 79.78999999999999 9
2340.0 288.25500000000005 19 2340.0 -50.0 6 -74 91.77099999999997 91.64700000000002 10
1680.0 263.8380000000001 19 1770.0 -90.0 12 -69 99.577 65.02799999999998 18
1725.0 277.62800000000004 19 1770.0 -45.0 3 -72 94.947 65.65699999999998 9
1000.0 270.0529999999999 16 1260.0 -275.0 36 -68 94.81500000000003 52.181000000000004 55
1380.0 267.8439999999999 18 1380.0 0.0 0 -76 88.82699999999998 56.179 0
1510.0 249.16600000000005 16 1530.0 -20.0 2 -70 74.365 62.287000000000006 4
1470.0 290.13899999999995 21 1470.0 0.0 0 -76 99.68499999999999 66.884 0
1890.0 277.709 13 1890.0 -30.0 10 -76 86.583 70.76099999999998 2
2225.0 363.59200000000004 22 2280.0 -55.0 4 -86 139.32100000000003 88.54600000000002 11
1320.0 336.37 20 1320.0 0.0 0 -90 118.13499999999998 69.14199999999998 0
1805.0 317.748 14 1860.0 -55.0 6 -80 105.488 66.83999999999999 11
2115.0 326.411 17 2220.0 -105.0 6 -78 125.48399999999998 81.04199999999997 21
1530.0 268.41 18 1530.0 -180.0 12 -62 113.01400000000004 60.61599999999998 36
1440.0 302.2629999999999 18 1440.0 0.0 0 -74 118.77799999999998 60.985999999999976 0
1515.0 304.1619999999998 14 1710.0 -215.0 28 -64 124.99600000000002 63.52399999999999 43
1230.0 274.00300000000004 15 1380.0 -150.0 9 -73 94.25399999999999 52.644000000000005 30
1275.0 240.04699999999994 18 1380.0 -105.0 13 -57 93.40899999999996 53.57499999999998 21
2145.0 338.24299999999994 22 2190.0 -45.0 6 -81 127.17699999999996 97.03499999999997 9
2040.0 314.02199999999993 21 2040.0 0.0 0 -73 132.72500000000002 76.90999999999998 0
1320.0 258.69399999999996 16 1320.0 0.0 0 -60 105.58300000000001 65.88199999999998 0
1260.0 236.32300000000006 19 1260.0 0.0 0 -69 77.05999999999999 44.52299999999998 0
1710.0 285.99399999999997 19 1710.0 -255.0 17 -64 115.222 72.78799999999997 51
1470.0 241.28799999999998 14 1470.0 -120.0 6 -61 87.60099999999998 54.554999999999986 24
2490.0 314.3020000000001 12 2640.0 -150.0 12 -75 114.03600000000003 95.12499999999999 30
1620.0 267.60400000000004 13 1890.0 -270.0 22 -65 73.625 84.76800000000001 54
1270.0 251.088 16 1290.0 -20.0 2 -77 83.78299999999997 49.77599999999998 4
1620.0 297.75 16 1620.0 0.0 0 -74 110.48100000000001 64.09299999999998 0
1695.0 266.84200000000004 18 1770.0 -75.0 6 -76 86.168 67.36599999999999 15
2080.0 363.0809999999999 20 2100.0 -20.0 1 -87 119.578 87.96699999999998 4
1930.0 217.535 14 2040.0 -110.0 5 -56 85.29 68.63299999999998 22
2010.0 296.428 15 2010.0 -150.0 7 -80 106.62299999999999 60.840999999999994 30
1590.0 254.76800000000003 18 1590.0 0.0 0 -65 99.567 62.01299999999998 0
605.0 305.95599999999973 10 1560.0 -1235.0 29 -41 53.736000000000004 58.884999999999984 247
1905.0 294.8049999999999 25 1950.0 -45.0 6 -82 103.24099999999996 72.88199999999998 9
1905.0 260.176 16 2130.0 -275.0 18 -53 119.50300000000001 81.862 55
2250.0 315.57599999999996 18 2250.0 0.0 0 -71 124.22000000000004 90.22299999999998 0
1700.0 249.63100000000009 17 1770.0 -135.0 10 -64 79.829 70.67099999999998 27
1040.0 185.07599999999996 13 1140.0 -100.0 8 -45 66.65899999999999 47.324999999999996 20
2250.0 285.451 18 2250.0 -190.0 12 -73 106.61399999999999 88.21399999999997 38
1810.0 309.8339999999999 17 1950.0 -210.0 27 -74 117.438 77.83799999999998 42
1905.0 295.403 15 1920.0 -15.0 5 -81 77.92299999999999 51.12799999999999 1
1620.0 275.51400000000007 15 1620.0 0.0 0 -72 95.52799999999999 68.94999999999999 0
2100.0 340.0179999999999 21 2100.0 0.0 0 -94 122.13699999999999 80.74900000000001 0
1410.0 229.26900000000003 19 1410.0 0.0 0 -71 75.49699999999999 53.04499999999997 0
1620.0 293.18499999999983 19 1800.0 -180.0 3 -69 96.20600000000002 68.298 36
1740.0 251.93900000000005 18 1740.0 0.0 0 -68 74.59199999999998 66.287 0
1465.0 299.964 20 1710.0 -245.0 11 -74 87.43999999999997 65.07499999999999 49
2400.0 381.658 24 2400.0 0.0 0 -97 148.27700000000002 80.91499999999999 0
1200.0 214.40799999999996 16 1200.0 0.0 0 -59 75.86999999999999 46.67799999999999 0
1160.0 234.68700000000007 15 1320.0 -160.0 13 -72 68.862 42.90099999999999 32
2055.0 232.67400000000004 14 2100.0 -85.0 11 -61 80.45100000000002 71.32799999999997 17
1480.0 320.533 23 1530.0 -50.0 6 -80 121.039 67.46799999999999 10
810.0 199.05300000000003 14 810.0 -150.0 10 -54 78.81799999999998 28.054000000000002 30
1890.0 307.75199999999984 22 1890.0 0.0 0 -72 117.98499999999994 85.60299999999998 0
1360.0 299.0049999999998 21 1500.0 -140.0 6 -78 117.41999999999999 53.32999999999999 28
1530.0 222.43400000000003 16 1530.0 0.0 0 -59 85.43299999999999 60.04799999999998 0
2580.0 306.5009999999999 19 2580.0 0.0 0 -72 126.02800000000005 100.675 0
2600.0 271.87199999999996 16 2640.0 -40.0 5 -82 85.90999999999998 69.51399999999998 8
1710.0 355.156 22 1710.0 -110.0 14 -87 136.419 78.945 22
2220.0 343.35599999999994 19 2220.0 0.0 0 -91 128.99800000000002 79.412 0
2160.0 298.6969999999999 20 2160.0 -30.0 10 -81 86.79599999999998 74.70199999999998 2
1495.0 290.37800000000004 17 1560.0 -65.0 8 -74 100.23500000000001 60.54299999999999 13
1710.0 346.71200000000005 18 1710.0 0.0 0 -95 129.98899999999998 57.175 0
1650.0 295.9699999999999 21 1650.0 0.0 0 -79 101.55199999999998 64.042 0
1620.0 312.17299999999983 19 1620.0 -160.0 13 -76 119.669 72.55199999999998 32
1680.0 251.08200000000005 20 1680.0 0.0 0 -75 81.393 53.58299999999999 0
2435.0 364.779 18 2580.0 -145.0 3 -82 117.59299999999999 99.74799999999995 29
1835.0 290.1930000000001 18 1950.0 -115.0 11 -79 92.67299999999999 78.77499999999998 23
2280.0 303.0359999999999 19 2280.0 0.0 0 -81 96.21100000000001 91.66899999999998 0
1830.0 306.548 18 1830.0 0.0 0 -89 87.778 72.31899999999999 0
1860.0 283.10799999999995 20 1860.0 0.0 0 -71 101.66199999999995 77.278 0
1980.0 314.9290000000001 13 2430.0 -490.0 27 -61 121.13100000000004 96.78999999999996 98
2455.0 290.4390000000001 13 2730.0 -335.0 46 -77 95.22200000000001 95.998 67
1560.0 269.648 18 1560.0 0.0 0 -81 78.83999999999999 65.39199999999998 0
1170.0 248.22400000000005 13 1170.0 0.0 0 -70 78.11099999999996 49.311999999999976 0
1365.0 252.20800000000006 19 1380.0 -15.0 2 -72 77.55899999999997 53.254999999999995 3
1710.0 341.35699999999986 19 1710.0 0.0 0 -93 132.322 63.09699999999999 0
1155.0 247.843 17 1260.0 -105.0 7 -67 96.78800000000001 46.4 21
2370.0 355.955 19 2370.0 0.0 0 -81 125.61900000000001 106.50700000000002 0
2765.0 298.75600000000003 14 2790.0 -25.0 3 -78 101.56000000000002 99.38600000000001 5
1830.0 310.3220000000001 20 1830.0 0.0 0 -92 102.76599999999996 71.52499999999999 0
1890.0 322.9989999999999 20 1890.0 0.0 0 -87 117.37199999999999 71.66499999999998 0
2020.0 305.10799999999983 15 2130.0 -110.0 7 -77 121.545 83.54699999999998 22
1140.0 216.87299999999996 14 1260.0 -120.0 11 -58 76.21000000000001 51.38599999999999 24
2130.0 352.0460000000001 16 2250.0 -120.0 10 -97 99.74700000000001 85.742 24
1285.0 273.921 15 1380.0 -135.0 17 -70 106.70599999999999 50.763999999999996 27
2040.0 291.40099999999995 20 2220.0 -180.0 11 -84 94.74399999999997 74.09699999999998 36
1865.0 320.1889999999999 25 1890.0 -25.0 3 -81 125.85699999999996 71.65899999999999 5
2160.0 286.13799999999986 16 2160.0 0.0 0 -74 99.53800000000001 84.753 0
1380.0 219.57299999999998 20 1380.0 -180.0 15 -54 89.01999999999998 53.568 36
1905.0 285.273 17 1920.0 -15.0 2 -70 101.35300000000001 74.07399999999997 3
1405.0 295.19100000000003 16 1440.0 -35.0 4 -79 111.61599999999999 53.472999999999985 7
2125.0 284.13 18 2430.0 -305.0 24 -76 82.17799999999998 91.84100000000004 61
1530.0 230.29500000000002 17 1620.0 -90.0 6 -62 85.234 49.14099999999999 18
2085.0 262.6580000000001 16 2310.0 -275.0 23 -67 99.02300000000004 75.47299999999997 55
1530.0 315.716 20 1530.0 0.0 0 -79 130.80299999999997 60.87400000000001 0
950.0 210.764 12 1110.0 -230.0 14 -57 66.347 41.355999999999995 46
1950.0 234.532 16 1950.0 -80.0 5 -59 86.854 69.94599999999998 16
1830.0 295.6440000000001 21 1890.0 -60.0 20 -82 97.03799999999998 45.91299999999999 4
1500.0 295.54600000000005 15 1710.0 -210.0 14 -72 84.889 80.618 42
1595.0 281.24 17 1830.0 -235.0 18 -82 89.799 73.24399999999999 47
1590.0 227.48999999999998 13 1830.0 -310.0 25 -52 90.59600000000002 69.74099999999999 62
1225.0 260.84300000000013 12 1290.0 -65.0 5 -74 60.90799999999997 51.880000000000024 13
1640.0 274.606 19 1680.0 -40.0 5 -65 101.253 71.6 8
2030.0 277.6239999999999 15 2220.0 -240.0 31 -65 103.88399999999999 87.012 48
3220.0 405.9320000000002 17 3510.0 -290.0 6 -92 111.03800000000001 119.21399999999993 58
1080.0 235.17000000000007 20 1080.0 0.0 0 -63 80.43999999999998 51.475999999999985 0
2910.0 353.3920000000001 19 2910.0 0.0 0 -97 109.63000000000001 109.47300000000001 0
1630.0 292.0089999999999 21 1740.0 -110.0 5 -60 135.24099999999999 69.39499999999997 22
1380.0 222.365 20 1380.0 -225.0 15 -57 79.15899999999999 59.714 45
1570.0 274.82899999999995 16 1590.0 -20.0 2 -74 93.92 58.63499999999999 4
1860.0 281.6770000000001 18 2040.0 -180.0 11 -65 113.19899999999997 77.29599999999999 36
1125.0 286.65900000000005 21 1170.0 -85.0 11 -65 107.36399999999998 54.322 17
1105.0 260.43099999999987 16 1350.0 -255.0 39 -67 92.43299999999998 57.15799999999997 32
1425.0 236.229 18 1440.0 -215.0 28 -58 94.117 54.40799999999999 43
1110.0 227.464 14 1110.0 0.0 0 -61 78.253 47.281000000000006 0
1620.0 298.75199999999995 17 1620.0 0.0 0 -88 103.01599999999999 56.91499999999998 0
2325.0 312.286 19 2580.0 -375.0 31 -81 101.22699999999998 86.66799999999999 75
1935.0 304.213 14 2100.0 -235.0 18 -76 112.45600000000002 64.48999999999998 47
1410.0 229.34600000000003 22 1410.0 -65.0 5 -61 77.67299999999999 57.146 13
2170.0 325.992 17 2250.0 -125.0 17 -79 118.07799999999999 85.34999999999997 25
950.0 243.04700000000003 12 1140.0 -255.0 18 -60 85.634 43.858999999999995 51
915.0 234.89700000000013 16 1200.0 -320.0 20 -60 78.58699999999999 55.12599999999999 64
2700.0 383.00900000000007 21 2700.0 0.0 0 -97 139.849 102.84499999999997 0
1890.0 274.59299999999996 15 1890.0 0.0 0 -65 107.489 69.71099999999998 0
1620.0 281.30399999999986 17 1620.0 0.0 0 -87 75.299 65.71999999999998 0
1770.0 256.6079999999999 17 1860.0 -90.0 6 -66 87.73500000000001 68.57099999999998 18
2370.0 320.033 17 2370.0 0.0 0 -76 142.70800000000006 72.40399999999998 0
2090.0 342.56500000000005 16 2340.0 -300.0 37 -73 121.92399999999999 102.06000000000003 60
1265.0 240.232 15 1470.0 -260.0 16 -53 88.64099999999999 66.14799999999998 52
2000.0 269.52500000000003 15 2190.0 -190.0 4 -81 62.81699999999999 64.97799999999998 38
1980.0 326.8789999999999 17 2190.0 -210.0 14 -82 90.03300000000003 91.931 42
1160.0 261.52700000000004 19 1230.0 -70.0 7 -71 87.26199999999999 52.36 14
1050.0 239.69199999999998 15 1050.0 0.0 0 -66 90.36899999999999 40.815 0
1590.0 279.0979999999999 18 1620.0 -30.0 4 -80 96.85299999999998 51.43599999999998 6
1850.0 272.44199999999995 16 1980.0 -130.0 6 -71 88.76200000000001 73.15599999999999 26
2375.0 378.81799999999976 20 2430.0 -55.0 7 -80 157.522 98.491 11
1895.0 317.896 17 2040.0 -145.0 3 -85 93.15300000000002 70.469 29
1500.0 280.2609999999999 17 1500.0 0.0 0 -79 87.89500000000002 59.14099999999999 0
1410.0 237.90100000000007 19 1410.0 0.0 0 -63 79.40099999999998 66.94799999999998 0
2085.0 319.3109999999999 23 2130.0 -45.0 5 -78 118.27799999999996 87.86399999999996 9
2535.0 305.114 17 2580.0 -45.0 6 -77 110.56200000000003 101.06299999999999 9
1530.0 284.72199999999987 19 1530.0 0.0 0 -76 99.78299999999999 66.83099999999997 0
885.0 225.44700000000006 17 1050.0 -210.0 16 -55 94.27899999999998 50.33299999999999 42
1320.0 282.9609999999999 19 1320.0 0.0 0 -73 91.28199999999998 61.62399999999997 0
1300.0 224.95999999999992 19 1320.0 -20.0 1 -61 76.32299999999998 57.32399999999999 4
1215.0 261.41499999999996 18 1260.0 -45.0 5 -72 80.33099999999999 50.35700000000001 9
1010.0 210.38600000000008 10 1290.0 -280.0 14 -56 56.89499999999999 56.12800000000002 56
1470.0 267.73499999999996 23 1470.0 -45.0 6 -71 103.33999999999997 61.517 9
990.0 252.57800000000003 18 1080.0 -90.0 11 -64 77.097 48.551 18
1480.0 252.82099999999994 19 1560.0 -80.0 5 -59 96.854 69.40899999999999 16
1605.0 368.322 18 1830.0 -305.0 19 -75 140.30700000000002 91.796 61
1980.0 276.978 13 1980.0 0.0 0 -79 83.19100000000003 70.38099999999999 0
1515.0 264.75 15 1650.0 -165.0 22 -67 101.96299999999998 56.83899999999999 33
2460.0 300.55099999999993 20 2460.0 0.0 0 -77 93.31999999999998 98.776 0
2220.0 308.347 16 2220.0 -230.0 15 -80 103.16500000000002 85.14099999999999 46
2845.0 371.9610000000002 21 2910.0 -120.0 15 -98 113.59899999999999 101.02799999999996 24
1650.0 261.94599999999997 19 1650.0 0.0 0 -73 93.15699999999998 66.19199999999998 0
1350.0 281.64099999999996 16 1350.0 0.0 0 -66 110.96899999999998 50.03699999999999 0
1695.0 275.3689999999999 17 1920.0 -285.0 23 -72 88.47700000000002 76.95999999999997 57
2340.0 346.85400000000004 19 2340.0 0.0 0 -82 121.18800000000005 109.74599999999997 0
1290.0 233.56099999999998 17 1290.0 0.0 0 -66 84.08600000000001 47.51599999999999 0
1390.0 297.78499999999997 18 1560.0 -350.0 30 -71 108.833 70.433 70
1685.0 299.017 18 1770.0 -85.0 3 -72 112.91699999999997 72.55099999999999 17
1980.0 294.86400000000003 24 1980.0 0.0 0 -67 115.25200000000001 88.03699999999998 0
1560.0 272.592 22 1560.0 0.0 0 -83 74.54799999999999 61.50899999999999 0
1880.0 253.0120000000001 13 1920.0 -40.0 5 -72 74.32500000000002 76.54799999999994 8
1810.0 296.06799999999987 17 1950.0 -140.0 12 -68 119.46000000000002 79.09999999999998 28
1420.0 295.53900000000004 14 1470.0 -50.0 6 -73 109.241 62.224999999999994 10
1535.0 327.52000000000004 23 1680.0 -280.0 67 -83 101.12599999999998 73.83800000000001 30
1595.0 329.055 22 1800.0 -205.0 25 -73 129.249 75.082 41
1040.0 262.766 12 1200.0 -160.0 3 -59 74.80099999999999 50.10499999999998 32
1200.0 254.745 16 1200.0 0.0 0 -72 95.28099999999996 42.564 0
1860.0 334.381 27 1860.0 0.0 0 -88 123.971 81.336 0
2070.0 302.20599999999996 22 2070.0 0.0 0 -87 98.476 73.20600000000002 0
1980.0 341.85299999999995 18 2070.0 -90.0 30 -99 90.39499999999997 75.70300000000002 6
1610.0 254.85300000000004 18 1650.0 -40.0 5 -59 96.44799999999998 76.45399999999998 8
1830.0 294.59999999999997 18 1830.0 0.0 0 -81 107.05700000000003 74.34099999999997 0
1665.0 235.63099999999991 17 1740.0 -105.0 13 -58 82.42199999999998 66.88999999999999 21
1710.0 283.10699999999997 17 1710.0 0.0 0 -74 104.48400000000001 65.23499999999997 0
1410.0 273.0690000000001 17 1410.0 -75.0 6 -65 95.65000000000002 69.271 15
1800.0 254.15300000000005 15 1800.0 0.0 0 -69 84.192 82.241 0
1800.0 280.7069999999999 17 1800.0 0.0 0 -79 108.26299999999996 55.85399999999997 0
1240.0 223.20800000000003 13 1380.0 -165.0 21 -56 78.42999999999999 56.80100000000001 33
1230.0 272.01999999999987 17 1290.0 -60.0 1 -76 87.18999999999997 54.59499999999999 12
1410.0 267.117 19 1410.0 0.0 0 -67 95.878 68.13899999999998 0
1950.0 294.51400000000007 19 1950.0 0.0 0 -74 109.29100000000001 72.19899999999998 0
915.0 235.999 18 1110.0 -195.0 16 -61 88.053 48.17099999999999 39
1170.0 207.28900000000002 16 1170.0 -80.0 5 -55 75.30400000000003 50.413000000000004 16
2535.0 325.94500000000005 19 2730.0 -230.0 29 -79 109.95 103.23599999999995 46
1010.0 226.20899999999997 14 1080.0 -100.0 13 -54 84.689 51.817 20
1650.0 256.313 15 1650.0 0.0 0 -75 87.82099999999998 56.03799999999998 0
2250.0 304.80799999999994 16 2250.0 0.0 0 -81 94.42600000000003 90.451 0
2100.0 272.47800000000007 18 2100.0 0.0 0 -71 95.91900000000001 80.90099999999998 0
1415.0 250.84300000000007 19 1650.0 -275.0 36 -68 86.185 58.41899999999999 55
1860.0 270.04900000000004 19 1890.0 -30.0 1 -83 90.99900000000002 54.87899999999999 6
2840.0 364.68600000000004 23 2970.0 -130.0 8 -99 123.81199999999998 111.75099999999998 26
1000.0 212.78499999999997 10 1140.0 -160.0 20 -48 76.732 50.715999999999994 32
1440.0 283.08799999999985 19 1440.0 -50.0 6 -73 108.79499999999997 53.98 10
1620.0 247.452 18 1620.0 0.0 0 -70 73.10499999999999 64.684 0
1590.0 303.18199999999996 22 1590.0 0.0 0 -81 105.42099999999998 68.61299999999999 0
1810.0 297.94699999999995 20 1860.0 -50.0 6 -76 109.68800000000003 80.315 10
1260.0 231.006 18 1260.0 0.0 0 -62 88.58799999999998 46.449000000000005 0
1830.0 285.327 21 1830.0 0.0 0 -84 87.27999999999996 70.496 0
2215.0 276.8020000000001 16 2430.0 -215.0 18 -71 101.412 90.85099999999997 43
2290.0 290.9380000000001 21 2340.0 -50.0 6 -74 99.61799999999998 90.00000000000003 10
1850.0 334.2329999999999 18 2040.0 -190.0 15 -88 118.71499999999999 79.70399999999997 38
1590.0 289.9320000000001 11 1920.0 -395.0 21 -80 71.03400000000002 66.31200000000003 79
1575.0 290.2919999999999 20 1650.0 -75.0 8 -71 110.17400000000004 68.092 15
1590.0 307.805 18 1590.0 0.0 0 -85 106.66000000000001 64.535 0
1615.0 302.3819999999999 22 1740.0 -185.0 24 -74 106.32199999999999 81.58399999999999 37
2520.0 351.395 21 2520.0 0.0 0 -99 117.28299999999996 87.26199999999999 0
1695.0 306.30299999999994 21 1890.0 -220.0 29 -67 131.571 67.666 44
990.0 179.795 13 1230.0 -280.0 18 -46 71.97 37.611 56
1410.0 285.2449999999999 22 1410.0 0.0 0 -73 98.469 66.67099999999998 0
2040.0 242.45000000000007 19 2040.0 0.0 0 -70 83.15399999999998 66.24999999999999 0
1720.0 280.1979999999999 15 1860.0 -155.0 15 -71 81.49399999999999 72.678 29
1260.0 256.36199999999997 16 1260.0 0.0 0 -75 76.69500000000001 55.72099999999998 0
2010.0 291.5889999999999 20 2010.0 -120.0 6 -66 114.34600000000002 80.275 24
1200.0 272.7229999999999 16 1200.0 -140.0 6 -73 97.60799999999998 53.86699999999999 28
2010.0 397.46700000000004 25 2010.0 0.0 0 -102 150.13199999999998 79.21399999999997 0
1395.0 280.83400000000006 17 1530.0 -135.0 18 -79 82.07499999999999 64.88 27
1710.0 245.68600000000012 15 1710.0 0.0 0 -58 88.38500000000002 79.286 0
780.0 210.05800000000002 14 900.0 -220.0 18 -58 69.86599999999999 37.276999999999994 44
1440.0 221.92100000000005 13 1440.0 0.0 0 -68 71.499 51.043 0
1505.0 255.0 19 1590.0 -120.0 15 -64 103.02399999999999 50.492999999999995 24
1560.0 238.64299999999992 19 1650.0 -170.0 11 -65 86.756 49.682 34
1620.0 268.765 17 1620.0 0.0 0 -69 97.24400000000003 55.34199999999999 0
2310.0 380.8800000000001 24 2340.0 -160.0 10 -96 117.42399999999999 100.78600000000002 32
1350.0 234.04199999999997 16 1350.0 -280.0 23 -66 80.56199999999998 52.916999999999994 56
1200.0 274.7879999999999 22 1200.0 0.0 0 -70 98.00799999999998 55.507 0
2100.0 321.672 17 2220.0 -165.0 22 -86 108.04499999999999 78.06999999999998 33
1380.0 275.53700000000003 19 1650.0 -330.0 21 -62 108.52099999999997 71.651 66
2170.0 263.8809999999999 22 2190.0 -20.0 2 -67 102.37200000000001 82.96199999999999 4
1110.0 256.09900000000005 14 1380.0 -270.0 22 -65 74.643 65.33400000000002 54
1535.0 262.097 12 1980.0 -485.0 42 -58 100.60500000000005 64.24 97
1980.0 290.793 21 1980.0 0.0 0 -78 104.95299999999999 65.45000000000003 0
1840.0 287.988 19 1890.0 -50.0 3 -80 98.28600000000002 68.944 10
2070.0 292.394 16 2070.0 0.0 0 -64 121.9 88.65499999999996 0
2910.0 328.43699999999995 13 2910.0 0.0 0 -73 136.23500000000004 104.92099999999996 0
2520.0 382.723 20 2520.0 0.0 0 -83 163.55 104.45499999999998 0
2350.0 341.48799999999983 17 2370.0 -20.0 2 -85 123.30500000000002 91.02499999999998 4
2005.0 352.5749999999999 14 2100.0 -95.0 11 -84 140.04200000000003 81.02599999999997 19
1930.0 297.8619999999999 24 1950.0 -20.0 2 -75 109.34699999999998 81.718 4
1580.0 257.53200000000004 15 1650.0 -70.0 5 -65 99.42700000000002 60.89799999999998 14
1700.0 276.22999999999996 18 1800.0 -100.0 5 -66 97.72100000000003 84.663 20
2040.0 310.944 16 2220.0 -205.0 27 -67 125.63500000000002 94.01299999999995 41
1770.0 263.38200000000006 19 1770.0 0.0 0 -71 85.296 73.05299999999998 0
1350.0 247.84899999999993 15 1350.0 0.0 0 -70 87.43799999999995 38.835 0
2010.0 267.58599999999984 16 2010.0 0.0 0 -69 97.505 75.457 0
1145.0 277.966 15 1200.0 -55.0 7 -69 112.75699999999999 54.184999999999995 11
1695.0 344.524 21 1740.0 -150.0 14 -97 132.47199999999995 51.53699999999999 30
2010.0 288.5209999999999 21 2010.0 0.0 0 -75 94.99099999999997 84.50799999999998 0
1710.0 288.2239999999998 16 1710.0 0.0 0 -67 117.011 64.99099999999999 0
1440.0 280.22700000000003 18 1440.0 0.0 0 -70 102.43499999999997 62.23599999999999 0
1920.0 292.20099999999996 19 1920.0 0.0 0 -75 107.20499999999998 76.87799999999999 0
1740.0 282.24299999999994 23 1740.0 0.0 0 -78 92.50999999999996 72.69599999999997 0
910.0 251.1300000000001 16 930.0 -20.0 1 -75 78.24900000000001 35.840999999999994 4
1260.0 239.5530000000001 18 1440.0 -180.0 15 -60 97.31200000000003 54.97400000000002 36
1860.0 284.1979999999999 21 1860.0 0.0 0 -76 100.87400000000001 73.93699999999998 0
1170.0 236.32500000000005 15 1170.0 0.0 0 -61 80.39399999999998 58.88 0
1415.0 338.67600000000004 19 1860.0 -460.0 46 -72 142.694 61.36800000000001 92
645.0 159.27499999999995 15 990.0 -365.0 29 -42 58.86999999999999 40.643 73
2865.0 399.42 21 3030.0 -165.0 12 -94 132.47500000000002 107.54100000000003 33
1560.0 247.78499999999997 19 1560.0 -15.0 5 -72 89.26599999999999 51.187999999999995 1
1860.0 267.96500000000003 15 1950.0 -90.0 12 -71 82.71200000000002 51.035999999999994 18
1520.0 267.7459999999999 16 1560.0 -40.0 2 -71 90.26799999999999 62.316999999999986 8
1170.0 198.59600000000003 13 1170.0 0.0 0 -57 62.80199999999999 44.568 0
1925.0 236.54100000000003 17 1950.0 -145.0 19 -59 107.641 62.074 29
1610.0 315.28899999999993 21 1680.0 -70.0 2 -86 98.96200000000003 86.38100000000001 14
1920.0 332.2469999999999 25 1920.0 0.0 0 -82 119.97999999999998 87.469 0
1740.0 285.67499999999995 19 1740.0 0.0 0 -78 98.81500000000001 69.802 0
1805.0 273.58200000000005 18 2070.0 -265.0 21 -67 85.51499999999997 75.0 53
1860.0 284.918 22 1860.0 -150.0 50 -66 129.64000000000001 69.492 10
1970.0 301.84999999999997 20 1980.0 -110.0 7 -79 108.77199999999996 79.103 22
1885.0 403.66099999999983 22 1920.0 -35.0 6 -94 148.46300000000005 86.66699999999999 5
1770.0 323.0340000000001 19 1770.0 0.0 0 -79 124.46399999999998 73.29299999999999 0
2400.0 384.7739999999999 21 2430.0 -30.0 10 -99 138.04500000000004 82.66599999999997 2
1590.0 254.84100000000007 17 1590.0 0.0 0 -69 73.59399999999998 71.165 0
900.0 206.83600000000007 19 1020.0 -140.0 18 -49 75.58900000000001 54.094 28
1475.0 280.9669999999999 16 1620.0 -145.0 19 -69 94.764 63.47599999999999 29
1415.0 267.33000000000004 21 1530.0 -115.0 5 -64 113.22099999999999 56.728 23
1940.0 241.79899999999995 16 1950.0 -10.0 1 -65 75.682 79.288 2
1620.0 221.07800000000003 16 1620.0 0.0 0 -58 68.34699999999998 67.959 0
1630.0 267.942 19 1650.0 -100.0 13 -71 87.94500000000001 64.39099999999999 20
1650.0 229.17300000000006 14 1650.0 0.0 0 -67 74.901 60.78499999999999 0
1920.0 329.1880000000001 22 1920.0 0.0 0 -96 95.48599999999999 69.06 0
1500.0 302.0049999999999 19 1500.0 0.0 0 -75 105.62299999999996 74.835 0
1110.0 211.058 17 1110.0 0.0 0 -55 69.07699999999998 49.04399999999999 0
1140.0 253.86100000000002 16 1410.0 -270.0 16 -59 83.81299999999999 56.487 54
1020.0 181.791 11 1080.0 -60.0 8 -54 48.11799999999999 42.519 12
1765.0 275.63699999999983 16 1950.0 -225.0 30 -64 108.06000000000002 79.28900000000002 45
1530.0 294.86599999999993 20 1530.0 0.0 0 -79 98.05 64.267 0
2090.0 310.10499999999996 19 2130.0 -40.0 1 -73 110.30299999999998 92.53400000000002 8
1320.0 220.46000000000004 15 1320.0 0.0 0 -59 80.09299999999998 49.281 0
1800.0 304.68699999999995 24 1800.0 0.0 0 -78 105.55799999999996 77.38999999999999 0
1775.0 259.01200000000006 19 1800.0 -25.0 3 -71 79.80899999999998 73.91699999999999 5
1390.0 242.65999999999997 17 1530.0 -140.0 19 -64 91.859 54.559 28
1335.0 289.46400000000006 15 1410.0 -75.0 6 -72 107.64599999999999 52.608999999999995 15
2005.0 281.79300000000006 16 2100.0 -95.0 6 -69 112.756 74.63199999999998 19
1310.0 244.948 18 1380.0 -70.0 5 -68 81.75199999999997 60.54899999999998 14
2100.0 345.829 21 2100.0 0.0 0 -82 148.21099999999998 81.60399999999997 0
1960.0 316.54300000000006 19 2100.0 -210.0 27 -80 119.983 77.56900000000003 42
1620.0 280.32200000000006 20 1620.0 -50.0 6 -76 106.08799999999998 61.28699999999999 10
1160.0 195.1010000000001 17 1230.0 -100.0 13 -55 67.97099999999999 42.66499999999999 20
1550.0 270.94699999999995 18 1590.0 -40.0 1 -73 101.557 55.35799999999999 8
1650.0 307.877 18 1650.0 0.0 0 -86 104.11399999999996 59.40299999999999 0
1530.0 314.6699999999999 19 1650.0 -120.0 16 -67 119.60900000000002 94.41100000000002 24
2040.0 328.13999999999993 20 2040.0 0.0 0 -84 110.54499999999999 79.41000000000001 0
1700.0 290.15099999999995 19 1740.0 -110.0 14 -62 112.76600000000003 81.21699999999998 22
2430.0 302.296 19 2580.0 -150.0 14 -71 103.88599999999998 104.73800000000003 30
2280.0 240.21399999999997 17 2280.0 -60.0 10 -60 83.258 67.72899999999998 6
1920.0 274.563 20 1920.0 -15.0 5 -80 95.68499999999997 65.563 1
1860.0 292.33700000000005 21 1860.0 -120.0 16 -64 131.47000000000003 74.983 24
1680.0 221.529 14 1680.0 0.0 0 -58 77.70999999999998 60.913999999999994 0
2130.0 316.89000000000004 24 2130.0 0.0 0 -86 108.20099999999998 79.93599999999998 0
1500.0 296.835 18 1500.0 0.0 0 -84 85.034 66.682 0
925.0 171.24400000000006 10 960.0 -125.0 16 -48 56.037 33.944 25
2455.0 377.335 18 2520.0 -65.0 6 -99 108.53899999999999 100.85300000000001 13
2125.0 282.71999999999997 16 2220.0 -95.0 6 -67 94.773 96.051 19
2415.0 367.692 15 2610.0 -405.0 55 -86 116.61499999999998 86.179 75
1980.0 332.8809999999999 16 1980.0 0.0 0 -84 127.84099999999997 72.50199999999997 0
1560.0 210.88500000000002 17 1770.0 -210.0 13 -51 92.79099999999998 63.144999999999996 42
3120.0 331.6909999999999 20 3120.0 0.0 0 -87 119.95099999999998 96.43199999999999 0
1980.0 273.333 20 1980.0 -95.0 6 -68 104.96700000000003 75.35799999999999 19
1710.0 251.24800000000002 16 1710.0 0.0 0 -69 73.14399999999999 73.952 0
1830.0 249.91600000000005 19 1830.0 0.0 0 -77 79.919 55.423999999999985 0
1230.0 248.07600000000002 14 1230.0 0.0 0 -81 65.46799999999999 48.39799999999999 0
885.0 172.597 15 1050.0 -165.0 13 -50 54.366 48.24899999999998 33
1985.0 290.18 21 2040.0 -55.0 7 -67 111.95999999999995 83.25899999999997 11
1515.0 280.7169999999999 13 1680.0 -165.0 3 -78 74.31399999999998 63.626000000000005 33
2265.0 313.84599999999995 15 2310.0 -45.0 3 -84 85.49299999999998 80.904 9
1460.0 302.89499999999987 19 1650.0 -225.0 27 -73 119.36899999999999 55.56299999999999 45
1560.0 275.7479999999999 20 1560.0 0.0 0 -74 93.04399999999997 64.35899999999998 0
1875.0 268.10200000000003 16 1920.0 -45.0 6 -67 103.52099999999999 83.30900000000001 9
1410.0 277.6689999999999 16 1410.0 -225.0 30 -66 106.598 63.34499999999999 45
970.0 176.34599999999998 16 1110.0 -195.0 12 -53 63.681000000000004 42.88099999999999 39
1560.0 272.8979999999999 19 1560.0 0.0 0 -69 97.17999999999998 64.95599999999997 0
2010.0 327.9199999999999 18 2010.0 0.0 0 -94 86.111 79.277 0
1800.0 354.9459999999999 21 1800.0 0.0 0 -88 125.768 80.68399999999998 0
1180.0 282.81800000000004 18 1260.0 -80.0 4 -80 87.84099999999997 53.455 16
1695.0 328.1929999999999 17 1860.0 -165.0 22 -76 135.00100000000003 69.864 33
2070.0 305.151 19 2070.0 -85.0 7 -82 93.61900000000001 84.57399999999996 17
1905.0 290.343 16 2100.0 -195.0 17 -64 87.49900000000001 76.82199999999999 39
1660.0 316.534 21 1740.0 -80.0 6 -74 122.149 72.91199999999998 16
1710.0 296.8189999999999 16 1710.0 0.0 0 -74 108.93599999999999 74.601 0
2070.0 320.53399999999993 17 2070.0 0.0 0 -73 123.911 89.08299999999998 0
2310.0 339.5880000000001 23 2310.0 0.0 0 -82 115.23399999999998 102.991 0
1530.0 275.7069999999999 17 1530.0 0.0 0 -70 103.703 68.362 0
2010.0 279.51699999999994 14 2010.0 0.0 0 -83 81.994 70.31299999999999 0
1530.0 234.71600000000004 15 1530.0 -120.0 16 -61 94.81200000000001 57.52599999999997 24
2160.0 319.882 16 2310.0 -210.0 17 -73 113.71199999999997 104.62299999999998 42
1240.0 238.05800000000005 15 1290.0 -50.0 1 -67 73.80099999999999 52.195 10
1540.0 234.75400000000002 16 1590.0 -50.0 3 -75 57.992000000000004 50.29499999999998 10
1430.0 285.94899999999996 19 1530.0 -140.0 18 -73 102.438 65.743 28
1020.0 249.023 13 1020.0 0.0 0 -65 79.54999999999998 47.15999999999999 0
2570.0 387.9020000000001 19 2640.0 -70.0 5 -96 138.84 91.79100000000001 14
2130.0 252.36300000000003 15 2130.0 0.0 0 -73 78.58000000000003 79.32299999999998 0
1755.0 293.931 21 1800.0 -45.0 6 -81 90.315 75.44099999999997 9
1650.0 279.2180000000001 17 1800.0 -150.0 12 -66 89.93400000000004 80.70100000000001 30
2050.0 284.0439999999999 18 2100.0 -50.0 1 -68 112.70099999999998 76.57499999999996 10
1400.0 226.43499999999997 17 1590.0 -190.0 14 -60 79.04099999999997 59.344999999999985 38
1875.0 292.5560000000001 20 1980.0 -105.0 6 -77 106.28299999999999 72.80199999999998 21
1085.0 236.9739999999999 14 1440.0 -415.0 34 -54 92.44999999999999 55.22999999999999 83
1415.0 254.41300000000004 17 1470.0 -55.0 7 -78 75.554 49.493 11
1855.0 243.42399999999998 13 2070.0 -215.0 17 -68 71.23199999999999 73.08200000000002 43
2550.0 366.4299999999997 15 2580.0 -30.0 4 -84 138.045 118.489 6
1195.0 274.82300000000004 17 1500.0 -345.0 27 -65 106.726 58.096999999999994 69
2270.0 312.711 23 2310.0 -40.0 5 -82 122.62300000000002 83.63700000000001 8
2220.0 365.7990000000001 22 2220.0 0.0 0 -101 122.57600000000002 88.91199999999999 0
1810.0 272.87199999999996 19 1920.0 -110.0 5 -63 104.74099999999999 83.47299999999997 22
1500.0 245.36899999999997 15 1500.0 0.0 0 -67 94.556 57.632999999999996 0
2495.0 374.645 16 2550.0 -55.0 4 -87 147.05100000000002 101.15999999999998 11
2325.0 325.8550000000001 16 2370.0 -45.0 6 -84 112.62700000000001 88.873 9
2040.0 325.861 25 2040.0 0.0 0 -98 101.925 63.407999999999994 0
2220.0 361.063 19 2220.0 0.0 0 -88 138.275 83.13499999999999 0
1430.0 273.542 15 1620.0 -190.0 12 -66 112.18900000000001 61.31499999999997 38
1620.0 272.47599999999994 18 1650.0 -30.0 4 -71 94.80400000000002 69.77499999999999 6
1400.0 264.1669999999999 18 1470.0 -135.0 10 -70 97.57899999999998 61.13599999999999 27
1645.0 246.06400000000002 13 1920.0 -305.0 24 -52 87.177 78.47099999999998 61
1595.0 310.36399999999986 24 1620.0 -25.0 3 -84 94.578 79.51099999999998 5
2160.0 302.022 21 2160.0 0.0 0 -83 111.228 78.76299999999999 0
1280.0 246.93400000000005 19 1320.0 -40.0 5 -66 80.48999999999998 57.35999999999999 8
2960.0 371.34900000000005 25 3030.0 -70.0 9 -101 137.06 99.00100000000003 14
1520.0 205.828 16 1620.0 -100.0 5 -56 68.877 61.578999999999986 20
2640.0 349.86300000000006 23 2640.0 0.0 0 -88 136.562 103.25499999999997 0
1680.0 272.368 17 1680.0 0.0 0 -81 77.86799999999998 61.47599999999999 0
1740.0 327.0309999999999 23 1740.0 0.0 0 -83 111.996 79.14099999999998 0
1920.0 320.98900000000003 19 1920.0 0.0 0 -88 112.78399999999999 68.14899999999997 0
2250.0 288.23299999999995 17 2250.0 -105.0 6 -74 80.082 95.41600000000004 21
2160.0 330.47299999999996 22 2160.0 -125.0 8 -92 115.83500000000001 67.206 25
1410.0 261.10900000000004 26 1410.0 0.0 0 -70 92.64299999999997 61.62000000000001 0
1280.0 222.17000000000007 17 1350.0 -70.0 4 -58 79.658 54.567999999999984 14
1740.0 269.04699999999997 14 1740.0 0.0 0 -70 89.91400000000003 69.38499999999998 0
2310.0 265.39100000000013 17 2310.0 0.0 0 -80 72.07499999999999 78.141 0
2820.0 382.274 19 2820.0 -165.0 22 -89 138.866 108.091 33
1800.0 282.001 18 1800.0 0.0 0 -82 101.10099999999996 67.65499999999999 0
1660.0 341.6279999999999 16 1770.0 -110.0 14 -82 118.892 75.58 22
1505.0 283.283 17 1620.0 -115.0 7 -63 106.38799999999998 72.505 23
1740.0 280.3849999999999 19 1740.0 0.0 0 -71 112.18599999999998 70.53699999999999 0
840.0 236.96800000000005 14 1110.0 -370.0 13 -58 61.760999999999996 49.06999999999999 74
1800.0 259.49 14 1800.0 0.0 0 -65 96.07900000000001 69.59799999999998 0
1530.0 281.1529999999999 16 1590.0 -60.0 8 -86 83.054 55.78599999999998 12
1410.0 244.57900000000006 17 1410.0 -210.0 27 -55 97.58900000000001 64.44699999999996 42
2760.0 367.02000000000004 19 2820.0 -60.0 4 -101 100.98899999999999 79.209 12
1295.0 278.95599999999996 16 1380.0 -155.0 20 -66 83.85199999999996 57.169999999999995 31
1630.0 268.581 20 1650.0 -20.0 2 -71 101.56599999999997 58.263999999999996 4
2220.0 339.02399999999994 18 2220.0 0.0 0 -87 112.87100000000001 83.23999999999998 0
1920.0 250.28299999999996 17 1920.0 -80.0 10 -61 82.049 79.34999999999998 16
1380.0 269.452 19 1380.0 0.0 0 -70 93.047 66.212 0
2160.0 343.4350000000001 20 2160.0 0.0 0 -86 129.774 85.93499999999999 0
2400.0 330.02799999999985 17 2400.0 0.0 0 -89 105.82600000000001 88.26100000000002 0
1770.0 272.554 18 1770.0 0.0 0 -77 84.71999999999998 66.66499999999998 0
1170.0 222.23000000000002 15 1170.0 0.0 0 -59 78.00299999999999 46.118 0
1690.0 283.273 25 1890.0 -200.0 25 -83 99.36500000000001 67.289 40
2130.0 283.6650000000001 21 2130.0 -90.0 30 -79 88.892 82.666 6
1215.0 276.6829999999999 16 1260.0 -45.0 6 -71 94.81899999999999 59.471 9
1830.0 316.31699999999995 21 1830.0 0.0 0 -81 114.39399999999999 79.42599999999999 0
1710.0 305.68199999999996 17 1740.0 -30.0 4 -82 100.064 72.106 6
1110.0 237.88599999999997 11 1320.0 -300.0 14 -58 94.13199999999998 45.96299999999999 60
1530.0 312.3139999999999 17 1530.0 0.0 0 -89 105.59800000000001 55.957 0
1335.0 324.36599999999993 19 1470.0 -135.0 8 -81 122.46599999999998 56.039 27
1295.0 264.136 18 1320.0 -25.0 2 -72 86.25500000000001 43.701 5
1785.0 315.18 17 2100.0 -315.0 23 -71 113.51499999999997 91.96900000000002 63
1590.0 296.93499999999995 18 1590.0 -150.0 12 -71 109.62 75.22499999999998 30
1640.0 303.3619999999999 14 1680.0 -40.0 3 -68 110.95099999999996 79.77399999999997 8
1770.0 304.83 17 1770.0 0.0 0 -80 108.68099999999998 67.215 0
2520.0 387.4849999999999 19 2520.0 0.0 0 -93 148.80900000000003 98.28899999999999 0
1830.0 328.77099999999984 18 1830.0 0.0 0 -91 113.755 74.83 0
1470.0 303.97299999999996 17 1650.0 -180.0 3 -63 107.08600000000003 75.83399999999997 36
1010.0 246.25200000000004 17 1050.0 -40.0 5 -60 90.95099999999996 46.95899999999999 8
1555.0 253.43399999999997 15 1590.0 -150.0 9 -70 80.865 61.91199999999999 30
1550.0 272.1909999999999 20 1590.0 -40.0 2 -74 96.25099999999998 61.194 8
1620.0 263.875 15 1620.0 -70.0 5 -71 81.48699999999998 73.89 14
2130.0 269.758 15 2130.0 -135.0 45 -66 106.68200000000003 78.05000000000001 9
2485.0 323.1899999999999 17 2670.0 -185.0 24 -65 127.89500000000002 111.46199999999992 37
2495.0 416.55100000000016 20 2550.0 -55.0 7 -109 136.862 104.00000000000004 11
1530.0 220.35100000000006 21 1590.0 -160.0 13 -59 88.996 58.236 32
1785.0 296.9939999999999 13 2040.0 -325.0 23 -70 69.97799999999998 76.968 65
2940.0 385.704 19 2940.0 0.0 0 -96 138.25000000000003 109.64199999999997 0
1740.0 346.177 21 1740.0 0.0 0 -86 136.132 71.08399999999999 0
1380.0 256.262 20 1470.0 -90.0 6 -65 93.91499999999999 61.13199999999999 18
2910.0 321.0330000000001 17 3030.0 -195.0 59 -91 90.11999999999999 105.88500000000002 17
900.0 224.34499999999997 19 1080.0 -270.0 18 -49 91.647 49.58699999999999 54
765.0 226.46700000000007 14 900.0 -155.0 19 -57 71.31199999999998 47.846999999999994 31
1365.0 291.772 15 1530.0 -165.0 3 -71 96.036 66.32400000000001 33
1080.0 205.59900000000005 16 1080.0 0.0 0 -63 63.541000000000004 45.298 0
1590.0 288.3010000000001 15 1590.0 0.0 0 -73 100.69600000000001 67.464 0
1710.0 324.7119999999999 20 1710.0 0.0 0 -76 132.31800000000004 75.30999999999999 0
1245.0 251.00600000000006 13 1320.0 -145.0 9 -59 87.011 59.372999999999976 29
925.0 213.06700000000006 15 1140.0 -230.0 30 -57 86.05199999999998 42.00599999999999 46
1620.0 237.01100000000002 16 1650.0 -30.0 3 -71 77.89600000000002 58.27599999999998 6
1895.0 305.291 21 1920.0 -25.0 1 -80 115.04499999999999 62.49899999999998 5
2340.0 372.235 17 2400.0 -60.0 8 -89 117.64399999999999 93.903 10
1970.0 336.1850000000001 18 2220.0 -280.0 33 -75 133.22400000000005 87.05499999999996 56
1420.0 240.72800000000004 15 1440.0 -20.0 1 -66 81.566 48.205999999999996 4
1340.0 296.27100000000013 20 1500.0 -160.0 10 -86 98.76499999999999 49.066 32
1670.0 328.64300000000003 19 1830.0 -160.0 3 -80 109.786 67.55099999999999 32
1140.0 186.56400000000002 12 1230.0 -90.0 12 -43 77.741 38.928999999999995 18
1425.0 262.10900000000004 15 1440.0 -15.0 2 -72 93.80099999999999 51.86199999999998 3
1280.0 244.32499999999996 15 1560.0 -330.0 22 -55 76.80499999999998 63.55499999999999 66
930.0 224.21800000000002 13 930.0 0.0 0 -62 67.781 30.067 0
1655.0 341.931 19 1740.0 -85.0 7 -79 128.291 88.95299999999997 17
1700.0 329.25199999999995 18 1710.0 -10.0 1 -80 122.78399999999996 74.17699999999998 2
2120.0 277.67 15 2280.0 -160.0 13 -71 85.264 93.32000000000001 32
2280.0 356.974 21 2280.0 0.0 0 -77 134.323 104.59200000000001 0
1650.0 247.83700000000002 19 1650.0 0.0 0 -70 84.78299999999999 62.14499999999999 0
1740.0 245.37700000000007 18 1740.0 -195.0 16 -56 96.76800000000001 71.96099999999998 39
2310.0 341.71199999999993 24 2310.0 0.0 0 -88 113.80099999999999 93.81199999999998 0
1450.0 242.694 19 1530.0 -115.0 9 -61 88.00499999999997 72.396 23
1320.0 229.98000000000002 16 1320.0 0.0 0 -74 61.25599999999998 49.46199999999999 0
1940.0 320.14099999999996 17 2160.0 -220.0 29 -71 123.00100000000002 87.322 44
1495.0 254.622 18 1530.0 -35.0 2 -65 82.15599999999998 65.20199999999998 7
2280.0 327.9190000000001 18 2280.0 -360.0 60 -88 98.05399999999999 92.39899999999997 36
2030.0 324.35800000000006 16 2190.0 -160.0 4 -84 105.17699999999999 85.70500000000003 32
1990.0 257.9799999999999 18 2040.0 -50.0 6 -76 85.46000000000001 71.90900000000002 10
950.0 217.993 20 1080.0 -150.0 18 -52 84.17399999999999 48.61000000000001 30
1575.0 263.1809999999999 17 1740.0 -165.0 20 -68 98.28799999999997 63.73999999999998 33
670.0 281.5569999999998 15 1020.0 -350.0 8 -71 76.39199999999998 38.77600000000001 70
2340.0 358.9400000000001 23 2340.0 0.0 0 -89 136.86200000000002 92.59800000000001 0
2055.0 318.53800000000007 17 2100.0 -45.0 3 -78 121.78200000000002 81.89299999999994 9
1830.0 267.476 18 1830.0 0.0 0 -74 97.65399999999998 62.211999999999996 0
1590.0 270.525 16 1590.0 0.0 0 -69 100.857 60.528999999999975 0
1040.0 301.6469999999999 17 1200.0 -225.0 18 -73 105.82099999999998 56.19899999999999 45
1680.0 250.62300000000013 17 1860.0 -180.0 38 -78 59.67399999999998 68.28100000000003 26
1800.0 267.402 17 1800.0 0.0 0 -78 77.72199999999997 69.91099999999999 0
1710.0 292.2699999999999 16 1710.0 0.0 0 -68 111.64499999999998 71.60200000000003 0
2340.0 336.93799999999993 15 2700.0 -380.0 55 -74 110.71599999999998 104.841 47
1950.0 346.226 18 1950.0 0.0 0 -87 119.396 99.071 0
1620.0 315.914 25 1620.0 0.0 0 -96 95.28599999999999 60.72999999999999 0
1260.0 204.47300000000007 16 1260.0 -75.0 5 -55 73.81099999999999 53.144999999999996 15
1680.0 314.5969999999999 18 1680.0 0.0 0 -75 126.38400000000001 65.41099999999999 0
1590.0 252.46700000000016 12 1590.0 0.0 0 -72 91.12800000000001 56.289999999999985 0
2010.0 316.343 18 2070.0 -210.0 70 -76 121.347 88.80499999999998 14
2105.0 328.3839999999999 18 2190.0 -85.0 7 -78 129.70199999999994 92.16099999999997 17
1035.0 281.9119999999999 16 1260.0 -225.0 18 -59 111.932 64.13699999999999 45
2425.0 310.4779999999999 20 2460.0 -35.0 4 -86 106.19500000000002 84.38399999999999 7
1560.0 241.56699999999992 16 1680.0 -160.0 26 -62 88.12799999999999 65.07399999999998 16
870.0 248.28400000000008 14 870.0 0.0 0 -72 76.58199999999998 33.72099999999999 0
1710.0 256.63500000000005 15 1710.0 0.0 0 -76 72.66299999999998 70.27899999999998 0
1500.0 312.66899999999987 18 1500.0 0.0 0 -82 105.31500000000001 73.70000000000002 0
1535.0 275.3309999999999 19 1620.0 -155.0 20 -70 98.44599999999998 59.93199999999999 31
1100.0 269.83700000000005 19 1260.0 -210.0 27 -66 92.65900000000002 62.93899999999999 42
1260.0 258.001 19 1260.0 -85.0 5 -62 87.76699999999997 65.80499999999998 17
2070.0 260.12800000000004 17 2070.0 0.0 0 -72 88.71699999999998 72.26800000000001 0
1800.0 251.858 23 1800.0 0.0 0 -63 106.11899999999997 61.072 0
2040.0 253.34600000000006 14 2040.0 0.0 0 -77 73.22699999999998 64.73399999999998 0
2400.0 372.533 16 2430.0 -30.0 10 -91 120.15599999999996 98.39199999999998 2
1965.0 287.851 23 2010.0 -45.0 6 -69 108.63999999999999 82.58200000000002 9
1500.0 224.11400000000003 16 1500.0 0.0 0 -64 72.94199999999998 55.30199999999999 0
1405.0 253.78799999999993 16 1530.0 -175.0 11 -58 99.95599999999996 62.55699999999999 35
2130.0 315.69399999999985 19 2130.0 0.0 0 -93 110.06899999999997 66.16799999999999 0
1980.0 363.033 20 1980.0 0.0 0 -80 141.91200000000006 94.48900000000002 0
1225.0 206.6339999999999 9 1380.0 -170.0 22 -49 60.14699999999997 44.04299999999999 34
2145.0 320.514 23 2370.0 -225.0 18 -73 117.53200000000002 104.82699999999998 45
1810.0 296.858 18 1860.0 -50.0 1 -68 121.57 75.237 10
1345.0 298.00999999999993 22 1500.0 -185.0 24 -72 116.376 56.839999999999996 37
1590.0 220.44400000000007 18 1590.0 0.0 0 -63 69.47 49.076 0
1560.0 240.70600000000005 21 1560.0 0.0 0 -75 65.62399999999998 54.315999999999995 0
1200.0 260.38200000000006 17 1200.0 0.0 0 -63 105.254 54.387999999999984 0
2265.0 337.6379999999999 16 2430.0 -165.0 23 -76 126.155 98.08299999999997 33
1675.0 269.7490000000001 19 2010.0 -335.0 22 -66 81.48499999999999 87.28999999999999 67
1740.0 273.0559999999999 18 1740.0 -30.0 10 -75 100.83699999999999 54.67199999999998 2
855.0 289.8410000000001 15 1020.0 -195.0 22 -64 104.75200000000001 45.077 39
1440.0 293.874 17 1440.0 0.0 0 -78 88.03699999999998 60.85100000000001 0
1535.0 321.749 19 1590.0 -155.0 10 -76 105.00400000000003 70.98100000000002 31
1270.0 240.362 16 1410.0 -160.0 20 -52 97.27300000000001 67.14999999999999 32
2520.0 283.419 13 2520.0 0.0 0 -79 80.13499999999996 84.87800000000006 0
3300.0 374.00799999999987 22 3300.0 0.0 0 -83 158.12800000000001 119.24700000000001 0
1860.0 313.837 21 1890.0 -30.0 4 -91 114.583 59.03999999999999 6
1440.0 292.924 20 1440.0 0.0 0 -75 115.44199999999998 53.054 0
1350.0 227.972 18 1350.0 0.0 0 -62 86.21999999999998 51.14199999999999 0
2230.0 300.562 10 2280.0 -50.0 6 -77 95.00100000000002 87.78199999999998 10
2490.0 315.2990000000001 15 2490.0 -150.0 12 -69 134.56200000000004 98.15899999999999 30
2340.0 356.779 18 2340.0 0.0 0 -92 123.15200000000002 93.05999999999997 0
2295.0 302.31199999999995 27 2340.0 -45.0 6 -82 101.09799999999998 85.80900000000001 9
1470.0 295.25999999999993 22 1470.0 0.0 0 -79 99.88399999999999 61.88799999999999 0
1740.0 252.37200000000007 18 1740.0 0.0 0 -72 80.693 69.42499999999997 0
2675.0 358.147 20 2730.0 -55.0 7 -82 133.543 107.48899999999999 11
1320.0 305.5799999999999 18 1320.0 0.0 0 -78 120.73899999999999 54.448999999999984 0
1910.0 282.7489999999999 16 1950.0 -40.0 3 -74 89.30199999999999 72.87500000000003 8
1730.0 252.88200000000006 20 1740.0 -10.0 1 -71 91.769 56.43499999999998 2
1785.0 264.44899999999984 22 1830.0 -45.0 6 -63 101.776 83.06400000000001 9
1470.0 248.412 23 1470.0 0.0 0 -76 82.70099999999998 56.13999999999999 0
2000.0 275.741 23 2010.0 -10.0 1 -80 102.51899999999999 64.6 2
1680.0 289.431 24 1770.0 -90.0 6 -82 81.076 78.80999999999996 18
1500.0 282.6080000000001 19 1500.0 0.0 0 -78 105.53599999999999 51.774 0
1695.0 265.90200000000016 23 1770.0 -140.0 11 -68 106.748 69.91100000000002 28
1545.0 312.005 19 1680.0 -135.0 9 -83 104.94299999999998 69.24199999999999 27
2820.0 373.3759999999999 16 2880.0 -60.0 1 -94 115.43799999999996 121.91300000000003 12
1980.0 352.7809999999999 17 1980.0 0.0 0 -81 132.30300000000003 80.074 0
1720.0 281.69500000000005 21 1860.0 -140.0 6 -72 106.31199999999998 68.362 28
1020.0 216.37700000000004 12 1020.0 0.0 0 -57 72.29599999999999 43.93699999999998 0
1290.0 249.13800000000006 14 1290.0 0.0 0 -74 75.532 47.006999999999984 0
1550.0 300.6150000000002 24 1650.0 -140.0 18 -78 109.78599999999996 67.99300000000001 28
1640.0 283.29600000000005 18 1800.0 -290.0 23 -77 104.86899999999997 66.27199999999999 58
