2110.0 339.54799999999994 20 2190.0 -80.0 11 -77 123.88000000000001 91.97099999999999 16
1410.0 269.8159999999999 17 1410.0 0.0 0 -72 103.62199999999999 53.84799999999999 0
805.0 203.47300000000004 11 1050.0 -270.0 32 -59 59.93799999999998 32.316 54
2040.0 372.24 22 2100.0 -180.0 28 -89 146.98699999999994 75.14699999999996 24
2880.0 326.8949999999999 17 2880.0 0.0 0 -73 121.75000000000001 113.15299999999996 0
2580.0 321.3130000000001 24 2580.0 0.0 0 -78 120.01900000000002 103.154 0
2070.0 263.679 17 2070.0 0.0 0 -70 96.24300000000001 78.038 0
1475.0 196.374 16 1500.0 -25.0 3 -57 56.21 50.007 5
2115.0 354.8689999999999 23 2340.0 -315.0 36 -86 117.06699999999995 99.73 63
1950.0 266.52699999999993 18 1950.0 0.0 0 -75 94.513 66.836 0
1695.0 279.2299999999999 18 1860.0 -165.0 22 -74 100.69700000000002 75.38299999999997 33
1835.0 326.24999999999994 18 1860.0 -25.0 3 -89 104.05000000000001 66.47499999999998 5
1955.0 304.476 20 2070.0 -115.0 7 -72 119.74099999999999 97.81499999999998 23
660.0 193.91999999999996 14 660.0 0.0 0 -53 70.723 33.422999999999995 0
1435.0 320.4529999999999 14 1770.0 -335.0 18 -71 111.92399999999998 81.598 67
1230.0 256.8179999999999 15 1230.0 0.0 0 -65 98.67899999999999 48.15 0
1245.0 288.49600000000004 15 1560.0 -315.0 26 -63 100.886 74.25700000000002 63
1320.0 328.7379999999999 19 1380.0 -60.0 8 -79 132.34800000000004 56.403 12
1260.0 223.613 20 1350.0 -230.0 30 -57 89.36099999999999 51.393 46
2100.0 263.994 17 2100.0 0.0 0 -68 91.78300000000003 85.04199999999996 0
2460.0 349.40799999999996 21 2460.0 0.0 0 -80 145.066 103.38 0
2790.0 393.084 19 2820.0 -30.0 10 -96 126.52800000000002 107.89800000000001 2
2270.0 306.3029999999999 21 2310.0 -40.0 5 -73 118.82199999999999 93.51099999999997 8
2190.0 262.265 10 2190.0 -75.0 6 -58 96.24699999999999 85.85999999999997 15
1750.0 349.4029999999998 19 1800.0 -50.0 7 -93 116.35199999999996 73.89799999999998 10
2990.0 351.3200000000001 17 3180.0 -190.0 15 -76 140.78500000000003 115.265 38
1530.0 254.08500000000006 19 1530.0 0.0 0 -69 84.351 65.40199999999999 0
2280.0 309.0419999999999 16 2280.0 0.0 0 -79 105.45700000000005 89.702 0
1475.0 286.2949999999999 23 1560.0 -85.0 7 -65 114.19899999999998 69.45599999999999 17
2430.0 323.00300000000004 22 2430.0 0.0 0 -72 131.68099999999998 104.95899999999997 0
1350.0 225.62000000000006 16 1350.0 0.0 0 -60 79.468 51.03499999999999 0
1790.0 287.47099999999995 17 2070.0 -290.0 47 -72 114.95500000000004 62.382999999999996 29
1280.0 258.02799999999996 18 1320.0 -40.0 2 -76 78.028 53.18199999999998 8
2250.0 246.96400000000003 17 2250.0 0.0 0 -64 75.87599999999999 95.246 0
915.0 203.04600000000005 13 990.0 -75.0 5 -52 65.569 40.583999999999996 15
1980.0 315.24800000000005 21 1980.0 0.0 0 -84 104.89199999999998 78.25299999999999 0
2760.0 305.756 17 2760.0 -180.0 24 -72 114.16300000000001 102.061 36
1740.0 296.9839999999998 21 1740.0 0.0 0 -70 122.693 64.20299999999999 0
2270.0 317.049 17 2460.0 -190.0 15 -74 112.13700000000003 106.451 38
1890.0 297.80699999999996 15 1890.0 0.0 0 -71 110.97000000000003 75.82899999999998 0
1440.0 269.86199999999997 20 1440.0 0.0 0 -78 84.40399999999997 58.03399999999999 0
2640.0 358.81999999999994 23 2640.0 -240.0 32 -87 127.42699999999995 103.05699999999999 48
1800.0 363.3229999999997 25 1800.0 0.0 0 -90 131.49099999999996 75.57999999999998 0
1620.0 283.887 16 1620.0 -15.0 5 -69 96.92899999999996 68.871 1
1605.0 274.03499999999997 14 1680.0 -295.0 19 -73 65.19 57.413999999999994 59
1170.0 228.032 14 1170.0 0.0 0 -62 77.80799999999998 43.309999999999995 0
2100.0 232.78700000000003 12 2370.0 -295.0 38 -62 67.64699999999999 63.91199999999998 59
2070.0 323.01899999999995 18 2070.0 0.0 0 -82 119.55800000000002 67.15399999999998 0
1380.0 228.30500000000004 14 1380.0 0.0 0 -53 94.401 57.596000000000004 0
2730.0 330.61 17 2730.0 0.0 0 -85 132.68300000000005 89.225 0
1710.0 306.575 21 1710.0 0.0 0 -85 109.37499999999999 64.633 0
2140.0 340.0199999999999 18 2310.0 -170.0 3 -78 121.39 92.58899999999998 34
1710.0 268.38899999999995 18 1710.0 0.0 0 -72 75.64899999999999 76.339 0
1920.0 289.667 20 1920.0 0.0 0 -82 84.85699999999997 75.98099999999998 0
1375.0 235.9430000000001 16 1500.0 -125.0 10 -63 89.34399999999997 55.7 25
1440.0 250.965 22 1470.0 -30.0 4 -66 90.21999999999998 60.08 6
1930.0 292.46 15 2040.0 -110.0 7 -76 102.013 84.93099999999995 22
1410.0 205.99799999999996 14 1650.0 -260.0 42 -56 64.69999999999997 56.378 29
2280.0 324.96099999999996 22 2280.0 0.0 0 -79 108.67799999999997 72.36599999999999 0
2220.0 352.22700000000003 24 2220.0 0.0 0 -88 127.22099999999999 97.453 0
1170.0 253.25000000000003 16 1170.0 0.0 0 -67 83.99999999999999 51.824 0
1875.0 300.7469999999999 15 2040.0 -165.0 4 -79 104.57900000000001 68.55499999999999 33
1395.0 251.91799999999995 18 1560.0 -165.0 8 -57 106.007 63.96799999999999 33
1515.0 302.8709999999999 19 1680.0 -165.0 13 -74 105.09399999999998 68.32100000000003 33
1770.0 283.347 19 1770.0 0.0 0 -77 92.21799999999999 74.133 0
1890.0 330.5299999999998 24 1980.0 -240.0 26 -77 138.89 74.24699999999999 48
1615.0 291.885 20 1710.0 -180.0 14 -76 96.963 69.08000000000001 36
1325.0 331.013 20 1380.0 -55.0 7 -87 110.68099999999998 50.555 11
960.0 228.211 17 960.0 0.0 0 -68 77.52199999999999 42.37199999999999 0
1740.0 217.78499999999997 17 1740.0 0.0 0 -66 64.416 54.355 0
1980.0 317.204 16 1980.0 0.0 0 -78 116.06100000000002 81.13299999999998 0
2250.0 303.3389999999999 18 2250.0 0.0 0 -77 102.215 82.454 0
1830.0 296.287 16 1830.0 -120.0 16 -73 94.32399999999998 84.982 24
690.0 166.89600000000002 12 930.0 -260.0 36 -35 66.967 47.264999999999986 52
990.0 206.13700000000006 16 990.0 0.0 0 -59 65.22099999999999 37.33999999999999 0
2580.0 334.548 17 2580.0 0.0 0 -86 109.47199999999997 101.00299999999997 0
1590.0 276.0169999999999 17 1590.0 0.0 0 -65 110.755 71.24999999999997 0
1450.0 265.814 16 1500.0 -50.0 3 -63 100.49 64.65399999999998 10
1050.0 237.58300000000006 11 1050.0 0.0 0 -69 62.54200000000001 48.02599999999999 0
1005.0 209.0739999999999 16 1170.0 -205.0 27 -52 73.36599999999999 48.875 41
1450.0 292.7939999999999 21 1470.0 -20.0 2 -72 98.762 74.62699999999998 4
2070.0 264.826 15 2070.0 0.0 0 -68 99.717 81.47799999999998 0
2040.0 265.0540000000001 19 2070.0 -30.0 10 -67 94.527 81.22900000000001 2
1620.0 263.137 17 1770.0 -150.0 20 -61 104.279 75.622 30
1580.0 349.77299999999997 19 1620.0 -40.0 3 -83 134.16399999999996 65.25299999999999 8
990.0 220.44700000000003 13 990.0 0.0 0 -63 65.44699999999999 41.06199999999999 0
2565.0 356.01300000000015 18 2580.0 -15.0 2 -86 115.54 105.39200000000002 3
1530.0 278.6329999999999 19 1530.0 0.0 0 -80 93.57800000000002 64.01299999999999 0
1620.0 295.7689999999999 17 1740.0 -120.0 8 -76 98.31799999999997 68.668 24
1830.0 222.30200000000002 10 1830.0 0.0 0 -55 87.76 63.78399999999998 0
1500.0 230.9170000000001 15 1500.0 0.0 0 -57 91.134 61.52499999999998 0
2470.0 289.0029999999999 19 2520.0 -50.0 6 -71 110.603 87.80199999999999 10
1070.0 301.169 18 1500.0 -430.0 34 -69 105.31100000000002 62.100999999999985 86
1920.0 253.14999999999998 16 1920.0 0.0 0 -61 91.07299999999998 71.32 0
1020.0 257.295 17 1020.0 0.0 0 -69 85.24900000000002 45.07599999999999 0
2430.0 314.31600000000003 21 2430.0 -320.0 53 -84 104.96099999999998 80.737 32
1780.0 218.433 13 1800.0 -160.0 13 -52 91.028 63.141999999999996 32
2610.0 308.22200000000004 18 2610.0 0.0 0 -70 125.781 95.346 0
1345.0 270.118 17 1680.0 -335.0 18 -74 85.957 64.09200000000003 67
1005.0 231.732 16 1170.0 -165.0 4 -60 77.80599999999998 44.30899999999999 33
1650.0 198.25900000000001 15 1650.0 0.0 0 -56 66.04899999999999 55.18899999999999 0
2130.0 260.93199999999996 15 2130.0 0.0 0 -68 84.051 76.57999999999998 0
2135.0 255.32300000000012 19 2190.0 -55.0 7 -71 91.17899999999999 68.62100000000001 11
1835.0 292.905 17 1980.0 -145.0 11 -74 100.89600000000004 74.85499999999999 29
1915.0 314.3929999999999 22 2040.0 -125.0 9 -79 115.72700000000003 83.332 25
1350.0 297.5579999999999 16 1350.0 0.0 0 -74 114.868 49.17699999999999 0
1890.0 238.54000000000002 16 1890.0 0.0 0 -58 93.69500000000004 73.423 0
2250.0 281.65700000000004 14 2250.0 0.0 0 -71 102.50500000000004 92.283 0
1800.0 284.1419999999999 20 1800.0 0.0 0 -68 117.06400000000001 71.11899999999997 0
1690.0 303.04099999999994 17 1740.0 -50.0 7 -67 122.068 75.65299999999999 10
1680.0 306.0269999999999 20 1680.0 0.0 0 -80 107.12800000000003 64.54899999999999 0
2760.0 354.10799999999983 23 2760.0 0.0 0 -94 112.24400000000003 101.79599999999999 0
2865.0 360.3459999999999 23 3030.0 -165.0 4 -84 120.965 114.28099999999999 33
1380.0 298.912 19 1380.0 0.0 0 -83 87.56699999999998 53.403 0
1200.0 231.264 19 1230.0 -30.0 4 -58 83.96300000000001 56.30599999999999 6
2430.0 271.29 16 2430.0 0.0 0 -77 78.14499999999998 90.32200000000003 0
1765.0 303.0169999999999 20 1830.0 -65.0 4 -80 104.33999999999996 72.322 13
1800.0 266.322 22 1800.0 -120.0 40 -75 85.14399999999998 70.509 8
2300.0 334.87700000000007 20 2340.0 -40.0 2 -89 120.442 91.23099999999998 8
1620.0 313.178 18 1620.0 0.0 0 -80 121.24499999999999 60.38499999999999 0
975.0 307.67599999999993 20 1290.0 -370.0 30 -65 119.59499999999997 65.99 74
1415.0 260.34100000000007 12 1560.0 -145.0 10 -66 61.037 75.29100000000001 29
1925.0 327.568 17 1980.0 -55.0 7 -78 124.78500000000001 79.39099999999998 11
930.0 250.12099999999998 11 1290.0 -370.0 52 -53 106.75400000000002 54.455 74
1340.0 297.47599999999994 21 1380.0 -150.0 16 -81 98.95699999999998 62.978000000000016 30
2010.0 262.507 16 2010.0 0.0 0 -64 95.95400000000002 80.64399999999998 0
1375.0 228.79000000000008 20 1470.0 -95.0 6 -65 65.985 65.18299999999999 19
1360.0 219.26399999999995 19 1560.0 -260.0 34 -50 83.12299999999999 72.07399999999998 52
825.0 228.34200000000004 14 900.0 -235.0 28 -58 66.44 44.077000000000005 47
1150.0 190.69799999999998 14 1230.0 -80.0 5 -48 73.301 41.99799999999999 16
1605.0 290.11900000000014 16 1620.0 -150.0 47 -75 96.16 62.76799999999998 12
2160.0 268.6299999999999 16 2220.0 -60.0 5 -71 91.16 76.70099999999998 12
1440.0 225.83800000000008 13 1440.0 0.0 0 -67 81.244 38.257999999999996 0
1320.0 261.22100000000006 16 1320.0 0.0 0 -63 94.826 55.17499999999999 0
1090.0 242.68100000000004 13 1170.0 -80.0 6 -61 85.11699999999999 49.812 16
850.0 330.107 13 2070.0 -1220.0 32 -73 76.16499999999998 72.15999999999997 244
2280.0 295.803 15 2280.0 -150.0 50 -72 96.89000000000001 93.69299999999997 10
2160.0 341.508 25 2160.0 0.0 0 -76 145.11800000000002 88.66499999999999 0
1195.0 259.174 19 1320.0 -125.0 8 -75 86.25199999999998 49.89999999999998 25
2300.0 300.63599999999985 21 2310.0 -40.0 11 -81 97.22499999999998 89.83600000000001 4
1530.0 309.2759999999999 22 1530.0 0.0 0 -82 102.29700000000001 62.46899999999997 0
1830.0 251.36400000000015 15 1830.0 0.0 0 -68 77.14600000000002 78.975 0
1830.0 278.43199999999985 15 1890.0 -165.0 55 -64 103.68500000000002 70.32700000000001 11
1770.0 293.8679999999999 20 1770.0 0.0 0 -70 117.058 67.92599999999999 0
2190.0 347.475 19 2190.0 0.0 0 -81 111.80400000000002 108.40499999999996 0
2730.0 344.39899999999994 16 2730.0 0.0 0 -87 111.795 104.616 0
2040.0 243.419 13 2040.0 0.0 0 -66 72.22500000000002 68.38700000000003 0
1395.0 212.6749999999999 12 1590.0 -195.0 65 -59 56.26199999999999 67.60300000000001 13
1770.0 257.28000000000003 22 1770.0 -30.0 10 -72 98.214 59.358999999999995 2
1925.0 345.77799999999985 19 2100.0 -225.0 26 -86 107.09100000000001 89.47299999999996 45
1830.0 235.81100000000004 17 2010.0 -180.0 15 -65 66.863 75.80600000000003 36
1070.0 288.80900000000014 17 1290.0 -220.0 29 -80 83.54599999999999 51.082999999999984 44
1740.0 280.20899999999995 17 1740.0 0.0 0 -74 96.00799999999998 78.27799999999998 0
1905.0 374.4990000000001 23 1950.0 -45.0 6 -95 146.722 74.855 9
1425.0 308.93599999999986 17 1590.0 -165.0 4 -83 98.17799999999997 69.19799999999998 33
1140.0 239.11800000000008 16 1140.0 0.0 0 -60 84.58 53.76999999999999 0
1830.0 332.31 24 1920.0 -195.0 15 -80 125.266 85.34999999999998 39
1815.0 275.832 17 1950.0 -135.0 6 -66 104.696 70.63199999999999 27
1680.0 326.0889999999998 24 1710.0 -30.0 4 -88 114.195 70.12799999999999 6
1935.0 241.076 19 1980.0 -205.0 16 -63 88.55999999999996 71.98300000000002 41
2355.0 384.7730000000001 22 2520.0 -165.0 4 -89 122.831 105.09600000000002 33
1920.0 305.767 21 1920.0 -50.0 6 -63 129.06799999999998 82.52 10
1100.0 214.16600000000003 16 1140.0 -40.0 5 -59 70.378 48.52099999999999 8
2070.0 302.5310000000001 20 2070.0 0.0 0 -83 91.76899999999998 78.88699999999997 0
1405.0 284.945 22 1620.0 -245.0 31 -72 98.37099999999997 63.773999999999994 49
1170.0 215.43299999999996 16 1170.0 0.0 0 -59 69.841 42.65199999999999 0
1300.0 227.06800000000004 21 1620.0 -320.0 25 -63 83.15199999999997 53.12899999999998 64
1770.0 306.5210000000001 21 1800.0 -30.0 2 -73 114.71799999999998 64.205 6
2060.0 287.56899999999996 16 2070.0 -10.0 1 -68 97.159 82.63500000000002 2
1500.0 251.82200000000006 13 1500.0 0.0 0 -72 65.00899999999999 58.668 0
1170.0 235.67100000000008 16 1170.0 0.0 0 -71 74.37 46.45699999999999 0
2175.0 380.38600000000014 23 2280.0 -105.0 10 -103 134.40800000000002 84.49099999999997 21
1320.0 251.63 20 1320.0 -255.0 21 -70 92.31299999999999 52.913 51
2160.0 310.71599999999995 23 2160.0 0.0 0 -77 104.38699999999999 90.35199999999999 0
1050.0 234.93100000000004 15 1140.0 -90.0 6 -64 75.59099999999997 45.434999999999995 18
1395.0 269.60200000000003 17 1410.0 -30.0 7 -69 103.04 49.21899999999999 4
1455.0 278.838 15 1860.0 -445.0 36 -66 108.36600000000003 66.11399999999998 89
1485.0 277.2299999999999 15 1500.0 -15.0 2 -67 95.52700000000002 70.553 3
1515.0 300.61299999999983 17 1770.0 -385.0 31 -71 104.80799999999999 68.90299999999999 77
1680.0 313.51399999999995 20 1680.0 0.0 0 -81 113.13499999999999 65.022 0
1530.0 303.4339999999999 18 1530.0 0.0 0 -78 108.81800000000001 61.653 0
1495.0 299.9200000000001 15 1680.0 -185.0 23 -76 90.512 65.198 37
1065.0 250.56800000000007 13 1230.0 -165.0 4 -58 98.01 48.88199999999998 33
1160.0 225.99799999999996 21 1260.0 -100.0 6 -61 85.27099999999999 52.867000000000004 20
1680.0 254.81400000000002 21 1680.0 0.0 0 -69 88.23899999999999 65.38499999999999 0
1880.0 283.33599999999996 20 2010.0 -130.0 9 -76 101.71399999999998 70.81699999999998 26
1800.0 287.2209999999999 18 1800.0 0.0 0 -72 102.613 74.79999999999998 0
935.0 191.38500000000002 14 990.0 -55.0 7 -60 57.033999999999985 37.321999999999996 11
1750.0 335.08600000000007 21 1800.0 -50.0 6 -90 107.548 65.255 10
1560.0 325.03400000000005 23 1560.0 0.0 0 -88 100.791 69.54499999999999 0
1710.0 315.21899999999994 19 1710.0 0.0 0 -72 119.02499999999999 85.841 0
1075.0 238.93900000000008 20 1260.0 -185.0 4 -67 71.068 44.126999999999995 37
1650.0 289.68 20 1650.0 0.0 0 -79 97.89500000000001 52.56999999999999 0
2100.0 297.591 15 2190.0 -330.0 27 -69 107.40900000000002 86.04799999999999 66
1635.0 371.26099999999997 15 1740.0 -105.0 19 -86 122.67799999999995 70.785 15
2045.0 326.76600000000013 20 2070.0 -185.0 14 -69 123.44600000000001 97.978 37
1830.0 265.84999999999997 18 1830.0 -170.0 14 -64 110.44900000000003 66.955 34
2405.0 354.9639999999999 19 2460.0 -55.0 7 -89 120.73400000000001 93.39899999999999 11
1230.0 351.98999999999984 20 1650.0 -520.0 83 -77 123.25699999999999 64.97899999999998 52
2130.0 320.64900000000006 24 2130.0 0.0 0 -74 119.69299999999998 89.529 0
2615.0 355.2899999999999 18 2640.0 -40.0 8 -87 135.48300000000003 104.97399999999996 6
2855.0 311.61400000000003 17 2910.0 -55.0 7 -73 117.064 103.52099999999999 11
1555.0 262.616 18 1740.0 -185.0 4 -76 77.781 57.834 37
1860.0 308.884 14 1860.0 0.0 0 -73 121.554 80.59999999999998 0
2040.0 328.8879999999999 19 2040.0 0.0 0 -88 110.11899999999999 80.92099999999996 0
1350.0 215.12400000000002 16 1350.0 0.0 0 -60 69.18599999999999 53.356999999999985 0
2115.0 346.494 15 2370.0 -255.0 79 -76 118.67600000000003 112.29799999999996 21
870.0 201.32100000000005 15 960.0 -90.0 6 -52 77.02 38.63 18
1600.0 238.16700000000006 21 1800.0 -200.0 26 -64 85.48899999999999 66.632 40
1605.0 310.0319999999999 13 1770.0 -255.0 29 -75 102.86499999999998 83.35200000000002 51
1655.0 301.0950000000001 18 1830.0 -205.0 26 -68 111.11500000000001 81.86399999999999 41
1740.0 267.496 21 1740.0 -120.0 8 -79 80.06299999999997 61.13599999999998 24
1890.0 372.17599999999993 18 1890.0 0.0 0 -86 135.29700000000003 87.33699999999997 0
1560.0 265.00100000000003 22 1560.0 0.0 0 -76 82.38499999999999 56.25799999999998 0
2415.0 310.959 17 2580.0 -245.0 34 -80 115.47999999999998 91.714 49
1710.0 258.13500000000005 20 1800.0 -90.0 6 -54 112.89599999999996 73.109 18
1695.0 293.8079999999999 18 1710.0 -15.0 1 -75 99.723 82.71799999999995 3
1190.0 243.97000000000003 18 1410.0 -400.0 28 -56 91.508 58.03599999999999 80
850.0 196.806 13 1050.0 -225.0 29 -53 69.842 39.59199999999999 45
1620.0 327.275 23 1620.0 0.0 0 -87 108.77999999999997 75.021 0
1430.0 357.1749999999999 20 1470.0 -40.0 5 -99 109.06799999999998 66.23599999999999 8
2640.0 369.441 21 2640.0 0.0 0 -82 162.15900000000002 105.91199999999994 0
2535.0 395.10799999999995 20 2580.0 -110.0 15 -88 148.83599999999998 104.36100000000003 20
2070.0 286.35600000000005 18 2070.0 -120.0 16 -76 105.06 67.26500000000001 24
1650.0 315.7399999999999 22 1650.0 0.0 0 -76 122.50099999999999 71.86699999999999 0
2170.0 329.67500000000007 24 2190.0 -20.0 2 -86 131.69600000000003 81.58599999999996 4
2495.0 294.22499999999997 19 2640.0 -145.0 7 -69 109.09400000000002 105.20799999999998 29
1105.0 310.34699999999987 21 1260.0 -155.0 20 -81 112.46999999999998 54.687000000000005 31
1350.0 227.31 18 1350.0 0.0 0 -66 74.63599999999998 55.644999999999996 0
1095.0 239.35000000000002 12 1170.0 -75.0 5 -65 80.935 49.720000000000006 15
2235.0 294.971 20 2310.0 -120.0 15 -65 128.31100000000004 85.67099999999998 24
1350.0 317.73799999999994 19 1350.0 0.0 0 -88 104.44699999999999 59.67099999999998 0
1835.0 343.18899999999985 19 2010.0 -175.0 13 -76 132.12499999999997 92.446 35
1115.0 237.98600000000005 16 1200.0 -165.0 13 -67 79.2 46.617999999999995 33
1830.0 312.20900000000006 17 1830.0 0.0 0 -82 111.15500000000003 66.59799999999998 0
2045.0 312.757 23 2130.0 -245.0 20 -67 113.973 99.11599999999999 49
1550.0 336.674 13 2010.0 -500.0 44 -70 84.91100000000002 88.425 100
1350.0 230.85999999999996 10 1350.0 -70.0 5 -58 67.04899999999999 61.10399999999999 14
1805.0 327.4680000000001 21 1860.0 -55.0 1 -88 113.59799999999996 78.01299999999999 11
1995.0 323.27699999999993 21 2070.0 -75.0 10 -72 140.983 79.18 15
1935.0 336.46999999999997 19 1950.0 -15.0 2 -85 118.41799999999999 82.51599999999998 3
1600.0 222.66 14 1650.0 -50.0 6 -52 93.43600000000002 58.81199999999996 10
2850.0 301.125 21 2850.0 0.0 0 -77 112.50600000000003 98.96799999999999 0
1975.0 313.3360000000001 19 2130.0 -395.0 43 -68 106.78999999999999 86.922 55
2100.0 315.99800000000005 21 2100.0 0.0 0 -79 119.76299999999999 85.93599999999999 0
1800.0 287.46000000000004 17 1800.0 0.0 0 -74 97.90700000000001 76.17999999999998 0
1470.0 260.52600000000007 17 1470.0 -45.0 6 -61 89.10299999999998 70.42299999999999 9
2375.0 341.27000000000004 21 2460.0 -85.0 5 -98 101.73999999999998 81.88899999999998 17
1920.0 278.36199999999985 17 1920.0 -110.0 7 -68 96.56599999999999 84.086 22
2340.0 311.2 18 2340.0 0.0 0 -77 107.995 88.73299999999998 0
1995.0 334.164 17 2070.0 -75.0 6 -81 105.49600000000004 86.44900000000001 15
2310.0 299.5379999999999 17 2310.0 0.0 0 -84 96.92099999999998 85.47399999999998 0
1740.0 269.36499999999995 21 1740.0 0.0 0 -75 82.788 76.091 0
2640.0 285.4099999999999 20 2640.0 0.0 0 -74 112.546 84.393 0
1770.0 276.0589999999999 15 1770.0 0.0 0 -69 114.727 58.39299999999999 0
1490.0 316.88900000000007 16 1740.0 -250.0 19 -77 114.14400000000003 59.060999999999986 50
1360.0 263.53099999999995 16 1410.0 -50.0 6 -63 99.455 63.418 10
1500.0 246.84500000000006 18 1500.0 0.0 0 -70 84.39299999999997 50.98399999999999 0
1400.0 269.56499999999994 16 1410.0 -10.0 1 -78 73.03899999999999 66.85599999999998 2
1460.0 259.4570000000001 23 1470.0 -110.0 14 -67 88.589 66.88999999999999 22
1980.0 262.32800000000003 16 1980.0 -110.0 14 -71 85.92299999999997 76.76699999999998 22
2025.0 305.30999999999995 20 2040.0 -15.0 1 -78 123.50099999999998 65.27099999999999 3
1650.0 268.53399999999993 21 1650.0 0.0 0 -70 101.32499999999997 66.57 0
1505.0 269.731 16 1620.0 -115.0 7 -69 106.45199999999997 65.061 23
1445.0 269.15200000000004 20 1500.0 -55.0 7 -76 95.29899999999998 58.80299999999999 11
2385.0 385.0140000000001 23 2430.0 -45.0 6 -93 148.20100000000002 98.09099999999998 9
2640.0 394.153 18 2640.0 -30.0 10 -89 157.68800000000007 100.13099999999997 2
2370.0 306.44499999999994 16 2400.0 -30.0 3 -75 96.52299999999998 94.29799999999997 6
1440.0 246.67500000000004 16 1440.0 0.0 0 -64 92.34099999999998 51.00000000000001 0
2130.0 359.38299999999987 24 2310.0 -180.0 4 -91 119.59999999999997 81.49999999999999 36
1130.0 238.24500000000003 13 1290.0 -160.0 9 -69 79.475 48.25599999999999 32
1325.0 249.76000000000008 18 1590.0 -265.0 10 -65 76.89299999999999 61.41799999999999 53
1830.0 239.205 18 1830.0 0.0 0 -65 75.317 63.45499999999999 0
1275.0 291.82599999999996 21 1350.0 -75.0 5 -75 117.01199999999997 54.19599999999999 15
2060.0 265.46000000000015 17 2220.0 -195.0 25 -70 76.47700000000003 85.67699999999996 39
1680.0 319.91399999999993 21 1680.0 0.0 0 -87 119.54199999999999 64.378 0
1800.0 236.20999999999995 16 1800.0 0.0 0 -57 94.61699999999999 64.87299999999998 0
1640.0 227.40299999999996 16 1650.0 -10.0 1 -60 84.35499999999999 57.23899999999998 2
1230.0 251.66899999999995 18 1260.0 -30.0 3 -62 101.534 54.998 6
2000.0 292.872 18 2130.0 -130.0 13 -75 98.475 78.31699999999998 26
930.0 220.87200000000004 15 930.0 0.0 0 -53 85.45899999999999 50.04399999999999 0
1995.0 225.26799999999997 13 2280.0 -285.0 12 -65 65.413 80.16400000000002 57
1530.0 254.8590000000001 21 1530.0 -50.0 6 -65 89.27600000000001 59.52899999999999 10
1750.0 217.41500000000005 14 1920.0 -170.0 11 -51 83.62800000000006 75.90699999999998 34
2040.0 303.22600000000006 27 2040.0 0.0 0 -74 130.636 75.876 0
1440.0 249.45400000000004 18 1440.0 0.0 0 -66 90.43399999999997 47.55399999999999 0
1295.0 204.98000000000002 12 1350.0 -55.0 7 -54 67.78200000000004 53.27199999999997 11
1680.0 253.705 17 1680.0 0.0 0 -79 87.794 58.980999999999995 0
1620.0 303.30999999999995 24 1620.0 0.0 0 -84 90.07099999999998 63.229 0
2340.0 302.101 18 2340.0 -30.0 10 -69 116.99000000000004 100.334 2
1060.0 187.67999999999998 18 1200.0 -140.0 10 -49 63.62199999999999 52.58399999999999 28
1740.0 300.8979999999999 16 1740.0 0.0 0 -66 117.64499999999997 79.18599999999999 0
1650.0 263.31499999999994 15 1650.0 0.0 0 -64 107.62400000000002 60.684 0
2460.0 362.93899999999996 18 2520.0 -60.0 3 -93 111.49200000000002 101.91399999999999 12
2770.0 298.597 21 2820.0 -100.0 13 -74 122.94700000000002 98.104 20
1710.0 278.38300000000004 18 1710.0 0.0 0 -71 100.94399999999996 70.184 0
1790.0 295.79600000000016 20 1950.0 -160.0 13 -71 122.20999999999998 67.43499999999999 32
1545.0 339.6839999999999 20 1620.0 -75.0 5 -79 114.63099999999997 66.56299999999999 15
1980.0 271.98199999999997 17 1980.0 0.0 0 -60 113.27699999999999 80.00199999999997 0
2340.0 317.774 19 2340.0 -160.0 8 -75 104.10299999999998 104.73499999999996 32
1380.0 230.22899999999993 15 1470.0 -90.0 12 -53 86.35199999999998 57.156 18
1095.0 281.0390000000001 19 1140.0 -45.0 3 -76 90.663 45.389999999999986 9
1800.0 301.40799999999984 26 1800.0 0.0 0 -79 116.92199999999997 67.97599999999998 0
1290.0 263.66200000000003 19 1290.0 0.0 0 -72 90.78299999999999 52.31799999999999 0
1830.0 293.9770000000001 23 1830.0 0.0 0 -72 115.16400000000002 85.09 0
1650.0 281.26599999999996 19 1650.0 0.0 0 -68 99.27899999999998 73.866 0
1785.0 285.33 15 1860.0 -75.0 6 -69 90.28099999999998 68.59999999999998 15
1500.0 264.949 19 1500.0 0.0 0 -66 92.477 64.348 0
2160.0 309.341 22 2160.0 0.0 0 -73 125.37200000000001 85.744 0
1590.0 245.27 18 1590.0 -110.0 7 -66 88.28099999999999 57.22599999999999 22
1200.0 274.3300000000001 18 1470.0 -270.0 22 -73 81.732 69.874 54
1280.0 261.78600000000006 16 1320.0 -40.0 5 -67 95.497 57.197999999999986 8
1530.0 250.681 21 1530.0 0.0 0 -69 94.48599999999999 54.93299999999999 0
2070.0 286.93300000000005 19 2070.0 0.0 0 -72 115.68700000000001 77.20999999999998 0
2280.0 261.4660000000001 16 2280.0 0.0 0 -68 98.39600000000003 78.48799999999997 0
1490.0 289.74699999999996 19 1620.0 -130.0 6 -66 123.91099999999999 63.576 26
1800.0 257.688 21 1800.0 0.0 0 -76 80.488 54.92699999999999 0
1650.0 219.94699999999995 17 1650.0 0.0 0 -55 85.08399999999999 60.98899999999999 0
1890.0 253.4950000000001 16 1890.0 0.0 0 -62 91.56600000000003 80.45799999999997 0
2070.0 301.73100000000005 20 2070.0 0.0 0 -78 89.80199999999999 82.54799999999996 0
1835.0 262.97600000000006 15 1890.0 -55.0 7 -69 95.40100000000001 68.992 11
1950.0 271.603 17 1950.0 0.0 0 -64 103.112 87.01700000000001 0
1170.0 229.26799999999997 17 1260.0 -170.0 11 -56 84.975 52.151 34
2985.0 361.62000000000006 15 3030.0 -45.0 15 -99 125.04100000000001 89.86299999999997 3
1010.0 217.3799999999999 16 1290.0 -380.0 62 -59 73.54099999999998 41.245 38
1440.0 263.69800000000004 20 1440.0 0.0 0 -76 82.21299999999998 62.22699999999999 0
1800.0 304.00199999999995 20 1800.0 -125.0 8 -81 100.17499999999997 79.67199999999998 25
2880.0 355.0390000000001 17 2880.0 0.0 0 -87 126.11200000000002 111.51499999999999 0
2070.0 297.33299999999997 18 2070.0 -250.0 33 -70 116.27299999999997 88.265 50
1950.0 311.3219999999999 16 1950.0 0.0 0 -74 101.62899999999998 86.73299999999996 0
1395.0 257.5899999999999 16 1470.0 -155.0 11 -64 94.41699999999999 64.29299999999999 31
1725.0 255.12200000000004 17 1830.0 -150.0 19 -67 86.35700000000003 66.30099999999997 30
2505.0 317.6 19 2520.0 -15.0 5 -85 108.61700000000005 89.07900000000001 1
1920.0 282.50900000000007 20 1920.0 0.0 0 -76 86.84899999999999 79.318 0
1555.0 274.38000000000005 21 1710.0 -195.0 25 -77 89.18299999999998 60.061 39
1620.0 230.701 14 1830.0 -210.0 29 -67 74.22899999999998 51.89099999999998 42
1920.0 300.2329999999999 19 1920.0 0.0 0 -86 102.80999999999996 69.88399999999999 0
1830.0 258.1470000000001 16 1830.0 0.0 0 -62 87.24500000000002 81.96999999999998 0
1860.0 305.72799999999984 23 1860.0 0.0 0 -83 108.79999999999997 79.74599999999998 0
1350.0 276.563 21 1350.0 0.0 0 -66 113.57200000000002 57.34899999999999 0
1890.0 338.991 20 1890.0 0.0 0 -87 115.33400000000003 82.84799999999997 0
1650.0 280.74 17 1650.0 0.0 0 -80 80.05 71.08200000000001 0
1500.0 248.49900000000002 13 1590.0 -90.0 9 -75 69.50800000000001 59.39900000000002 18
2020.0 314.2729999999999 20 2100.0 -80.0 5 -85 117.78799999999998 63.56 16
940.0 330.87699999999995 16 1080.0 -140.0 10 -78 107.60600000000001 52.221999999999994 28
1600.0 277.71500000000003 16 1650.0 -50.0 6 -67 99.16 74.68899999999998 10
2400.0 316.803 21 2400.0 0.0 0 -78 108.26400000000001 106.17100000000002 0
1660.0 299.51600000000013 19 1830.0 -170.0 13 -74 120.99600000000001 65.16899999999998 34
2565.0 383.2890000000001 22 2610.0 -45.0 15 -93 137.054 98.77799999999995 3
1885.0 316.7250000000001 17 1980.0 -95.0 7 -67 123.27900000000001 93.38199999999995 19
2325.0 363.9479999999999 27 2370.0 -45.0 3 -93 122.69399999999997 100.22599999999998 9
1920.0 300.9419999999999 23 1920.0 0.0 0 -80 103.46399999999998 80.38200000000003 0
1350.0 244.14100000000002 14 1350.0 0.0 0 -58 88.40199999999999 60.66099999999997 0
2085.0 296.604 17 2130.0 -45.0 2 -72 102.77500000000002 78.83900000000001 9
1380.0 236.841 14 1470.0 -125.0 16 -58 78.59 58.929 25
1710.0 326.88599999999985 23 1710.0 0.0 0 -86 118.88699999999996 76.04299999999999 0
1260.0 279.40000000000003 19 1260.0 0.0 0 -72 104.54499999999996 54.878999999999984 0
1680.0 287.5409999999998 18 1680.0 0.0 0 -80 98.25199999999998 67.444 0
1780.0 300.13200000000006 20 1890.0 -110.0 6 -82 97.171 67.39399999999999 22
1590.0 225.093 17 1590.0 0.0 0 -75 72.05 50.24399999999998 0
2550.0 332.50199999999995 21 2550.0 0.0 0 -80 129.575 96.82199999999997 0
1080.0 200.966 13 1380.0 -390.0 32 -42 86.14200000000001 55.482 78
2470.0 256.09400000000005 20 2520.0 -50.0 6 -62 102.22000000000001 83.062 10
1770.0 285.561 19 1770.0 0.0 0 -71 105.117 68.63399999999999 0
1410.0 268.582 20 1410.0 0.0 0 -76 87.52399999999999 53.46899999999999 0
1560.0 265.91900000000004 15 1560.0 0.0 0 -71 97.25499999999998 59.72599999999999 0
1350.0 260.40299999999996 15 1650.0 -350.0 29 -62 82.978 60.28299999999999 70
1995.0 320.73400000000004 17 2100.0 -210.0 70 -82 76.505 90.249 14
1920.0 298.43899999999996 19 1920.0 0.0 0 -74 110.61400000000003 81.64099999999996 0
1470.0 313.181 24 1650.0 -180.0 4 -83 100.36499999999998 65.52799999999998 36
2360.0 341.1430000000002 15 2550.0 -190.0 14 -79 126.71700000000004 89.81699999999998 38
1470.0 295.20199999999994 19 1470.0 -160.0 8 -74 111.374 55.92399999999999 32
1290.0 216.23299999999998 16 1290.0 0.0 0 -62 66.13599999999998 61.94999999999999 0
1125.0 288.3959999999999 20 1290.0 -165.0 6 -80 92.90999999999998 49.050999999999995 33
1215.0 255.9279999999999 15 1380.0 -165.0 4 -67 73.437 63.41299999999999 33
1980.0 304.44199999999995 21 2220.0 -270.0 35 -70 109.86200000000001 81.556 54
1260.0 252.63000000000008 17 1410.0 -150.0 11 -75 75.524 55.89499999999999 30
2080.0 384.63000000000005 18 2280.0 -200.0 13 -84 128.96600000000007 87.00199999999995 40
1740.0 278.7049999999998 23 1830.0 -90.0 7 -71 116.61999999999996 65.617 18
1995.0 315.991 23 2010.0 -235.0 16 -70 120.19699999999997 84.894 47
1320.0 177.08499999999995 14 1320.0 0.0 0 -46 70.00899999999997 42.00599999999999 0
1980.0 324.50300000000004 21 2070.0 -90.0 7 -70 120.91099999999996 97.779 18
1770.0 258.02600000000007 15 1770.0 0.0 0 -66 95.38700000000003 60.14299999999998 0
1500.0 185.828 13 1500.0 0.0 0 -62 50.02299999999999 53.82699999999999 0
1650.0 283.28399999999993 22 1650.0 0.0 0 -74 108.69199999999998 76.11299999999999 0
1975.0 303.31000000000006 16 2100.0 -275.0 61 -68 105.651 85.90300000000005 35
1620.0 248.23999999999992 18 1620.0 -210.0 13 -66 91.25099999999998 61.269999999999975 42
1635.0 223.55400000000003 14 1680.0 -45.0 6 -54 90.27000000000002 61.312999999999974 9
2720.0 338.2080000000001 15 2790.0 -70.0 5 -86 137.49700000000007 95.93099999999998 14
1855.0 292.391 17 1950.0 -95.0 6 -78 100.10799999999998 62.922999999999995 19
1350.0 274.6039999999999 18 1350.0 0.0 0 -75 90.055 58.82599999999999 0
2100.0 311.675 17 2100.0 0.0 0 -79 112.47800000000002 75.21300000000001 0
2615.0 372.45599999999996 24 2700.0 -85.0 11 -97 128.433 105.24199999999996 17
1920.0 270.056 18 1920.0 0.0 0 -70 98.807 71.58999999999996 0
2280.0 315.9889999999999 17 2280.0 0.0 0 -85 108.88000000000001 79.783 0
1010.0 235.0880000000001 18 1050.0 -40.0 5 -54 91.83499999999998 45.91799999999999 8
1830.0 296.495 14 1950.0 -120.0 12 -66 95.31499999999998 84.61099999999999 24
1890.0 216.424 18 1890.0 0.0 0 -65 60.22099999999998 73.44699999999999 0
900.0 281.80799999999994 17 900.0 0.0 0 -73 97.872 43.01599999999999 0
1830.0 288.3199999999999 19 1830.0 0.0 0 -67 106.52799999999996 81.97299999999998 0
1290.0 215.78000000000003 23 1290.0 -245.0 32 -54 83.05 56.275999999999996 49
1525.0 283.6380000000001 18 1620.0 -95.0 6 -78 80.104 65.46999999999998 19
1620.0 263.039 23 1620.0 0.0 0 -79 85.98600000000002 63.095000000000006 0
1190.0 249.994 17 1230.0 -40.0 4 -69 75.422 55.258 8
2065.0 374.806 18 2280.0 -260.0 31 -88 136.29999999999998 92.41899999999998 52
1290.0 224.81600000000003 16 1320.0 -30.0 4 -61 77.98199999999999 52.68699999999999 6
1710.0 322.76199999999994 23 1710.0 0.0 0 -77 133.35399999999998 75.89499999999998 0
2075.0 323.387 21 2130.0 -105.0 13 -78 124.13499999999999 81.073 21
2310.0 292.18199999999996 20 2310.0 0.0 0 -73 109.204 83.512 0
1535.0 281.45099999999996 16 1650.0 -115.0 7 -67 96.76599999999996 72.19099999999997 23
1585.0 281.6269999999999 20 1920.0 -335.0 18 -75 83.85299999999998 70.99299999999997 67
2190.0 289.3249999999999 17 2190.0 0.0 0 -65 102.36399999999999 97.877 0
2790.0 336.302 19 2790.0 0.0 0 -82 110.12999999999998 118.566 0
1170.0 266.036 21 1170.0 0.0 0 -73 106.05599999999998 41.68600000000001 0
1860.0 278.86800000000005 19 1860.0 0.0 0 -74 100.97899999999998 55.54599999999998 0
1185.0 237.09999999999997 20 1530.0 -345.0 28 -61 87.91299999999998 56.14299999999999 69
1135.0 276.717 17 1320.0 -185.0 4 -76 84.95099999999998 47.382 37
2110.0 281.774 15 2220.0 -110.0 7 -69 102.45299999999997 83.62899999999999 22
1440.0 205.25799999999992 15 1470.0 -30.0 4 -66 71.18699999999998 40.567 6
1560.0 301.00499999999994 17 1560.0 0.0 0 -74 113.93099999999998 68.976 0
2485.0 344.8709999999999 19 2610.0 -125.0 8 -98 105.13700000000001 92.32000000000002 25
2570.0 294.186 21 2730.0 -160.0 13 -73 94.86899999999997 110.21999999999998 32
2190.0 295.343 21 2190.0 0.0 0 -82 92.44999999999997 89.058 0
1920.0 301.8559999999999 21 1920.0 0.0 0 -77 117.922 74.00999999999998 0
2190.0 300.65899999999993 20 2190.0 0.0 0 -68 124.81499999999998 84.16499999999999 0
2130.0 342.392 19 2130.0 0.0 0 -83 124.86000000000003 93.139 0
1700.0 289.4849999999999 16 1920.0 -220.0 14 -67 104.954 84.91499999999999 44
1800.0 240.31099999999995 19 1800.0 0.0 0 -82 60.437999999999995 47.824999999999996 0
1590.0 281.68299999999994 20 1830.0 -290.0 17 -73 95.675 57.29299999999999 58
1590.0 344.793 14 1770.0 -180.0 4 -73 125.04299999999999 83.63 36
1760.0 298.99999999999983 17 2040.0 -290.0 47 -78 116.50799999999995 66.27600000000001 29
1680.0 261.74399999999997 23 1680.0 0.0 0 -64 97.57300000000001 64.55199999999998 0
1045.0 256.416 13 1260.0 -265.0 22 -57 77.78300000000002 47.093999999999994 53
1740.0 262.834 20 1740.0 0.0 0 -71 90.90499999999997 65.81500000000003 0
1890.0 292.6289999999999 15 1890.0 -30.0 10 -79 95.69899999999997 67.845 2
1725.0 323.19 20 1860.0 -235.0 29 -88 99.20899999999999 72.165 47
1230.0 261.34700000000004 17 1230.0 0.0 0 -72 91.361 45.260999999999996 0
2670.0 360.4739999999998 22 2670.0 0.0 0 -90 115.85000000000002 112.12199999999999 0
1240.0 254.39700000000005 17 1260.0 -20.0 2 -66 92.78899999999997 57.388999999999996 4
2025.0 293.79799999999994 21 2130.0 -105.0 6 -75 103.51899999999999 87.92499999999998 21
1925.0 334.71500000000003 17 2040.0 -115.0 30 -91 92.50599999999997 89.648 13
805.0 265.3940000000001 14 990.0 -235.0 11 -71 88.43799999999999 43.739999999999995 47
2040.0 284.796 19 2040.0 -115.0 7 -69 116.399 69.28200000000001 23
1500.0 244.84299999999996 16 1500.0 -165.0 22 -68 83.86999999999998 58.129 33
1410.0 275.203 23 1410.0 0.0 0 -77 96.037 57.495999999999995 0
2190.0 364.90200000000004 18 2190.0 -160.0 8 -77 159.20100000000005 88.342 32
1560.0 239.05399999999992 17 1560.0 0.0 0 -64 91.41799999999999 53.38899999999998 0
1650.0 249.91 14 1650.0 0.0 0 -63 92.88400000000004 52.34100000000001 0
870.0 173.22200000000004 12 960.0 -90.0 12 -54 55.24299999999999 37.74599999999999 18
2010.0 257.117 18 2010.0 0.0 0 -70 80.047 73.30600000000001 0
1320.0 268.31499999999994 18 1320.0 0.0 0 -69 103.87699999999998 44.145999999999994 0
2550.0 289.58599999999996 19 2550.0 0.0 0 -85 94.59599999999998 83.42899999999997 0
1560.0 289.551 19 1560.0 0.0 0 -70 111.244 67.71299999999998 0
2025.0 322.5030000000001 17 2190.0 -165.0 22 -80 115.92599999999999 79.43899999999998 33
2100.0 294.496 19 2100.0 0.0 0 -72 108.03899999999997 91.95599999999997 0
1800.0 279.43600000000004 13 1800.0 0.0 0 -68 103.79800000000003 72.62799999999996 0
1810.0 298.25699999999995 16 1920.0 -110.0 14 -70 111.56300000000002 73.904 22
1680.0 272.63100000000003 17 1740.0 -60.0 5 -68 106.763 61.37699999999999 12
1445.0 244.78200000000007 19 1530.0 -120.0 15 -66 76.851 59.31899999999998 24
2075.0 323.18000000000006 24 2130.0 -55.0 7 -77 135.208 79.12899999999996 11
1640.0 245.02200000000002 11 1800.0 -225.0 18 -61 72.638 79.51299999999998 45
1470.0 253.06900000000002 17 1470.0 0.0 0 -69 86.874 56.78999999999999 0
1470.0 265.387 16 1470.0 0.0 0 -68 103.51900000000002 58.266 0
2265.0 331.9589999999999 19 2400.0 -135.0 9 -86 113.577 104.39200000000002 27
2370.0 308.783 22 2370.0 0.0 0 -78 110.762 97.38100000000001 0
2010.0 290.05 16 2010.0 -15.0 5 -68 102.23700000000001 81.28199999999997 1
2340.0 342.36 22 2340.0 0.0 0 -89 110.485 93.33299999999998 0
1635.0 269.296 19 1740.0 -105.0 6 -77 93.69099999999997 67.13099999999999 21
2400.0 271.44900000000007 17 2520.0 -165.0 22 -72 81.704 96.80199999999999 33
1340.0 307.399 16 1560.0 -340.0 38 -72 117.72999999999999 62.78599999999998 68
1520.0 268.13400000000007 16 1860.0 -390.0 62 -72 81.365 71.30099999999999 41
1020.0 254.072 16 1020.0 0.0 0 -73 86.34499999999997 41.144999999999996 0
1370.0 246.08499999999995 18 1470.0 -100.0 6 -65 87.35499999999999 61.30800000000001 20
1800.0 246.063 17 1800.0 0.0 0 -65 85.34700000000002 67.10799999999998 0
2775.0 387.69699999999995 17 2880.0 -105.0 8 -78 152.74599999999998 104.22200000000001 21
1470.0 261.684 17 1470.0 0.0 0 -65 98.69300000000001 59.66399999999998 0
1260.0 212.55500000000004 17 1260.0 0.0 0 -60 74.62199999999999 42.369 0
1950.0 301.493 16 1950.0 0.0 0 -70 113.49500000000002 81.62499999999999 0
1945.0 330.47099999999995 18 2280.0 -380.0 31 -85 117.68499999999996 74.97 76
2325.0 355.7060000000001 19 2340.0 -15.0 5 -86 115.43699999999995 103.24900000000001 1
1290.0 240.01600000000008 13 1350.0 -150.0 10 -65 67.36999999999999 38.88499999999999 30
1765.0 256.467 17 1860.0 -95.0 9 -65 94.31699999999996 67.514 19
945.0 154.14999999999995 12 1140.0 -240.0 16 -37 55.74299999999999 47.953999999999986 48
1600.0 240.92700000000005 19 1650.0 -95.0 12 -63 87.42099999999998 63.03299999999999 19
1980.0 310.3549999999999 16 1980.0 0.0 0 -78 116.69400000000005 78.71099999999997 0
2070.0 296.03799999999995 20 2070.0 0.0 0 -77 111.10599999999998 83.08999999999999 0
1660.0 304.75300000000004 17 1770.0 -110.0 7 -79 99.291 72.53999999999999 22
2620.0 396.227 15 2820.0 -430.0 29 -87 115.83999999999996 109.70100000000004 86
1230.0 218.45899999999995 16 1230.0 0.0 0 -62 77.45599999999999 45.13699999999999 0
1620.0 209.422 13 1620.0 0.0 0 -61 67.66899999999998 57.635000000000026 0
1155.0 228.272 14 1320.0 -165.0 4 -53 76.47699999999999 52.705 33
1800.0 246.89800000000008 13 1800.0 0.0 0 -63 83.06500000000001 74.28299999999997 0
1170.0 275.7569999999999 17 1170.0 0.0 0 -62 104.877 57.081999999999965 0
2010.0 312.935 17 2010.0 0.0 0 -84 107.14200000000001 72.21799999999999 0
2030.0 290.6459999999999 17 2040.0 -10.0 1 -75 96.53699999999996 71.30699999999997 2
1585.0 283.308 17 1680.0 -95.0 6 -70 100.70700000000001 76.88799999999996 19
2760.0 306.8449999999999 17 2970.0 -210.0 28 -76 113.53699999999998 105.33699999999997 42
2370.0 329.46899999999994 20 2370.0 0.0 0 -82 128.495 83.33999999999999 0
1070.0 253.18500000000003 14 1170.0 -100.0 7 -61 64.58599999999998 54.42299999999999 20
2100.0 267.011 14 2100.0 0.0 0 -63 118.06400000000001 76.24299999999997 0
1620.0 278.66999999999996 18 1620.0 0.0 0 -74 98.91399999999994 66.71600000000001 0
1740.0 244.42599999999993 16 1740.0 0.0 0 -55 93.198 80.88699999999999 0
1405.0 244.80699999999996 13 1650.0 -290.0 22 -50 93.104 71.631 58
1140.0 244.829 15 1260.0 -120.0 6 -60 89.129 52.75699999999999 24
1890.0 331.49699999999984 20 1890.0 0.0 0 -81 121.74399999999999 88.456 0
1830.0 266.86899999999997 18 1830.0 0.0 0 -68 90.89 67.77999999999999 0
1890.0 250.96699999999996 15 1890.0 0.0 0 -62 98.85400000000001 71.69599999999997 0
2670.0 292.91999999999996 17 2670.0 0.0 0 -74 105.19000000000001 106.04599999999998 0
1890.0 277.99000000000007 20 1890.0 0.0 0 -75 97.405 74.224 0
1380.0 258.62 20 1380.0 -15.0 5 -76 86.31599999999999 51.24399999999999 1
1230.0 210.984 16 1230.0 0.0 0 -67 66.47200000000001 43.442999999999984 0
2100.0 296.5239999999999 19 2100.0 0.0 0 -71 117.74300000000001 81.62299999999998 0
1705.0 276.595 18 1830.0 -125.0 6 -61 122.63700000000003 70.26100000000001 25
1450.0 246.10300000000007 18 1470.0 -50.0 11 -68 77.263 54.001999999999995 6
1710.0 296.174 17 1710.0 -30.0 10 -75 108.47899999999998 69.633 2
2115.0 350.33799999999997 19 2160.0 -45.0 6 -90 120.84000000000002 88.00199999999997 9
2020.0 337.373 22 2070.0 -50.0 3 -85 124.99200000000002 88.55799999999996 10
1995.0 346.32800000000003 19 2040.0 -45.0 5 -89 110.808 78.62699999999995 9
1770.0 330.1539999999999 24 1800.0 -30.0 4 -86 125.21699999999994 59.96399999999999 6
1780.0 270.7919999999999 19 2040.0 -310.0 24 -56 107.757 87.97799999999997 62
1570.0 321.5879999999999 20 1650.0 -80.0 5 -78 85.755 64.701 16
1960.0 353.846 22 2010.0 -50.0 7 -94 126.58900000000001 73.26499999999999 10
2160.0 360.55499999999995 20 2160.0 0.0 0 -95 117.041 90.27199999999998 0
1590.0 281.889 18 1590.0 0.0 0 -77 105.976 55.41599999999999 0
1320.0 278.04 19 1320.0 0.0 0 -83 76.24999999999999 47.991 0
1170.0 230.604 17 1170.0 0.0 0 -62 82.228 53.68999999999999 0
2630.0 361.0200000000001 20 2670.0 -230.0 17 -80 145.41600000000003 104.54699999999995 46
2030.0 302.055 20 2280.0 -325.0 45 -69 115.452 93.107 65
1560.0 291.50099999999986 20 1560.0 0.0 0 -88 80.407 59.178999999999974 0
2195.0 316.895 17 2280.0 -165.0 13 -71 134.98000000000005 88.47499999999995 33
1500.0 249.588 21 1590.0 -90.0 6 -55 99.60599999999995 74.16999999999999 18
1910.0 273.3109999999999 19 1920.0 -55.0 7 -63 107.87399999999997 60.591999999999985 11
2520.0 314.427 20 2520.0 0.0 0 -79 111.19999999999999 98.63799999999999 0
1770.0 259.0990000000001 17 1770.0 0.0 0 -66 103.05200000000004 69.04799999999999 0
2010.0 324.2049999999999 21 2010.0 0.0 0 -76 128.81699999999995 85.05499999999998 0
1635.0 276.9319999999999 20 1650.0 -15.0 1 -72 101.44 70.33699999999999 3
1680.0 287.8040000000001 19 1890.0 -210.0 13 -73 101.93900000000002 67.62399999999998 42
1620.0 268.10100000000006 14 1620.0 0.0 0 -66 100.61699999999999 60.40299999999997 0
1595.0 272.417 18 1710.0 -115.0 7 -70 101.89899999999997 56.45099999999999 23
2395.0 356.3429999999999 18 2520.0 -125.0 13 -95 113.946 103.65599999999998 25
1625.0 347.20599999999996 20 1680.0 -55.0 7 -84 131.34499999999997 70.029 11
1515.0 320.76899999999983 14 1530.0 -15.0 5 -86 96.27299999999997 59.61999999999999 1
1560.0 265.15 21 1560.0 0.0 0 -71 75.857 66.397 0
1740.0 379.7369999999999 24 1740.0 0.0 0 -91 129.55899999999997 101.14399999999996 0
1620.0 271.167 22 1620.0 0.0 0 -72 103.62899999999999 65.21199999999999 0
1710.0 244.968 20 1710.0 0.0 0 -66 90.997 62.900000000000006 0
1520.0 318.709 20 1650.0 -130.0 12 -74 124.126 75.904 24
3110.0 334.8720000000001 15 3270.0 -160.0 8 -81 114.90100000000001 109.67800000000001 32
2045.0 359.61199999999985 18 2100.0 -55.0 7 -94 124.95300000000002 85.29 11
1515.0 226.16899999999995 13 1590.0 -75.0 5 -64 47.484 46.71799999999999 15
1605.0 307.69100000000003 22 1650.0 -45.0 6 -79 120.05600000000001 62.66000000000001 9
2220.0 288.41499999999996 19 2220.0 0.0 0 -70 103.71700000000004 94.51800000000003 0
2310.0 282.9839999999999 20 2310.0 0.0 0 -61 130.16599999999997 94.41599999999995 0
1435.0 285.58 19 1620.0 -185.0 17 -77 93.40299999999998 64.527 37
1230.0 245.79899999999998 18 1230.0 0.0 0 -63 88.206 60.07 0
2265.0 286.99399999999997 13 2370.0 -105.0 6 -63 105.11000000000006 100.57799999999996 21
2540.0 257.395 17 2550.0 -250.0 21 -63 104.30199999999999 88.14199999999998 50
2010.0 294.52899999999994 16 2010.0 0.0 0 -68 105.70000000000005 86.75399999999996 0
2400.0 343.1929999999999 18 2400.0 0.0 0 -80 132.44600000000003 97.70299999999996 0
2255.0 315.93 18 2370.0 -115.0 7 -73 136.817 93.11999999999996 23
2155.0 344.04299999999995 24 2280.0 -125.0 8 -80 137.41100000000003 93.08699999999993 25
1485.0 252.01999999999992 16 1590.0 -105.0 6 -63 97.50799999999998 61.24799999999998 21
1275.0 213.37200000000004 17 1440.0 -165.0 22 -58 81.23199999999999 49.99199999999999 33
1815.0 306.30800000000005 16 1920.0 -105.0 11 -81 109.69800000000002 70.19699999999999 21
2050.0 251.0770000000001 18 2280.0 -230.0 16 -68 92.22699999999998 70.05100000000002 46
2310.0 342.3969999999999 16 2400.0 -90.0 7 -96 108.27900000000004 80.73699999999997 18
1920.0 274.75900000000007 21 1920.0 0.0 0 -75 96.55500000000002 71.51899999999999 0
1350.0 253.542 18 1350.0 0.0 0 -66 87.22100000000002 60.40399999999998 0
1410.0 272.30300000000005 15 1410.0 0.0 0 -66 97.29600000000002 65.60499999999999 0
2070.0 308.5549999999999 17 2070.0 0.0 0 -87 93.549 84.60799999999999 0
1140.0 230.86399999999995 18 1140.0 -270.0 18 -57 88.93199999999999 50.25199999999999 54
1730.0 231.68100000000004 18 1830.0 -100.0 6 -64 80.711 66.87499999999999 20
2520.0 291.46400000000006 17 2520.0 -170.0 14 -66 114.59199999999998 94.93699999999998 34
1825.0 293.28299999999996 24 1980.0 -195.0 25 -71 110.51099999999998 83.82799999999997 39
2110.0 299.53599999999994 20 2160.0 -65.0 9 -80 91.62999999999998 83.55100000000002 11
2850.0 329.7370000000001 18 2850.0 0.0 0 -87 111.01200000000003 110.86000000000001 0
1770.0 292.5089999999999 19 1770.0 0.0 0 -75 99.06099999999999 78.86899999999999 0
2230.0 335.0489999999999 18 2280.0 -250.0 22 -89 113.487 84.86299999999999 50
2190.0 311.09 22 2190.0 0.0 0 -86 103.66199999999999 76.87099999999997 0
1830.0 236.355 16 1830.0 0.0 0 -67 77.42199999999998 73.04299999999999 0
2340.0 246.36700000000005 16 2340.0 0.0 0 -61 78.96799999999998 91.58700000000002 0
2655.0 334.92 15 2760.0 -120.0 11 -76 130.09 100.994 22
1800.0 281.522 19 1800.0 0.0 0 -74 95.563 65.976 0
1530.0 215.75300000000004 14 1530.0 0.0 0 -67 66.54599999999999 49.425999999999995 0
895.0 291.794 19 1140.0 -245.0 6 -80 100.71300000000001 50.452 49
1690.0 281.6499999999999 19 1710.0 -20.0 1 -71 108.60900000000002 63.30599999999997 4
1675.0 324.344 20 1920.0 -395.0 79 -72 108.20600000000003 76.87999999999998 49
1560.0 281.90900000000005 20 1560.0 0.0 0 -74 103.968 69.552 0
2070.0 298.2610000000001 19 2070.0 0.0 0 -78 105.81400000000002 85.68799999999996 0
1770.0 258.37899999999996 22 1770.0 0.0 0 -74 96.02799999999999 58.846 0
1350.0 243.926 17 1350.0 -70.0 5 -58 103.257 53.550999999999995 14
1560.0 331.93699999999995 19 1560.0 -15.0 5 -83 119.46200000000002 74.931 1
960.0 188.74500000000003 12 960.0 0.0 0 -53 62.597999999999985 34.064 0
1290.0 236.43100000000007 12 1290.0 0.0 0 -63 77.85799999999999 44.775000000000006 0
1690.0 279.12700000000007 18 1800.0 -110.0 7 -69 118.08200000000001 62.35999999999997 22
1660.0 237.83800000000002 20 1710.0 -50.0 6 -61 78.41999999999999 69.051 10
1155.0 316.2309999999999 21 1350.0 -385.0 20 -70 119.90299999999999 59.832 77
900.0 217.44600000000003 17 1290.0 -440.0 57 -52 85.29999999999995 56.17700000000001 88
185.0 503.2289999999999 17 1680.0 -1495.0 35 -68 88.78699999999998 54.13299999999999 299
1395.0 285.1500000000001 20 1560.0 -365.0 32 -74 99.80699999999996 59.995 73
2070.0 253.146 18 2070.0 0.0 0 -68 78.62899999999998 80.13199999999998 0
2220.0 305.3139999999999 19 2220.0 0.0 0 -70 111.80399999999997 103.62799999999996 0
1560.0 265.804 19 1560.0 0.0 0 -70 101.224 55.98199999999999 0
1580.0 256.9149999999999 19 1620.0 -40.0 3 -65 91.74499999999998 78.22399999999999 8
1615.0 289.4760000000001 16 1740.0 -125.0 16 -67 95.03099999999996 67.18900000000002 21
1085.0 317.7609999999999 20 1170.0 -115.0 21 -81 114.541 51.193000000000005 19
1590.0 258.374 18 1590.0 0.0 0 -74 79.85699999999999 70.81399999999998 0
1740.0 259.465 13 1740.0 0.0 0 -70 74.33900000000001 67.154 0
1380.0 233.63399999999993 16 1560.0 -230.0 18 -50 99.75299999999999 68.151 46
2190.0 306.4749999999999 23 2190.0 -60.0 8 -80 105.688 81.51499999999997 12
1830.0 265.85200000000003 14 1830.0 0.0 0 -71 96.098 64.69299999999998 0
1670.0 300.558 18 1740.0 -100.0 15 -78 96.25699999999995 66.69600000000003 16
2160.0 313.64799999999997 20 2160.0 0.0 0 -78 130.275 80.95199999999998 0
1560.0 311.984 17 1560.0 0.0 0 -77 111.72999999999999 70.405 0
1080.0 241.67799999999994 18 1080.0 0.0 0 -60 84.886 57.90699999999998 0
1200.0 196.411 16 1200.0 0.0 0 -49 66.93599999999999 61.235 0
2270.0 291.559 19 2610.0 -355.0 49 -66 128.25200000000004 98.77099999999999 71
1470.0 261.7559999999999 21 1470.0 0.0 0 -76 87.09000000000002 55.96299999999999 0
1740.0 303.6050000000001 17 1740.0 -270.0 22 -73 109.56099999999998 80.34399999999998 54
2255.0 407.724 17 2640.0 -435.0 46 -80 124.492 120.58500000000002 87
1740.0 310.26199999999983 24 1740.0 0.0 0 -78 124.24799999999998 66.52600000000001 0
2000.0 286.93800000000005 15 2190.0 -190.0 15 -72 74.80599999999998 94.87800000000001 38
1770.0 293.156 19 1770.0 -180.0 24 -74 112.562 61.855000000000004 36
1290.0 317.891 24 1290.0 0.0 0 -86 115.70199999999998 60.574999999999996 0
1005.0 241.98600000000002 11 1050.0 -45.0 3 -57 72.968 49.221999999999994 9
1685.0 315.8989999999999 19 1710.0 -25.0 1 -83 112.73799999999999 66.961 5
2970.0 340.919 16 2970.0 0.0 0 -86 127.86500000000004 108.96800000000003 0
1230.0 246.97 16 1230.0 0.0 0 -68 87.00399999999996 46.571000000000005 0
1890.0 265.02099999999996 19 1920.0 -130.0 10 -68 94.981 68.38900000000001 26
2445.0 374.90699999999987 21 2460.0 -15.0 2 -85 164.93500000000003 92.383 3
1380.0 212.31900000000002 19 1380.0 0.0 0 -59 75.30699999999999 54.533999999999985 0
2190.0 342.68999999999994 17 2250.0 -60.0 11 -87 102.28499999999998 84.761 10
2295.0 333.00300000000004 20 2340.0 -45.0 15 -80 123.67399999999999 93.062 3
1285.0 234.71899999999997 17 1410.0 -125.0 12 -71 65.84999999999998 55.989999999999995 25
1550.0 282.45699999999994 22 1620.0 -70.0 8 -74 105.29599999999999 55.417999999999985 14
2910.0 328.8999999999999 17 2910.0 0.0 0 -79 136.38300000000004 96.09599999999996 0
1265.0 240.64000000000001 19 1350.0 -220.0 23 -64 86.47299999999998 51.551 44
2310.0 327.68600000000004 17 2580.0 -335.0 34 -79 112.60900000000001 89.724 63
2315.0 309.3810000000001 23 2430.0 -115.0 7 -79 115.552 96.29899999999999 23
2400.0 307.7760000000001 18 2400.0 0.0 0 -74 125.681 91.66699999999997 0
2335.0 365.83699999999993 22 2400.0 -65.0 8 -94 122.59000000000003 84.17399999999998 13
1500.0 245.36300000000008 15 1500.0 0.0 0 -65 77.52600000000001 60.896999999999984 0
2625.0 306.6550000000001 16 2700.0 -75.0 16 -87 90.284 92.719 11
1690.0 326.098 21 1980.0 -290.0 37 -82 118.29300000000003 70.17999999999999 58
2250.0 414.63899999999995 17 2730.0 -480.0 15 -75 125.86500000000002 101.382 96
1680.0 255.947 18 1680.0 0.0 0 -56 110.94200000000001 63.93399999999998 0
2165.0 325.06700000000006 18 2190.0 -25.0 3 -74 128.45000000000002 89.18199999999999 5
2400.0 299.57700000000006 18 2400.0 -240.0 40 -74 110.01000000000002 86.40400000000001 24
2020.0 346.7619999999999 21 2100.0 -80.0 5 -89 135.272 79.20799999999997 16
2550.0 323.87 16 2580.0 -30.0 10 -89 93.76900000000003 93.86699999999998 2
1205.0 230.30400000000003 16 1380.0 -235.0 30 -60 77.51399999999998 51.01299999999999 47
1130.0 201.24900000000008 18 1410.0 -330.0 22 -52 80.85199999999998 46.91 66
1515.0 336.177 16 1680.0 -165.0 4 -84 119.63400000000003 67.35399999999998 33
2015.0 280.6429999999999 15 2100.0 -85.0 5 -67 105.75600000000001 89.07799999999996 17
1290.0 217.45299999999995 16 1290.0 0.0 0 -60 78.07999999999997 45.60699999999999 0
2400.0 277.6319999999999 16 2400.0 0.0 0 -76 107.811 65.338 0
1915.0 286.9669999999998 20 2010.0 -95.0 7 -79 94.315 69.87899999999998 19
1380.0 262.792 19 1380.0 0.0 0 -68 97.28400000000002 56.09999999999999 0
1985.0 323.06199999999995 22 2220.0 -235.0 12 -80 91.32800000000003 87.90700000000001 47
1300.0 215.09 18 1530.0 -230.0 15 -51 74.223 72.11299999999999 46
1575.0 323.66600000000005 18 1830.0 -255.0 19 -78 80.76799999999997 69.738 51
2160.0 370.4979999999999 18 2160.0 0.0 0 -84 163.72900000000004 72.11099999999999 0
1200.0 229.325 16 1200.0 0.0 0 -60 87.24799999999999 44.52399999999999 0
855.0 233.633 16 930.0 -75.0 10 -58 84.57700000000001 43.353 15
1590.0 252.74500000000006 19 1590.0 0.0 0 -69 81.34499999999997 59.501 0
2825.0 408.0240000000001 19 3030.0 -205.0 16 -90 159.10800000000003 114.53099999999998 41
1150.0 228.66000000000005 13 1380.0 -305.0 20 -55 81.34799999999998 47.626999999999995 61
1395.0 245.54700000000005 16 1590.0 -195.0 16 -56 105.69300000000001 58.07300000000001 39
1710.0 311.85999999999996 16 1770.0 -180.0 13 -81 104.68400000000001 69.379 36
1230.0 251.46500000000006 16 1230.0 0.0 0 -65 66.33699999999999 63.344999999999985 0
1460.0 281.283 14 1470.0 -10.0 1 -73 93.52699999999999 57.52999999999999 2
1445.0 305.50399999999985 19 1650.0 -205.0 19 -80 96.67699999999999 75.798 41
2000.0 295.5299999999999 16 2010.0 -10.0 1 -73 107.72499999999995 83.22699999999998 2
1745.0 244.4350000000001 13 1860.0 -115.0 7 -60 82.818 76.50799999999997 23
1490.0 281.0529999999999 19 1500.0 -10.0 1 -71 114.13599999999994 49.833999999999996 2
1975.0 287.628 15 2010.0 -35.0 4 -72 97.34500000000003 86.58499999999998 7
1775.0 301.65399999999994 21 1890.0 -115.0 9 -77 100.262 73.588 23
2580.0 309.117 21 2580.0 0.0 0 -81 116.19899999999998 99.93600000000004 0
1830.0 258.898 18 1860.0 -30.0 4 -64 92.31199999999998 73.64399999999998 6
2190.0 315.937 17 2220.0 -30.0 10 -84 99.74899999999998 59.266999999999996 2
2220.0 266.07499999999993 18 2250.0 -170.0 10 -72 83.56900000000005 83.57399999999998 34
1490.0 249.38399999999993 17 1500.0 -10.0 1 -64 86.59500000000001 62.28 2
2310.0 283.616 18 2310.0 0.0 0 -79 97.14500000000001 75.3 0
2070.0 365.6059999999998 20 2130.0 -60.0 8 -91 136.028 85.86099999999998 12
1200.0 279.56300000000005 16 1200.0 0.0 0 -75 101.98499999999999 46.341 0
1775.0 243.58399999999995 17 1890.0 -115.0 7 -71 77.17299999999997 74.41699999999999 23
1130.0 205.72000000000003 17 1320.0 -190.0 10 -53 81.772 34.681 38
1650.0 237.884 15 1650.0 0.0 0 -57 87.65699999999998 73.578 0
1985.0 290.32 21 2040.0 -150.0 13 -68 116.86099999999998 82.65699999999998 30
1460.0 243.07999999999996 15 1470.0 -10.0 1 -69 73.41 62.08399999999998 2
1800.0 304.36799999999994 21 1800.0 0.0 0 -86 110.952 60.422999999999995 0
2090.0 294.98199999999997 19 2310.0 -255.0 33 -83 85.748 87.99399999999997 51
2040.0 331.42900000000014 17 2040.0 0.0 0 -71 143.94000000000003 81.73199999999997 0
1455.0 240.895 19 1470.0 -15.0 2 -74 77.14100000000002 53.24200000000001 3
1570.0 243.83600000000004 15 1680.0 -245.0 32 -68 83.755 59.85299999999999 49
2095.0 316.41700000000003 21 2280.0 -185.0 4 -68 115.64399999999999 94.41199999999996 37
1860.0 276.9220000000001 16 1860.0 0.0 0 -73 98.023 66.221 0
1075.0 186.54299999999998 12 1140.0 -245.0 20 -48 58.568999999999996 50.74799999999999 49
1500.0 235.0010000000001 13 1530.0 -30.0 4 -67 58.00999999999999 62.326 6
2120.0 382.18700000000007 24 2160.0 -40.0 2 -92 143.149 88.61500000000001 8
1020.0 236.0100000000001 17 1020.0 0.0 0 -65 79.26499999999999 40.589 0
1590.0 237.83900000000003 16 1590.0 0.0 0 -63 90.85699999999999 55.61099999999998 0
2540.0 402.82800000000003 19 2610.0 -70.0 5 -95 142.40200000000002 111.51099999999998 14
2535.0 322.30000000000007 17 2550.0 -45.0 15 -81 105.086 90.841 3
1920.0 296.0890000000001 19 1920.0 -320.0 8 -73 102.79500000000003 79.53999999999999 64
2155.0 307.95699999999994 18 2310.0 -155.0 20 -73 119.369 89.22799999999998 31
1140.0 225.54699999999997 19 1140.0 0.0 0 -64 84.65999999999998 41.302 0
1260.0 239.32100000000003 14 1260.0 0.0 0 -65 79.07199999999999 58.74199999999999 0
1515.0 265.71199999999993 17 1620.0 -105.0 6 -64 97.88499999999999 72.27099999999999 21
1310.0 234.28199999999995 17 1350.0 -40.0 5 -49 98.48099999999998 68.16499999999998 8
1905.0 308.98699999999997 18 2070.0 -165.0 4 -74 100.39299999999999 86.05800000000002 33
1710.0 296.94000000000005 24 1800.0 -170.0 13 -78 107.59199999999997 75.87799999999999 34
1880.0 270.71500000000003 14 2070.0 -190.0 15 -73 86.36700000000002 74.94399999999996 38
1890.0 290.91999999999996 15 1890.0 0.0 0 -77 109.67400000000004 70.92499999999998 0
1930.0 304.7369999999999 18 2130.0 -230.0 30 -69 115.97699999999999 82.01899999999998 46
2205.0 234.2350000000001 17 2310.0 -105.0 6 -67 83.64300000000001 67.814 21
1170.0 201.36100000000008 14 1260.0 -90.0 6 -56 63.43699999999999 51.56200000000002 18
2310.0 326.24899999999997 21 2310.0 0.0 0 -79 117.623 92.557 0
1390.0 294.31500000000005 16 1650.0 -260.0 82 -75 102.83200000000002 67.22200000000001 20
1595.0 210.98999999999995 14 1680.0 -85.0 5 -54 69.532 73.47899999999998 17
1830.0 358.7189999999999 22 1830.0 -30.0 10 -80 141.94799999999995 83.30299999999997 2
1920.0 284.56599999999986 19 1920.0 0.0 0 -79 102.62699999999998 66.99499999999999 0
1995.0 313.20199999999994 21 2070.0 -75.0 6 -84 81.47899999999998 95.42099999999996 15
1635.0 350.63999999999976 23 1800.0 -165.0 4 -92 120.80399999999999 71.928 33
1825.0 346.931 19 2100.0 -320.0 24 -76 124.14399999999999 86.979 64
1470.0 254.92900000000003 16 1470.0 0.0 0 -64 80.65799999999999 65.982 0
1755.0 306.62199999999996 15 1980.0 -225.0 11 -72 95.811 76.43599999999998 45
1590.0 256.9410000000001 14 1590.0 0.0 0 -63 94.833 64.117 0
2010.0 304.569 18 2010.0 0.0 0 -86 88.46299999999998 86.374 0
1230.0 269.6639999999999 18 1560.0 -430.0 62 -57 86.45899999999997 64.58100000000002 43
2220.0 278.53200000000015 18 2220.0 -105.0 35 -70 100.998 84.748 7
1920.0 322.45599999999996 21 1920.0 0.0 0 -71 128.943 92.44399999999999 0
1710.0 259.93800000000005 20 1710.0 0.0 0 -68 103.79099999999998 60.68 0
2380.0 383.054 22 2430.0 -50.0 6 -96 148.88999999999996 89.22399999999999 10
1525.0 235.89000000000004 13 1620.0 -95.0 6 -60 82.00200000000001 67.28599999999997 19
1650.0 302.2430000000001 20 1650.0 0.0 0 -83 96.972 66.37299999999999 0
1590.0 302.88999999999993 19 1590.0 0.0 0 -75 104.46699999999998 79.599 0
2340.0 361.48600000000005 19 2340.0 0.0 0 -87 131.38899999999998 91.37900000000002 0
1190.0 204.885 15 1230.0 -40.0 5 -52 76.49299999999998 45.745 8
1480.0 252.44400000000002 19 1650.0 -200.0 26 -60 97.88900000000002 72.65899999999998 40
1270.0 227.89599999999993 19 1500.0 -230.0 18 -67 65.18799999999999 46.21499999999999 46
1860.0 286.49599999999987 18 1860.0 0.0 0 -70 110.485 84.74099999999997 0
2400.0 318.8650000000001 22 2490.0 -90.0 7 -70 129.25900000000001 98.00499999999997 18
1980.0 328.307 20 1980.0 0.0 0 -78 131.555 69.64199999999997 0
2670.0 301.28999999999985 20 2700.0 -30.0 4 -72 117.94600000000004 108.82099999999997 6
2250.0 299.9050000000002 20 2250.0 -150.0 25 -78 98.19099999999997 83.98200000000001 15
740.0 293.046 15 1050.0 -335.0 40 -70 95.314 60.57299999999998 67
1380.0 268.632 19 1380.0 0.0 0 -73 85.877 62.82 0
1710.0 252.1100000000001 16 1710.0 0.0 0 -64 89.691 75.70199999999998 0
1350.0 264.16499999999996 19 1350.0 0.0 0 -70 83.29699999999998 58.26799999999999 0
1380.0 229.5420000000001 16 1380.0 0.0 0 -64 77.62099999999997 50.907999999999994 0
1560.0 231.831 20 1560.0 0.0 0 -62 77.62100000000001 60.38799999999998 0
2070.0 263.9949999999999 15 2070.0 0.0 0 -70 92.28800000000001 66.215 0
1770.0 267.24 17 1770.0 -200.0 13 -61 104.94100000000003 70.85499999999998 40
2295.0 301.615 20 2400.0 -105.0 6 -67 129.28 89.35699999999999 21
1565.0 362.0039999999998 20 1740.0 -175.0 5 -86 119.97599999999996 74.338 35
2415.0 285.5039999999999 16 2430.0 -15.0 2 -69 98.651 93.70299999999997 3
1350.0 259.612 19 1350.0 0.0 0 -64 107.85899999999998 50.977 0
1020.0 252.079 15 1290.0 -300.0 35 -67 92.043 43.09699999999999 60
1920.0 260.52 15 1920.0 0.0 0 -72 79.43099999999998 72.84099999999998 0
1080.0 241.34400000000008 14 1140.0 -60.0 1 -74 75.68900000000001 43.46099999999999 12
1595.0 289.1429999999999 17 1650.0 -55.0 4 -78 96.17400000000002 58.337 11
2040.0 275.096 20 2070.0 -30.0 4 -69 94.42899999999997 88.27899999999997 6
2160.0 316.1620000000001 20 2160.0 -100.0 6 -62 130.285 103.55099999999997 20
1890.0 261.0870000000001 16 1890.0 0.0 0 -76 69.935 70.95899999999997 0
1830.0 238.23300000000006 14 1830.0 0.0 0 -71 66.15099999999998 62.861000000000004 0
1980.0 266.07200000000006 17 1980.0 0.0 0 -70 91.11599999999999 73.89599999999999 0
1330.0 217.891 12 1380.0 -50.0 6 -55 67.392 53.006 10
2350.0 421.3709999999999 20 2430.0 -80.0 8 -94 154.777 101.63099999999996 16
1890.0 263.994 17 1890.0 0.0 0 -70 99.23399999999998 71.97299999999998 0
1395.0 263.544 15 1680.0 -285.0 10 -64 88.185 63.57200000000001 57
1080.0 240.88400000000001 16 1080.0 0.0 0 -63 79.21699999999998 43.891000000000005 0
1335.0 295.26099999999997 16 1500.0 -165.0 13 -63 108.02200000000002 62.08399999999999 33
1700.0 288.321 21 1740.0 -40.0 2 -74 94.016 68.07999999999998 8
1270.0 296.6749999999999 18 1350.0 -80.0 6 -72 85.56699999999998 55.677 16
1800.0 333.6880000000001 20 1800.0 -120.0 16 -79 147.03600000000003 65.43599999999999 24
1350.0 220.00900000000001 15 1410.0 -60.0 6 -70 56.89399999999999 49.278999999999996 12
1185.0 257.168 18 1380.0 -240.0 68 -65 93.15199999999999 58.78499999999999 22
1590.0 272.14799999999997 15 1590.0 -105.0 35 -74 77.201 67.46600000000001 7
1145.0 232.68800000000016 14 1410.0 -290.0 33 -61 81.64200000000002 54.93499999999998 58
1200.0 188.751 14 1200.0 -160.0 21 -49 73.44899999999998 45.66599999999999 32
1920.0 347.0289999999999 25 1920.0 0.0 0 -79 137.034 77.38699999999999 0
1475.0 276.974 22 1530.0 -55.0 7 -78 95.653 55.63299999999999 11
955.0 339.383 17 1020.0 -65.0 4 -76 120.54799999999999 49.282000000000004 13
1530.0 265.599 17 1650.0 -170.0 22 -77 91.15599999999999 59.36199999999998 34
1950.0 333.8649999999998 18 1950.0 0.0 0 -82 126.22999999999998 78.36199999999998 0
1515.0 267.3959999999999 16 1590.0 -75.0 6 -69 86.25299999999999 56.818 15
2485.0 346.03200000000015 15 2670.0 -185.0 9 -90 87.215 90.09000000000005 35
1110.0 293.66999999999985 19 1110.0 0.0 0 -72 111.89399999999999 53.68799999999999 0
2490.0 273.012 14 2490.0 0.0 0 -65 99.21800000000003 87.904 0
1980.0 260.533 18 1980.0 0.0 0 -71 103.698 61.708999999999975 0
2010.0 216.89199999999997 16 2010.0 0.0 0 -52 85.67699999999996 78.07699999999998 0
2370.0 306.799 18 2370.0 0.0 0 -69 128.263 92.17999999999994 0
1155.0 326.28099999999984 19 1650.0 -595.0 73 -67 131.052 63.55499999999997 79
2400.0 344.6749999999999 20 2460.0 -60.0 8 -98 117.53200000000002 72.17199999999998 12
2370.0 278.09899999999993 20 2370.0 0.0 0 -75 101.724 78.03499999999998 0
1650.0 244.60700000000003 17 1650.0 0.0 0 -63 100.272 50.67299999999999 0
1740.0 336.92500000000007 19 1740.0 0.0 0 -84 111.54500000000002 74.38800000000002 0
1710.0 306.10499999999996 16 1710.0 0.0 0 -79 114.14800000000002 66.89899999999997 0
2040.0 211.63699999999994 13 2040.0 0.0 0 -52 84.90299999999999 67.168 0
1705.0 243.75500000000002 13 1830.0 -125.0 8 -67 79.25900000000001 63.47499999999999 25
1800.0 283.5889999999999 20 1800.0 0.0 0 -79 98.59799999999998 69.812 0
1380.0 212.21000000000004 16 1380.0 0.0 0 -60 67.00799999999998 47.96699999999999 0
1500.0 297.6419999999999 19 1500.0 0.0 0 -71 125.12699999999998 57.57499999999998 0
2070.0 353.8240000000001 22 2070.0 0.0 0 -85 140.82200000000003 92.00699999999995 0
1890.0 282.83499999999987 18 1890.0 0.0 0 -68 120.36699999999999 75.22399999999999 0
1715.0 240.68200000000004 18 1800.0 -85.0 9 -67 76.708 67.00799999999998 17
1650.0 337.84999999999997 19 1770.0 -225.0 75 -85 111.768 69.323 15
1735.0 283.35100000000006 16 1890.0 -155.0 20 -72 98.64100000000003 72.12800000000001 31
1825.0 277.489 18 1890.0 -65.0 1 -70 106.51599999999999 70.75299999999999 13
2070.0 306.265 13 2070.0 0.0 0 -74 105.34800000000006 88.695 0
1380.0 288.5469999999999 18 1380.0 0.0 0 -70 117.121 51.92799999999998 0
2790.0 308.54299999999995 19 2790.0 0.0 0 -79 107.27299999999998 100.96200000000002 0
1570.0 264.851 15 1710.0 -140.0 6 -67 99.46800000000002 60.88199999999999 28
2040.0 285.04599999999994 17 2040.0 0.0 0 -66 117.427 85.01499999999996 0
1830.0 295.6380000000001 15 1830.0 0.0 0 -74 101.97899999999997 74.04300000000002 0
1620.0 230.44299999999993 16 1620.0 0.0 0 -48 109.117 64.69099999999999 0
1060.0 243.56500000000008 13 1290.0 -275.0 22 -51 95.65399999999998 58.597999999999985 55
1740.0 290.868 16 1920.0 -180.0 24 -71 107.632 76.77599999999998 36
1500.0 253.15300000000002 17 1500.0 0.0 0 -66 89.30800000000002 68.36599999999997 0
2265.0 329.89599999999996 18 2460.0 -195.0 13 -72 126.48699999999997 93.51500000000001 39
1350.0 270.7670000000001 21 1530.0 -240.0 33 -77 81.73399999999998 59.129999999999995 48
1990.0 315.101 15 2040.0 -50.0 3 -73 117.94600000000001 82.92699999999998 10
2070.0 312.4249999999999 21 2070.0 0.0 0 -87 104.57199999999997 85.39999999999999 0
1085.0 197.46900000000002 18 1170.0 -120.0 15 -58 63.583999999999996 40.77900000000001 24
1595.0 326.111 21 1620.0 -25.0 1 -87 115.93499999999999 67.41199999999999 5
2130.0 293.5109999999999 19 2130.0 0.0 0 -83 81.676 84.13900000000002 0
2145.0 247.70500000000007 18 2160.0 -105.0 14 -56 103.23900000000002 79.05699999999999 21
1650.0 300.13499999999993 19 1650.0 0.0 0 -73 119.55299999999995 54.80500000000002 0
1680.0 256.27500000000003 21 1680.0 0.0 0 -67 90.14799999999998 66.546 0
1385.0 216.397 20 1470.0 -155.0 20 -58 68.511 60.933 31
1980.0 241.21699999999998 18 1980.0 0.0 0 -68 72.57499999999999 83.49999999999997 0
1685.0 302.304 25 1740.0 -55.0 7 -82 106.21100000000001 67.858 11
1545.0 345.6449999999999 22 1710.0 -195.0 14 -89 127.01199999999997 58.717 35
1935.0 268.048 19 1950.0 -15.0 2 -69 99.36399999999999 82.50999999999999 3
1215.0 245.163 17 1470.0 -325.0 25 -66 82.82900000000001 47.897 65
1920.0 294.27399999999994 18 1920.0 -60.0 8 -80 98.16300000000003 70.16899999999997 12
2310.0 340.2079999999999 21 2310.0 0.0 0 -86 110.06899999999996 96.938 0
1770.0 300.7679999999999 21 1770.0 0.0 0 -77 91.26899999999999 76.31599999999999 0
2430.0 265.13800000000003 16 2430.0 -180.0 12 -54 108.90100000000004 98.985 36
2700.0 358.74499999999995 19 2700.0 0.0 0 -87 131.61800000000005 107.16199999999998 0
2415.0 349.6059999999998 19 2430.0 -15.0 2 -80 126.157 100.30800000000005 3
2370.0 288.02799999999996 21 2370.0 0.0 0 -70 106.55699999999999 94.56199999999998 0
2340.0 305.629 19 2340.0 0.0 0 -93 91.35500000000002 76.31399999999998 0
2100.0 313.623 13 2160.0 -185.0 12 -85 112.849 73.237 37
1460.0 259.65599999999995 16 1470.0 -10.0 1 -72 75.63099999999997 65.73499999999999 2
1695.0 273.73600000000005 16 1860.0 -200.0 26 -69 100.986 64.174 40
1905.0 338.859 21 1920.0 -15.0 2 -79 136.93999999999997 80.68899999999996 3
2020.0 279.65200000000004 20 2190.0 -170.0 14 -69 102.11699999999998 82.54399999999997 34
2160.0 332.65400000000005 26 2160.0 0.0 0 -88 116.1 91.79799999999999 0
1725.0 291.9429999999999 19 1740.0 -15.0 2 -79 96.20800000000001 73.53499999999998 3
1500.0 267.46600000000007 15 1500.0 0.0 0 -77 91.54800000000002 50.623000000000005 0
2730.0 341.089 18 2760.0 -30.0 7 -91 109.63199999999999 96.77099999999997 4
1660.0 269.2520000000001 13 2010.0 -350.0 28 -74 74.94100000000002 84.84299999999998 70
1290.0 245.36500000000012 15 1290.0 0.0 0 -69 77.94599999999998 50.608999999999995 0
1785.0 311.8999999999999 22 1800.0 -45.0 11 -80 97.07499999999999 75.06800000000001 5
1710.0 254.10999999999996 17 1710.0 0.0 0 -71 87.881 59.64300000000001 0
2160.0 310.8280000000001 14 2160.0 0.0 0 -75 109.34000000000003 91.75500000000001 0
1435.0 262.5060000000001 18 1530.0 -95.0 6 -60 105.36200000000001 71.53099999999998 19
1200.0 191.22899999999993 17 1200.0 -120.0 16 -50 72.71199999999997 44.68500000000001 24
1325.0 257.24500000000006 16 1410.0 -165.0 13 -69 98.36999999999998 44.74899999999999 33
1275.0 260.03700000000003 15 1470.0 -420.0 38 -66 87.98700000000001 51.00399999999999 84
1500.0 210.25700000000012 12 1500.0 0.0 0 -48 87.98600000000003 57.44899999999998 0
2460.0 302.41499999999996 16 2460.0 -210.0 13 -64 118.38799999999999 103.15499999999997 42
2040.0 384.93999999999977 29 2040.0 0.0 0 -88 157.76399999999992 88.25099999999998 0
2340.0 355.24900000000014 21 2340.0 0.0 0 -92 119.11200000000002 93.528 0
2220.0 260.955 17 2220.0 0.0 0 -62 96.129 84.10799999999998 0
2280.0 340.8380000000001 17 2280.0 0.0 0 -79 136.97000000000006 90.05899999999997 0
1660.0 241.89800000000002 19 1740.0 -155.0 12 -64 81.497 59.858000000000004 31
1920.0 281.0390000000001 22 1920.0 0.0 0 -79 77.709 73.46399999999998 0
1670.0 262.46799999999996 18 1680.0 -10.0 1 -66 97.14800000000001 62.46599999999999 2
1050.0 193.07300000000006 15 1050.0 0.0 0 -53 75.62499999999997 40.215 0
1590.0 369.269 22 1590.0 0.0 0 -94 124.886 64.081 0
905.0 202.8129999999999 16 1290.0 -410.0 34 -49 65.09699999999998 51.148999999999994 82
1470.0 223.5569999999999 19 1500.0 -30.0 4 -57 84.773 56.30700000000001 6
1550.0 276.0679999999999 14 1710.0 -290.0 23 -63 89.42099999999999 66.71300000000001 58
1120.0 245.31300000000005 14 1320.0 -260.0 34 -62 87.70599999999999 54.54899999999999 52
2160.0 302.94300000000004 22 2160.0 0.0 0 -77 107.01199999999999 92.06200000000001 0
1440.0 330.628 13 1470.0 -30.0 2 -72 126.30800000000002 65.57499999999997 6
1800.0 272.8059999999999 23 1800.0 0.0 0 -72 95.85399999999997 72.73099999999998 0
1440.0 264.068 19 1440.0 0.0 0 -66 99.67899999999997 68.931 0
2040.0 316.993 17 2130.0 -190.0 15 -73 119.10900000000002 86.631 38
1260.0 296.4699999999999 15 1620.0 -380.0 63 -74 86.32300000000001 71.53899999999999 38
2550.0 397.77899999999994 18 2550.0 0.0 0 -93 147.58000000000004 95.60200000000003 0
1655.0 311.34099999999995 18 1830.0 -175.0 21 -74 106.835 86.886 35
1230.0 268.095 15 1230.0 0.0 0 -64 97.142 57.32099999999999 0
1610.0 310.74499999999995 15 1680.0 -310.0 49 -74 115.43599999999999 64.36899999999997 38
1760.0 308.1510000000002 16 1860.0 -190.0 15 -77 114.38599999999998 77.21099999999998 38
2070.0 304.02500000000003 20 2070.0 0.0 0 -80 123.36899999999999 66.60999999999999 0
2910.0 350.97 20 2910.0 0.0 0 -84 140.066 108.42299999999994 0
1890.0 245.74399999999994 18 1890.0 -145.0 7 -67 81.74100000000001 78.54799999999997 29
1515.0 331.8769999999997 17 1680.0 -165.0 4 -79 119.29500000000002 72.987 33
2075.0 306.367 19 2370.0 -355.0 28 -69 113.53699999999999 94.70700000000004 71
2520.0 275.695 18 2520.0 0.0 0 -72 93.68700000000001 89.884 0
1940.0 256.64 17 2130.0 -265.0 17 -56 110.08600000000001 76.732 53
1890.0 261.03200000000004 18 1890.0 -105.0 6 -63 99.175 77.72099999999998 21
1660.0 277.8179999999999 18 1770.0 -110.0 14 -75 98.82699999999998 70.67399999999999 22
1920.0 273.20400000000006 11 1980.0 -60.0 4 -70 69.385 78.57099999999997 12
2580.0 304.88699999999994 17 2640.0 -60.0 8 -77 107.03100000000002 93.21799999999998 12
2130.0 300.22799999999995 25 2130.0 0.0 0 -74 124.76100000000001 80.73299999999998 0
1920.0 297.827 18 1920.0 0.0 0 -70 119.30199999999999 75.74799999999998 0
1680.0 229.46600000000007 16 1680.0 0.0 0 -59 87.58800000000002 67.65999999999997 0
1530.0 272.41499999999996 18 1590.0 -60.0 11 -65 88.331 67.33500000000001 10
1530.0 283.3279999999999 15 1530.0 0.0 0 -71 95.41499999999998 68.17299999999999 0
1560.0 232.17799999999994 18 1590.0 -30.0 4 -68 80.22699999999998 58.38799999999999 6
1695.0 349.74999999999994 20 1710.0 -15.0 5 -86 120.245 74.908 1
945.0 183.90400000000002 14 960.0 -15.0 2 -55 53.44200000000001 39.608999999999995 3
1890.0 245.068 17 1890.0 0.0 0 -69 69.89999999999999 75.55899999999998 0
1620.0 277.84599999999983 20 1620.0 0.0 0 -69 98.94699999999999 69.84799999999998 0
2130.0 360.49299999999994 22 2190.0 -160.0 16 -88 139.42699999999996 79.69 32
1810.0 258.749 19 1830.0 -20.0 1 -72 86.86199999999998 67.70299999999997 4
1555.0 250.927 18 1650.0 -135.0 17 -63 97.13699999999997 62.510000000000005 27
1620.0 276.2509999999999 18 1620.0 0.0 0 -77 84.14899999999997 70.64000000000001 0
1720.0 308.59099999999995 21 1800.0 -80.0 5 -86 98.92899999999996 62.96399999999999 16
2160.0 285.34400000000016 15 2160.0 0.0 0 -70 109.04300000000003 76.777 0
2070.0 285.541 12 2070.0 0.0 0 -74 83.70100000000001 85.00099999999998 0
1665.0 265.034 16 1830.0 -165.0 4 -66 82.73599999999999 75.46300000000001 33
1470.0 276.948 17 1470.0 0.0 0 -74 90.837 61.53699999999999 0
1710.0 250.91800000000003 20 1710.0 0.0 0 -67 89.85299999999998 55.935 0
1500.0 252.10699999999997 15 1650.0 -185.0 23 -59 83.622 57.01499999999999 37
1920.0 316.68500000000006 20 1920.0 -15.0 5 -82 116.749 71.78999999999996 1
1985.0 299.061 19 2040.0 -55.0 7 -76 105.41999999999996 72.63699999999999 11
1740.0 263.8399999999999 22 1740.0 0.0 0 -68 101.39999999999998 68.215 0
2325.0 308.25000000000006 20 2370.0 -45.0 2 -86 112.86500000000002 72.19000000000001 9
2340.0 328.17000000000013 17 2340.0 0.0 0 -85 110.20900000000005 92.69099999999997 0
2040.0 320.722 16 2040.0 -100.0 13 -63 125.05400000000006 92.43199999999992 20
1960.0 283.9389999999999 18 2130.0 -170.0 14 -70 97.08499999999998 90.90799999999997 34
1530.0 258.27699999999993 22 1530.0 -30.0 10 -67 96.52 64.45100000000001 2
940.0 223.51000000000002 15 1020.0 -80.0 5 -58 75.89799999999998 33.520999999999994 16
1275.0 272.466 19 1380.0 -180.0 60 -80 98.22199999999997 48.812999999999995 12
2160.0 276.5949999999999 19 2160.0 0.0 0 -67 105.67799999999998 81.66999999999996 0
955.0 206.29999999999998 14 1110.0 -155.0 13 -54 70.01299999999998 43.39399999999999 31
1295.0 300.85999999999984 22 1560.0 -265.0 7 -75 96.816 60.78599999999998 53
1920.0 231.14000000000007 17 1920.0 0.0 0 -60 86.74199999999998 67.00399999999998 0
2325.0 281.93600000000015 23 2580.0 -255.0 85 -86 70.06399999999998 99.44400000000002 17
1290.0 276.89700000000005 14 1290.0 0.0 0 -71 101.27300000000001 53.08100000000001 0
1110.0 205.35100000000006 12 1110.0 0.0 0 -58 62.89299999999999 49.249 0
1435.0 263.03599999999994 17 1500.0 -65.0 4 -68 87.93299999999999 66.261 13
2100.0 303.12 17 2100.0 0.0 0 -77 96.21900000000002 87.06400000000004 0
1710.0 268.88700000000006 20 1710.0 0.0 0 -73 98.03199999999998 57.99599999999999 0
1240.0 300.429 18 1380.0 -140.0 9 -84 101.05000000000001 53.00399999999999 28
1830.0 252.29999999999998 15 1860.0 -30.0 4 -63 93.833 70.23499999999997 6
2310.0 308.50199999999984 19 2310.0 -30.0 10 -80 118.806 75.74099999999999 2
1350.0 228.04700000000003 19 1350.0 0.0 0 -61 76.60900000000001 53.722999999999985 0
1680.0 260.808 21 1680.0 -225.0 30 -56 110.36500000000001 76.20899999999999 45
2070.0 282.96299999999997 10 2070.0 0.0 0 -65 113.28200000000004 87.60300000000001 0
1470.0 261.33400000000006 11 1470.0 0.0 0 -66 88.01299999999999 60.316999999999986 0
1680.0 275.99499999999995 17 1680.0 0.0 0 -78 87.35299999999998 64.25099999999998 0
1265.0 257.899 20 1320.0 -105.0 13 -73 66.165 61.91599999999999 21
1720.0 288.9510000000001 20 2010.0 -315.0 42 -66 116.211 78.43299999999998 63
2135.0 365.062 20 2490.0 -355.0 24 -85 107.64199999999998 88.32900000000004 71
1705.0 246.90400000000008 12 1800.0 -95.0 7 -72 69.87800000000001 62.21899999999999 19
1290.0 226.31900000000005 17 1290.0 0.0 0 -59 87.169 41.223 0
1950.0 272.6219999999999 16 1950.0 -30.0 10 -70 84.824 77.49300000000002 2
1560.0 234.99700000000004 15 1560.0 0.0 0 -70 73.66699999999999 47.757999999999996 0
1050.0 222.02099999999993 16 1050.0 0.0 0 -67 60.210999999999984 47.55699999999999 0
780.0 237.51599999999993 14 1080.0 -390.0 32 -56 71.84599999999999 61.443999999999974 78
1245.0 224.44 11 1410.0 -165.0 4 -57 71.331 55.27200000000002 33
795.0 229.68800000000005 14 960.0 -165.0 4 -66 63.66 39.223 33
1830.0 274.77199999999993 18 1830.0 -180.0 15 -71 94.68999999999998 65.46199999999999 36
1695.0 343.6479999999999 21 1710.0 -15.0 2 -80 139.88800000000003 72.61699999999999 3
1235.0 263.3240000000001 14 1470.0 -300.0 23 -64 97.83700000000002 57.26399999999999 60
2580.0 355.1600000000001 19 2730.0 -240.0 40 -84 116.08399999999996 110.81599999999997 24
1230.0 235.656 19 1320.0 -260.0 17 -60 97.219 53.36499999999999 52
1870.0 238.56900000000007 17 1950.0 -80.0 10 -51 94.93700000000001 76.69399999999997 16
1850.0 247.4840000000001 12 2070.0 -220.0 14 -65 76.63000000000002 73.42000000000002 44
1740.0 300.737 24 1740.0 0.0 0 -72 123.704 73.59799999999998 0
1485.0 213.69200000000006 16 1620.0 -170.0 22 -59 67.03899999999999 49.455 34
2610.0 322.4089999999999 18 2610.0 0.0 0 -81 123.63299999999997 103.25999999999999 0
1800.0 341.42699999999996 16 1800.0 0.0 0 -82 127.36100000000005 76.49999999999997 0
2045.0 369.4360000000001 17 2160.0 -165.0 21 -83 157.95400000000004 81.75199999999998 33
1740.0 311.51500000000004 16 1740.0 0.0 0 -83 108.731 63.38100000000001 0
1950.0 277.8429999999999 18 1950.0 0.0 0 -74 108.43 76.47399999999998 0
2120.0 303.54900000000004 22 2160.0 -145.0 7 -77 83.667 90.13 29
1605.0 259.573 10 1650.0 -45.0 2 -61 98.36100000000003 64.89699999999999 9
1200.0 234.099 17 1200.0 0.0 0 -60 89.03 43.75999999999999 0
2390.0 363.965 20 2520.0 -130.0 12 -97 115.52700000000003 91.32599999999996 26
2910.0 355.235 24 2910.0 0.0 0 -83 150.50400000000002 114.06899999999997 0
1605.0 234.53300000000004 14 1860.0 -255.0 17 -55 85.42800000000001 82.89699999999996 51
1525.0 269.892 14 1680.0 -190.0 19 -57 92.933 66.293 38
2190.0 373.28999999999996 25 2190.0 0.0 0 -90 155.79399999999998 84.96799999999998 0
2085.0 340.9399999999999 18 2250.0 -165.0 4 -80 128.58400000000003 90.54799999999996 33
1170.0 248.97099999999998 20 1170.0 0.0 0 -63 106.36399999999999 48.718999999999994 0
1010.0 227.88700000000003 15 1050.0 -40.0 5 -65 75.10900000000001 38.041 8
2030.0 237.66499999999994 18 2130.0 -100.0 8 -65 88.97399999999999 71.08899999999998 20
1365.0 242.86499999999998 17 1500.0 -205.0 26 -65 76.732 55.63099999999998 41
1590.0 259.432 20 1590.0 0.0 0 -81 88.16499999999999 57.477 0
1950.0 272.70300000000003 12 1950.0 -30.0 10 -83 74.89600000000002 59.10300000000001 2
2205.0 405.8939999999999 22 2250.0 -45.0 15 -93 154.66899999999998 80.649 3
2250.0 348.5669999999999 20 2250.0 0.0 0 -78 133.43299999999996 102.02299999999998 0
1710.0 226.338 18 1710.0 0.0 0 -56 89.02399999999997 63.14199999999998 0
1650.0 295.24099999999993 16 1650.0 0.0 0 -81 98.88300000000001 71.68499999999999 0
1980.0 308.7300000000001 20 1980.0 0.0 0 -75 127.99899999999997 71.56099999999999 0
1530.0 284.16499999999996 17 1590.0 -60.0 7 -67 104.083 70.60899999999998 12
2325.0 280.2 23 2370.0 -45.0 6 -85 84.698 82.846 9
1380.0 221.69400000000005 18 1380.0 0.0 0 -56 81.96 50.44999999999999 0
1545.0 263.8260000000001 13 1710.0 -165.0 4 -64 86.99800000000002 67.74299999999998 33
1980.0 307.63099999999986 18 2160.0 -180.0 15 -77 104.86800000000001 83.622 36
1665.0 259.41 15 1740.0 -75.0 5 -68 87.12800000000004 63.258999999999965 15
1445.0 254.5609999999999 11 1740.0 -295.0 18 -68 76.71999999999996 60.63699999999997 59
