3685.0 566.3720000000002 19 4470.0 -785.0 115 -94 198.58900000000003 190.99599999999992 78
2810.0 362.5199999999999 15 3090.0 -280.0 58 -58 145.49800000000002 144.292 28
5080.0 648.4759999999999 19 5640.0 -740.0 130 -103 260.58299999999997 255.23699999999997 74
3840.0 525.7770000000002 12 4710.0 -910.0 110 -89 161.55299999999997 189.99299999999997 91
3770.0 538.6450000000002 17 4470.0 -720.0 103 -88 205.243 206.75999999999996 72
4130.0 486.74300000000005 19 4470.0 -340.0 70 -90 214.309 174.39900000000003 34
4375.0 519.4229999999998 21 4860.0 -485.0 108 -94 155.83299999999994 209.62400000000002 46
3710.0 403.34900000000005 19 4170.0 -660.0 114 -66 180.937 169.33899999999994 52
2760.0 394.4599999999999 14 3600.0 -915.0 127 -75 142.24699999999999 128.833 80
6050.0 638.1520000000002 21 6540.0 -490.0 76 -96 302.37600000000003 255.6069999999999 35
1900.0 326.85999999999984 15 2430.0 -620.0 98 -49 122.61799999999997 109.755 62
5490.0 573.9349999999998 20 5880.0 -390.0 80 -100 238.9629999999999 246.00499999999994 39
3020.0 420.03999999999996 16 3600.0 -580.0 98 -75 181.99 124.40099999999995 58
4910.0 613.9290000000001 23 5340.0 -430.0 76 -96 264.36 237.33499999999998 43
3930.0 496.97899999999976 17 4320.0 -390.0 76 -78 194.14399999999995 186.41599999999994 39
3970.0 526.011 18 4470.0 -500.0 89 -99 185.07500000000002 179.22299999999998 50
5180.0 558.6980000000001 17 5880.0 -750.0 111 -89 229.752 219.45 75
5145.0 662.8359999999999 20 5730.0 -585.0 91 -113 252.66799999999995 234.98199999999997 44
2360.0 359.365 14 2730.0 -370.0 76 -55 149.09400000000002 111.80499999999999 37
4210.0 504.96199999999976 19 4740.0 -530.0 101 -94 189.91299999999998 174.371 53
4020.0 344.005 13 4380.0 -360.0 74 -69 139.53599999999994 118.18999999999998 36
4610.0 636.7860000000001 22 5400.0 -790.0 121 -109 230.43499999999997 250.26699999999997 79
4890.0 582.5430000000001 19 5340.0 -490.0 88 -102 243.68700000000007 238.00699999999992 39
4930.0 569.1510000000002 20 5370.0 -440.0 80 -90 232.52499999999998 238.31900000000007 44
3830.0 510.803 21 4260.0 -570.0 110 -74 206.97899999999993 189.545 57
4890.0 704.9979999999998 21 5460.0 -570.0 106 -116 254.578 257.482 57
2425.0 579.55 10 4080.0 -1715.0 119 -67 130.307 174.06399999999996 303
4620.0 488.0249999999999 19 5010.0 -420.0 86 -86 215.57299999999992 205.06 42
3370.0 371.90500000000003 15 3720.0 -350.0 69 -67 157.53699999999998 153.724 35
2370.0 542.1329999999999 15 3420.0 -1050.0 97 -73 158.32999999999998 157.35499999999996 105
3240.0 625.9379999999999 19 4230.0 -1010.0 119 -105 211.892 189.47199999999998 97
4210.0 455.999 18 4560.0 -350.0 72 -72 197.12799999999996 186.58599999999996 35
2900.0 420.444 17 3510.0 -660.0 92 -68 144.07999999999998 152.58499999999998 59
3815.0 544.9689999999999 21 4230.0 -415.0 73 -96 219.38799999999995 188.673 40
5280.0 685.95 18 5910.0 -630.0 106 -108 276.39099999999996 265.294 61
3760.0 521.7389999999998 22 4200.0 -620.0 123 -72 234.10299999999998 193.065 62
4330.0 504.731 19 4770.0 -440.0 84 -81 208.84599999999998 189.362 43
3220.0 333.6930000000001 17 3540.0 -320.0 66 -63 125.27999999999997 159.208 32
6190.0 508.46199999999993 18 6630.0 -440.0 80 -88 201.61499999999992 258.3989999999999 44
5040.0 524.3969999999998 18 5400.0 -360.0 74 -78 242.49599999999992 202.31199999999995 36
3615.0 541.6829999999995 19 4650.0 -1075.0 122 -93 173.08699999999996 211.1969999999999 107
4530.0 439.5330000000001 16 5070.0 -540.0 96 -85 155.284 184.13999999999996 53
2940.0 518.463 16 3630.0 -690.0 82 -99 193.40199999999996 158.52799999999993 60
4180.0 513.699 19 4890.0 -710.0 107 -82 212.777 194.42 71
4385.0 542.471 19 4920.0 -575.0 114 -97 181.5 231.45399999999992 55
5475.0 592.6529999999999 23 6060.0 -585.0 98 -100 249.11299999999994 252.47499999999994 43
4140.0 725.5779999999999 17 4740.0 -690.0 103 -88 224.7549999999999 219.25399999999996 54
4640.0 545.361 17 5040.0 -400.0 77 -90 226.99599999999995 210.395 40
3230.0 503.3620000000001 19 3810.0 -820.0 113 -70 229.49099999999999 172.11999999999995 82
4190.0 634.0659999999998 21 4800.0 -630.0 125 -113 217.34199999999998 201.43499999999997 63
3470.0 592.1310000000001 19 4050.0 -620.0 120 -108 200.31599999999997 188.40599999999998 62
3590.0 385.32899999999984 17 3960.0 -870.0 119 -59 167.87999999999997 178.433 86
3400.0 526.645 16 3810.0 -590.0 100 -80 192.45499999999996 180.14299999999994 59
3990.0 372.0150000000001 16 4410.0 -420.0 83 -76 140.051 144.261 40
3540.0 446.1710000000001 17 3960.0 -420.0 70 -78 191.03199999999998 173.41300000000004 28
3720.0 546.3319999999999 18 4440.0 -720.0 110 -88 216.69499999999994 199.67599999999993 72
4590.0 554.926 22 4860.0 -270.0 56 -74 282.84099999999995 225.54099999999997 27
2950.0 361.76400000000007 15 3300.0 -350.0 72 -66 139.649 135.628 35
3690.0 443.572 17 4200.0 -570.0 93 -78 162.54799999999997 184.45499999999996 57
3720.0 461.62499999999994 18 4140.0 -420.0 81 -90 162.443 171.33299999999997 42
2960.0 774.5669999999994 14 3630.0 -670.0 99 -95 161.658 167.493 67
3490.0 419.224 18 3900.0 -410.0 76 -73 168.42699999999996 170.158 41
1900.0 1091.0900000000006 11 3030.0 -1130.0 81 -72 129.15099999999995 143.01899999999998 113
4370.0 543.1200000000002 22 4890.0 -610.0 104 -90 231.85799999999995 228.007 61
4190.0 461.8809999999999 18 4620.0 -430.0 88 -82 195.17199999999997 196.10099999999997 43
4350.0 498.41099999999994 19 4710.0 -360.0 74 -93 179.07099999999994 207.89200000000005 36
2450.0 769.9300000000003 19 3300.0 -940.0 113 -69 144.426 159.427 94
3800.0 497.715 19 4260.0 -460.0 81 -67 238.95900000000006 198.56799999999998 46
2880.0 473.86899999999997 16 3330.0 -600.0 103 -76 166.149 153.68900000000002 58
5140.0 515.221 15 5610.0 -470.0 82 -99 211.83499999999998 212.42099999999996 47
4480.0 531.0790000000001 19 4950.0 -470.0 82 -72 251.811 215.2229999999999 47
4390.0 525.0620000000001 19 4920.0 -550.0 112 -95 197.50599999999997 207.789 55
4085.0 576.8050000000001 18 4800.0 -765.0 112 -89 225.11399999999998 194.26399999999998 67
4590.0 600.751 19 5160.0 -570.0 109 -101 213.423 229.63899999999992 57
5000.0 653.0670000000002 17 5700.0 -750.0 113 -87 245.296 230.49499999999995 74
5385.0 647.1559999999997 22 5850.0 -465.0 78 -101 276.69399999999996 264.378 32
3800.0 459.66699999999986 19 4200.0 -400.0 82 -84 171.438 171.05399999999997 40
3810.0 444.4279999999998 15 4170.0 -360.0 74 -65 187.53699999999995 191.34500000000003 36
5320.0 619.5230000000001 22 5670.0 -350.0 72 -96 276.15799999999996 240.62699999999992 35
3860.0 548.5179999999998 17 4440.0 -600.0 124 -90 230.44799999999998 201.4569999999999 60
4550.0 666.7959999999999 21 4950.0 -490.0 90 -102 270.61199999999997 228.28399999999993 49
4040.0 585.522 18 4470.0 -430.0 88 -97 225.29899999999995 204.16599999999997 43
3990.0 464.56699999999995 21 4320.0 -330.0 68 -67 221.86499999999992 194.05799999999996 33
4440.0 549.07 19 5040.0 -620.0 105 -85 209.523 208.36299999999997 62
4780.0 558.738 21 5280.0 -500.0 80 -89 255.35099999999989 230.14999999999992 34
4100.0 561.3159999999999 14 4620.0 -520.0 87 -95 180.037 202.46099999999996 52
3310.0 413.67999999999995 18 3660.0 -350.0 65 -68 174.04099999999994 176.39599999999996 34
3860.0 524.3319999999997 21 4320.0 -495.0 95 -84 229.74299999999997 181.47499999999997 57
4970.0 615.0560000000003 22 5370.0 -400.0 82 -94 303.72900000000004 215.27899999999994 40
3900.0 544.474 17 4260.0 -360.0 74 -87 210.92799999999997 183.71700000000004 36
4080.0 468.40100000000007 15 4620.0 -540.0 93 -88 181.53599999999994 155.773 54
4390.0 456.735 18 4740.0 -350.0 72 -81 190.00799999999998 184.16699999999997 35
3590.0 518.5550000000001 18 4050.0 -460.0 83 -82 212.791 171.82500000000005 46
3680.0 479.82900000000006 20 4230.0 -550.0 99 -82 201.09799999999998 185.895 55
3480.0 419.792 19 3870.0 -390.0 80 -76 172.749 156.999 39
4190.0 507.012 15 4710.0 -520.0 93 -112 119.16499999999998 202.35399999999993 52
2710.0 355.4000000000001 13 3060.0 -350.0 71 -64 129.42599999999996 140.93299999999996 35
4760.0 615.7660000000001 20 5160.0 -400.0 82 -91 311.003 216.01199999999997 40
3570.0 413.868 16 3930.0 -360.0 74 -80 139.296 158.163 36
4750.0 608.7179999999997 16 5130.0 -380.0 78 -101 229.20999999999998 238.60699999999994 38
4000.0 491.1539999999999 19 4440.0 -580.0 83 -79 212.62699999999995 197.873 58
3950.0 536.5539999999999 20 4350.0 -470.0 79 -74 233.56000000000003 203.92799999999997 47
4840.0 497.69 20 5580.0 -740.0 97 -92 202.49799999999996 204.557 60
4640.0 675.4060000000003 17 5070.0 -430.0 88 -106 271.759 245.35399999999993 43
3965.0 532.875 21 4410.0 -445.0 90 -104 201.51900000000003 188.69099999999997 44
6640.0 575.28 16 7170.0 -590.0 121 -122 201.275 210.95399999999995 59
5060.0 578.1260000000001 17 5580.0 -590.0 93 -90 232.12099999999992 240.63000000000002 59
3340.0 514.7669999999998 18 3900.0 -620.0 92 -83 203.01599999999996 173.40499999999997 62
4215.0 500.3559999999998 17 4920.0 -720.0 125 -87 211.819 204.28 65
2960.0 467.265 15 3300.0 -340.0 70 -75 200.124 153.32799999999995 34
3800.0 478.49699999999973 15 4260.0 -460.0 78 -95 166.16699999999997 189.65199999999996 32
4650.0 659.5390000000001 22 5370.0 -760.0 123 -106 277.026 235.036 76
3470.0 500.83500000000004 19 4050.0 -630.0 95 -75 216.00199999999992 191.76699999999994 63
5150.0 636.9129999999998 17 5850.0 -750.0 153 -97 257.23800000000006 263.843 74
3420.0 444.395 20 4440.0 -1020.0 100 -85 163.06900000000002 155.32599999999994 99
3390.0 542.6479999999999 19 3930.0 -540.0 90 -68 183.29399999999995 156.25499999999994 54
2825.0 400.5849999999998 18 3270.0 -445.0 80 -65 153.78399999999993 133.84999999999997 35
5180.0 604.088 25 5670.0 -520.0 88 -90 253.43699999999995 251.78099999999998 37
5040.0 572.4639999999998 22 5400.0 -360.0 64 -75 300.80299999999994 231.03099999999998 36
4690.0 657.9339999999997 17 5610.0 -920.0 179 -119 174.45900000000003 237.73799999999994 92
4580.0 531.3590000000002 18 5040.0 -460.0 89 -93 175.71299999999997 210.25199999999992 46
4950.0 573.4640000000002 18 5430.0 -500.0 102 -91 246.79899999999995 222.1649999999999 50
3470.0 528.7630000000001 20 3900.0 -430.0 88 -83 234.50599999999997 171.60699999999997 43
3210.0 454.567 16 3570.0 -630.0 130 -71 171.63500000000002 162.048 63
4060.0 616.387 16 4800.0 -740.0 113 -106 232.255 199.20399999999998 59
2960.0 396.0239999999999 15 3300.0 -550.0 89 -69 183.53799999999998 138.422 55
4970.0 500.256 18 5370.0 -400.0 75 -93 197.88299999999998 223.98399999999995 40
4020.0 405.0669999999999 16 4410.0 -390.0 80 -73 181.522 160.387 39
3400.0 469.7449999999999 18 3750.0 -350.0 72 -78 200.26099999999997 169.572 35
5720.0 604.6550000000001 23 6210.0 -490.0 76 -92 265.989 262.103 35
3670.0 544.7249999999999 17 4290.0 -620.0 87 -104 149.08399999999997 195.97699999999995 62
4790.0 505.26500000000004 13 5100.0 -310.0 64 -88 212.08999999999995 202.11299999999991 31
3970.0 575.9290000000001 22 4350.0 -380.0 78 -96 219.214 193.52399999999997 38
3975.0 434.84200000000004 14 4350.0 -375.0 75 -80 151.17899999999995 188.50099999999995 36
3700.0 423.04499999999996 20 4110.0 -410.0 75 -64 173.403 192.01500000000004 41
2815.0 1822.6539999999977 15 4110.0 -1295.0 154 -91 171.48300000000003 158.986 129
4000.0 498.9160000000001 20 4350.0 -350.0 72 -81 213.57699999999997 187.90499999999997 35
4340.0 596.138 21 5040.0 -710.0 136 -98 224.93999999999994 227.76899999999992 71
3330.0 420.3789999999999 19 3780.0 -450.0 72 -72 167.19899999999998 164.55600000000004 31
3420.0 446.90299999999996 19 3840.0 -420.0 86 -79 170.24699999999996 153.48199999999997 42
3720.0 479.6000000000001 17 4350.0 -640.0 122 -84 172.25899999999996 194.19499999999996 63
3980.0 513.2520000000001 17 4320.0 -340.0 70 -77 236.29699999999997 200.95399999999998 34
5000.0 557.085 20 5400.0 -400.0 82 -88 294.385 192.606 40
2750.0 479.84099999999995 17 3990.0 -1330.0 108 -64 147.91999999999996 149.51999999999998 225
4740.0 459.4469999999999 13 5400.0 -720.0 107 -88 156.94299999999998 183.97799999999998 58
5100.0 496.22299999999996 21 5520.0 -420.0 70 -86 207.552 223.482 28
4450.0 657.5339999999999 20 4980.0 -530.0 108 -102 285.96299999999997 223.98499999999999 53
4060.0 509.85299999999995 23 4410.0 -350.0 72 -71 243.373 190.539 35
3210.0 426.8299999999999 17 3570.0 -360.0 74 -82 178.25599999999997 147.18699999999995 36
4265.0 561.2609999999999 16 4740.0 -530.0 88 -80 264.14399999999983 208.53899999999996 62
4660.0 597.4820000000001 17 5310.0 -650.0 92 -88 253.61399999999995 228.48599999999996 77
4640.0 708.0929999999998 20 5340.0 -710.0 127 -100 270.287 228.03299999999996 71
5050.0 584.1340000000002 19 5490.0 -440.0 81 -85 250.03199999999995 242.51099999999997 44
5720.0 609.801 18 6450.0 -850.0 129 -106 161.72900000000004 278.2569999999999 70
3960.0 508.97999999999985 20 4380.0 -420.0 86 -90 194.919 183.22700000000003 42
5080.0 567.7079999999997 21 5490.0 -410.0 77 -95 242.67600000000002 219.10199999999998 41
4190.0 508.0179999999999 16 4890.0 -780.0 123 -90 192.24599999999995 197.44499999999994 78
3710.0 466.78699999999986 15 4200.0 -490.0 84 -76 181.95099999999996 174.80299999999994 49
3120.0 459.87299999999993 13 3630.0 -510.0 91 -76 142.873 183.976 51
4680.0 544.3349999999999 22 5190.0 -510.0 86 -79 253.95700000000002 228.993 51
6410.0 376.15299999999985 13 6990.0 -625.0 102 -114 114.94999999999999 128.547 61
5200.0 589.9029999999999 22 5610.0 -410.0 83 -94 250.27399999999994 221.50499999999997 41
4650.0 537.311 20 5070.0 -420.0 86 -80 243.378 224.921 42
4470.0 473.8050000000002 18 4920.0 -450.0 79 -78 207.993 194.665 44
3000.0 379.72300000000007 16 3660.0 -700.0 94 -64 156.478 165.95499999999996 56
2770.0 464.42899999999975 12 4170.0 -1550.0 107 -57 121.55999999999997 170.63699999999997 275
4400.0 451.1939999999999 18 4740.0 -340.0 70 -81 171.89999999999998 206.17499999999995 34
4150.0 498.6420000000001 16 4530.0 -380.0 78 -103 154.70699999999997 198.10799999999998 38
3490.0 471.7710000000002 18 3930.0 -440.0 82 -74 195.55599999999998 163.68900000000002 44
4280.0 423.72399999999993 18 4620.0 -340.0 70 -74 192.53599999999997 181.916 34
3350.0 378.1049999999999 14 3690.0 -340.0 70 -56 167.54199999999997 161.99099999999999 34
3970.0 484.85400000000004 19 4560.0 -610.0 120 -74 224.86200000000008 204.334 61
3880.0 436.67699999999996 20 4410.0 -530.0 88 -66 193.07799999999997 197.05499999999995 53
3805.0 548.785 19 4230.0 -425.0 82 -91 229.625 186.104 40
4375.0 528.7470000000002 20 4740.0 -365.0 74 -90 190.99000000000004 225.579 36
3470.0 463.61999999999995 18 3900.0 -430.0 81 -80 167.73599999999993 166.506 43
3320.0 397.88299999999987 18 3870.0 -600.0 92 -65 160.61399999999995 173.33699999999996 60
4040.0 469.6979999999999 22 4440.0 -610.0 117 -75 223.21499999999995 176.88299999999998 54
4360.0 525.189 21 4740.0 -380.0 78 -85 233.61299999999997 198.54699999999997 38
4420.0 748.5819999999995 17 4950.0 -530.0 93 -113 224.05900000000003 219.416 53
4730.0 464.1859999999999 18 5130.0 -400.0 82 -91 181.611 201.60899999999995 40
5330.0 678.6410000000003 16 6270.0 -1060.0 147 -128 212.14899999999997 267.76 106
3920.0 500.90999999999997 17 4530.0 -730.0 109 -86 174.22099999999995 201.998 73
4040.0 490.706 18 4560.0 -520.0 101 -95 175.33799999999997 178.69999999999996 57
4350.0 573.2560000000001 17 4920.0 -570.0 110 -96 215.13599999999994 217.102 57
3495.0 540.6479999999999 17 4170.0 -675.0 85 -86 217.95 179.67700000000002 91
4640.0 867.8040000000001 19 5610.0 -970.0 116 -91 204.445 256.029 83
2330.0 319.123 18 2670.0 -340.0 66 -56 125.02399999999999 126.467 34
4280.0 460.24199999999996 17 4890.0 -610.0 80 -79 161.61699999999996 183.707 83
3990.0 518.7040000000001 16 4440.0 -450.0 89 -77 221.88099999999997 204.22899999999993 45
4080.0 441.90700000000004 15 4740.0 -660.0 90 -76 194.794 171.61899999999997 52
3680.0 534.506 17 4170.0 -490.0 85 -79 185.27500000000003 181.71099999999998 49
4830.0 567.765 19 5400.0 -590.0 117 -104 223.1800000000001 216.77300000000002 59
3750.0 482.496 17 4170.0 -420.0 79 -74 175.675 186.541 42
3810.0 392.88799999999986 18 4500.0 -780.0 110 -66 152.54799999999994 181.634 78
4480.0 573.037 20 4890.0 -410.0 85 -92 231.44799999999995 210.30499999999995 41
4885.0 628.225 20 5670.0 -785.0 103 -106 218.76699999999997 233.79999999999998 69
2720.0 381.78999999999996 14 3030.0 -310.0 64 -70 166.551 136.00699999999998 31
3350.0 479.84200000000016 15 3870.0 -520.0 97 -75 201.19600000000003 168.88399999999996 52
3630.0 503.37399999999997 19 4050.0 -420.0 86 -79 184.628 181.56999999999996 42
4960.0 526.822 17 5490.0 -570.0 116 -93 201.75100000000003 223.28699999999998 56
3170.0 467.08500000000004 13 3630.0 -460.0 84 -80 154.926 161.70999999999998 46
3850.0 502.58600000000007 20 4290.0 -600.0 123 -77 191.70799999999997 188.805 60
3500.0 533.6240000000001 17 4020.0 -520.0 90 -82 236.74899999999994 179.10699999999997 52
4690.0 531.93 18 5130.0 -650.0 127 -91 215.30199999999996 205.2179999999999 65
4180.0 538.3889999999999 17 4800.0 -630.0 127 -79 211.29999999999995 213.54599999999996 61
2765.0 428.8189999999999 17 3600.0 -880.0 130 -79 149.19799999999995 152.356 82
4320.0 529.544 18 4710.0 -540.0 107 -84 229.60699999999997 215.44000000000003 54
4550.0 569.6569999999998 22 5100.0 -550.0 93 -93 236.444 232.60800000000006 55
2430.0 415.12100000000004 16 2880.0 -450.0 85 -75 148.30299999999997 132.58399999999997 45
3430.0 399.03899999999993 18 3900.0 -480.0 99 -62 157.376 171.806 48
2070.0 494.5319999999998 13 3660.0 -1645.0 114 -60 135.642 152.74399999999997 291
3220.0 336.1649999999999 17 3510.0 -290.0 58 -63 135.302 134.996 28
4130.0 464.1869999999999 17 4500.0 -370.0 76 -71 218.78499999999994 184.308 37
3810.0 457.91399999999993 14 4200.0 -390.0 75 -72 204.98499999999999 172.18899999999994 39
3985.0 485.16099999999983 18 4350.0 -365.0 74 -93 192.95599999999996 171.39799999999997 36
4820.0 614.91 18 5610.0 -810.0 155 -103 215.986 237.653 79
2925.0 423.8390000000001 13 3390.0 -465.0 88 -77 129.469 153.73099999999997 45
3030.0 370.498 19 3450.0 -420.0 70 -68 164.73299999999995 139.05200000000002 28
4110.0 557.2979999999998 16 4860.0 -750.0 116 -92 201.03199999999995 213.88199999999995 75
4010.0 574.9609999999998 21 4440.0 -430.0 88 -91 221.93500000000006 200.9419999999999 43
3470.0 523.591 18 4200.0 -890.0 122 -77 204.82699999999997 178.79799999999997 89
4790.0 722.1829999999998 20 5400.0 -610.0 117 -102 329.7289999999998 252.1539999999999 61
2650.0 399.2579999999999 16 3060.0 -410.0 75 -72 154.39199999999997 133.421 41
4890.0 641.0209999999998 22 5430.0 -540.0 89 -99 285.255 239.5429999999999 40
4285.0 551.8919999999997 17 4740.0 -455.0 89 -92 212.936 209.22399999999996 43
5360.0 610.1070000000002 17 6060.0 -700.0 116 -104 237.34899999999993 251.53099999999992 70
5715.0 727.308 23 6270.0 -555.0 98 -107 318.626 291.29099999999994 54
3550.0 569.7099999999999 17 4200.0 -650.0 101 -99 193.37899999999996 181.98099999999997 65
3270.0 576.28 16 4080.0 -810.0 107 -97 195.16899999999995 172.24299999999997 81
4030.0 570.3299999999998 18 4710.0 -680.0 79 -89 241.03899999999996 195.36999999999995 68
3150.0 536.0079999999999 15 3570.0 -420.0 86 -86 199.76599999999996 150.62499999999997 42
5000.0 449.173 12 5820.0 -820.0 122 -114 147.331 138.45599999999996 82
4460.0 1202.1050000000002 20 5250.0 -790.0 96 -88 205.90999999999997 236.08699999999993 79
3340.0 511.09299999999985 16 3840.0 -500.0 95 -82 173.29199999999994 181.87399999999994 50
4170.0 470.5459999999999 18 4560.0 -390.0 80 -91 161.66399999999993 214.44299999999998 39
4130.0 515.2160000000001 18 4590.0 -460.0 80 -84 210.302 202.95 46
3980.0 455.5650000000001 19 4470.0 -565.0 93 -92 174.56599999999997 152.00699999999995 64
4555.0 559.8439999999997 21 4950.0 -545.0 110 -80 271.99999999999994 205.03499999999994 53
4820.0 483.41699999999986 14 5310.0 -490.0 94 -102 154.05299999999997 209.03599999999997 49
3840.0 395.4099999999998 13 4230.0 -390.0 80 -77 137.332 171.017 39
3145.0 416.35699999999997 20 3750.0 -625.0 108 -81 152.71599999999998 156.185 48
4980.0 540.1150000000001 22 5370.0 -390.0 81 -96 217.12999999999997 237.897 39
3140.0 382.10900000000004 15 3510.0 -470.0 96 -66 132.254 144.98999999999998 47
4130.0 482.34499999999997 18 4470.0 -340.0 70 -90 195.226 186.39599999999996 34
3950.0 518.4359999999999 19 4920.0 -1020.0 130 -70 199.08599999999998 209.1299999999999 102
5805.0 689.5669999999999 17 6570.0 -855.0 143 -103 265.13899999999995 272.147 85
4320.0 451.9559999999999 21 4770.0 -450.0 78 -73 189.28099999999998 203.74399999999997 45
3680.0 622.3909999999997 19 4260.0 -580.0 92 -79 217.49099999999993 185.11699999999996 58
4020.0 526.7569999999997 17 4440.0 -420.0 85 -97 187.285 200.415 42
4540.0 441.53199999999987 17 5010.0 -470.0 96 -90 169.514 143.81300000000002 47
3595.0 404.83700000000005 17 4080.0 -485.0 82 -75 169.606 160.586 34
3460.0 424.0129999999999 18 3990.0 -530.0 80 -72 168.77800000000002 183.09 39
4660.0 487.4499999999999 22 5010.0 -350.0 72 -86 206.57099999999997 188.96500000000003 35
4485.0 570.754 17 5040.0 -645.0 100 -111 196.89700000000002 207.17599999999996 54
4110.0 512.621 17 4530.0 -420.0 86 -79 206.72699999999998 202.733 42
5730.0 639.374 20 6390.0 -680.0 122 -101 253.86599999999999 261.78599999999994 68
2800.0 400.41999999999996 17 3180.0 -380.0 71 -63 160.17899999999997 147.89699999999996 38
5600.0 596.6770000000001 17 6030.0 -430.0 88 -104 245.06999999999996 246.71099999999996 43
5620.0 627.1159999999999 21 6000.0 -380.0 78 -88 280.8909999999999 269.104 38
3100.0 514.174 17 3660.0 -560.0 91 -82 220.57999999999998 164.27499999999995 56
5130.0 576.2259999999999 16 5490.0 -360.0 74 -96 218.08700000000002 226.38399999999996 36
3870.0 511.17099999999994 17 4560.0 -690.0 99 -80 209.16099999999992 199.59199999999996 69
4230.0 531.017 19 4680.0 -450.0 85 -95 201.831 173.73 45
4510.0 572.2449999999999 18 4980.0 -470.0 89 -110 215.44699999999995 200.09199999999998 47
4060.0 567.195 20 4530.0 -620.0 116 -88 216.70599999999996 207.33 62
3860.0 447.13600000000014 18 4410.0 -590.0 95 -67 174.81499999999997 177.24999999999994 59
3670.0 402.23299999999995 18 4020.0 -350.0 72 -65 172.89199999999997 173.882 35
2670.0 607.7959999999998 15 3540.0 -870.0 146 -90 184.40699999999998 147.89300000000003 87
1840.0 539.3329999999999 16 3450.0 -1670.0 120 -71 181.70699999999997 143.14499999999998 293
4135.0 547.7019999999998 20 4770.0 -655.0 125 -90 199.52899999999994 203.08999999999997 65
3670.0 483.8129999999999 15 4140.0 -490.0 101 -74 204.50699999999992 183.92699999999994 49
5315.0 779.383 17 6090.0 -815.0 130 -104 287.843 257.77 65
4450.0 544.1519999999999 18 4920.0 -470.0 96 -100 183.80899999999997 223.90099999999998 47
3690.0 540.5069999999998 23 4500.0 -850.0 107 -88 250.29399999999995 188.02499999999998 85
4200.0 440.089 19 4620.0 -420.0 86 -81 178.59899999999996 168.11399999999992 42
3630.0 480.70099999999996 16 3990.0 -360.0 74 -67 184.94199999999998 189.29 36
4770.0 501.849 15 5220.0 -450.0 74 -84 198.04599999999996 204.37599999999992 30
4360.0 419.23099999999994 13 4710.0 -350.0 72 -84 161.15099999999998 169.39499999999995 35
4870.0 503.8019999999998 20 5310.0 -590.0 121 -90 186.293 193.80699999999996 59
4560.0 531.424 20 5100.0 -660.0 112 -86 223.23899999999995 219.594 52
3950.0 391.39799999999997 21 4350.0 -420.0 85 -69 156.63199999999998 179.24800000000005 42
2910.0 464.562 16 3510.0 -750.0 101 -81 168.42 153.61200000000002 68
3820.0 451.354 13 4470.0 -770.0 112 -73 164.08899999999997 167.5389999999999 77
5570.0 591.121 22 6060.0 -490.0 92 -116 230.45299999999995 224.92699999999994 49
3160.0 407.74700000000007 16 3480.0 -460.0 78 -64 162.58499999999998 138.318 46
4590.0 517.8919999999999 18 5310.0 -720.0 107 -93 194.46899999999997 221.57899999999998 58
1690.0 389.993 15 2280.0 -660.0 134 -76 123.90299999999996 102.48799999999997 66
2950.0 390.44999999999993 17 3330.0 -380.0 72 -75 143.54499999999996 149.61599999999996 38
4380.0 523.5189999999999 18 4770.0 -390.0 80 -88 214.44599999999997 206.80799999999996 39
3320.0 415.0289999999998 16 3660.0 -340.0 65 -75 187.82799999999997 146.36300000000003 34
3290.0 412.9759999999999 22 3690.0 -400.0 82 -80 148.44399999999993 149.53799999999995 40
4180.0 497.60499999999985 16 4590.0 -410.0 77 -76 228.0079999999999 194.74999999999991 41
4070.0 537.7620000000002 18 4470.0 -400.0 82 -89 210.822 202.61099999999993 40
4240.0 519.5299999999999 19 4620.0 -530.0 109 -81 203.18599999999995 188.75699999999998 53
4140.0 567.698 17 5070.0 -970.0 127 -78 248.94300000000007 246.24000000000007 94
4370.0 544.242 20 5100.0 -730.0 112 -93 197.175 215.96899999999994 73
2810.0 369.0179999999999 14 3330.0 -520.0 86 -62 156.22599999999997 141.10299999999995 52
4140.0 506.30399999999986 18 4590.0 -450.0 92 -82 186.02300000000002 197.38299999999998 45
5260.0 702.8810000000001 17 5820.0 -560.0 107 -109 267.4809999999999 264.9559999999999 56
4190.0 547.7639999999998 15 4860.0 -730.0 113 -103 221.48199999999989 192.61899999999997 73
2225.0 519.733 17 3030.0 -845.0 119 -70 178.21799999999996 139.89599999999993 84
2770.0 433.39099999999996 20 3300.0 -610.0 99 -70 176.33899999999997 155.23800000000003 61
4520.0 548.0000000000001 17 4920.0 -520.0 107 -96 216.29199999999997 194.5519999999999 52
4330.0 519.8889999999999 23 4710.0 -590.0 109 -82 212.18099999999995 204.968 52
5200.0 630.2909999999998 19 5580.0 -380.0 78 -89 246.08499999999995 264.34 38
2630.0 439.66200000000003 17 3150.0 -520.0 88 -66 176.434 148.89599999999996 52
3090.0 432.6079999999999 17 3510.0 -420.0 79 -71 187.93099999999993 152.879 42
3610.0 522.8859999999999 18 4350.0 -740.0 107 -80 222.5459999999999 192.562 74
3785.0 678.3039999999996 17 4680.0 -895.0 118 -95 166.248 187.025 88
4130.0 511.07500000000005 21 4710.0 -760.0 111 -83 216.60500000000005 210.95499999999993 56
4960.0 546.7669999999998 18 5640.0 -680.0 108 -100 236.97099999999998 211.294 68
3900.0 405.12699999999995 18 4470.0 -570.0 90 -64 189.34199999999998 181.797 57
4430.0 545.995 21 5130.0 -700.0 95 -82 253.71500000000003 230.79899999999998 56
3450.0 460.088 17 4080.0 -630.0 92 -97 155.36399999999995 160.529 63
4350.0 628.2869999999999 18 5340.0 -990.0 118 -102 201.989 183.986 134
4100.0 469.0079999999998 15 4500.0 -490.0 100 -90 165.833 168.19499999999994 49
4290.0 555.0779999999999 18 4890.0 -600.0 102 -93 213.295 210.464 46
4620.0 552.1510000000003 16 5100.0 -480.0 90 -100 203.63299999999998 191.37499999999997 48
4670.0 538.51 20 5100.0 -430.0 79 -86 220.773 215.66299999999998 43
4100.0 461.244 20 4560.0 -460.0 86 -78 189.60199999999998 185.25199999999995 46
4010.0 482.34699999999987 22 4650.0 -720.0 104 -71 202.30399999999997 194.81599999999995 72
2530.0 375.83399999999983 12 3060.0 -550.0 113 -70 115.76799999999997 144.617 55
3870.0 400.8359999999998 13 4470.0 -600.0 104 -81 137.03199999999998 164.59299999999996 60
3830.0 459.7859999999998 22 4200.0 -370.0 76 -71 198.01799999999997 179.54299999999995 37
4680.0 583.1900000000002 19 5250.0 -570.0 89 -91 243.03300000000002 236.84299999999996 57
4810.0 728.006 20 5880.0 -1150.0 156 -109 280.17699999999996 235.73299999999998 97
4180.0 511.4829999999997 15 4800.0 -670.0 105 -82 218.30799999999996 204.53599999999997 67
3240.0 518.1920000000002 17 3660.0 -420.0 80 -87 188.582 156.19899999999998 42
4890.0 596.5809999999999 20 5340.0 -450.0 82 -106 240.605 211.045 36
4560.0 542.722 20 5040.0 -480.0 75 -94 225.128 223.92199999999997 34
3940.0 651.616 15 5040.0 -1140.0 163 -106 192.78999999999996 211.353 114
4850.0 1427.4139999999989 19 5700.0 -850.0 106 -103 256.4059999999999 245.55099999999996 85
2290.0 311.006 14 2970.0 -720.0 103 -57 117.67199999999997 122.95599999999996 72
5050.0 621.861 17 5670.0 -620.0 91 -96 232.24 246.03299999999996 62
3890.0 486.9259999999998 19 4320.0 -510.0 78 -83 199.91499999999994 194.407 51
3640.0 532.567 19 4470.0 -830.0 126 -96 171.14000000000004 204.59699999999998 83
4050.0 468.00700000000006 20 4560.0 -510.0 85 -92 187.78500000000003 174.55800000000002 37
5360.0 677.687 19 5730.0 -370.0 76 -100 295.3239999999999 265.70699999999994 37
4890.0 647.1309999999997 25 5490.0 -600.0 105 -103 288.194 245.64199999999997 67
4370.0 620.9549999999999 23 4740.0 -370.0 76 -91 258.55600000000004 225.58999999999997 37
2620.0 299.29 15 2970.0 -350.0 72 -58 119.26799999999996 102.03600000000002 35
2760.0 1539.4199999999987 16 4050.0 -1290.0 143 -81 153.93 133.644 129
3340.0 507.23700000000014 13 4200.0 -860.0 108 -93 167.38299999999998 182.137 86
3700.0 484.0949999999999 17 4170.0 -470.0 87 -89 196.72000000000003 155.587 47
4365.0 493.4069999999999 17 5010.0 -645.0 79 -97 166.59699999999998 184.67000000000002 57
4490.0 569.7959999999999 16 4980.0 -490.0 86 -99 190.84799999999996 217.88799999999995 49
4210.0 504.563 17 4560.0 -350.0 72 -65 223.05099999999996 221.53399999999996 35
3310.0 548.1970000000003 18 3930.0 -660.0 96 -68 216.59499999999997 176.91499999999996 66
4820.0 506.76300000000003 19 5190.0 -370.0 75 -95 182.769 196.288 37
6130.0 707.3629999999998 22 6630.0 -500.0 99 -117 265.698 272.4349999999999 50
2800.0 425.79299999999984 17 3270.0 -520.0 87 -66 171.31599999999997 143.69099999999997 52
5410.0 572.3330000000001 22 5820.0 -410.0 84 -103 204.593 247.03200000000004 41
2260.0 304.28799999999995 12 2640.0 -500.0 99 -52 122.95599999999997 111.84999999999997 50
3600.0 440.90799999999996 16 4080.0 -480.0 75 -64 175.469 169.25299999999993 34
3490.0 686.9860000000001 17 4500.0 -1170.0 129 -88 191.48300000000006 182.992 103
4370.0 496.438 15 4800.0 -430.0 78 -76 203.266 226.14099999999996 43
4615.0 578.5020000000002 16 5190.0 -575.0 114 -102 226.76999999999992 180.87800000000004 61
4880.0 745.555 14 5520.0 -640.0 106 -121 182.06099999999998 225.73699999999994 64
5060.0 561.6559999999998 18 5550.0 -490.0 101 -98 211.415 231.80700000000002 49
4910.0 777.7129999999999 20 5340.0 -430.0 88 -113 366.38599999999985 248.45499999999998 43
4180.0 450.13800000000003 21 4530.0 -350.0 72 -73 193.797 180.893 35
4180.0 405.43700000000007 18 4620.0 -440.0 74 -76 164.528 171.83799999999994 30
3590.0 550.4569999999999 15 4620.0 -1130.0 148 -87 149.58899999999997 186.68799999999996 113
4020.0 488.4359999999999 19 4440.0 -420.0 86 -77 179.475 198.92700000000002 42
3150.0 426.72599999999994 19 3600.0 -450.0 75 -67 201.84399999999997 167.37999999999997 30
3540.0 398.26599999999996 18 3960.0 -420.0 70 -73 157.513 174.37499999999997 28
2700.0 714.2409999999999 14 3390.0 -690.0 97 -72 151.361 139.587 69
5180.0 586.0649999999999 19 5580.0 -460.0 94 -89 256.10200000000003 239.49799999999993 46
3515.0 507.046 17 4050.0 -535.0 88 -78 181.47699999999995 180.90299999999996 53
4860.0 598.5700000000002 18 5310.0 -450.0 82 -90 233.78799999999998 243.37499999999994 45
4330.0 531.816 16 4830.0 -500.0 83 -93 190.66399999999993 205.20699999999997 50
3690.0 480.4969999999997 17 4050.0 -360.0 74 -79 184.11199999999997 181.78100000000003 36
3100.0 503.45 19 4050.0 -990.0 123 -73 189.46399999999994 184.68899999999996 99
5610.0 668.494 19 6090.0 -480.0 98 -110 248.55199999999988 268.14799999999997 48
4150.0 685.1410000000001 21 4680.0 -680.0 132 -114 281.8309999999999 204.88199999999998 72
4400.0 611.5849999999999 20 4950.0 -550.0 94 -102 233.93099999999993 198.67099999999994 55
3730.0 444.8969999999999 16 4200.0 -470.0 83 -73 178.20199999999994 169.337 47
2730.0 341.51099999999997 16 3330.0 -600.0 86 -63 131.92999999999998 150.59399999999997 46
2710.0 374.5249999999999 14 3120.0 -410.0 79 -83 112.71799999999996 134.56799999999998 47
4230.0 467.6529999999999 19 4680.0 -450.0 91 -80 178.719 205.205 45
4610.0 528.6060000000001 18 4950.0 -340.0 70 -92 230.30100000000002 211.064 34
4710.0 545.8959999999998 19 5100.0 -390.0 77 -96 239.89500000000004 195.08099999999996 39
3390.0 491.8469999999999 19 3930.0 -540.0 89 -94 164.495 171.668 54
3560.0 482.055 16 3990.0 -430.0 79 -81 181.58999999999997 165.64499999999995 43
4710.0 526.1769999999999 15 5130.0 -420.0 86 -89 191.371 214.74499999999995 42
4380.0 524.725 16 4770.0 -390.0 73 -91 194.72599999999997 214.06299999999996 39
3320.0 379.2779999999999 20 3810.0 -610.0 107 -69 156.529 146.85699999999997 61
4410.0 499.88399999999996 19 5040.0 -630.0 96 -77 192.656 228.19600000000003 63
5040.0 597.7460000000001 23 5400.0 -360.0 74 -95 260.03399999999993 242.54799999999994 36
4180.0 460.33799999999997 18 4830.0 -700.0 103 -85 164.89799999999997 188.40599999999995 70
4230.0 585.2610000000002 22 4740.0 -510.0 86 -105 206.2 226.21499999999997 51
4520.0 649.5359999999996 28 4950.0 -460.0 93 -101 300.078 220.31199999999998 46
4850.0 602.7009999999999 20 5460.0 -610.0 99 -90 251.78699999999995 253.33799999999997 61
4520.0 503.26599999999996 19 4860.0 -490.0 101 -78 223.63400000000001 198.53299999999993 49
4720.0 506.7400000000001 25 5070.0 -470.0 117 -81 218.01700000000002 224.165 43
3500.0 483.776 16 4140.0 -650.0 117 -71 209.99499999999992 190.82099999999994 65
2850.0 445.21700000000004 14 3240.0 -390.0 80 -67 174.819 135.761 39
4790.0 544.5279999999998 22 5070.0 -280.0 58 -70 264.222 234.0850000000001 28
5330.0 1168.842 21 6000.0 -670.0 98 -115 263.6749999999999 269.776 67
4840.0 615.487 19 5670.0 -890.0 135 -97 212.38199999999992 243.0939999999999 88
4120.0 555.3369999999998 15 4860.0 -860.0 119 -88 215.51199999999992 220.5319999999999 86
3540.0 494.3579999999999 16 4140.0 -640.0 131 -76 205.37699999999998 166.99999999999994 64
6720.0 570.1759999999997 18 7320.0 -600.0 101 -113 222.72 247.77799999999993 60
4900.0 588.248 14 5610.0 -760.0 113 -85 189.85099999999997 247.81 76
3650.0 643.5399999999997 20 4170.0 -620.0 106 -76 199.063 180.67499999999998 62
3810.0 424.697 17 4230.0 -490.0 83 -75 168.97199999999998 184.26199999999997 49
4030.0 582.5310000000001 14 4620.0 -710.0 117 -92 221.95800000000003 175.19799999999995 71
2980.0 444.14000000000004 16 3450.0 -470.0 97 -77 150.036 152.23499999999999 47
4750.0 613.277 19 5280.0 -530.0 97 -113 202.69399999999996 211.41899999999998 53
4030.0 439.595 15 4500.0 -530.0 92 -71 197.45299999999997 176.56099999999995 39
4505.0 540.798 18 5100.0 -595.0 105 -103 178.76499999999996 191.40599999999998 45
4700.0 625.874 22 5220.0 -550.0 105 -104 255.96699999999993 221.635 55
4180.0 616.712 23 4860.0 -680.0 91 -95 223.98699999999994 206.752 68
2820.0 415.2389999999998 18 3210.0 -390.0 74 -70 166.64999999999995 131.60899999999998 39
4180.0 549.5540000000001 20 4530.0 -350.0 72 -89 232.11299999999994 214.392 35
3890.0 470.716 17 4290.0 -400.0 82 -83 180.78600000000003 191.99999999999994 40
3780.0 646.3960000000001 17 4830.0 -1060.0 134 -104 225.17099999999994 221.57299999999998 106
4990.0 677.7159999999997 20 5370.0 -380.0 78 -101 306.337 249.74599999999995 38
4040.0 502.658 15 4800.0 -830.0 147 -87 166.32100000000003 212.10899999999998 83
3635.0 837.1940000000002 17 4380.0 -925.0 140 -82 246.17699999999994 181.029 116
3870.0 566.4870000000001 18 4290.0 -420.0 80 -95 223.32699999999997 199.20000000000002 42
5080.0 552.915 21 5460.0 -380.0 74 -92 249.89999999999998 233.12599999999998 36
3150.0 713.9079999999997 16 4230.0 -1180.0 149 -84 135.94299999999998 189.88500000000002 118
3360.0 422.12800000000004 18 3840.0 -480.0 88 -74 167.89399999999998 159.286 48
3635.0 872.8770000000001 17 4380.0 -1025.0 118 -68 223.431 196.80899999999997 88
4080.0 568.2669999999997 17 4860.0 -780.0 74 -94 202.31099999999998 212.04699999999994 78
2440.0 363.68 12 2820.0 -730.0 110 -60 136.21399999999997 124.16499999999996 73
5370.0 699.031 26 5820.0 -450.0 92 -110 302.036 257.59799999999996 45
4100.0 505.03399999999993 18 4680.0 -580.0 97 -93 176.78599999999997 212.61799999999994 58
4360.0 548.378 20 4920.0 -580.0 114 -93 204.726 195.88500000000002 58
3625.0 534.9240000000001 16 4410.0 -825.0 107 -73 233.37499999999991 204.26699999999994 68
4070.0 592.699 23 4440.0 -370.0 76 -82 280.82699999999994 203.56 37
3870.0 439.06099999999986 17 4320.0 -570.0 104 -75 177.14100000000002 188.845 57
3250.0 566.84 18 3720.0 -470.0 90 -92 201.93799999999996 150.029 47
2400.0 453.364 17 3060.0 -760.0 100 -76 188.40599999999995 129.369 67
3930.0 430.334 18 4320.0 -390.0 80 -70 160.17699999999996 175.048 39
4010.0 599.4049999999999 17 4950.0 -940.0 122 -106 229.011 222.46399999999997 94
5185.0 636.302 17 5820.0 -635.0 122 -112 227.7319999999999 251.429 61
4850.0 755.149 21 5310.0 -460.0 93 -106 307.8829999999999 244.048 46
4545.0 532.235 22 4980.0 -615.0 122 -88 202.80299999999994 196.019 61
3510.0 484.5710000000002 15 3990.0 -540.0 95 -81 166.19799999999992 171.45499999999993 54
3000.0 487.04699999999985 17 3930.0 -1090.0 134 -85 181.01999999999995 167.677 100
2930.0 415.179 17 3390.0 -460.0 81 -65 210.46399999999997 144.439 46
2840.0 375.1240000000001 14 3150.0 -310.0 64 -74 129.27299999999997 124.75699999999998 31
4360.0 492.6809999999999 18 4830.0 -510.0 105 -84 187.41599999999997 210.404 51
3900.0 476.3639999999999 21 4260.0 -360.0 74 -81 201.407 172.64799999999997 36
3970.0 505.5079999999998 17 4320.0 -350.0 72 -74 240.08199999999994 198.998 35
3820.0 511.1149999999999 18 4200.0 -380.0 78 -79 194.01 195.18900000000002 38
3440.0 397.21 14 3990.0 -550.0 89 -65 139.362 176.13199999999998 55
2630.0 426.19 13 3240.0 -660.0 136 -81 106.40300000000002 133.613 66
4090.0 574.4189999999999 17 4770.0 -730.0 109 -87 219.31600000000003 209.36999999999998 73
4590.0 501.402 20 5070.0 -480.0 91 -77 199.99999999999997 221.85699999999994 48
3300.0 536.77 16 3960.0 -700.0 140 -85 213.92099999999994 188.84799999999996 76
3615.0 469.4110000000001 16 4170.0 -555.0 93 -77 185.08900000000006 171.326 41
4570.0 558.5820000000001 20 5310.0 -790.0 117 -94 195.07000000000002 231.20799999999997 79
3830.0 446.17999999999995 18 4200.0 -370.0 76 -72 203.49199999999993 171.957 37
3770.0 556.2339999999997 20 4410.0 -690.0 120 -101 198.79999999999998 178.02799999999996 69
3500.0 535.7819999999999 18 4110.0 -660.0 99 -83 184.315 190.83199999999997 66
3390.0 435.10900000000004 20 3750.0 -500.0 103 -61 197.012 168.165 50
4480.0 531.1229999999997 23 4920.0 -480.0 98 -73 244.88799999999992 212.267 48
3740.0 398.2339999999999 14 4110.0 -370.0 76 -72 151.10600000000002 174.073 37
4340.0 447.32599999999985 19 4860.0 -540.0 94 -70 199.50699999999998 199.60299999999995 40
4380.0 526.938 18 5130.0 -750.0 154 -97 192.302 192.69099999999995 75
3840.0 415.602 20 4380.0 -610.0 93 -87 155.136 164.75400000000002 44
3860.0 1163.0689999999995 13 5100.0 -1240.0 101 -90 257.001 198.72099999999998 194
3560.0 514.3449999999999 17 3960.0 -550.0 112 -83 223.04299999999998 176.011 55
3910.0 606.7840000000002 17 4830.0 -980.0 105 -108 211.30500000000004 197.11999999999995 98
2950.0 439.89700000000005 17 3540.0 -590.0 92 -74 167.92799999999994 157.65099999999998 49
4350.0 461.2600000000001 18 4770.0 -420.0 82 -79 180.847 170.65099999999995 42
3255.0 529.9220000000001 16 3900.0 -685.0 103 -78 202.382 192.777 58
5160.0 620.749 21 5760.0 -600.0 97 -104 287.6879999999999 225.60299999999987 60
4230.0 488.58900000000017 15 4800.0 -690.0 116 -81 187.82 219.30700000000002 54
2910.0 403.49100000000016 18 3540.0 -670.0 99 -69 156.87499999999991 167.349 66
1960.0 1072.9570000000008 13 3150.0 -1190.0 131 -71 164.11800000000002 150.10499999999996 119
4425.0 459.81300000000005 18 4890.0 -465.0 78 -67 201.29099999999997 211.03900000000002 32
3130.0 403.9749999999999 17 3540.0 -510.0 93 -65 170.74099999999996 148.90200000000002 51
3540.0 462.8949999999998 18 4350.0 -840.0 123 -80 161.281 182.08799999999994 84
4590.0 538.668 25 5010.0 -420.0 77 -77 276.49799999999993 215.84000000000006 42
4990.0 646.2199999999998 17 5580.0 -590.0 94 -116 191.36100000000002 247.51499999999996 44
4010.0 416.7999999999999 19 4530.0 -700.0 98 -71 194.41199999999998 162.798 56
4060.0 476.60799999999983 18 4590.0 -540.0 111 -74 172.3459999999999 206.26799999999994 54
3955.0 520.786 17 4380.0 -425.0 76 -96 190.24699999999993 187.72599999999997 42
3120.0 426.297 17 3780.0 -660.0 133 -71 176.384 140.462 66
3400.0 452.19899999999984 12 4020.0 -620.0 93 -71 195.10499999999996 186.0029999999999 62
5325.0 691.1519999999999 19 6060.0 -735.0 165 -97 266.8509999999999 231.48699999999997 53
3240.0 384.1639999999998 13 3720.0 -480.0 98 -78 168.52499999999998 125.185 48
2870.0 468.34 17 3240.0 -370.0 76 -89 152.268 156.05199999999996 37
3160.0 561.209 16 4050.0 -890.0 82 -86 208.547 177.08399999999997 89
3890.0 500.38099999999986 18 4350.0 -480.0 98 -83 179.12399999999997 200.74399999999994 48
4270.0 504.254 21 4650.0 -460.0 85 -93 192.676 208.71299999999994 46
3860.0 474.6769999999999 20 4290.0 -430.0 88 -73 209.95099999999994 192.567 43
4120.0 616.9549999999998 23 4650.0 -530.0 97 -93 250.81300000000002 218.222 53
3310.0 452.97700000000003 13 3660.0 -350.0 72 -69 182.99300000000002 174.23999999999998 35
3560.0 455.613 18 3930.0 -370.0 76 -70 213.82899999999995 178.19499999999996 37
4420.0 497.7219999999999 21 4770.0 -350.0 72 -85 196.16199999999998 212.89399999999998 35
3690.0 475.05499999999984 17 4020.0 -330.0 62 -79 197.28999999999996 180.53599999999994 33
4160.0 548.8359999999999 19 4530.0 -460.0 91 -86 227.99599999999998 215.65599999999992 43
5480.0 644.6800000000002 18 5940.0 -460.0 88 -104 268.62199999999996 259.8329999999999 46
2650.0 392.0199999999999 17 3450.0 -840.0 106 -63 172.57299999999998 162.44299999999998 70
4460.0 426.91299999999984 20 4830.0 -370.0 76 -77 162.99699999999996 190.47699999999995 37
4540.0 567.6359999999996 21 5400.0 -890.0 122 -92 221.91 241.43199999999996 89
4950.0 572.1310000000001 18 5370.0 -540.0 111 -101 224.07199999999997 228.62199999999999 54
2440.0 362.10699999999997 14 3000.0 -570.0 98 -63 148.97199999999995 135.48799999999997 57
3720.0 388.3939999999999 16 4200.0 -480.0 90 -80 151.59599999999998 152.36299999999994 48
4930.0 689.9529999999999 22 5430.0 -500.0 84 -99 290.5829999999999 254.47699999999995 35
3980.0 446.73 21 4320.0 -500.0 84 -82 191.99999999999997 179.404 50
3850.0 427.38399999999996 17 4200.0 -415.0 79 -83 177.29600000000002 148.355 48
4910.0 577.9229999999998 24 5370.0 -670.0 126 -88 245.071 229.2309999999999 67
4360.0 530.31 17 5130.0 -770.0 111 -96 177.645 194.73099999999997 77
5100.0 570.2969999999998 23 5460.0 -360.0 74 -93 221.43099999999998 240.09099999999998 36
5270.0 467.429 18 5820.0 -550.0 93 -91 174.761 206.832 55
4020.0 481.533 22 4470.0 -450.0 84 -79 213.67499999999995 192.61099999999996 45
4250.0 499.84200000000004 24 4740.0 -490.0 100 -86 171.24200000000002 206.45199999999994 49
5060.0 601.4060000000002 23 5430.0 -370.0 76 -91 281.07699999999994 251.14399999999995 37
4390.0 529.4619999999996 16 5160.0 -770.0 147 -79 210.67599999999996 211.27699999999993 71
5260.0 566.243 18 5610.0 -350.0 72 -79 257.17699999999996 242.91899999999993 35
4490.0 545.3870000000001 17 4890.0 -400.0 81 -100 182.81800000000004 199.01999999999998 40
4480.0 529.6899999999998 18 4830.0 -350.0 72 -93 214.74099999999999 201.43 35
4330.0 517.2919999999998 18 4830.0 -500.0 94 -93 190.07799999999997 214.03099999999995 50
4730.0 490.127 17 5070.0 -340.0 70 -87 209.45799999999997 185.82199999999995 34
4730.0 602.147 17 5430.0 -700.0 90 -108 211.606 224.19 70
3600.0 448.82599999999996 12 4020.0 -600.0 117 -83 139.74899999999997 167.64 60
3720.0 429.1309999999999 17 4200.0 -480.0 88 -74 182.18999999999994 180.24699999999993 48
3860.0 483.30299999999994 19 4230.0 -370.0 72 -68 236.87499999999994 182.15599999999998 37
3160.0 501.14699999999993 18 3990.0 -880.0 130 -78 225.28 174.278 88
4350.0 626.7809999999998 17 5010.0 -660.0 124 -98 263.09499999999997 226.96 66
2500.0 354.3929999999999 14 3090.0 -670.0 99 -68 114.34100000000001 149.97999999999996 67
4050.0 600.224 17 4470.0 -570.0 109 -86 235.607 218.438 57
4580.0 556.925 17 5070.0 -490.0 90 -94 195.968 217.40099999999998 49
4960.0 642.4139999999999 21 5520.0 -580.0 113 -96 253.29499999999993 266.21199999999993 58
3780.0 550.2990000000002 18 4230.0 -450.0 92 -95 214.451 192.65799999999996 45
3930.0 467.66 18 4380.0 -450.0 88 -73 194.87900000000002 177.59999999999997 43
4720.0 549.147 18 5130.0 -480.0 82 -80 225.51200000000003 220.187 48
4290.0 480.16700000000003 20 4680.0 -600.0 121 -83 188.01599999999996 195.11399999999998 58
3380.0 491.17400000000004 16 3960.0 -580.0 92 -77 198.12099999999998 176.98 58
4590.0 549.5160000000001 20 5160.0 -570.0 79 -87 214.60300000000004 216.51899999999998 77
4140.0 405.23199999999997 14 4500.0 -360.0 74 -75 149.43699999999995 156.178 36
4895.0 577.2000000000002 22 5430.0 -535.0 88 -92 265.438 239.81399999999994 38
3550.0 513.7339999999999 19 4140.0 -590.0 94 -69 261.1189999999999 177.93399999999994 59
4495.0 562.572 21 4980.0 -485.0 82 -97 224.13099999999994 208.93200000000007 34
4630.0 540.456 19 5070.0 -440.0 74 -89 230.95499999999996 231.4219999999999 30
4390.0 496.72300000000007 21 4800.0 -410.0 84 -76 208.68399999999997 199.408 41
5070.0 643.1819999999998 21 5460.0 -390.0 80 -97 266.81899999999996 275.673 39
1860.0 320.0930000000001 14 2250.0 -390.0 80 -57 132.312 101.56499999999998 39
4780.0 580.7859999999998 19 5250.0 -470.0 82 -97 199.51499999999996 240.73399999999995 47
5870.0 730.383 21 6480.0 -610.0 122 -121 251.23699999999997 271.29499999999996 61
5540.0 556.5009999999999 16 5880.0 -500.0 84 -80 271.32 242.32399999999993 50
4300.0 439.25000000000006 18 4770.0 -490.0 101 -76 172.0079999999999 168.64899999999997 49
2770.0 451.371 16 3210.0 -440.0 84 -75 171.439 147.72899999999998 44
3310.0 1111.4660000000003 16 4410.0 -1100.0 82 -75 153.78699999999995 178.243 110
2705.0 471.33599999999996 16 3420.0 -715.0 133 -70 171.066 156.652 78
2960.0 362.194 12 3480.0 -520.0 85 -69 124.14599999999999 158.19999999999996 52
3890.0 447.00600000000014 14 4230.0 -340.0 70 -85 183.60999999999999 170.79899999999992 34
2935.0 410.6099999999999 17 3570.0 -635.0 96 -73 166.10399999999998 150.34899999999996 63
4180.0 601.5559999999997 19 4680.0 -560.0 89 -80 251.07799999999995 203.71799999999996 56
5120.0 481.626 18 5610.0 -510.0 104 -93 177.311 203.20399999999992 51
3740.0 591.3149999999999 20 4260.0 -520.0 86 -99 232.91199999999998 195.66200000000003 52
4280.0 559.2649999999998 19 4890.0 -630.0 113 -86 218.80100000000002 214.44999999999996 54
4400.0 563.2809999999998 21 5100.0 -835.0 146 -88 232.1929999999999 211.66899999999998 70
4370.0 536.8399999999998 15 4710.0 -340.0 69 -86 219.10599999999997 210.74800000000005 34
2410.0 264.9939999999999 12 2850.0 -440.0 74 -51 101.66 112.46499999999995 30
3980.0 586.5550000000001 19 4620.0 -640.0 85 -92 197.25699999999995 234.35899999999998 64
4680.0 472.9699999999999 16 5340.0 -660.0 95 -84 189.75299999999993 234.34499999999997 66
3750.0 501.1659999999999 17 4260.0 -530.0 104 -90 156.42199999999994 183.23999999999995 53
3290.0 501.86499999999984 19 3870.0 -600.0 114 -83 214.79999999999998 174.216 60
3380.0 404.743 16 3720.0 -340.0 70 -67 168.325 167.33999999999997 34
5400.0 610.2789999999997 19 5910.0 -630.0 111 -100 238.26399999999995 258.085 63
4600.0 552.428 19 5280.0 -680.0 108 -91 228.599 237.79999999999998 68
3460.0 551.45 19 4410.0 -950.0 145 -87 210.70799999999997 182.825 81
2830.0 434.66799999999995 18 3240.0 -410.0 77 -68 185.98099999999997 139.38500000000002 41
5795.0 590.7109999999999 20 6210.0 -415.0 80 -100 250.659 255.70100000000002 39
3130.0 382.343 14 3540.0 -410.0 76 -56 184.71299999999994 154.551 41
3150.0 366.62799999999993 16 3540.0 -390.0 80 -67 139.40200000000002 160.952 39
3370.0 438.394 15 3870.0 -500.0 88 -65 179.973 178.611 50
2930.0 378.83299999999986 13 3300.0 -370.0 73 -65 146.61399999999998 145.27099999999996 37
3210.0 432.8269999999999 16 3720.0 -560.0 83 -68 157.229 163.972 41
4150.0 492.1259999999998 17 4620.0 -470.0 82 -85 194.136 208.23899999999995 46
3785.0 470.789 18 4230.0 -445.0 90 -80 173.93400000000003 175.97600000000003 44
3190.0 452.9410000000001 13 3660.0 -470.0 97 -79 166.41499999999996 154.16499999999996 47
4200.0 497.0379999999999 17 4620.0 -420.0 72 -72 218.43399999999997 205.39900000000003 42
3810.0 458.73500000000007 15 4200.0 -540.0 107 -82 156.26299999999998 174.43199999999996 54
2890.0 408.666 17 3390.0 -500.0 89 -70 169.89200000000002 146.799 50
3680.0 535.9110000000001 21 4140.0 -460.0 81 -87 215.471 193.05299999999997 46
4460.0 561.4990000000001 22 5010.0 -550.0 93 -85 235.68200000000002 222.15599999999995 55
4490.0 588.3729999999998 21 4890.0 -400.0 79 -101 241.048 209.15599999999998 37
4220.0 546.741 20 4740.0 -530.0 109 -80 210.35799999999998 211.324 53
4000.0 595.4289999999999 16 4800.0 -800.0 100 -82 237.4669999999999 214.82299999999995 80
3840.0 492.855 18 4380.0 -540.0 94 -90 189.83399999999997 184.69299999999998 54
5420.0 593.2949999999998 22 5790.0 -370.0 76 -96 245.594 233.66399999999996 37
4010.0 485.226 17 4500.0 -490.0 89 -89 159.408 189.90200000000002 49
4630.0 578.188 18 5040.0 -410.0 81 -85 260.8179999999999 208.02699999999996 41
3880.0 494.21099999999996 19 4260.0 -380.0 73 -66 258.3399999999999 178.74699999999999 38
3780.0 368.39999999999986 18 4200.0 -420.0 83 -72 151.93099999999998 160.159 39
4600.0 570.579 17 5010.0 -410.0 77 -92 242.58399999999997 230.80699999999996 41
4660.0 593.761 16 5160.0 -500.0 85 -96 255.04599999999994 217.63299999999998 50
4220.0 406.211 16 4500.0 -280.0 58 -73 176.09999999999997 161.46499999999997 28
4420.0 469.373 18 4770.0 -350.0 71 -70 216.57799999999997 202.53799999999998 35
3440.0 505.13300000000004 12 3990.0 -550.0 89 -80 210.98900000000003 189.979 41
3390.0 615.8060000000002 17 3900.0 -510.0 80 -75 150.057 172.65999999999997 51
5700.0 647.2090000000001 17 6240.0 -690.0 141 -115 207.49999999999997 231.19400000000002 69
3220.0 574.9569999999999 14 4080.0 -860.0 146 -82 208.23499999999993 183.23299999999992 86
3240.0 352.0849999999999 16 3540.0 -300.0 62 -53 172.08200000000002 154.08499999999998 30
4910.0 651.4350000000001 19 5760.0 -850.0 125 -111 245.18399999999994 245.751 85
4690.0 578.9089999999998 23 5040.0 -350.0 72 -90 263.616 224.15299999999993 35
2810.0 514.0019999999998 15 3270.0 -460.0 89 -95 145.82099999999997 161.11200000000002 46
4830.0 526.4919999999998 21 5190.0 -360.0 73 -91 218.16799999999998 223.79699999999997 36
4300.0 502.46999999999997 19 4680.0 -380.0 78 -80 199.467 209.02399999999994 38
5230.0 627.89 20 5580.0 -350.0 72 -96 271.484 245.05799999999996 35
4480.0 621.8479999999997 16 5100.0 -640.0 131 -97 230.46699999999993 232.3319999999999 64
3550.0 445.53499999999997 16 3870.0 -560.0 88 -74 178.66199999999998 181.29199999999994 56
4030.0 579.6339999999997 19 4470.0 -440.0 89 -107 188.55499999999998 199.873 43
3110.0 441.418 15 3600.0 -490.0 93 -75 165.47699999999998 156.95899999999997 49
3450.0 632.7389999999997 20 4470.0 -1040.0 144 -98 224.4759999999999 209.75499999999994 104
4460.0 454.4829999999999 19 4860.0 -400.0 75 -81 193.92699999999996 189.296 40
3890.0 524.4110000000001 16 4260.0 -370.0 76 -88 182.05399999999997 202.089 37
3550.0 432.389 17 4020.0 -680.0 114 -72 191.47599999999997 167.12900000000005 46
3500.0 441.83099999999985 19 4410.0 -930.0 124 -69 169.08499999999992 194.08999999999997 93
4710.0 486.62999999999994 20 5100.0 -390.0 80 -90 163.59499999999994 194.09199999999996 39
4075.0 561.7939999999999 19 4530.0 -455.0 83 -98 207.44499999999996 180.29299999999998 45
3270.0 439.40899999999993 19 3630.0 -500.0 102 -69 172.668 169.72499999999997 50
2710.0 357.21900000000005 13 3180.0 -470.0 74 -59 116.08899999999998 128.25999999999996 47
4400.0 625.527 21 4860.0 -460.0 87 -96 257.48699999999997 219.78699999999995 46
4260.0 499.844 18 4680.0 -420.0 70 -90 212.171 195.05899999999997 28
3690.0 421.10400000000004 18 4080.0 -510.0 102 -59 177.881 172.483 51
4550.0 538.723 21 5040.0 -640.0 112 -90 217.05599999999998 223.1069999999999 64
4180.0 428.8070000000001 17 4530.0 -350.0 72 -83 147.34099999999998 184.26499999999993 35
2970.0 405.989 15 3510.0 -590.0 85 -65 187.77399999999994 154.94299999999998 45
3725.0 539.166 20 4200.0 -545.0 95 -73 257.4049999999999 175.13499999999996 70
4125.0 514.949 18 4680.0 -555.0 98 -72 216.86699999999993 208.813 72
5620.0 652.429 23 6060.0 -440.0 90 -98 301.81999999999994 266.289 44
4690.0 567.427 20 5280.0 -590.0 114 -99 197.94599999999997 221.142 59
3120.0 525.447 16 3660.0 -550.0 113 -77 203.58399999999997 178.359 55
3650.0 535.9269999999997 18 4230.0 -780.0 116 -81 229.9579999999999 196.74999999999991 78
4730.0 472.06499999999977 18 5130.0 -550.0 112 -86 204.082 173.779 54
4660.0 513.283 21 5010.0 -650.0 131 -84 168.26999999999998 218.78799999999998 65
3960.0 467.34199999999987 17 4380.0 -420.0 70 -76 204.672 196.60799999999998 28
4630.0 546.121 16 4980.0 -350.0 72 -90 219.42199999999997 201.27499999999995 35
3550.0 526.283 23 4230.0 -690.0 127 -79 205.28799999999993 197.88499999999996 68
5370.0 608.924 19 5730.0 -360.0 74 -89 253.7709999999999 251.506 36
3410.0 499.331 15 4140.0 -730.0 104 -83 182.02299999999997 199.24999999999997 73
3330.0 391.53800000000007 17 3690.0 -360.0 74 -74 175.596 136.784 36
3630.0 490.48 15 4080.0 -600.0 105 -80 188.79299999999995 178.625 45
3145.0 428.86500000000007 19 3750.0 -615.0 115 -66 157.318 173.53699999999998 52
3280.0 452.21500000000003 17 3690.0 -410.0 81 -71 187.195 158.08199999999994 41
3085.0 461.5749999999999 20 3540.0 -755.0 108 -74 196.256 158.92999999999995 75
4030.0 533.8449999999998 14 4500.0 -470.0 81 -84 181.137 206.26699999999997 47
5465.0 672.6959999999999 21 6120.0 -655.0 88 -98 246.56799999999998 256.553 85
5110.0 607.9030000000002 24 5640.0 -530.0 95 -89 275.79799999999994 239.82699999999997 53
3490.0 423.114 18 3900.0 -410.0 77 -62 194.04499999999996 169.403 41
2570.0 374.02500000000003 15 2910.0 -340.0 70 -57 152.72400000000002 141.40299999999996 34
3880.0 536.8320000000001 18 4800.0 -960.0 139 -89 179.942 208.25099999999998 96
4565.0 558.4830000000001 20 4980.0 -415.0 83 -88 268.78499999999997 189.63899999999995 40
4810.0 551.196 21 5400.0 -590.0 112 -102 157.535 222.08899999999997 59
3775.0 464.4179999999999 19 4350.0 -575.0 84 -74 198.93999999999997 184.62599999999992 43
3920.0 557.023 17 4530.0 -790.0 125 -81 225.75899999999993 208.50799999999992 64
4700.0 583.0870000000001 21 5130.0 -510.0 95 -101 254.92199999999994 203.62099999999998 51
4500.0 494.5299999999999 17 5010.0 -520.0 101 -67 211.21499999999997 225.47100000000003 52
3920.0 563.0359999999998 20 4380.0 -460.0 86 -89 238.201 196.991 46
4180.0 437.9799999999999 14 4560.0 -380.0 78 -84 149.127 162.27800000000002 38
2950.0 484.60400000000004 20 3570.0 -755.0 139 -74 217.86899999999997 158.816 62
4450.0 364.9859999999999 24 4800.0 -350.0 71 -68 166.886 145.03199999999998 35
3985.0 490.38100000000003 19 4350.0 -365.0 73 -91 195.60700000000003 187.15499999999997 36
4950.0 555.1959999999999 20 5370.0 -420.0 87 -100 229.83399999999997 201.43 42
2910.0 347.58900000000006 15 3330.0 -560.0 107 -64 96.934 132.27799999999996 56
2950.0 388.1259999999999 14 3480.0 -530.0 86 -62 183.08699999999996 146.18899999999996 53
3330.0 485.11400000000003 14 3840.0 -550.0 110 -89 162.93499999999997 165.76100000000002 55
4600.0 549.0420000000001 17 5370.0 -820.0 104 -88 238.18699999999995 217.98899999999998 68
1630.0 952.1120000000004 12 2700.0 -1070.0 77 -53 115.30899999999995 106.297 107
4720.0 539.245 22 5160.0 -440.0 90 -85 227.70399999999995 209.64799999999997 44
3540.0 494.89899999999983 19 4080.0 -540.0 94 -87 155.80100000000002 185.28899999999996 53
4260.0 489.6889999999999 15 4740.0 -480.0 82 -86 191.17699999999996 185.60499999999996 48
4660.0 466.6139999999998 21 5160.0 -520.0 106 -82 201.93199999999996 188.17899999999997 52
4550.0 457.0659999999998 20 5070.0 -520.0 82 -80 201.14099999999993 185.38599999999997 38
5090.0 785.4260000000005 18 5550.0 -460.0 79 -92 231.24899999999997 222.64400000000003 46
4040.0 443.88499999999993 15 4380.0 -340.0 70 -72 188.17799999999997 197.06899999999996 34
3370.0 426.1379999999999 18 3720.0 -350.0 72 -65 187.194 157.89100000000002 35
2900.0 342.728 14 3360.0 -460.0 81 -62 133.67999999999998 141.08 46
4165.0 561.8620000000003 22 4770.0 -665.0 104 -90 256.0849999999999 206.61099999999993 61
3500.0 476.8899999999999 17 4020.0 -540.0 93 -76 171.308 199.2009999999999 54
3090.0 370.41499999999985 14 3450.0 -360.0 73 -76 120.49 135.39800000000002 36
3220.0 370.6590000000001 17 3630.0 -410.0 79 -67 145.72000000000003 150.52099999999996 41
4060.0 493.365 19 4500.0 -440.0 81 -83 204.98899999999998 196.63899999999998 44
4840.0 536.8100000000001 20 5370.0 -530.0 102 -96 209.15800000000002 223.59199999999998 52
4320.0 490.43 17 4860.0 -540.0 90 -75 218.42899999999992 204.03899999999996 53
5080.0 712.99 22 5580.0 -580.0 98 -103 270.565 245.25199999999992 55
2680.0 358.722 16 3180.0 -560.0 92 -54 148.43 140.892 56
3640.0 455.7150000000001 17 4260.0 -620.0 97 -82 182.13699999999997 167.49799999999993 62
5220.0 553.8289999999998 17 5910.0 -690.0 110 -105 184.755 246.715 69
4260.0 405.49499999999995 19 4650.0 -480.0 94 -86 156.126 172.235 45
4510.0 979.8600000000004 19 5790.0 -1280.0 159 -105 290.188 234.88399999999993 128
4090.0 556.9959999999998 18 4800.0 -750.0 120 -92 204.63799999999998 214.194 75
4200.0 506.1219999999999 18 4710.0 -510.0 88 -97 191.1239999999999 208.05999999999995 37
3005.0 409.48999999999995 17 3450.0 -445.0 86 -71 174.04799999999994 156.85999999999996 43
3360.0 419.48299999999995 19 3720.0 -360.0 74 -64 166.80799999999994 175.535 36
3630.0 370.6579999999999 19 4110.0 -500.0 97 -71 153.14799999999994 142.80099999999996 50
4830.0 651.5119999999997 17 5640.0 -860.0 115 -89 215.46500000000003 237.07299999999992 71
3820.0 416.38899999999995 14 4290.0 -570.0 92 -67 174.135 173.9079999999999 57
3850.0 465.02 18 4410.0 -560.0 82 -68 208.33999999999995 201.01599999999996 42
5650.0 577.6349999999998 18 6180.0 -530.0 83 -106 252.28599999999992 225.84399999999997 39
3120.0 1292.1329999999996 16 4350.0 -1230.0 133 -74 166.772 172.77 123
3780.0 469.696 17 4170.0 -470.0 96 -73 194.68799999999996 166.21800000000002 47
5180.0 547.1120000000001 21 5610.0 -590.0 102 -101 203.86999999999998 228.65099999999998 59
2780.0 358.94599999999986 14 3180.0 -450.0 73 -52 160.09599999999998 146.327 45
4360.0 563.904 22 4860.0 -520.0 107 -81 251.32699999999997 218.13499999999996 52
5920.0 597.5059999999997 20 6390.0 -470.0 97 -107 212.99599999999992 256.09 47
4510.0 576.4249999999998 16 5340.0 -1110.0 140 -89 242.29699999999994 188.94499999999994 111
4370.0 560.54 20 4980.0 -620.0 128 -79 248.89899999999994 229.50499999999994 62
2740.0 351.8329999999999 15 3090.0 -350.0 72 -59 137.64200000000002 129.628 35
4480.0 569.8240000000001 18 5250.0 -770.0 72 -90 234.086 223.37299999999993 77
5170.0 630.5709999999998 17 5550.0 -380.0 78 -104 231.53499999999994 262.2299999999999 38
4960.0 576.2479999999998 19 5400.0 -440.0 90 -100 242.41100000000003 236.76199999999992 44
3160.0 522.8659999999996 19 3540.0 -380.0 74 -76 217.31899999999996 159.699 38
3360.0 1215.2630000000001 21 4470.0 -1110.0 82 -103 223.0 179.77199999999996 111
4010.0 465.9750000000001 18 4710.0 -780.0 117 -84 155.053 211.64599999999996 78
4110.0 504.8809999999999 17 4590.0 -480.0 85 -94 196.11500000000004 206.34000000000003 48
4690.0 454.24799999999993 17 5040.0 -350.0 72 -77 193.154 189.337 35
4760.0 575.5629999999999 20 5280.0 -580.0 103 -90 253.9789999999999 203.10899999999998 58
4390.0 511.797 19 4830.0 -440.0 83 -101 193.50399999999993 203.31699999999998 44
3520.0 522.3159999999999 16 4080.0 -560.0 96 -92 180.6069999999999 187.351 56
4680.0 556.4199999999997 21 5130.0 -450.0 92 -89 262.106 203.72499999999994 45
2780.0 427.43800000000005 16 3360.0 -580.0 92 -65 169.75499999999997 149.144 58
3540.0 511.67499999999995 23 4050.0 -510.0 88 -81 233.32999999999998 167.02899999999997 51
4280.0 557.552 17 4620.0 -340.0 70 -95 241.59100000000007 214.80699999999996 34
3930.0 533.8649999999999 18 4350.0 -600.0 102 -80 207.73799999999997 200.069 60
3860.0 467.1350000000001 17 4260.0 -540.0 111 -73 191.805 160.25399999999996 54
4590.0 588.0999999999999 21 5160.0 -570.0 93 -86 266.718 225.38499999999996 43
3270.0 558.9359999999998 14 3960.0 -690.0 104 -93 188.00999999999996 184.96099999999996 69
4350.0 369.6169999999999 16 4830.0 -500.0 96 -75 145.16099999999997 157.66599999999997 50
5230.0 568.8539999999998 22 5670.0 -440.0 81 -96 219.10099999999997 248.826 44
3630.0 464.65399999999994 14 3990.0 -360.0 74 -74 204.46999999999994 181.49399999999997 36
4670.0 826.3319999999997 16 5370.0 -700.0 88 -85 202.812 210.61100000000002 56
3885.0 488.94700000000006 20 4500.0 -615.0 92 -83 200.20899999999995 188.397 47
2570.0 1083.8339999999998 16 3630.0 -1260.0 93 -59 182.50199999999998 171.17499999999993 126
4120.0 461.0739999999999 18 4620.0 -500.0 84 -80 190.86099999999996 198.23499999999996 50
3360.0 725.2620000000005 21 4470.0 -1210.0 142 -74 196.35099999999997 192.05499999999995 121
4420.0 490.94299999999987 16 4860.0 -440.0 80 -97 162.50999999999993 206.01699999999997 44
4480.0 511.4299999999999 13 5040.0 -600.0 111 -94 172.209 213.81600000000003 60
3700.0 465.8019999999998 17 4050.0 -350.0 71 -80 203.98499999999996 174.423 35
4680.0 454.25499999999994 18 5340.0 -700.0 111 -83 177.42599999999996 183.70300000000003 70
4010.0 431.21 20 4380.0 -370.0 75 -80 156.362 182.17699999999996 37
4590.0 475.64500000000004 16 4950.0 -360.0 74 -78 179.70100000000002 204.22899999999998 36
4160.0 498.2759999999999 20 4770.0 -640.0 107 -86 199.974 224.98699999999997 43
4040.0 572.8069999999999 19 4620.0 -580.0 90 -95 224.62499999999994 215.26299999999995 58
3770.0 1153.2640000000008 16 4740.0 -970.0 116 -95 182.27800000000002 172.207 97
3770.0 415.05599999999987 17 4200.0 -430.0 88 -82 135.682 168.132 43
4870.0 521.537 19 5220.0 -350.0 72 -78 224.022 222.27399999999994 35
3560.0 387.06299999999993 14 3900.0 -340.0 70 -75 151.36 147.61699999999993 34
5010.0 545.9780000000001 21 5430.0 -420.0 70 -83 254.68299999999996 233.63899999999998 28
3550.0 443.83899999999994 19 4020.0 -490.0 91 -82 168.289 171.762 49
2520.0 429.6989999999999 18 3210.0 -730.0 93 -73 147.06399999999996 135.61099999999996 65
3570.0 486.58800000000014 16 4290.0 -800.0 113 -81 193.46599999999995 173.079 77
4590.0 699.4440000000001 22 5010.0 -420.0 83 -94 307.306 275.73499999999996 41
3870.0 450.9649999999999 19 4200.0 -510.0 105 -70 190.961 164.81699999999998 51
3420.0 425.737 15 3840.0 -420.0 80 -76 165.095 164.14600000000002 42
3530.0 452.52700000000004 12 3900.0 -370.0 76 -84 166.622 170.331 37
6870.0 669.6970000000003 20 7440.0 -570.0 107 -128 265.50600000000003 264.49299999999994 57
4480.0 510.0849999999999 14 4890.0 -410.0 81 -99 199.84099999999995 189.58899999999994 41
3660.0 499.65300000000013 18 4050.0 -540.0 111 -82 171.02399999999997 180.29599999999994 54
4980.0 528.0879999999999 19 5430.0 -450.0 92 -96 195.31399999999996 207.779 45
4705.0 550.3219999999999 20 5460.0 -755.0 100 -87 230.84099999999995 234.765 61
2680.0 416.651 17 3030.0 -350.0 72 -60 182.39300000000003 145.71999999999997 35
3600.0 511.9279999999999 19 4620.0 -1020.0 131 -73 217.70299999999995 205.135 102
4220.0 488.775 17 4620.0 -550.0 113 -89 210.34399999999997 176.78099999999998 55
3980.0 440.9619999999999 15 4320.0 -340.0 70 -76 186.83999999999997 192.28899999999996 34
3690.0 492.3419999999999 20 4440.0 -750.0 98 -86 210.957 186.48399999999992 75
4080.0 601.2459999999999 17 4770.0 -690.0 111 -94 223.39299999999997 218.834 69
4340.0 434.69899999999984 21 4680.0 -500.0 84 -85 170.52199999999996 187.934 50
2995.0 642.5400000000001 14 3690.0 -695.0 101 -80 168.73099999999997 138.93699999999995 69
4190.0 452.95399999999995 21 4530.0 -340.0 70 -78 192.862 190.77499999999998 34
2730.0 451.6529999999999 14 3420.0 -710.0 105 -66 174.532 159.279 71
2230.0 382.3459999999999 16 2700.0 -470.0 83 -66 160.60999999999999 106.421 47
3230.0 445.89000000000004 12 3720.0 -490.0 87 -85 164.453 163.17199999999997 49
3960.0 406.59299999999985 16 4380.0 -420.0 70 -85 156.12399999999997 166.74699999999996 28
4460.0 541.6379999999998 20 4830.0 -370.0 75 -87 235.72399999999993 224.126 36
2860.0 583.1929999999999 12 3570.0 -750.0 116 -84 159.34099999999992 183.558 75
4650.0 612.1990000000001 24 5250.0 -600.0 96 -87 269.599 230.97699999999998 60
3290.0 459.7749999999999 17 3870.0 -680.0 111 -85 146.71699999999998 164.28199999999995 68
3860.0 528.821 16 4230.0 -370.0 73 -92 203.96200000000002 183.144 37
4735.0 555.2539999999998 16 5280.0 -545.0 100 -95 263.55699999999985 196.52699999999996 53
4360.0 523.9080000000001 15 4800.0 -500.0 87 -73 229.47999999999996 215.29399999999998 50
2300.0 348.42999999999995 13 2640.0 -340.0 62 -68 120.146 114.54499999999997 34
4570.0 537.5909999999999 14 4980.0 -500.0 92 -100 177.55299999999994 206.934 50
5460.0 596.598 20 5940.0 -600.0 106 -93 263.161 261.7459999999999 57
3450.0 465.50299999999993 14 4230.0 -780.0 140 -79 150.10000000000002 187.575 78
5370.0 557.8639999999999 16 5790.0 -420.0 70 -95 237.26799999999997 247.95699999999997 28
3730.0 496.55599999999987 21 4080.0 -350.0 72 -89 199.10699999999994 172.271 35
2500.0 445.555 14 2940.0 -440.0 81 -71 160.98999999999995 131.54099999999994 44
2040.0 373.034 16 2670.0 -780.0 116 -66 115.30499999999999 116.56899999999999 78
4680.0 561.866 18 5040.0 -360.0 74 -93 232.10299999999992 218.994 36
3420.0 448.4659999999999 18 3960.0 -550.0 108 -67 176.47099999999995 171.418 55
5030.0 597.2879999999998 17 5520.0 -490.0 90 -97 223.849 248.12400000000002 49
4250.0 486.6309999999998 21 4860.0 -610.0 93 -98 172.27599999999995 212.62499999999994 61
5550.0 625.267 17 6030.0 -480.0 98 -105 244.528 244.94799999999998 48
4150.0 543.168 21 4980.0 -840.0 128 -92 200.97699999999998 211.55599999999998 84
3860.0 530.153 20 4290.0 -430.0 79 -81 221.04599999999996 198.62600000000006 43
3230.0 393.8889999999999 16 3690.0 -460.0 82 -68 143.9819999999999 155.95 46
4310.0 429.1529999999999 17 4710.0 -400.0 82 -73 162.15200000000002 178.291 40
3330.0 493.558 13 3720.0 -390.0 79 -96 184.23899999999995 159.90599999999998 39
3550.0 633.0740000000003 15 4320.0 -770.0 105 -84 145.97699999999998 170.625 77
2250.0 357.3129999999999 11 3150.0 -900.0 82 -58 139.82499999999996 124.21899999999998 90
4030.0 454.4199999999998 17 4410.0 -380.0 77 -82 175.91399999999996 181.14099999999993 38
3210.0 460.82299999999987 14 3990.0 -780.0 72 -84 145.919 171.237 78
5320.0 660.6579999999998 22 5760.0 -530.0 108 -108 279.38999999999993 255.5709999999999 53
3840.0 545.3629999999998 20 4440.0 -600.0 95 -93 248.42 196.355 60
2680.0 375.89599999999984 14 3330.0 -690.0 102 -56 156.33499999999998 144.838 69
3820.0 556.845 14 4530.0 -780.0 152 -95 212.89099999999993 185.983 78
4220.0 478.943 21 4710.0 -490.0 95 -88 143.989 206.34200000000004 49
4420.0 468.868 17 4770.0 -350.0 72 -87 173.29300000000003 191.854 35
3680.0 546.015 20 4230.0 -650.0 128 -90 231.25199999999995 184.66200000000003 65
3740.0 435.761 18 4080.0 -480.0 82 -76 173.473 184.209 48
2150.0 369.61299999999994 15 2670.0 -580.0 94 -56 140.95399999999998 124.25299999999993 58
4550.0 726.9090000000001 19 5070.0 -520.0 101 -103 310.46600000000007 246.29200000000006 52
4550.0 515.5289999999999 20 4950.0 -400.0 80 -101 199.40000000000003 207.26000000000002 38
3250.0 400.306 20 3780.0 -530.0 88 -70 160.09799999999998 151.20200000000003 53
4660.0 522.1389999999998 22 5250.0 -640.0 96 -72 245.15799999999996 235.367 64
2125.0 1110.683 17 3300.0 -1175.0 130 -71 186.25400000000005 140.81699999999998 117
3610.0 534.4109999999998 14 4050.0 -440.0 90 -104 187.81199999999998 167.25400000000002 44
3320.0 437.1129999999999 20 3660.0 -340.0 70 -69 177.54200000000003 185.67899999999997 34
3560.0 422.72100000000006 16 3900.0 -340.0 70 -67 198.01900000000003 170.108 34
3190.0 383.274 17 3600.0 -510.0 86 -64 151.68599999999998 152.16899999999998 51
4100.0 553.0129999999999 16 4620.0 -520.0 106 -93 186.35399999999996 192.45199999999994 52
4470.0 480.60500000000013 15 4890.0 -420.0 79 -88 190.038 187.65499999999997 42
4500.0 533.221 22 4890.0 -390.0 80 -92 194.668 204.85000000000002 39
4010.0 462.244 16 4560.0 -670.0 105 -88 171.13200000000003 175.93200000000002 67
2320.0 456.8829999999999 14 3150.0 -830.0 127 -64 164.115 130.52699999999996 83
3970.0 419.23799999999994 17 4530.0 -560.0 91 -71 166.86199999999997 180.3979999999999 56
4210.0 527.3779999999998 17 4920.0 -740.0 124 -91 171.17199999999994 205.01899999999995 74
3760.0 486.46999999999997 17 4410.0 -650.0 98 -74 227.466 196.816 65
3620.0 468.604 16 3960.0 -340.0 69 -87 200.093 175.099 34
3835.0 441.66399999999993 12 4350.0 -515.0 102 -81 155.63199999999995 159.11899999999994 50
5070.0 560.709 18 5460.0 -390.0 75 -86 262.656 223.59299999999993 39
4980.0 583.1279999999999 18 5370.0 -390.0 74 -97 238.62899999999993 239.09299999999996 39
4960.0 598.6579999999999 18 5370.0 -410.0 84 -102 252.48299999999995 192.61899999999994 41
3840.0 538.135 19 4410.0 -620.0 107 -84 178.13199999999998 196.01899999999998 62
3950.0 474.82000000000005 12 4380.0 -430.0 88 -93 162.62 169.59199999999998 43
3950.0 739.813 18 4770.0 -820.0 117 -93 205.327 199.44999999999996 82
5000.0 497.85699999999986 18 5580.0 -580.0 95 -85 215.6529999999999 195.76299999999998 44
4850.0 408.7510000000001 20 5280.0 -430.0 78 -82 156.31699999999998 184.34699999999998 43
3820.0 429.30999999999995 20 4200.0 -530.0 104 -78 136.83499999999998 198.8 53
4490.0 536.5 22 4920.0 -450.0 92 -80 255.273 227.18199999999996 45
6250.0 656.707 18 6750.0 -500.0 86 -107 278.2659999999999 282.64199999999994 36
2360.0 426.442 15 2790.0 -430.0 87 -71 162.92699999999996 123.87199999999997 43
3540.0 498.6040000000001 19 3990.0 -450.0 74 -70 200.61999999999998 198.30399999999995 30
4470.0 829.3459999999998 21 5010.0 -540.0 85 -102 242.48399999999998 206.74999999999997 54
3240.0 449.3339999999999 16 3750.0 -510.0 104 -76 155.17799999999997 158.036 51
4650.0 496.23000000000013 14 5010.0 -360.0 74 -93 166.24900000000002 202.41800000000003 36
3530.0 503.9969999999999 16 4140.0 -630.0 129 -92 199.23399999999998 184.99699999999999 63
2630.0 426.35100000000006 16 3090.0 -460.0 89 -75 165.47499999999997 129.74499999999998 46
3270.0 475.00599999999986 18 3990.0 -720.0 140 -77 157.375 161.611 72
3560.0 470.9209999999998 21 4140.0 -580.0 93 -78 155.73699999999997 180.824 43
4470.0 591.692 22 5010.0 -540.0 85 -105 235.35399999999998 224.35199999999998 40
3730.0 445.7489999999999 16 4080.0 -380.0 78 -80 176.18699999999995 174.87 38
4760.0 536.8029999999999 16 5130.0 -370.0 76 -100 207.82299999999992 217.20899999999992 37
4530.0 488.639 18 5040.0 -510.0 91 -100 167.39899999999997 206.13799999999992 51
2110.0 397.982 15 2520.0 -410.0 77 -67 148.94599999999997 108.69999999999999 41
5940.0 629.3020000000001 20 6360.0 -420.0 85 -106 208.35499999999996 266.54499999999985 41
4390.0 548.2649999999998 23 4950.0 -580.0 119 -86 235.564 219.051 58
4160.0 496.73800000000006 17 4500.0 -340.0 70 -91 190.21199999999996 208.71 34
4660.0 615.089 18 5190.0 -530.0 83 -99 238.90499999999997 230.12099999999995 38
4520.0 488.34299999999996 18 5010.0 -490.0 93 -93 173.36399999999998 216.61600000000004 49
4470.0 601.6769999999998 19 5040.0 -570.0 89 -95 246.36700000000002 214.81199999999995 57
5770.0 648.4299999999998 23 6210.0 -440.0 83 -105 310.3879999999999 255.36699999999993 44
3060.0 387.407 17 3510.0 -450.0 79 -76 139.647 164.412 45
4220.0 567.4719999999999 22 4620.0 -400.0 82 -83 251.84900000000005 200.77599999999998 40
3645.0 494.5369999999999 15 4020.0 -375.0 76 -83 194.3029999999999 175.76 37
3680.0 495.06399999999996 16 4260.0 -580.0 102 -91 154.587 207.65399999999997 58
4200.0 532.287 20 4560.0 -360.0 74 -77 235.18299999999994 194.18699999999993 36
2510.0 421.187 17 2880.0 -370.0 73 -63 176.49499999999998 130.82600000000002 37
3715.0 496.6940000000001 19 4200.0 -485.0 82 -89 191.445 181.15099999999995 34
4930.0 586.2669999999999 23 5310.0 -380.0 73 -88 262.29800000000006 229.995 38
4010.0 529.6120000000001 14 4470.0 -460.0 94 -86 182.279 195.88599999999997 46
4960.0 634.7830000000002 24 5640.0 -680.0 92 -100 246.18299999999996 247.25199999999992 68
3340.0 441.767 14 3690.0 -350.0 72 -67 209.13199999999995 162.54799999999994 35
3520.0 394.352 20 3870.0 -550.0 113 -61 152.43399999999997 163.42499999999998 55
2510.0 405.51799999999986 15 3330.0 -820.0 141 -80 112.76499999999997 142.129 61
2850.0 461.35299999999984 17 3510.0 -660.0 102 -78 192.55199999999996 143.34500000000003 66
4985.0 589.304 19 5430.0 -445.0 90 -113 209.18400000000003 227.58999999999995 44
2910.0 344.75 14 3270.0 -460.0 93 -52 143.36799999999997 139.22699999999998 46
4240.0 473.61899999999986 19 4650.0 -410.0 81 -84 182.68 181.26799999999997 41
4210.0 536.7439999999999 19 4650.0 -530.0 108 -103 194.903 205.33999999999995 53
2890.0 425.00699999999995 14 3450.0 -560.0 89 -75 133.761 156.63799999999998 56
4640.0 636.6020000000002 15 5100.0 -490.0 97 -112 251.294 215.6829999999999 49
3820.0 509.6929999999998 18 4380.0 -570.0 117 -74 200.70999999999995 198.819 57
4390.0 544.0880000000001 20 4770.0 -560.0 107 -80 213.98599999999993 211.56099999999998 50
4310.0 536.345 21 4650.0 -340.0 70 -95 209.813 211.6499999999999 34
3840.0 518.879 15 4440.0 -600.0 98 -78 193.95099999999996 230.67699999999996 60
4770.0 537.7929999999998 23 5190.0 -420.0 70 -78 254.52699999999993 232.01000000000002 28
3530.0 967.0949999999988 18 4380.0 -850.0 103 -86 177.468 179.246 85
5175.0 579.0900000000001 17 5790.0 -615.0 108 -93 239.72599999999994 241.257 47
4350.0 499.09599999999995 19 4770.0 -420.0 70 -87 209.25699999999998 216.82999999999996 28
4090.0 450.9899999999999 15 4470.0 -590.0 94 -70 183.74699999999996 174.46199999999996 59
3070.0 366.3669999999999 17 3450.0 -520.0 104 -70 130.78499999999997 152.69 52
4360.0 553.95 18 4950.0 -590.0 76 -90 207.46799999999996 209.91400000000002 59
5570.0 627.432 21 5970.0 -400.0 82 -83 323.5679999999999 253.80199999999996 40
3740.0 526.9669999999998 20 4230.0 -550.0 87 -82 241.04599999999988 179.41199999999995 55
3950.0 517.3649999999999 19 4470.0 -520.0 96 -108 179.35099999999997 168.33400000000003 52
4550.0 612.9629999999999 20 4920.0 -370.0 76 -96 258.10799999999995 226.559 37
5220.0 573.7179999999998 21 5670.0 -450.0 74 -93 228.87 246.17299999999997 30
3720.0 463.856 16 4110.0 -390.0 80 -70 199.572 194.23899999999998 39
4060.0 505.13100000000003 21 4410.0 -350.0 72 -74 230.23799999999997 199.41199999999998 35
4080.0 603.436 14 4560.0 -480.0 94 -88 170.36199999999997 198.78899999999993 48
3430.0 455.9960000000001 17 3960.0 -530.0 89 -75 201.48199999999997 160.421 39
4780.0 529.434 22 5130.0 -620.0 96 -90 213.279 210.56600000000003 62
4940.0 596.187 20 5340.0 -400.0 75 -87 245.73599999999993 241.48399999999992 40
4120.0 531.83 19 4710.0 -600.0 118 -84 239.058 189.20899999999997 60
5050.0 583.683 21 5400.0 -350.0 72 -88 245.68099999999995 248.20100000000002 35
2920.0 519.0269999999998 16 3630.0 -710.0 89 -82 204.08099999999993 160.07999999999998 71
3940.0 468.2219999999999 18 4320.0 -470.0 89 -69 190.428 187.67299999999992 44
4330.0 430.02099999999996 17 4800.0 -470.0 89 -78 163.53999999999996 187.60199999999998 47
2780.0 372.8109999999999 15 3300.0 -570.0 117 -59 127.657 139.976 57
4920.0 539.062 16 5220.0 -300.0 62 -82 229.90099999999993 234.30099999999996 30
5470.0 602.9399999999999 19 5910.0 -440.0 86 -106 227.81799999999998 253.04 44
2250.0 388.366 15 3150.0 -900.0 81 -63 127.68299999999998 140.653 90
3520.0 368.92800000000005 19 3870.0 -350.0 72 -63 170.838 132.14399999999998 35
3420.0 528.9060000000001 17 3870.0 -450.0 79 -89 219.67500000000004 165.88 45
2950.0 1178.856 15 4110.0 -1160.0 83 -88 198.44299999999996 199.956 116
5865.0 614.604 20 6360.0 -495.0 87 -106 230.48099999999997 256.024 48
4770.0 678.2479999999999 19 5250.0 -480.0 84 -104 221.69299999999993 225.23 38
3360.0 500.86999999999983 20 3810.0 -470.0 96 -87 191.38999999999996 158.64499999999998 47
3670.0 495.8 17 4290.0 -620.0 98 -76 209.36299999999994 181.84899999999993 62
4000.0 604.614 23 4560.0 -560.0 88 -88 202.50899999999993 230.67099999999996 56
4670.0 542.5949999999999 21 5040.0 -370.0 76 -83 249.89600000000004 217.1 37
4850.0 614.1210000000001 19 5400.0 -550.0 102 -100 248.192 208.93499999999995 55
4340.0 644.62 23 4950.0 -610.0 94 -97 286.32499999999993 229.892 61
2820.0 450.4369999999999 18 3420.0 -600.0 76 -73 196.01899999999995 144.98299999999998 60
3760.0 451.40199999999993 15 4710.0 -1010.0 125 -81 173.03099999999998 196.17199999999994 86
4140.0 882.0139999999994 21 5100.0 -990.0 112 -80 243.80099999999996 222.64399999999998 99
5015.0 537.054 21 5490.0 -475.0 96 -89 238.94400000000002 216.783 47
4700.0 604.0980000000002 18 5190.0 -490.0 91 -99 225.256 230.80200000000005 49
4530.0 422.41999999999985 14 4890.0 -360.0 74 -85 154.62199999999996 188.29299999999995 36
3385.0 1085.7999999999997 12 4770.0 -1385.0 104 -95 162.119 155.5 236
3655.0 431.121 22 4590.0 -935.0 139 -79 176.28899999999996 188.00100000000003 68
3220.0 542.7280000000001 17 3900.0 -830.0 123 -89 173.83699999999996 173.90099999999998 83
4320.0 584.83 19 4860.0 -540.0 92 -86 241.21399999999997 230.28399999999996 54
2700.0 430.96399999999994 16 3330.0 -630.0 97 -76 121.17799999999998 135.37199999999999 63
4030.0 510.66899999999987 17 4470.0 -440.0 82 -82 238.94599999999997 169.966 44
4510.0 515.039 21 4920.0 -410.0 84 -100 179.08400000000003 207.1479999999999 41
5240.0 654.0090000000001 22 5670.0 -520.0 100 -98 262.1089999999999 250.18299999999996 52
3130.0 392.3729999999999 17 3720.0 -590.0 84 -78 132.428 166.19199999999998 45
3480.0 514.872 15 4140.0 -660.0 130 -67 200.574 165.52799999999996 66
4570.0 450.877 17 5370.0 -800.0 118 -94 141.856 172.514 80
4610.0 544.5029999999998 22 5010.0 -400.0 78 -96 220.766 199.008 40
4370.0 609.294 17 4860.0 -530.0 108 -98 241.42899999999997 225.71099999999996 53
3285.0 493.9809999999999 17 3930.0 -735.0 120 -76 189.15599999999995 179.83299999999997 69
5060.0 637.408 21 5550.0 -490.0 93 -111 241.47299999999998 241.86399999999998 49
4320.0 486.2069999999999 21 4710.0 -390.0 80 -82 203.07799999999997 193.29499999999996 39
3240.0 519.8270000000001 18 4080.0 -900.0 129 -76 219.35199999999998 174.10499999999996 90
4635.0 594.635 22 5100.0 -465.0 81 -106 239.63899999999995 215.481 43
3740.0 384.09299999999996 17 4170.0 -730.0 115 -73 150.84999999999997 132.64199999999997 73
4590.0 474.56299999999993 19 4950.0 -360.0 74 -81 198.69699999999995 177.59599999999995 36
3450.0 441.85100000000006 17 3960.0 -660.0 99 -70 166.05799999999996 183.87599999999995 66
5130.0 541.5440000000001 17 5610.0 -640.0 107 -89 217.62200000000004 241.13299999999998 50
2595.0 326.20899999999995 14 3030.0 -675.0 106 -60 107.98799999999997 134.95800000000003 77
5310.0 556.334 18 5910.0 -600.0 109 -101 224.14099999999996 207.29899999999998 60
2590.0 561.1829999999999 14 3540.0 -950.0 142 -83 164.23999999999995 142.68099999999995 95
4160.0 567.4680000000003 15 4890.0 -730.0 107 -102 186.892 198.22799999999998 73
3830.0 423.1960000000001 17 4620.0 -830.0 105 -73 158.45 214.103 69
3225.0 433.77 18 3960.0 -735.0 100 -76 183.593 167.94599999999997 59
3670.0 462.89599999999984 17 4710.0 -1100.0 138 -82 165.74499999999995 215.52199999999993 96
3130.0 401.3189999999999 17 3510.0 -460.0 94 -64 170.90699999999995 160.53900000000004 46
3860.0 497.03999999999985 16 4470.0 -750.0 92 -83 210.09899999999993 180.164 75
5720.0 668.5699999999999 18 6270.0 -550.0 96 -124 218.32899999999992 260.476 65
3460.0 486.29200000000003 18 4020.0 -610.0 97 -79 159.53199999999998 168.42000000000002 61
4820.0 543.4869999999999 17 5220.0 -500.0 102 -78 237.81999999999996 213.19299999999996 50
5340.0 570.8469999999999 25 5730.0 -390.0 75 -87 247.20699999999997 251.34299999999996 39
4840.0 554.167 21 5190.0 -350.0 72 -91 235.85399999999996 222.98699999999994 35
2160.0 1085.5060000000003 13 3390.0 -1230.0 158 -101 141.159 140.03500000000003 123
4120.0 488.4089999999999 17 4470.0 -350.0 72 -84 211.991 185.87299999999996 35
4380.0 612.2319999999997 19 5310.0 -990.0 129 -92 263.03799999999995 239.85599999999997 99
3930.0 490.63899999999995 18 4290.0 -360.0 74 -82 203.29899999999998 198.14200000000002 36
4690.0 575.5249999999997 20 5100.0 -410.0 84 -92 241.08899999999997 233.53899999999993 41
2755.0 663.2849999999996 14 4200.0 -1535.0 110 -65 156.42399999999998 168.47299999999993 260
4000.0 424.34100000000007 14 4500.0 -510.0 105 -78 162.953 162.64999999999995 51
4480.0 520.6159999999999 14 4830.0 -350.0 72 -91 191.61800000000002 202.19799999999995 35
3420.0 512.9199999999998 18 4170.0 -750.0 96 -82 191.118 182.32500000000002 75
4620.0 545.655 15 5130.0 -510.0 86 -100 210.14799999999997 209.98799999999991 51
2400.0 335.9649999999999 14 2760.0 -360.0 69 -59 141.93499999999997 116.20299999999996 34
4900.0 593.304 20 5460.0 -580.0 109 -91 245.227 246.46299999999994 58
5570.0 404.56999999999994 13 6180.0 -630.0 130 -94 148.87499999999997 138.576 63
4930.0 646.63 19 5340.0 -410.0 81 -90 308.5259999999999 232.47899999999998 39
4890.0 534.2899999999998 18 5310.0 -420.0 70 -94 231.0929999999999 223.96699999999993 28
4380.0 548.6 27 5100.0 -730.0 125 -80 255.61700000000002 222.92399999999992 59
5210.0 535.3549999999999 21 5580.0 -370.0 76 -91 230.86699999999993 226.501 37
4620.0 532.314 17 5220.0 -620.0 128 -83 206.52799999999993 208.43999999999997 62
5850.0 638.4490000000001 18 6420.0 -570.0 102 -118 201.91499999999996 238.297 57
3780.0 497.32500000000005 14 4410.0 -705.0 131 -78 209.99499999999998 191.901 59
4120.0 516.178 22 4710.0 -750.0 126 -72 240.54799999999994 213.49099999999993 75
4330.0 555.372 16 4890.0 -560.0 106 -92 182.63399999999996 224.23199999999997 56
3580.0 457.49100000000004 16 3990.0 -410.0 76 -70 202.539 183.50099999999998 41
4670.0 654.4929999999997 19 5250.0 -580.0 107 -107 221.45499999999998 228.58399999999995 58
4340.0 468.5509999999999 17 4980.0 -640.0 100 -86 152.89899999999997 186.48599999999996 64
2270.0 404.56999999999994 15 2790.0 -640.0 113 -65 183.70299999999995 117.549 64
3520.0 432.773 17 4020.0 -515.0 99 -66 185.154 172.27699999999996 46
5550.0 608.6439999999997 20 6000.0 -450.0 92 -99 230.11599999999993 255.08399999999997 45
3890.0 1114.9559999999992 16 4680.0 -790.0 101 -83 223.32000000000005 212.22699999999998 79
3910.0 475.943 25 4350.0 -460.0 94 -76 200.44799999999998 178.43099999999998 46
4820.0 563.3270000000001 14 5400.0 -580.0 98 -108 198.051 212.748 58
3960.0 543.306 15 4800.0 -840.0 147 -94 175.16 205.10799999999998 84
4650.0 505.921 18 5100.0 -470.0 96 -88 186.34599999999998 222.27899999999994 47
