1830.0 232.98 18 1980.0 -150.0 50 -58 86.18400000000004 77.17099999999996 10
1560.0 264.199 19 1800.0 -240.0 40 -56 116.13300000000001 73.41199999999999 24
2400.0 305.412 20 2640.0 -240.0 40 -75 111.01800000000001 108.38999999999997 24
810.0 170.41699999999994 12 930.0 -120.0 40 -46 47.83399999999999 40.54499999999999 8
1845.0 225.97499999999997 15 1950.0 -105.0 35 -54 85.54299999999999 75.201 7
1550.0 238.009 17 1800.0 -250.0 33 -52 85.64500000000001 68.15999999999998 50
1695.0 224.7949999999999 14 1830.0 -135.0 45 -58 75.131 73.47999999999999 9
1515.0 165.898 17 1740.0 -225.0 30 -47 63.32399999999999 51.72999999999999 45
1605.0 194.85699999999997 15 1740.0 -135.0 45 -49 74.73100000000001 66.866 9
2270.0 321.3959999999999 21 2490.0 -220.0 48 -66 149.73600000000005 94.02799999999999 28
945.0 153.88199999999995 12 1080.0 -135.0 45 -36 55.80099999999999 38.359999999999985 9
1245.0 197.696 15 1500.0 -255.0 36 -46 77.714 58.204999999999984 51
1740.0 237.49999999999997 14 1980.0 -240.0 40 -52 91.92799999999998 80.505 24
1875.0 253.98599999999996 19 1980.0 -105.0 35 -57 100.95600000000003 79.91299999999994 7
2880.0 360.98699999999985 18 3000.0 -120.0 40 -76 140.13299999999998 104.638 8
1710.0 278.21100000000007 22 1830.0 -120.0 40 -70 101.091 63.18800000000002 8
1995.0 279.136 18 2250.0 -365.0 41 -52 108.87 90.32000000000002 73
1780.0 302.543 16 2070.0 -290.0 54 -79 84.39599999999999 81.25400000000002 44
2030.0 255.44499999999996 17 2340.0 -310.0 37 -66 70.93099999999998 95.36999999999998 62
1980.0 224.11699999999996 17 2100.0 -120.0 40 -54 85.17600000000002 76.098 8
1485.0 203.69799999999992 21 1710.0 -225.0 30 -49 65.16799999999998 73.666 45
2215.0 271.42 18 2370.0 -155.0 41 -68 95.457 85.99499999999998 17
1155.0 173.51200000000006 12 1410.0 -255.0 34 -46 50.735 53.00499999999998 51
1140.0 220.94000000000005 19 1260.0 -120.0 40 -55 77.37899999999999 58.474999999999994 8
1740.0 262.30699999999996 18 1860.0 -120.0 40 -55 90.17799999999995 85.856 8
1425.0 228.044 17 1560.0 -135.0 45 -58 74.67999999999999 74.35300000000001 9
1350.0 184.15800000000002 13 1470.0 -120.0 40 -48 52.978 61.622 8
1230.0 211.51200000000003 19 1470.0 -240.0 40 -46 88.33399999999999 59.749999999999986 24
2660.0 298.32700000000006 18 2820.0 -160.0 42 -75 103.99499999999998 104.491 18
1830.0 230.30800000000002 16 2070.0 -240.0 40 -58 73.91199999999999 81.682 24
1230.0 203.854 16 1470.0 -240.0 40 -53 68.38 59.530999999999985 24
1410.0 239.20900000000003 18 1530.0 -120.0 40 -55 93.82300000000001 58.764999999999986 8
915.0 172.98399999999992 15 1050.0 -135.0 45 -42 65.52899999999998 39.36600000000001 9
1905.0 291.6170000000001 17 2040.0 -135.0 45 -76 108.52600000000004 82.52499999999996 9
920.0 186.75899999999996 18 1170.0 -265.0 38 -43 53.044999999999995 47.70300000000001 51
1185.0 185.08799999999997 15 1290.0 -105.0 35 -45 64.52499999999998 54.213999999999984 7
2255.0 298.72700000000003 18 2430.0 -175.0 47 -69 115.108 91.62299999999998 19
1500.0 243.36599999999996 20 1710.0 -210.0 34 -50 94.362 73.709 21
1980.0 262.9360000000001 19 2100.0 -120.0 40 -73 74.149 79.98200000000001 8
1345.0 260.89500000000004 16 1590.0 -245.0 32 -49 120.21099999999997 65.55 49
1640.0 303.626 20 2040.0 -400.0 51 -55 123.53900000000003 84.65899999999999 58
1550.0 303.9709999999999 20 1800.0 -250.0 44 -66 107.82399999999998 82.00399999999996 24
2100.0 303.8329999999999 21 2220.0 -120.0 40 -72 112.273 94.88999999999993 8
1620.0 230.332 15 1860.0 -240.0 32 -49 85.75599999999999 84.246 48
1240.0 185.767 15 1470.0 -230.0 38 -46 74.08099999999999 52.05 23
1860.0 269.161 18 1980.0 -120.0 40 -68 85.00499999999998 77.56800000000001 8
1500.0 224.64399999999995 13 1740.0 -240.0 40 -57 81.83699999999996 66.64699999999999 24
1530.0 252.67899999999992 18 1740.0 -210.0 34 -57 93.122 67.137 21
2295.0 274.731 15 2430.0 -135.0 45 -66 99.816 94.52600000000002 9
1340.0 252.63899999999998 17 1560.0 -220.0 34 -54 104.648 58.077 22
740.0 196.45499999999998 16 990.0 -250.0 33 -44 72.174 48.56199999999998 50
1935.0 226.58 17 2040.0 -105.0 35 -54 81.23100000000001 74.214 7
2205.0 255.37199999999999 14 2340.0 -135.0 45 -48 113.9 94.96799999999996 9
1560.0 244.63399999999996 18 1680.0 -120.0 40 -69 82.89399999999999 52.541999999999994 8
1365.0 205.271 18 1500.0 -135.0 45 -45 83.687 59.89800000000001 9
1050.0 173.23000000000002 19 1170.0 -120.0 40 -50 61.009999999999984 38.175999999999995 8
1485.0 222.591 18 1620.0 -135.0 45 -52 88.01100000000001 62.796999999999976 9
1620.0 211.67499999999998 20 1740.0 -210.0 52 -47 86.70899999999997 62.45099999999997 26
1560.0 293.49299999999994 23 1680.0 -120.0 40 -76 109.09099999999998 59.548999999999985 8
1620.0 226.74999999999991 15 1740.0 -120.0 40 -52 79.95199999999998 71.564 8
1890.0 191.52100000000004 18 2010.0 -120.0 40 -48 70.423 60.262999999999984 8
735.0 180.08099999999996 16 870.0 -135.0 45 -48 62.940999999999974 42.13699999999999 9
1470.0 258.61100000000005 19 1680.0 -210.0 34 -60 90.324 69.067 21
1050.0 212.83099999999993 17 1260.0 -210.0 34 -52 78.23799999999999 40.91 21
930.0 185.29899999999995 17 1290.0 -360.0 24 -46 63.208 47.86099999999998 72
1095.0 221.4599999999999 17 1230.0 -135.0 45 -49 86.063 56.683 9
1995.0 265.14799999999997 18 2130.0 -135.0 45 -63 101.683 88.677 9
1530.0 310.02399999999994 18 1770.0 -240.0 32 -64 129.01500000000001 86.57399999999998 48
1215.0 236.29999999999995 16 1350.0 -135.0 45 -45 92.57099999999998 65.81800000000001 9
1380.0 227.28799999999995 18 1500.0 -120.0 40 -59 74.92199999999998 58.17299999999999 8
1830.0 256.881 22 1950.0 -120.0 40 -66 80.25 70.601 8
1245.0 233.00500000000002 22 1380.0 -135.0 45 -63 77.77299999999998 55.60100000000001 9
1500.0 216.24099999999999 20 1620.0 -120.0 40 -47 74.695 62.20499999999999 8
1575.0 252.17299999999997 19 1710.0 -135.0 45 -60 89.62299999999999 73.40499999999999 9
1335.0 192.91600000000003 13 1590.0 -255.0 36 -48 70.074 60.27599999999999 51
1140.0 206.24800000000002 18 1380.0 -240.0 40 -57 78.19799999999998 44.433 24
1470.0 204.49699999999996 15 1680.0 -210.0 35 -47 79.61399999999999 59.08400000000001 21
1755.0 174.912 11 1860.0 -105.0 35 -52 48.385 61.548000000000016 7
1185.0 176.56499999999994 14 1320.0 -135.0 45 -43 68.06099999999998 50.67899999999999 9
2165.0 262.06500000000005 18 2640.0 -475.0 67 -76 82.61099999999998 88.761 78
1290.0 190.768 12 1410.0 -120.0 40 -50 65.85400000000003 52.581 8
1320.0 198.91400000000004 18 1560.0 -240.0 40 -49 74.35599999999998 60.899000000000015 24
900.0 222.768 17 1140.0 -255.0 45 -54 85.02799999999999 48.30300000000001 25
2085.0 280.32300000000004 13 2340.0 -255.0 36 -58 110.23899999999999 97.66600000000005 51
1360.0 255.029 19 1590.0 -230.0 38 -57 90.83699999999999 76.63999999999999 23
1800.0 252.34900000000002 17 2040.0 -240.0 40 -59 110.79799999999999 71.23799999999999 24
1410.0 220.43599999999995 21 1530.0 -120.0 40 -58 68.39199999999998 55.436000000000014 8
1740.0 202.75999999999993 16 1860.0 -120.0 40 -62 62.693 51.54599999999998 8
1995.0 251.20600000000002 16 2220.0 -225.0 30 -52 99.18300000000002 88.56900000000002 45
1200.0 180.37800000000001 19 1320.0 -120.0 40 -50 61.836 42.49600000000001 8
1320.0 223.26999999999995 21 1530.0 -210.0 34 -44 93.237 61.67899999999999 21
1440.0 230.325 17 1560.0 -120.0 40 -57 76.51399999999998 58.41799999999999 8
1590.0 259.3320000000001 18 1710.0 -120.0 40 -58 93.25600000000003 72.84199999999998 8
1050.0 187.08 18 1290.0 -240.0 40 -60 47.263999999999996 55.20999999999999 24
2235.0 282.603 17 2340.0 -105.0 35 -63 120.66700000000003 88.72899999999996 7
1785.0 253.473 15 2040.0 -255.0 36 -70 74.378 81.14099999999999 51
1335.0 231.83799999999994 19 1590.0 -255.0 34 -54 91.53399999999999 76.49099999999999 51
2040.0 287.21099999999996 14 2310.0 -270.0 50 -75 89.72099999999999 83.65399999999997 26
1710.0 240.25599999999994 15 1830.0 -120.0 40 -65 87.84699999999997 62.26500000000001 8
2025.0 184.307 15 2130.0 -105.0 35 -51 63.41199999999999 65.538 7
1425.0 203.45299999999995 18 1560.0 -135.0 45 -55 63.64499999999999 59.611999999999995 9
1275.0 192.37099999999992 16 1380.0 -105.0 35 -49 60.15699999999998 60.629999999999995 7
1545.0 230.45899999999995 18 1650.0 -105.0 35 -51 87.90899999999998 69.604 7
1635.0 241.911 18 1740.0 -105.0 35 -61 96.736 66.36199999999997 7
1440.0 228.86299999999997 17 1680.0 -240.0 40 -49 96.60600000000004 68.262 24
2175.0 312.375 20 2280.0 -105.0 35 -63 143.76300000000006 97.65099999999998 7
1905.0 278.749 16 2100.0 -195.0 42 -60 107.92400000000002 86.691 25
1500.0 272.63499999999993 19 1950.0 -450.0 115 -66 103.72300000000001 73.37899999999999 37
1170.0 190.09099999999998 16 1410.0 -240.0 40 -49 75.78199999999998 48.014 24
1640.0 237.06500000000003 16 1860.0 -220.0 34 -55 70.80099999999999 76.13099999999997 22
1575.0 205.41000000000003 16 1680.0 -105.0 35 -57 63.548 66.98199999999999 7
1165.0 195.545 15 1320.0 -155.0 42 -54 65.58599999999998 44.498000000000005 17
1425.0 213.04 18 1560.0 -135.0 45 -58 71.42999999999999 56.72699999999998 9
1285.0 190.91599999999997 12 1530.0 -245.0 32 -51 65.51200000000001 50.248000000000005 49
1620.0 235.00600000000003 16 1890.0 -270.0 42 -68 73.22800000000002 55.66499999999999 50
1440.0 203.22199999999995 17 1560.0 -210.0 46 -43 85.74799999999998 59.264 26
1425.0 200.679 18 1560.0 -135.0 45 -49 74.15799999999997 58.66099999999999 9
1510.0 247.40200000000002 17 1920.0 -610.0 61 -58 102.98400000000001 73.865 102
1615.0 256.8550000000002 19 1920.0 -305.0 37 -63 88.27000000000002 68.768 59
2440.0 328.83399999999983 20 2610.0 -170.0 46 -81 109.874 106.172 18
1980.0 295.57700000000006 19 2130.0 -150.0 41 -78 103.503 80.47400000000002 16
1755.0 257.9750000000001 18 1890.0 -135.0 45 -58 104.75200000000001 80.605 9
1125.0 209.30499999999995 14 1260.0 -135.0 45 -51 85.57799999999999 52.78699999999999 9
2355.0 262.24 17 2490.0 -135.0 45 -47 115.594 100.31699999999996 9
1365.0 242.31699999999987 19 1500.0 -135.0 45 -72 80.747 51.399999999999984 9
2055.0 257.00600000000003 19 2160.0 -105.0 35 -59 104.67699999999999 82.11699999999998 7
905.0 187.79899999999998 19 1080.0 -175.0 50 -48 69.32099999999997 40.907000000000004 17
930.0 175.60599999999997 15 1050.0 -120.0 40 -38 55.10799999999998 41.11599999999999 8
1455.0 241.79199999999994 15 1560.0 -105.0 35 -54 95.07 69.784 7
2355.0 242.01199999999994 16 2550.0 -330.0 110 -58 83.91700000000002 93.017 22
1830.0 279.4560000000001 18 1950.0 -120.0 40 -67 102.378 77.19300000000001 8
1005.0 223.49400000000003 16 1110.0 -105.0 35 -53 93.59699999999998 47.588999999999984 7
1425.0 183.12400000000002 14 1560.0 -135.0 45 -46 66.46199999999999 59.385 9
1530.0 243.38600000000002 19 1650.0 -120.0 40 -54 92.845 70.92499999999998 8
2340.0 328.027 17 2580.0 -240.0 45 -74 122.93200000000002 106.94499999999996 23
1875.0 257.86300000000006 17 1980.0 -105.0 35 -61 100.49300000000001 70.828 7
2340.0 281.35200000000003 19 2640.0 -300.0 55 -60 119.94700000000002 88.00999999999996 44
1350.0 216.16899999999995 16 1710.0 -510.0 107 -48 78.91299999999998 69.527 72
1135.0 175.90999999999997 14 1290.0 -155.0 42 -46 57.952 44.22599999999999 17
1260.0 250.37700000000004 20 1470.0 -210.0 34 -55 101.619 58.64 21
1065.0 171.886 13 1320.0 -255.0 34 -51 46.77899999999998 53.53399999999999 51
1380.0 197.91199999999995 15 1620.0 -335.0 46 -46 75.269 65.28399999999999 43
2160.0 310.1790000000001 19 2370.0 -210.0 34 -62 119.41999999999999 102.58699999999997 21
2685.0 332.9529999999999 20 2850.0 -165.0 55 -90 101.424 97.97699999999998 11
1320.0 240.9259999999999 20 1440.0 -120.0 40 -58 84.72099999999998 59.48399999999998 8
1950.0 238.00999999999996 20 2070.0 -120.0 40 -61 82.167 75.899 8
1215.0 198.54900000000006 17 1470.0 -255.0 34 -52 76.16599999999997 52.18099999999999 51
1335.0 150.34099999999995 14 1440.0 -105.0 35 -41 51.068000000000005 45.49999999999999 7
1965.0 314.585 19 2100.0 -135.0 45 -59 139.187 98.19599999999997 9
2230.0 231.866 12 2430.0 -200.0 46 -55 85.06899999999999 74.831 24
1470.0 225.6389999999999 22 1710.0 -240.0 40 -54 75.88499999999999 72.30199999999998 24
2040.0 284.776 17 2160.0 -120.0 40 -63 91.488 86.15700000000001 8
1125.0 203.73499999999996 13 1500.0 -375.0 37 -47 79.118 57.69399999999998 75
2430.0 316.72 15 2550.0 -120.0 40 -72 95.06299999999996 97.23400000000001 8
1530.0 249.30399999999997 22 1740.0 -210.0 34 -64 88.25899999999996 61.37500000000001 21
1790.0 267.8 15 2010.0 -220.0 34 -54 98.02899999999998 89.53100000000005 22
1245.0 210.91099999999997 18 1380.0 -135.0 45 -60 69.116 51.864 9
1230.0 202.14099999999996 13 1350.0 -120.0 40 -50 64.02199999999998 58.581 8
1850.0 283.588 22 2100.0 -250.0 33 -59 95.34999999999998 96.33199999999998 50
1560.0 209.77599999999995 21 1800.0 -240.0 40 -52 79.38199999999998 65.298 24
1125.0 181.265 17 1230.0 -105.0 35 -48 61.45499999999997 52.535 7
1230.0 191.40199999999993 17 1350.0 -120.0 40 -50 64.56399999999998 51.24299999999999 8
1485.0 201.93599999999992 17 1590.0 -105.0 35 -43 84.55099999999999 59.41500000000002 7
1125.0 200.78199999999995 15 1230.0 -105.0 35 -60 61.299999999999976 45.27699999999999 7
2070.0 302.954 12 2250.0 -180.0 48 -66 110.385 96.60900000000001 20
1720.0 265.01900000000006 17 2010.0 -290.0 38 -58 103.94400000000003 67.049 58
2010.0 252.78499999999994 16 2220.0 -210.0 35 -66 100.71900000000002 65.95500000000001 21
1560.0 205.43800000000002 16 1680.0 -120.0 40 -47 81.92900000000002 55.28500000000002 8
1135.0 196.29999999999993 18 1470.0 -335.0 46 -49 80.851 45.717999999999996 43
2120.0 292.226 19 2520.0 -430.0 56 -58 109.016 100.14099999999998 70
1845.0 282.595 19 1980.0 -135.0 45 -69 112.978 79.53999999999998 9
1075.0 191.047 15 1530.0 -455.0 102 -46 64.222 55.74500000000003 63
1215.0 227.51100000000002 22 1350.0 -135.0 45 -62 71.79700000000001 44.967 9
1635.0 226.46599999999998 17 1740.0 -105.0 35 -61 76.74899999999998 65.9 7
1710.0 265.9290000000001 22 1830.0 -120.0 40 -68 85.267 76.55299999999998 8
1620.0 254.07999999999993 17 1740.0 -120.0 40 -74 90.70499999999998 54.184999999999995 8
1740.0 247.72599999999997 12 1860.0 -120.0 40 -63 60.37399999999999 83.348 8
1680.0 232.395 13 1800.0 -120.0 40 -62 66.098 78.82700000000003 8
1410.0 194.66299999999998 16 1620.0 -210.0 35 -51 72.15999999999998 50.653 21
1980.0 293.4289999999999 23 2100.0 -120.0 40 -64 106.14399999999999 89.72299999999998 8
2085.0 252.55999999999997 18 2220.0 -135.0 45 -62 98.81899999999999 76.12400000000001 9
1530.0 268.275 18 1770.0 -240.0 40 -54 111.94399999999999 85.78599999999997 24
1945.0 277.89500000000004 22 2190.0 -245.0 32 -69 104.641 74.64899999999999 49
1905.0 280.2179999999999 25 2010.0 -105.0 35 -64 112.167 75.843 7
1650.0 265.44599999999997 16 1950.0 -300.0 33 -60 92.60099999999998 73.342 60
1935.0 250.63800000000006 22 2160.0 -225.0 30 -60 92.227 84.26699999999998 45
2435.0 309.37000000000006 22 2670.0 -235.0 53 -76 104.11500000000001 101.57500000000002 29
1560.0 243.77300000000005 17 1680.0 -120.0 40 -58 77.625 73.76499999999999 8
1520.0 191.76 12 1770.0 -250.0 33 -56 56.630000000000024 51.73499999999997 50
1405.0 218.52700000000004 20 1650.0 -245.0 32 -56 70.649 65.67799999999998 49
1560.0 207.70999999999998 16 1680.0 -120.0 40 -47 71.713 63.655 8
1590.0 202.11299999999997 17 1830.0 -240.0 40 -48 72.43500000000002 67.624 24
1905.0 263.16099999999994 22 2040.0 -135.0 45 -69 93.31899999999999 80.20499999999997 9
1725.0 324.0319999999999 21 1860.0 -135.0 45 -76 121.43699999999997 79.021 9
1200.0 193.44699999999997 16 1440.0 -240.0 40 -49 72.60199999999999 48.69199999999999 24
1785.0 226.69499999999996 16 1920.0 -135.0 45 -64 67.19800000000001 71.71099999999998 9
1500.0 165.51799999999992 10 1620.0 -120.0 40 -40 53.19699999999999 62.45799999999997 8
1545.0 239.55099999999987 18 1800.0 -255.0 36 -54 87.45999999999997 78.229 51
2050.0 315.88300000000015 23 2250.0 -200.0 41 -77 106.45999999999998 87.007 26
2025.0 262.0080000000001 20 2130.0 -105.0 35 -67 85.91000000000004 87.39899999999996 7
1050.0 170.01299999999998 15 1170.0 -205.0 45 -38 63.735999999999976 48.72199999999998 25
2130.0 268.318 15 2460.0 -330.0 47 -61 110.25099999999999 91.31099999999999 42
1320.0 182.46699999999996 19 1440.0 -120.0 40 -50 58.26799999999997 48.24999999999999 8
1515.0 198.76999999999998 19 1620.0 -105.0 35 -53 76.573 58.58199999999999 7
2280.0 291.927 17 2400.0 -120.0 40 -73 98.86499999999998 86.51100000000002 8
1410.0 173.32399999999998 15 1650.0 -240.0 40 -52 52.001 58.63899999999998 24
795.0 164.56399999999996 18 1020.0 -225.0 30 -38 55.532000000000004 57.19599999999999 45
1800.0 232.56400000000008 16 1920.0 -120.0 40 -56 81.98799999999999 67.011 8
2355.0 284.60600000000005 18 2460.0 -105.0 35 -59 104.58500000000001 109.46499999999997 7
1890.0 339.04700000000025 21 2010.0 -120.0 40 -78 136.15700000000004 76.19099999999997 8
1770.0 245.3779999999999 20 1890.0 -120.0 40 -57 81.87299999999999 79.82 8
1635.0 224.6920000000001 13 1740.0 -105.0 35 -45 88.43500000000002 76.05999999999997 7
2190.0 253.56599999999992 16 2310.0 -120.0 40 -71 63.18099999999998 87.278 8
1590.0 236.8699999999999 17 1710.0 -120.0 40 -61 78.04099999999995 66.713 8
1620.0 253.11500000000004 17 1740.0 -120.0 40 -65 78.953 69.06499999999998 8
1680.0 234.51100000000008 14 1800.0 -120.0 40 -50 87.83600000000004 74.55399999999996 8
2310.0 304.688 14 2430.0 -120.0 40 -61 127.82700000000003 95.57499999999996 8
1905.0 300.20700000000005 21 2040.0 -135.0 45 -77 111.07500000000003 77.98699999999997 9
1155.0 206.18599999999992 18 1260.0 -105.0 35 -37 96.68499999999996 59.09499999999999 7
1620.0 239.19699999999995 20 1860.0 -240.0 40 -55 88.20900000000002 79.95599999999997 24
1710.0 249.56499999999997 16 1830.0 -120.0 40 -57 90.89899999999999 66.002 8
1930.0 255.08599999999996 19 2220.0 -290.0 40 -58 100.06099999999999 85.13199999999999 53
2675.0 400.82800000000015 20 2970.0 -295.0 55 -87 154.55000000000007 126.03299999999996 43
1845.0 223.1449999999999 17 2010.0 -165.0 46 -45 91.446 76.77600000000001 17
2715.0 317.433 18 2850.0 -135.0 45 -72 108.16299999999998 117.93400000000001 9
1465.0 228.011 15 1710.0 -245.0 32 -44 84.38799999999999 77.91000000000001 49
1590.0 258.063 22 1710.0 -120.0 40 -64 100.11399999999998 58.56899999999999 8
1530.0 275.65699999999987 16 1650.0 -120.0 40 -57 113.86200000000004 67.36399999999998 8
1395.0 210.656 18 1620.0 -225.0 30 -55 76.26699999999998 59.573999999999984 45
1095.0 176.059 11 1350.0 -255.0 34 -47 58.891 49.438999999999986 51
1785.0 245.21000000000004 14 2040.0 -530.0 40 -46 67.11200000000001 85.79600000000002 106
715.0 177.809 14 960.0 -245.0 32 -42 59.09699999999999 39.925999999999995 49
1365.0 160.88400000000001 12 1470.0 -105.0 35 -37 73.04800000000002 45.564 7
1060.0 181.50900000000004 17 1380.0 -350.0 54 -39 70.78399999999999 53.49399999999999 46
880.0 181.293 16 1050.0 -170.0 49 -38 59.794999999999995 57.43099999999998 16
1755.0 234.63699999999994 16 1920.0 -165.0 43 -69 67.15099999999998 62.936000000000014 19
1680.0 244.89000000000004 15 1800.0 -180.0 60 -57 79.003 73.789 12
2160.0 286.367 17 2400.0 -240.0 40 -62 108.61099999999999 98.89700000000003 24
2550.0 267.804 18 2670.0 -120.0 40 -64 106.08399999999999 89.946 8
1545.0 233.389 19 1680.0 -135.0 45 -53 89.28600000000002 70.33999999999997 9
1470.0 229.66799999999998 15 1590.0 -120.0 40 -67 67.109 66.07399999999998 8
1260.0 195.19599999999997 15 1500.0 -240.0 40 -51 70.06899999999997 57.701999999999984 24
1330.0 176.18999999999994 20 1560.0 -230.0 38 -43 70.807 52.494 23
1280.0 246.28099999999995 18 1530.0 -250.0 33 -59 73.26399999999998 61.40799999999999 50
1845.0 251.36199999999994 19 1950.0 -105.0 35 -71 83.71799999999999 63.10999999999999 7
1395.0 187.80699999999993 17 1560.0 -165.0 46 -48 70.003 53.29 17
1575.0 242.958 17 1710.0 -195.0 65 -51 91.27099999999999 68.06200000000003 13
2250.0 284.966 15 2370.0 -120.0 40 -71 93.26200000000001 95.72899999999998 8
1995.0 290.744 14 2100.0 -105.0 35 -60 126.22 83.55000000000001 7
1245.0 229.85199999999998 19 1500.0 -255.0 36 -62 74.28599999999999 57.34299999999998 51
1575.0 241.55500000000006 15 1800.0 -225.0 30 -51 116.01400000000005 63.067999999999984 45
1275.0 212.64199999999994 17 1530.0 -255.0 34 -46 77.92500000000001 67.434 51
2475.0 330.8180000000001 16 2610.0 -135.0 45 -81 111.29799999999996 108.82100000000001 9
1545.0 207.57199999999997 16 1770.0 -225.0 30 -53 81.545 62.74999999999999 45
1620.0 234.63500000000005 18 1860.0 -240.0 40 -65 81.14600000000003 63.86699999999998 24
1830.0 255.43299999999994 15 1950.0 -120.0 40 -54 99.52100000000002 84.92399999999998 8
1365.0 227.23399999999998 18 1560.0 -245.0 69 -54 79.61799999999998 73.80099999999997 23
900.0 169.51899999999998 14 1020.0 -120.0 40 -38 64.19299999999997 39.822 8
960.0 147.20499999999996 15 1200.0 -240.0 32 -39 42.215999999999994 50.699999999999996 48
2040.0 294.956 20 2250.0 -210.0 47 -75 92.243 90.58 26
1665.0 271.29200000000014 19 1950.0 -285.0 40 -78 86.01499999999999 72.36300000000003 57
960.0 178.922 16 1200.0 -240.0 40 -52 52.68099999999999 47.553 24
1795.0 273.663 19 2040.0 -245.0 32 -67 96.86 81.777 49
1430.0 261.803 18 1650.0 -220.0 34 -54 97.08599999999996 73.453 22
1890.0 278.90899999999993 17 2010.0 -120.0 40 -63 108.208 75.211 8
1710.0 229.61299999999997 18 1830.0 -120.0 40 -58 79.07900000000001 69.467 8
1860.0 328.94899999999996 21 1980.0 -120.0 40 -74 120.98500000000004 82.498 8
1370.0 203.861 14 1710.0 -340.0 39 -56 55.09999999999999 67.303 68
1845.0 260.106 15 1980.0 -135.0 45 -62 76.44 91.99200000000002 9
1755.0 238.69600000000005 22 1890.0 -135.0 45 -54 103.28800000000001 68.264 9
1815.0 249.86600000000004 19 1920.0 -105.0 35 -57 101.39500000000002 77.09599999999996 7
2085.0 250.819 18 2190.0 -105.0 35 -59 99.28699999999999 79.34299999999999 7
1380.0 258.1120000000001 17 1500.0 -120.0 40 -61 86.04399999999995 61.391999999999996 8
2800.0 314.3580000000001 18 2970.0 -170.0 39 -68 124.40100000000007 114.95099999999996 20
1230.0 229.31900000000002 14 1470.0 -240.0 32 -55 81.02 67.34899999999999 48
2065.0 289.736 17 2310.0 -245.0 32 -59 113.07099999999997 91.47900000000003 49
1695.0 250.047 16 1830.0 -135.0 45 -56 106.21699999999997 64.39299999999997 9
2100.0 274.55999999999995 18 2220.0 -120.0 40 -69 94.87599999999996 83.323 8
990.0 214.9719999999999 14 1200.0 -210.0 35 -53 78.71999999999998 51.69799999999999 21
2760.0 269.31399999999996 14 2880.0 -120.0 40 -66 97.36999999999998 95.792 8
1500.0 244.59800000000004 17 1620.0 -120.0 40 -58 77.61599999999999 66.83000000000001 8
1405.0 215.76900000000003 14 1650.0 -245.0 32 -48 74.32500000000002 67.78299999999997 49
1125.0 253.04100000000003 22 1440.0 -315.0 45 -65 79.70299999999999 62.42999999999999 54
1500.0 243.88099999999997 19 1620.0 -120.0 40 -64 87.07299999999998 54.56099999999999 8
990.0 201.2189999999999 14 1230.0 -240.0 32 -53 58.294 48.002 48
1700.0 270.74099999999993 20 1980.0 -280.0 33 -53 117.282 88.20599999999999 56
1500.0 220.171 23 1620.0 -120.0 40 -55 71.522 69.198 8
945.0 206.01299999999995 18 1170.0 -225.0 30 -55 74.65799999999996 48.65 45
1850.0 304.238 19 2070.0 -220.0 48 -76 99.03699999999996 83.141 28
1245.0 236.08700000000002 18 1380.0 -135.0 45 -47 99.13599999999998 69.97899999999998 9
1980.0 258.914 15 2220.0 -240.0 40 -60 87.60899999999998 98.30699999999999 24
1020.0 190.17299999999997 15 1140.0 -120.0 40 -55 55.82599999999998 49.901999999999994 8
1200.0 203.38299999999998 13 1320.0 -120.0 40 -54 66.246 48.47399999999999 8
1250.0 216.732 20 1500.0 -250.0 33 -63 55.253 52.99699999999999 50
2010.0 270.79100000000005 13 2250.0 -240.0 35 -70 83.60400000000001 85.15299999999996 46
2580.0 357.20000000000005 17 2790.0 -210.0 35 -71 144.69 120.98399999999998 21
1695.0 221.8930000000001 16 1800.0 -105.0 35 -61 77.30200000000002 58.763999999999996 7
1260.0 200.75499999999994 16 1380.0 -120.0 40 -48 70.20099999999998 57.666999999999994 8
1740.0 242.03500000000005 18 1980.0 -240.0 40 -61 98.19600000000003 58.484 24
1170.0 203.85699999999994 17 1290.0 -120.0 40 -52 64.50599999999999 51.53 8
1470.0 246.06899999999996 15 1590.0 -120.0 40 -63 85.70900000000002 61.392 8
1860.0 258.77299999999997 17 2100.0 -240.0 32 -55 100.05100000000002 87.882 48
2025.0 284.2109999999999 19 2250.0 -225.0 51 -53 117.62799999999999 100.36399999999998 27
990.0 191.47899999999998 13 1110.0 -120.0 40 -52 60.130999999999986 42.911 8
1905.0 250.3940000000001 18 2040.0 -135.0 45 -66 96.99400000000003 68.981 9
1380.0 202.59399999999994 21 1500.0 -120.0 40 -44 73.34999999999998 53.40099999999998 8
1270.0 194.826 16 1560.0 -290.0 32 -54 56.47399999999999 56.195 58
2025.0 263.24000000000007 19 2250.0 -225.0 43 -61 101.18700000000001 87.258 31
1560.0 197.1199999999999 19 1680.0 -120.0 40 -48 60.58399999999998 68.17399999999998 8
1605.0 223.79199999999994 20 1710.0 -105.0 35 -56 80.877 65.92299999999999 7
-885.0 644.1159999999995 8 1140.0 -2165.0 82 -39 53.09699999999999 37.580999999999996 419
1560.0 243.73000000000002 18 1800.0 -240.0 40 -59 88.13499999999999 77.885 24
1830.0 231.8569999999999 20 1950.0 -120.0 40 -57 82.637 61.67899999999999 8
1800.0 310.18800000000005 25 1920.0 -120.0 40 -75 113.46199999999996 84.814 8
2280.0 266.67900000000003 14 2490.0 -210.0 34 -57 104.33800000000001 91.50899999999999 21
1095.0 212.44599999999997 20 1230.0 -135.0 45 -54 69.71199999999997 51.11999999999999 9
1785.0 245.10899999999995 16 1920.0 -135.0 45 -61 84.284 76.54299999999998 9
2175.0 265.2789999999998 20 2310.0 -135.0 45 -59 108.75299999999999 85.41899999999998 9
1620.0 196.08199999999997 13 1860.0 -240.0 40 -49 70.93699999999998 63.13400000000001 24
1785.0 255.85899999999987 18 1920.0 -135.0 45 -58 93.83699999999997 84.55500000000002 9
1860.0 281.41800000000006 18 1980.0 -120.0 40 -60 114.58300000000006 75.51699999999995 8
1585.0 234.21900000000002 16 1950.0 -365.0 29 -58 89.91200000000002 68.46900000000001 73
1540.0 206.28099999999992 12 1710.0 -170.0 47 -53 66.17299999999997 63.763 18
1755.0 282.653 21 1860.0 -105.0 35 -64 107.931 84.04200000000002 7
1785.0 212.69099999999995 19 1890.0 -105.0 35 -55 76.09 69.21000000000001 7
2040.0 268.94999999999993 16 2280.0 -240.0 40 -60 106.295 93.37999999999997 24
2070.0 275.05400000000003 22 2190.0 -120.0 40 -63 98.26500000000001 85.73000000000002 8
1515.0 206.39899999999997 13 1770.0 -255.0 34 -49 66.17999999999999 67.88000000000001 51
1290.0 220.15900000000002 16 1410.0 -120.0 40 -55 78.06499999999997 50.45799999999999 8
1755.0 235.07399999999996 17 1890.0 -135.0 45 -53 95.80000000000003 72.25999999999999 9
1410.0 243.74499999999998 16 1530.0 -120.0 40 -59 70.61400000000003 86.11699999999999 8
1275.0 168.257 17 1410.0 -135.0 45 -40 59.809000000000005 56.65799999999998 9
985.0 221.7919999999999 19 1230.0 -245.0 32 -57 73.31799999999997 57.94699999999999 49
1750.0 253.292 19 1980.0 -230.0 38 -54 99.05300000000001 83.78899999999996 23
1675.0 213.069 17 1920.0 -260.0 37 -53 59.83399999999999 72.43000000000002 50
570.0 206.3619999999999 13 810.0 -240.0 40 -40 94.17399999999998 42.84199999999999 24
1320.0 206.56699999999992 14 1440.0 -120.0 40 -46 82.93599999999999 53.845000000000006 8
1470.0 258.867 20 1710.0 -240.0 32 -58 94.77499999999998 69.99499999999998 48
1260.0 226.611 11 1380.0 -120.0 40 -40 98.389 68.99299999999997 8
1815.0 284.05800000000005 15 2130.0 -315.0 35 -61 101.804 91.65700000000001 63
1335.0 213.72499999999997 16 1440.0 -105.0 35 -53 80.806 56.63899999999999 7
1875.0 242.048 15 2010.0 -135.0 45 -61 80.31200000000003 74.38699999999996 9
1905.0 199.08500000000004 16 2010.0 -105.0 35 -44 77.83800000000004 71.73599999999998 7
1305.0 226.64 21 1410.0 -105.0 35 -59 82.363 54.99799999999999 7
1515.0 231.80700000000004 17 1650.0 -135.0 45 -56 78.585 72.55699999999999 9
1110.0 189.19300000000004 16 1350.0 -240.0 40 -50 69.38599999999998 60.29999999999999 24
1455.0 217.50099999999998 20 1560.0 -105.0 35 -55 73.20499999999998 70.047 7
2250.0 260.574 16 2370.0 -120.0 40 -59 98.54799999999999 82.138 8
1695.0 209.314 16 1830.0 -135.0 45 -52 59.165 77.42 9
1920.0 325.41099999999994 23 2040.0 -120.0 40 -75 119.83699999999999 83.37500000000001 8
835.0 152.763 15 1080.0 -245.0 32 -35 46.86699999999999 45.995 49
945.0 195.66299999999998 17 1080.0 -135.0 45 -60 63.02899999999997 44.147999999999996 9
1385.0 237.01700000000002 19 1680.0 -295.0 42 -51 89.04899999999999 69.58899999999997 55
2370.0 314.88399999999996 18 2490.0 -120.0 40 -80 103.868 83.17799999999997 8
1965.0 282.906 23 2070.0 -105.0 35 -75 88.09400000000001 82.94699999999999 7
655.0 134.66099999999997 12 900.0 -245.0 32 -36 37.870000000000005 35.018 49
1050.0 208.68999999999997 17 1290.0 -240.0 40 -53 71.465 64.53399999999999 24
960.0 148.26999999999995 13 1080.0 -120.0 40 -44 40.730000000000004 39.524 8
1680.0 252.80199999999996 17 1800.0 -120.0 40 -69 74.62599999999998 72.71099999999998 8
1725.0 211.09399999999997 16 1920.0 -195.0 50 -69 61.53899999999999 50.06499999999999 23
1695.0 212.402 18 1830.0 -135.0 45 -44 82.327 67.01199999999997 9
1875.0 267.383 21 1980.0 -105.0 35 -62 109.982 77.684 7
1935.0 216.57299999999998 13 2040.0 -105.0 35 -57 83.70200000000001 70.58799999999998 7
1375.0 189.99499999999995 14 1620.0 -245.0 32 -45 68.71900000000001 59.167000000000016 49
1755.0 269.523 13 1890.0 -135.0 45 -66 104.499 64.227 9
1100.0 207.92700000000002 20 1350.0 -250.0 33 -53 66.95099999999998 64.40299999999999 50
1260.0 216.12800000000001 19 1380.0 -120.0 40 -49 69.365 65.05899999999998 8
1575.0 240.2019999999999 16 1710.0 -135.0 45 -64 93.12599999999999 61.909000000000006 9
2385.0 333.7100000000001 19 2610.0 -225.0 54 -81 97.84299999999999 114.66100000000003 29
1545.0 237.994 18 1650.0 -105.0 35 -58 93.05300000000001 69.13799999999998 7
1245.0 231.993 19 1380.0 -135.0 45 -70 67.94099999999999 54.769 9
1755.0 300.8349999999999 20 1890.0 -135.0 45 -78 122.23800000000001 62.578999999999986 9
1920.0 263.06500000000005 14 2040.0 -120.0 40 -61 87.79999999999995 84.80700000000002 8
1465.0 203.94100000000003 16 1710.0 -245.0 32 -57 49.52899999999999 70.213 49
2040.0 264.6110000000001 19 2250.0 -210.0 35 -62 97.98900000000002 88.75199999999998 21
1800.0 281.876 22 1920.0 -120.0 40 -67 105.11399999999996 78.15499999999997 8
2305.0 251.6300000000001 12 2520.0 -215.0 44 -61 77.14900000000003 94.98500000000004 27
1485.0 175.18699999999998 16 1590.0 -105.0 35 -48 52.82199999999999 55.65399999999999 7
1040.0 208.71299999999997 16 1380.0 -340.0 41 -50 70.51099999999998 59.705 68
1635.0 267.048 21 1740.0 -105.0 35 -66 94.17099999999998 74.03900000000002 7
1605.0 244.06399999999996 15 1710.0 -105.0 35 -61 81.69799999999998 74.29600000000002 7
1500.0 237.75699999999995 15 1620.0 -120.0 40 -63 71.70299999999997 64.73800000000001 8
1605.0 240.03300000000002 19 1830.0 -225.0 30 -61 80.08399999999999 80.596 45
1125.0 162.89999999999992 18 1230.0 -105.0 35 -40 60.84799999999999 43.883999999999986 7
1530.0 217.51999999999998 18 1740.0 -210.0 34 -49 90.454 62.77399999999998 21
1800.0 269.9359999999999 18 1920.0 -120.0 40 -72 93.01900000000002 72.27599999999997 8
1380.0 231.30099999999996 14 1500.0 -120.0 40 -59 90.06099999999999 51.268 8
1795.0 223.32300000000004 16 2040.0 -245.0 32 -63 63.32399999999999 74.17800000000003 49
1470.0 238.66799999999992 17 1590.0 -120.0 40 -58 81.503 70.999 8
1965.0 255.62999999999997 12 2100.0 -135.0 45 -52 91.94799999999996 97.76900000000002 9
2055.0 263.992 15 2520.0 -465.0 115 -61 109.86500000000004 82.64900000000002 39
1770.0 302.8670000000001 21 2010.0 -240.0 40 -74 129.35199999999998 71.72599999999998 24
1790.0 296.197 14 2100.0 -310.0 41 -67 86.631 89.86900000000001 62
1840.0 260.7840000000001 13 2070.0 -230.0 38 -67 87.471 85.95699999999995 23
1170.0 181.5279999999999 17 1410.0 -240.0 40 -52 51.783 50.690999999999995 24
1555.0 255.16000000000003 16 1800.0 -245.0 32 -60 87.74999999999999 79.64 49
1800.0 270.1550000000002 17 1920.0 -120.0 40 -67 100.43700000000001 68.326 8
1740.0 242.28700000000003 14 1980.0 -240.0 40 -64 90.353 68.15899999999999 24
1500.0 163.735 9 1620.0 -165.0 46 -40 56.97 57.42399999999998 17
1740.0 245.171 22 1860.0 -120.0 40 -58 90.90799999999999 69.07099999999997 8
1290.0 239.19099999999997 20 1410.0 -120.0 40 -58 83.51299999999998 58.64700000000001 8
2190.0 281.504 18 2370.0 -180.0 50 -68 98.44199999999996 75.94000000000003 14
1915.0 259.63700000000006 17 2070.0 -155.0 41 -59 110.48 79.59399999999998 17
825.0 147.432 14 1080.0 -255.0 36 -40 46.74399999999999 41.72 51
1740.0 249.9540000000001 21 1860.0 -120.0 40 -62 78.97000000000001 73.79899999999999 8
1020.0 171.39700000000002 19 1230.0 -210.0 34 -40 62.221 46.46499999999999 21
1200.0 224.99 14 1410.0 -210.0 34 -52 68.113 56.026999999999994 21
1500.0 210.94899999999998 19 1740.0 -255.0 45 -50 85.11200000000002 66.15699999999998 25
1245.0 262.682 21 1500.0 -255.0 34 -58 89.33999999999999 69.488 51
1500.0 234.88300000000004 18 1740.0 -240.0 40 -58 91.93300000000004 67.66099999999999 24
1050.0 192.95600000000005 19 1170.0 -120.0 40 -46 70.431 49.67599999999999 8
1035.0 226.07300000000004 18 1290.0 -255.0 36 -48 92.72999999999998 59.068 51
735.0 183.90899999999996 18 960.0 -225.0 30 -52 67.94 34.998999999999995 45
1760.0 189.819 12 2010.0 -250.0 33 -42 52.615999999999985 74.13700000000001 50
2220.0 262.836 18 2460.0 -240.0 40 -69 89.47399999999999 88.50700000000002 24
1815.0 252.47199999999998 23 1950.0 -135.0 45 -64 88.16099999999999 78.172 9
1620.0 268.1239999999999 21 1830.0 -210.0 34 -69 91.77199999999995 64.993 21
1425.0 189.41599999999997 16 1560.0 -135.0 45 -42 70.61599999999999 61.272 9
1830.0 247.81900000000013 19 1950.0 -120.0 40 -56 87.30600000000001 80.49699999999997 8
1230.0 209.85299999999992 18 1530.0 -300.0 33 -57 62.32199999999998 60.309999999999995 60
1380.0 225.99799999999996 19 1500.0 -135.0 45 -42 92.19599999999998 71.491 9
1410.0 256.16200000000003 21 1530.0 -120.0 40 -64 85.35599999999998 69.38599999999998 8
1890.0 267.031 15 2280.0 -390.0 56 -62 84.66300000000001 67.94300000000001 61
2125.0 290.08900000000006 19 2370.0 -245.0 32 -56 109.57000000000004 95.89400000000005 49
510.0 157.40299999999996 15 810.0 -300.0 42 -37 64.198 43.032 60
1920.0 267.448 16 2040.0 -210.0 70 -65 88.05500000000002 79.668 14
1205.0 175.72000000000003 15 1560.0 -355.0 28 -44 57.019999999999996 68.046 71
1330.0 236.73000000000005 16 1650.0 -320.0 57 -64 62.15199999999999 69.36900000000001 54
1860.0 233.55999999999997 16 1980.0 -120.0 40 -65 67.04499999999999 63.39700000000001 8
700.0 179.285 16 990.0 -290.0 32 -45 61.77699999999999 38.538999999999994 58
825.0 177.46699999999998 16 1050.0 -225.0 30 -54 51.775999999999996 41.935999999999986 45
805.0 186.77199999999993 13 1080.0 -275.0 32 -51 50.197 45.19299999999999 55
2575.0 286.74400000000014 19 2820.0 -245.0 48 -76 88.90199999999999 95.20599999999996 33
1575.0 244.64000000000001 20 1710.0 -135.0 45 -53 89.57000000000004 75.57799999999997 9
2925.0 340.183 16 3270.0 -345.0 48 -73 122.30200000000006 104.09499999999997 45
1200.0 202.22999999999996 17 1320.0 -120.0 40 -55 56.763999999999996 53.154999999999994 8
1905.0 251.60999999999993 21 2040.0 -135.0 45 -59 100.70099999999996 76.42900000000002 9
1845.0 253.09199999999998 19 2340.0 -495.0 117 -64 82.357 80.48599999999999 65
1530.0 268.78599999999994 17 1740.0 -210.0 50 -66 93.05199999999999 79.72300000000003 24
2220.0 282.30199999999996 21 2340.0 -120.0 40 -58 101.50599999999999 102.538 8
1200.0 184.54199999999997 18 1320.0 -120.0 40 -54 48.701999999999984 52.589999999999996 8
1125.0 182.18300000000002 18 1260.0 -175.0 50 -40 72.75400000000002 50.157999999999994 17
2115.0 236.28799999999995 21 2220.0 -105.0 35 -57 88.43899999999998 83.89399999999998 7
1485.0 238.43899999999994 18 1740.0 -255.0 36 -45 90.35699999999999 80.29599999999998 51
1845.0 279.55799999999994 19 2070.0 -225.0 30 -60 125.31199999999998 77.07 45
1035.0 155.51699999999994 13 1170.0 -135.0 45 -40 50.04499999999999 47.32999999999999 9
1700.0 287.15700000000004 20 1920.0 -220.0 46 -76 99.73899999999999 82.25299999999997 30
2415.0 328.019 21 2640.0 -225.0 40 -79 106.281 102.31299999999997 22
1770.0 327.8860000000002 17 2010.0 -240.0 60 -71 104.09199999999998 90.11200000000004 20
520.0 149.07799999999997 12 810.0 -290.0 32 -45 35.876999999999995 37.300999999999995 58
1290.0 197.38199999999995 19 1410.0 -120.0 40 -44 67.14799999999998 54.653000000000006 8
2025.0 287.7480000000001 19 2280.0 -255.0 45 -75 87.426 92.87099999999998 25
1905.0 239.775 17 2040.0 -135.0 45 -76 70.421 69.413 9
1265.0 239.20699999999994 13 1530.0 -265.0 40 -64 68.78799999999998 73.17099999999999 51
1135.0 195.85599999999997 17 1380.0 -245.0 32 -45 65.067 48.41499999999999 49
1860.0 259.398 17 2100.0 -240.0 40 -63 110.62200000000001 77.465 24
960.0 198.16299999999998 18 1080.0 -120.0 40 -51 65.12199999999999 44.86999999999999 8
1455.0 216.57799999999997 15 1590.0 -135.0 45 -61 57.10999999999999 56.56000000000001 9
2420.0 317.34800000000007 20 2640.0 -220.0 52 -79 100.79500000000002 100.81999999999996 28
1140.0 221.34899999999993 15 1260.0 -120.0 40 -46 83.45800000000001 59.318999999999996 8
1755.0 250.45800000000003 19 1890.0 -135.0 45 -71 81.28500000000001 65.33699999999997 9
1500.0 233.04100000000005 18 1740.0 -350.0 47 -56 93.865 64.79099999999998 46
1050.0 167.825 15 1170.0 -120.0 40 -48 49.75299999999998 43.492 8
1650.0 222.3409999999999 14 1950.0 -300.0 36 -46 79.943 81.03000000000002 52
1470.0 232.273 19 1590.0 -120.0 40 -55 74.33100000000002 68.209 8
2445.0 273.76099999999997 20 2550.0 -195.0 65 -71 95.68099999999998 86.947 13
810.0 177.03099999999995 13 930.0 -120.0 40 -41 60.61899999999998 41.79499999999999 8
795.0 153.76399999999998 15 900.0 -105.0 35 -48 48.98399999999998 36.317 7
1695.0 225.88899999999998 16 1920.0 -225.0 30 -52 80.38199999999999 80.63799999999998 45
1185.0 209.72799999999995 18 1410.0 -225.0 30 -53 75.064 49.59499999999999 45
1280.0 230.72299999999998 18 1530.0 -250.0 33 -48 102.43400000000001 62.81100000000001 50
1140.0 241.80399999999995 20 1260.0 -120.0 40 -64 76.45099999999996 59.77299999999999 8
1480.0 235.916 17 1770.0 -290.0 26 -55 84.91000000000001 74.47099999999998 58
1350.0 212.59099999999995 19 1470.0 -120.0 40 -57 67.245 54.480999999999995 8
1410.0 211.454 15 1530.0 -120.0 40 -55 64.671 64.91499999999999 8
2010.0 254.30699999999996 20 2250.0 -240.0 35 -66 86.358 79.519 46
1650.0 221.07099999999997 20 1770.0 -120.0 40 -50 80.444 70.11299999999999 8
1935.0 268.07499999999993 18 2040.0 -105.0 35 -61 111.19299999999998 71.258 7
1545.0 254.53599999999992 19 1650.0 -105.0 35 -65 90.17599999999997 74.217 7
1215.0 219.4019999999999 20 1350.0 -135.0 45 -51 83.92499999999998 60.099000000000004 9
1860.0 222.4579999999999 13 2100.0 -240.0 32 -58 63.202999999999996 81.79000000000003 48
1635.0 199.20999999999992 15 1770.0 -135.0 45 -58 63.79899999999999 61.29899999999999 9
1275.0 150.73999999999995 13 1470.0 -195.0 45 -44 44.43699999999999 40.39199999999998 23
1395.0 173.51999999999998 10 1500.0 -105.0 35 -53 50.40099999999999 52.323999999999984 7
1260.0 246.50400000000005 19 1440.0 -180.0 60 -64 84.238 49.95 12
1485.0 210.07599999999996 16 1620.0 -135.0 45 -57 68.25500000000001 56.56799999999999 9
1695.0 171.97999999999996 15 1830.0 -135.0 45 -48 46.11799999999999 64.49199999999999 9
1905.0 274.545 17 2040.0 -135.0 45 -68 97.31700000000004 80.21399999999998 9
1410.0 210.54400000000007 17 1530.0 -120.0 40 -55 55.42199999999998 65.25999999999998 8
1470.0 272.0970000000001 22 1650.0 -180.0 36 -72 94.10499999999999 64.549 24
1545.0 244.76899999999986 19 1680.0 -135.0 45 -61 80.46699999999998 67.66600000000001 9
1500.0 239.88399999999996 19 1740.0 -240.0 40 -58 89.98800000000003 64.15899999999999 24
2280.0 284.84600000000006 26 2400.0 -120.0 40 -79 105.69099999999999 76.94299999999998 8
2265.0 288.248 22 2400.0 -135.0 45 -63 115.93000000000004 97.36799999999994 9
1635.0 179.575 16 1770.0 -135.0 45 -39 75.61699999999999 64.35199999999999 9
1875.0 327.1810000000001 19 2010.0 -135.0 45 -73 121.896 87.25899999999997 9
1550.0 252.6150000000001 18 1740.0 -190.0 44 -64 74.53299999999999 73.16099999999999 22
1620.0 261.84 20 1740.0 -120.0 40 -62 115.87099999999998 57.39300000000001 8
1420.0 250.89499999999995 18 1650.0 -230.0 38 -61 90.25600000000003 75.24699999999997 23
1530.0 235.91999999999996 15 1650.0 -120.0 40 -56 85.38699999999999 73.15799999999999 8
2460.0 282.2469999999999 15 2700.0 -285.0 47 -65 89.09400000000004 98.27899999999997 51
1800.0 238.12 14 2040.0 -240.0 32 -63 61.53200000000001 75.53799999999997 48
2265.0 275.7439999999999 18 2400.0 -135.0 45 -67 103.72399999999999 78.877 9
1905.0 276.06499999999994 15 2040.0 -135.0 45 -69 99.212 82.65299999999998 9
1935.0 225.696 18 2070.0 -135.0 45 -57 78.07300000000004 80.57399999999997 9
1965.0 318.2939999999999 18 2100.0 -135.0 45 -68 133.52600000000007 84.29899999999998 9
1620.0 257.80799999999994 18 1740.0 -120.0 40 -61 80.758 82.93899999999996 8
1470.0 232.40699999999995 19 1710.0 -240.0 40 -63 77.459 66.16799999999999 24
1410.0 276.18100000000004 18 1620.0 -210.0 34 -54 104.99699999999999 77.73299999999998 21
1935.0 299.6550000000001 21 2070.0 -135.0 45 -80 100.37399999999998 74.16799999999998 9
2145.0 222.45999999999998 19 2280.0 -135.0 45 -64 75.169 69.664 9
1210.0 239.16099999999994 19 1440.0 -230.0 38 -65 83.41499999999999 58.30099999999999 23
2480.0 323.9800000000001 19 2640.0 -160.0 42 -68 141.92700000000002 95.25899999999997 18
1320.0 248.12699999999995 16 1440.0 -120.0 40 -55 96.93800000000002 49.915 8
1290.0 262.531 21 1410.0 -120.0 40 -62 84.451 69.56599999999999 8
1260.0 206.27499999999998 16 1500.0 -240.0 40 -58 70.08500000000001 54.866999999999976 24
1730.0 271.91399999999993 20 1980.0 -250.0 29 -65 97.592 79.71900000000001 50
900.0 187.17700000000002 16 1140.0 -240.0 32 -43 73.15299999999999 53.606999999999985 48
1485.0 234.237 19 1590.0 -105.0 35 -57 86.969 60.98399999999999 7
1320.0 199.443 19 1560.0 -340.0 38 -43 80.791 65.09299999999999 68
1260.0 207.048 17 1380.0 -120.0 40 -61 53.03099999999999 48.820999999999984 8
2235.0 299.7509999999999 19 2370.0 -135.0 45 -75 111.805 86.189 9
1710.0 247.061 15 1830.0 -120.0 40 -55 87.58999999999996 76.37599999999998 8
1315.0 185.509 15 1560.0 -245.0 32 -53 54.812 51.684 49
1170.0 190.699 12 1410.0 -240.0 40 -50 66.72299999999998 50.59199999999999 24
1965.0 310.8070000000001 20 2100.0 -135.0 45 -73 108.07300000000001 101.34499999999998 9
1935.0 292.80400000000003 24 2160.0 -225.0 30 -69 99.415 88.907 45
1260.0 255.57899999999992 18 1710.0 -450.0 48 -63 69.94999999999997 76.63499999999999 90
940.0 173.46399999999988 13 1290.0 -350.0 27 -43 57.40799999999998 46.87899999999998 70
2185.0 324.51699999999994 18 2430.0 -245.0 52 -74 104.47800000000002 98.54599999999998 33
870.0 216.86699999999996 15 1110.0 -240.0 40 -49 96.36399999999998 45.394999999999996 24
1905.0 246.94600000000005 21 2130.0 -225.0 30 -63 84.51700000000002 74.37599999999998 45
1500.0 216.249 16 1740.0 -240.0 40 -45 97.19099999999999 55.660000000000004 24
1530.0 261.082 17 1830.0 -300.0 33 -55 108.72999999999999 69.36599999999999 60
1440.0 213.31399999999994 18 1680.0 -240.0 40 -65 60.33999999999998 66.93599999999998 24
1650.0 240.058 13 1920.0 -270.0 42 -54 70.66499999999999 71.127 50
855.0 155.10699999999994 14 990.0 -135.0 45 -44 51.042999999999985 34.179 9
1830.0 281.07899999999995 24 1950.0 -120.0 40 -66 98.12899999999998 77.794 8
1610.0 259.1479999999999 14 1830.0 -220.0 34 -59 95.17700000000002 65.51299999999999 22
415.0 127.055 11 660.0 -245.0 32 -33 38.74799999999999 27.653999999999996 49
1890.0 300.146 19 2010.0 -150.0 50 -64 114.12599999999998 80.18900000000002 10
1920.0 252.58800000000005 18 2160.0 -240.0 40 -60 100.51 86.112 24
1200.0 168.13600000000002 17 1440.0 -240.0 40 -44 61.3 49.874 24
1515.0 230.84099999999995 18 1620.0 -105.0 35 -60 93.64299999999997 60.321999999999996 7
1440.0 271.6230000000001 17 1650.0 -210.0 34 -53 120.15400000000002 64.368 21
1885.0 298.88400000000007 25 2070.0 -185.0 48 -71 97.08299999999998 93.04899999999999 21
1160.0 215.3969999999999 20 1410.0 -250.0 33 -62 72.35999999999999 52.85499999999999 50
1080.0 193.29500000000004 20 1200.0 -120.0 40 -47 62.123999999999995 51.496 8
990.0 166.105 16 1230.0 -240.0 40 -52 44.29899999999999 47.227000000000004 24
1440.0 258.9759999999999 19 1560.0 -120.0 40 -62 83.45599999999996 69.982 8
2070.0 293.9679999999999 22 2190.0 -120.0 40 -53 125.95100000000001 98.46899999999998 8
1065.0 204.976 20 1320.0 -255.0 36 -57 68.33299999999998 46.98799999999999 51
1380.0 217.07400000000007 17 1500.0 -120.0 40 -61 60.68300000000001 61.448 8
1650.0 243.87899999999996 18 1860.0 -210.0 34 -51 97.13700000000001 68.08099999999999 21
1695.0 190.913 18 1800.0 -105.0 35 -49 66.572 61.19499999999998 7
2215.0 249.92500000000004 15 2460.0 -245.0 32 -59 85.29 91.00699999999996 49
1445.0 265.03000000000003 22 1740.0 -295.0 39 -62 95.39399999999999 68.35699999999999 59
2250.0 298.964 17 2490.0 -240.0 40 -67 114.67599999999996 100.29900000000005 24
660.0 157.14399999999998 11 780.0 -120.0 40 -34 51.089 40.056999999999995 8
1380.0 250.48599999999996 19 1620.0 -240.0 40 -51 101.42599999999999 77.815 24
1190.0 231.27399999999994 19 1410.0 -220.0 34 -59 75.06000000000002 50.55799999999997 22
1320.0 185.748 15 1440.0 -120.0 40 -48 56.40599999999998 53.972999999999985 8
1140.0 210.24999999999994 16 1530.0 -390.0 33 -47 78.71899999999998 61.13099999999999 78
1575.0 246.68800000000002 17 1710.0 -135.0 45 -67 82.55399999999997 66.31199999999998 9
2140.0 311.24199999999996 17 2400.0 -260.0 40 -75 104.79299999999999 96.58699999999999 31
1335.0 220.793 12 1470.0 -135.0 45 -54 79.93799999999999 57.891 9
1185.0 197.09899999999996 16 1320.0 -135.0 45 -48 84.57900000000001 43.05299999999999 9
1935.0 235.56199999999995 20 2040.0 -105.0 35 -63 83.93699999999998 75.70199999999998 7
1405.0 225.38400000000004 15 1650.0 -245.0 32 -47 81.79900000000004 74.68699999999995 49
2385.0 275.8540000000001 19 2520.0 -135.0 45 -69 97.713 93.73799999999997 9
1260.0 239.25699999999995 16 1380.0 -120.0 40 -60 82.48899999999998 60.80399999999999 8
1230.0 190.92 12 1500.0 -270.0 30 -47 61.784000000000006 60.84599999999997 54
2145.0 257.3930000000001 15 2250.0 -105.0 35 -60 90.44700000000003 87.25899999999999 7
1800.0 221.04999999999993 14 1920.0 -120.0 40 -49 78.56099999999999 70.36999999999999 8
1890.0 275.92300000000006 23 2130.0 -240.0 40 -72 100.47899999999997 82.111 24
1125.0 213.14999999999992 17 1230.0 -105.0 35 -52 75.89599999999997 57.87999999999999 7
1665.0 246.30200000000002 20 1770.0 -105.0 35 -65 80.31700000000001 78.85400000000001 7
1395.0 233.8269999999999 18 1530.0 -135.0 45 -60 80.2 61.464999999999996 9
1770.0 243.31199999999987 14 2010.0 -240.0 40 -65 86.03599999999999 72.916 24
1310.0 201.50400000000002 19 1500.0 -190.0 42 -50 71.24399999999999 65.83699999999999 24
1230.0 204.93 17 1350.0 -120.0 40 -52 67.73499999999999 55.756 8
2235.0 285.62600000000003 22 2460.0 -225.0 30 -66 103.83700000000002 96.79700000000001 45
1995.0 258.311 18 2130.0 -135.0 45 -69 90.965 78.03899999999999 9
1140.0 205.307 16 1380.0 -240.0 40 -51 73.21299999999998 52.62600000000001 24
2055.0 252.98900000000003 15 2310.0 -255.0 36 -67 102.09800000000001 70.22300000000001 51
1965.0 250.527 19 2070.0 -105.0 35 -54 105.262 85.18299999999996 7
1855.0 237.57099999999997 18 2040.0 -185.0 40 -63 88.673 75.26899999999999 23
1485.0 283.646 24 1710.0 -225.0 30 -68 103.36799999999998 69.97399999999999 45
2255.0 287.44800000000004 17 2400.0 -145.0 40 -68 105.429 92.59799999999998 15
2080.0 247.641 15 2340.0 -260.0 41 -63 85.247 73.85699999999999 31
1320.0 236.606 17 1530.0 -210.0 34 -58 74.971 63.722 21
1530.0 217.923 15 1650.0 -120.0 40 -50 70.57700000000001 70.023 8
1195.0 178.04699999999997 11 1440.0 -245.0 32 -41 59.624999999999986 53.639999999999986 49
1425.0 190.5160000000001 13 1530.0 -105.0 35 -46 72.40500000000002 63.76999999999998 7
1860.0 322.50299999999993 24 2100.0 -240.0 40 -78 124.247 91.41099999999999 24
1680.0 223.06100000000004 18 1920.0 -240.0 32 -45 99.00099999999999 74.15499999999999 48
1380.0 235.60500000000005 19 1590.0 -210.0 41 -68 83.85099999999998 57.24600000000001 28
1635.0 257.7490000000001 15 1770.0 -135.0 45 -59 93.866 74.069 9
1595.0 263.752 22 1800.0 -205.0 47 -58 97.52800000000002 82.54999999999997 25
1740.0 210.657 16 1980.0 -240.0 32 -48 70.74499999999999 74.97599999999997 48
1700.0 203.84100000000004 15 1950.0 -250.0 33 -49 56.01999999999999 74.35700000000001 50
2175.0 243.932 14 2310.0 -135.0 45 -67 70.301 81.171 9
895.0 177.04499999999996 18 1140.0 -245.0 32 -48 56.18799999999999 46.333000000000006 49
1410.0 227.14 22 1530.0 -120.0 40 -66 55.318999999999996 69.03299999999999 8
1845.0 242.40399999999994 18 1980.0 -135.0 45 -67 83.77799999999998 72.955 9
1125.0 140.77499999999998 14 1230.0 -105.0 35 -39 40.60799999999999 42.333000000000006 7
1845.0 257.444 18 1950.0 -105.0 35 -63 91.834 80.62499999999999 7
840.0 162.761 11 1080.0 -240.0 40 -49 42.779999999999994 40.79399999999998 24
1245.0 232.563 19 1380.0 -135.0 45 -50 88.01100000000002 68.322 9
1465.0 218.893 22 1680.0 -215.0 28 -60 81.616 64.05299999999998 43
1725.0 243.108 20 1830.0 -105.0 35 -62 85.58099999999999 71.99999999999999 7
1815.0 225.14799999999997 18 1950.0 -135.0 45 -53 83.067 75.89399999999999 9
1230.0 209.74699999999996 21 1350.0 -120.0 40 -54 72.90499999999997 56.375 8
2280.0 296.2370000000001 22 2400.0 -120.0 40 -70 103.663 91.63099999999999 8
1575.0 217.2389999999999 19 1830.0 -255.0 36 -50 88.31699999999995 62.10199999999997 51
1630.0 245.10899999999995 17 1800.0 -170.0 43 -59 70.96100000000001 73.67799999999998 18
1335.0 171.07200000000003 18 1440.0 -105.0 35 -55 54.41699999999999 45.544000000000004 7
2205.0 272.946 23 2340.0 -135.0 45 -68 90.85699999999999 78.04100000000001 9
1710.0 223.14799999999994 15 1830.0 -120.0 40 -61 68.879 71.62500000000001 8
2025.0 270.13800000000003 18 2160.0 -135.0 45 -68 96.82699999999998 76.35499999999999 9
1560.0 208.82499999999996 15 1680.0 -120.0 40 -46 80.02900000000002 63.46499999999997 8
1500.0 245.37800000000001 17 1620.0 -120.0 40 -55 100.62899999999998 63.68900000000001 8
1770.0 218.40100000000004 23 2010.0 -240.0 40 -57 82.68899999999996 60.717999999999996 24
1920.0 277.284 17 2040.0 -120.0 40 -71 90.22700000000002 80.19199999999996 8
1710.0 250.53800000000004 18 1830.0 -120.0 40 -64 75.764 70.31800000000001 8
1575.0 306.24899999999997 22 1800.0 -225.0 46 -74 98.64200000000002 82.67 29
1555.0 268.1689999999999 18 1800.0 -355.0 39 -48 119.73299999999999 74.41900000000001 71
1305.0 244.025 17 1440.0 -135.0 45 -60 98.87999999999998 55.56099999999998 9
1400.0 338.1270000000001 22 1710.0 -310.0 51 -68 127.253 76.281 31
1515.0 223.105 18 1620.0 -105.0 35 -61 75.021 59.708 7
1575.0 218.436 18 1710.0 -135.0 45 -55 74.97099999999999 68.07399999999998 9
1320.0 203.30500000000004 14 1440.0 -120.0 40 -60 51.346999999999994 60.04899999999998 8
2250.0 293.8530000000001 14 2370.0 -120.0 40 -57 113.81200000000005 102.74399999999997 8
1450.0 196.23399999999998 15 1800.0 -350.0 29 -50 71.828 62.828999999999986 70
1590.0 267.6239999999999 18 1830.0 -240.0 80 -61 97.31499999999998 75.99399999999999 16
1195.0 194.392 15 1440.0 -245.0 32 -50 72.78399999999998 49.22399999999999 49
1605.0 196.74699999999996 12 1740.0 -135.0 45 -45 76.30899999999998 62.00699999999998 9
1410.0 192.09999999999994 15 1650.0 -240.0 40 -49 73.04199999999999 57.077999999999996 24
1380.0 233.4890000000001 21 1500.0 -120.0 40 -65 76.57299999999996 50.178 8
1860.0 275.15599999999995 16 1980.0 -120.0 40 -64 106.29800000000004 73.87599999999999 8
2070.0 269.37000000000006 20 2190.0 -120.0 40 -72 96.684 77.39799999999998 8
2340.0 272.5779999999999 22 2460.0 -120.0 40 -69 90.85599999999998 83.36800000000001 8
1365.0 292.89899999999994 18 1710.0 -345.0 39 -74 106.11899999999999 69.94099999999997 69
2010.0 280.632 15 2220.0 -210.0 35 -53 112.50600000000001 100.01699999999998 21
1885.0 246.10600000000002 12 2370.0 -485.0 56 -57 82.13100000000003 65.84199999999996 76
915.0 171.05399999999995 11 1170.0 -255.0 34 -41 58.32099999999999 45.27099999999998 51
2175.0 265.578 17 2310.0 -135.0 45 -59 106.528 92.55399999999996 9
1305.0 248.90399999999994 19 1560.0 -255.0 34 -61 84.77999999999999 70.84699999999998 51
1335.0 301.21700000000004 21 1470.0 -135.0 45 -73 110.53699999999999 74.181 9
1635.0 251.339 20 1770.0 -135.0 45 -61 102.43799999999999 61.87199999999999 9
1545.0 244.48799999999997 17 1680.0 -135.0 45 -51 98.81900000000002 75.306 9
1220.0 233.251 14 1440.0 -220.0 36 -52 77.396 54.11100000000001 22
1220.0 214.51599999999993 18 1470.0 -250.0 33 -59 70.51599999999998 53.34699999999999 50
1575.0 228.986 16 1680.0 -105.0 35 -53 86.681 69.36399999999999 7
2450.0 279.68600000000004 13 2670.0 -220.0 34 -52 116.85200000000007 94.91999999999999 22
1290.0 246.00599999999994 18 1530.0 -240.0 40 -58 112.92899999999999 50.318999999999996 24
1530.0 209.135 16 1650.0 -120.0 40 -54 61.99999999999998 67.41799999999999 8
1830.0 260.10400000000016 14 2070.0 -240.0 40 -70 86.58400000000002 70.86199999999998 24
920.0 184.97099999999998 13 1170.0 -250.0 33 -43 53.59499999999999 47.396999999999984 50
2025.0 258.4979999999999 15 2160.0 -135.0 45 -60 113.62899999999999 72.44599999999998 9
2895.0 315.5139999999999 15 3000.0 -105.0 35 -63 124.51400000000001 127.38999999999999 7
2895.0 354.7279999999997 20 3060.0 -165.0 55 -87 109.135 128.77199999999996 11
675.0 113.43799999999997 11 900.0 -225.0 30 -37 30.825999999999993 32.422 45
1305.0 200.62900000000002 16 1410.0 -105.0 35 -50 74.25400000000003 55.200999999999986 7
1140.0 199.61300000000003 19 1380.0 -240.0 40 -62 63.23499999999998 50.90599999999999 24
2145.0 264.99 22 2280.0 -135.0 45 -61 94.49900000000001 98.80599999999995 9
1305.0 213.24799999999996 18 1410.0 -105.0 35 -47 82.22599999999997 54.864999999999995 7
1380.0 199.74199999999996 14 1500.0 -120.0 40 -46 63.94199999999998 66.888 8
1410.0 194.60100000000006 16 1530.0 -120.0 40 -50 63.86299999999999 59.258999999999986 8
1470.0 238.839 16 1710.0 -240.0 40 -52 109.92000000000002 63.49699999999997 24
1785.0 257.01399999999995 17 1920.0 -135.0 45 -59 93.25099999999999 86.15500000000003 9
1785.0 232.91599999999994 17 1920.0 -135.0 45 -56 81.643 70.39899999999999 9
1545.0 251.09600000000006 19 1770.0 -225.0 30 -50 114.165 69.37299999999999 45
1710.0 192.61999999999998 14 1830.0 -120.0 40 -46 68.255 56.35700000000001 8
2340.0 242.69699999999997 13 2460.0 -120.0 40 -69 58.66799999999999 90.64500000000002 8
1910.0 263.973 20 2310.0 -250.0 33 -55 95.36499999999998 94.139 50
1410.0 222.574 16 1650.0 -240.0 40 -63 73.24600000000001 63.71599999999999 24
2505.0 323.3109999999999 21 2790.0 -285.0 44 -72 123.25999999999996 109.43000000000002 43
1455.0 217.00399999999996 18 1560.0 -105.0 35 -51 80.087 65.594 7
1010.0 222.77799999999985 17 1230.0 -220.0 34 -52 74.90099999999998 47.80699999999999 22
1885.0 280.627 15 2130.0 -245.0 32 -64 99.52199999999999 88.97499999999998 49
1350.0 216.45499999999993 15 1590.0 -240.0 40 -56 87.02699999999997 56.61299999999999 24
2160.0 242.57500000000002 17 2280.0 -120.0 40 -50 98.836 88.94599999999997 8
1300.0 201.18100000000004 14 1560.0 -260.0 28 -50 63.442 55.43100000000001 52
1625.0 270.1650000000001 18 1830.0 -285.0 53 -57 112.20200000000004 74.043 41
1590.0 239.39800000000002 19 1710.0 -120.0 40 -58 79.46899999999997 75.213 8
2160.0 272.0640000000001 16 2280.0 -120.0 40 -65 106.53500000000004 73.08399999999997 8
1890.0 229.532 18 2010.0 -120.0 40 -60 75.03399999999998 71.263 8
1905.0 232.93599999999998 15 2010.0 -105.0 35 -55 86.402 71.218 7
2100.0 301.8710000000001 20 2340.0 -240.0 40 -66 117.33300000000003 100.403 24
2115.0 269.16300000000007 23 2250.0 -135.0 45 -69 99.02400000000002 81.84099999999998 9
1710.0 295.59799999999996 21 1830.0 -120.0 40 -66 113.09499999999997 75.18899999999998 8
1510.0 260.083 17 1860.0 -350.0 58 -50 87.31599999999999 61.141999999999996 54
1245.0 143.85 16 1380.0 -135.0 45 -38 43.984999999999985 43.046 9
1710.0 248.00299999999996 18 1830.0 -120.0 40 -52 107.30300000000001 68.37499999999999 8
1305.0 220.36299999999997 21 1440.0 -135.0 45 -64 80.196 51.34799999999999 9
790.0 177.35499999999996 17 1020.0 -230.0 38 -41 64.13199999999999 44.44299999999999 23
765.0 213.62300000000005 18 870.0 -105.0 35 -50 83.969 44.309999999999995 7
2145.0 262.5329999999999 19 2280.0 -135.0 45 -62 93.23599999999999 94.77599999999998 9
1335.0 219.31099999999998 19 1470.0 -135.0 45 -47 87.17499999999997 70.59599999999999 9
1035.0 183.54299999999995 16 1260.0 -225.0 30 -43 62.35899999999998 54.57199999999999 45
1320.0 188.407 18 1560.0 -240.0 40 -57 59.72899999999999 47.391 24
1200.0 210.425 22 1410.0 -210.0 35 -54 74.15499999999999 52.24800000000001 21
1400.0 180.97299999999998 16 1560.0 -160.0 45 -38 70.948 57.112 16
1245.0 255.58200000000005 13 1380.0 -135.0 45 -51 119.22100000000002 53.463999999999984 9
1680.0 231.06799999999998 15 1920.0 -240.0 40 -56 87.92799999999998 42.577 24
2025.0 338.313 20 2160.0 -135.0 45 -81 124.308 91.17399999999996 9
2055.0 303.80400000000003 17 2190.0 -135.0 45 -72 114.08900000000001 92.262 9
1500.0 239.023 14 1620.0 -120.0 40 -63 85.55799999999998 58.02199999999997 8
1440.0 224.4089999999999 17 1650.0 -210.0 35 -66 67.04099999999998 55.024999999999984 21
2190.0 319.2079999999998 18 2310.0 -120.0 40 -71 119.92699999999999 106.63499999999999 8
1740.0 235.54300000000003 16 1860.0 -120.0 40 -65 72.50600000000001 63.43999999999999 8
645.0 177.77899999999997 16 900.0 -255.0 36 -48 60.91299999999999 35.700999999999986 51
2125.0 267.10799999999995 19 2370.0 -245.0 32 -61 97.26799999999999 89.99799999999998 49
1510.0 217.32899999999998 17 1920.0 -410.0 44 -56 65.81699999999998 72.876 76
2010.0 272.589 19 2130.0 -120.0 40 -68 83.487 86.339 8
1830.0 224.69699999999997 13 2070.0 -240.0 40 -58 67.44300000000001 83.19999999999997 24
1935.0 255.514 20 2070.0 -135.0 45 -69 81.714 77.41700000000002 9
1255.0 221.24599999999995 19 1500.0 -245.0 32 -49 81.08200000000001 59.41800000000001 49
1605.0 195.38499999999996 14 1710.0 -105.0 35 -49 68.913 57.97999999999998 7
1560.0 207.93499999999997 12 1800.0 -240.0 40 -51 74.00099999999999 68.965 24
1740.0 276.605 16 2010.0 -270.0 41 -66 92.38600000000001 86.109 52
690.0 182.07499999999993 16 900.0 -210.0 34 -46 65.56699999999996 29.904999999999998 21
1050.0 213.37200000000004 17 1170.0 -120.0 40 -58 70.704 56.084999999999994 8
1285.0 248.05699999999993 15 1470.0 -185.0 46 -66 93.75199999999998 46.31399999999999 23
1710.0 306.5119999999999 16 1830.0 -120.0 40 -76 114.33500000000002 72.05699999999999 8
1100.0 204.842 12 1260.0 -175.0 50 -55 54.44000000000001 46.351000000000006 17
2025.0 256.83 17 2130.0 -105.0 35 -66 86.42399999999998 83.17099999999999 7
1590.0 201.41700000000003 12 1860.0 -270.0 41 -47 56.016000000000005 62.795999999999985 32
1015.0 197.38299999999998 14 1260.0 -245.0 32 -44 65.41399999999999 54.15899999999999 49
1215.0 223.81199999999995 19 1320.0 -105.0 35 -62 81.10399999999997 46.76599999999999 7
1080.0 197.797 16 1290.0 -210.0 35 -55 71.80699999999999 39.628 21
1650.0 276.75200000000007 19 1860.0 -300.0 65 -53 116.89200000000002 74.53099999999999 27
1305.0 195.252 16 1410.0 -105.0 35 -50 79.35799999999998 50.50399999999999 7
1220.0 212.495 18 1440.0 -220.0 34 -46 73.58399999999997 54.068000000000005 22
2170.0 252.47800000000004 14 2340.0 -170.0 46 -58 93.03899999999997 86.587 18
1110.0 210.32899999999998 18 1350.0 -240.0 40 -63 61.094999999999985 58.016999999999996 24
1440.0 238.649 21 1560.0 -120.0 40 -58 78.72699999999999 70.63899999999998 8
1770.0 202.45 17 1890.0 -120.0 40 -62 52.043 58.07599999999999 8
2295.0 284.46099999999996 21 2400.0 -105.0 35 -65 116.80600000000001 92.15499999999997 7
1695.0 235.45600000000007 19 1830.0 -135.0 45 -60 90.017 76.011 9
2010.0 300.1400000000001 16 2220.0 -210.0 50 -65 123.37300000000005 89.356 24
1080.0 216.312 20 1290.0 -210.0 34 -52 76.53499999999998 51.49399999999999 21
1230.0 249.04500000000002 16 1440.0 -210.0 34 -61 84.15299999999999 58.83600000000001 21
1800.0 240.73400000000004 18 1920.0 -120.0 40 -60 83.04499999999999 68.069 8
1590.0 262.1649999999999 20 1830.0 -240.0 39 -64 108.72099999999996 63.791999999999994 24
2350.0 283.99 12 2640.0 -290.0 38 -70 104.40200000000003 106.14799999999994 58
1410.0 225.04499999999996 20 1650.0 -240.0 40 -59 74.36699999999998 63.586000000000006 24
1605.0 253.96600000000004 16 2040.0 -480.0 57 -57 90.43799999999999 77.24299999999997 96
1545.0 229.569 16 1680.0 -135.0 45 -68 69.43699999999998 56.328999999999986 9
1720.0 285.18800000000005 16 1890.0 -170.0 31 -63 103.412 80.429 24
1430.0 241.87699999999995 21 1680.0 -250.0 26 -54 78.035 71.64499999999998 50
930.0 175.95600000000002 16 1050.0 -120.0 40 -47 64.46699999999997 37.306 8
1530.0 255.41799999999998 17 1650.0 -120.0 40 -59 94.18700000000003 69.629 8
1275.0 223.85299999999995 18 1500.0 -225.0 30 -55 76.53100000000002 62.998999999999974 45
2145.0 277.67999999999995 15 2280.0 -135.0 45 -74 99.52199999999999 80.626 9
1770.0 267.911 22 1890.0 -120.0 40 -62 97.92199999999998 74.24700000000001 8
1900.0 261.717 18 2160.0 -260.0 37 -68 85.29500000000002 81.67400000000002 50
2340.0 273.71200000000005 18 2460.0 -120.0 40 -66 106.67700000000004 82.17899999999999 8
2095.0 282.4 18 2400.0 -305.0 37 -60 93.25 102.51300000000002 59
1130.0 242.687 22 1350.0 -220.0 34 -47 100.27099999999997 60.85499999999999 22
1620.0 228.49200000000005 16 1800.0 -285.0 95 -53 74.79499999999999 74.993 19
1040.0 231.24699999999999 20 1290.0 -250.0 35 -63 78.39399999999998 52.970000000000006 50
2040.0 222.43400000000003 18 2220.0 -180.0 51 -52 75.51899999999998 85.913 18
1755.0 271.16700000000003 15 1860.0 -105.0 35 -62 107.264 74.96600000000001 7
1725.0 249.26699999999997 20 1860.0 -135.0 45 -55 88.642 55.629999999999995 9
2545.0 252.70499999999998 12 2790.0 -245.0 32 -61 90.20900000000007 88.69499999999998 49
1845.0 232.33799999999997 22 1980.0 -135.0 45 -54 88.82100000000003 72.88699999999997 9
1455.0 207.80999999999997 17 1710.0 -255.0 34 -48 72.904 66.19600000000003 51
1995.0 288.4930000000001 18 2130.0 -135.0 45 -63 112.57900000000002 95.019 9
1305.0 198.09500000000003 15 1440.0 -135.0 45 -50 61.254999999999995 53.75099999999999 9
1575.0 209.424 17 1830.0 -255.0 36 -62 58.224 74.49800000000002 51
1605.0 295.98100000000005 21 1830.0 -225.0 30 -66 123.729 81.56599999999999 45
1380.0 239.85799999999998 19 1500.0 -120.0 40 -52 92.29599999999998 62.819 8
1635.0 205.895 15 1860.0 -225.0 30 -54 62.878 73.52400000000002 45
2520.0 325.05500000000006 26 2640.0 -120.0 40 -78 119.741 99.861 8
1350.0 234.58399999999995 18 1590.0 -240.0 40 -60 85.875 69.07299999999998 24
1770.0 222.961 12 1890.0 -210.0 70 -49 74.88699999999999 81.29499999999996 14
1455.0 206.95299999999997 17 1590.0 -135.0 45 -57 69.28099999999999 53.72399999999999 9
1305.0 212.75399999999996 17 1410.0 -105.0 35 -61 82.71999999999998 43.325 7
2145.0 293.775 19 2280.0 -255.0 85 -76 99.426 83.89800000000002 17
1650.0 207.56400000000005 15 1860.0 -210.0 35 -53 69.16099999999999 67.37399999999997 21
1395.0 221.43099999999998 20 1530.0 -135.0 45 -44 90.30199999999998 63.197999999999986 9
1140.0 203.58599999999998 14 1470.0 -330.0 32 -48 75.03499999999998 55.45799999999999 66
1410.0 224.106 15 1530.0 -120.0 40 -52 86.262 63.779 8
2115.0 256.542 19 2250.0 -135.0 45 -62 80.58600000000001 80.04599999999996 9
1755.0 271.2559999999999 19 1890.0 -135.0 45 -65 91.76299999999998 83.54099999999998 9
2110.0 292.6810000000001 17 2280.0 -170.0 46 -73 86.92600000000002 92.89099999999998 18
995.0 191.78799999999993 15 1290.0 -295.0 33 -49 59.77299999999999 51.18199999999999 59
1455.0 221.264 15 1590.0 -135.0 45 -47 83.33699999999999 70.846 9
1460.0 266.201 14 1680.0 -220.0 34 -53 101.326 64.06400000000001 22
2160.0 261.57 18 2400.0 -240.0 40 -67 97.12699999999998 80.023 24
990.0 200.12700000000004 19 1230.0 -330.0 52 -49 86.26400000000001 49.525 42
1250.0 232.2260000000001 15 1470.0 -220.0 34 -57 76.62200000000001 58.44500000000001 22
2235.0 285.93600000000004 18 2370.0 -135.0 45 -67 100.43400000000003 103.73799999999997 9
2205.0 269.16 20 2340.0 -135.0 45 -77 87.41700000000003 83.461 9
1425.0 199.2899999999999 12 1560.0 -135.0 45 -52 55.84299999999999 62.319 9
1970.0 290.9800000000001 18 2220.0 -250.0 33 -67 95.62299999999996 88.28200000000002 50
1345.0 221.75099999999995 16 1590.0 -325.0 38 -50 70.84500000000001 68.191 65
1740.0 345.68000000000006 21 1860.0 -120.0 40 -79 124.53099999999996 87.90599999999998 8
1935.0 250.22699999999998 19 2040.0 -105.0 35 -66 89.92999999999998 77.00999999999998 7
1245.0 180.64600000000004 14 1350.0 -105.0 35 -47 69.84100000000001 45.636 7
1335.0 217.54699999999994 19 1470.0 -135.0 45 -44 87.656 63.233000000000004 9
1420.0 234.26199999999997 17 1650.0 -230.0 38 -47 94.38600000000001 71.449 23
1395.0 214.09000000000003 20 1530.0 -135.0 45 -51 81.40099999999997 62.90499999999999 9
1425.0 197.043 18 1560.0 -135.0 45 -58 55.58999999999999 55.960999999999984 9
1380.0 214.64399999999998 15 1620.0 -240.0 40 -60 73.65699999999998 60.96799999999999 24
1515.0 236.30100000000002 18 1650.0 -135.0 45 -64 71.76799999999999 69.38599999999998 9
2215.0 318.81800000000004 17 2490.0 -275.0 42 -77 93.45300000000002 99.92899999999999 51
1680.0 271.735 18 1800.0 -120.0 40 -66 95.55999999999995 80.86000000000001 8
2055.0 276.703 15 2370.0 -315.0 47 -60 97.943 92.89500000000001 59
1140.0 220.44499999999996 21 1260.0 -120.0 40 -54 78.925 52.388 8
1435.0 194.18099999999998 14 1680.0 -245.0 32 -43 73.43800000000002 63.23699999999999 49
2465.0 281.76300000000003 18 2670.0 -205.0 43 -73 96.60500000000002 91.94799999999996 27
1125.0 173.52599999999993 14 1230.0 -105.0 35 -48 59.593999999999994 37.968999999999994 7
2805.0 314.227 17 2940.0 -135.0 45 -71 119.19200000000004 112.523 9
1190.0 219.329 17 1440.0 -250.0 33 -56 72.77600000000001 43.672000000000004 50
1320.0 208.124 16 1440.0 -120.0 40 -48 75.19399999999999 64.94 8
2460.0 260.34200000000004 13 2700.0 -240.0 32 -62 89.65800000000002 95.69800000000005 48
1185.0 182.552 12 1320.0 -135.0 45 -36 72.232 57.266999999999975 9
1425.0 248.65599999999998 20 1680.0 -255.0 36 -63 94.99799999999999 65.75499999999997 51
1770.0 269.09899999999993 17 1890.0 -120.0 40 -60 100.99199999999998 76.794 8
1585.0 272.07899999999995 17 1890.0 -305.0 40 -71 87.63999999999999 72.62399999999998 61
2235.0 240.58099999999996 14 2370.0 -135.0 45 -51 93.652 98.96999999999997 9
1675.0 266.72499999999997 17 2010.0 -335.0 32 -55 93.509 88.91600000000001 67
1020.0 227.90299999999993 17 1230.0 -210.0 35 -47 100.12499999999996 62.24599999999998 21
1170.0 195.15 15 1290.0 -120.0 40 -51 58.054999999999986 52.357 8
2025.0 303.9529999999998 24 2130.0 -105.0 35 -62 127.18299999999999 98.006 7
1520.0 292.0959999999999 19 1770.0 -250.0 33 -67 103.17599999999999 76.018 50
1090.0 248.76899999999998 16 1470.0 -440.0 56 -53 69.03800000000001 56.748999999999995 74
2300.0 286.613 17 2460.0 -160.0 42 -64 105.40699999999998 94.71200000000002 18
1800.0 311.46099999999996 19 1920.0 -120.0 40 -73 113.28999999999998 79.81299999999997 8
1200.0 204.99999999999994 17 1380.0 -180.0 51 -50 61.559 63.294000000000004 18
1545.0 258.1559999999999 19 1650.0 -105.0 35 -67 90.535 70.77199999999999 7
1365.0 161.29799999999994 16 1470.0 -105.0 35 -49 41.91499999999999 53.293000000000006 7
1680.0 239.92499999999998 17 1800.0 -120.0 40 -56 82.006 79.74399999999999 8
1605.0 225.95599999999996 20 1710.0 -105.0 35 -56 83.17499999999998 71.782 7
1515.0 220.88900000000007 20 1620.0 -105.0 35 -55 80.63699999999999 64.35999999999999 7
1920.0 287.88 19 2160.0 -240.0 40 -61 117.493 94.86299999999996 24
1380.0 276.2169999999999 17 1590.0 -210.0 35 -61 116.57100000000003 62.64099999999999 21
1350.0 212.70099999999994 17 1590.0 -240.0 40 -57 72.245 60.28399999999999 24
1500.0 223.966 11 1620.0 -120.0 40 -55 73.436 66.14200000000001 8
1200.0 201.51400000000004 19 1440.0 -240.0 40 -59 70.87699999999997 46.021 24
1860.0 232.85799999999995 18 2100.0 -240.0 40 -64 85.63400000000001 66.83199999999998 24
2550.0 297.2430000000001 15 2670.0 -120.0 40 -63 114.78500000000003 105.76199999999999 8
1230.0 210.74400000000003 19 1500.0 -270.0 31 -56 67.90999999999998 66.91899999999998 54
1560.0 215.48600000000002 14 1680.0 -120.0 40 -52 70.96600000000001 64.44699999999999 8
1005.0 188.11099999999996 16 1110.0 -105.0 35 -55 63.49599999999999 43.579 7
1440.0 243.73199999999997 14 1560.0 -120.0 40 -63 93.74799999999999 54.213 8
1515.0 227.25500000000005 20 1770.0 -255.0 34 -54 76.58 78.30699999999999 51
1905.0 247.9060000000001 20 2010.0 -105.0 35 -73 74.84899999999999 77.467 7
2055.0 277.53799999999995 21 2160.0 -385.0 81 -61 119.413 81.26699999999995 35
1425.0 218.753 19 1560.0 -135.0 45 -57 69.50199999999998 64.40299999999999 9
2265.0 289.79099999999994 17 2370.0 -105.0 35 -64 108.53500000000003 96.17699999999995 7
1935.0 305.295 16 2130.0 -195.0 42 -66 99.355 94.129 25
1665.0 279.58099999999996 17 2340.0 -725.0 102 -58 112.649 87.15700000000001 104
2745.0 295.177 13 3000.0 -255.0 45 -70 112.07200000000005 107.27399999999997 25
1520.0 231.963 16 1740.0 -280.0 54 -57 66.32699999999998 64.634 26
735.0 136.40899999999996 11 870.0 -135.0 45 -37 45.61099999999999 26.014999999999993 9
1240.0 264.99599999999987 19 1470.0 -230.0 38 -59 115.52699999999999 66.838 23
1530.0 276.53 17 1800.0 -270.0 42 -65 85.64500000000001 70.774 32
1095.0 188.78800000000004 17 1350.0 -255.0 59 -48 65.22699999999999 46.68099999999998 35
2080.0 298.65399999999994 17 2310.0 -230.0 38 -63 126.94200000000001 96.02999999999999 23
1490.0 224.72400000000002 20 1740.0 -250.0 33 -53 70.78999999999999 64.967 50
1935.0 234.35999999999999 16 2070.0 -135.0 45 -55 88.50599999999999 74.328 9
1380.0 196.87099999999998 17 1620.0 -240.0 40 -56 62.565999999999995 57.40199999999998 24
1635.0 251.02900000000002 20 1770.0 -135.0 45 -62 81.03199999999998 76.90599999999996 9
1050.0 218.31100000000006 15 1230.0 -180.0 48 -65 60.01699999999998 50.82900000000003 20
1920.0 300.38599999999997 19 2160.0 -240.0 40 -64 110.19000000000001 101.78299999999997 24
1110.0 171.16299999999998 16 1230.0 -120.0 40 -50 49.29099999999999 44.522999999999996 8
1695.0 219.66299999999995 20 1830.0 -135.0 45 -60 66.11099999999998 73.42299999999997 9
1620.0 258.471 20 1740.0 -120.0 40 -71 81.36900000000003 71.64999999999999 8
2025.0 270.17799999999994 15 2130.0 -105.0 35 -66 110.99300000000002 83.13300000000001 7
2325.0 268.634 14 2430.0 -105.0 35 -57 105.14599999999999 94.66399999999999 7
2280.0 294.0919999999999 21 2400.0 -120.0 40 -69 104.62999999999998 89.14 8
1065.0 160.98199999999997 14 1350.0 -285.0 33 -49 49.530999999999985 41.41399999999999 57
1965.0 260.29600000000005 21 2100.0 -135.0 45 -61 97.49300000000004 84.431 9
1770.0 270.0450000000001 17 1890.0 -120.0 40 -68 112.08000000000004 49.152 8
1710.0 264.8289999999999 18 1830.0 -150.0 50 -63 89.68399999999997 79.92599999999999 10
1515.0 236.50699999999998 17 1650.0 -135.0 45 -60 85.38000000000001 65.82699999999996 9
1785.0 239.51500000000001 21 1920.0 -135.0 45 -66 83.95499999999997 66.467 9
1410.0 211.55100000000002 14 1530.0 -120.0 40 -55 69.80799999999999 58.75100000000002 8
1380.0 216.28799999999995 18 1500.0 -120.0 40 -63 56.04699999999999 56.946999999999996 8
2670.0 312.83600000000007 21 2790.0 -120.0 40 -75 105.99499999999999 106.05699999999997 8
765.0 146.404 12 900.0 -135.0 45 -41 44.34499999999999 33.480999999999995 9
1490.0 254.46100000000004 19 1830.0 -340.0 44 -66 78.23899999999998 69.34400000000001 68
2145.0 271.50600000000003 21 2250.0 -105.0 35 -70 91.203 84.87099999999998 7
1365.0 225.81000000000003 16 1500.0 -135.0 45 -46 86.19000000000001 68.607 9
2125.0 253.46800000000005 18 2370.0 -245.0 32 -64 75.61399999999998 84.33699999999999 49
1840.0 303.49300000000005 22 2070.0 -230.0 38 -71 126.57000000000002 82.99399999999997 23
1695.0 257.00199999999995 22 1800.0 -225.0 75 -68 87.23099999999998 66.82399999999998 15
1440.0 258.487 18 1680.0 -240.0 39 -55 89.605 82.84799999999996 24
1560.0 219.1459999999999 17 1680.0 -120.0 40 -50 74.96699999999997 71.547 8
2220.0 283.386 21 2340.0 -120.0 40 -69 98.837 89.264 8
1965.0 258.29 19 2070.0 -105.0 35 -61 99.33499999999997 74.24400000000003 7
1830.0 299.0670000000001 22 1950.0 -120.0 40 -71 117.50200000000001 74.105 8
1865.0 319.091 17 2160.0 -295.0 44 -65 130.002 79.60599999999995 38
1560.0 238.07200000000003 22 1680.0 -120.0 40 -65 85.138 60.80799999999998 8
1050.0 182.826 16 1290.0 -240.0 40 -49 62.036999999999985 52.358000000000004 24
915.0 176.1179999999999 17 1020.0 -105.0 35 -44 62.72099999999997 47.973 7
1435.0 200.92199999999994 16 1680.0 -245.0 32 -51 65.68599999999998 52.10499999999997 49
1110.0 183.47 21 1230.0 -120.0 40 -44 67.616 48.07700000000001 8
1520.0 199.00399999999996 15 1770.0 -250.0 35 -48 68.19699999999999 61.831999999999994 50
2370.0 277.3890000000001 17 2490.0 -120.0 40 -61 127.90900000000005 79.96499999999997 8
1350.0 270.68500000000006 20 1650.0 -300.0 39 -70 87.84199999999998 77.809 60
2365.0 340.01800000000003 20 2550.0 -185.0 45 -79 115.74400000000003 109.37599999999996 21
2190.0 319.6479999999999 21 2310.0 -120.0 40 -71 112.93100000000001 102.91400000000002 8
1020.0 140.226 13 1260.0 -240.0 40 -43 49.696 36.197 24
1260.0 199.17099999999996 17 1380.0 -120.0 40 -47 73.148 57.09599999999999 8
1320.0 225.44700000000003 19 1440.0 -120.0 40 -63 67.21000000000001 59.861999999999995 8
1725.0 273.417 17 1830.0 -105.0 35 -72 98.49199999999999 78.76899999999998 7
1245.0 188.87900000000002 17 1470.0 -225.0 30 -51 60.94999999999999 61.156 45
1800.0 268.65599999999995 17 1920.0 -120.0 40 -69 90.78199999999997 74.317 8
1915.0 267.044 18 2160.0 -350.0 40 -63 102.05100000000002 72.64300000000001 70
2295.0 209.00899999999996 14 2400.0 -105.0 35 -64 73.99699999999999 66.619 7
1995.0 300.3890000000001 18 2130.0 -135.0 45 -68 115.267 87.645 9
2025.0 291.683 17 2130.0 -105.0 35 -63 123.396 88.98599999999998 7
1650.0 274.49399999999997 22 1890.0 -295.0 47 -61 108.44399999999999 81.07600000000001 35
2010.0 251.78800000000007 18 2130.0 -120.0 40 -61 92.874 78.53499999999997 8
2370.0 328.81100000000004 24 2490.0 -120.0 40 -79 142.91799999999998 76.00799999999998 8
2265.0 284.519 20 2400.0 -135.0 45 -57 122.47600000000001 96.85599999999997 9
1605.0 254.84 18 1740.0 -135.0 45 -53 117.98599999999998 61.48299999999999 9
1785.0 209.97399999999996 11 1920.0 -135.0 45 -43 69.42299999999997 86.71400000000003 9
990.0 302.3389999999999 17 1410.0 -420.0 37 -71 111.65799999999999 48.24699999999999 84
1290.0 226.76799999999997 19 1530.0 -240.0 40 -53 88.76299999999996 60.67400000000001 24
1530.0 313.294 16 1650.0 -120.0 40 -71 122.79599999999999 71.59200000000001 8
1485.0 212.73499999999999 18 1590.0 -105.0 35 -52 77.908 64.90899999999998 7
1685.0 237.63299999999987 13 1980.0 -295.0 33 -56 88.395 77.86000000000004 59
900.0 184.761 19 1140.0 -240.0 40 -42 72.65299999999999 57.80999999999998 24
1875.0 225.92699999999994 17 2010.0 -135.0 45 -69 63.44999999999998 77.53999999999999 9
1995.0 253.60900000000007 18 2190.0 -195.0 65 -78 58.04799999999998 72.33099999999999 13
1830.0 284.54599999999994 17 2070.0 -240.0 44 -74 82.44300000000001 78.40499999999997 23
1405.0 221.26800000000003 16 1650.0 -245.0 32 -63 71.94 54.25800000000001 49
1350.0 271.923 17 1590.0 -240.0 40 -57 127.26700000000002 57.586000000000006 24
1335.0 221.45599999999993 16 1440.0 -220.0 42 -54 82.83499999999997 51.155 30
2000.0 295.792 19 2160.0 -160.0 42 -72 109.012 88.79200000000002 18
1485.0 195.49999999999994 19 1740.0 -255.0 36 -52 68.297 62.27 51
1185.0 159.48899999999995 13 1440.0 -255.0 34 -38 48.550999999999966 48.293000000000006 51
1275.0 154.11999999999998 17 1410.0 -135.0 45 -38 63.673999999999985 44.79 9
2020.0 375.3090000000001 23 2430.0 -410.0 67 -75 136.987 96.29599999999999 41
1225.0 201.29299999999998 18 1470.0 -245.0 32 -55 69.88899999999997 45.178999999999995 49
1560.0 206.42600000000002 16 1800.0 -240.0 40 -52 75.06500000000001 67.25099999999998 24
2295.0 249.55599999999993 16 2430.0 -135.0 45 -77 61.89499999999999 63.07599999999999 9
1315.0 220.547 16 1560.0 -245.0 32 -45 83.754 62.62999999999999 49
1215.0 245.53100000000003 20 1440.0 -225.0 30 -58 112.56299999999997 52.444 45
1945.0 272.4530000000001 26 2160.0 -215.0 47 -67 108.19200000000002 81.98199999999996 27
945.0 154.562 17 1080.0 -135.0 45 -46 49.22199999999998 43.91599999999999 9
1335.0 204.03299999999993 13 1470.0 -135.0 45 -51 73.84599999999998 52.18599999999998 9
1715.0 229.131 13 2010.0 -295.0 33 -54 80.97800000000001 77.20900000000003 59
1665.0 220.19300000000004 12 1920.0 -255.0 34 -53 71.54600000000002 68.945 51
1280.0 178.641 20 1530.0 -250.0 33 -54 47.191 52.45399999999999 50
1590.0 222.77799999999996 14 1710.0 -120.0 40 -60 67.94899999999997 63.502999999999986 8
1215.0 208.18899999999996 17 1470.0 -255.0 36 -48 69.631 71.91099999999997 51
2145.0 242.57199999999995 19 2250.0 -105.0 35 -59 86.66599999999998 83.07599999999996 7
1045.0 167.14299999999997 18 1290.0 -245.0 32 -44 52.986999999999995 44.209999999999994 49
1455.0 260.27000000000004 20 1560.0 -105.0 35 -66 84.18500000000002 71.037 7
1170.0 185.54799999999997 17 1410.0 -240.0 32 -47 58.617999999999995 62.246999999999986 48
1425.0 184.32399999999998 19 1650.0 -225.0 30 -48 74.099 56.55999999999999 45
645.0 152.75999999999993 15 870.0 -225.0 30 -42 48.28499999999999 42.096999999999994 45
1140.0 221.99900000000005 17 1260.0 -120.0 40 -49 81.98599999999999 53.39 8
1045.0 177.89199999999994 16 1290.0 -245.0 32 -48 53.68799999999999 43.79 49
1885.0 240.696 14 2130.0 -245.0 32 -50 95.66200000000002 86.002 49
2220.0 281.6580000000001 19 2340.0 -120.0 40 -66 98.84600000000003 97.56399999999996 8
865.0 122.46299999999998 13 1110.0 -245.0 32 -34 28.415 37.99999999999999 49
1080.0 191.12199999999996 14 1290.0 -210.0 34 -43 66.80099999999999 50.30699999999999 21
1935.0 260.922 19 2070.0 -135.0 45 -59 104.77199999999999 84.78199999999998 9
1910.0 286.66100000000006 15 2130.0 -220.0 34 -57 117.83499999999998 77.25799999999997 22
1540.0 272.16099999999994 13 1890.0 -350.0 38 -53 96.11 78.964 70
1875.0 245.22000000000014 14 1980.0 -105.0 35 -63 93.06700000000002 72.83199999999998 7
1190.0 232.03400000000005 20 1410.0 -220.0 34 -46 90.777 61.75 22
2280.0 277.9500000000001 18 2400.0 -120.0 40 -66 101.74200000000002 92.35899999999998 8
1710.0 254.63500000000005 18 1830.0 -120.0 40 -67 76.81399999999996 69.438 8
1470.0 186.91699999999992 11 1590.0 -120.0 40 -47 66.802 62.517999999999994 8
1680.0 303.20199999999994 23 1800.0 -120.0 40 -76 121.74499999999998 62.788999999999966 8
1020.0 202.878 18 1260.0 -240.0 40 -53 71.793 54.321 24
1550.0 232.681 19 1800.0 -250.0 35 -52 86.74499999999998 62.416000000000004 50
1545.0 198.941 13 1650.0 -105.0 35 -50 66.60000000000002 61.40199999999997 7
2175.0 280.0280000000001 16 2310.0 -135.0 45 -58 113.41300000000001 93.84899999999999 9
1365.0 224.163 19 1500.0 -135.0 45 -58 69.08099999999997 66.06899999999999 9
1995.0 323.413 20 2130.0 -135.0 45 -80 129.388 83.53399999999999 9
1725.0 170.55099999999993 17 1860.0 -135.0 45 -46 54.904 61.62199999999999 9
1455.0 223.66399999999996 16 1590.0 -135.0 45 -55 73.03699999999999 77.222 9
1380.0 220.88000000000008 19 1620.0 -240.0 40 -54 84.40299999999999 65.611 24
1230.0 193.964 14 1350.0 -120.0 40 -55 51.627999999999986 52.794999999999995 8
990.0 182.16399999999996 17 1230.0 -240.0 32 -46 51.25899999999999 54.339999999999996 48
2070.0 292.54299999999995 22 2190.0 -180.0 48 -66 103.14000000000001 82.65199999999996 20
1920.0 236.10299999999998 15 2160.0 -240.0 40 -51 95.4 80.00999999999996 24
1830.0 254.32499999999993 16 1950.0 -120.0 40 -67 81.82299999999998 76.392 8
1380.0 250.12900000000005 17 1620.0 -240.0 40 -73 82.86400000000002 60.566 24
1365.0 239.00299999999993 15 1500.0 -135.0 45 -61 83.74499999999998 59.576 9
1695.0 244.92999999999986 24 1800.0 -105.0 35 -67 83.77499999999998 69.04799999999999 7
1725.0 248.18400000000008 15 1830.0 -945.0 55 -48 77.21600000000001 67.28499999999998 175
1275.0 227.62999999999988 19 1380.0 -105.0 35 -62 75.27499999999999 60.39799999999999 7
1725.0 220.2889999999999 16 1860.0 -135.0 45 -57 75.92399999999998 58.015 9
1725.0 230.70299999999997 18 1950.0 -225.0 30 -56 89.72500000000001 81.91999999999999 45
1290.0 202.6819999999999 17 1410.0 -120.0 40 -49 79.55699999999997 52.35099999999999 8
915.0 180.89900000000003 16 1140.0 -245.0 58 -39 55.03299999999999 40.069 21
830.0 205.66800000000003 17 1080.0 -250.0 33 -44 72.698 50.13899999999999 50
1140.0 242.02699999999993 19 1380.0 -240.0 40 -60 94.20199999999998 57.31499999999999 24
1630.0 264.22100000000006 17 1950.0 -320.0 50 -75 75.40399999999997 72.117 48
