1510.0 222.86400000000006 15 1890.0 -380.0 50 -57 74.08099999999999 81.90099999999997 76
1320.0 258.91099999999994 18 1620.0 -300.0 40 -67 89.915 73.36899999999999 60
1875.0 274.421 13 2190.0 -315.0 50 -70 105.854 80.14399999999999 37
1930.0 300.135 19 2340.0 -410.0 85 -74 109.44700000000003 87.95 62
2285.0 326.318 17 2520.0 -235.0 64 -70 116.25499999999994 104.57700000000001 23
1020.0 218.945 16 1320.0 -300.0 39 -61 69.90199999999999 52.03299999999999 60
1700.0 294.841 20 2070.0 -370.0 71 -80 101.40499999999999 67.29599999999999 52
1285.0 260.65199999999993 17 1800.0 -515.0 50 -72 74.355 80.06499999999998 103
790.0 167.12099999999998 16 1110.0 -320.0 26 -49 56.362 40.459999999999994 64
1245.0 188.51 17 1530.0 -285.0 38 -51 65.63499999999998 64.37599999999999 57
1350.0 239.794 15 1620.0 -270.0 35 -56 87.076 73.08999999999999 54
1775.0 279.434 20 2130.0 -355.0 47 -78 86.806 76.387 71
1485.0 345.1179999999999 20 1680.0 -195.0 65 -89 120.86099999999998 70.97099999999999 13
1245.0 231.33700000000002 18 1530.0 -285.0 36 -52 92.59299999999999 64.024 57
2580.0 370.6749999999999 17 2940.0 -360.0 77 -81 120.15300000000002 128.70100000000002 44
1265.0 262.39300000000003 21 1650.0 -385.0 46 -68 93.73399999999998 70.80499999999999 77
1335.0 241.00600000000003 13 1680.0 -345.0 47 -64 90.665 56.606999999999985 69
1050.0 231.667 15 1530.0 -480.0 44 -64 74.20899999999999 62.325 96
1480.0 262.19599999999997 14 1920.0 -485.0 64 -57 73.005 78.55799999999999 97
425.0 128.00099999999998 13 1020.0 -595.0 53 -38 45.338 35.275 119
1345.0 220.97800000000007 19 1650.0 -305.0 39 -63 71.08699999999999 57.483999999999995 61
1480.0 236.563 17 1830.0 -350.0 46 -65 76.059 61.808 70
1415.0 240.0000000000001 14 1740.0 -385.0 63 -63 69.429 71.40399999999997 69
1590.0 249.12999999999994 20 1890.0 -300.0 39 -64 87.47599999999998 75.10600000000001 60
1680.0 257.096 16 1950.0 -270.0 61 -60 95.947 78.20899999999995 32
2270.0 298.53499999999997 16 2490.0 -220.0 66 -62 108.96300000000001 107.772 16
1805.0 274.13399999999996 15 2160.0 -385.0 57 -70 90.08800000000001 83.02300000000001 73
935.0 198.17699999999996 15 1170.0 -430.0 77 -51 64.28799999999997 49.72099999999998 66
1295.0 238.29399999999995 22 1560.0 -265.0 35 -59 89.98499999999997 72.41799999999998 53
1260.0 230.60600000000008 17 1650.0 -440.0 94 -64 77.89099999999999 61.13300000000001 56
1040.0 207.83400000000006 15 1350.0 -310.0 41 -61 68.872 51.59299999999999 62
1345.0 264.32300000000015 12 1950.0 -605.0 60 -55 103.58400000000005 84.13399999999996 121
1790.0 260.93600000000004 14 2070.0 -280.0 82 -71 73.422 78.745 26
1510.0 213.43100000000018 13 2010.0 -585.0 62 -59 70.21600000000002 62.34000000000001 117
725.0 158.523 13 1290.0 -565.0 44 -45 52.67400000000001 44.23600000000001 113
1725.0 239.66300000000004 12 1890.0 -165.0 55 -64 80.21000000000001 62.931999999999995 11
1815.0 287.30699999999996 17 1980.0 -165.0 55 -69 105.51000000000002 77.27799999999998 11
1670.0 227.91 15 1980.0 -310.0 40 -64 73.31300000000002 72.24300000000001 62
965.0 190.487 16 1350.0 -470.0 52 -49 66.779 54.510999999999996 94
1500.0 267.863 17 1800.0 -300.0 40 -59 113.29600000000002 79.69599999999998 60
540.0 171.56800000000004 14 900.0 -360.0 47 -47 58.62599999999998 32.573 72
855.0 211.44000000000005 15 1290.0 -435.0 47 -62 65.513 49.66599999999999 87
1590.0 254.28400000000008 15 1800.0 -210.0 70 -67 71.265 68.54000000000002 14
1035.0 174.02100000000004 16 1320.0 -285.0 38 -46 63.51200000000001 41.412 57
1285.0 290.163 19 1980.0 -695.0 71 -59 101.96699999999998 82.11099999999999 139
1345.0 261.918 18 1680.0 -335.0 44 -69 93.10699999999999 67.64399999999998 67
2295.0 282.0660000000001 15 2970.0 -675.0 48 -72 97.60000000000002 110.61999999999996 135
2585.0 334.3960000000001 17 2820.0 -235.0 67 -86 115.65600000000003 106.64199999999997 23
1235.0 255.10300000000004 18 1650.0 -415.0 50 -62 98.06400000000001 64.95499999999997 83
1715.0 272.50699999999995 17 2160.0 -445.0 48 -75 86.67799999999998 78.35599999999998 89
1040.0 219.8780000000001 12 1350.0 -310.0 40 -56 74.78 59.95599999999997 62
1695.0 294.97099999999995 17 1860.0 -165.0 55 -70 103.666 86.92399999999998 11
2055.0 291.18300000000016 15 2220.0 -165.0 55 -68 93.83100000000002 93.53699999999998 11
1620.0 233.078 19 1950.0 -330.0 43 -68 78.96699999999998 69.62 66
515.0 142.76200000000006 13 810.0 -295.0 38 -43 51.145999999999994 27.065000000000005 59
1515.0 276.45700000000005 20 1680.0 -165.0 55 -71 89.196 72.625 11
2025.0 334.2170000000001 23 2190.0 -165.0 55 -81 131.046 81.63300000000001 11
1665.0 252.5540000000001 15 1800.0 -135.0 45 -63 92.34 63.78200000000001 9
915.0 231.76300000000003 13 1080.0 -165.0 55 -60 87.695 33.974 11
1795.0 314.48299999999995 20 2280.0 -485.0 58 -80 127.257 79.375 97
1035.0 213.11900000000003 21 1290.0 -255.0 33 -57 80.50199999999997 53.02500000000001 51
1405.0 208.81700000000006 16 1710.0 -445.0 52 -49 74.32700000000001 71.097 85
1085.0 208.531 18 1350.0 -265.0 35 -57 62.12799999999999 57.702999999999996 53
1240.0 242.55999999999997 17 1590.0 -350.0 89 -63 90.679 61.862999999999985 38
995.0 196.17199999999997 15 1260.0 -265.0 35 -47 78.34099999999998 47.757999999999996 53
1050.0 274.2839999999999 15 1470.0 -420.0 51 -75 84.9 59.70399999999998 84
2385.0 307.93200000000013 16 2550.0 -165.0 55 -83 92.61299999999999 90.134 11
1130.0 207.0220000000001 15 1620.0 -540.0 62 -54 78.239 56.057 108
1940.0 317.8220000000001 19 2130.0 -190.0 53 -71 126.79600000000003 86.878 18
1250.0 249.39800000000005 15 1560.0 -310.0 58 -63 91.65100000000001 55.99699999999999 42
1685.0 285.00499999999994 19 2160.0 -475.0 50 -76 98.34399999999998 86.378 95
1200.0 262.84 22 1590.0 -390.0 46 -74 87.59500000000001 64.619 78
770.0 223.44499999999994 16 1410.0 -640.0 62 -68 72.925 48.942 128
1315.0 228.56699999999998 14 1650.0 -335.0 36 -57 70.31899999999999 68.04799999999999 67
660.0 172.16399999999996 12 1050.0 -390.0 44 -45 63.11000000000001 36.18699999999999 78
1545.0 240.04300000000003 17 1980.0 -435.0 38 -52 93.88799999999999 87.64999999999996 87
1595.0 270.0520000000001 21 1950.0 -355.0 50 -75 70.63499999999999 72.50500000000001 69
1400.0 288.171 19 1590.0 -190.0 52 -66 106.24300000000001 77.84699999999995 20
1640.0 266.6820000000001 14 1950.0 -310.0 41 -66 91.63000000000001 71.34799999999998 62
965.0 243.28 20 1380.0 -415.0 44 -61 78.70500000000001 66.699 79
1720.0 212.303 19 1980.0 -260.0 34 -57 77.89099999999999 64.63999999999999 52
1145.0 243.668 22 1590.0 -545.0 60 -58 86.914 62.660999999999994 109
900.0 172.229 13 1200.0 -300.0 39 -51 52.837 41.193999999999996 60
1295.0 237.73399999999998 19 1590.0 -425.0 47 -59 93.61399999999999 71.02799999999998 85
1680.0 297.962 17 1860.0 -180.0 60 -70 103.03999999999998 83.66099999999999 12
1400.0 192.7410000000001 15 1650.0 -250.0 33 -51 56.28600000000002 65.011 50
900.0 201.354 16 1200.0 -300.0 39 -49 67.87099999999998 54.912 60
1055.0 231.2819999999999 13 1440.0 -385.0 51 -58 84.94300000000001 65.35800000000002 77
1120.0 272.02000000000004 23 1470.0 -350.0 41 -65 96.51100000000001 64.24299999999998 70
1365.0 192.767 13 1530.0 -165.0 55 -57 56.285 46.124 11
1995.0 295.269 20 2190.0 -195.0 56 -77 100.56899999999999 86.11899999999996 19
1490.0 271.8889999999999 16 1920.0 -535.0 59 -60 105.59800000000001 74.423 107
1565.0 247.13200000000015 19 1920.0 -390.0 83 -62 89.10600000000001 73.103 56
1560.0 308.79699999999997 14 1740.0 -180.0 60 -64 91.17799999999997 87.17900000000002 12
1570.0 318.7480000000001 18 1830.0 -260.0 61 -78 90.59599999999999 81.65900000000003 30
2580.0 315.228 21 2730.0 -150.0 50 -76 108.89199999999995 99.40500000000002 10
1680.0 302.866 15 1860.0 -180.0 60 -78 97.65100000000004 80.75000000000001 12
960.0 212.86200000000002 11 1170.0 -210.0 64 -61 58.566999999999986 39.21 18
1175.0 251.017 16 1470.0 -295.0 58 -56 91.265 70.21300000000002 41
1065.0 216.0 12 1320.0 -255.0 35 -54 72.16199999999998 54.01000000000001 51
1245.0 208.71300000000008 20 1560.0 -435.0 57 -54 68.698 62.969 87
2270.0 274.6460000000001 17 2580.0 -385.0 66 -58 108.83400000000003 102.31299999999996 67
1520.0 297.402 19 1740.0 -330.0 69 -74 98.91100000000003 66.34200000000001 44
730.0 209.04599999999996 18 1260.0 -530.0 43 -66 65.392 42.88799999999999 106
2085.0 296.12300000000005 21 2250.0 -165.0 55 -86 75.80499999999998 74.69500000000001 11
1835.0 311.0709999999999 21 2100.0 -265.0 65 -92 96.169 77.21999999999997 33
1575.0 310.15099999999995 21 1800.0 -225.0 53 -84 110.786 73.05599999999998 29
2385.0 352.1239999999998 19 2550.0 -165.0 55 -74 119.71300000000001 115.80599999999998 11
1130.0 231.4809999999999 18 1440.0 -310.0 40 -62 81.60299999999997 64.105 62
1490.0 230.67899999999997 16 1740.0 -250.0 52 -67 66.07499999999999 66.63399999999999 32
1490.0 268.59 18 1770.0 -295.0 42 -55 99.29999999999997 88.56299999999999 57
1015.0 220.56999999999996 16 1440.0 -425.0 37 -58 85.123 54.26599999999999 85
1235.0 224.66 16 1530.0 -420.0 43 -53 79.01599999999999 69.13599999999997 84
1680.0 254.7659999999999 15 2040.0 -360.0 50 -66 87.283 74.26499999999999 72
1250.0 252.74399999999997 17 1680.0 -430.0 42 -66 99.57900000000004 60.751 84
1370.0 242.41300000000007 16 1680.0 -310.0 40 -60 84.41900000000001 68.261 62
1230.0 215.2590000000001 15 1530.0 -300.0 40 -58 70.34100000000001 64.67 60
745.0 223.73499999999996 16 1440.0 -725.0 71 -62 64.70299999999999 54.01499999999999 130
1665.0 298.8040000000001 19 1950.0 -285.0 54 -84 78.31999999999996 83.84100000000001 41
2070.0 303.04900000000004 18 2430.0 -360.0 47 -70 117.65700000000002 90.083 72
810.0 183.081 14 1080.0 -270.0 36 -50 54.873 47.291 54
810.0 171.44100000000003 16 1050.0 -270.0 40 -45 51.828 44.873 50
1045.0 211.80399999999997 15 1470.0 -425.0 55 -54 68.05499999999999 58.991999999999976 81
1550.0 246.62499999999994 17 1860.0 -310.0 41 -58 92.004 74.73799999999997 62
1800.0 246.48999999999995 18 2070.0 -270.0 35 -57 100.51599999999998 76.78699999999998 54
1855.0 226.8580000000001 14 2220.0 -365.0 48 -67 71.69200000000001 69.82999999999998 73
2170.0 282.6250000000001 17 2580.0 -410.0 49 -61 91.144 112.47899999999998 82
1755.0 273.461 14 2040.0 -285.0 37 -56 106.85800000000002 83.004 57
1280.0 238.031 17 1590.0 -340.0 46 -52 95.67699999999999 70.27499999999999 64
2605.0 312.24300000000005 19 2880.0 -455.0 82 -76 82.17900000000002 108.96100000000003 67
1555.0 274.4639999999999 20 2220.0 -665.0 73 -67 105.658 85.86099999999998 133
1410.0 248.80499999999998 19 1560.0 -150.0 50 -66 90.82699999999998 54.909000000000006 10
1555.0 258.503 19 1980.0 -425.0 62 -63 97.67600000000002 69.04299999999999 81
1435.0 233.12800000000001 16 1710.0 -275.0 36 -65 76.94799999999998 64.32100000000001 55
1660.0 254.10700000000008 14 2160.0 -500.0 56 -58 81.801 89.12199999999999 100
1075.0 235.28500000000003 14 1410.0 -335.0 44 -61 79.08599999999998 57.653 67
1810.0 304.3219999999999 22 2070.0 -345.0 69 -74 125.565 73.88999999999999 47
1235.0 270.805 19 1590.0 -370.0 51 -67 96.81299999999999 71.99599999999998 72
1245.0 272.7329999999999 15 1440.0 -195.0 57 -69 91.05900000000001 57.998999999999995 17
610.0 186.021 16 1230.0 -620.0 111 -49 67.443 46.489 92
1440.0 213.26500000000001 19 1950.0 -510.0 115 -53 81.59099999999998 72.559 70
1715.0 226.57599999999996 15 1950.0 -235.0 67 -57 69.53399999999999 80.004 23
1380.0 225.52700000000004 13 1680.0 -300.0 39 -52 78.79000000000002 75.35399999999998 60
1545.0 230.47699999999992 15 1710.0 -165.0 55 -56 75.009 76.919 11
745.0 209.494 19 1020.0 -275.0 36 -50 78.80899999999998 54.36999999999998 55
1410.0 230.62600000000006 18 1770.0 -360.0 47 -61 75.51999999999997 66.784 72
570.0 182.743 10 930.0 -360.0 42 -49 54.30099999999999 40.42999999999999 72
990.0 239.38400000000004 21 1350.0 -360.0 43 -65 80.28399999999998 60.82199999999998 72
770.0 222.78499999999997 19 1020.0 -250.0 35 -51 79.06299999999999 53.33499999999999 50
2220.0 268.608 16 2490.0 -270.0 62 -73 68.883 98.173 34
1090.0 255.37000000000003 18 1320.0 -230.0 66 -64 84.101 60.10699999999999 22
1195.0 305.421 18 1410.0 -215.0 62 -76 97.64199999999998 56.33 19
620.0 190.47 15 930.0 -310.0 41 -49 67.191 44.077 62
810.0 195.65100000000007 15 1110.0 -300.0 39 -49 63.87999999999999 57.765999999999984 60
1770.0 295.9419999999999 19 2070.0 -300.0 68 -76 99.49700000000001 83.67999999999999 36
1500.0 229.79600000000008 15 1800.0 -300.0 39 -64 67.07899999999998 73.79499999999999 60
905.0 175.303 16 1290.0 -385.0 42 -49 61.63900000000001 45.422 77
805.0 186.18800000000002 15 1050.0 -245.0 32 -50 68.98499999999999 40.898999999999994 49
2035.0 281.58699999999993 16 2400.0 -365.0 47 -73 90.87200000000003 88.61599999999999 73
1160.0 187.88399999999996 14 1710.0 -550.0 49 -53 59.945999999999984 63.09599999999999 110
870.0 224.2990000000001 15 1260.0 -515.0 53 -62 81.59 45.60899999999999 103
895.0 209.07600000000002 14 1290.0 -575.0 58 -54 78.03400000000003 45.44299999999999 115
1210.0 242.84099999999992 18 1590.0 -425.0 89 -57 92.538 71.63200000000002 63
1285.0 253.7189999999999 18 1650.0 -475.0 91 -58 92.66599999999997 69.887 65
2230.0 351.8699999999999 18 2490.0 -260.0 66 -83 128.606 86.96399999999997 28
1620.0 286.34800000000007 16 1920.0 -300.0 59 -63 118.17000000000003 75.92799999999997 42
760.0 210.01199999999997 15 1140.0 -410.0 41 -50 74.75199999999998 52.614 78
1320.0 246.00799999999995 14 1620.0 -300.0 39 -66 82.18199999999997 63.04499999999998 60
1870.0 262.6240000000001 13 2220.0 -350.0 58 -75 69.64599999999999 76.88199999999999 35
1110.0 188.32100000000003 14 1350.0 -240.0 51 -50 51.078 54.414000000000016 30
450.0 161.65300000000005 12 1110.0 -750.0 56 -44 51.900999999999996 38.88299999999999 150
1325.0 201.27199999999996 16 1590.0 -390.0 43 -51 76.90099999999998 56.52299999999998 78
1520.0 289.64000000000004 22 1830.0 -310.0 41 -69 103.81099999999999 83.515 62
1935.0 269.552 13 2100.0 -165.0 55 -68 71.489 77.01200000000003 11
655.0 223.89799999999997 15 1170.0 -515.0 44 -65 67.119 48.216 103
750.0 211.71300000000002 17 1140.0 -390.0 42 -60 72.32799999999999 39.992000000000004 78
1935.0 297.90599999999995 16 2190.0 -255.0 54 -74 110.65899999999998 84.15199999999997 37
940.0 239.64000000000004 12 1470.0 -600.0 78 -51 71.97900000000003 60.582999999999984 120
1245.0 299.1209999999998 17 1740.0 -495.0 57 -76 92.84699999999997 67.34299999999999 99
1230.0 216.636 13 1800.0 -635.0 69 -49 86.28800000000001 69.41700000000002 127
1315.0 236.731 16 1590.0 -275.0 36 -56 79.4 72.78599999999997 55
1375.0 245.54700000000005 19 1710.0 -335.0 44 -65 73.615 67.14099999999998 67
1625.0 232.40699999999998 19 1980.0 -355.0 50 -60 88.43199999999997 60.58699999999996 71
2655.0 331.99900000000014 19 3060.0 -405.0 135 -73 95.35399999999998 122.75800000000004 27
1215.0 231.96799999999996 19 1440.0 -225.0 30 -54 81.42199999999998 68.18599999999999 45
900.0 151.93899999999994 13 1410.0 -580.0 67 -46 50.12499999999998 39.334 116
1530.0 256.41400000000004 17 1710.0 -235.0 67 -65 72.75999999999999 71.31500000000001 23
1230.0 206.11000000000004 16 1650.0 -475.0 54 -54 76.67200000000001 58.420999999999985 95
1225.0 237.2220000000001 18 1560.0 -335.0 44 -69 73.71499999999999 59.769999999999996 67
1490.0 228.544 15 1800.0 -310.0 41 -61 65.19099999999999 76.56299999999999 62
1365.0 223.27199999999988 14 2010.0 -645.0 50 -57 77.56899999999999 76.36899999999999 129
1390.0 249.50800000000007 18 1740.0 -350.0 49 -61 89.48499999999999 70.29100000000001 68
1545.0 231.35699999999997 16 1950.0 -405.0 47 -57 87.281 77.65399999999998 81
1485.0 266.404 18 1860.0 -375.0 45 -70 90.15800000000002 76.35099999999997 75
1595.0 242.99100000000004 15 2010.0 -595.0 61 -54 89.24799999999998 81.80399999999999 119
810.0 183.51300000000006 14 960.0 -150.0 50 -53 63.384 34.849 10
1910.0 272.498 17 2190.0 -380.0 45 -59 106.41900000000005 93.51799999999996 76
870.0 204.72700000000003 13 1200.0 -330.0 43 -58 68.66699999999999 44.04399999999999 66
1475.0 272.5509999999999 15 1800.0 -340.0 48 -62 91.464 75.89399999999999 66
1070.0 234.69800000000006 17 1440.0 -435.0 84 -58 82.82599999999998 52.972 59
980.0 223.58799999999994 18 1350.0 -370.0 32 -51 78.018 67.41899999999998 74
1755.0 249.67800000000008 19 2250.0 -495.0 71 -63 74.24199999999999 95.083 79
2225.0 312.77699999999993 24 2430.0 -205.0 57 -85 106.09199999999998 92.01499999999999 21
1120.0 205.58699999999996 22 1410.0 -290.0 38 -56 67.74199999999999 57.452999999999996 58
1170.0 207.56500000000003 17 1560.0 -440.0 56 -58 70.58699999999999 55.17199999999999 88
2285.0 318.53100000000006 17 2910.0 -625.0 147 -81 93.08700000000002 110.652 59
1000.0 225.66999999999993 16 1410.0 -410.0 46 -48 80.50099999999999 64.83099999999999 82
2340.0 338.30199999999985 21 2520.0 -180.0 60 -82 106.98199999999999 104.69600000000001 12
850.0 192.27800000000005 15 1200.0 -350.0 37 -51 64.452 54.563999999999986 70
1260.0 236.28800000000007 19 1560.0 -300.0 39 -62 82.375 58.98899999999998 60
1655.0 226.554 16 1920.0 -265.0 55 -67 64.69299999999998 69.10300000000001 39
1225.0 221.735 14 1560.0 -420.0 51 -46 82.137 77.53599999999997 84
1730.0 278.44000000000005 18 2340.0 -610.0 80 -65 105.68800000000003 88.85599999999998 122
1825.0 271.98499999999996 14 2250.0 -425.0 47 -66 98.85400000000003 76.65699999999997 85
1300.0 244.27899999999994 20 1620.0 -320.0 41 -59 93.12699999999998 69.136 64
845.0 216.434 16 1260.0 -415.0 41 -61 70.09199999999998 55.11999999999999 83
2325.0 348.56200000000007 18 2520.0 -195.0 65 -87 104.80199999999998 106.68799999999999 13
2335.0 390.4150000000002 19 2700.0 -405.0 86 -77 158.72500000000005 108.242 59
1105.0 195.55499999999995 17 1560.0 -455.0 40 -52 63.80800000000001 56.690000000000005 91
1200.0 234.4090000000001 15 1590.0 -390.0 46 -63 78.75300000000003 61.97299999999999 78
-80.0 185.15200000000007 12 990.0 -1070.0 57 -52 57.08399999999999 38.602 214
1535.0 254.61499999999998 17 1740.0 -205.0 57 -69 87.60199999999998 60.89199999999999 21
1525.0 265.21900000000005 17 1950.0 -425.0 72 -49 113.488 75.54499999999999 63
1080.0 186.96599999999998 13 1440.0 -360.0 40 -50 65.90399999999998 54.99300000000001 72
1285.0 263.239 22 1680.0 -395.0 44 -72 95.13099999999996 67.59100000000001 79
1300.0 222.30500000000004 24 1590.0 -290.0 38 -54 80.36399999999998 64.94899999999998 58
1220.0 213.90300000000005 18 1680.0 -460.0 37 -56 74.52800000000002 62.961 92
1835.0 269.705 17 2100.0 -265.0 57 -76 74.72099999999999 76.16599999999998 33
1090.0 287.2499999999999 26 1530.0 -440.0 50 -73 99.63599999999998 69.327 88
2100.0 256.299 16 2250.0 -150.0 50 -64 92.33800000000002 85.38999999999997 10
1210.0 198.28600000000003 17 1500.0 -290.0 37 -61 62.78499999999998 46.229000000000006 58
2050.0 280.39999999999986 16 2370.0 -410.0 71 -74 83.05700000000002 91.59799999999998 62
1715.0 283.03399999999993 18 1890.0 -415.0 63 -61 100.14099999999999 84.50699999999998 67
2005.0 264.504 15 2430.0 -425.0 47 -56 100.27300000000002 97.75599999999997 85
925.0 210.27900000000002 16 1200.0 -275.0 36 -54 72.61800000000001 52.53 55
1140.0 197.724 18 1470.0 -450.0 51 -54 63.089999999999996 60.560999999999986 90
880.0 175.01900000000006 15 1200.0 -320.0 42 -53 57.40099999999999 37.723 64
2295.0 320.8970000000001 20 2580.0 -285.0 63 -70 130.16 107.60299999999997 35
1345.0 310.74899999999985 20 1680.0 -335.0 89 -82 103.694 78.08400000000002 37
1235.0 265.96599999999995 21 1560.0 -325.0 42 -69 87.96600000000001 70.56099999999999 65
1320.0 213.68200000000002 16 1470.0 -150.0 50 -56 72.538 58.23599999999999 10
545.0 186.66900000000007 14 960.0 -455.0 58 -43 68.17999999999999 45.25099999999999 91
1215.0 215.08899999999997 17 1650.0 -435.0 44 -51 84.20900000000002 59.04199999999998 87
750.0 180.97399999999993 18 1050.0 -300.0 39 -53 61.75300000000001 38.465999999999994 60
1590.0 343.62700000000007 24 1770.0 -180.0 60 -79 104.83899999999996 100.70199999999998 12
1315.0 200.555 12 1680.0 -365.0 47 -59 56.21200000000002 59.995999999999995 73
1070.0 200.22200000000007 19 1350.0 -280.0 37 -56 69.99 52.31599999999999 56
2000.0 290.44500000000005 15 2340.0 -340.0 45 -66 117.43800000000003 90.62899999999999 68
685.0 168.78699999999995 15 1230.0 -545.0 42 -48 57.004999999999995 51.11899999999999 109
1705.0 258.7900000000001 16 2100.0 -585.0 62 -70 67.573 87.53700000000003 115
1155.0 222.15600000000006 12 1290.0 -135.0 45 -60 70.74199999999999 58.873999999999974 9
1670.0 250.16700000000003 16 1860.0 -190.0 52 -63 78.27200000000002 69.79399999999998 20
1810.0 279.19 16 2070.0 -260.0 43 -62 111.028 86.81400000000001 26
1035.0 213.828 16 1290.0 -255.0 34 -52 71.61299999999999 56.861000000000004 51
1505.0 301.0869999999999 20 1740.0 -235.0 67 -75 116.91299999999998 60.027000000000015 23
1715.0 253.51800000000003 17 2100.0 -400.0 47 -65 89.99900000000001 75.54799999999999 78
1775.0 221.28500000000008 13 2070.0 -295.0 37 -61 76.44700000000002 70.294 59
2275.0 300.38899999999995 21 2610.0 -335.0 44 -73 117.23100000000007 97.56599999999997 67
380.0 144.45100000000002 8 1410.0 -2080.0 83 -33 30.083 40.94699999999999 416
1715.0 246.76800000000006 17 2040.0 -325.0 42 -69 77.33099999999999 79.96699999999997 65
1395.0 279.861 19 1740.0 -525.0 59 -73 108.56899999999999 54.96499999999998 103
1275.0 232.61199999999994 15 1710.0 -515.0 67 -45 92.39999999999999 75.336 103
1585.0 261.8710000000001 15 2070.0 -485.0 59 -66 107.94600000000001 69.36400000000002 97
1345.0 300.92899999999986 17 1980.0 -635.0 58 -80 96.02099999999997 70.02299999999998 127
2575.0 375.7090000000001 21 2940.0 -365.0 74 -83 139.37400000000005 127.77699999999996 53
2045.0 305.68800000000005 21 2250.0 -205.0 57 -70 100.09299999999999 99.64799999999998 21
1650.0 280.80199999999996 18 1800.0 -275.0 58 -67 107.99799999999999 73.621 35
1685.0 267.79499999999996 18 1890.0 -205.0 57 -83 72.27799999999999 70.80900000000001 21
1530.0 322.603 23 1710.0 -180.0 60 -81 117.88899999999995 67.42299999999999 12
1835.0 260.426 18 2190.0 -355.0 47 -68 92.41900000000001 79.351 71
800.0 148.037 12 1290.0 -490.0 51 -39 46.117 52.59099999999999 98
1220.0 205.67100000000005 14 1410.0 -295.0 58 -56 65.83099999999999 43.467 41
1195.0 245.22999999999996 20 1590.0 -395.0 46 -64 92.44099999999999 58.976000000000006 79
1215.0 256.4 16 1650.0 -435.0 38 -65 90.68299999999998 62.587999999999994 87
1760.0 312.357 23 2130.0 -370.0 39 -66 128.06799999999998 94.68799999999999 74
1340.0 231.56400000000005 20 1740.0 -400.0 45 -66 79.97699999999998 58.697999999999986 80
985.0 238.03400000000005 20 1320.0 -335.0 44 -68 68.71499999999999 60.94299999999999 67
1330.0 275.95699999999994 16 1650.0 -320.0 48 -67 88.60400000000001 64.77 60
1700.0 263.62200000000007 15 2130.0 -430.0 52 -72 68.79999999999998 79.81800000000004 84
1290.0 255.943 16 1680.0 -390.0 85 -74 79.649 66.13399999999999 50
1185.0 180.59800000000004 10 1380.0 -195.0 25 -49 49.86599999999999 54.57700000000001 39
2170.0 293.92600000000004 19 2490.0 -350.0 78 -73 91.11199999999998 98.799 36
1350.0 221.14599999999996 19 1650.0 -300.0 40 -56 80.543 65.13499999999999 60
815.0 188.76400000000004 12 1020.0 -205.0 57 -57 53.118999999999986 39.802 21
1420.0 226.22 15 1770.0 -350.0 55 -61 66.759 64.80799999999998 54
1600.0 295.071 15 2040.0 -535.0 61 -66 103.21100000000003 83.23599999999999 103
1290.0 215.077 16 1650.0 -360.0 43 -60 72.64899999999997 58.17700000000003 72
2090.0 307.44499999999994 17 2520.0 -430.0 52 -78 103.871 88.58999999999999 86
1080.0 255.517 19 1380.0 -300.0 50 -59 96.88099999999997 58.870000000000005 30
1800.0 265.15799999999996 19 1980.0 -180.0 60 -69 83.62699999999997 69.33600000000003 12
1570.0 239.78 16 1980.0 -545.0 50 -68 63.986999999999995 73.693 105
1210.0 237.22900000000004 22 1620.0 -410.0 50 -60 84.35699999999999 63.509 82
800.0 204.43100000000004 14 1080.0 -280.0 37 -48 63.306999999999974 62.66000000000002 56
1490.0 215.86999999999992 18 1830.0 -340.0 45 -61 71.103 60.355999999999995 68
1395.0 308.61099999999993 24 1950.0 -555.0 75 -66 121.756 84.81399999999998 111
985.0 215.87000000000003 21 1290.0 -305.0 39 -62 74.82199999999999 51.05200000000001 61
1565.0 230.56399999999994 21 1920.0 -355.0 47 -71 74.76399999999998 59.64499999999999 71
1710.0 301.4659999999999 16 2070.0 -360.0 59 -75 87.70599999999997 89.77199999999998 36
1300.0 217.44200000000004 12 1770.0 -470.0 45 -60 67.16999999999999 66.73999999999998 92
980.0 205.274 17 1260.0 -280.0 37 -51 73.11499999999998 56.065 56
1510.0 242.67200000000003 15 1770.0 -260.0 34 -48 98.282 87.82299999999998 52
1365.0 255.08500000000004 20 1530.0 -270.0 61 -62 94.20299999999997 67.07499999999999 32
825.0 223.26299999999998 19 1260.0 -435.0 40 -62 78.285 54.10099999999999 87
1965.0 287.87699999999995 17 2130.0 -165.0 55 -74 98.93900000000004 84.12299999999995 11
1615.0 281.62099999999987 19 1890.0 -275.0 69 -66 113.867 75.63799999999998 33
1245.0 212.83800000000002 15 1500.0 -255.0 34 -48 86.76200000000001 60.396 51
1190.0 236.26899999999998 15 1470.0 -280.0 37 -54 88.30100000000002 63.05500000000001 56
1800.0 249.531 16 1950.0 -200.0 56 -53 92.53399999999999 81.32299999999996 20
1760.0 330.1489999999999 19 2010.0 -250.0 63 -92 103.41499999999999 70.61499999999998 30
945.0 224.14200000000002 19 1290.0 -470.0 48 -56 80.689 50.73699999999999 94
1160.0 193.99700000000007 19 1440.0 -280.0 37 -60 58.146999999999984 50.86500000000001 56
1410.0 257.358 15 1740.0 -330.0 53 -68 72.62599999999999 71.96700000000003 60
800.0 224.78100000000012 17 1350.0 -550.0 56 -60 61.479 58.52699999999999 110
1150.0 286.84200000000016 16 1560.0 -410.0 63 -75 85.38699999999997 67.99300000000002 76
1560.0 268.71199999999993 18 1710.0 -150.0 50 -64 94.36999999999999 72.63699999999999 10
1445.0 265.69 18 1620.0 -175.0 47 -63 94.79099999999998 70.73499999999999 19
985.0 236.89299999999992 19 1260.0 -275.0 36 -58 87.79099999999998 63.044999999999995 55
1315.0 228.28699999999995 19 1590.0 -275.0 36 -60 68.90199999999997 71.634 55
1735.0 255.351 17 2010.0 -360.0 71 -63 61.53199999999999 54.42799999999998 48
1030.0 182.717 11 1440.0 -500.0 66 -50 60.67900000000002 53.724999999999994 100
1425.0 265.003 19 1590.0 -165.0 55 -77 81.28999999999999 53.139999999999986 11
1375.0 255.5259999999999 19 1560.0 -185.0 51 -62 95.83899999999997 72.47199999999998 19
845.0 221.83000000000004 14 1260.0 -415.0 46 -60 80.64599999999999 47.68300000000002 83
2490.0 296.31100000000004 15 2640.0 -150.0 50 -73 113.41500000000006 93.13899999999998 10
760.0 199.13099999999997 17 1050.0 -290.0 38 -59 68.27199999999998 39.553999999999995 58
1675.0 302.874 17 2100.0 -425.0 62 -77 94.409 86.829 81
1385.0 203.16399999999993 9 1560.0 -175.0 22 -47 72.40599999999999 69.714 35
1255.0 228.44400000000005 13 1590.0 -335.0 35 -57 73.45899999999999 64.21 67
1700.0 214.815 21 1980.0 -335.0 66 -70 62.836999999999975 56.712999999999994 49
1805.0 330.96500000000003 23 2280.0 -475.0 61 -86 110.80399999999997 85.29200000000003 91
1685.0 241.61699999999996 17 2040.0 -355.0 45 -65 70.059 78.17399999999999 71
1445.0 294.889 16 2040.0 -595.0 46 -69 109.49200000000005 86.356 119
1630.0 252.046 17 2040.0 -410.0 50 -68 77.27699999999999 81.70299999999999 82
2225.0 320.86899999999997 15 2640.0 -415.0 55 -79 115.65200000000002 95.62399999999997 83
1425.0 234.80800000000008 13 1680.0 -285.0 43 -57 90.55600000000004 71.439 53
1250.0 243.72199999999998 20 1920.0 -720.0 109 -57 78.88999999999999 80.25299999999997 103
1190.0 237.136 22 1530.0 -340.0 44 -67 79.72999999999998 62.32999999999999 68
945.0 193.98399999999998 12 1320.0 -375.0 45 -49 66.50599999999999 53.71099999999999 75
1580.0 240.73900000000012 13 1890.0 -310.0 41 -56 96.32300000000004 64.21800000000002 62
1605.0 242.96999999999997 16 1890.0 -285.0 63 -69 79.47799999999998 64.381 35
820.0 241.33999999999997 12 1230.0 -505.0 59 -53 78.17999999999998 47.699 101
1775.0 241.31199999999998 18 2100.0 -325.0 43 -67 62.24500000000001 83.26899999999996 65
1800.0 290.882 16 2160.0 -360.0 64 -71 112.44700000000002 75.632 52
1560.0 234.809 18 1890.0 -330.0 36 -61 73.91100000000002 74.39099999999999 66
810.0 196.48999999999998 16 1170.0 -390.0 52 -59 51.992999999999974 52.230999999999995 74
1100.0 235.0400000000001 19 1380.0 -280.0 37 -60 81.27699999999997 55.38499999999999 56
1175.0 275.9509999999999 24 1530.0 -355.0 46 -78 88.269 59.81899999999999 71
915.0 171.97000000000003 12 1380.0 -465.0 35 -51 43.692 53.751000000000005 93
1655.0 264.021 18 1860.0 -205.0 57 -77 73.948 77.51299999999999 21
1230.0 230.35900000000004 17 1410.0 -180.0 60 -65 70.22399999999998 53.775999999999996 12
1140.0 182.77100000000004 14 1440.0 -300.0 39 -52 57.625 40.998999999999995 60
1115.0 163.83300000000003 13 1320.0 -205.0 27 -48 49.513999999999996 51.05899999999998 41
995.0 238.24500000000003 20 1290.0 -295.0 39 -64 90.53899999999997 45.987 59
1060.0 236.54400000000004 19 1410.0 -350.0 46 -72 82.34299999999998 55.959999999999994 70
2670.0 333.158 18 2850.0 -180.0 60 -79 115.96400000000001 105.74700000000001 12
2660.0 261.0130000000001 12 2850.0 -475.0 75 -67 71.36299999999997 97.94200000000002 77
2070.0 294.974 17 2280.0 -210.0 58 -73 98.93099999999998 87.936 22
885.0 191.86399999999998 13 1200.0 -315.0 41 -52 65.20999999999998 49.88599999999999 63
2310.0 303.32099999999997 16 2670.0 -360.0 62 -68 113.89700000000002 101.67499999999995 56
665.0 176.79299999999986 16 1170.0 -555.0 74 -43 58.12899999999999 41.748000000000005 111
1415.0 212.62800000000004 15 1650.0 -235.0 31 -58 71.88700000000004 65.71199999999999 47
1295.0 227.01500000000007 18 1590.0 -295.0 39 -64 70.214 64.57 59
1205.0 220.04899999999998 16 1650.0 -445.0 51 -55 78.906 67.31799999999998 89
1235.0 238.17300000000003 18 1620.0 -385.0 49 -63 84.61599999999999 52.93300000000002 77
1465.0 204.08899999999994 19 1890.0 -505.0 57 -57 75.96999999999997 54.49899999999999 101
1680.0 266.7320000000001 17 1830.0 -150.0 50 -71 82.106 66.01700000000001 10
1190.0 273.662 16 1530.0 -340.0 56 -73 91.96999999999997 57.25599999999999 34
1605.0 292.55899999999997 22 1770.0 -165.0 55 -72 100.44299999999998 69.81799999999998 11
1925.0 259.14199999999994 13 2130.0 -205.0 57 -73 69.34699999999998 72.793 21
1760.0 254.79100000000003 10 1950.0 -190.0 52 -57 98.25500000000002 83.31899999999999 20
925.0 209.21400000000008 20 1290.0 -365.0 47 -58 68.062 54.791999999999994 73
1480.0 251.55100000000004 15 1890.0 -410.0 53 -63 89.61000000000001 79.561 82
1345.0 252.288 14 1710.0 -395.0 58 -73 77.36300000000001 61.53699999999999 75
945.0 209.30899999999997 18 1200.0 -255.0 34 -45 72.08499999999998 65.45399999999998 51
1320.0 267.35 15 2070.0 -750.0 70 -64 82.61899999999999 83.656 150
1315.0 234.38100000000014 14 1650.0 -415.0 80 -56 63.66699999999997 69.04 65
1670.0 245.851 16 1980.0 -310.0 40 -55 98.51600000000002 79.02499999999999 62
1310.0 242.36800000000005 17 1680.0 -370.0 44 -65 79.18199999999999 72.061 74
880.0 239.70200000000006 17 1200.0 -390.0 69 -59 83.65599999999999 55.151999999999994 58
1260.0 275.144 14 1800.0 -540.0 62 -74 65.904 82.565 104
1905.0 262.10800000000006 16 2190.0 -285.0 38 -61 88.035 94.917 57
1415.0 206.77200000000005 18 1710.0 -295.0 39 -46 76.02099999999999 69.57600000000001 59
1280.0 216.36200000000002 16 1590.0 -310.0 41 -56 74.75500000000002 64.381 62
650.0 226.52800000000005 13 840.0 -190.0 52 -53 86.441 42.143 20
1905.0 278.29200000000003 17 2070.0 -165.0 55 -70 92.14899999999999 74.07300000000001 11
1240.0 270.702 18 1860.0 -620.0 76 -75 82.93199999999997 72.75999999999998 94
1505.0 217.7560000000001 13 1830.0 -415.0 48 -51 63.407 70.918 81
1470.0 271.84700000000004 18 1650.0 -180.0 60 -76 84.67699999999998 67.72600000000001 12
1270.0 194.73500000000004 15 1740.0 -530.0 70 -42 60.32300000000002 57.74199999999998 106
1125.0 187.397 12 1290.0 -165.0 55 -56 49.001999999999974 43.57 11
1005.0 217.82999999999996 17 1260.0 -255.0 34 -59 79.27699999999999 48.689000000000014 51
965.0 226.785 21 1380.0 -415.0 37 -63 75.59199999999998 56.796 83
1755.0 274.2740000000001 20 2190.0 -435.0 60 -69 84.48299999999998 83.34400000000001 79
1595.0 269.59599999999983 17 2040.0 -445.0 51 -68 96.79599999999999 67.23099999999998 89
1800.0 260.42499999999995 16 2160.0 -360.0 47 -78 70.30999999999999 70.02099999999997 72
1730.0 254.53300000000002 15 1980.0 -250.0 60 -75 78.80399999999999 57.080999999999996 32
1140.0 232.52300000000005 15 1530.0 -390.0 44 -59 82.864 61.18999999999999 78
735.0 179.678 14 1080.0 -345.0 45 -53 63.96999999999999 33.497 69
1730.0 246.438 13 2190.0 -460.0 47 -57 92.23000000000003 87.14199999999998 92
885.0 210.93100000000004 16 1500.0 -675.0 68 -49 76.14 57.812000000000005 135
1265.0 225.96900000000002 15 1800.0 -535.0 54 -57 82.25500000000001 64.822 107
730.0 149.69099999999992 15 1110.0 -380.0 42 -42 52.434000000000005 29.770999999999997 76
1355.0 264.222 23 1680.0 -325.0 43 -67 93.43099999999997 76.15999999999998 65
1200.0 210.86000000000016 11 1770.0 -645.0 90 -51 64.11500000000001 65.194 127
810.0 189.63600000000005 15 1110.0 -300.0 39 -57 60.50700000000001 43.640999999999984 60
1245.0 235.94900000000007 9 1590.0 -345.0 41 -60 70.647 69.99200000000003 69
2010.0 299.98100000000005 15 2580.0 -570.0 56 -76 87.995 95.08 114
1075.0 252.08 18 1410.0 -335.0 46 -61 101.03999999999998 53.01 67
1000.0 200.9149999999999 18 1470.0 -505.0 65 -47 59.291999999999994 63.04699999999998 101
1300.0 222.926 16 1560.0 -275.0 39 -55 78.07999999999998 64.51999999999998 53
1895.0 190.98199999999997 11 2220.0 -325.0 28 -52 50.714 77.00199999999998 65
2260.0 301.0559999999998 16 2640.0 -380.0 53 -76 101.38000000000001 100.85900000000001 76
470.0 196.75400000000002 17 1050.0 -615.0 72 -53 63.124 46.801 123
2655.0 345.1109999999998 23 2940.0 -285.0 60 -87 113.42100000000002 116.44100000000002 39
2160.0 345.8260000000001 22 2340.0 -540.0 111 -81 115.691 98.01700000000002 84
1280.0 339.32399999999996 22 1560.0 -320.0 82 -81 126.18099999999997 63.78699999999998 26
1005.0 223.98 12 1680.0 -775.0 114 -47 71.15399999999998 69.76399999999998 107
1740.0 268.26300000000003 15 2040.0 -300.0 39 -60 96.56199999999998 92.48100000000001 60
1525.0 234.90100000000004 18 1950.0 -465.0 61 -51 88.66099999999997 83.48800000000001 93
1610.0 299.28499999999997 20 1920.0 -325.0 60 -75 104.50099999999998 80.45899999999999 53
510.0 168.174 16 870.0 -360.0 30 -48 65.25399999999999 30.090999999999994 72
1220.0 232.95200000000003 19 1530.0 -310.0 40 -59 82.31799999999997 67.53999999999999 62
1395.0 259.323 17 1950.0 -555.0 125 -63 97.42800000000004 74.48299999999999 77
1325.0 227.90500000000006 19 1800.0 -515.0 68 -54 93.83999999999999 56.681 103
1095.0 198.63699999999997 17 1350.0 -255.0 34 -52 72.323 54.512 51
1375.0 236.92800000000003 12 1710.0 -335.0 40 -65 58.694 77.06899999999999 67
1195.0 193.78900000000004 17 1500.0 -305.0 66 -49 69.71100000000001 43.68999999999999 39
1135.0 214.49699999999996 18 1410.0 -275.0 36 -61 55.62299999999998 52.15099999999999 55
720.0 173.39600000000002 13 1020.0 -300.0 39 -53 57.833 37.291999999999994 60
1185.0 206.73500000000007 11 1320.0 -135.0 45 -53 65.25200000000002 58.230999999999966 9
1815.0 272.5659999999999 19 1980.0 -165.0 55 -76 97.14300000000001 56.36399999999999 11
1880.0 271.69100000000003 16 2220.0 -340.0 45 -66 97.80900000000003 88.50299999999999 68
1430.0 215.306 17 1710.0 -280.0 37 -50 91.71699999999998 53.35 56
1185.0 235.42899999999997 15 1320.0 -135.0 45 -62 69.35999999999999 63.279 9
1050.0 220.64500000000007 17 1470.0 -420.0 46 -62 81.307 47.613 84
1420.0 266.36099999999993 16 1650.0 -230.0 54 -73 78.62899999999998 61.15500000000001 30
1625.0 261.01499999999993 16 1890.0 -265.0 61 -58 106.79999999999998 66.94 31
970.0 206.00800000000004 12 1320.0 -350.0 36 -51 71.759 55.050999999999995 70
1605.0 264.418 14 1950.0 -345.0 59 -64 90.695 71.379 51
930.0 194.17600000000004 14 1230.0 -300.0 39 -53 65.965 53.067000000000014 60
2085.0 300.7500000000001 15 2550.0 -465.0 60 -77 95.00600000000004 100.89599999999997 70
1395.0 262.386 21 1620.0 -225.0 53 -67 94.61600000000001 68.55599999999998 29
1555.0 248.85900000000004 19 1860.0 -305.0 36 -60 90.66399999999999 76.83499999999998 61
1480.0 230.8320000000001 14 1770.0 -290.0 38 -59 72.59800000000001 77.54299999999999 58
1160.0 220.243 20 1590.0 -430.0 42 -67 72.05399999999999 48.255 86
900.0 223.183 16 1290.0 -390.0 45 -56 79.62599999999998 61.75799999999999 78
1590.0 289.879 17 2190.0 -630.0 84 -60 101.66800000000002 107.90499999999996 126
1280.0 274.40999999999997 18 1590.0 -345.0 81 -58 93.645 73.09600000000002 45
1700.0 260.23100000000005 16 1920.0 -220.0 53 -70 94.13899999999998 69.599 28
880.0 235.327 14 1500.0 -655.0 76 -59 76.30700000000002 58.64399999999999 131
1865.0 284.90099999999995 20 2130.0 -265.0 67 -79 75.48599999999999 68.04299999999999 31
910.0 183.819 16 1320.0 -410.0 31 -47 60.143999999999984 54.553999999999995 82
1170.0 226.01099999999997 22 1470.0 -300.0 39 -63 85.48899999999998 52.59499999999999 60
455.0 140.65099999999998 11 780.0 -325.0 39 -46 46.028999999999996 24.818999999999996 65
1060.0 206.94 18 1350.0 -365.0 73 -47 76.024 53.753 34
1270.0 187.96399999999994 15 1650.0 -395.0 36 -54 61.227 60.722000000000016 77
1845.0 256.288 16 2190.0 -345.0 46 -69 79.728 80.92800000000001 69
1815.0 285.43399999999997 15 1980.0 -165.0 55 -71 109.59700000000005 72.91399999999999 11
1155.0 257.108 20 1320.0 -165.0 55 -66 84.856 65.216 11
1390.0 217.293 22 1710.0 -320.0 42 -57 75.63799999999999 59.03799999999998 64
1200.0 247.18500000000003 17 1830.0 -690.0 88 -58 91.06599999999999 71.23799999999997 138
1740.0 317.98500000000007 19 2040.0 -350.0 82 -87 94.13999999999999 62.84099999999998 46
915.0 220.73999999999992 13 1500.0 -645.0 73 -51 47.524999999999984 50.55099999999998 129
1660.0 333.2770000000002 17 2010.0 -350.0 46 -71 137.08100000000005 84.30599999999998 70
765.0 164.593 14 1020.0 -255.0 34 -48 55.562 35.75699999999999 51
885.0 162.21 15 1140.0 -445.0 49 -46 61.816999999999986 41.14799999999999 89
865.0 222.77200000000002 17 1440.0 -575.0 56 -59 68.81499999999998 58.55999999999999 115
1135.0 273.4710000000001 14 1710.0 -630.0 91 -55 72.38799999999999 74.03500000000004 102
1195.0 212.818 17 1500.0 -305.0 40 -54 60.179999999999986 70.565 61
1590.0 248.14999999999995 16 1740.0 -150.0 50 -65 93.29599999999999 60.800000000000004 10
830.0 191.044 19 1290.0 -460.0 43 -61 61.08499999999998 42.76 92
1310.0 299.811 18 1740.0 -430.0 47 -73 114.78100000000003 64.371 86
1110.0 235.84300000000005 15 1290.0 -180.0 60 -68 78.412 46.175999999999995 12
1545.0 267.769 18 1830.0 -285.0 38 -66 97.15799999999999 74.52900000000001 57
1320.0 225.522 19 1500.0 -180.0 60 -61 72.76299999999999 56.273999999999994 12
1280.0 261.8709999999999 23 1650.0 -400.0 59 -71 80.33299999999997 72.63399999999999 76
570.0 177.35600000000005 15 870.0 -480.0 54 -46 60.937999999999995 41.853 96
1815.0 266.06199999999995 18 2160.0 -345.0 45 -69 104.95700000000001 69.52699999999999 69
1040.0 225.14000000000004 18 1350.0 -310.0 40 -56 80.54299999999999 55.434999999999995 62
1005.0 206.08799999999997 18 1260.0 -255.0 33 -47 83.11999999999999 57.657999999999994 51
1220.0 235.78900000000002 13 1530.0 -310.0 40 -58 81.43599999999999 61.733999999999995 62
1430.0 270.8079999999999 18 1680.0 -250.0 60 -68 94.59399999999998 75.36099999999999 32
1205.0 268.2850000000002 17 1590.0 -385.0 50 -59 111.62200000000001 67.341 77
1000.0 185.71599999999995 15 1380.0 -380.0 42 -49 63.894999999999996 50.216 76
1285.0 186.02700000000002 16 1530.0 -245.0 32 -55 58.99100000000001 49.597999999999985 49
1070.0 236.26700000000005 15 1410.0 -340.0 73 -65 82.86399999999999 45.672 44
1050.0 205.494 18 1350.0 -300.0 39 -54 70.797 60.49899999999998 60
1065.0 226.27600000000004 20 1380.0 -315.0 41 -56 77.97299999999997 63.57600000000001 63
1285.0 244.35600000000005 16 1650.0 -365.0 42 -56 85.75399999999999 72.92199999999997 73
1650.0 205.356 13 1950.0 -300.0 39 -55 58.62599999999999 73.406 60
560.0 236.447 16 930.0 -370.0 40 -55 89.35100000000001 35.375 70
1290.0 261.433 15 1470.0 -180.0 60 -68 84.58200000000001 62.056999999999995 12
1655.0 301.746 22 1980.0 -325.0 43 -70 112.32999999999998 83.42799999999997 65
1585.0 276.7600000000001 17 1950.0 -365.0 47 -72 89.40899999999996 76.824 73
1380.0 257.036 15 1560.0 -180.0 60 -66 88.46099999999997 67.50300000000001 12
650.0 235.449 15 1260.0 -645.0 75 -52 99.29899999999999 57.301 129
1150.0 235.218 17 1680.0 -565.0 73 -56 72.175 63.68899999999999 113
260.0 151.62199999999999 10 1140.0 -910.0 101 -49 43.818999999999996 38.083 182
1590.0 251.48699999999994 14 1890.0 -300.0 39 -67 81.69400000000003 78.523 60
1635.0 296.1520000000001 21 2070.0 -525.0 89 -70 113.23800000000001 77.65399999999998 75
790.0 237.91899999999998 17 1200.0 -470.0 69 -58 71.368 67.21599999999998 73
1040.0 158.173 16 1350.0 -310.0 41 -48 49.498999999999995 41.858000000000004 62
2165.0 270.1719999999999 19 2580.0 -415.0 45 -70 104.29899999999998 89.829 83
1635.0 259.67299999999994 14 1980.0 -345.0 55 -76 63.51499999999999 81.431 63
1475.0 262.56200000000007 20 1680.0 -205.0 57 -79 89.05999999999997 57.419999999999995 21
1650.0 272.6549999999999 18 1950.0 -300.0 40 -59 107.64600000000003 91.07999999999997 60
1510.0 256.214 20 1800.0 -305.0 58 -64 91.108 72.023 43
630.0 180.13699999999997 13 1050.0 -420.0 48 -41 64.15799999999997 57.21499999999999 84
1460.0 299.63599999999997 17 1890.0 -430.0 84 -69 105.08899999999997 73.11999999999999 60
1880.0 307.9679999999999 17 2070.0 -190.0 52 -79 116.17500000000004 65.32799999999999 20
1040.0 209.76500000000001 14 1380.0 -340.0 45 -58 71.77099999999999 55.83899999999999 68
1125.0 196.62900000000005 12 1590.0 -465.0 61 -54 72.25300000000003 53.74499999999998 93
1085.0 197.14300000000006 10 1410.0 -325.0 59 -58 61.32700000000001 51.21499999999999 49
1910.0 278.75999999999993 15 2100.0 -190.0 52 -65 101.26200000000003 87.05699999999997 20
860.0 179.046 13 1170.0 -310.0 40 -49 64.91399999999999 39.54699999999998 62
895.0 244.179 18 1200.0 -335.0 50 -64 81.08500000000001 51.53999999999999 63
1130.0 254.205 18 1530.0 -505.0 53 -65 84.17299999999999 67.45700000000001 101
755.0 233.97399999999993 14 1230.0 -475.0 65 -56 76.59499999999998 50.157000000000004 95
1440.0 245.845 16 1740.0 -300.0 39 -61 83.40800000000002 69.18099999999998 60
2105.0 301.60400000000004 13 2550.0 -475.0 107 -61 119.50299999999999 97.889 65
1830.0 291.3930000000001 14 2190.0 -360.0 47 -66 98.20300000000003 94.054 72
1070.0 187.25100000000003 13 1380.0 -310.0 40 -53 60.143 43.018999999999984 62
1795.0 233.15500000000006 12 2130.0 -335.0 39 -61 66.20499999999997 81.505 65
2010.0 310.3839999999999 20 2310.0 -300.0 55 -78 118.57799999999999 87.68299999999999 44
1070.0 197.885 17 1380.0 -310.0 37 -54 68.11700000000002 57.01099999999999 62
1320.0 198.88699999999994 16 1470.0 -150.0 50 -52 67.51599999999998 63.457999999999984 10
2325.0 286.20999999999987 20 2730.0 -405.0 94 -83 91.39900000000003 92.22700000000002 51
2940.0 329.74900000000014 16 3480.0 -595.0 94 -73 121.17800000000005 129.88800000000003 95
1470.0 226.19900000000004 18 1620.0 -150.0 50 -59 67.78000000000002 72.866 10
1260.0 212.32799999999995 19 1560.0 -300.0 38 -54 72.649 61.497999999999976 60
1430.0 273.4090000000001 14 1800.0 -370.0 51 -73 70.53199999999998 83.942 72
1545.0 191.49699999999996 14 1800.0 -285.0 43 -53 52.178999999999995 70.26199999999999 53
1755.0 269.5249999999998 19 1920.0 -165.0 49 -77 75.53899999999997 75.07799999999999 15
2095.0 294.82300000000004 20 2460.0 -365.0 54 -77 90.187 90.43900000000004 69
1555.0 256.31499999999994 15 1860.0 -305.0 40 -57 99.80699999999996 75.29499999999999 61
1985.0 274.78199999999987 15 2520.0 -535.0 54 -79 70.82100000000001 83.64399999999998 107
1035.0 233.58900000000003 17 1590.0 -555.0 40 -60 79.27600000000001 53.108000000000004 111
1160.0 201.72600000000003 14 1470.0 -310.0 41 -51 72.13099999999997 57.69599999999999 62
1660.0 301.54499999999996 14 2100.0 -440.0 49 -70 117.11 88.41999999999997 88
1160.0 259.11199999999997 20 1410.0 -250.0 72 -60 88.722 73.20799999999998 24
1565.0 234.67599999999993 19 1920.0 -355.0 46 -69 71.79499999999999 64.16299999999998 71
1665.0 319.109 22 1920.0 -255.0 73 -81 115.673 84.49900000000001 25
1675.0 273.8269999999999 16 1890.0 -230.0 54 -67 93.35399999999997 71.611 30
1785.0 278.231 14 1950.0 -165.0 55 -67 86.532 83.35000000000001 11
1540.0 245.46700000000004 18 1770.0 -230.0 54 -60 87.20100000000001 71.41799999999998 30
990.0 218.15700000000007 13 1380.0 -390.0 42 -59 72.78999999999999 56.70099999999997 78
2540.0 301.77299999999985 19 2730.0 -190.0 52 -78 99.14800000000001 100.638 20
635.0 168.321 13 900.0 -265.0 35 -48 49.155 29.584 53
1440.0 244.072 17 1830.0 -390.0 46 -68 81.757 69.13399999999997 78
1100.0 219.89999999999998 17 1410.0 -310.0 41 -62 65.399 56.209999999999994 62
1790.0 266.5880000000001 14 1980.0 -190.0 52 -73 85.158 70.396 20
1045.0 156.05299999999997 10 1290.0 -245.0 32 -41 48.867000000000004 48.198999999999984 49
1320.0 203.94100000000006 15 1590.0 -285.0 41 -52 67.40999999999998 53.96299999999999 55
1275.0 196.64900000000003 14 1650.0 -375.0 49 -52 71.64200000000002 52.798 75
1145.0 221.98900000000003 17 1410.0 -265.0 35 -56 79.722 56.842999999999996 53
870.0 212.5669999999999 19 1020.0 -150.0 50 -60 76.42899999999997 40.153999999999996 10
1680.0 257.166 15 1980.0 -300.0 39 -66 81.09499999999997 78.18100000000001 60
1560.0 321.10299999999995 18 1740.0 -180.0 60 -77 122.47599999999998 76.396 12
1685.0 279.1149999999999 21 1890.0 -205.0 57 -63 115.691 76.68799999999999 21
1880.0 301.49100000000004 20 2250.0 -370.0 44 -69 117.79599999999995 91.611 74
1800.0 325.12000000000006 14 1980.0 -180.0 60 -76 106.85200000000002 100.60999999999997 12
1190.0 234.25400000000005 18 1590.0 -400.0 43 -67 68.21399999999998 66.461 80
805.0 213.7400000000001 12 1170.0 -365.0 48 -59 71.83099999999999 44.369 73
2765.0 333.2409999999999 16 3150.0 -385.0 67 -83 113.575 108.38700000000004 43
500.0 160.36600000000004 11 840.0 -340.0 36 -38 57.48099999999998 36.17999999999999 68
2395.0 352.234 19 2610.0 -395.0 89 -84 132.84000000000003 99.88499999999995 55
1200.0 194.185 13 1470.0 -270.0 35 -48 56.079 60.067999999999984 54
785.0 214.33399999999997 16 1080.0 -295.0 38 -53 76.41799999999998 55.46200000000001 59
730.0 246.11 19 1290.0 -560.0 52 -55 97.29599999999999 67.57099999999998 112
1635.0 254.53100000000006 14 1980.0 -345.0 45 -71 89.29900000000004 65.798 69
815.0 206.50200000000004 16 1170.0 -355.0 46 -62 67.96699999999998 42.162000000000006 71
1285.0 249.78800000000004 11 1650.0 -365.0 43 -62 87.13400000000003 64.80299999999997 73
2005.0 326.9830000000001 19 2340.0 -335.0 77 -75 127.16900000000004 98.28000000000002 45
1300.0 229.66099999999997 19 1650.0 -475.0 50 -61 81.56699999999996 55.07699999999999 95
1330.0 264.927 16 1710.0 -380.0 49 -63 93.44399999999997 75.03999999999996 76
2055.0 290.76899999999995 16 2430.0 -465.0 93 -59 106.24300000000001 102.53100000000002 65
1690.0 232.03799999999998 15 1980.0 -290.0 41 -58 60.352999999999994 82.597 56
1065.0 211.62700000000004 13 1410.0 -420.0 92 -50 68.472 61.275 60
1885.0 293.627 21 2250.0 -410.0 81 -77 88.31799999999998 87.094 64
1140.0 300.27000000000004 22 1320.0 -180.0 60 -69 105.26500000000001 60.78 12
1200.0 271.99199999999996 14 1710.0 -510.0 41 -68 107.948 66.88399999999999 102
1225.0 198.40400000000005 15 1680.0 -455.0 29 -45 69.323 67.79999999999998 91
1365.0 311.1809999999999 23 1680.0 -315.0 70 -82 101.56499999999998 69.53399999999999 41
1115.0 265.26800000000003 12 1470.0 -355.0 50 -68 77.369 62.811000000000014 69
810.0 196.776 15 1110.0 -300.0 39 -52 64.12599999999999 47.02999999999998 60
1085.0 248.29199999999994 15 1530.0 -445.0 53 -65 92.091 61.396 89
1195.0 244.09499999999997 16 1440.0 -245.0 52 -66 76.14499999999998 60.64799999999998 31
1125.0 276.90100000000007 18 1470.0 -345.0 61 -66 110.421 59.687999999999995 53
1635.0 231.71899999999997 17 1890.0 -255.0 34 -56 81.97099999999998 74.80799999999996 51
825.0 221.72400000000007 13 1230.0 -405.0 48 -61 63.50699999999998 54.510000000000005 79
1605.0 288.9430000000001 19 1770.0 -165.0 55 -62 118.62100000000002 55.89899999999999 11
2250.0 289.4549999999999 12 2430.0 -180.0 60 -72 86.65900000000003 86.677 12
990.0 203.42800000000003 15 1350.0 -360.0 43 -57 65.026 46.20199999999999 72
1560.0 270.39400000000006 18 1980.0 -480.0 65 -69 88.697 79.097 88
1640.0 248.79999999999995 17 2130.0 -490.0 43 -66 98.1 76.25800000000001 98
1090.0 192.337 18 1530.0 -440.0 58 -48 68.983 53.661 88
1530.0 286.988 17 1680.0 -150.0 50 -77 99.26999999999998 64.87 10
870.0 232.32800000000003 17 1230.0 -375.0 51 -68 74.02 52.474999999999994 73
1215.0 235.40600000000006 19 1500.0 -285.0 37 -50 96.30800000000002 66.14599999999999 57
1260.0 236.89699999999996 17 1560.0 -300.0 39 -65 79.38099999999999 58.10399999999999 60
1280.0 188.73499999999999 14 1590.0 -310.0 40 -51 66.77 58.89899999999999 62
900.0 210.65200000000004 16 1200.0 -300.0 39 -56 70.449 48.046 60
2290.0 290.2020000000001 11 2520.0 -350.0 79 -75 103.03800000000003 86.44300000000001 48
1155.0 232.39000000000001 19 1440.0 -285.0 38 -65 68.30999999999999 57.00199999999998 57
905.0 209.88099999999994 12 1470.0 -565.0 43 -57 57.22499999999999 55.275000000000006 113
1205.0 235.457 21 1530.0 -325.0 42 -64 78.90699999999997 64.86199999999998 65
1380.0 314.017 17 1650.0 -270.0 59 -76 113.35000000000004 68.04200000000002 38
1655.0 258.1180000000001 18 1950.0 -295.0 38 -59 89.58000000000001 84.97499999999997 59
1320.0 335.51700000000005 20 1500.0 -180.0 60 -82 131.51999999999998 56.756 12
1830.0 285.4099999999999 19 1980.0 -150.0 50 -64 111.778 79.71200000000003 10
2360.0 297.46899999999994 19 2550.0 -190.0 52 -79 99.067 87.70400000000001 20
1970.0 310.53399999999993 20 2430.0 -585.0 61 -73 112.077 92.352 117
650.0 169.29600000000002 14 960.0 -310.0 41 -50 51.766999999999996 35.739000000000004 62
1030.0 222.23800000000003 18 1260.0 -245.0 59 -64 68.38399999999999 38.42799999999999 31
1515.0 228.62699999999995 16 1920.0 -405.0 46 -59 85.71000000000001 63.961999999999996 81
1130.0 240.01599999999996 16 1440.0 -310.0 40 -62 82.80699999999999 67.295 62
1725.0 265.2 20 1890.0 -165.0 55 -76 86.30499999999998 68.86699999999998 11
1295.0 220.75699999999998 16 1620.0 -325.0 42 -58 75.86700000000002 60.858000000000004 65
890.0 218.49400000000003 14 1260.0 -370.0 52 -59 66.57599999999996 54.551999999999985 74
715.0 226.5020000000001 15 1200.0 -535.0 87 -50 80.53399999999999 54.08900000000002 95
920.0 181.24200000000005 14 1200.0 -280.0 37 -52 55.830999999999996 41.745 56
755.0 168.577 9 1200.0 -445.0 35 -48 33.065999999999995 56.275999999999996 89
1170.0 244.157 19 1440.0 -300.0 49 -57 100.36700000000002 52.66599999999999 54
1650.0 292.586 20 1830.0 -180.0 60 -68 105.17300000000003 75.74399999999999 12
1275.0 208.95 13 1680.0 -495.0 55 -55 67.47400000000002 67.98700000000001 99
1390.0 262.775 15 1650.0 -260.0 57 -58 106.96300000000001 70.80199999999996 32
800.0 208.435 15 1110.0 -310.0 41 -49 74.00399999999998 49.029999999999994 62
1125.0 194.288 15 1380.0 -255.0 33 -50 75.56299999999999 49.36600000000001 51
935.0 183.04099999999997 15 1230.0 -295.0 34 -43 66.79799999999999 55.08699999999998 59
1250.0 253.47 20 1560.0 -310.0 41 -70 82.38700000000001 68.03899999999999 62
875.0 198.56199999999993 17 1320.0 -545.0 57 -52 69.91399999999999 45.574 109
1140.0 220.271 13 1440.0 -300.0 40 -57 75.76399999999998 55.45000000000002 60
785.0 188.53499999999997 13 1350.0 -605.0 91 -51 62.90300000000002 51.754999999999995 87
1280.0 175.54100000000005 12 1590.0 -310.0 36 -48 56.24400000000003 57.60000000000001 62
1350.0 317.115 14 1530.0 -180.0 60 -73 112.022 69.70200000000003 12
1450.0 242.34200000000004 15 1890.0 -545.0 110 -56 88.616 84.29299999999996 83
405.0 153.2 12 750.0 -345.0 38 -36 56.92699999999999 31.327 69
1625.0 249.92000000000002 18 1830.0 -205.0 57 -76 62.74400000000001 73.90599999999999 21
930.0 177.384 19 1320.0 -390.0 43 -47 64.80999999999999 50.266999999999996 78
1970.0 289.02899999999994 16 2160.0 -190.0 52 -73 104.22400000000002 87.10699999999997 20
1735.0 245.4600000000001 16 2010.0 -275.0 36 -62 92.79300000000003 77.21599999999998 55
1880.0 268.73400000000004 18 2250.0 -495.0 56 -64 97.46500000000002 80.544 99
1040.0 253.85699999999997 15 1620.0 -580.0 43 -64 101.823 64.83099999999997 116
965.0 218.05400000000003 17 1260.0 -295.0 39 -61 68.30199999999999 48.621999999999986 59
1900.0 279.86100000000005 12 2220.0 -320.0 45 -70 76.232 88.26999999999998 62
930.0 160.66500000000002 16 1320.0 -390.0 26 -45 57.876999999999995 39.41199999999999 78
980.0 206.95399999999998 15 1320.0 -340.0 44 -66 64.75699999999999 41.034 68
1455.0 268.42899999999986 17 1680.0 -435.0 102 -59 102.93699999999998 68.531 57
2175.0 382.15999999999997 18 2580.0 -505.0 92 -81 143.299 100.81799999999998 79
1625.0 248.17100000000005 12 1920.0 -295.0 39 -63 81.90400000000001 72.37 59
1355.0 267.4239999999999 19 1740.0 -385.0 49 -72 75.86999999999999 75.02199999999999 77
1130.0 203.91600000000005 13 1410.0 -280.0 37 -44 84.83500000000001 56.77399999999999 56
1210.0 187.13800000000003 12 1500.0 -290.0 41 -53 43.699999999999996 58.48800000000002 56
980.0 205.342 17 1290.0 -310.0 40 -62 60.68499999999999 41.739 62
855.0 200.259 15 1170.0 -315.0 53 -62 55.98099999999999 39.123 55
1785.0 330.282 24 1950.0 -165.0 55 -79 131.74499999999998 78.91799999999998 11
1265.0 241.00799999999998 17 1620.0 -355.0 47 -65 80.551 68.48400000000001 71
830.0 149.22199999999995 11 1110.0 -280.0 37 -42 49.498 38.69599999999999 56
1260.0 250.27300000000005 13 1560.0 -300.0 39 -61 90.08599999999998 66.894 60
785.0 204.55300000000005 17 1110.0 -325.0 42 -54 68.97399999999999 44.038999999999994 65
1100.0 199.37900000000002 15 1410.0 -310.0 40 -49 68.50199999999998 58.602000000000004 62
1460.0 225.09 17 1770.0 -310.0 40 -68 72.76899999999998 62.557 62
1770.0 252.986 21 1920.0 -150.0 50 -66 92.74899999999998 72.62399999999998 10
2370.0 313.2099999999999 16 2580.0 -210.0 70 -71 105.94400000000002 102.781 14
1795.0 308.66199999999986 16 2100.0 -365.0 66 -73 98.92299999999999 90.433 55
2250.0 349.81 17 2430.0 -180.0 60 -85 108.246 93.12299999999999 12
1445.0 264.932 17 1800.0 -355.0 43 -63 85.891 78.80400000000002 71
1530.0 254.67500000000013 17 1680.0 -150.0 50 -69 88.57299999999998 48.902 10
990.0 205.4180000000001 16 1410.0 -530.0 54 -53 70.068 55.201999999999984 106
575.0 156.70699999999997 13 1080.0 -505.0 53 -47 46.13699999999999 42.21799999999999 101
1575.0 245.71700000000004 16 1830.0 -255.0 63 -62 77.07399999999998 68.316 31
315.0 176.73200000000006 12 660.0 -345.0 38 -42 47.602999999999994 40.538999999999994 69
1620.0 225.135 18 1920.0 -430.0 56 -61 59.49999999999999 71.25199999999998 86
815.0 170.49599999999998 15 1050.0 -235.0 31 -46 57.20699999999999 42.583 47
1660.0 303.901 23 2010.0 -350.0 45 -69 113.69600000000003 89.59699999999997 70
1640.0 234.82200000000003 17 1800.0 -160.0 42 -64 77.17499999999997 62.491999999999976 18
1340.0 255.23000000000002 20 1800.0 -460.0 59 -62 89.66700000000003 78.77099999999999 92
1735.0 229.82299999999998 18 1980.0 -245.0 32 -52 94.82100000000003 77.61499999999995 49
1500.0 270.819 19 1890.0 -390.0 51 -77 82.76600000000003 76.926 78
1460.0 299.77500000000003 16 1950.0 -530.0 91 -75 83.91500000000003 79.77099999999999 92
1465.0 257.932 16 1770.0 -305.0 40 -62 98.36500000000001 62.39199999999998 61
1070.0 188.065 17 1500.0 -430.0 38 -50 64.21299999999998 64.77199999999999 86
1740.0 245.774 16 1920.0 -180.0 60 -71 63.75199999999999 73.67399999999998 12
1500.0 268.372 17 1830.0 -330.0 53 -72 83.23899999999999 71.06399999999998 50
1800.0 286.347 17 2040.0 -365.0 64 -76 93.048 82.392 57
830.0 206.47700000000003 15 1200.0 -370.0 44 -67 63.407999999999994 41.400000000000006 74
900.0 212.078 15 1200.0 -300.0 39 -60 68.501 50.085 60
2115.0 336.368 18 2430.0 -315.0 60 -66 134.63099999999997 106.41900000000003 45
1385.0 242.35300000000004 16 1560.0 -175.0 47 -58 94.95700000000001 61.18499999999999 19
765.0 164.171 10 1080.0 -315.0 36 -44 44.487 40.215 63
1800.0 320.3939999999999 24 1980.0 -180.0 60 -80 118.09500000000001 76.432 12
840.0 228.466 14 1020.0 -180.0 60 -57 79.04299999999999 52.758999999999986 12
695.0 177.672 16 900.0 -205.0 27 -49 62.209999999999994 35.455 41
1275.0 261.43000000000006 16 1650.0 -375.0 40 -64 101.11299999999999 65.36299999999999 75
2080.0 350.54099999999994 21 2340.0 -260.0 62 -74 143.299 89.28499999999997 30
1260.0 223.318 15 1410.0 -150.0 50 -62 69.57699999999997 56.047 10
705.0 221.19400000000005 20 1020.0 -315.0 42 -61 76.981 46.798 63
835.0 208.61700000000002 20 1380.0 -580.0 71 -51 74.67299999999999 59.352999999999994 116
1405.0 263.773 18 1800.0 -450.0 59 -67 98.38700000000001 64.78799999999998 90
910.0 198.60200000000006 15 1230.0 -320.0 33 -54 63.102999999999994 50.147999999999996 64
1235.0 207.0420000000001 13 1500.0 -265.0 35 -53 75.64100000000003 52.07899999999998 53
1785.0 282.176 20 1950.0 -165.0 55 -79 93.901 72.54599999999998 11
935.0 164.324 14 1440.0 -635.0 60 -43 44.19299999999999 54.06800000000002 127
2035.0 296.31399999999996 18 2430.0 -395.0 52 -72 98.11900000000001 87.59600000000002 79
815.0 244.764 18 1140.0 -325.0 46 -68 76.79199999999999 49.045999999999985 63
1920.0 309.49199999999996 21 2580.0 -660.0 93 -79 118.983 92.20499999999998 120
1570.0 241.95599999999996 17 1920.0 -350.0 45 -62 77.25900000000003 79.012 70
1000.0 223.43800000000002 16 1440.0 -455.0 47 -61 77.26599999999999 50.209999999999994 89
1255.0 179.60600000000008 12 1530.0 -275.0 36 -50 64.82400000000003 52.993999999999964 55
1425.0 217.58800000000005 13 2040.0 -615.0 56 -54 85.56700000000002 70.02499999999996 123
500.0 219.79099999999997 13 1200.0 -700.0 73 -58 68.982 43.676 140
925.0 186.71200000000002 15 1200.0 -275.0 36 -54 61.535 41.37099999999999 55
1620.0 214.55399999999995 18 1920.0 -300.0 39 -48 81.46300000000001 76.82799999999997 60
795.0 212.37099999999998 15 1050.0 -255.0 33 -58 64.00999999999999 53.516999999999996 51
980.0 196.73999999999998 12 1680.0 -700.0 73 -54 59.49200000000001 57.67399999999997 140
1290.0 259.40700000000004 16 1590.0 -300.0 59 -60 87.465 71.85000000000002 42
2650.0 329.13599999999997 19 2850.0 -200.0 56 -80 118.394 111.04799999999997 20
1255.0 198.282 17 1560.0 -305.0 35 -54 57.25799999999999 64.466 61
1470.0 261.5660000000001 22 1650.0 -180.0 60 -64 89.93500000000002 71.283 12
1025.0 237.29099999999994 20 1350.0 -325.0 42 -68 70.40199999999997 51.48299999999998 65
1395.0 255.55 18 1560.0 -165.0 55 -68 83.67699999999999 60.336 11
1520.0 255.44000000000008 15 1920.0 -400.0 45 -59 100.57400000000001 79.55599999999997 80
935.0 251.72600000000003 18 1320.0 -415.0 60 -58 100.002 56.41599999999998 79
2115.0 314.4079999999999 23 2280.0 -165.0 55 -81 107.94099999999997 89.416 11
1100.0 214.285 16 1410.0 -310.0 41 -59 63.42299999999999 56.37499999999999 62
1485.0 284.72200000000004 18 1650.0 -165.0 55 -69 72.69099999999999 79.10600000000001 11
1380.0 289.61999999999995 15 1680.0 -300.0 50 -70 106.431 64.15400000000001 30
1530.0 250.75699999999998 14 1800.0 -270.0 66 -59 76.38099999999999 76.73500000000003 30
1385.0 210.43299999999994 18 1620.0 -235.0 31 -46 81.71799999999998 64.00699999999998 47
2300.0 409.05799999999994 22 2520.0 -220.0 65 -93 137.31500000000003 104.04699999999998 20
1295.0 228.90199999999993 15 1620.0 -515.0 57 -57 85.563 67.70499999999998 103
1965.0 259.104 18 2130.0 -215.0 62 -63 91.84799999999998 77.65099999999997 21
1790.0 272.488 17 1980.0 -190.0 52 -65 78.377 89.464 20
1425.0 316.2099999999999 21 1590.0 -165.0 55 -82 108.37599999999996 71.69899999999998 11
1290.0 205.53600000000003 16 1590.0 -300.0 39 -62 52.379000000000005 66.23199999999999 60
1935.0 322.858 18 2100.0 -165.0 55 -73 120.49900000000002 97.835 11
1550.0 227.606 20 1860.0 -310.0 41 -67 68.459 61.936 62
920.0 223.83800000000005 19 1290.0 -370.0 39 -61 84.22699999999996 48.021999999999984 74
780.0 256.88 19 1230.0 -450.0 46 -70 82.51299999999999 58.448999999999984 90
1670.0 293.12500000000006 19 1980.0 -310.0 41 -65 122.20000000000005 78.846 62
1295.0 234.643 15 1590.0 -295.0 38 -63 65.00600000000001 69.70799999999998 59
685.0 164.23300000000003 13 930.0 -245.0 32 -47 55.498 35.387 49
1315.0 206.55400000000006 14 1620.0 -415.0 53 -51 68.61299999999999 65.539 79
965.0 188.41500000000005 16 1260.0 -295.0 39 -51 71.44999999999999 47.13399999999999 59
1235.0 238.74800000000005 17 1710.0 -475.0 43 -72 65.45299999999999 69.48299999999999 95
1130.0 289.673 18 1500.0 -370.0 52 -60 118.54700000000003 72.92699999999999 74
1895.0 331.7659999999999 17 2130.0 -235.0 64 -73 143.756 68.064 23
2000.0 230.36200000000008 12 2250.0 -250.0 65 -53 72.48300000000003 86.06800000000001 26
980.0 229.86999999999992 17 1380.0 -535.0 118 -57 86.36899999999997 56.059999999999995 75
1390.0 247.206 14 1710.0 -320.0 38 -59 85.633 75.968 64
1440.0 234.53 15 1800.0 -360.0 48 -63 69.98299999999999 60.27599999999998 72
730.0 160.554 15 1140.0 -410.0 33 -49 49.209999999999994 41.274 82
1245.0 283.7009999999999 20 1590.0 -345.0 54 -72 97.47199999999998 58.18900000000001 63
1155.0 210.9750000000001 22 1410.0 -255.0 33 -54 78.25899999999999 53.13699999999998 51
2305.0 319.08900000000006 19 2850.0 -545.0 84 -77 117.79699999999998 108.57599999999996 89
1015.0 177.56800000000004 13 1380.0 -410.0 53 -42 71.22700000000003 48.17899999999997 82
1530.0 270.553 15 1680.0 -165.0 55 -66 92.574 77.621 11
1640.0 306.162 21 1830.0 -190.0 52 -78 121.48600000000002 66.04399999999998 20
1880.0 302.5659999999999 19 2190.0 -310.0 47 -75 99.98599999999999 93.77100000000002 58
1440.0 241.22400000000002 17 1740.0 -300.0 39 -67 86.13799999999999 57.621999999999986 60
1895.0 249.459 15 2250.0 -355.0 46 -67 83.804 76.981 71
1695.0 257.1420000000001 16 1890.0 -355.0 78 -65 86.684 73.509 45
1550.0 243.15200000000004 17 1860.0 -310.0 41 -60 91.07600000000001 75.43299999999998 62
1255.0 213.51399999999998 17 1590.0 -335.0 35 -60 72.116 60.197999999999986 67
2535.0 336.8439999999999 18 2730.0 -195.0 65 -85 99.70500000000001 100.94099999999999 13
1020.0 190.252 15 1350.0 -330.0 43 -57 58.225 49.282000000000004 66
930.0 234.34800000000007 15 1530.0 -600.0 79 -56 84.58100000000003 61.86200000000001 120
890.0 215.89600000000002 16 1260.0 -370.0 37 -59 66.00099999999998 54.68999999999999 74
1860.0 306.9959999999999 19 2040.0 -180.0 60 -78 88.245 81.50499999999998 12
1830.0 364.87300000000005 18 2010.0 -180.0 60 -76 138.36 101.33699999999999 12
1135.0 201.75600000000006 17 1410.0 -275.0 36 -52 79.296 48.641999999999996 55
1250.0 275.221 19 1560.0 -310.0 41 -65 100.55600000000001 64.42 62
1605.0 307.3690000000001 21 1770.0 -165.0 55 -76 115.75699999999999 69.942 11
1995.0 277.894 13 2160.0 -165.0 55 -68 86.11700000000002 88.621 11
1575.0 208.61999999999995 13 1890.0 -405.0 71 -58 65.814 69.619 69
1560.0 259.071 19 1740.0 -180.0 60 -68 76.59399999999998 68.38799999999999 12
1270.0 271.73100000000005 20 1650.0 -600.0 75 -61 103.53200000000001 79.65099999999998 120
1465.0 241.35899999999995 18 1830.0 -395.0 85 -56 89.142 73.85099999999998 57
1045.0 196.61200000000008 14 1350.0 -305.0 40 -47 74.786 60.66099999999999 61
1280.0 270.12899999999996 15 1650.0 -390.0 98 -62 84.592 81.50899999999999 46
1580.0 195.85800000000006 15 1800.0 -220.0 29 -50 72.305 60.506000000000014 44
645.0 186.31099999999992 14 1530.0 -885.0 72 -49 62.139999999999986 56.25299999999999 177
1035.0 180.08000000000007 17 1440.0 -505.0 51 -50 64.99199999999998 48.627999999999986 101
2025.0 268.136 13 2190.0 -165.0 55 -68 76.70600000000003 86.825 11
2055.0 290.29100000000005 17 2250.0 -195.0 65 -78 61.637999999999984 88.41400000000003 13
1425.0 263.53400000000005 19 1710.0 -285.0 38 -63 89.544 71.912 57
1295.0 229.59700000000007 13 1590.0 -295.0 39 -59 74.76000000000002 64.04899999999999 59
1570.0 223.99699999999999 15 1860.0 -290.0 38 -54 83.693 72.87099999999997 58
780.0 238.24500000000003 17 1170.0 -390.0 47 -62 82.827 51.638 78
690.0 196.32300000000004 15 990.0 -300.0 39 -54 66.14 44.733 60
2190.0 352.2390000000001 20 2370.0 -305.0 68 -78 128.47000000000003 99.77399999999999 37
1835.0 274.361 21 2280.0 -445.0 58 -60 106.893 89.67299999999999 89
1280.0 224.08599999999996 19 1590.0 -490.0 56 -53 85.51999999999998 56.658999999999985 98
1150.0 269.2600000000001 14 1530.0 -460.0 85 -67 97.343 63.373 76
835.0 197.64800000000002 12 1110.0 -275.0 36 -41 74.15200000000002 55.02099999999997 55
1790.0 260.54799999999994 17 1980.0 -190.0 52 -65 98.55400000000002 73.766 20
1970.0 259.35600000000005 17 2310.0 -445.0 47 -63 104.65300000000002 87.71999999999997 89
1305.0 230.45100000000002 16 1890.0 -585.0 64 -64 84.57000000000001 68.53799999999998 117
1355.0 271.82 17 1740.0 -385.0 41 -68 104.06499999999998 63.379000000000005 77
800.0 164.58200000000005 15 1110.0 -310.0 41 -49 47.666 41.092999999999996 62
1565.0 268.55100000000004 16 1920.0 -355.0 47 -67 82.32500000000003 86.01899999999995 71
1500.0 215.80599999999998 20 1830.0 -330.0 44 -63 70.589 62.20399999999999 66
1310.0 206.05799999999996 16 1500.0 -190.0 52 -59 68.978 48.580000000000005 20
985.0 262.292 18 1230.0 -245.0 59 -61 79.92500000000001 73.45899999999997 31
1695.0 272.8280000000001 16 1860.0 -165.0 55 -59 90.829 73.53899999999997 11
1095.0 218.018 17 1530.0 -465.0 48 -60 73.481 56.16599999999998 89
930.0 205.59 17 1230.0 -315.0 43 -59 65.06899999999999 44.728 61
1495.0 211.82100000000003 16 1830.0 -335.0 39 -56 75.56700000000002 63.78599999999997 67
1070.0 219.423 19 1290.0 -220.0 29 -54 69.243 67.07999999999998 44
850.0 184.25300000000001 12 1140.0 -290.0 37 -50 56.837 47.47999999999998 58
1375.0 259.84800000000007 17 1710.0 -335.0 44 -60 100.613 71.226 67
1185.0 229.88900000000004 15 1650.0 -555.0 80 -49 82.45800000000004 75.58599999999997 86
865.0 192.01799999999997 14 1200.0 -335.0 36 -53 64.95299999999999 47.837 67
785.0 189.39100000000002 15 1260.0 -475.0 62 -51 55.74299999999999 55.378 95
1750.0 237.14200000000002 13 2070.0 -320.0 47 -56 78.64999999999999 83.25299999999999 60
1515.0 330.6540000000001 17 1740.0 -225.0 75 -87 115.38100000000001 71.328 15
1095.0 189.55400000000003 14 1410.0 -315.0 45 -51 53.47999999999999 55.25 61
1050.0 186.72000000000003 12 1320.0 -270.0 56 -43 63.013999999999996 55.73999999999999 34
970.0 265.708 13 1230.0 -260.0 76 -65 77.33 60.58299999999999 24
1450.0 271.344 16 1830.0 -395.0 54 -72 94.34400000000001 69.15800000000002 77
1075.0 220.838 15 1590.0 -515.0 59 -53 74.52799999999999 66.265 103
1755.0 297.924 24 2040.0 -315.0 60 -76 112.43899999999998 72.95300000000002 45
1770.0 288.59700000000004 19 1950.0 -180.0 60 -60 117.732 76.94999999999999 12
1310.0 213.67300000000006 14 1620.0 -310.0 41 -55 75.92200000000003 58.349000000000004 62
1145.0 253.60999999999993 17 1620.0 -475.0 45 -65 96.17699999999999 64.30399999999999 95
1650.0 258.54599999999994 20 2070.0 -420.0 51 -70 95.64899999999999 73.46999999999997 84
1525.0 241.28500000000003 21 1800.0 -275.0 36 -63 90.772 62.50200000000001 55
1085.0 255.46300000000005 16 1530.0 -445.0 92 -63 78.94899999999997 68.68499999999999 61
1170.0 240.82200000000006 17 1560.0 -420.0 52 -65 81.37099999999998 60.00299999999999 80
1765.0 267.602 13 2100.0 -335.0 45 -64 99.24800000000005 73.32 67
1505.0 315.21499999999986 20 1800.0 -295.0 44 -72 123.91300000000003 71.42299999999999 57
1065.0 194.80499999999998 18 1500.0 -435.0 53 -53 66.383 56.59799999999999 87
1425.0 300.002 17 1590.0 -165.0 55 -70 132.24500000000003 53.081999999999994 11
1380.0 236.403 16 1680.0 -300.0 39 -62 75.88399999999999 70.18499999999999 60
1590.0 281.16200000000003 23 1860.0 -270.0 54 -75 82.54499999999997 79.98100000000002 38
910.0 207.23 16 1230.0 -320.0 28 -56 65.428 52.889999999999986 64
1080.0 203.34400000000008 17 1230.0 -150.0 50 -53 62.620999999999995 55.225 10
1245.0 237.57100000000005 14 1590.0 -375.0 50 -53 87.37200000000003 71.82499999999997 71
1440.0 253.03999999999996 15 1620.0 -180.0 60 -56 82.118 79.99600000000001 12
1035.0 228.75900000000007 22 1380.0 -345.0 45 -66 70.92999999999998 59.684999999999995 69
1100.0 200.55999999999997 14 1380.0 -280.0 37 -52 70.62600000000003 56.237999999999985 56
1665.0 277.7540000000001 20 1830.0 -165.0 55 -67 100.80999999999997 84.01799999999999 11
1880.0 266.3210000000001 17 2190.0 -310.0 41 -70 88.19500000000002 85.84199999999997 62
1145.0 220.90799999999996 22 1620.0 -520.0 94 -57 80.03499999999998 58.35099999999999 74
2090.0 258.57200000000006 16 2640.0 -550.0 67 -61 100.22399999999999 91.78199999999998 110
1745.0 274.08799999999997 20 2100.0 -355.0 47 -68 102.98899999999999 81.75400000000002 71
1745.0 244.608 12 2370.0 -715.0 75 -60 70.64100000000002 90.59899999999999 139
1265.0 235.558 14 1590.0 -325.0 41 -67 51.781 65.708 63
1040.0 205.247 18 1350.0 -310.0 40 -58 66.96699999999998 52.282 62
1615.0 275.33899999999994 18 1890.0 -275.0 36 -59 103.94900000000001 88.66499999999998 55
1010.0 238.334 12 1560.0 -550.0 59 -60 71.76399999999998 76.52 110
1090.0 206.81799999999998 18 1410.0 -320.0 41 -57 67.92099999999999 52.824999999999996 64
1060.0 206.525 15 1350.0 -290.0 38 -56 67.76199999999999 51.59599999999999 58
1670.0 274.3929999999999 20 1980.0 -310.0 41 -63 109.28500000000001 79.21199999999997 62
1550.0 250.15799999999996 19 1890.0 -660.0 61 -62 87.13499999999998 77.07900000000002 132
1295.0 215.30100000000002 15 1650.0 -355.0 46 -67 58.53399999999999 57.40099999999999 71
1995.0 341.3359999999999 22 2190.0 -195.0 65 -81 118.17899999999999 83.451 13
735.0 204.95200000000003 16 1290.0 -555.0 74 -54 72.78899999999997 53.33299999999999 97
1015.0 246.167 17 1320.0 -305.0 40 -65 88.76399999999998 59.583999999999996 61
770.0 195.091 14 1200.0 -430.0 35 -50 63.52699999999998 53.96699999999998 86
1520.0 272.03399999999993 20 1800.0 -280.0 37 -61 98.258 81.949 56
1055.0 281.062 17 1530.0 -475.0 49 -68 101.06400000000004 68.03599999999997 95
1270.0 282.5199999999999 19 1470.0 -200.0 56 -67 106.84299999999996 68.797 20
1530.0 258.543 17 1950.0 -420.0 45 -60 92.896 72.88600000000001 84
1610.0 229.15599999999992 18 1980.0 -370.0 45 -65 69.76299999999999 67.90100000000001 74
895.0 188.69999999999996 15 1320.0 -425.0 42 -52 69.1 47.794999999999995 85
1840.0 303.03700000000003 18 2250.0 -440.0 60 -70 110.80300000000005 105.86800000000001 84
1755.0 322.07899999999995 23 1920.0 -195.0 65 -82 112.10799999999999 66.16999999999999 13
645.0 212.9500000000001 15 1170.0 -560.0 73 -57 76.63900000000001 45.427 112
800.0 183.782 14 1110.0 -310.0 40 -52 67.38499999999999 39.26099999999999 62
530.0 165.73700000000002 14 840.0 -310.0 41 -42 56.75 37.973 62
1015.0 228.08900000000006 18 1380.0 -365.0 63 -60 81.66999999999999 51.76899999999999 53
1370.0 229.75699999999998 20 1560.0 -190.0 52 -62 78.966 57.126999999999995 20
720.0 189.876 16 1200.0 -480.0 40 -56 55.609 49.75099999999998 96
1970.0 299.005 20 2160.0 -190.0 52 -70 111.12500000000001 90.67899999999997 20
1090.0 207.05700000000002 17 1410.0 -320.0 42 -56 75.602 49.94699999999999 64
1740.0 266.313 18 1920.0 -180.0 60 -68 84.44699999999999 85.63499999999998 12
1530.0 234.29700000000003 16 1680.0 -150.0 50 -64 67.805 58.74299999999999 10
1220.0 248.61400000000003 17 1530.0 -310.0 41 -64 75.21799999999999 76.10800000000002 62
1080.0 199.19600000000005 16 1350.0 -270.0 36 -60 65.03599999999999 47.89699999999999 54
2295.0 318.5 16 2610.0 -315.0 54 -77 113.77900000000001 89.64399999999999 55
1500.0 296.23499999999996 19 1800.0 -300.0 39 -64 132.92200000000003 73.34 60
1545.0 202.00199999999995 16 1860.0 -315.0 41 -55 67.00300000000001 61.21999999999996 63
1935.0 290.61499999999995 20 2220.0 -285.0 38 -62 110.33699999999999 98.72399999999998 57
1015.0 165.63199999999995 15 1260.0 -245.0 32 -35 60.13699999999999 60.62299999999998 49
1410.0 273.1330000000001 14 1800.0 -390.0 58 -64 88.95600000000003 71.44500000000002 70
1885.0 293.2219999999999 14 2280.0 -395.0 75 -80 68.10099999999998 90.954 55
1775.0 256.742 19 2070.0 -295.0 39 -65 91.632 83.26299999999998 59
1650.0 300.048 24 1950.0 -300.0 40 -68 136.212 75.21499999999999 60
1025.0 231.60500000000002 15 1320.0 -295.0 39 -57 75.58499999999998 62.18999999999998 59
1675.0 235.05 20 2010.0 -335.0 44 -66 80.85499999999999 57.03899999999998 67
1195.0 266.651 19 1590.0 -395.0 70 -68 82.35 67.56099999999998 57
2270.0 293.267 18 2520.0 -250.0 61 -72 94.98399999999998 84.59000000000003 28
1650.0 236.52900000000002 16 1980.0 -330.0 43 -67 78.889 69.45299999999999 66
1400.0 212.44400000000002 14 1710.0 -310.0 40 -52 78.37100000000001 66.52199999999998 62
1255.0 238.1020000000001 16 1620.0 -395.0 88 -62 89.63000000000002 58.98099999999999 55
2145.0 321.19299999999987 17 2310.0 -255.0 62 -67 120.72799999999997 104.755 29
1415.0 310.4719999999999 19 1740.0 -325.0 49 -72 119.12300000000002 75.25199999999998 61
1835.0 252.62099999999998 17 2250.0 -415.0 47 -53 95.901 87.33999999999995 83
1545.0 274.6740000000001 21 1980.0 -475.0 73 -59 107.34299999999999 83.00599999999999 61
1350.0 245.03400000000002 14 2040.0 -690.0 64 -62 71.898 86.096 138
2190.0 332.19199999999995 17 2490.0 -330.0 94 -89 88.44600000000001 102.932 32
1790.0 260.423 14 1980.0 -190.0 52 -64 79.19699999999999 86.00199999999997 20
1470.0 198.46099999999998 16 2100.0 -640.0 96 -54 60.168 71.53399999999999 92
975.0 194.03799999999995 17 1230.0 -255.0 33 -49 67.76399999999998 49.330999999999996 51
1180.0 289.7549999999998 18 1800.0 -655.0 87 -69 95.50899999999997 76.57099999999998 131
1720.0 339.3429999999998 17 1920.0 -200.0 61 -78 111.482 79.03199999999997 16
1225.0 208.136 17 1500.0 -390.0 43 -47 74.97499999999998 65.52199999999999 78
2180.0 297.44300000000004 15 2370.0 -190.0 52 -71 100.942 95.726 20
1895.0 269.97999999999996 15 2250.0 -375.0 93 -57 101.61800000000002 87.57099999999998 45
1450.0 231.85400000000007 16 1770.0 -320.0 38 -65 74.97 66.98799999999999 64
755.0 119.92999999999996 11 960.0 -205.0 27 -34 38.911 37.00299999999999 41
860.0 180.738 18 1140.0 -280.0 37 -54 55.916999999999994 39.264 56
1200.0 259.123 18 1560.0 -360.0 34 -62 107.711 56.606999999999985 72
930.0 205.55099999999996 17 1200.0 -270.0 35 -63 69.43699999999998 43.646 54
1070.0 231.56 20 1440.0 -370.0 48 -64 72.92899999999999 56.21699999999999 74
1605.0 289.697 17 1770.0 -195.0 65 -74 89.379 62.44800000000001 13
1030.0 267.574 20 1470.0 -440.0 49 -68 86.46800000000002 67.85799999999999 88
1600.0 287.23899999999986 19 1950.0 -350.0 49 -71 105.21799999999998 72.55700000000002 68
1695.0 247.95699999999997 13 2190.0 -555.0 76 -59 61.576 95.98799999999999 99
1450.0 292.3129999999999 21 1710.0 -260.0 66 -65 111.029 70.99199999999999 28
1020.0 254.58500000000004 19 1320.0 -300.0 39 -61 103.10899999999998 53.955999999999996 60
-200.0 189.90499999999992 10 1290.0 -1490.0 68 -33 44.01899999999999 37.97099999999999 298
1195.0 240.97799999999995 15 1470.0 -275.0 62 -65 82.19699999999997 52.556999999999974 33
1205.0 269.574 19 1620.0 -415.0 53 -70 84.213 60.48099999999999 83
1760.0 278.1090000000001 15 2220.0 -460.0 58 -68 93.876 84.421 90
1245.0 202.20500000000007 14 1500.0 -255.0 34 -56 68.96400000000003 59.53900000000001 51
1800.0 305.33499999999987 18 2130.0 -330.0 53 -78 100.24900000000004 88.05099999999995 39
1030.0 236.89700000000005 16 1380.0 -350.0 46 -69 85.86700000000002 47.144999999999975 70
1530.0 258.37300000000005 15 1770.0 -240.0 49 -64 97.67800000000001 76.077 36
2325.0 341.69900000000007 18 2610.0 -285.0 71 -71 115.41000000000003 101.76500000000004 35
1120.0 241.72700000000006 18 1470.0 -350.0 45 -69 60.877999999999986 61.107 70
780.0 201.39399999999998 14 1170.0 -390.0 42 -58 63.70899999999999 44.542999999999985 78
1280.0 246.88500000000008 19 1650.0 -370.0 40 -58 105.56400000000002 64.79599999999999 74
810.0 189.40800000000004 15 1140.0 -330.0 41 -53 72.798 36.964 66
1420.0 272.40299999999996 20 1740.0 -320.0 84 -73 96.67699999999999 67.89199999999998 36
1795.0 253.93600000000012 16 2070.0 -275.0 36 -61 78.03100000000002 96.52499999999998 55
1190.0 273.04699999999997 25 1530.0 -340.0 45 -73 95.925 61.65599999999999 68
1860.0 255.98600000000005 18 2040.0 -180.0 60 -61 95.89399999999999 77.91899999999997 12
1185.0 318.2719999999999 20 1350.0 -165.0 55 -81 104.84500000000001 58.998999999999995 11
1020.0 206.175 16 1500.0 -480.0 63 -54 71.74199999999998 61.511 96
2430.0 374.213 20 2610.0 -180.0 60 -88 136.32899999999995 108.85300000000002 12
925.0 232.26 13 1260.0 -395.0 78 -49 94.44900000000001 45.739000000000004 53
1090.0 223.84599999999998 13 1410.0 -320.0 42 -56 84.28399999999999 56.65499999999998 64
1870.0 251.33200000000002 12 2190.0 -320.0 44 -69 62.23299999999999 87.82700000000003 62
965.0 265.019 17 1500.0 -535.0 45 -74 79.795 62.986000000000004 107
1805.0 285.12200000000007 14 2160.0 -355.0 42 -69 94.49900000000002 82.06300000000002 69
1425.0 347.158 22 2040.0 -615.0 77 -76 121.93400000000001 87.99999999999999 115
1500.0 299.0649999999998 21 1680.0 -180.0 60 -82 91.13999999999997 67.169 12
1590.0 258.044 20 1920.0 -330.0 39 -63 92.071 80.321 66
735.0 173.97000000000003 13 990.0 -255.0 34 -54 38.88199999999999 46.96099999999999 51
925.0 168.51300000000006 14 1290.0 -445.0 49 -45 51.276 49.52600000000001 89
1965.0 249.73899999999998 14 2190.0 -225.0 75 -62 82.48599999999996 73.38399999999997 15
1305.0 265.44100000000003 17 1740.0 -495.0 82 -61 77.39699999999998 78.55000000000001 77
1385.0 268.02400000000006 17 1860.0 -475.0 83 -58 89.345 88.578 81
1630.0 243.91199999999998 17 2010.0 -380.0 45 -71 76.673 67.844 76
1155.0 155.60400000000004 11 1410.0 -465.0 47 -35 60.702 56.596999999999994 93
1160.0 234.02700000000002 20 1470.0 -430.0 56 -56 89.17599999999999 62.237 86
610.0 151.902 13 990.0 -380.0 31 -42 55.01999999999998 42.108 76
1695.0 248.72299999999998 14 2070.0 -570.0 66 -61 82.92099999999999 80.76799999999999 114
2020.0 283.88399999999996 18 2370.0 -350.0 45 -75 102.58999999999999 89.48299999999999 70
1040.0 207.38000000000008 14 1320.0 -280.0 37 -53 73.15299999999998 47.641999999999996 56
1350.0 201.93900000000002 15 1620.0 -270.0 35 -54 65.93199999999999 58.21999999999998 54
1205.0 264.099 19 1680.0 -475.0 41 -67 95.40700000000002 68.21799999999998 95
1665.0 297.8019999999999 19 1890.0 -225.0 52 -76 112.14300000000001 74.87799999999999 27
1070.0 193.99099999999996 14 1380.0 -310.0 40 -59 56.739 42.881 62
1085.0 232.99200000000008 16 1380.0 -295.0 39 -54 83.98500000000001 65.32499999999997 59
2080.0 350.70300000000003 19 2370.0 -290.0 75 -74 127.23299999999999 102.019 34
780.0 205.6380000000001 21 1110.0 -330.0 36 -57 59.977000000000004 52.348 66
1475.0 263.37000000000006 17 1890.0 -565.0 126 -63 94.68700000000001 75.92299999999997 79
905.0 181.226 16 1200.0 -295.0 39 -55 53.364999999999995 49.51499999999999 59
1485.0 242.70300000000003 15 1650.0 -165.0 55 -67 76.83599999999998 63.307 11
1040.0 242.89000000000007 17 1440.0 -400.0 47 -60 79.70899999999999 72.51799999999999 80
1370.0 217.96900000000002 15 1680.0 -310.0 47 -59 55.203 65.75200000000001 58
1360.0 258.6770000000001 14 1830.0 -485.0 101 -56 82.26400000000002 72.69599999999998 73
1220.0 266.76 15 1800.0 -610.0 82 -57 105.39300000000004 81.334 122
2535.0 359.52299999999997 22 2700.0 -165.0 55 -88 102.96700000000001 128.601 11
1670.0 254.006 13 1950.0 -280.0 37 -62 88.64600000000002 78.27599999999997 56
1890.0 316.6480000000001 17 2070.0 -180.0 60 -73 119.84600000000002 89.13099999999999 12
1755.0 281.931 16 1920.0 -165.0 55 -69 83.95699999999998 78.66999999999997 11
960.0 186.45599999999996 14 1260.0 -570.0 61 -49 60.90599999999999 44.583999999999975 114
1420.0 271.129 16 1830.0 -490.0 70 -65 97.74199999999999 71.21400000000003 88
795.0 198.73300000000003 19 1230.0 -525.0 54 -54 67.173 51.63999999999999 105
855.0 226.38300000000004 16 1230.0 -375.0 40 -64 69.581 44.112 75
1680.0 281.176 20 1980.0 -300.0 39 -68 101.91199999999998 95.70899999999997 60
1735.0 245.29900000000006 14 2010.0 -275.0 36 -60 98.90000000000003 68.10599999999998 55
2305.0 269.549 14 2670.0 -365.0 49 -66 69.21099999999998 107.42200000000005 69
1350.0 257.249 15 1710.0 -400.0 85 -66 81.44099999999997 70.63000000000002 58
1455.0 205.16000000000003 14 1860.0 -405.0 35 -52 74.162 68.15999999999997 81
1095.0 209.368 18 1560.0 -765.0 81 -53 75.37799999999997 59.597999999999985 153
2205.0 318.699 16 2370.0 -165.0 55 -78 105.53099999999999 97.51899999999999 11
2160.0 389.7220000000001 19 2340.0 -285.0 68 -84 153.86200000000002 103.22599999999998 33
1615.0 273.91999999999996 22 1890.0 -275.0 36 -61 100.39799999999997 90.582 55
1190.0 240.27899999999997 16 1440.0 -250.0 52 -67 84.64699999999999 52.566999999999986 32
1645.0 270.99300000000005 15 2010.0 -365.0 48 -64 102.99399999999999 77.56199999999998 73
1525.0 289.27500000000015 19 1920.0 -395.0 65 -67 106.678 84.87499999999999 61
1875.0 291.25599999999986 14 2040.0 -165.0 55 -67 99.742 85.38799999999998 11
1755.0 256.7510000000001 19 1920.0 -165.0 55 -63 87.82799999999999 79.71699999999997 11
825.0 286.174 19 1350.0 -525.0 60 -76 90.999 65.09799999999998 105
1005.0 216.26199999999992 19 1470.0 -465.0 43 -57 89.13900000000001 53.923 93
