1350.0 284.558 17 1710.0 -360.0 82 -74 95.512 63.52699999999999 44
880.0 249.575 22 1470.0 -590.0 59 -60 96.69999999999997 66.999 118
1560.0 263.91600000000005 17 1800.0 -240.0 80 -72 87.81899999999999 70.13799999999999 16
1680.0 284.029 19 2130.0 -450.0 71 -69 103.09399999999998 79.39299999999997 55
795.0 233.17000000000002 17 1080.0 -325.0 91 -58 97.00699999999999 40.248 33
1095.0 256.994 12 1320.0 -225.0 75 -62 91.53900000000002 64.16799999999998 15
720.0 211.64900000000003 18 1320.0 -600.0 82 -49 88.914 48.62299999999998 78
2010.0 329.148 16 2400.0 -390.0 88 -89 92.353 88.721 48
2100.0 297.8960000000001 23 2340.0 -240.0 80 -90 102.61900000000001 67.502 16
960.0 290.933 19 1470.0 -510.0 95 -62 91.21 65.21199999999999 72
820.0 220.07599999999996 17 1260.0 -440.0 58 -64 54.37999999999999 47.099000000000004 88
1155.0 215.33999999999992 15 1530.0 -375.0 99 -66 41.829 50.47199999999999 43
870.0 272.6819999999999 17 1110.0 -240.0 80 -67 88.16499999999998 56.627999999999986 16
1100.0 246.88400000000004 14 1500.0 -420.0 109 -63 69.20699999999998 53.10599999999997 34
2160.0 328.2989999999999 17 2400.0 -240.0 80 -84 115.46700000000001 87.88699999999999 16
980.0 229.40099999999995 17 1290.0 -310.0 82 -63 75.893 45.342 32
2455.0 356.05699999999996 17 2820.0 -450.0 104 -84 118.95600000000003 108.359 54
1835.0 284.99 14 2220.0 -415.0 88 -74 85.84399999999998 85.056 61
1560.0 336.45199999999994 22 1800.0 -240.0 80 -82 111.07899999999998 71.52099999999999 16
-215.0 187.554 9 1320.0 -1535.0 48 -45 73.927 53.350000000000016 307
1155.0 231.94299999999996 12 1590.0 -435.0 58 -61 77.34099999999998 67.67799999999997 87
240.0 147.97500000000002 13 870.0 -820.0 69 -35 51.946000000000005 35.87499999999999 164
1760.0 298.8929999999999 19 2130.0 -385.0 80 -77 95.70500000000001 84.04399999999998 57
980.0 254.01300000000003 17 1560.0 -650.0 88 -55 99.36200000000002 64.81699999999996 88
1410.0 265.26899999999995 22 1650.0 -270.0 90 -72 83.21599999999997 70.46499999999999 18
1170.0 237.54700000000005 18 1410.0 -240.0 80 -56 83.70999999999998 64.50899999999999 16
1785.0 305.96100000000007 19 2100.0 -315.0 82 -64 107.315 64.18400000000001 33
1140.0 229.70399999999998 15 1380.0 -240.0 80 -55 78.289 50.12199999999997 16
1085.0 221.76299999999995 18 1470.0 -385.0 62 -60 73.69999999999999 51.78599999999999 42
1560.0 223.83200000000002 17 1830.0 -350.0 93 -52 84.166 62.75900000000001 38
2520.0 310.13 20 2760.0 -240.0 80 -91 88.52399999999997 92.38699999999997 16
1755.0 262.7109999999999 18 1980.0 -225.0 75 -65 85.567 78.12699999999998 15
1410.0 310.57999999999987 16 1650.0 -240.0 80 -75 85.97200000000002 70.10099999999996 16
1710.0 333.66799999999995 15 1950.0 -240.0 80 -84 89.36399999999999 83.63100000000001 16
990.0 263.65500000000003 12 1230.0 -240.0 80 -70 67.157 51.578999999999986 16
1470.0 300.77 22 1710.0 -240.0 80 -71 94.35699999999997 67.93599999999999 16
500.0 160.681 12 960.0 -460.0 98 -40 45.383 34.56699999999999 60
1055.0 240.738 14 1530.0 -475.0 63 -58 67.916 63.93199999999999 95
1305.0 231.30100000000004 14 1710.0 -405.0 53 -50 85.06800000000005 73.11099999999996 81
1300.0 283.04200000000014 21 1650.0 -350.0 87 -76 96.29999999999998 59.32299999999999 38
1125.0 276.599 19 1530.0 -440.0 106 -69 100.683 52.77899999999998 56
1330.0 267.75899999999996 17 1770.0 -440.0 73 -68 84.33099999999997 68.91799999999999 44
1485.0 319.29100000000005 23 1710.0 -510.0 98 -69 133.82200000000003 71.15399999999998 72
1350.0 258.67299999999994 18 1590.0 -240.0 80 -73 75.01199999999999 57.443999999999996 16
1510.0 278.3100000000001 14 1950.0 -440.0 73 -71 100.44500000000001 63.18299999999998 44
1230.0 313.49000000000007 21 1680.0 -450.0 93 -81 84.14399999999998 64.50199999999998 58
1780.0 328.47400000000005 18 2310.0 -610.0 110 -75 93.425 98.46399999999998 75
1260.0 282.64599999999984 17 1500.0 -240.0 80 -75 83.701 58.190999999999995 16
2410.0 304.354 18 2850.0 -440.0 73 -80 93.60099999999998 91.79899999999998 44
1670.0 301.13900000000007 14 2070.0 -400.0 91 -65 122.35100000000007 74.368 48
1450.0 300.78799999999984 17 1860.0 -480.0 99 -66 113.484 69.10700000000001 64
1255.0 249.689 14 1650.0 -395.0 64 -66 79.985 60.52399999999998 44
1170.0 272.71000000000004 18 1410.0 -240.0 80 -70 72.21600000000001 60.907000000000004 16
1395.0 257.333 15 1620.0 -225.0 75 -63 86.865 62.998000000000005 15
1215.0 207.32699999999997 13 1440.0 -225.0 75 -60 61.129999999999995 48.261 15
2040.0 291.05799999999994 16 2280.0 -240.0 80 -71 95.90799999999999 88.04299999999998 16
625.0 249.98499999999996 15 1230.0 -605.0 62 -61 74.023 57.05599999999999 121
1245.0 340.43899999999996 17 1590.0 -345.0 86 -74 122.34799999999998 69.02099999999999 37
1285.0 268.044 14 1980.0 -745.0 123 -58 94.49700000000001 62.273999999999994 117
2370.0 316.87899999999985 11 2610.0 -240.0 80 -77 101.97400000000003 100.81899999999996 16
1750.0 361.7700000000001 22 2100.0 -350.0 93 -87 118.38299999999997 88.85499999999999 38
1470.0 266.54 18 1860.0 -390.0 97 -65 95.05900000000001 71.07499999999997 48
1260.0 341.178 23 1500.0 -240.0 80 -84 122.755 67.55999999999997 16
1840.0 314.28100000000006 19 2160.0 -320.0 69 -76 107.91300000000001 93.00900000000001 46
2250.0 351.0130000000001 22 2640.0 -390.0 94 -84 140.71599999999995 85.76799999999999 46
1245.0 217.79799999999997 16 1470.0 -325.0 81 -57 79.15399999999998 45.727999999999994 35
570.0 225.94699999999997 15 1140.0 -570.0 57 -59 69.55799999999998 44.43999999999999 114
1195.0 236.907 14 1800.0 -605.0 69 -66 60.00999999999999 62.33 121
1830.0 341.1819999999999 18 2070.0 -240.0 80 -89 105.91399999999997 81.54899999999998 16
1275.0 302.53600000000006 16 1500.0 -225.0 75 -77 81.57 69.453 15
1440.0 331.9569999999999 15 1680.0 -240.0 80 -80 116.02799999999999 64.33600000000001 16
1215.0 239.856 15 1440.0 -225.0 75 -66 80.40100000000002 55.921999999999976 15
1390.0 285.44700000000006 18 2010.0 -620.0 97 -71 108.60100000000001 64.44199999999998 80
1710.0 281.99199999999996 24 1950.0 -240.0 80 -70 104.55899999999998 71.898 16
1085.0 252.83200000000005 21 1440.0 -355.0 86 -62 97.98799999999997 52.79999999999999 41
1540.0 329.981 17 1980.0 -440.0 96 -72 130.48299999999998 66.53199999999998 56
1050.0 250.794 19 1320.0 -270.0 84 -64 68.37399999999997 59.38399999999998 22
1750.0 246.04600000000002 14 2070.0 -470.0 100 -55 91.05700000000003 74.02199999999998 62
685.0 181.198 13 1140.0 -590.0 66 -38 61.308999999999976 48.219999999999985 118
1620.0 298.39099999999996 19 1860.0 -240.0 80 -72 114.54199999999999 76.799 16
1465.0 218.19599999999994 15 1950.0 -485.0 58 -54 70.72599999999997 69.89299999999999 97
1515.0 302.4839999999999 18 1740.0 -225.0 75 -78 98.715 63.08399999999999 15
1080.0 260.8399999999999 20 1500.0 -420.0 104 -73 85.03699999999999 58.803 52
1020.0 181.15900000000005 10 1260.0 -240.0 80 -49 54.42699999999998 49.76800000000001 16
1785.0 374.2839999999999 21 2040.0 -255.0 85 -86 137.561 83.45999999999997 17
1050.0 256.253 14 1290.0 -240.0 80 -69 64.02199999999999 50.292 16
485.0 222.7940000000001 13 1080.0 -595.0 61 -56 72.09599999999999 34.541 119
595.0 218.24100000000004 13 930.0 -335.0 89 -61 62.852 39.291 37
2020.0 303.182 19 2490.0 -470.0 69 -75 110.80299999999998 96.64899999999999 59
1050.0 289.227 15 1290.0 -240.0 80 -69 118.43500000000003 48.12799999999999 16
2230.0 335.3309999999999 19 2610.0 -380.0 79 -79 115.87700000000004 99.25100000000002 56
1440.0 223.94199999999995 13 1860.0 -420.0 140 -57 68.786 63.629999999999995 28
1660.0 258.22200000000004 20 1920.0 -260.0 82 -65 88.57199999999999 71.93699999999997 20
1185.0 247.21900000000002 15 1410.0 -225.0 75 -65 72.49700000000001 63.43000000000001 15
1680.0 240.56700000000006 17 1920.0 -240.0 80 -64 78.73100000000002 72.09200000000003 16
840.0 226.648 15 1260.0 -420.0 70 -58 78.95499999999998 48.40699999999999 42
635.0 225.6730000000001 16 1140.0 -505.0 66 -61 59.34899999999998 43.76699999999999 101
1245.0 275.215 15 1470.0 -225.0 75 -71 85.65399999999998 61.184999999999974 15
1090.0 311.34499999999997 24 1530.0 -440.0 73 -74 117.92599999999997 64.22099999999999 44
1620.0 270.942 21 1860.0 -240.0 80 -63 100.39699999999999 74.314 16
1380.0 210.753 14 1620.0 -240.0 80 -57 73.602 54.620999999999995 16
1585.0 269.89300000000003 19 2040.0 -455.0 59 -68 79.85499999999998 91.432 91
1290.0 285.9650000000001 19 1620.0 -370.0 97 -65 103.939 71.25899999999999 42
1630.0 319.78800000000007 17 1980.0 -350.0 87 -72 108.73700000000002 93.12299999999998 38
1270.0 275.47800000000007 14 1950.0 -680.0 65 -60 86.579 74.969 134
1335.0 243.216 15 1560.0 -225.0 75 -67 58.85099999999999 61.346 15
1435.0 364.1149999999999 21 1920.0 -505.0 122 -85 115.07599999999994 89.73800000000001 44
2040.0 319.988 18 2280.0 -240.0 80 -81 96.35599999999998 78.425 16
1775.0 246.75599999999991 19 2250.0 -535.0 70 -59 87.76399999999995 72.19899999999998 107
1185.0 259.1260000000001 10 1410.0 -225.0 75 -67 72.58599999999998 55.943999999999996 15
1300.0 258.09 13 1920.0 -620.0 63 -62 85.375 74.55699999999999 124
2115.0 341.043 20 2340.0 -225.0 75 -82 124.58600000000001 98.938 15
1065.0 269.497 19 1290.0 -225.0 75 -65 95.48299999999998 51.69499999999999 15
1430.0 259.62800000000004 17 1920.0 -690.0 80 -62 95.42500000000001 76.381 138
1045.0 229.517 13 1500.0 -635.0 108 -56 85.10900000000002 58.90199999999998 97
1165.0 313.0009999999999 20 1590.0 -425.0 83 -84 103.395 57.18300000000001 40
2010.0 395.05699999999985 18 2280.0 -270.0 90 -92 131.22899999999998 81.84799999999998 18
1335.0 281.536 18 1710.0 -425.0 101 -75 92.18799999999999 73.61200000000001 55
2430.0 308.50099999999986 19 2670.0 -240.0 80 -83 102.75999999999999 100.96399999999998 16
1650.0 256.80299999999994 18 1890.0 -240.0 80 -71 70.09799999999998 57.309999999999995 16
655.0 205.96199999999996 14 1200.0 -545.0 54 -57 65.90299999999999 43.50699999999999 109
845.0 287.63199999999995 15 1500.0 -655.0 87 -69 83.51999999999997 63.92400000000001 119
820.0 204.85500000000008 16 1140.0 -320.0 69 -55 59.70799999999999 44.84899999999999 46
1170.0 256.973 15 1620.0 -450.0 75 -65 99.77800000000002 56.605000000000004 45
1350.0 308.55 19 1770.0 -490.0 100 -73 97.406 80.87599999999999 66
-115.0 163.76699999999994 9 780.0 -905.0 96 -39 37.89699999999999 33.01999999999999 154
825.0 267.738 13 1440.0 -615.0 78 -60 77.774 58.83400000000001 123
870.0 210.90500000000006 17 1500.0 -630.0 74 -58 66.20799999999998 52.166999999999994 126
825.0 199.418 14 1140.0 -380.0 91 -57 70.04599999999999 33.166 44
630.0 156.12900000000002 15 1050.0 -420.0 55 -39 58.614999999999995 41.373999999999995 84
1740.0 306.6430000000001 17 1980.0 -240.0 80 -73 98.76599999999996 75.265 16
880.0 261.15800000000013 13 1380.0 -550.0 104 -57 84.421 57.582 78
990.0 240.92200000000005 14 1230.0 -255.0 85 -61 82.02799999999999 44.47099999999999 17
1385.0 253.544 14 1980.0 -995.0 127 -50 98.69200000000001 77.56399999999998 159
870.0 240.7619999999999 19 1320.0 -450.0 71 -66 75.10399999999998 51.788999999999994 55
1300.0 255.56500000000005 19 1740.0 -440.0 73 -65 92.13599999999995 55.43699999999997 44
1575.0 345.17799999999994 20 1830.0 -255.0 85 -82 103.07399999999997 82.922 17
2190.0 271.01500000000004 16 2430.0 -240.0 80 -69 83.05499999999998 86.78800000000001 16
1260.0 323.50799999999975 14 1770.0 -510.0 79 -78 115.59 74.684 67
1225.0 359.9629999999999 19 1770.0 -545.0 99 -79 128.55 68.613 79
1245.0 246.6659999999999 13 1860.0 -660.0 103 -54 69.03299999999997 76.791 110
1030.0 253.98099999999994 21 1440.0 -410.0 63 -68 92.11899999999997 51.227999999999994 47
1365.0 291.8159999999999 24 1590.0 -225.0 75 -80 96.32299999999998 54.27499999999999 15
405.0 164.33699999999993 11 1200.0 -795.0 133 -46 40.117999999999995 45.33200000000002 129
1285.0 287.1609999999999 21 1860.0 -575.0 66 -76 101.96299999999997 83.30699999999997 115
1170.0 254.52299999999997 16 1410.0 -240.0 80 -61 87.776 62.97900000000001 16
1140.0 290.4419999999999 14 1770.0 -665.0 114 -73 104.00699999999998 73.30299999999998 88
1470.0 298.4840000000001 20 1890.0 -420.0 70 -71 107.66 72.16399999999997 42
1215.0 332.7109999999999 19 1500.0 -285.0 83 -76 143.51499999999996 67.856 25
1435.0 243.53300000000004 15 1770.0 -335.0 74 -63 74.526 68.52999999999999 47
360.0 200.31800000000004 11 1050.0 -690.0 51 -47 62.50600000000003 34.574999999999996 138
1615.0 303.20399999999995 17 2100.0 -645.0 84 -70 114.08999999999999 89.01800000000003 94
1005.0 258.93399999999997 12 1290.0 -435.0 145 -62 77.08500000000001 52.564 29
1520.0 245.64699999999996 19 1950.0 -430.0 68 -65 79.15099999999997 78.37699999999998 51
1435.0 336.0799999999999 16 1890.0 -455.0 78 -78 109.21499999999999 82.73500000000001 45
1890.0 257.03000000000003 15 2130.0 -240.0 80 -73 73.179 59.263999999999996 16
1180.0 264.536 20 1620.0 -440.0 70 -70 91.46300000000002 62.342999999999996 53
1740.0 304.91199999999986 16 1980.0 -270.0 90 -76 105.09100000000002 76.78299999999999 18
700.0 222.35299999999998 18 1200.0 -500.0 77 -62 72.66199999999999 39.215999999999994 65
875.0 205.304 14 1320.0 -445.0 61 -55 61.85899999999998 49.980999999999995 87
670.0 234.58999999999997 15 1110.0 -440.0 70 -64 76.614 53.284 53
1180.0 295.28599999999994 18 1560.0 -425.0 99 -72 97.32899999999998 69.47300000000001 55
890.0 225.82 13 1560.0 -670.0 56 -62 61.009 71.10000000000001 134
1830.0 276.06300000000005 19 2070.0 -240.0 80 -74 83.25899999999999 73.97100000000002 16
1110.0 267.586 15 1350.0 -240.0 80 -62 86.63499999999999 56.20699999999998 16
675.0 214.98499999999999 16 1140.0 -465.0 61 -51 67.28799999999998 46.28899999999999 93
580.0 249.80599999999998 17 1230.0 -650.0 102 -61 86.96300000000001 55.535 88
1195.0 246.39200000000002 15 1500.0 -305.0 85 -68 69.56899999999999 63.39099999999997 31
1080.0 288.49800000000005 16 1320.0 -240.0 80 -88 87.81499999999997 52.55799999999999 16
1350.0 229.24999999999994 15 1590.0 -240.0 80 -60 63.41599999999999 66.48599999999998 16
1260.0 328.08000000000004 14 1500.0 -240.0 80 -82 103.742 63.61499999999998 16
1290.0 277.8 16 1530.0 -240.0 80 -71 81.649 55.58099999999999 16
1440.0 278.34899999999993 17 1680.0 -240.0 80 -76 73.39700000000002 58.74 16
1665.0 312.123 19 1890.0 -225.0 75 -72 125.685 86.31199999999998 15
1065.0 277.6929999999999 15 1350.0 -285.0 85 -70 86.70899999999999 51.19500000000001 25
1890.0 336.854 16 2160.0 -325.0 97 -82 117.393 78.41999999999997 29
1515.0 306.92400000000004 19 1800.0 -300.0 88 -79 102.677 63.39299999999997 28
1350.0 304.25699999999995 21 1710.0 -360.0 88 -82 93.89599999999999 63.833999999999996 40
1950.0 289.26500000000004 17 2370.0 -570.0 77 -62 119.801 84.62999999999997 72
1605.0 309.66599999999994 19 1830.0 -225.0 75 -77 103.131 77.00199999999997 15
1995.0 354.7649999999999 19 2280.0 -415.0 94 -89 117.74399999999994 92.19700000000002 51
1800.0 329.753 22 2040.0 -240.0 80 -79 101.728 79.64899999999997 16
1750.0 226.135 12 2220.0 -470.0 53 -55 96.322 72.01899999999996 94
755.0 279.68999999999994 17 1260.0 -505.0 67 -67 58.405 50.23699999999999 101
930.0 217.73299999999998 19 1380.0 -450.0 75 -63 65.48899999999998 55.998999999999995 45
600.0 169.89900000000006 13 1110.0 -510.0 58 -47 50.366 47.291999999999994 102
1025.0 235.31899999999993 16 1500.0 -475.0 63 -54 89.831 53.898999999999994 95
1875.0 321.008 13 2100.0 -225.0 75 -77 126.463 66.051 15
2295.0 308.44200000000006 21 2520.0 -225.0 75 -77 105.25500000000002 96.51100000000001 15
1260.0 215.13199999999998 14 1500.0 -240.0 80 -58 73.47899999999998 49.26699999999998 16
605.0 214.59499999999994 12 1080.0 -505.0 116 -53 56.447999999999986 41.372 69
1075.0 258.756 15 1860.0 -785.0 95 -66 81.156 70.456 141
2210.0 363.578 21 2550.0 -340.0 87 -86 107.49099999999997 104.32999999999996 36
1185.0 240.64400000000006 16 1650.0 -465.0 62 -67 80.34100000000001 61.77399999999999 93
935.0 258.568 15 1200.0 -265.0 83 -67 70.18499999999999 60.06299999999998 21
1935.0 309.73299999999995 15 2160.0 -225.0 75 -77 93.683 87.465 15
460.0 193.67400000000004 13 900.0 -455.0 63 -52 57.65399999999999 39.79599999999999 89
1560.0 282.4049999999999 17 1800.0 -240.0 80 -65 90.975 71.73599999999999 16
2290.0 323.38100000000003 14 2730.0 -440.0 73 -72 126.41100000000002 95.46599999999997 44
1725.0 322.0790000000002 19 2130.0 -475.0 116 -77 93.34399999999997 83.86299999999999 59
1380.0 276.71999999999986 19 2010.0 -630.0 60 -66 86.11999999999999 81.14399999999999 126
315.0 208.58199999999994 11 1320.0 -1025.0 102 -58 59.200999999999986 43.001999999999995 177
720.0 209.625 11 960.0 -240.0 80 -50 55.38999999999999 49.40399999999998 16
1080.0 256.7580000000001 16 1320.0 -240.0 80 -72 72.05799999999999 53.83799999999999 16
1365.0 268.299 17 1650.0 -285.0 86 -55 111.17699999999998 69.942 25
1340.0 263.7199999999999 11 1890.0 -550.0 55 -56 85.45699999999994 74.02199999999999 110
1200.0 298.6449999999999 17 1440.0 -240.0 80 -76 103.40399999999997 65.841 16
1465.0 334.6419999999999 22 2100.0 -635.0 99 -78 121.38400000000001 85.11999999999995 83
1770.0 300.64099999999996 18 2250.0 -480.0 73 -70 104.25699999999999 95.575 66
1725.0 326.3829999999998 20 1950.0 -255.0 85 -75 114.00199999999995 76.448 17
1615.0 318.41199999999986 20 2130.0 -515.0 78 -78 95.05499999999998 81.379 59
1295.0 331.6820000000001 18 1800.0 -505.0 78 -79 140.77800000000002 64.11299999999999 66
1410.0 258.79200000000003 17 1950.0 -540.0 81 -69 63.74799999999999 81.486 64
2130.0 404.7780000000002 20 2760.0 -630.0 112 -87 133.637 109.62899999999998 92
1320.0 315.4659999999998 22 1770.0 -450.0 71 -74 104.32199999999997 72.49 55
1730.0 318.18299999999994 17 2070.0 -340.0 88 -80 93.55899999999995 74.64300000000001 36
1410.0 288.236 17 1650.0 -240.0 80 -77 91.61599999999997 67.554 16
1620.0 301.28700000000003 12 1860.0 -240.0 80 -81 92.518 67.70999999999998 16
1680.0 285.7260000000001 16 1920.0 -385.0 87 -70 78.70999999999998 75.427 45
1620.0 255.57600000000005 17 1860.0 -240.0 80 -63 85.05400000000002 61.17999999999999 16
1500.0 286.79699999999985 24 1740.0 -240.0 80 -71 102.88399999999999 67.544 16
1290.0 369.16999999999996 18 1530.0 -255.0 85 -76 141.218 71.036 17
975.0 335.46199999999993 22 1500.0 -525.0 65 -78 122.35599999999998 69.669 105
755.0 273.142 17 1230.0 -640.0 71 -61 64.90599999999998 48.995999999999995 128
1280.0 271.71599999999995 14 1740.0 -460.0 73 -68 94.69999999999997 69.34199999999998 57
2160.0 352.1039999999998 20 2400.0 -240.0 80 -78 131.33799999999997 109.139 16
1250.0 278.08099999999996 18 1740.0 -490.0 66 -68 65.59899999999999 84.09200000000003 96
1380.0 292.03399999999993 15 1620.0 -240.0 80 -68 83.13 82.884 16
715.0 250.34799999999998 15 1140.0 -425.0 67 -61 97.04100000000001 46.260999999999996 50
1470.0 308.199 18 1710.0 -240.0 80 -74 110.40700000000001 57.812000000000005 16
1210.0 273.687 14 1650.0 -440.0 73 -67 93.81400000000002 71.06299999999999 44
730.0 202.11199999999994 14 1080.0 -350.0 58 -62 58.632 34.988 35
1435.0 296.87399999999997 18 2160.0 -725.0 78 -72 97.568 93.42299999999997 145
1590.0 239.80800000000002 14 1830.0 -240.0 80 -66 76.346 50.58999999999999 16
1150.0 199.408 17 1500.0 -350.0 58 -52 60.59199999999999 63.16399999999998 35
2450.0 421.1279999999998 17 2880.0 -430.0 92 -93 134.98999999999998 114.45600000000002 54
1415.0 244.87600000000003 14 1740.0 -325.0 70 -59 66.32 65.72900000000001 47
1710.0 336.3959999999999 15 1950.0 -240.0 80 -78 107.27399999999999 77.19199999999996 16
680.0 222.19599999999997 15 1110.0 -430.0 56 -57 63.96000000000001 50.344999999999985 86
2130.0 362.91799999999984 18 2580.0 -450.0 81 -81 124.723 107.32099999999996 70
1380.0 255.36999999999998 18 1800.0 -420.0 70 -65 88.93500000000002 71.02699999999997 42
305.0 211.494 12 870.0 -565.0 57 -56 55.00199999999999 35.764999999999986 113
1380.0 248.03699999999998 16 1620.0 -240.0 80 -69 73.02999999999999 63.517 16
1180.0 248.86800000000002 15 1440.0 -260.0 82 -64 89.09099999999998 53.27499999999999 20
1675.0 317.98599999999993 15 2190.0 -515.0 79 -83 100.41400000000004 85.65700000000002 68
1950.0 320.1749999999999 13 2400.0 -450.0 71 -70 115.03699999999999 93.958 55
1500.0 300.761 17 1740.0 -240.0 80 -70 95.78400000000002 74.22299999999998 16
2245.0 373.887 16 2520.0 -275.0 87 -98 114.13200000000002 94.63399999999999 21
615.0 199.99000000000004 12 1170.0 -555.0 55 -49 64.38099999999999 46.36799999999999 111
840.0 237.95000000000002 18 1080.0 -240.0 80 -63 71.42199999999998 45.963 16
625.0 209.979 17 1110.0 -485.0 64 -64 68.38799999999998 42.20799999999999 97
1405.0 277.76499999999993 15 1740.0 -420.0 94 -71 79.85699999999997 70.66199999999996 52
980.0 250.31300000000002 17 1590.0 -680.0 93 -58 91.099 68.67000000000002 91
1710.0 316.39799999999985 18 1950.0 -240.0 80 -76 126.58199999999998 71.06599999999997 16
1185.0 193.38099999999997 14 1620.0 -435.0 58 -50 68.63799999999999 55.15199999999999 87
1250.0 239.24100000000007 16 1590.0 -340.0 82 -68 75.16599999999998 58.05 38
1025.0 308.99100000000004 19 1500.0 -475.0 74 -70 109.58099999999999 77.97899999999998 60
1090.0 266.33799999999997 18 1560.0 -470.0 68 -69 94.94399999999997 55.952999999999996 59
900.0 240.75300000000001 14 1140.0 -240.0 80 -60 72.706 55.873999999999995 16
275.0 164.94999999999996 12 870.0 -595.0 53 -47 49.098 44.821999999999996 119
1485.0 236.0409999999999 19 1710.0 -225.0 75 -64 79.89099999999998 56.836999999999996 15
1225.0 326.8830000000001 18 1710.0 -485.0 79 -86 91.69099999999997 76.93499999999997 60
1615.0 309.2149999999999 15 2010.0 -395.0 73 -72 110.74399999999999 85.27599999999998 38
1110.0 220.63900000000007 12 1350.0 -240.0 80 -59 73.26400000000002 49.03099999999998 16
1410.0 270.8649999999999 12 1680.0 -270.0 84 -65 82.50300000000001 61.55499999999999 22
1190.0 243.06399999999996 20 1710.0 -535.0 65 -64 79.45999999999998 65.853 105
885.0 244.28900000000002 14 1110.0 -225.0 75 -57 91.84899999999999 48.48800000000001 15
2560.0 410.6139999999999 20 3000.0 -440.0 88 -90 144.76300000000003 129.33299999999994 41
955.0 246.43500000000006 19 1590.0 -635.0 68 -68 73.88499999999998 61.590999999999994 127
655.0 292.80799999999994 17 1140.0 -485.0 94 -76 98.53599999999999 49.432 65
1655.0 277.529 17 2010.0 -355.0 87 -72 84.52400000000002 72.548 39
-670.0 257.3859999999999 8 1230.0 -2000.0 108 -43 53.23999999999999 44.06299999999998 365
2080.0 284.77299999999997 20 2550.0 -470.0 74 -79 90.98099999999998 93.22699999999999 59
1485.0 271.034 20 1710.0 -255.0 85 -68 94.24999999999997 73.576 17
840.0 244.50099999999998 13 1080.0 -240.0 80 -63 71.128 54.31499999999998 16
1800.0 319.05000000000007 19 2040.0 -240.0 80 -75 113.33599999999998 83.63400000000001 16
490.0 163.672 12 930.0 -440.0 58 -47 53.38899999999999 32.830999999999996 88
2310.0 339.5479999999999 14 2550.0 -240.0 80 -72 107.00400000000002 111.94999999999999 16
1080.0 298.88899999999995 19 1320.0 -240.0 80 -72 118.19899999999997 58.96999999999999 16
1480.0 302.00299999999993 19 2040.0 -560.0 81 -71 120.941 87.95899999999997 68
265.0 203.61100000000002 13 810.0 -545.0 77 -50 70.20500000000001 42.093999999999994 74
1430.0 329.743 16 2070.0 -680.0 141 -66 113.625 95.09499999999998 104
1555.0 244.26399999999995 16 2010.0 -455.0 93 -60 78.43199999999999 79.311 42
875.0 217.28200000000007 17 1320.0 -445.0 58 -53 74.38699999999999 62.207999999999984 89
1545.0 247.99400000000003 14 1770.0 -225.0 75 -73 66.88499999999999 63.712 15
1150.0 230.965 15 1740.0 -590.0 59 -59 78.384 63.62599999999999 118
1130.0 240.23600000000002 17 1710.0 -580.0 56 -55 89.22600000000001 73.54199999999999 116
1995.0 316.1749999999999 17 2220.0 -225.0 75 -68 120.93600000000006 95.12899999999999 15
1120.0 234.12400000000002 16 1620.0 -500.0 66 -61 83.00600000000003 56.520999999999994 100
1090.0 221.55899999999997 16 1530.0 -530.0 88 -55 76.059 58.648999999999994 94
2220.0 339.53800000000007 19 2490.0 -285.0 83 -82 119.847 78.70399999999998 25
1290.0 180.07699999999997 14 1530.0 -240.0 80 -56 58.76399999999999 43.705000000000005 16
955.0 312.47600000000006 16 1380.0 -455.0 108 -63 105.74699999999999 62.30199999999999 59
915.0 256.48600000000005 16 1140.0 -225.0 75 -75 73.707 38.903999999999996 15
1720.0 351.2739999999999 21 2130.0 -440.0 124 -80 133.094 81.756 44
2460.0 394.231 26 2700.0 -240.0 80 -90 145.52399999999997 100.68499999999997 16
955.0 271.104 16 1230.0 -365.0 90 -65 93.119 58.73699999999999 41
1020.0 249.551 16 1260.0 -240.0 80 -68 66.22599999999998 52.94599999999999 16
1470.0 255.35800000000003 12 1710.0 -240.0 80 -63 75.07 68.77799999999998 16
1785.0 378.90799999999984 25 2340.0 -555.0 90 -99 134.398 69.30299999999998 63
855.0 231.38199999999998 10 1230.0 -375.0 87 -50 63.29900000000001 52.33300000000001 45
1425.0 282.2729999999998 13 1650.0 -225.0 75 -65 108.20000000000003 68.99000000000002 15
1530.0 300.7050000000001 19 1770.0 -240.0 80 -84 68.90699999999998 72.204 16
1680.0 298.086 14 2010.0 -415.0 94 -71 89.492 66.68199999999997 51
860.0 232.238 15 1380.0 -520.0 67 -65 62.834 49.452 104
1200.0 252.452 16 1740.0 -540.0 53 -63 88.378 71.47999999999996 108
1035.0 270.34799999999996 17 1260.0 -225.0 75 -66 94.48700000000002 46.525999999999996 15
1200.0 264.1940000000001 14 1440.0 -240.0 80 -62 88.893 52.66699999999999 16
870.0 265.714 17 1170.0 -300.0 88 -74 75.823 42.45099999999999 28
1155.0 264.5419999999999 18 1380.0 -225.0 75 -72 85.01599999999999 52.991 15
1230.0 280.318 20 1470.0 -240.0 80 -75 87.54699999999998 54.97499999999999 16
1065.0 205.30700000000004 13 1620.0 -555.0 98 -50 60.15899999999999 55.166000000000004 81
810.0 249.145 19 1230.0 -420.0 70 -66 82.475 48.65599999999999 42
320.0 222.63800000000006 14 930.0 -700.0 96 -52 72.77199999999998 45.361000000000004 116
2010.0 314.8620000000001 17 2250.0 -240.0 80 -78 117.68600000000002 78.68799999999999 16
1210.0 333.24799999999993 21 1470.0 -430.0 96 -67 130.533 67.874 54
1140.0 234.56900000000007 15 1410.0 -270.0 84 -67 54.078999999999986 47.24199999999999 22
1755.0 276.728 18 1980.0 -225.0 75 -65 93.16599999999997 87.901 15
960.0 312.129 20 1200.0 -240.0 80 -75 111.89599999999999 55.480000000000004 16
1330.0 273.7150000000001 17 1680.0 -350.0 87 -68 78.57999999999998 73.631 38
2430.0 359.96299999999997 21 2670.0 -240.0 80 -80 139.90900000000002 102.45999999999998 16
735.0 263.34000000000003 22 1500.0 -880.0 81 -65 90.76199999999999 72.511 176
660.0 175.27000000000007 13 1020.0 -420.0 104 -46 62.125 30.782 52
1005.0 237.20099999999996 14 1380.0 -435.0 106 -54 75.79699999999998 52.182 55
960.0 232.19000000000005 17 1290.0 -435.0 105 -56 81.10399999999998 50.149 55
985.0 229.48700000000002 16 1500.0 -515.0 72 -61 76.39600000000002 56.60699999999998 68
1200.0 316.3009999999999 18 1440.0 -240.0 80 -85 93.59699999999998 56.20899999999999 16
1285.0 283.73099999999994 24 1710.0 -425.0 91 -77 104.011 62.39099999999999 55
825.0 273.984 18 1470.0 -645.0 97 -68 102.49799999999996 59.557 94
1755.0 302.0459999999999 17 1980.0 -405.0 99 -71 112.61899999999997 78.57099999999998 51
805.0 273.099 16 1230.0 -425.0 83 -72 80.24899999999998 61.460999999999984 40
1500.0 319.44499999999994 15 1740.0 -240.0 80 -70 104.17399999999996 81.67000000000002 16
1095.0 247.1639999999999 14 1530.0 -435.0 145 -60 76.92399999999998 61.54499999999999 29
1020.0 250.39299999999992 19 1260.0 -340.0 86 -59 88.76799999999997 51.114999999999995 36
930.0 244.69800000000004 17 1170.0 -240.0 80 -67 67.651 44.92999999999998 16
1350.0 302.8880000000001 15 1590.0 -240.0 80 -75 95.00500000000004 66.57199999999997 16
2670.0 366.5859999999999 22 2940.0 -270.0 90 -96 117.112 103.02399999999997 18
2205.0 296.96700000000004 19 2430.0 -510.0 98 -71 105.42900000000002 91.28299999999999 72
640.0 213.29699999999994 15 1110.0 -470.0 68 -67 63.748999999999995 38.57899999999999 59
1780.0 286.96700000000004 18 2190.0 -410.0 66 -74 99.879 80.652 47
975.0 254.3199999999999 16 1560.0 -595.0 127 -54 108.43499999999997 64.25299999999999 89
885.0 266.00500000000005 18 1110.0 -225.0 75 -68 91.42399999999998 53.96999999999999 15
1270.0 219.14700000000002 16 1710.0 -440.0 58 -50 85.02999999999997 62.04399999999999 88
1395.0 275.46599999999995 17 1620.0 -225.0 75 -64 89.83699999999997 63.382999999999974 15
1740.0 328.372 15 2160.0 -420.0 95 -73 103.47199999999998 89.79799999999997 52
915.0 229.39900000000003 18 1350.0 -545.0 76 -54 83.62299999999999 58.55100000000001 74
1590.0 273.44399999999996 20 1830.0 -240.0 80 -63 98.70899999999999 78.09499999999997 16
990.0 283.77900000000017 20 1230.0 -240.0 80 -70 93.195 60.877 16
165.0 184.09899999999993 13 900.0 -735.0 53 -56 49.119 36.870999999999995 147
445.0 172.11600000000004 13 900.0 -455.0 46 -45 46.13299999999999 37.016 91
2160.0 356.8699999999999 17 2400.0 -240.0 80 -88 115.37499999999999 96.392 16
805.0 223.91899999999995 17 1350.0 -545.0 54 -57 68.41299999999998 51.674 109
1830.0 313.231 17 2070.0 -295.0 87 -65 123.39600000000002 93.631 27
1545.0 273.59900000000005 12 1920.0 -375.0 73 -62 89.19299999999998 73.87 57
1080.0 231.58499999999998 15 1320.0 -240.0 80 -54 79.82499999999999 55.95599999999999 16
1155.0 264.804 19 1380.0 -225.0 75 -75 98.34599999999998 46.09700000000001 15
1630.0 307.9080000000001 18 1890.0 -260.0 81 -73 106.66500000000002 75.02499999999998 20
1890.0 307.4019999999999 21 2130.0 -240.0 80 -83 101.59999999999997 81.226 16
1255.0 278.16499999999996 22 1650.0 -395.0 64 -73 97.123 59.086999999999996 44
2160.0 327.404 17 2400.0 -270.0 90 -70 124.59000000000003 99.44400000000002 18
2040.0 325.32900000000006 17 2280.0 -560.0 133 -63 139.581 89.07300000000001 48
1545.0 299.66100000000006 17 1770.0 -225.0 75 -68 110.14600000000003 76.121 15
750.0 228.651 18 1170.0 -630.0 83 -59 77.31200000000001 51.592999999999996 84
1215.0 271.7519999999999 18 1440.0 -225.0 75 -68 81.55499999999996 60.43399999999999 15
1095.0 257.27200000000005 18 1440.0 -345.0 86 -66 87.34900000000002 56.21199999999999 37
585.0 240.56199999999998 13 1020.0 -435.0 69 -58 77.908 53.661 52
2020.0 313.39 17 2400.0 -380.0 89 -73 108.5 87.29099999999998 50
1330.0 293.4909999999999 19 1770.0 -440.0 73 -68 102.86999999999999 72.00500000000001 44
1410.0 295.2719999999999 22 1650.0 -240.0 80 -71 109.98999999999998 60.9 16
1600.0 260.496 18 1860.0 -260.0 82 -73 89.27699999999999 55.952999999999996 20
1380.0 303.55500000000006 21 1620.0 -240.0 80 -80 110.08 62.88199999999999 16
825.0 243.067 15 1290.0 -465.0 53 -59 93.00099999999996 53.67499999999999 93
1650.0 370.1909999999998 20 1980.0 -330.0 87 -95 98.881 84.75099999999998 34
455.0 224.75300000000004 14 1110.0 -675.0 120 -51 70.068 56.57199999999999 105
820.0 260.88399999999996 15 1260.0 -440.0 73 -64 89.63699999999997 63.58799999999997 44
1170.0 264.00699999999995 17 1410.0 -240.0 80 -73 79.20599999999999 52.13299999999999 16
1860.0 321.87599999999986 20 2100.0 -240.0 80 -85 113.55000000000004 72.122 16
740.0 231.26999999999995 15 1170.0 -430.0 68 -60 75.36099999999999 61.368999999999986 51
1460.0 294.73799999999994 22 2010.0 -550.0 64 -74 104.39299999999999 79.875 110
1230.0 275.9210000000001 17 1470.0 -240.0 80 -70 85.05899999999998 59.94200000000001 16
2345.0 338.0099999999999 20 2640.0 -295.0 87 -80 116.00199999999998 102.72799999999997 27
790.0 264.02599999999995 18 1290.0 -500.0 78 -72 92.80199999999999 53.34699999999999 65
1290.0 290.324 16 1530.0 -240.0 80 -74 79.62700000000001 67.544 16
710.0 224.69700000000006 13 1140.0 -430.0 56 -58 56.86099999999999 58.54799999999999 86
1745.0 270.383 16 2190.0 -445.0 67 -67 89.569 76.21999999999996 63
1345.0 278.5449999999999 20 1830.0 -485.0 63 -71 98.90899999999998 72.68099999999998 97
1265.0 244.60200000000003 17 1920.0 -865.0 79 -65 84.04600000000002 68.33199999999998 173
2040.0 365.663 17 2490.0 -675.0 123 -86 113.55799999999996 102.76500000000003 99
1060.0 255.94199999999998 18 1380.0 -565.0 122 -55 81.844 57.355999999999995 81
1960.0 336.05300000000005 19 2400.0 -440.0 70 -78 124.549 96.90999999999997 53
1740.0 347.43000000000006 18 2070.0 -435.0 145 -80 119.10799999999999 83.964 29
2010.0 326.93100000000004 19 2250.0 -240.0 80 -83 96.85000000000002 85.85199999999998 16
1335.0 339.19 26 1560.0 -225.0 75 -78 123.54899999999999 79.21299999999998 15
650.0 170.68500000000006 13 1230.0 -580.0 67 -46 57.181 48.026999999999994 116
1265.0 193.14900000000003 12 1740.0 -475.0 53 -47 58.622 59.60899999999999 95
1165.0 289.78100000000006 18 1860.0 -830.0 156 -73 87.85799999999998 77.99800000000002 134
1315.0 265.612 19 1620.0 -305.0 86 -74 82.0 61.85099999999999 29
1035.0 236.38700000000006 13 1260.0 -225.0 75 -58 72.92999999999999 62.12300000000001 15
1320.0 269.9319999999999 20 1830.0 -510.0 74 -80 87.89999999999998 64.21699999999998 67
1110.0 332.28700000000003 22 1530.0 -460.0 109 -93 89.03399999999999 65.32799999999997 60
1975.0 377.87 19 2250.0 -275.0 84 -93 119.176 93.554 23
2105.0 330.15500000000003 22 2430.0 -325.0 88 -87 106.82700000000003 83.817 35
1575.0 316.1599999999999 22 1800.0 -290.0 83 -80 110.72299999999998 71.53499999999998 28
1380.0 256.788 19 1650.0 -310.0 86 -56 104.55200000000002 72.02299999999998 32
2130.0 317.8549999999998 18 2670.0 -540.0 81 -75 121.57000000000002 98.85900000000001 64
1530.0 279.6149999999999 14 1770.0 -240.0 80 -79 88.07400000000003 47.598 16
1445.0 287.40400000000005 11 2130.0 -685.0 65 -70 83.59900000000003 75.02899999999998 135
1770.0 306.71599999999995 15 2010.0 -240.0 80 -74 109.35000000000002 78.10499999999998 16
1020.0 257.19699999999995 17 1440.0 -420.0 70 -67 90.71900000000001 56.87899999999999 42
1300.0 239.2090000000001 13 1980.0 -680.0 83 -52 92.35000000000002 85.25099999999996 136
1290.0 330.766 19 1530.0 -240.0 80 -81 104.282 65.714 16
745.0 225.47200000000004 15 1230.0 -485.0 71 -69 72.03999999999999 49.04 62
1260.0 230.94299999999993 16 1500.0 -240.0 80 -62 71.85999999999999 62.438 16
1290.0 246.17000000000002 23 1620.0 -330.0 73 -60 86.48899999999999 66.153 46
1005.0 249.43100000000007 15 1650.0 -660.0 139 -61 82.97699999999999 58.94799999999999 100
1075.0 312.29799999999994 16 1650.0 -575.0 76 -71 109.38700000000003 74.14699999999999 80
1980.0 298.6260000000001 20 2220.0 -240.0 80 -73 90.074 99.839 16
1665.0 272.978 17 1890.0 -225.0 75 -72 84.45900000000005 68.92599999999999 15
945.0 208.81799999999998 17 1590.0 -645.0 75 -60 70.04899999999999 54.934000000000005 129
1305.0 270.09100000000007 16 1560.0 -255.0 85 -67 74.70299999999999 64.45100000000001 17
835.0 258.72400000000005 16 1320.0 -485.0 63 -65 90.62599999999998 58.11699999999999 97
1135.0 226.16699999999994 16 1530.0 -395.0 89 -63 79.72599999999997 50.096999999999994 49
1020.0 239.4369999999999 18 1470.0 -450.0 109 -63 80.75199999999998 61.02099999999999 58
1380.0 287.6409999999999 14 1620.0 -240.0 80 -72 83.51399999999998 59.73899999999998 16
1200.0 240.52000000000004 16 1620.0 -420.0 67 -65 78.89699999999998 61.70399999999998 49
1580.0 286.1369999999999 15 2160.0 -580.0 84 -65 101.55600000000003 86.30099999999999 72
1660.0 243.59400000000005 18 1950.0 -290.0 86 -64 78.44899999999998 77.96899999999997 26
1320.0 258.73400000000004 17 1560.0 -240.0 80 -64 76.73499999999999 56.54099999999999 16
2370.0 352.0069999999999 20 2610.0 -240.0 80 -89 111.86499999999998 96.57099999999997 16
910.0 219.782 19 1350.0 -440.0 58 -63 52.332999999999984 64.02599999999998 88
915.0 285.93899999999996 17 1140.0 -225.0 75 -73 88.619 57.896 15
1275.0 241.79900000000004 17 1500.0 -225.0 75 -62 77.65599999999999 52.934999999999995 15
1040.0 241.04899999999998 16 1470.0 -430.0 68 -70 67.115 59.679999999999986 51
1490.0 354.28100000000006 19 1830.0 -340.0 88 -85 130.62300000000002 71.78499999999998 38
1025.0 296.51300000000003 13 1500.0 -475.0 74 -68 110.094 68.70999999999997 60
1110.0 221.64199999999997 15 1560.0 -450.0 75 -61 89.39099999999999 54.111 45
1570.0 287.28800000000007 23 1890.0 -455.0 147 -68 98.63899999999998 80.55800000000002 33
1980.0 385.782 20 2220.0 -240.0 80 -88 143.82 99.30199999999998 16
1105.0 259.5079999999999 17 1440.0 -335.0 74 -70 67.05899999999998 63.424 47
1150.0 283.249 20 1560.0 -410.0 94 -74 94.31099999999995 61.988000000000014 50
2250.0 400.07199999999995 15 2520.0 -270.0 90 -91 141.27300000000002 93.87899999999998 18
1620.0 344.8659999999998 23 1860.0 -240.0 80 -82 112.57399999999998 85.51599999999998 16
2070.0 342.8710000000001 20 2310.0 -270.0 90 -83 111.04000000000002 91.35999999999999 18
1920.0 270.02799999999996 19 2160.0 -240.0 80 -70 89.452 84.57500000000002 16
1620.0 290.1719999999999 21 2040.0 -420.0 70 -71 106.766 80.70399999999998 42
1310.0 283.03399999999993 20 1890.0 -580.0 56 -67 90.365 83.54599999999998 116
960.0 283.57699999999994 17 1200.0 -240.0 80 -68 83.921 61.14299999999998 16
2015.0 281.98999999999995 19 2460.0 -445.0 73 -79 82.25199999999998 75.46200000000002 50
1545.0 279.40799999999996 17 1890.0 -390.0 99 -73 83.46199999999999 68.86899999999999 46
1010.0 222.71 16 1440.0 -430.0 56 -58 73.38300000000001 56.505999999999986 86
1890.0 344.07899999999995 18 2130.0 -240.0 80 -85 106.67900000000006 88.45999999999998 16
855.0 273.6259999999998 19 1200.0 -345.0 86 -66 87.284 51.89 37
795.0 278.21099999999996 17 1530.0 -735.0 69 -73 78.648 66.17899999999999 147
1030.0 232.80799999999996 13 1470.0 -440.0 73 -55 88.61700000000002 50.26599999999999 44
815.0 293.25499999999994 14 1470.0 -655.0 53 -59 122.162 58.20699999999999 131
850.0 261.59399999999994 15 1230.0 -415.0 102 -63 83.28699999999999 57.96199999999999 51
1225.0 286.114 18 1650.0 -425.0 83 -77 96.476 58.42499999999998 40
1810.0 229.373 12 2160.0 -350.0 79 -62 48.790000000000006 78.0 48
1990.0 369.9820000000001 18 2490.0 -500.0 81 -79 132.258 100.23399999999998 56
1380.0 270.037 18 1620.0 -240.0 80 -59 114.086 63.187999999999995 16
1265.0 245.19299999999998 15 1920.0 -655.0 83 -59 72.587 79.34399999999998 96
1040.0 220.69 10 1470.0 -430.0 64 -57 69.95800000000001 51.26399999999998 51
1265.0 258.371 20 1800.0 -615.0 83 -62 104.759 65.873 88
1560.0 298.8919999999999 16 1800.0 -240.0 80 -69 110.07100000000001 78.18900000000001 16
1490.0 281.49599999999987 17 1920.0 -430.0 68 -74 81.44099999999999 75.21699999999998 66
1270.0 301.9199999999999 18 1710.0 -440.0 73 -77 94.65799999999997 68.822 44
1185.0 330.73499999999996 19 1500.0 -405.0 135 -74 118.15700000000002 54.679 27
1130.0 247.90399999999997 15 1680.0 -550.0 81 -56 103.727 60.79599999999997 65
1365.0 251.67100000000002 19 1770.0 -405.0 53 -49 95.385 76.10399999999998 81
945.0 198.22900000000004 17 1380.0 -435.0 56 -56 63.351000000000006 53.133999999999986 87
1635.0 302.041 17 1860.0 -225.0 75 -67 109.98600000000002 73.92599999999999 15
1060.0 294.05100000000004 22 1650.0 -590.0 59 -66 114.043 57.99999999999999 118
2070.0 328.145 18 2310.0 -240.0 80 -81 103.73599999999998 90.356 16
1755.0 345.56 21 2070.0 -450.0 150 -73 142.03599999999997 69.60099999999998 30
840.0 256.223 12 1260.0 -420.0 95 -71 55.277 52.479999999999976 52
1180.0 271.318 22 1620.0 -440.0 73 -69 96.047 62.735 44
2295.0 283.18800000000005 17 2640.0 -420.0 140 -80 71.97200000000001 90.88200000000002 28
1530.0 272.978 17 1770.0 -240.0 80 -71 87.29199999999999 64.92499999999998 16
1530.0 284.9469999999999 18 1770.0 -240.0 80 -68 107.60900000000001 56.25199999999998 16
840.0 184.66099999999994 15 1260.0 -620.0 71 -50 68.53999999999998 38.08399999999999 124
585.0 208.231 16 1290.0 -705.0 58 -60 64.17199999999998 49.48399999999999 141
1845.0 304.956 16 2100.0 -315.0 93 -76 87.568 81.78800000000003 29
1680.0 301.17199999999985 18 1920.0 -270.0 90 -76 93.03499999999994 71.569 18
1440.0 285.84700000000004 16 1680.0 -240.0 80 -74 75.169 62.730000000000004 16
2195.0 345.02200000000016 18 2730.0 -640.0 108 -86 106.58700000000002 108.29599999999998 96
940.0 225.61 17 1500.0 -560.0 66 -65 73.86 50.92199999999999 112
1470.0 297.68699999999995 19 1710.0 -345.0 86 -70 95.12699999999998 69.82199999999999 37
1620.0 261.09499999999997 14 1860.0 -240.0 80 -72 87.835 67.74999999999999 16
880.0 215.12099999999995 15 1320.0 -440.0 58 -55 61.49699999999999 56.014999999999986 88
955.0 219.575 20 1440.0 -485.0 63 -62 66.37899999999999 51.154999999999994 97
1515.0 318.56399999999985 19 1740.0 -225.0 75 -86 94.71599999999998 64.37899999999999 15
1875.0 365.55999999999983 23 2250.0 -375.0 87 -85 143.13099999999997 85.124 45
1485.0 306.59700000000004 20 1800.0 -315.0 82 -72 117.25199999999998 71.81099999999998 33
1935.0 297.98999999999995 17 2160.0 -225.0 75 -79 109.67900000000003 72.14399999999998 15
1985.0 297.167 16 2520.0 -535.0 80 -80 92.76199999999996 91.23299999999998 63
960.0 268.118 14 1200.0 -240.0 80 -74 79.91799999999999 42.05300000000001 16
1020.0 213.15200000000004 13 1440.0 -420.0 55 -59 57.468 55.92799999999998 84
2010.0 310.69399999999996 20 2250.0 -240.0 80 -70 112.38899999999997 86.12099999999998 16
900.0 232.45700000000005 18 1140.0 -240.0 80 -60 59.95699999999999 53.571 16
1470.0 238.88199999999995 19 1710.0 -240.0 80 -65 80.483 54.20699999999998 16
1290.0 292.54599999999994 21 1530.0 -270.0 90 -71 86.24699999999997 60.47699999999999 18
630.0 197.483 16 1020.0 -390.0 60 -52 59.61 46.16899999999998 72
1800.0 302.0689999999999 20 2040.0 -240.0 80 -71 104.07500000000003 86.12899999999999 16
970.0 293.643 21 1380.0 -410.0 66 -77 92.35399999999998 66.43299999999999 47
715.0 252.298 16 1080.0 -365.0 72 -65 74.88199999999999 50.401999999999994 57
840.0 270.582 14 1080.0 -240.0 80 -67 75.042 55.51499999999998 16
1245.0 252.23200000000008 17 1470.0 -225.0 75 -69 80.80099999999999 51.937999999999995 15
480.0 233.834 17 900.0 -525.0 76 -56 86.29199999999997 42.706999999999994 63
2075.0 310.839 14 2430.0 -355.0 87 -70 108.77900000000002 106.851 39
1315.0 288.91199999999986 19 1740.0 -485.0 111 -65 99.027 78.261 67
1890.0 284.58599999999996 13 2130.0 -240.0 80 -80 74.54399999999998 79.22500000000004 16
1610.0 212.21800000000005 15 2130.0 -520.0 68 -55 72.75200000000002 72.12499999999996 104
2330.0 297.391 18 2700.0 -410.0 102 -68 122.61600000000003 99.54599999999999 50
1050.0 224.05100000000002 13 1470.0 -420.0 70 -61 72.423 45.081 42
1270.0 285.69000000000005 19 1830.0 -560.0 75 -76 83.311 76.26199999999997 77
1880.0 296.4479999999999 17 2220.0 -380.0 99 -66 94.89500000000001 109.549 44
2115.0 350.07099999999986 22 2400.0 -285.0 83 -91 115.47099999999999 88.12299999999998 27
1960.0 329.85900000000004 18 2250.0 -290.0 86 -71 127.74400000000003 85.91099999999999 26
1305.0 239.09399999999997 16 1530.0 -255.0 85 -62 86.85499999999998 51.999 17
1425.0 275.6789999999999 16 1740.0 -445.0 96 -56 112.57 73.45299999999999 57
1790.0 316.4649999999999 19 2190.0 -400.0 64 -73 110.93099999999998 91.98000000000002 45
680.0 226.24099999999996 12 1530.0 -850.0 100 -58 57.711 64.862 166
1325.0 281.205 20 1680.0 -355.0 87 -75 86.41599999999998 61.49199999999998 39
900.0 231.341 16 1140.0 -240.0 80 -61 89.24900000000001 44.17999999999999 16
1615.0 314.7290000000001 18 1950.0 -335.0 74 -71 104.45699999999998 87.56300000000002 47
990.0 202.29600000000005 12 1800.0 -810.0 87 -49 56.94499999999999 73.05 142
2050.0 293.40299999999996 18 2490.0 -440.0 73 -75 90.903 83.65299999999999 44
2900.0 338.5370000000001 16 3240.0 -340.0 88 -80 104.94400000000002 125.05799999999998 36
1800.0 330.31999999999994 16 2040.0 -240.0 80 -76 120.35400000000004 79.83000000000001 16
2130.0 361.6399999999999 18 2370.0 -240.0 80 -82 136.37900000000005 87.31600000000002 16
2120.0 293.785 15 2580.0 -490.0 113 -68 95.02300000000002 89.50599999999996 66
700.0 266.395 15 1140.0 -440.0 73 -58 106.23699999999998 43.39899999999998 44
2190.0 282.1410000000001 13 2430.0 -540.0 95 -70 76.95199999999998 94.27300000000002 76
1410.0 295.874 16 1800.0 -390.0 64 -61 106.84899999999999 87.89399999999996 42
690.0 233.67200000000005 16 1110.0 -420.0 70 -59 77.189 44.936 42
1845.0 278.363 17 2070.0 -225.0 75 -78 88.93400000000001 67.75699999999998 15
2130.0 304.954 17 2370.0 -240.0 80 -73 101.15 97.31600000000002 16
850.0 262.97099999999995 15 1290.0 -440.0 73 -68 80.07000000000001 51.96299999999999 44
1605.0 276.6919999999999 17 1830.0 -225.0 75 -69 95.79599999999996 68.51699999999998 15
310.0 190.25699999999998 13 900.0 -605.0 64 -58 53.159 40.779999999999994 119
1410.0 289.10999999999996 18 1650.0 -240.0 80 -65 100.689 67.835 16
1400.0 294.2180000000001 17 2130.0 -730.0 78 -67 104.541 72.10799999999999 146
905.0 249.45299999999995 18 1350.0 -535.0 95 -64 87.47999999999998 53.95299999999999 77
1440.0 300.181 16 1680.0 -440.0 93 -62 114.00799999999997 78.875 56
1850.0 311.50300000000004 15 2130.0 -280.0 85 -80 96.67500000000004 89.434 24
1210.0 285.32599999999996 16 1860.0 -650.0 101 -73 101.84 69.57399999999997 86
1855.0 367.6480000000001 14 2190.0 -335.0 86 -88 112.922 85.888 35
1350.0 334.48800000000006 15 1590.0 -240.0 80 -83 101.56 67.90899999999999 16
1530.0 344.17099999999994 20 1770.0 -240.0 80 -88 110.59600000000002 63.31399999999999 16
700.0 233.63599999999994 16 1350.0 -650.0 143 -63 83.514 45.638 58
1270.0 335.985 14 1560.0 -290.0 85 -72 122.99700000000001 65.136 26
1545.0 272.16800000000006 17 1830.0 -285.0 83 -77 83.01 64.30999999999999 27
1030.0 214.97700000000003 15 1470.0 -440.0 58 -56 73.89500000000001 60.73499999999999 88
1300.0 278.56199999999995 19 1740.0 -440.0 73 -63 87.06299999999999 76.603 44
1080.0 342.41800000000006 20 1380.0 -300.0 88 -79 113.38999999999997 69.03999999999999 28
1485.0 293.025 20 1710.0 -385.0 83 -72 111.63299999999998 70.57000000000001 47
595.0 240.49600000000007 16 1200.0 -605.0 62 -59 84.69299999999997 49.57099999999999 121
1365.0 272.93800000000005 19 1590.0 -225.0 75 -77 85.35600000000002 58.404999999999994 15
1445.0 297.468 14 1980.0 -535.0 73 -74 103.725 84.04999999999998 72
1495.0 337.69399999999985 20 2010.0 -595.0 96 -76 115.27900000000001 83.71399999999998 74
1610.0 266.66499999999996 14 2190.0 -580.0 73 -77 83.08100000000002 75.03999999999999 116
2190.0 314.70400000000006 17 2700.0 -535.0 120 -72 103.92699999999999 105.404 75
1755.0 351.40899999999993 21 2220.0 -465.0 80 -91 120.53699999999999 74.914 46
1425.0 289.193 16 1650.0 -225.0 75 -76 98.268 57.63199999999999 15
1745.0 339.00300000000004 17 2190.0 -445.0 108 -77 101.85599999999998 95.87199999999999 57
1640.0 348.449 22 1950.0 -310.0 85 -91 104.17699999999998 68.28299999999999 30
800.0 262.903 14 1320.0 -520.0 74 -71 96.988 48.229999999999976 69
1260.0 325.804 19 1500.0 -270.0 90 -81 105.608 62.16899999999999 18
1250.0 289.62800000000004 18 1590.0 -340.0 82 -70 109.858 57.389999999999986 38
1530.0 294.8760000000001 19 1770.0 -240.0 80 -75 100.29599999999999 69.22299999999998 16
1095.0 245.01900000000003 15 1320.0 -225.0 75 -66 76.815 53.23700000000001 15
990.0 285.68800000000005 17 1380.0 -390.0 87 -70 87.40599999999999 55.361999999999995 46
1740.0 386.453 20 1980.0 -240.0 80 -93 130.19100000000003 80.763 16
1110.0 265.306 14 1350.0 -240.0 80 -76 65.36800000000001 57.32799999999999 16
1315.0 282.4789999999999 16 2040.0 -865.0 107 -69 89.065 70.19099999999999 129
765.0 202.62600000000006 11 990.0 -300.0 81 -50 70.654 44.70400000000001 30
980.0 290.56 19 1650.0 -670.0 83 -72 96.58599999999998 70.93400000000001 99
1890.0 350.7849999999999 17 2130.0 -240.0 80 -81 123.63300000000001 75.845 16
1375.0 286.158 15 1830.0 -455.0 71 -71 104.28800000000003 71.913 56
1740.0 288.93399999999997 20 1980.0 -355.0 87 -73 96.249 78.85899999999998 39
1385.0 284.19900000000007 19 1710.0 -325.0 98 -69 97.234 71.84400000000002 27
1300.0 287.26599999999996 13 1710.0 -410.0 78 -68 115.58500000000001 67.23599999999998 39
1335.0 235.44800000000004 18 1560.0 -225.0 75 -66 64.016 55.94799999999999 15
1210.0 226.872 14 1680.0 -595.0 68 -55 82.28000000000002 68.47399999999999 119
2130.0 356.6090000000001 17 2370.0 -240.0 80 -82 110.64199999999995 109.36700000000003 16
600.0 256.414 19 1110.0 -510.0 66 -68 80.796 52.369 102
1875.0 273.72100000000006 19 2220.0 -395.0 96 -78 76.625 74.28399999999998 49
1215.0 249.428 20 1440.0 -225.0 75 -72 76.42299999999999 55.45 15
1610.0 285.20099999999996 17 1980.0 -370.0 85 -75 91.698 69.55999999999999 44
770.0 232.00000000000006 15 1230.0 -460.0 60 -57 70.785 57.846 92
1970.0 308.1679999999999 19 2400.0 -630.0 113 -68 121.535 93.84599999999998 100
810.0 239.32900000000006 14 1050.0 -240.0 80 -59 67.54399999999998 49.06199999999999 16
1290.0 295.0089999999999 20 1530.0 -240.0 80 -73 81.89099999999999 65.379 16
1280.0 265.62300000000005 20 1980.0 -755.0 81 -65 94.79500000000002 79.557 151
1880.0 375.0799999999999 19 2160.0 -280.0 88 -89 113.21100000000001 92.929 22
940.0 229.23800000000017 14 1560.0 -620.0 59 -64 80.17000000000002 55.86599999999999 124
1905.0 334.18999999999994 20 2190.0 -445.0 107 -62 132.78000000000003 103.70699999999994 57
2055.0 303.21000000000004 21 2280.0 -225.0 75 -79 110.76300000000003 78.447 15
1180.0 214.16800000000003 18 1470.0 -290.0 86 -65 63.56299999999999 54.961999999999996 26
1070.0 183.51199999999994 15 1590.0 -520.0 71 -46 76.72400000000002 52.71399999999999 69
890.0 249.95400000000006 14 1440.0 -550.0 74 -70 76.35200000000003 61.17499999999998 75
1065.0 237.102 20 1590.0 -525.0 69 -63 72.24799999999999 62.23 105
1470.0 245.77600000000004 14 1710.0 -240.0 80 -67 79.799 57.714999999999975 16
760.0 285.13499999999993 12 1020.0 -260.0 82 -65 105.543 46.221 20
1100.0 268.25899999999996 19 1440.0 -340.0 93 -65 83.61399999999998 59.25099999999999 36
1890.0 295.61299999999994 15 2400.0 -570.0 86 -78 86.41099999999997 93.27700000000002 98
1290.0 288.9070000000001 15 1530.0 -240.0 80 -76 86.817 48.81099999999999 16
1350.0 231.10900000000007 17 1590.0 -240.0 80 -63 74.94099999999999 55.53399999999999 16
1370.0 281.6790000000001 17 1770.0 -400.0 93 -70 83.545 78.65199999999999 48
1575.0 278.224 16 1800.0 -255.0 85 -71 99.34700000000004 73.40499999999999 17
750.0 277.11499999999995 17 990.0 -270.0 90 -69 103.39299999999997 39.114 18
2100.0 330.5319999999999 14 2370.0 -270.0 90 -81 93.55899999999998 92.37599999999999 18
1570.0 310.27799999999996 17 2010.0 -455.0 78 -64 128.839 84.37999999999998 45
1600.0 338.409 18 2040.0 -440.0 73 -77 117.79200000000003 81.13000000000001 44
985.0 267.408 16 1320.0 -335.0 82 -62 86.92699999999998 61.51700000000002 37
1290.0 308.79999999999995 20 1530.0 -240.0 80 -73 91.44599999999997 62.36699999999998 16
1455.0 250.143 14 1680.0 -225.0 75 -63 87.89399999999998 65.77899999999998 15
870.0 283.99299999999994 19 1110.0 -240.0 80 -69 103.818 53.239 16
370.0 187.01600000000005 14 1050.0 -680.0 66 -50 53.498000000000005 35.756 136
2685.0 423.1350000000001 20 2940.0 -255.0 85 -93 157.24200000000002 108.59799999999997 17
940.0 245.51199999999997 15 1380.0 -440.0 73 -58 79.22 60.66299999999998 44
1470.0 297.4339999999999 17 1710.0 -240.0 80 -68 102.48899999999998 79.445 16
1335.0 343.08 19 2100.0 -805.0 107 -70 102.24499999999999 87.56200000000003 116
1950.0 308.2409999999999 14 2190.0 -240.0 80 -82 99.74499999999998 67.41499999999999 16
1185.0 268.78399999999993 16 1530.0 -345.0 76 -72 94.146 55.223 49
855.0 232.31199999999993 17 1230.0 -375.0 86 -58 85.55999999999997 55.028 51
1310.0 200.823 13 1590.0 -280.0 85 -51 56.897 60.08899999999999 24
475.0 220.047 14 990.0 -555.0 87 -54 83.71999999999998 41.31399999999999 69
1380.0 312.4080000000001 19 1620.0 -240.0 80 -76 93.11199999999997 61.89899999999999 16
1065.0 276.282 17 1290.0 -225.0 75 -71 88.88499999999998 56.081999999999994 15
1110.0 258.89700000000005 16 1350.0 -240.0 80 -59 83.68299999999998 65.68099999999998 16
620.0 197.04899999999995 14 1200.0 -580.0 56 -54 73.115 40.558 116
660.0 181.428 13 1230.0 -570.0 57 -44 64.119 44.672 114
2430.0 380.82900000000006 21 2850.0 -630.0 107 -92 126.60400000000001 100.571 96
1230.0 280.971 19 1650.0 -420.0 67 -71 105.728 61.035999999999994 49
1620.0 250.96599999999998 21 1860.0 -240.0 80 -60 78.504 74.986 16
1230.0 248.53100000000006 14 1470.0 -400.0 90 -49 90.36200000000001 62.794 48
1620.0 287.353 28 2010.0 -410.0 108 -68 104.36699999999999 74.95399999999998 33
1385.0 287.47 20 1950.0 -815.0 110 -70 94.05500000000002 78.57799999999997 138
1470.0 303.00899999999996 19 1710.0 -240.0 80 -73 95.733 69.39200000000001 16
1110.0 288.8469999999999 15 1350.0 -240.0 80 -72 91.82699999999997 55.62299999999999 16
1860.0 302.8769999999999 19 2190.0 -330.0 87 -72 83.70100000000001 95.74999999999997 34
1250.0 279.72799999999995 15 1530.0 -280.0 82 -81 78.905 68.24099999999999 26
2520.0 272.64100000000013 18 2760.0 -510.0 102 -69 95.70700000000001 82.98599999999998 70
810.0 215.73000000000005 15 1050.0 -240.0 80 -55 67.318 44.63199999999999 16
1515.0 288.67699999999996 16 1740.0 -225.0 75 -83 76.55799999999998 65.871 15
1530.0 243.41299999999998 18 1770.0 -240.0 80 -64 76.00199999999998 59.572 16
1620.0 252.497 15 1890.0 -270.0 84 -70 72.70499999999998 59.42400000000001 22
2700.0 375.57 16 2940.0 -240.0 80 -88 121.10200000000003 113.56699999999998 16
1530.0 306.6979999999999 21 1770.0 -240.0 80 -77 105.17699999999995 68.57399999999998 16
630.0 165.516 11 870.0 -240.0 80 -49 50.443999999999996 25.473 16
1665.0 329.17699999999996 19 2010.0 -345.0 83 -80 115.593 82.99099999999999 39
630.0 215.99200000000005 16 1200.0 -570.0 57 -55 55.91299999999998 46.951 114
1320.0 286.43799999999993 18 1560.0 -300.0 88 -74 95.609 57.02700000000001 28
840.0 272.2349999999999 19 1080.0 -240.0 80 -62 87.08199999999998 62.47 16
1950.0 306.616 18 2190.0 -240.0 80 -80 112.46800000000003 80.07000000000001 16
515.0 204.074 12 1140.0 -760.0 110 -55 57.81599999999999 49.572 134
835.0 256.635 16 1260.0 -455.0 108 -60 82.50699999999999 52.893999999999984 59
1365.0 266.757 16 1620.0 -255.0 85 -80 78.74499999999998 53.92100000000003 17
1100.0 272.4349999999999 15 1920.0 -820.0 94 -71 99.08000000000004 72.64599999999999 164
1610.0 315.961 18 1890.0 -280.0 82 -68 108.43400000000001 82.46100000000001 26
1015.0 276.6290000000001 14 1530.0 -515.0 63 -58 100.93300000000002 72.65999999999998 103
1500.0 279.1559999999999 18 1740.0 -270.0 90 -67 99.80499999999999 64.10499999999999 18
1155.0 259.17299999999994 15 1530.0 -410.0 103 -61 77.55099999999999 56.61599999999999 50
1195.0 279.84100000000007 14 1590.0 -460.0 97 -66 100.54299999999996 57.552 60
765.0 209.18599999999998 13 1290.0 -525.0 77 -56 79.97700000000002 41.42299999999997 70
1620.0 281.11500000000007 18 2100.0 -480.0 63 -66 104.38700000000004 87.53399999999998 96
1590.0 324.41900000000004 16 1860.0 -270.0 90 -81 78.657 71.89300000000001 18
1365.0 290.202 11 1590.0 -225.0 75 -75 94.01400000000002 69.47500000000001 15
1500.0 270.895 19 1740.0 -240.0 80 -66 84.878 72.489 16
2505.0 278.8740000000001 12 2730.0 -225.0 75 -65 90.74400000000003 106.453 15
2170.0 322.4020000000001 16 2520.0 -350.0 84 -79 101.22300000000003 101.047 40
1950.0 295.9070000000001 16 2190.0 -240.0 80 -62 123.08500000000002 85.42399999999998 16
1530.0 287.1649999999999 17 1770.0 -240.0 80 -76 85.038 68.038 16
1075.0 225.13800000000006 14 1590.0 -515.0 62 -64 49.223 67.09700000000001 103
1110.0 214.06900000000007 12 1440.0 -365.0 96 -53 59.083999999999996 59.587999999999994 41
875.0 185.30300000000003 13 1290.0 -415.0 55 -51 59.352 49.29999999999999 83
1320.0 274.80299999999994 16 1740.0 -420.0 70 -72 87.32400000000001 74.68900000000002 42
1530.0 299.4139999999998 18 1770.0 -240.0 80 -73 93.85099999999997 71.81599999999999 16
1060.0 249.94500000000005 18 1380.0 -320.0 90 -63 83.22900000000001 50.44800000000001 32
1270.0 270.8479999999999 17 1710.0 -500.0 81 -66 103.77500000000002 67.45 56
1750.0 322.9239999999999 13 2190.0 -440.0 70 -72 134.26700000000002 83.03099999999998 53
1170.0 257.14099999999996 17 1440.0 -270.0 84 -67 77.335 53.43899999999998 22
-70.0 142.84199999999998 9 450.0 -520.0 50 -32 33.46999999999999 25.738 104
1635.0 289.59200000000004 20 1860.0 -225.0 75 -73 96.45900000000002 75.469 15
1680.0 295.121 17 1920.0 -240.0 80 -74 91.03999999999998 74.982 16
750.0 228.25500000000005 16 1320.0 -570.0 57 -64 67.33199999999998 55.23399999999999 114
1160.0 377.76599999999996 17 1470.0 -310.0 93 -90 117.50699999999996 67.44699999999997 26
670.0 260.534 15 1110.0 -440.0 73 -61 99.262 45.19 44
2020.0 358.478 17 2520.0 -500.0 93 -96 85.94099999999996 99.36400000000006 48
2575.0 298.82699999999994 15 2970.0 -395.0 67 -69 101.662 116.87399999999995 42
1590.0 268.00699999999995 18 1830.0 -240.0 80 -77 68.65799999999999 73.02699999999999 16
1095.0 222.40100000000007 13 1320.0 -225.0 75 -58 62.638 51.40900000000001 15
1255.0 279.8210000000001 14 1650.0 -435.0 105 -69 95.333 67.548 55
990.0 249.12800000000007 16 1470.0 -480.0 69 -69 61.343 56.10200000000002 92
840.0 209.41799999999998 16 1290.0 -530.0 73 -51 78.48399999999998 57.46899999999997 93
965.0 264.773 15 1410.0 -480.0 111 -68 75.80599999999998 47.105999999999995 64
1105.0 264.139 13 1620.0 -515.0 68 -76 71.25299999999997 62.59099999999999 103
565.0 211.567 13 1170.0 -605.0 62 -59 47.986 43.86900000000001 121
620.0 293.71000000000004 14 1080.0 -490.0 113 -64 103.84300000000002 46.282000000000004 66
400.0 207.57100000000005 12 1230.0 -885.0 89 -42 70.12400000000002 48.613000000000014 177
780.0 214.40699999999998 14 1020.0 -240.0 80 -58 66.761 34.82599999999999 16
1365.0 333.4329999999999 18 1590.0 -225.0 75 -77 131.25899999999996 64.694 15
1285.0 257.547 16 1590.0 -395.0 90 -58 96.84899999999999 61.42499999999998 47
1920.0 305.68400000000014 12 2160.0 -240.0 80 -69 107.34900000000002 95.41699999999999 16
1365.0 254.84099999999995 16 1590.0 -225.0 75 -68 87.96799999999996 55.23499999999999 15
1265.0 258.721 16 1770.0 -505.0 66 -60 93.89300000000003 74.50599999999997 101
815.0 209.936 11 1530.0 -715.0 69 -55 70.41000000000001 50.26199999999998 143
1680.0 295.99500000000006 17 1920.0 -240.0 80 -66 118.65299999999999 74.072 16
880.0 243.38699999999994 17 1320.0 -455.0 63 -56 75.01099999999998 57.24299999999998 89
1225.0 251.00000000000006 15 1620.0 -395.0 64 -64 92.171 65.74699999999999 44
1290.0 294.4129999999999 16 1530.0 -240.0 80 -65 96.39100000000003 73.12700000000001 16
930.0 202.76000000000002 17 1380.0 -450.0 59 -53 64.48599999999999 50.273 90
1170.0 299.9149999999999 18 1410.0 -240.0 80 -76 106.547 55.73699999999998 16
1290.0 282.65199999999993 18 1530.0 -240.0 80 -75 90.03899999999999 66.25300000000001 16
1135.0 244.9270000000001 10 1620.0 -485.0 62 -60 67.59799999999998 65.82700000000001 97
1440.0 341.169 23 1860.0 -420.0 70 -79 134.19199999999998 77.776 42
1080.0 263.17800000000005 21 1320.0 -450.0 93 -66 87.974 44.497 58
1560.0 339.177 15 1800.0 -240.0 80 -76 114.25300000000001 82.20299999999996 16
1230.0 285.0869999999999 22 1530.0 -300.0 81 -84 88.124 49.341999999999985 30
1580.0 312.974 19 1920.0 -340.0 88 -79 106.05400000000003 80.65599999999999 36
1680.0 236.59 22 1920.0 -240.0 80 -69 83.28599999999999 69.44699999999999 16
1070.0 255.64600000000016 16 1530.0 -460.0 72 -70 71.03300000000002 63.369999999999976 57
1205.0 289.5829999999998 13 1470.0 -265.0 83 -60 93.4 74.85099999999998 21
600.0 231.68199999999996 16 1050.0 -450.0 71 -65 73.199 48.142999999999994 55
2170.0 373.06999999999994 18 2730.0 -560.0 88 -85 117.27099999999999 93.94899999999997 68
705.0 201.93000000000004 17 1200.0 -495.0 65 -57 58.355 51.786 99
1965.0 369.82300000000004 17 2250.0 -285.0 95 -83 111.42500000000001 100.84299999999999 19
930.0 270.31400000000014 19 1170.0 -240.0 80 -78 76.675 51.58 16
2055.0 361.3679999999999 19 2430.0 -375.0 88 -76 125.76699999999997 107.95699999999998 49
720.0 172.73999999999998 14 1230.0 -510.0 59 -43 66.52299999999998 40.942 102
2100.0 295.49199999999996 16 2340.0 -240.0 80 -85 76.33699999999997 78.59099999999998 16
1830.0 356.6049999999999 17 2280.0 -450.0 90 -90 102.55200000000002 75.20500000000001 42
1525.0 234.82099999999994 16 1950.0 -510.0 92 -57 75.377 60.36199999999997 72
1350.0 317.3099999999998 24 1590.0 -240.0 80 -78 107.559 64.22099999999999 16
1050.0 229.33699999999996 19 1470.0 -420.0 70 -61 72.32199999999999 55.216 42
1860.0 342.3109999999999 17 2310.0 -450.0 75 -78 126.13899999999997 106.76099999999998 45
345.0 227.371 16 900.0 -555.0 54 -54 73.55099999999999 61.757 111
630.0 233.512 19 1080.0 -450.0 75 -57 91.187 43.82900000000001 45
1475.0 278.71199999999993 15 1980.0 -505.0 66 -62 109.49699999999999 84.75699999999999 101
1210.0 267.56199999999995 22 1650.0 -440.0 65 -65 102.43399999999998 73.288 53
990.0 272.873 18 1410.0 -420.0 104 -72 93.71899999999998 54.981999999999985 52
1980.0 323.9769999999999 17 2220.0 -240.0 80 -85 98.209 88.47699999999998 16
1070.0 259.279 15 1470.0 -460.0 109 -55 102.396 48.93399999999999 60
1350.0 270.21600000000007 19 1590.0 -240.0 80 -73 78.45399999999998 58.114999999999995 16
1110.0 234.4279999999999 15 1650.0 -540.0 101 -59 69.063 52.45999999999998 78
1140.0 269.315 18 1380.0 -240.0 80 -71 91.13999999999999 63.721999999999994 16
1220.0 230.04999999999998 13 1470.0 -340.0 87 -56 78.26599999999999 58.635999999999996 36
1530.0 296.334 17 2070.0 -630.0 135 -69 110.06099999999998 83.674 57
1740.0 264.134 15 2130.0 -390.0 92 -68 69.53799999999998 72.64800000000001 46
960.0 231.662 11 1200.0 -240.0 80 -53 72.879 55.20499999999999 16
1060.0 228.76200000000009 13 1500.0 -500.0 66 -53 83.607 67.09099999999998 100
2430.0 263.547 14 2670.0 -290.0 86 -68 100.01700000000002 72.03099999999998 26
1070.0 243.83599999999998 17 1560.0 -490.0 64 -69 73.87899999999999 59.01999999999998 98
975.0 232.59099999999995 15 1200.0 -225.0 75 -63 76.461 49.76 15
1900.0 324.9600000000001 16 2220.0 -320.0 69 -76 108.028 87.95200000000001 46
1950.0 306.5489999999999 16 2190.0 -240.0 80 -71 115.51 86.03299999999999 16
570.0 235.773 14 810.0 -240.0 80 -68 59.43899999999999 39.188 16
690.0 254.853 17 1110.0 -420.0 70 -62 96.545 39.845 42
1620.0 341.7040000000001 19 1860.0 -370.0 88 -85 126.96099999999998 70.35399999999998 42
1260.0 297.693 20 1500.0 -240.0 80 -74 98.664 54.629000000000005 16
1905.0 330.5849999999999 15 2280.0 -375.0 85 -79 120.16700000000004 86.255 45
915.0 208.098 17 1440.0 -525.0 80 -56 79.37799999999999 42.336 61
75.0 217.5559999999999 14 1170.0 -1095.0 78 -65 55.41099999999999 46.51599999999999 219
1840.0 322.979 20 2280.0 -440.0 73 -76 109.785 94.29199999999996 44
1345.0 288.01 13 1830.0 -485.0 79 -72 80.03000000000002 75.35899999999998 53
1365.0 241.646 18 1590.0 -225.0 75 -60 83.37999999999998 59.72799999999999 15
1230.0 274.757 16 1470.0 -240.0 80 -76 82.113 59.623 16
585.0 190.61399999999998 11 990.0 -405.0 63 -53 56.72699999999998 36.74499999999999 75
1020.0 240.33900000000006 17 1290.0 -270.0 84 -66 67.63000000000001 45.475999999999985 22
1320.0 272.438 16 1800.0 -480.0 62 -66 92.51400000000001 73.28199999999995 96
1065.0 233.041 15 1470.0 -465.0 106 -55 84.72199999999995 53.482 63
1380.0 284.7819999999999 22 1620.0 -240.0 80 -76 94.79799999999997 66.21999999999997 16
1220.0 259.757 17 1680.0 -460.0 60 -61 95.869 70.793 92
1380.0 258.0400000000001 13 1620.0 -240.0 80 -76 64.60900000000001 58.51300000000001 16
970.0 280.67000000000013 13 1410.0 -440.0 73 -65 105.79100000000003 61.730999999999995 44
1230.0 249.26499999999996 16 1470.0 -240.0 80 -62 74.809 52.801 16
1470.0 284.2049999999999 15 1710.0 -525.0 99 -57 120.99100000000001 78.92600000000002 73
970.0 305.12199999999984 18 1260.0 -290.0 86 -73 94.16400000000002 62.25499999999999 26
1180.0 324.62399999999997 19 1620.0 -475.0 110 -71 105.66900000000001 73.353 63
1185.0 236.24599999999998 17 1410.0 -225.0 75 -56 78.775 60.73799999999999 15
1275.0 287.36499999999995 19 1530.0 -255.0 79 -67 87.764 79.338 21
1770.0 319.06700000000006 18 2010.0 -240.0 80 -80 103.53000000000004 74.119 16
1010.0 249.98099999999997 20 1530.0 -520.0 62 -64 87.54899999999999 67.20000000000002 104
1455.0 298.77799999999996 21 1680.0 -225.0 75 -67 120.58199999999997 61.205999999999996 15
1590.0 321.716 15 2100.0 -640.0 87 -79 120.373 78.58899999999998 93
1330.0 333.20999999999987 16 1770.0 -440.0 95 -80 90.06699999999996 70.612 56
1320.0 244.84699999999992 19 1560.0 -290.0 86 -62 72.33499999999998 66.19399999999999 26
1740.0 303.3450000000001 19 2040.0 -300.0 84 -71 109.74 90.07699999999998 30
2425.0 343.368 13 2760.0 -425.0 94 -74 118.33900000000006 112.603 53
2195.0 370.045 20 2460.0 -265.0 83 -81 135.364 94.33699999999999 21
1140.0 268.20600000000013 12 1920.0 -805.0 107 -56 78.50100000000002 80.617 153
970.0 220.47500000000008 14 1530.0 -560.0 75 -60 75.07899999999998 59.888 77
1485.0 342.14599999999996 22 1710.0 -225.0 75 -78 130.027 69.71899999999998 15
1350.0 284.2399999999999 19 1800.0 -600.0 95 -64 98.89400000000002 74.33599999999998 75
1500.0 276.3199999999999 17 1740.0 -240.0 80 -68 97.48599999999998 58.872 16
2340.0 301.3029999999999 18 2580.0 -300.0 100 -78 86.56800000000001 100.329 20
1560.0 264.0059999999999 15 1830.0 -270.0 81 -79 75.67199999999998 57.111000000000004 24
1980.0 288.9759999999999 19 2220.0 -240.0 80 -77 104.03699999999998 79.695 16
895.0 203.47400000000005 15 1350.0 -455.0 59 -56 75.012 48.364 91
855.0 238.11999999999998 19 1680.0 -925.0 149 -64 71.306 56.22099999999998 95
1395.0 253.79999999999998 20 1620.0 -225.0 75 -60 96.548 73.05699999999999 15
650.0 166.68200000000002 13 1050.0 -400.0 52 -46 48.56499999999999 40.086999999999996 80
1435.0 231.07900000000004 14 1830.0 -395.0 64 -62 66.355 69.396 44
1500.0 318.984 16 1950.0 -450.0 75 -70 127.96700000000004 84.35499999999999 45
1120.0 256.27 18 1470.0 -350.0 58 -60 94.069 65.77999999999999 35
1620.0 243.85800000000003 15 1950.0 -330.0 71 -72 79.39999999999998 60.135 48
1140.0 216.91799999999995 16 1650.0 -510.0 62 -55 68.097 56.536 102
1190.0 274.56699999999995 21 1590.0 -400.0 64 -68 99.69999999999999 70.59100000000001 45
640.0 226.78900000000004 17 1080.0 -440.0 73 -65 81.68699999999998 35.644999999999996 44
1380.0 279.563 17 1620.0 -240.0 80 -68 82.92299999999999 60.34000000000001 16
620.0 202.696 11 1080.0 -460.0 90 -52 58.45799999999999 32.428999999999995 60
2220.0 326.68999999999977 20 2460.0 -240.0 80 -82 95.85999999999996 98.04299999999996 16
1625.0 362.9589999999999 22 2010.0 -385.0 92 -81 123.08599999999993 78.904 45
1200.0 262.17699999999996 15 1440.0 -240.0 80 -74 67.82399999999998 54.248 16
1740.0 295.812 22 2010.0 -270.0 84 -81 89.11800000000001 69.84899999999999 22
2205.0 357.51200000000006 14 2970.0 -765.0 106 -79 109.932 122.22000000000001 124
535.0 223.197 12 960.0 -425.0 83 -61 68.091 35.19699999999998 40
1680.0 323.79600000000005 14 2100.0 -420.0 95 -77 80.54499999999999 96.744 52
740.0 250.93799999999996 15 1170.0 -460.0 105 -56 81.91499999999998 54.452999999999996 62
835.0 247.81900000000007 11 1380.0 -545.0 54 -49 85.175 57.28500000000001 109
1195.0 311.1140000000001 19 1530.0 -335.0 87 -77 104.04999999999998 56.24699999999999 35
550.0 248.39299999999997 21 1170.0 -620.0 73 -65 85.31199999999998 56.861 124
1385.0 282.383 14 1740.0 -355.0 87 -69 87.37399999999998 59.543999999999976 39
1390.0 290.476 17 2010.0 -725.0 80 -60 94.47299999999997 83.464 145
1945.0 338.2499999999999 17 2310.0 -400.0 98 -69 109.39099999999999 99.54499999999996 50
695.0 178.74499999999995 14 1230.0 -535.0 70 -50 49.931 46.43199999999999 72
1230.0 285.6839999999999 16 1470.0 -240.0 80 -74 93.26899999999998 51.79299999999999 16
1645.0 297.3740000000001 15 2460.0 -835.0 110 -70 116.86400000000003 89.58099999999997 140
1125.0 209.27500000000003 13 1350.0 -225.0 75 -56 62.30299999999998 57.47899999999998 15
1565.0 317.4779999999999 16 1980.0 -415.0 71 -76 104.141 77.53299999999997 67
1260.0 296.92199999999997 25 1500.0 -240.0 80 -75 95.31999999999998 70.68900000000001 16
2070.0 347.52600000000007 21 2310.0 -240.0 80 -88 114.61599999999999 78.30299999999998 16
840.0 215.557 16 1170.0 -330.0 71 -52 82.29 49.11699999999999 48
1665.0 228.02999999999994 14 1890.0 -385.0 88 -55 68.65800000000003 74.64699999999999 47
810.0 176.15800000000004 14 1110.0 -300.0 81 -54 49.90299999999999 34.903999999999996 30
905.0 284.43800000000005 17 1440.0 -610.0 131 -73 83.739 61.113999999999976 90
2340.0 329.035 18 2580.0 -240.0 80 -86 91.384 91.706 16
1845.0 299.3849999999999 18 2070.0 -225.0 75 -67 119.36199999999998 81.43600000000002 15
1455.0 220.613 16 1680.0 -225.0 75 -51 74.50499999999998 72.499 15
1080.0 273.99699999999996 17 1320.0 -240.0 80 -56 96.88999999999999 64.507 16
880.0 269.0499999999999 13 1800.0 -970.0 143 -74 76.10699999999999 62.39499999999999 118
1420.0 303.616 19 1860.0 -440.0 73 -76 109.50800000000001 61.63399999999998 44
1720.0 337.84599999999995 20 2190.0 -470.0 68 -78 118.34400000000001 92.85699999999997 90
1245.0 249.974 16 1470.0 -225.0 75 -66 72.75699999999996 55.623000000000005 15
1160.0 299.19499999999994 18 1620.0 -460.0 75 -72 106.15700000000001 68.93499999999997 48
1975.0 321.38599999999997 20 2280.0 -305.0 81 -86 92.06400000000001 86.98100000000001 31
1370.0 283.40799999999996 20 1620.0 -250.0 78 -79 86.157 47.90999999999998 20
1870.0 343.71099999999996 15 2700.0 -840.0 144 -77 119.19900000000005 97.91 83
1710.0 293.31199999999995 19 2190.0 -480.0 74 -72 100.99999999999999 94.28699999999998 61
1770.0 350.0939999999998 20 2010.0 -240.0 80 -86 101.13499999999999 86.37099999999998 16
1380.0 283.79499999999996 12 2010.0 -670.0 100 -65 106.08300000000001 82.64999999999998 99
820.0 202.02099999999996 15 1200.0 -440.0 96 -60 54.73199999999999 37.233 56
1210.0 292.6349999999999 20 1770.0 -560.0 88 -69 86.20199999999998 75.732 102
970.0 214.79900000000006 15 1440.0 -470.0 89 -54 61.74299999999999 65.204 76
2570.0 370.9650000000001 19 2850.0 -380.0 94 -91 116.15400000000001 110.72800000000001 42
1425.0 269.932 17 1650.0 -225.0 75 -65 99.80199999999998 69.29399999999998 15
640.0 249.25799999999998 12 1050.0 -410.0 94 -65 76.08800000000001 39.91199999999999 50
1810.0 299.6639999999998 16 2220.0 -410.0 66 -72 102.68900000000001 89.42899999999997 47
1500.0 285.9999999999999 17 2100.0 -600.0 61 -63 100.868 92.538 120
1720.0 323.30699999999996 22 2010.0 -335.0 92 -67 114.02600000000001 87.47499999999995 35
1080.0 217.21500000000006 13 1470.0 -390.0 51 -55 73.85400000000003 55.298999999999985 78
1575.0 286.61899999999997 18 2010.0 -435.0 75 -75 99.12599999999999 60.00500000000002 43
900.0 209.19400000000002 10 1350.0 -450.0 71 -62 49.139 51.28700000000002 55
900.0 250.33700000000005 19 1230.0 -330.0 81 -59 95.49099999999999 55.43899999999999 36
1160.0 263.95899999999995 21 1680.0 -520.0 66 -62 109.74399999999999 60.253 100
1035.0 245.98600000000005 19 1320.0 -325.0 91 -59 91.294 56.336 33
1530.0 252.74500000000003 18 1860.0 -330.0 73 -76 75.97099999999998 62.27999999999999 46
1020.0 306.52 15 1260.0 -240.0 80 -80 107.48299999999999 64.461 16
630.0 235.089 13 1080.0 -450.0 71 -59 70.15599999999999 41.431999999999995 55
1020.0 243.831 16 1260.0 -240.0 80 -60 80.314 52.643 16
920.0 279.8049999999999 19 1170.0 -265.0 83 -59 112.22200000000001 57.33099999999998 21
1225.0 239.01999999999995 20 1560.0 -435.0 80 -54 76.85 57.678999999999995 67
1030.0 231.16499999999996 16 1470.0 -440.0 57 -59 84.53900000000002 57.719 88
1060.0 265.745 17 1500.0 -440.0 73 -64 93.60399999999998 54.00299999999998 44
1290.0 312.64399999999995 15 1530.0 -240.0 80 -78 93.05199999999999 64.66799999999998 16
940.0 228.18400000000003 17 1440.0 -500.0 65 -66 71.127 50.94299999999999 100
1035.0 234.27899999999997 14 1560.0 -775.0 80 -61 66.935 63.635000000000005 155
2485.0 349.68 20 2970.0 -485.0 95 -83 103.92999999999999 118.50900000000001 67
1215.0 236.038 20 1440.0 -225.0 75 -68 78.36699999999999 48.160999999999994 15
975.0 216.84199999999996 16 1560.0 -585.0 93 -54 73.493 55.838999999999984 72
1400.0 210.81799999999998 14 1830.0 -430.0 56 -51 76.68400000000001 63.08099999999997 86
1720.0 310.95700000000005 18 2100.0 -380.0 77 -73 117.16899999999998 87.02399999999999 58
1170.0 276.57 13 1620.0 -450.0 99 -69 89.60900000000001 64.99400000000001 58
1275.0 269.079 19 1530.0 -255.0 85 -74 67.133 54.33299999999999 17
1150.0 255.87699999999995 11 1530.0 -380.0 62 -59 86.56099999999999 69.14799999999997 41
1500.0 328.14400000000006 20 1740.0 -270.0 90 -76 114.66600000000001 64.59499999999998 18
1500.0 294.65600000000006 16 1740.0 -240.0 80 -72 93.67499999999998 68.881 16
1560.0 305.7790000000001 20 2160.0 -680.0 153 -73 101.756 91.15899999999998 60
680.0 241.04299999999998 17 1110.0 -430.0 68 -62 83.197 52.37 51
1410.0 310.553 20 1650.0 -270.0 90 -79 88.08800000000001 72.59300000000002 18
1665.0 271.75999999999993 16 1890.0 -255.0 85 -68 94.272 71.699 17
1680.0 310.14700000000005 15 2310.0 -630.0 85 -67 109.36100000000003 85.21100000000001 90
1380.0 213.495 15 1620.0 -240.0 80 -57 67.157 60.746 16
2370.0 333.89400000000006 19 2610.0 -240.0 80 -81 110.986 101.881 16
775.0 165.39700000000002 14 1260.0 -540.0 70 -50 52.349999999999994 43.70599999999999 108
1025.0 240.35699999999994 16 1470.0 -445.0 58 -60 80.70899999999999 64.342 89
1785.0 346.8900000000001 18 2010.0 -225.0 75 -76 132.443 95.00599999999999 15
1440.0 285.0329999999999 19 1890.0 -450.0 75 -76 100.37199999999999 57.44 45
570.0 263.238 18 1140.0 -670.0 140 -57 76.57799999999999 51.879999999999995 59
1620.0 298.4239999999999 17 1860.0 -240.0 80 -76 91.401 73.29800000000002 16
990.0 250.4230000000001 12 1590.0 -600.0 86 -57 90.66100000000002 60.293000000000006 76
1350.0 293.264 19 1590.0 -240.0 80 -75 89.83599999999998 70.22799999999998 16
1725.0 299.592 22 1950.0 -225.0 75 -77 99.73900000000002 75.84 15
1485.0 258.13199999999995 17 1860.0 -375.0 86 -70 75.87199999999999 75.13199999999999 51
1905.0 258.2080000000001 16 2490.0 -635.0 83 -62 70.08099999999999 105.437 127
1950.0 312.968 16 2370.0 -420.0 89 -74 88.93400000000001 82.07600000000002 54
855.0 228.39000000000007 18 1080.0 -225.0 75 -57 70.01199999999999 53.721000000000004 15
1350.0 246.89100000000005 13 1860.0 -510.0 62 -63 85.53699999999999 68.29700000000001 102
1165.0 216.78600000000006 18 1440.0 -275.0 81 -57 74.31099999999998 54.07599999999999 25
440.0 195.112 17 1230.0 -790.0 73 -55 66.874 47.23 158
2470.0 322.1269999999999 20 2820.0 -440.0 106 -73 117.33800000000002 104.195 56
1960.0 289.665 16 2220.0 -260.0 82 -65 96.49500000000003 91.21300000000001 20
1230.0 326.025 20 1470.0 -690.0 143 -73 111.90099999999998 68.815 106
845.0 286.0409999999998 17 1560.0 -730.0 74 -73 84.35399999999998 61.713 144
1410.0 290.95199999999994 16 1650.0 -410.0 94 -65 91.49099999999997 67.64000000000001 50
360.0 229.55500000000004 14 1050.0 -690.0 90 -56 91.47600000000001 44.553999999999995 103
1365.0 271.489 17 1650.0 -285.0 86 -57 104.55599999999998 59.76500000000001 25
1440.0 291.804 21 1680.0 -240.0 80 -70 118.41399999999999 62.66799999999999 16
1480.0 243.33400000000003 12 1920.0 -440.0 73 -62 72.38700000000001 63.83899999999996 44
1325.0 237.43 16 1770.0 -465.0 110 -55 76.193 54.754 61
1710.0 327.83499999999987 16 1950.0 -240.0 80 -80 122.38000000000001 71.47799999999998 16
1290.0 286.7660000000001 17 1530.0 -240.0 80 -78 88.03899999999999 58.618 16
1815.0 248.05300000000003 14 2040.0 -225.0 75 -64 87.227 65.39599999999999 15
1890.0 295.491 21 2130.0 -240.0 80 -79 102.74300000000004 79.65199999999999 16
805.0 250.452 18 1260.0 -455.0 72 -62 89.90199999999999 55.712999999999994 56
1390.0 250.87 19 1830.0 -440.0 58 -64 88.83499999999998 67.34899999999998 88
2070.0 307.04400000000004 17 2340.0 -270.0 84 -69 112.59300000000005 87.33200000000001 22
1200.0 290.623 19 1680.0 -480.0 160 -76 94.03299999999996 63.67999999999999 32
1080.0 274.038 14 1320.0 -240.0 80 -69 95.52000000000002 48.759 16
740.0 228.17900000000003 11 1320.0 -580.0 72 -57 61.084 61.15500000000002 116
1245.0 243.567 13 1560.0 -315.0 86 -58 95.46400000000001 54.517999999999994 31
1380.0 245.46499999999995 16 1620.0 -240.0 80 -65 77.27099999999997 57.198999999999984 16
880.0 272.09099999999995 18 1320.0 -440.0 73 -70 87.41999999999999 52.10099999999999 44
890.0 274.4439999999999 14 1320.0 -430.0 68 -69 88.81199999999998 62.27699999999998 51
1725.0 293.85499999999996 16 2280.0 -555.0 74 -69 107.37800000000001 78.89699999999999 76
1050.0 244.87299999999996 16 1290.0 -240.0 80 -65 76.72699999999998 45.33 16
1110.0 249.15200000000004 20 1350.0 -240.0 80 -65 87.898 51.31 16
935.0 255.338 17 1320.0 -385.0 78 -69 83.40099999999998 56.11399999999998 59
1440.0 323.538 27 1680.0 -240.0 80 -89 122.69499999999998 55.702999999999996 16
990.0 254.318 17 1650.0 -660.0 86 -65 97.30100000000002 58.02299999999999 88
1485.0 311.46399999999994 17 1710.0 -225.0 75 -80 85.655 73.03999999999996 15
1050.0 230.97699999999992 18 1290.0 -240.0 80 -56 84.17099999999998 58.320999999999984 16
1050.0 287.47299999999996 18 1290.0 -240.0 80 -81 90.329 50.85699999999999 16
1410.0 241.49200000000002 20 1650.0 -240.0 80 -64 71.603 70.05099999999999 16
1275.0 281.30699999999996 19 1500.0 -225.0 75 -72 101.446 51.736000000000004 15
1725.0 312.25300000000016 20 1950.0 -225.0 75 -80 108.37100000000001 72.94299999999997 15
1020.0 184.94999999999996 16 1260.0 -240.0 80 -51 62.10199999999999 51.288 16
570.0 230.4130000000001 12 810.0 -240.0 80 -59 63.75300000000001 42.92499999999999 16
1010.0 270.56 18 1350.0 -340.0 82 -70 82.457 56.483999999999995 38
850.0 251.82700000000003 20 1290.0 -440.0 58 -56 90.79999999999998 64.06099999999999 88
1470.0 302.4550000000001 21 1710.0 -405.0 102 -72 94.99000000000002 73.865 49
1230.0 356.57 19 1980.0 -780.0 127 -83 130.995 66.65199999999999 113
1665.0 251.20500000000007 21 1890.0 -225.0 75 -68 89.53699999999996 64.24399999999999 15
1275.0 227.01000000000002 17 1500.0 -225.0 75 -69 59.107999999999976 55.087999999999994 15
1350.0 302.417 17 1590.0 -240.0 80 -86 72.79699999999998 60.68899999999999 16
985.0 263.94100000000014 12 1680.0 -695.0 76 -58 102.28300000000004 75.15699999999997 139
2130.0 346.442 18 2370.0 -350.0 87 -75 119.63999999999999 96.91299999999997 38
1245.0 241.876 15 1470.0 -225.0 75 -63 77.48400000000001 60.946 15
1335.0 280.95300000000003 16 1860.0 -525.0 72 -74 82.53199999999998 75.93100000000003 103
1650.0 324.01500000000004 16 1890.0 -240.0 80 -79 112.38899999999998 70.47899999999997 16
1285.0 243.574 15 1680.0 -395.0 64 -71 73.43100000000001 49.764999999999965 44
475.0 211.64999999999998 14 990.0 -515.0 62 -52 62.506 37.15 103
1440.0 261.8309999999999 16 1770.0 -330.0 86 -55 108.63800000000002 66.82000000000001 34
1405.0 254.72099999999998 14 1710.0 -305.0 64 -64 77.64099999999998 61.63199999999998 45
355.0 161.34699999999998 9 780.0 -425.0 68 -46 53.882 35.59299999999999 50
1170.0 282.22099999999995 20 1620.0 -450.0 71 -81 86.09399999999998 66.10499999999999 55
1140.0 305.62800000000004 14 1380.0 -240.0 80 -82 87.72999999999999 57.76000000000001 16
1455.0 240.10499999999996 19 1680.0 -315.0 81 -54 92.586 65.63999999999999 33
1605.0 289.479 14 2190.0 -585.0 57 -64 98.76900000000005 101.13399999999994 117
2005.0 333.2290000000002 17 2490.0 -485.0 100 -71 111.42999999999998 95.593 65
1580.0 304.9089999999999 19 1890.0 -310.0 88 -77 87.57600000000001 76.74499999999998 30
865.0 170.169 14 1380.0 -685.0 76 -45 46.93099999999998 59.566999999999986 137
1990.0 360.982 20 2310.0 -320.0 86 -91 112.38299999999998 101.59299999999998 32
1055.0 276.23100000000005 19 1560.0 -505.0 82 -80 90.274 63.635999999999996 56
1460.0 293.0539999999999 15 2130.0 -670.0 68 -74 94.49499999999998 76.57900000000001 134
1485.0 237.28000000000003 13 1800.0 -315.0 82 -62 58.934999999999995 63.03200000000001 33
1585.0 263.83099999999996 16 1920.0 -335.0 74 -67 95.621 71.75199999999997 47
1070.0 213.968 17 1590.0 -520.0 68 -62 71.216 49.52799999999999 104
1515.0 285.7649999999999 16 1740.0 -225.0 75 -67 92.117 85.83199999999998 15
1190.0 230.784 16 1470.0 -330.0 88 -64 75.33399999999999 53.29199999999998 36
1320.0 273.39699999999993 18 1740.0 -420.0 70 -72 108.816 56.922999999999995 42
1090.0 294.8669999999999 15 1650.0 -620.0 143 -67 100.30900000000001 61.355999999999995 54
1970.0 301.6050000000001 16 2220.0 -250.0 78 -67 106.88000000000001 83.97099999999999 20
1725.0 250.226 19 1950.0 -225.0 75 -54 92.48799999999999 70.58299999999998 15
1190.0 241.716 13 1530.0 -340.0 86 -60 69.59199999999998 56.983 36
2430.0 343.65099999999984 18 2670.0 -240.0 80 -79 134.06899999999996 92.90999999999997 16
1845.0 332.16500000000013 22 2100.0 -255.0 85 -87 113.76299999999996 61.047999999999995 17
250.0 168.54500000000004 11 690.0 -440.0 57 -47 51.93199999999999 30.175000000000004 88
690.0 271.85799999999995 14 930.0 -240.0 80 -66 87.307 39.32099999999999 16
1120.0 291.91600000000005 19 1590.0 -535.0 99 -63 88.21400000000001 71.688 77
1590.0 287.04600000000005 19 1830.0 -240.0 80 -74 80.28099999999998 76.41200000000002 16
840.0 214.624 15 1290.0 -450.0 59 -54 80.21699999999998 49.67699999999999 90
720.0 259.489 19 1260.0 -540.0 71 -71 85.063 56.545 73
1350.0 320.58 18 1590.0 -240.0 80 -83 91.77799999999996 76.63799999999999 16
1170.0 274.566 16 1410.0 -240.0 80 -62 98.19899999999997 58.70999999999999 16
1575.0 292.97499999999997 13 1860.0 -285.0 86 -66 99.38600000000004 73.55199999999999 25
880.0 282.577 18 1350.0 -470.0 73 -75 105.73699999999997 39.825999999999986 59
715.0 263.70899999999995 18 1200.0 -715.0 91 -77 79.596 49.56499999999999 108
1360.0 285.644 18 1800.0 -440.0 73 -74 77.68599999999998 84.791 44
