3590.0 539.5989999999999 20 4320.0 -740.0 142 -82 223.23299999999995 188.92200000000003 74
4020.0 533.7119999999999 18 4470.0 -450.0 93 -76 240.04 196.1779999999999 45
3920.0 544.9159999999998 20 4590.0 -670.0 163 -84 225.287 212.72699999999992 62
5780.0 625.278 23 6300.0 -520.0 107 -93 269.50399999999996 255.77599999999995 52
4380.0 554.366 19 4920.0 -720.0 127 -83 233.62599999999998 217.63699999999992 72
4275.0 479.6919999999999 20 4860.0 -625.0 106 -68 227.273 198.56900000000002 44
3280.0 493.574 16 4320.0 -1060.0 151 -75 213.636 193.70799999999997 106
5160.0 598.9209999999999 21 5670.0 -510.0 98 -83 241.455 270.8229999999999 51
3750.0 534.4360000000001 19 4200.0 -450.0 93 -80 217.01499999999993 200.54899999999998 45
4430.0 593.4079999999999 21 4950.0 -520.0 106 -94 243.68799999999996 192.12199999999999 52
4265.0 550.055 19 4890.0 -625.0 101 -87 221.91699999999997 215.89199999999994 44
3390.0 420.2620000000001 17 3840.0 -690.0 115 -64 149.048 165.19700000000003 69
3690.0 524.7159999999999 17 4200.0 -530.0 109 -76 208.22000000000003 211.96 53
3780.0 495.9569999999999 14 4650.0 -930.0 145 -85 165.63400000000001 199.70299999999995 93
4930.0 511.485 22 5370.0 -440.0 91 -74 223.44799999999995 243.29199999999994 44
3460.0 575.3529999999998 17 4560.0 -1220.0 113 -85 190.20399999999998 204.46299999999997 122
2710.0 406.347 15 3300.0 -590.0 115 -72 149.753 148.555 63
3390.0 478.215 20 4050.0 -670.0 134 -72 215.15899999999996 186.171 67
3400.0 398.44500000000005 19 3870.0 -490.0 101 -69 160.302 168.37999999999997 49
3050.0 469.2419999999999 14 3600.0 -550.0 98 -54 155.59199999999998 162.74899999999997 55
4740.0 592.6729999999998 18 5460.0 -740.0 144 -92 228.93900000000002 238.7909999999999 74
1790.0 409.85299999999984 13 2880.0 -1090.0 151 -70 136.96699999999998 125.864 109
5880.0 655.5739999999997 20 6480.0 -600.0 123 -100 273.2739999999999 225.71799999999993 60
3760.0 524.853 15 4380.0 -620.0 120 -84 190.34399999999994 185.02399999999994 62
2880.0 364.022 16 3330.0 -450.0 92 -51 155.72699999999998 147.75599999999997 45
1675.0 357.998 14 2460.0 -815.0 129 -49 159.58599999999998 108.781 63
3730.0 382.422 18 4170.0 -440.0 90 -60 166.597 179.93699999999995 44
4350.0 557.186 18 4860.0 -690.0 135 -80 207.47299999999996 227.55599999999995 69
4405.0 617.637 19 5190.0 -795.0 138 -87 263.3969999999999 228.701 61
2980.0 348.9200000000001 17 3480.0 -580.0 111 -63 140.58799999999997 133.30499999999998 64
3160.0 491.2279999999998 23 3630.0 -470.0 97 -71 229.959 169.14 47
3580.0 546.3950000000002 19 4140.0 -800.0 137 -84 241.93699999999993 182.99999999999997 80
3795.0 394.952 21 4350.0 -735.0 108 -59 187.91799999999998 162.669 55
3570.0 485.03299999999996 18 4050.0 -480.0 94 -67 214.82399999999996 171.40099999999998 48
3760.0 432.21400000000006 17 4260.0 -520.0 106 -63 204.33299999999997 184.18899999999994 52
4180.0 512.285 16 4800.0 -640.0 131 -91 184.806 194.25 64
3095.0 467.358 17 3930.0 -865.0 119 -63 204.41199999999995 181.92 68
3960.0 511.42499999999967 20 4410.0 -450.0 92 -82 213.186 202.24099999999999 45
4120.0 575.5769999999998 22 4680.0 -630.0 112 -86 277.13499999999993 197.47099999999998 63
2930.0 371.8759999999999 14 3450.0 -520.0 105 -64 157.613 136.126 52
5790.0 620.202 19 6360.0 -570.0 117 -98 261.55699999999996 262.169 57
3320.0 423.993 18 3810.0 -490.0 100 -70 192.99599999999998 158.70099999999994 49
3460.0 456.14900000000006 16 4080.0 -620.0 119 -77 197.884 177.18699999999998 56
3375.0 410.85499999999996 16 3960.0 -585.0 98 -72 149.80799999999996 171.343 40
3410.0 434.80199999999996 17 4050.0 -740.0 121 -77 160.58399999999995 170.0939999999999 74
4060.0 521.81 20 4620.0 -560.0 103 -86 237.75300000000004 194.83599999999996 56
4920.0 633.887 20 5490.0 -570.0 115 -98 249.73099999999994 251.38699999999997 57
4510.0 392.3979999999999 12 5040.0 -530.0 108 -72 184.69899999999996 160.21599999999998 53
3830.0 517.9719999999999 19 4500.0 -690.0 117 -82 215.218 195.64899999999994 69
3805.0 507.4519999999999 24 4650.0 -845.0 150 -70 229.09199999999998 201.06799999999998 66
2510.0 356.15 15 2970.0 -460.0 95 -48 148.847 134.122 46
3150.0 466.76900000000006 15 4170.0 -1020.0 106 -82 164.47500000000002 192.613 102
4740.0 585.0380000000001 21 5370.0 -710.0 106 -85 268.746 215.57599999999996 52
4320.0 2176.578999999999 15 5820.0 -1500.0 175 -105 248.65900000000002 233.11400000000003 150
5040.0 654.194 23 5670.0 -630.0 128 -91 269.312 256.27799999999996 63
4820.0 547.6340000000001 18 5400.0 -700.0 122 -86 203.968 237.17299999999997 70
3020.0 353.3449999999999 15 3480.0 -460.0 95 -56 134.263 143.106 46
4285.0 557.157 18 4980.0 -695.0 120 -94 180.667 236.90900000000002 51
5665.0 631.0499999999996 18 6390.0 -725.0 126 -101 239.034 258.79999999999995 54
3465.0 502.56399999999985 17 4260.0 -815.0 146 -78 224.35199999999995 183.70799999999997 63
4600.0 497.13299999999975 23 5310.0 -950.0 128 -75 205.068 226.37900000000005 76
4320.0 541.3689999999999 21 4890.0 -570.0 95 -88 190.59499999999997 226.545 38
3280.0 413.11300000000006 15 3720.0 -620.0 106 -57 196.384 178.73499999999999 62
3475.0 504.5269999999998 20 4050.0 -575.0 96 -80 216.92499999999993 187.80499999999998 39
3390.0 556.0750000000002 18 4200.0 -810.0 165 -77 214.127 186.79799999999997 81
3000.0 361.65699999999987 16 3450.0 -450.0 93 -54 149.63099999999997 136.003 45
3140.0 1699.9419999999998 18 4500.0 -1390.0 167 -92 189.48899999999992 201.56 139
3480.0 423.3189999999999 19 3990.0 -530.0 109 -65 179.983 186.25499999999994 53
5080.0 547.8340000000001 18 5610.0 -530.0 109 -86 256.48499999999996 224.8 53
3660.0 433.5509999999998 16 4110.0 -450.0 93 -83 159.244 161.39199999999997 45
3390.0 522.9829999999998 21 4170.0 -795.0 131 -74 229.32899999999998 184.435 53
4020.0 434.95499999999987 15 4440.0 -420.0 86 -66 187.849 183.054 42
4510.0 498.4160000000001 20 4950.0 -440.0 91 -69 231.24299999999997 225.143 44
4380.0 583.204 22 4920.0 -540.0 111 -97 238.2 217.15499999999994 54
3670.0 476.5280000000001 22 4140.0 -470.0 93 -65 213.41099999999994 172.13199999999992 47
2900.0 353.5979999999999 18 3360.0 -460.0 95 -59 128.839 138.38800000000003 46
4675.0 647.2009999999998 19 5250.0 -575.0 112 -110 254.25299999999993 235.59999999999997 60
3620.0 498.00199999999984 20 4230.0 -610.0 117 -78 193.737 194.53199999999998 61
4000.0 511.24100000000004 19 4470.0 -470.0 97 -87 198.99499999999995 195.02299999999997 47
4570.0 480.9669999999999 15 5010.0 -440.0 90 -80 208.26199999999994 210.31 44
2515.0 443.98 14 3420.0 -905.0 155 -74 173.346 143.347 78
4110.0 442.25600000000014 18 4560.0 -450.0 92 -77 159.405 198.26199999999997 45
3870.0 456.13 13 4440.0 -720.0 133 -84 150.37400000000002 174.14599999999996 72
3150.0 534.466 15 4080.0 -930.0 87 -79 228.17299999999994 166.90099999999993 93
4010.0 499.2660000000002 16 4560.0 -550.0 112 -77 219.42200000000003 200.38399999999993 55
2210.0 1305.2739999999988 13 3120.0 -910.0 119 -68 166.29299999999995 146.42299999999997 91
4090.0 530.5489999999998 18 4680.0 -940.0 127 -87 203.83599999999993 208.04999999999995 75
4330.0 465.96699999999987 17 4770.0 -440.0 90 -66 218.41299999999993 212.59299999999993 44
4200.0 462.96999999999997 19 4650.0 -570.0 117 -75 191.132 199.08799999999997 57
2590.0 396.78899999999993 16 3120.0 -530.0 108 -62 173.08099999999996 136.29 53
4400.0 484.533 19 5130.0 -830.0 169 -81 221.47599999999997 189.37599999999998 83
4480.0 542.4459999999998 23 5010.0 -530.0 102 -89 221.20999999999998 217.748 53
4080.0 547.686 18 4740.0 -670.0 138 -87 226.73299999999998 216.75399999999996 67
2140.0 278.93299999999994 9 2580.0 -485.0 98 -49 113.35699999999997 98.452 47
4290.0 445.041 17 4800.0 -860.0 129 -73 167.02200000000002 211.70499999999998 92
4550.0 697.6610000000001 21 5100.0 -550.0 112 -104 307.9729999999999 220.20199999999994 55
4675.0 533.1379999999999 20 5310.0 -635.0 108 -84 241.27399999999994 223.04399999999995 45
3705.0 480.05599999999987 20 4260.0 -555.0 92 -66 237.09999999999997 179.50799999999995 37
3860.0 505.704 17 4560.0 -760.0 129 -72 210.27500000000003 196.58299999999997 72
5160.0 599.871 22 5610.0 -630.0 130 -85 272.343 242.25699999999998 63
4060.0 499.941 19 4530.0 -470.0 97 -78 216.44599999999997 205.789 47
4220.0 500.46 18 4740.0 -520.0 106 -74 228.60799999999998 180.29100000000003 52
5390.0 549.1179999999998 20 6060.0 -670.0 127 -114 189.06499999999997 214.838 67
4050.0 396.88499999999993 14 4590.0 -540.0 110 -77 150.79500000000002 172.47799999999998 54
4365.0 463.84000000000003 16 4920.0 -555.0 92 -70 202.75899999999996 209.177 37
3600.0 487.56399999999996 21 4050.0 -450.0 92 -69 217.66499999999994 196.04399999999998 45
4720.0 555.9259999999998 16 5460.0 -820.0 138 -83 224.33299999999994 208.88099999999997 82
3345.0 417.33299999999997 20 3900.0 -555.0 92 -65 181.87699999999995 172.36799999999994 37
4600.0 499.09899999999993 20 5130.0 -530.0 109 -81 229.86899999999997 207.72599999999997 53
3210.0 766.202 16 3840.0 -630.0 105 -72 312.3029999999999 160.18200000000002 63
3700.0 520.604 21 4200.0 -500.0 98 -77 207.04399999999995 193.811 50
3710.0 563.9099999999999 18 4290.0 -580.0 105 -77 187.39499999999998 195.62599999999995 58
2700.0 381.45799999999997 17 3270.0 -570.0 94 -58 157.85199999999998 143.55199999999996 38
4270.0 455.72499999999997 18 4710.0 -440.0 91 -71 200.85100000000003 202.58499999999995 44
4620.0 474.06499999999994 18 5160.0 -540.0 111 -83 210.30499999999995 193.72 54
3460.0 400.74499999999995 14 3990.0 -530.0 109 -66 162.02699999999996 163.12599999999992 53
3620.0 457.89599999999996 15 4080.0 -460.0 94 -69 178.27799999999996 177.51799999999994 46
5450.0 564.8569999999999 25 5970.0 -520.0 107 -90 249.3539999999999 254.91399999999993 52
4200.0 507.044 18 4710.0 -510.0 97 -68 241.11599999999996 216.65699999999995 51
5170.0 560.041 17 5700.0 -530.0 99 -90 257.688 208.679 53
4425.0 488.6039999999999 21 4980.0 -555.0 92 -68 240.11099999999996 207.68999999999994 37
3010.0 447.02399999999994 14 3750.0 -780.0 122 -72 163.12699999999995 165.024 78
3890.0 450.16599999999994 14 4440.0 -550.0 113 -88 145.46999999999997 162.67399999999998 55
5070.0 560.5089999999998 18 5520.0 -450.0 93 -87 239.52399999999994 229.50699999999998 45
4800.0 527.939 27 5430.0 -650.0 110 -75 238.82300000000004 216.24899999999997 46
4350.0 589.526 17 5040.0 -810.0 145 -100 201.41099999999994 215.15699999999995 63
2040.0 382.23600000000005 13 2610.0 -570.0 96 -64 160.183 119.302 57
3255.0 487.373 24 3990.0 -815.0 123 -75 221.31899999999996 178.04500000000002 87
3760.0 461.1949999999999 17 4200.0 -440.0 91 -72 204.09499999999997 179.41899999999995 44
3310.0 384.71299999999997 20 3750.0 -540.0 111 -62 161.59399999999997 166.87499999999997 54
3960.0 549.1589999999999 18 4650.0 -710.0 124 -82 222.63500000000002 210.22699999999998 52
4980.0 556.0739999999998 21 5550.0 -570.0 117 -99 218.93599999999995 222.85399999999987 57
4130.0 1556.189999999999 18 5400.0 -1270.0 174 -91 226.24499999999998 214.82299999999995 113
5375.0 579.6880000000001 17 6120.0 -745.0 130 -103 216.10500000000002 248.69199999999998 56
4200.0 433.355 17 4740.0 -540.0 110 -74 180.23299999999998 197.313 54
3290.0 550.119 17 3870.0 -580.0 119 -82 219.65799999999996 169.035 58
3260.0 442.5699999999999 20 3960.0 -700.0 122 -67 179.114 173.56899999999993 70
4365.0 495.164 18 5010.0 -645.0 110 -82 234.17799999999997 176.85799999999995 46
4370.0 566.2299999999998 22 4920.0 -550.0 112 -94 239.95 221.09699999999998 55
4250.0 499.79099999999994 18 4830.0 -580.0 119 -84 193.191 184.44099999999997 58
5830.0 605.7399999999999 18 6390.0 -560.0 115 -114 212.84199999999996 243.168 56
3740.0 472.4529999999999 23 4200.0 -460.0 95 -75 196.643 181.31699999999998 46
4025.0 543.069 16 4710.0 -935.0 140 -80 230.44599999999994 217.44899999999996 75
2670.0 415.12899999999996 14 3120.0 -770.0 122 -45 175.469 142.42399999999998 77
3280.0 417.404 22 3780.0 -500.0 103 -61 161.65899999999996 161.094 50
5305.0 630.574 20 6090.0 -885.0 162 -117 259.09000000000003 222.726 88
3270.0 369.30199999999996 17 3750.0 -500.0 103 -67 143.86599999999999 139.17399999999998 50
4400.0 512.5519999999999 14 4980.0 -580.0 104 -88 189.75699999999998 191.17599999999993 58
3610.0 401.92700000000013 16 4050.0 -440.0 91 -59 161.94299999999998 190.86199999999994 44
4960.0 563.2069999999998 27 5700.0 -740.0 115 -91 239.99399999999991 242.924 74
2650.0 314.13500000000005 13 3090.0 -740.0 117 -52 120.93299999999996 143.69399999999996 74
4210.0 612.918 18 4860.0 -650.0 123 -86 243.18399999999997 215.421 65
4760.0 575.0020000000001 17 5370.0 -610.0 105 -89 201.80799999999996 207.00799999999998 61
2650.0 286.1619999999999 14 3090.0 -440.0 91 -47 126.69199999999998 128.993 44
3540.0 488.529 17 4110.0 -570.0 94 -68 216.50899999999996 189.162 38
4800.0 580.4110000000001 25 5250.0 -450.0 93 -81 267.93699999999995 230.83599999999996 45
4360.0 537.104 19 4890.0 -530.0 108 -86 211.78899999999996 222.70999999999995 53
3680.0 529.419 22 4260.0 -580.0 96 -74 223.99599999999998 191.40500000000006 39
3740.0 511.8279999999999 18 4200.0 -460.0 95 -84 210.64 195.31899999999996 46
4060.0 558.0349999999997 20 4740.0 -680.0 139 -113 179.86499999999998 206.71099999999996 68
3330.0 564.4699999999998 19 4290.0 -960.0 93 -88 220.03799999999995 191.19699999999995 96
4050.0 527.3529999999998 20 4590.0 -540.0 110 -78 254.72299999999998 188.70399999999998 54
2800.0 406.9649999999998 16 3420.0 -690.0 141 -59 188.34599999999998 154.91799999999992 69
3180.0 435.79799999999983 16 3960.0 -840.0 126 -67 144.99099999999999 180.59999999999997 65
2830.0 456.05599999999987 15 3300.0 -470.0 96 -59 191.85599999999997 147.90699999999998 47
5580.0 621.9479999999999 18 6120.0 -540.0 111 -99 222.84899999999993 262.89899999999994 54
3800.0 456.45599999999985 21 4350.0 -550.0 112 -73 175.39799999999994 205.49499999999998 55
3870.0 509.01699999999994 22 4410.0 -560.0 115 -83 198.10000000000002 195.03799999999998 56
4110.0 447.369 21 4620.0 -580.0 113 -69 197.33499999999998 195.304 65
4500.0 528.787 16 5100.0 -600.0 118 -93 200.204 209.66299999999995 55
2240.0 1655.5609999999976 11 3480.0 -1240.0 142 -57 160.89 152.21999999999997 124
4750.0 533.4379999999999 19 5340.0 -710.0 115 -81 237.22199999999992 219.89099999999993 71
3450.0 503.62499999999994 19 3990.0 -540.0 110 -81 203.174 187.22799999999995 54
5940.0 543.3419999999998 18 6510.0 -630.0 128 -106 199.54799999999994 234.29299999999995 63
4150.0 613.1210000000002 19 5100.0 -1050.0 169 -83 206.84999999999997 188.46399999999997 105
4475.0 528.5550000000001 22 5130.0 -725.0 109 -83 238.82999999999996 227.10399999999998 54
3300.0 446.84999999999997 16 3870.0 -570.0 110 -75 164.69899999999998 174.093 62
3230.0 499.1609999999999 18 3840.0 -670.0 137 -81 212.40199999999996 165.87499999999994 67
2500.0 331.8709999999999 12 2940.0 -440.0 91 -57 128.43099999999995 136.11199999999997 44
3910.0 456.0229999999999 20 4350.0 -440.0 90 -82 179.78699999999995 195.44399999999993 44
3450.0 512.867 21 4140.0 -690.0 104 -74 226.82399999999998 187.058 50
3105.0 342.42299999999994 16 3690.0 -585.0 109 -61 120.49099999999997 158.397 67
5040.0 659.3229999999998 19 5580.0 -540.0 100 -100 271.73 251.4089999999999 54
4950.0 662.4889999999999 20 5460.0 -510.0 105 -99 249.983 256.23099999999994 51
2470.0 346.60599999999994 14 3180.0 -730.0 116 -49 147.57799999999995 133.13500000000002 73
5030.0 575.247 17 5700.0 -715.0 128 -89 213.289 224.70600000000002 76
4680.0 506.72999999999996 19 5130.0 -450.0 92 -75 226.47599999999994 206.267 45
4920.0 627.9820000000001 21 5430.0 -510.0 104 -98 256.13000000000005 265.7199999999999 51
1830.0 256.8719999999999 10 2280.0 -450.0 92 -43 94.99 102.68099999999998 45
4580.0 538.0530000000002 16 5520.0 -940.0 89 -94 202.603 218.3499999999999 94
2990.0 390.1209999999998 16 3570.0 -580.0 102 -67 159.71099999999996 164.68099999999998 58
4650.0 571.3779999999999 21 5130.0 -480.0 93 -87 253.84699999999998 231.54799999999997 48
3925.0 516.5779999999999 20 4830.0 -965.0 139 -73 222.54299999999995 233.69699999999992 78
3720.0 493.157 17 4290.0 -570.0 94 -75 212.60399999999993 188.67599999999996 38
5130.0 520.025 19 5700.0 -570.0 94 -97 206.71100000000004 201.87900000000002 38
3930.0 503.151 17 4410.0 -630.0 130 -84 203.60399999999998 202.48799999999994 63
3415.0 469.89699999999976 22 3990.0 -575.0 93 -75 193.26 181.85299999999998 39
4120.0 433.544 15 4560.0 -440.0 90 -68 213.96999999999997 176.971 44
4820.0 609.544 14 5820.0 -1000.0 100 -97 222.98799999999994 242.161 100
4040.0 509.97499999999997 18 4620.0 -580.0 117 -77 169.83200000000002 215.81099999999998 58
4870.0 616.977 22 5580.0 -710.0 131 -99 241.52499999999998 237.444 71
5100.0 585.3070000000001 19 5640.0 -540.0 111 -101 232.19599999999994 230.34399999999997 54
4290.0 493.812 18 4740.0 -450.0 92 -80 217.932 189.23599999999996 45
4780.0 630.7579999999998 22 5340.0 -560.0 115 -84 277.933 257.4999999999999 56
3780.0 466.49299999999994 18 4380.0 -610.0 126 -78 190.57899999999998 166.618 61
2530.0 411.152 16 3000.0 -470.0 96 -60 159.77099999999996 132.95299999999997 47
3920.0 693.3119999999998 19 4710.0 -840.0 128 -83 185.5169999999999 186.19300000000004 105
4320.0 539.2759999999998 20 4860.0 -540.0 111 -85 221.40499999999994 231.72000000000003 54
5930.0 689.2919999999999 19 6600.0 -670.0 123 -112 263.496 264.7539999999999 67
3235.0 542.1899999999997 12 3840.0 -605.0 105 -79 193.09099999999998 162.73299999999998 77
3290.0 466.209 17 4020.0 -810.0 125 -70 176.48 175.26799999999997 81
4640.0 579.417 18 5550.0 -910.0 140 -102 215.078 233.22499999999994 72
4590.0 489.73999999999995 19 5010.0 -420.0 87 -82 198.84999999999994 202.46699999999998 42
4470.0 598.6879999999999 18 5010.0 -540.0 111 -101 230.82699999999997 207.19999999999996 54
4140.0 429.535 16 4710.0 -710.0 123 -63 187.277 186.68199999999996 52
3705.0 443.63599999999997 19 4260.0 -555.0 92 -68 198.182 189.28999999999996 37
4300.0 668.2409999999999 18 4890.0 -590.0 120 -103 312.643 206.83499999999992 59
2710.0 417.56799999999976 16 3300.0 -590.0 98 -74 149.97499999999997 143.28199999999995 40
3795.0 393.45399999999995 16 4350.0 -555.0 92 -56 178.41699999999994 177.92599999999993 37
5690.0 661.323 21 6240.0 -550.0 114 -113 266.62700000000007 273.8259999999999 55
5260.0 600.0309999999997 20 5910.0 -650.0 115 -103 257.57599999999996 221.98000000000002 65
4540.0 507.59199999999987 21 5070.0 -570.0 116 -71 256.34499999999997 210.69900000000004 57
3280.0 409.0009999999999 20 3810.0 -530.0 109 -61 197.76799999999992 160.70399999999995 53
4120.0 528.947 16 4650.0 -610.0 124 -67 246.60799999999992 216.30299999999994 61
3650.0 543.9979999999997 18 4830.0 -1250.0 122 -92 222.254 198.32199999999997 121
3730.0 418.1729999999999 20 4170.0 -560.0 116 -64 188.396 177.15 56
4275.0 431.6779999999998 17 4890.0 -615.0 104 -74 163.194 209.592 43
3840.0 445.73499999999996 18 4290.0 -450.0 92 -69 216.60899999999998 169.17299999999997 45
4230.0 467.14899999999994 16 4680.0 -450.0 92 -83 179.77099999999996 194.08699999999993 45
4320.0 517.9399999999999 20 4770.0 -450.0 93 -79 228.51399999999992 193.27699999999996 45
3970.0 434.08299999999997 16 4410.0 -440.0 90 -75 190.077 189.22099999999998 44
2370.0 403.3219999999999 15 2820.0 -450.0 93 -53 182.02699999999993 134.415 45
4480.0 699.7220000000001 18 5100.0 -620.0 112 -86 257.05099999999993 179.65099999999995 62
3510.0 455.681 18 3960.0 -450.0 93 -61 204.89299999999994 166.07 45
5670.0 563.9720000000001 17 6300.0 -630.0 129 -102 205.264 226.68499999999995 63
3980.0 593.845 14 5040.0 -1060.0 113 -91 239.46699999999996 200.28099999999995 106
3270.0 445.8139999999999 15 3900.0 -630.0 103 -71 181.69599999999997 150.518 63
3610.0 464.36400000000015 17 4140.0 -530.0 109 -83 175.18599999999998 165.054 53
4120.0 408.3549999999999 20 4560.0 -590.0 122 -73 190.82299999999992 156.486 59
4470.0 669.1089999999998 24 5280.0 -810.0 131 -97 287.846 242.14299999999997 81
3460.0 412.3390000000001 16 3960.0 -500.0 103 -61 190.24899999999994 174.04799999999994 50
3780.0 522.607 18 4290.0 -510.0 98 -65 223.61999999999995 201.51299999999995 51
3740.0 520.844 16 4230.0 -490.0 100 -75 230.333 199.05999999999997 49
3700.0 487.09299999999996 15 4260.0 -560.0 115 -79 199.262 179.53199999999993 56
3700.0 617.0659999999996 17 4350.0 -650.0 109 -75 215.73699999999994 190.744 65
4800.0 455.652 21 5310.0 -510.0 97 -80 195.28099999999995 170.17499999999998 51
3270.0 511.4589999999999 17 3840.0 -570.0 117 -84 187.72199999999995 170.10799999999995 57
4640.0 510.996 18 5190.0 -550.0 112 -95 198.70099999999996 187.74699999999999 55
4210.0 488.2209999999999 22 4650.0 -440.0 91 -71 227.51999999999992 200.44999999999993 44
2100.0 362.121 16 2550.0 -450.0 93 -58 151.83 114.338 45
4370.0 563.9929999999999 22 4920.0 -690.0 125 -90 235.023 188.30499999999998 69
4760.0 566.4309999999997 17 5310.0 -760.0 156 -94 231.50499999999997 218.245 76
3095.0 401.47399999999993 18 3930.0 -865.0 119 -63 167.712 173.073 68
5100.0 572.3829999999999 17 5790.0 -690.0 120 -92 214.399 270.08799999999997 51
3210.0 443.7419999999999 12 3660.0 -450.0 93 -80 161.15699999999998 148.91 45
3660.0 415.418 16 4230.0 -570.0 109 -74 190.97599999999997 150.495 57
4210.0 414.52400000000006 16 4650.0 -440.0 90 -72 162.954 200.79999999999995 44
3810.0 447.32399999999996 20 4260.0 -570.0 118 -63 188.75199999999998 176.99999999999997 57
4140.0 452.909 14 4680.0 -660.0 121 -81 148.631 199.976 66
3980.0 513.5259999999998 18 4440.0 -530.0 145 -86 206.66099999999992 186.34 45
2870.0 405.16400000000004 20 3840.0 -970.0 99 -60 146.296 155.41099999999997 97
3975.0 433.582 22 4530.0 -555.0 92 -66 200.01399999999998 178.04999999999998 37
3915.0 408.536 20 4470.0 -795.0 114 -60 190.21099999999996 181.64799999999997 61
5050.0 522.709 16 5670.0 -620.0 125 -95 201.528 206.23399999999995 60
3390.0 440.689 18 3930.0 -580.0 118 -70 165.83899999999997 181.2 58
3980.0 578.093 24 4800.0 -835.0 141 -79 245.85100000000003 220.94399999999996 58
4780.0 504.91799999999984 21 5280.0 -500.0 102 -82 218.716 225.67499999999998 50
5470.0 674.7940000000001 23 6060.0 -590.0 104 -79 324.196 297.16099999999994 59
5340.0 615.8199999999998 18 6030.0 -710.0 139 -103 229.08299999999997 226.71300000000002 65
4340.0 593.8189999999997 23 4830.0 -490.0 100 -79 269.73799999999994 239.02499999999995 49
3080.0 388.2239999999999 15 3540.0 -460.0 94 -61 163.17799999999997 157.11499999999998 46
3600.0 416.323 17 4110.0 -510.0 98 -60 194.72799999999998 152.17100000000002 51
3740.0 445.89499999999987 19 4200.0 -460.0 95 -72 179.21800000000002 167.23699999999997 46
4750.0 494.5020000000001 18 5190.0 -440.0 91 -81 212.874 222.32200000000003 44
3660.0 548.352 18 4350.0 -700.0 129 -68 210.91399999999996 199.09299999999993 70
4680.0 522.539 18 5190.0 -510.0 98 -79 214.23599999999996 205.141 51
2620.0 425.0119999999999 15 3270.0 -660.0 118 -57 164.17399999999998 140.41400000000002 80
4515.0 505.52199999999993 22 5070.0 -555.0 92 -79 224.75999999999993 219.88299999999998 37
4080.0 430.33099999999996 18 4530.0 -450.0 93 -64 189.522 178.49699999999996 45
4360.0 583.9139999999999 22 4980.0 -640.0 132 -82 249.144 235.94899999999998 64
3255.0 442.58899999999994 17 3810.0 -555.0 92 -67 195.74300000000002 184.045 37
4500.0 601.4899999999998 26 4980.0 -480.0 99 -92 274.6880000000001 225.70099999999994 48
3670.0 484.0529999999999 17 4200.0 -530.0 108 -89 189.878 184.90899999999996 53
3950.0 504.052 15 4620.0 -710.0 115 -68 194.97899999999998 197.87999999999994 71
4140.0 476.701 19 4590.0 -450.0 92 -73 191.569 209.23099999999997 45
3670.0 534.8189999999998 16 4230.0 -560.0 115 -82 209.843 188.52599999999993 56
4370.0 539.5019999999998 19 4830.0 -460.0 94 -85 219.442 203.65599999999995 46
4580.0 555.6450000000001 21 5160.0 -580.0 118 -92 233.754 199.909 58
4205.0 584.2289999999999 22 5010.0 -825.0 147 -93 230.12699999999995 212.7 64
4030.0 533.8929999999999 18 4470.0 -440.0 90 -77 241.48799999999997 223.66099999999997 44
4650.0 533.7159999999998 18 5430.0 -810.0 138 -83 207.33299999999997 231.48099999999997 81
3795.0 371.787 15 4350.0 -555.0 92 -63 145.14800000000002 178.37199999999996 37
4540.0 543.8489999999999 22 5220.0 -680.0 118 -79 265.81899999999996 218.08199999999994 50
4735.0 572.2189999999997 21 5280.0 -545.0 102 -88 237.21799999999993 242.96100000000004 53
3680.0 536.5019999999997 20 4110.0 -430.0 88 -72 266.0949999999999 193.74999999999997 43
3820.0 527.44 16 4410.0 -590.0 105 -85 197.51399999999992 181.39799999999997 59
3370.0 454.4389999999998 19 3810.0 -440.0 91 -74 193.40500000000003 177.99599999999998 44
4350.0 606.894 19 4890.0 -540.0 110 -101 239.347 208.956 54
4000.0 547.974 21 4650.0 -650.0 112 -72 231.06299999999996 209.25199999999992 65
3880.0 395.0839999999999 17 4320.0 -440.0 90 -63 185.82099999999997 172.17099999999996 44
3530.0 531.2599999999996 15 4200.0 -680.0 139 -78 219.96399999999997 192.38100000000003 68
4550.0 493.8389999999998 19 5010.0 -460.0 92 -84 222.415 193.21799999999996 46
2640.0 357.85699999999986 12 3150.0 -510.0 98 -68 118.79699999999998 130.39099999999996 51
3710.0 451.027 18 4350.0 -640.0 108 -62 208.41199999999998 180.267 45
3330.0 426.0880000000001 14 3780.0 -450.0 93 -64 199.87199999999999 148.573 45
3855.0 453.52299999999974 21 4530.0 -855.0 132 -88 189.431 170.15699999999998 67
2540.0 399.9639999999999 13 3150.0 -670.0 111 -56 173.88199999999998 132.10199999999998 67
3410.0 475.18799999999993 18 4410.0 -1000.0 102 -75 204.45899999999997 185.73499999999996 100
3700.0 500.81500000000017 18 4230.0 -570.0 113 -78 231.2669999999999 170.15899999999996 57
3415.0 441.1900000000001 16 4020.0 -605.0 98 -72 193.23900000000003 163.85499999999996 42
5190.0 528.8489999999999 17 5790.0 -600.0 118 -108 212.82599999999996 178.56699999999995 60
3510.0 494.269 20 4230.0 -720.0 117 -78 182.01799999999997 193.214 53
4640.0 594.3229999999999 16 5400.0 -780.0 144 -108 176.533 203.264 78
3880.0 438.1069999999999 21 4320.0 -495.0 97 -70 179.03599999999994 188.43399999999997 55
3200.0 522.8779999999998 17 3870.0 -730.0 136 -87 191.89699999999996 161.29000000000002 73
4890.0 546.877 15 5460.0 -570.0 116 -92 213.13999999999996 220.649 57
2890.0 415.284 19 3330.0 -440.0 91 -58 194.25300000000001 159.537 44
3330.0 476.17299999999994 19 3780.0 -450.0 93 -70 204.73899999999998 177.35999999999999 45
3590.0 496.624 19 4110.0 -520.0 98 -77 203.25600000000006 185.37399999999997 52
2950.0 371.50700000000006 14 3390.0 -440.0 90 -55 167.689 155.381 44
2190.0 353.6720000000001 16 2790.0 -610.0 126 -58 150.69899999999998 122.61699999999999 61
4940.0 521.8629999999998 23 5400.0 -460.0 95 -83 206.74699999999999 227.70299999999997 46
3830.0 516.643 16 4950.0 -1200.0 169 -92 181.117 204.88799999999998 120
5350.0 578.806 18 5970.0 -690.0 123 -96 226.922 255.54799999999986 69
2230.0 392.1479999999998 13 2760.0 -530.0 107 -60 168.264 123.91799999999998 53
4150.0 499.4869999999999 18 4710.0 -560.0 115 -88 192.206 183.966 56
4540.0 561.772 19 5040.0 -500.0 103 -94 235.30900000000003 222.83099999999996 50
4250.0 575.1089999999999 18 4800.0 -640.0 130 -92 238.069 217.35999999999993 64
2660.0 434.92600000000004 19 3150.0 -490.0 100 -62 220.113 142.91299999999998 49
4440.0 555.9649999999998 20 4980.0 -540.0 111 -81 251.70999999999995 237.52899999999997 54
4140.0 462.9989999999999 15 4680.0 -540.0 111 -73 192.04899999999998 200.40700000000004 54
4180.0 632.2110000000001 19 4800.0 -620.0 122 -100 260.50399999999996 191.97100000000003 62
2520.0 347.053 15 2970.0 -450.0 92 -48 140.96 140.712 45
2910.0 439.8809999999999 14 3420.0 -630.0 123 -66 179.59199999999998 147.927 63
3425.0 492.96799999999996 16 4080.0 -655.0 100 -79 208.815 176.32999999999998 47
4360.0 587.6269999999998 19 4860.0 -545.0 117 -80 258.6739999999999 214.22899999999996 53
4380.0 545.8929999999998 17 4830.0 -600.0 124 -80 230.35499999999993 210.11599999999999 60
3290.0 463.16300000000007 17 3750.0 -580.0 118 -67 194.144 170.13799999999998 58
5400.0 586.1559999999998 16 5940.0 -540.0 110 -99 235.015 232.43699999999998 54
3720.0 518.348 23 4350.0 -630.0 99 -69 232.69300000000004 197.463 44
2630.0 481.72599999999994 18 3540.0 -1050.0 95 -68 206.06299999999993 150.19600000000005 105
3290.0 392.79400000000004 20 4170.0 -900.0 131 -68 178.73 157.08899999999997 72
1510.0 264.81699999999995 14 1950.0 -440.0 90 -56 97.53399999999998 86.267 44
4540.0 468.9159999999998 15 5040.0 -500.0 103 -74 187.32 222.63299999999995 50
3785.0 572.3430000000001 16 4560.0 -835.0 124 -94 209.64700000000002 211.53099999999992 65
4540.0 491.1759999999998 14 5070.0 -530.0 109 -92 178.60899999999998 212.373 53
3770.0 512.7049999999999 22 4410.0 -740.0 116 -71 247.73199999999997 199.62900000000002 74
3820.0 417.23599999999993 19 4260.0 -440.0 90 -72 188.27599999999995 170.19299999999996 44
3900.0 487.19499999999994 14 4500.0 -600.0 96 -80 180.584 176.934 41
3570.0 1906.245999999998 16 5250.0 -1680.0 180 -95 195.41299999999998 208.65899999999996 168
3510.0 387.157 14 3930.0 -420.0 87 -61 163.63299999999998 167.143 42
4400.0 496.029 16 4920.0 -520.0 106 -91 194.45399999999995 211.353 52
4760.0 579.6889999999999 23 5280.0 -520.0 97 -77 265.14099999999996 236.42999999999995 52
3810.0 436.14299999999986 18 4290.0 -480.0 98 -70 179.06099999999995 186.03799999999998 48
3455.0 404.13100000000003 17 4020.0 -565.0 92 -62 184.01700000000002 166.13299999999995 41
4450.0 520.2239999999999 18 4860.0 -410.0 83 -83 232.61599999999993 216.23799999999997 41
3340.0 355.51499999999993 19 3780.0 -440.0 90 -68 128.85899999999998 158.03900000000004 44
4115.0 598.027 21 4830.0 -715.0 116 -87 260.70399999999995 206.671 61
3160.0 361.3569999999999 15 3600.0 -440.0 90 -62 141.21599999999998 161.025 44
4000.0 427.26099999999997 19 4440.0 -440.0 91 -67 188.22500000000002 183.95699999999997 44
5060.0 618.8159999999998 18 5700.0 -640.0 132 -111 216.88199999999995 258.395 64
3110.0 443.19199999999995 16 3570.0 -460.0 95 -70 183.532 155.43899999999994 46
4230.0 563.512 23 4770.0 -540.0 111 -87 265.25699999999995 211.34500000000003 54
3130.0 479.36800000000005 18 3660.0 -530.0 100 -69 201.051 168.70299999999997 60
3845.0 459.43799999999993 19 4440.0 -595.0 97 -67 201.99499999999998 194.39900000000003 45
5345.0 624.0189999999999 20 6150.0 -805.0 130 -112 208.12699999999995 250.14999999999998 62
2060.0 490.66999999999996 14 2970.0 -910.0 83 -73 205.595 143.93899999999994 91
4590.0 604.832 17 5040.0 -585.0 115 -82 252.72399999999993 243.31299999999993 54
4430.0 579.272 17 4980.0 -550.0 113 -98 238.74800000000002 206.86700000000002 55
4130.0 615.5880000000001 15 4890.0 -880.0 154 -100 227.22199999999992 195.54799999999997 88
3940.0 378.06499999999994 17 4380.0 -440.0 90 -62 166.07199999999995 183.955 44
3020.0 373.9329999999999 15 3480.0 -460.0 95 -64 128.89 150.695 46
2040.0 291.181 12 2580.0 -540.0 90 -55 113.36399999999998 107.35399999999997 36
3450.0 451.75699999999995 16 3960.0 -510.0 104 -71 195.63899999999995 182.47099999999998 51
4360.0 642.356 20 4890.0 -530.0 108 -96 285.86499999999995 219.586 53
3940.0 506.03400000000016 20 4440.0 -500.0 103 -78 228.769 197.4799999999999 50
3790.0 489.9739999999999 19 4560.0 -770.0 121 -87 190.92000000000002 186.92 58
3740.0 482.5280000000001 15 4290.0 -550.0 113 -77 193.972 175.62799999999996 55
3970.0 449.741 10 4530.0 -560.0 100 -71 103.801 128.32199999999995 56
2960.0 376.88100000000003 17 3870.0 -910.0 83 -68 157.12599999999998 129.74299999999997 91
5500.0 603.3240000000001 17 6090.0 -590.0 121 -103 224.7 235.188 59
3600.0 517.3860000000001 18 4170.0 -570.0 95 -82 217.07699999999997 180.323 38
3960.0 605.4869999999999 17 4560.0 -600.0 103 -83 229.19 188.69799999999998 60
4240.0 480.7539999999999 19 4740.0 -500.0 98 -76 164.065 179.697 50
3280.0 444.70400000000006 16 3720.0 -440.0 91 -75 196.01399999999995 163.56499999999997 44
3400.0 426.15499999999986 16 3870.0 -470.0 93 -70 169.3 169.106 47
4600.0 509.45000000000005 21 5040.0 -440.0 91 -85 227.852 212.30799999999996 44
3325.0 744.8999999999997 16 4620.0 -1395.0 171 -85 179.92399999999992 195.152 121
4325.0 1338.2359999999992 18 5370.0 -1045.0 121 -84 239.51300000000003 220.98399999999995 86
4630.0 502.045 21 5100.0 -470.0 93 -85 193.82599999999996 208.821 47
2800.0 1866.7819999999983 15 4290.0 -1490.0 172 -92 181.144 171.77399999999994 149
5530.0 548.7299999999998 19 6150.0 -620.0 107 -91 219.74699999999996 240.41099999999994 62
4450.0 529.288 18 5130.0 -680.0 126 -90 188.74399999999997 192.87999999999997 68
3360.0 393.019 14 3930.0 -570.0 94 -65 139.931 176.46200000000002 38
4750.0 663.8389999999999 23 5400.0 -650.0 110 -103 259.529 251.62900000000002 46
5310.0 569.237 19 5760.0 -450.0 93 -84 239.02100000000002 247.86199999999985 45
4200.0 541.6379999999999 20 4770.0 -570.0 94 -77 227.349 221.09099999999998 38
4330.0 496.63000000000005 18 4830.0 -500.0 96 -74 225.31399999999994 202.351 50
3360.0 563.372 15 3900.0 -540.0 101 -80 233.21699999999996 185.12099999999998 54
3570.0 511.255 17 4110.0 -580.0 119 -73 234.83399999999995 176.17000000000002 58
2880.0 341.907 16 3330.0 -450.0 92 -65 114.373 149.09 45
3810.0 536.8090000000002 15 4470.0 -660.0 106 -80 221.75599999999994 215.64199999999994 66
4230.0 475.0559999999999 17 4770.0 -540.0 110 -87 198.938 193.0699999999999 54
2770.0 1670.1299999999999 15 3990.0 -1250.0 152 -72 173.694 158.849 125
4230.0 517.4519999999999 18 4680.0 -450.0 93 -82 210.54300000000003 205.31799999999996 45
3290.0 395.1689999999999 17 3870.0 -580.0 119 -79 126.72599999999998 146.32599999999996 58
4650.0 564.915 16 5190.0 -540.0 111 -88 227.80900000000003 221.36099999999993 54
5370.0 642.592 21 5820.0 -600.0 124 -96 272.82399999999996 257.7149999999999 60
4520.0 587.0110000000001 17 5550.0 -1030.0 109 -94 225.61199999999997 217.736 103
3435.0 395.92 20 3990.0 -755.0 110 -55 177.387 181.743 57
3450.0 566.4629999999999 19 4140.0 -690.0 105 -85 251.95999999999998 170.42299999999997 69
3990.0 466.467 17 4440.0 -450.0 93 -77 185.35799999999992 178.067 45
5430.0 598.3360000000001 24 5970.0 -540.0 96 -95 265.315 244.35500000000002 54
4370.0 689.0719999999999 20 4980.0 -640.0 119 -102 273.215 216.88400000000001 64
4530.0 478.07099999999997 20 5070.0 -540.0 111 -80 222.284 198.67999999999998 54
3540.0 410.30299999999994 17 3990.0 -450.0 92 -61 177.04099999999994 165.632 45
3455.0 489.5469999999999 16 4050.0 -595.0 95 -71 227.94299999999996 183.05999999999992 45
5330.0 501.69599999999986 19 5880.0 -550.0 113 -94 180.68799999999996 238.78799999999998 55
3885.0 522.0879999999999 21 4470.0 -585.0 94 -85 218.66300000000004 203.41999999999993 40
2940.0 468.4709999999999 15 3870.0 -1030.0 146 -66 188.918 175.429 103
1850.0 461.9229999999999 13 3570.0 -1765.0 126 -49 171.31399999999996 141.20999999999998 311
3000.0 396.956 16 3450.0 -590.0 122 -55 170.335 151.867 59
3450.0 518.546 19 4290.0 -900.0 140 -81 218.66699999999994 183.71699999999998 90
3870.0 467.982 15 4530.0 -660.0 111 -71 183.62599999999998 209.70299999999995 66
3560.0 601.845 18 4140.0 -580.0 113 -79 206.69 193.47899999999996 58
3960.0 463.18000000000006 13 4530.0 -570.0 95 -65 210.61799999999997 182.64599999999996 38
7660.0 351.8710000000001 14 8190.0 -530.0 108 -114 158.72299999999996 129.29599999999996 53
4620.0 630.1 21 5250.0 -630.0 121 -92 287.8309999999999 210.61099999999993 63
4005.0 464.55099999999993 21 4560.0 -695.0 104 -71 199.68999999999997 204.7909999999999 51
4640.0 593.0579999999999 20 5280.0 -640.0 103 -75 289.81299999999993 236.1719999999999 64
2940.0 544.167 18 4020.0 -1080.0 150 -69 252.097 180.58999999999997 108
3520.0 433.1759999999999 17 4080.0 -570.0 118 -70 188.836 172.44199999999998 57
4180.0 518.2709999999998 18 4920.0 -890.0 129 -81 220.81199999999995 189.47499999999997 70
4930.0 483.997 21 5370.0 -470.0 97 -80 206.652 212.59300000000005 47
4550.0 554.9469999999998 19 4980.0 -550.0 148 -100 202.22299999999993 198.13699999999997 47
3660.0 423.22700000000003 19 4110.0 -450.0 93 -66 171.082 166.90699999999998 45
3670.0 405.6489999999998 15 4110.0 -440.0 91 -74 156.64299999999997 176.259 44
4690.0 534.4810000000001 19 5100.0 -410.0 114 -88 215.51399999999995 203.672 33
3790.0 440.2399999999999 18 4230.0 -440.0 90 -72 181.98999999999998 188.93099999999998 44
3190.0 535.2649999999999 18 4170.0 -980.0 142 -64 191.631 183.44799999999998 98
4310.0 559.306 19 4860.0 -550.0 112 -84 239.18099999999995 211.72499999999997 55
5100.0 725.7049999999996 21 5700.0 -600.0 123 -104 299.91099999999994 276.024 60
4060.0 673.1909999999999 19 4740.0 -770.0 130 -99 225.65699999999995 191.559 87
3815.0 442.12199999999996 24 4590.0 -775.0 111 -58 211.8769999999999 190.364 59
4370.0 549.5059999999999 18 4890.0 -520.0 107 -93 225.255 207.289 52
4260.0 517.747 18 4800.0 -540.0 110 -79 232.20100000000002 208.29499999999996 54
4480.0 512.4189999999999 20 4920.0 -440.0 91 -77 233.48899999999992 217.451 44
3360.0 421.505 12 3810.0 -450.0 92 -73 169.39200000000005 156.3709999999999 45
4290.0 520.0810000000001 18 4740.0 -450.0 93 -73 245.259 195.50199999999998 45
3570.0 423.78799999999995 13 4020.0 -600.0 124 -68 151.46499999999997 181.81799999999998 60
3540.0 425.2519999999999 18 4080.0 -540.0 110 -71 175.61999999999998 170.22799999999995 54
3705.0 450.329 15 4260.0 -555.0 92 -76 180.85999999999993 184.858 37
4300.0 552.644 18 4860.0 -560.0 103 -86 234.53699999999998 202.70999999999998 56
3690.0 440.6949999999999 16 4140.0 -450.0 93 -73 160.433 179.98199999999997 45
4220.0 549.657 18 4890.0 -680.0 132 -77 250.26 230.91799999999995 68
3520.0 497.613 16 4110.0 -590.0 98 -84 191.61299999999994 188.97899999999998 40
5090.0 589.826 18 5640.0 -550.0 112 -87 221.95099999999994 266.61699999999996 55
4830.0 565.475 20 5580.0 -750.0 119 -84 222.08499999999998 249.719 74
4170.0 454.78499999999985 18 4620.0 -450.0 92 -74 200.2999999999999 188.584 45
3270.0 431.148 19 3840.0 -570.0 117 -74 181.52499999999998 156.44999999999993 57
3270.0 409.00700000000006 14 3840.0 -570.0 116 -67 150.63 182.77600000000007 57
4350.0 624.1160000000002 17 4950.0 -600.0 123 -84 322.6429999999999 220.74599999999992 60
4060.0 441.5059999999999 14 4500.0 -440.0 91 -76 171.49099999999999 191.53199999999995 44
5240.0 649.5219999999998 17 6000.0 -820.0 139 -107 243.2859999999999 266.3789999999999 58
3090.0 1651.7319999999986 18 4470.0 -1380.0 155 -71 173.94 200.879 138
4050.0 533.3610000000002 15 5010.0 -960.0 135 -85 207.9579999999999 201.054 96
4920.0 558.298 18 5670.0 -750.0 107 -81 246.45100000000002 225.65499999999994 56
3850.0 396.05899999999997 19 4290.0 -440.0 91 -70 174.32199999999995 171.195 44
5055.0 532.7189999999998 19 5610.0 -555.0 92 -77 245.0229999999999 240.68799999999996 37
2920.0 457.5389999999998 16 3480.0 -740.0 152 -73 182.13699999999997 144.236 74
5250.0 559.125 20 5820.0 -570.0 117 -92 244.321 232.72500000000008 57
4130.0 536.9879999999998 17 4620.0 -490.0 101 -85 207.83099999999996 207.533 49
3460.0 436.639 17 3900.0 -440.0 91 -74 185.30199999999996 171.26999999999998 44
3030.0 371.761 16 3480.0 -450.0 93 -65 145.76699999999994 137.722 45
4590.0 494.02600000000007 20 5130.0 -540.0 90 -75 230.44499999999994 217.45299999999997 36
2560.0 344.51 18 3000.0 -440.0 90 -50 172.72599999999997 124.937 44
4480.0 544.7369999999999 22 5130.0 -650.0 110 -87 210.84099999999998 213.09300000000005 72
3740.0 535.2989999999999 22 4380.0 -640.0 126 -89 213.12499999999997 174.46799999999996 59
2710.0 396.3709999999999 15 3420.0 -720.0 125 -62 150.94099999999995 141.068 53
2660.0 394.175 15 3240.0 -590.0 122 -51 196.49199999999993 144.192 59
3475.0 448.0639999999999 16 4110.0 -635.0 108 -75 182.666 177.95099999999996 45
3920.0 525.7639999999999 17 4290.0 -370.0 113 -75 231.83499999999998 189.13799999999998 29
2425.0 400.6899999999999 12 3000.0 -655.0 107 -54 174.487 138.68999999999997 69
2945.0 383.242 17 3570.0 -625.0 98 -72 152.91 135.614 44
3445.0 485.022 17 4050.0 -605.0 106 -71 213.76 192.84000000000003 65
3990.0 538.8970000000002 21 4440.0 -450.0 92 -70 261.402 208.21799999999993 45
4330.0 434.27299999999997 17 4770.0 -440.0 91 -72 204.378 175.753 44
3130.0 374.512 17 3570.0 -580.0 119 -50 183.60399999999998 162.81599999999997 58
4935.0 582.5310000000002 19 5670.0 -735.0 128 -92 246.3079999999999 234.11699999999996 55
1995.0 349.87099999999987 14 2610.0 -615.0 97 -51 156.75199999999998 110.04900000000002 43
5130.0 603.0400000000001 19 5670.0 -540.0 101 -89 259.994 267.48099999999994 54
3540.0 435.7109999999999 19 4110.0 -570.0 117 -78 146.37199999999999 168.636 57
4350.0 535.6789999999999 17 4890.0 -540.0 111 -103 203.78299999999996 181.766 54
5230.0 525.8760000000001 19 5670.0 -440.0 128 -115 154.42799999999997 226.539 36
3730.0 452.56300000000005 20 4230.0 -500.0 95 -66 198.72399999999993 195.41499999999996 50
3920.0 552.871 21 4410.0 -490.0 95 -76 248.41499999999994 198.409 49
2450.0 332.1849999999999 15 3000.0 -670.0 113 -50 128.316 123.77399999999999 67
4120.0 542.7260000000002 16 4620.0 -500.0 96 -76 229.26700000000005 193.17899999999997 50
4150.0 540.164 13 4740.0 -590.0 116 -99 155.25999999999996 208.964 59
2480.0 365.46099999999996 15 2940.0 -460.0 95 -67 127.361 124.34199999999998 46
4950.0 616.4530000000002 19 5580.0 -630.0 110 -90 237.14699999999993 236.54899999999998 63
3435.0 428.4710000000002 17 4050.0 -615.0 97 -60 185.04999999999998 185.21299999999994 43
5910.0 657.7869999999998 19 6450.0 -620.0 117 -103 296.1309999999999 241.548 62
5760.0 655.0080000000003 24 6330.0 -570.0 94 -91 312.05799999999994 261.97399999999993 38
4280.0 580.9 23 4860.0 -580.0 119 -92 250.53799999999995 187.091 58
2730.0 424.29600000000005 16 3180.0 -450.0 92 -70 182.87699999999995 137.64199999999997 45
3570.0 484.0489999999999 21 4020.0 -450.0 92 -71 209.079 193.39899999999997 45
4200.0 503.5769999999998 18 4740.0 -540.0 111 -86 192.23299999999998 216.294 54
2760.0 414.807 14 3270.0 -630.0 123 -64 160.594 158.83199999999997 69
4905.0 962.225 21 5820.0 -955.0 145 -112 281.3639999999999 243.83699999999993 107
5090.0 585.626 16 5610.0 -520.0 106 -89 275.4869999999999 250.33399999999992 52
3840.0 494.56 20 4290.0 -450.0 92 -63 238.641 196.54799999999997 45
5460.0 619.8520000000001 21 5880.0 -480.0 99 -75 311.4049999999999 272.0539999999999 48
3600.0 457.6649999999999 16 4050.0 -450.0 93 -65 208.08100000000002 172.28300000000004 45
4460.0 546.619 19 5010.0 -550.0 112 -91 196.468 223.118 55
4960.0 626.3409999999998 19 5580.0 -620.0 107 -93 251.637 232.18399999999997 62
2400.0 413.64899999999994 15 3420.0 -1020.0 105 -68 137.24799999999996 152.824 102
3620.0 567.1650000000002 20 4140.0 -520.0 99 -79 253.176 193.63499999999996 52
4540.0 459.26999999999987 21 4980.0 -440.0 91 -74 198.27599999999998 209.5 44
4420.0 481.0829999999999 23 4890.0 -470.0 96 -77 212.38999999999996 209.37199999999999 47
4090.0 1924.8189999999984 17 5250.0 -1260.0 176 -94 152.352 223.9999999999999 118
3340.0 477.814 18 3930.0 -830.0 127 -73 200.67000000000004 169.67399999999998 83
3660.0 445.709 20 4230.0 -570.0 94 -58 193.023 187.84599999999998 38
3930.0 503.3659999999999 20 4500.0 -570.0 118 -84 208.141 184.00699999999998 57
3190.0 460.3029999999999 14 3720.0 -530.0 98 -75 166.736 148.23999999999998 53
3540.0 456.87899999999985 20 4110.0 -580.0 120 -64 199.60299999999998 178.74 58
2850.0 407.866 15 3420.0 -570.0 114 -73 136.00400000000002 152.33599999999998 57
5330.0 635.6660000000003 23 5880.0 -550.0 112 -92 288.92799999999994 253.83399999999995 55
4280.0 492.8259999999999 18 4830.0 -550.0 111 -74 185.45999999999998 216.41899999999993 55
3630.0 530.159 18 4080.0 -450.0 92 -71 256.491 188.58799999999994 45
3915.0 431.9019999999998 15 4470.0 -555.0 92 -78 162.683 197.90099999999995 37
4360.0 574.287 19 5280.0 -940.0 147 -86 237.29799999999997 235.47399999999996 94
4480.0 608.5400000000001 20 5010.0 -530.0 109 -86 293.85099999999994 227.88599999999997 53
4830.0 569.845 21 5400.0 -570.0 117 -95 222.97899999999996 211.55799999999994 57
3240.0 465.66700000000003 18 3750.0 -510.0 103 -87 177.85600000000005 170.096 51
4790.0 546.166 14 5490.0 -770.0 119 -92 201.22199999999992 229.91299999999995 77
3090.0 439.14799999999985 18 3540.0 -450.0 92 -67 192.37799999999996 162.94199999999995 45
3870.0 437.20799999999986 17 4320.0 -450.0 93 -78 152.91799999999995 187.921 45
2625.0 331.60399999999987 15 3180.0 -555.0 92 -57 135.84499999999997 134.79399999999998 37
3910.0 546.071 16 4560.0 -650.0 110 -96 216.467 188.09299999999993 46
4010.0 554.7150000000003 19 4650.0 -640.0 111 -72 260.89 216.89599999999996 64
5550.0 658.146 16 6210.0 -810.0 165 -120 204.30599999999998 241.56499999999997 81
4650.0 577.318 15 5100.0 -450.0 93 -95 237.431 218.41999999999996 45
4670.0 546.1739999999999 18 5220.0 -630.0 113 -93 218.61599999999999 208.225 63
4050.0 455.84599999999995 18 4590.0 -540.0 102 -79 166.00399999999996 173.54199999999997 62
2940.0 476.5029999999999 16 3780.0 -840.0 103 -62 195.55100000000004 156.81599999999995 123
4300.0 599.0999999999998 19 4890.0 -710.0 141 -101 226.409 201.22600000000006 71
4700.0 576.0020000000001 18 5190.0 -490.0 100 -95 253.15099999999995 220.58199999999997 49
3660.0 551.751 20 4470.0 -810.0 165 -93 208.586 202.43499999999992 81
3820.0 455.6959999999999 18 4290.0 -470.0 97 -66 207.54799999999997 192.66999999999996 47
4500.0 591.9259999999999 18 5010.0 -510.0 105 -92 242.92299999999992 224.05499999999995 51
4350.0 640.321 16 5160.0 -950.0 127 -98 224.43900000000002 257.829 76
3120.0 396.474 16 3600.0 -480.0 99 -61 180.228 148.44 48
3555.0 412.8949999999999 19 4110.0 -675.0 114 -73 164.88799999999998 146.37999999999997 77
3915.0 454.09999999999997 17 4470.0 -555.0 92 -64 212.3429999999999 190.52599999999993 37
3770.0 1798.740999999999 19 5130.0 -1360.0 152 -83 255.38699999999997 216.313 136
3625.0 414.099 14 4230.0 -605.0 102 -68 183.82699999999997 168.52999999999997 42
3345.0 497.903 21 3960.0 -775.0 130 -76 235.95600000000002 173.39099999999996 65
3860.0 492.61499999999995 16 4350.0 -490.0 101 -78 196.9189999999999 179.431 49
4640.0 500.21399999999994 17 5070.0 -430.0 89 -74 207.60299999999998 218.37999999999997 43
3845.0 538.4609999999999 19 4500.0 -655.0 117 -91 180.91199999999998 195.868 72
4170.0 533.6679999999999 23 4710.0 -540.0 110 -73 250.76699999999994 206.11799999999997 54
5320.0 600.801 21 5850.0 -530.0 104 -88 275.5709999999999 247.30099999999993 53
3850.0 418.3249999999999 19 4290.0 -440.0 91 -64 209.06699999999998 171.071 44
3345.0 452.118 18 3900.0 -795.0 142 -72 196.70599999999996 169.37999999999997 61
4420.0 580.7310000000001 23 5040.0 -620.0 125 -84 244.601 223.44 62
2830.0 410.315 16 3270.0 -650.0 126 -77 169.04 127.806 58
3570.0 433.41799999999995 16 4020.0 -450.0 93 -64 179.858 169.33499999999995 45
4520.0 466.7390000000001 19 5100.0 -640.0 116 -86 179.58399999999997 203.58199999999997 64
3890.0 503.06700000000006 14 4350.0 -460.0 95 -69 240.09799999999987 179.67299999999994 46
5205.0 600.0689999999997 23 5760.0 -555.0 92 -93 276.352 240.9099999999999 37
4360.0 605.648 19 5070.0 -710.0 127 -92 240.10099999999994 224.50599999999991 71
3210.0 489.378 17 3870.0 -840.0 131 -93 165.62699999999995 168.93099999999998 84
3850.0 558.586 20 4560.0 -710.0 122 -82 253.58799999999994 194.17599999999993 71
4340.0 515.0029999999998 16 5160.0 -860.0 144 -100 156.83799999999997 180.58799999999997 86
1740.0 318.26400000000007 12 2610.0 -870.0 79 -52 106.34100000000001 111.58999999999999 87
3640.0 444.4549999999999 20 4350.0 -790.0 121 -68 187.24200000000002 185.07399999999996 79
5420.0 599.155 23 6000.0 -580.0 119 -95 253.38 249.57099999999994 58
5050.0 649.6010000000001 19 5580.0 -930.0 135 -89 220.907 263.43799999999993 93
3730.0 436.94999999999993 17 4290.0 -560.0 115 -76 165.18699999999998 182.14299999999997 56
2770.0 475.11699999999996 20 3570.0 -860.0 130 -71 188.88100000000003 150.38899999999998 86
2250.0 326.6 15 2670.0 -470.0 91 -49 136.80499999999998 103.42099999999998 47
4500.0 561.3900000000001 16 4950.0 -450.0 93 -83 239.65799999999996 229.6019999999999 45
3975.0 463.343 18 4530.0 -555.0 92 -77 191.13299999999998 196.343 37
4800.0 639.8179999999999 17 5970.0 -1190.0 148 -86 239.212 231.17099999999996 100
4215.0 506.73799999999994 18 4770.0 -555.0 92 -83 218.86099999999996 203.92999999999998 37
3530.0 419.9149999999999 17 4110.0 -700.0 119 -57 189.82099999999997 172.18199999999993 70
3550.0 498.34999999999985 15 4020.0 -470.0 96 -82 156.775 190.90199999999996 47
2490.0 424.6439999999998 15 3000.0 -510.0 104 -80 156.517 132.30899999999997 51
3820.0 557.7379999999999 18 4740.0 -940.0 149 -81 215.15099999999995 224.15699999999987 94
4060.0 419.9220000000001 21 4530.0 -470.0 92 -68 197.46799999999996 174.99099999999999 47
4350.0 527.5459999999999 21 4920.0 -570.0 94 -77 224.65099999999995 217.02199999999996 38
4170.0 511.325 21 4620.0 -450.0 93 -66 234.22799999999998 200.036 45
3070.0 530.778 18 4170.0 -1100.0 160 -83 201.647 199.93799999999996 110
3460.0 433.8890000000001 16 4050.0 -605.0 118 -68 180.01999999999998 176.88099999999997 55
4140.0 596.8569999999999 19 4800.0 -660.0 122 -89 252.42099999999996 202.742 66
3375.0 396.92400000000004 15 3870.0 -495.0 96 -62 162.922 170.19 55
3730.0 469.8929999999999 20 4230.0 -500.0 103 -69 182.42500000000007 184.93999999999997 50
3010.0 360.75899999999996 16 3450.0 -560.0 102 -62 135.854 149.19699999999997 56
3465.0 445.53700000000003 16 4140.0 -675.0 102 -74 192.25799999999998 163.86799999999997 49
3190.0 460.80300000000005 15 4020.0 -890.0 131 -72 151.46799999999993 179.501 89
4140.0 527.3009999999998 20 4710.0 -650.0 110 -92 202.17799999999997 181.36600000000004 46
3150.0 439.573 15 3600.0 -450.0 93 -73 164.45599999999996 154.48099999999994 45
3900.0 478.456 18 4350.0 -450.0 92 -71 200.375 201.65699999999995 45
4270.0 502.86 22 4920.0 -665.0 128 -87 198.238 211.94699999999997 59
3585.0 395.2199999999999 17 4200.0 -715.0 106 -60 152.43599999999998 182.88799999999998 53
3060.0 419.9309999999999 16 3570.0 -510.0 104 -65 190.44499999999994 151.562 51
5130.0 602.427 19 5580.0 -570.0 118 -89 249.29799999999997 252.31199999999995 57
4395.0 545.4730000000001 21 5190.0 -795.0 113 -78 212.67000000000002 215.36399999999998 61
4090.0 486.516 21 4590.0 -500.0 96 -72 211.72899999999996 204.78499999999994 50
3570.0 469.42900000000003 18 4170.0 -650.0 107 -62 256.66099999999994 162.242 65
4470.0 377.25300000000004 12 5100.0 -630.0 107 -80 135.82899999999995 165.68999999999994 63
2650.0 355.739 15 3090.0 -440.0 90 -55 161.63599999999994 133.726 44
3530.0 496.30899999999997 17 4170.0 -640.0 100 -89 172.09 180.24999999999997 45
5180.0 567.6939999999997 22 5700.0 -520.0 98 -80 251.75399999999996 252.09099999999995 52
4710.0 631.3559999999999 20 5280.0 -850.0 142 -96 275.411 233.60600000000002 85
4330.0 348.81300000000005 12 4770.0 -440.0 90 -73 135.72099999999998 165.24499999999995 44
5370.0 552.458 17 5910.0 -540.0 111 -101 213.59 237.53699999999998 54
4960.0 660.9859999999996 24 5670.0 -710.0 106 -90 286.186 222.661 68
3295.0 440.37499999999994 19 4020.0 -725.0 113 -76 195.85099999999997 156.08699999999996 54
3510.0 438.48199999999986 16 4080.0 -570.0 95 -63 168.86499999999998 189.505 38
4250.0 488.0829999999999 19 4770.0 -520.0 106 -87 217.68199999999996 194.88100000000003 52
3230.0 470.78400000000005 18 3750.0 -640.0 132 -78 200.56600000000003 162.044 64
3555.0 518.9540000000002 17 4140.0 -585.0 98 -73 222.71299999999994 196.52499999999995 40
4515.0 421.7260000000001 16 5070.0 -555.0 92 -80 154.94899999999998 200.09599999999998 37
4690.0 514.5659999999999 23 5130.0 -440.0 91 -86 218.97999999999996 220.08899999999997 44
4550.0 541.611 17 5100.0 -550.0 112 -77 252.50999999999996 220.13799999999995 55
5010.0 545.6859999999998 17 5550.0 -540.0 90 -75 265.275 236.523 36
5260.0 638.065 23 5910.0 -650.0 116 -88 273.63899999999984 272.936 65
4460.0 600.057 18 5160.0 -700.0 113 -79 261.15099999999995 241.64299999999992 51
3730.0 505.03299999999996 21 4230.0 -500.0 96 -85 174.39400000000006 199.79999999999998 50
2400.0 402.65999999999985 14 2970.0 -580.0 120 -57 170.49800000000002 135.605 58
2680.0 414.4349999999999 15 3270.0 -620.0 107 -58 166.93799999999993 145.38999999999996 62
2740.0 443.4240000000001 18 3750.0 -1010.0 103 -83 150.42299999999997 146.927 101
2520.0 334.287 15 3030.0 -510.0 105 -54 132.65699999999998 133.83599999999996 51
3660.0 519.343 17 4230.0 -570.0 94 -70 233.513 188.97999999999996 38
5170.0 525.689 25 5700.0 -530.0 108 -83 247.71399999999997 229.63400000000001 53
3070.0 409.924 14 3750.0 -740.0 122 -62 160.037 162.37500000000003 74
3880.0 425.16599999999994 18 4500.0 -620.0 99 -64 175.44499999999996 164.835 43
4560.0 490.31399999999996 20 4920.0 -360.0 97 -79 206.3129999999999 197.42899999999995 28
3580.0 502.25999999999993 17 4110.0 -530.0 109 -76 194.083 188.553 53
2650.0 345.79900000000004 11 3180.0 -530.0 109 -58 127.664 133.60699999999997 53
2535.0 1327.428 16 3780.0 -1245.0 138 -85 190.87900000000002 165.509 106
3510.0 458.97099999999983 17 4020.0 -510.0 104 -75 195.12999999999994 177.49099999999999 51
4215.0 537.4819999999999 22 4830.0 -615.0 104 -85 229.41299999999993 201.60499999999996 43
3140.0 407.0899999999999 16 3570.0 -570.0 101 -70 149.26899999999995 144.994 57
4770.0 670.41 20 5400.0 -810.0 143 -96 271.94999999999993 239.08099999999993 81
3150.0 362.37199999999996 14 3600.0 -450.0 93 -54 141.61799999999997 152.793 45
2785.0 478.5339999999999 16 3690.0 -955.0 153 -64 156.00599999999997 158.19100000000003 147
2670.0 411.49600000000004 17 3240.0 -570.0 104 -65 147.18400000000003 145.767 57
5380.0 526.262 21 5910.0 -530.0 109 -91 230.23599999999996 222.488 53
4820.0 606.7239999999999 16 5370.0 -850.0 174 -102 208.75900000000001 251.57999999999998 85
2740.0 408.8569999999999 15 3330.0 -600.0 124 -60 159.501 142.023 60
4025.0 548.8860000000001 17 4710.0 -685.0 115 -89 221.63499999999993 212.79999999999998 50
3770.0 487.3319999999999 19 4260.0 -490.0 101 -78 212.62799999999996 183.79899999999995 49
2680.0 411.3249999999999 20 3120.0 -440.0 90 -59 212.62099999999998 139.40899999999996 44
4310.0 558.4179999999998 21 4650.0 -340.0 107 -97 224.14299999999992 200.25699999999998 26
3660.0 468.24999999999983 16 4110.0 -450.0 93 -67 181.91799999999995 197.34999999999994 45
4210.0 520.8399999999999 18 4740.0 -680.0 120 -70 222.81599999999992 227.35399999999998 68
3460.0 428.14499999999987 17 3900.0 -440.0 91 -67 195.71099999999998 166.14600000000002 44
5355.0 608.124 15 6000.0 -645.0 100 -93 254.65099999999995 263.02099999999984 46
3390.0 425.018 13 3840.0 -450.0 92 -63 194.00399999999993 162.387 45
4490.0 548.239 16 5010.0 -520.0 107 -90 212.972 209.874 52
3000.0 1091.3599999999988 17 4260.0 -1260.0 146 -86 164.014 207.78299999999996 126
4470.0 493.51199999999983 16 4890.0 -420.0 86 -72 208.233 229.71800000000002 42
3340.0 400.81999999999994 20 3780.0 -440.0 91 -64 156.005 177.72199999999998 44
4390.0 485.02299999999985 18 4920.0 -530.0 109 -83 199.7609999999999 209.97799999999998 53
5000.0 618.2119999999999 18 5670.0 -670.0 123 -92 268.07800000000003 252.91200000000003 67
4000.0 486.0459999999998 17 4590.0 -590.0 110 -87 161.704 197.72199999999995 59
4490.0 513.4780000000001 18 5160.0 -680.0 139 -91 193.451 210.334 68
4960.0 483.14300000000014 20 5550.0 -630.0 125 -86 211.369 197.32299999999998 63
2595.0 379.48600000000005 13 3150.0 -555.0 92 -57 163.12299999999996 139.236 37
3440.0 579.5600000000001 18 4080.0 -640.0 122 -87 222.03599999999997 189.78099999999998 64
5170.0 690.4880000000004 26 5790.0 -660.0 135 -97 345.005 252.7909999999999 66
3945.0 427.6599999999999 19 4500.0 -555.0 92 -74 157.15699999999998 198.59199999999998 37
3365.0 460.42399999999986 18 4140.0 -815.0 135 -72 184.252 187.85799999999992 76
3980.0 466.767 17 4440.0 -460.0 93 -73 173.356 189.711 46
3400.0 506.46799999999996 15 3930.0 -530.0 107 -80 203.97699999999998 173.109 53
3690.0 539.832 19 4200.0 -510.0 105 -76 258.2149999999999 167.35199999999995 51
4750.0 483.96699999999987 20 5190.0 -440.0 91 -85 173.232 232.25900000000001 44
5280.0 589.539 21 6060.0 -780.0 121 -93 243.7229999999999 264.4769999999999 78
4550.0 536.3319999999998 16 5010.0 -460.0 93 -80 210.33499999999995 227.41799999999995 46
1830.0 268.85000000000014 14 2430.0 -620.0 106 -36 121.84599999999998 100.83399999999997 62
3420.0 435.46399999999994 16 3870.0 -530.0 109 -63 173.33799999999997 176.545 53
4220.0 581.658 20 4770.0 -550.0 113 -85 267.81399999999996 207.31999999999996 55
4470.0 558.9089999999999 17 5100.0 -630.0 128 -101 193.45199999999997 208.723 63
4920.0 377.944 15 5370.0 -450.0 92 -84 164.40300000000002 137.74099999999999 45
2670.0 414.505 14 3270.0 -600.0 100 -67 121.10599999999995 142.11999999999998 41
2990.0 458.37999999999994 16 3510.0 -520.0 100 -70 191.12299999999993 150.522 52
4780.0 465.777 19 5220.0 -440.0 91 -79 200.012 209.61700000000002 44
3750.0 541.743 17 4260.0 -510.0 105 -80 234.44799999999998 184.85899999999998 51
4245.0 585.9750000000003 17 5040.0 -795.0 140 -79 230.5780000000001 193.89099999999996 61
3690.0 421.1159999999999 17 4410.0 -720.0 115 -67 166.56799999999993 187.823 54
3330.0 441.97299999999996 16 3840.0 -610.0 125 -79 145.89 161.09999999999997 61
4330.0 498.3729999999998 17 4770.0 -440.0 91 -76 205.06099999999992 216.44199999999995 44
3400.0 634.5419999999998 15 4470.0 -1170.0 168 -81 139.78699999999998 201.21299999999994 117
4020.0 550.3399999999998 22 4620.0 -600.0 102 -85 240.27499999999995 202.38900000000004 42
3935.0 1028.8119999999997 13 5730.0 -1795.0 140 -79 230.10699999999997 204.79 292
4460.0 542.725 18 5040.0 -630.0 110 -69 264.096 207.49599999999995 63
3770.0 470.20699999999994 15 4470.0 -700.0 106 -66 199.603 174.24899999999997 70
5170.0 598.2240000000002 19 5940.0 -870.0 177 -98 254.69199999999995 254.8179999999999 87
3330.0 493.6039999999999 19 3900.0 -570.0 116 -71 227.449 171.00999999999996 57
4290.0 545.547 19 5010.0 -720.0 121 -97 183.08399999999997 212.033 72
3960.0 568.4089999999999 20 4500.0 -540.0 107 -70 249.09299999999993 199.595 54
4990.0 598.9739999999998 24 5370.0 -380.0 111 -92 212.80599999999995 225.41499999999994 30
3590.0 403.979 14 4080.0 -670.0 132 -64 138.55599999999995 175.392 67
4100.0 542.9929999999999 20 4560.0 -460.0 95 -68 260.178 208.45399999999998 46
3675.0 437.0889999999999 18 4230.0 -555.0 92 -66 201.95799999999997 175.23599999999996 37
3000.0 424.481 17 3570.0 -570.0 94 -60 180.52800000000002 161.45 38
3090.0 442.034 18 3780.0 -690.0 114 -85 164.438 135.208 46
3640.0 411.96 21 4080.0 -440.0 91 -65 165.86800000000002 184.72200000000004 44
4840.0 507.3659999999998 22 5280.0 -440.0 90 -84 207.38799999999998 233.96599999999998 44
4250.0 465.7329999999999 20 4710.0 -460.0 95 -71 189.75799999999998 191.42199999999997 46
3160.0 416.074 17 3630.0 -470.0 96 -75 165.26199999999997 145.106 47
4260.0 589.2650000000001 22 4710.0 -450.0 93 -84 235.643 229.95399999999998 45
3030.0 405.6819999999999 15 3780.0 -840.0 127 -60 183.07699999999994 139.674 84
3450.0 451.73799999999983 17 3960.0 -510.0 105 -63 185.34499999999997 182.18999999999997 51
3970.0 485.16599999999994 20 4470.0 -500.0 96 -59 230.659 208.29899999999992 56
5660.0 657.4859999999999 21 6180.0 -520.0 106 -101 271.829 267.518 52
3850.0 408.358 12 4380.0 -530.0 109 -85 125.26100000000002 165.66899999999995 53
4380.0 554.9879999999998 19 4890.0 -510.0 95 -82 249.989 212.01899999999992 51
3000.0 412.37599999999986 17 3600.0 -700.0 143 -54 187.147 164.42999999999998 70
4970.0 610.0270000000004 22 5610.0 -640.0 128 -83 292.617 250.903 64
3370.0 437.971 21 3840.0 -470.0 96 -62 216.25699999999998 171.736 47
4170.0 526.6419999999999 15 4710.0 -540.0 110 -90 219.05299999999994 213.722 54
3220.0 494.92399999999986 17 3960.0 -770.0 131 -72 209.33600000000007 176.69200000000004 77
1860.0 338.25599999999986 13 2310.0 -450.0 93 -56 121.113 103.66999999999999 45
4725.0 478.7749999999999 16 5400.0 -675.0 116 -89 149.46399999999997 229.547 49
3640.0 480.4059999999997 20 4170.0 -570.0 116 -70 229.60799999999995 184.99400000000003 57
3750.0 497.0199999999999 15 4290.0 -680.0 140 -80 185.81499999999988 175.674 68
4330.0 419.40999999999997 22 4770.0 -440.0 90 -62 197.42999999999998 199.35500000000002 44
2820.0 407.70699999999994 18 3330.0 -510.0 104 -65 169.265 152.945 51
6420.0 443.4869999999999 11 7020.0 -600.0 124 -112 141.80199999999996 141.71399999999997 60
2970.0 339.37899999999996 16 3420.0 -630.0 109 -63 109.50899999999996 132.565 63
4870.0 567.328 13 5640.0 -770.0 123 -101 193.66099999999997 215.82199999999995 53
4830.0 533.2889999999999 19 5400.0 -570.0 113 -84 234.557 194.71699999999996 53
4350.0 483.98199999999997 18 4800.0 -450.0 92 -79 200.30399999999995 204.83700000000002 45
3630.0 466.24199999999985 17 4080.0 -450.0 92 -70 184.36999999999995 196.45499999999996 45
3245.0 473.02499999999986 17 3900.0 -655.0 112 -88 168.93400000000003 171.54799999999997 47
1600.0 340.751 12 2040.0 -440.0 91 -58 156.476 81.84599999999999 44
4515.0 547.5469999999997 18 5070.0 -555.0 92 -73 270.6559999999999 223.94899999999993 37
4950.0 559.999 19 5520.0 -570.0 116 -94 244.04699999999997 214.32699999999997 57
4210.0 575.192 18 4770.0 -560.0 113 -90 241.63499999999996 193.00899999999996 56
3780.0 639.3709999999995 22 4470.0 -720.0 168 -97 222.783 193.12199999999999 66
3220.0 347.416 15 3720.0 -500.0 96 -58 140.51899999999998 140.50900000000001 50
4350.0 522.0210000000001 14 4920.0 -570.0 94 -87 194.61999999999998 213.64999999999998 38
4045.0 542.47 16 4800.0 -755.0 133 -96 205.83999999999997 208.1449999999999 57
4000.0 554.6170000000002 19 4560.0 -560.0 114 -82 233.64299999999994 207.78799999999995 56
2610.0 335.094 14 3060.0 -450.0 92 -53 144.08599999999998 125.00299999999999 45
4380.0 527.3049999999997 20 4920.0 -540.0 107 -90 208.9819999999999 198.631 54
3090.0 455.4999999999999 15 3540.0 -450.0 93 -69 196.83399999999997 159.58999999999997 45
3990.0 441.48 15 4500.0 -510.0 98 -79 150.47 183.79899999999995 51
4620.0 658.2749999999996 22 5250.0 -630.0 129 -80 254.66099999999997 216.9219999999999 63
4530.0 644.3069999999999 20 5070.0 -540.0 111 -93 284.11499999999995 215.52499999999998 54
3560.0 503.5909999999999 17 4080.0 -560.0 114 -78 206.34199999999998 192.12799999999996 56
2910.0 382.16499999999996 16 3360.0 -450.0 93 -52 174.523 133.661 45
5240.0 527.713 19 5790.0 -550.0 113 -97 182.45999999999998 222.96999999999997 55
4420.0 453.93899999999985 15 4860.0 -440.0 91 -80 201.51999999999998 181.726 44
3630.0 460.39300000000003 18 4080.0 -630.0 122 -67 208.98299999999998 179.22199999999998 57
3300.0 401.9339999999999 21 3870.0 -630.0 107 -48 187.73599999999996 183.37199999999999 63
3430.0 394.46900000000005 19 3870.0 -440.0 91 -67 170.04199999999997 159.68099999999998 44
2730.0 1140.9099999999996 15 3900.0 -1260.0 146 -58 187.05599999999998 178.67799999999994 126
4670.0 567.8709999999999 17 5130.0 -460.0 95 -79 248.71999999999997 239.0289999999999 46
3800.0 429.28799999999995 21 4260.0 -460.0 92 -64 175.76500000000001 171.41799999999995 46
5270.0 536.3260000000001 19 5670.0 -400.0 120 -92 207.55699999999996 204.43099999999998 32
3870.0 483.45399999999995 21 4350.0 -480.0 99 -71 216.5469999999999 194.605 48
3810.0 571.3629999999998 19 4260.0 -450.0 93 -68 303.10900000000004 183.37499999999994 45
3830.0 486.89299999999986 17 4380.0 -550.0 112 -85 186.56099999999998 187.892 55
3020.0 512.0029999999998 15 3720.0 -700.0 121 -77 219.68599999999995 166.731 70
4690.0 504.99799999999993 22 5130.0 -440.0 90 -85 233.903 203.82 44
3480.0 466.542 19 3930.0 -450.0 93 -64 208.86100000000002 173.79299999999998 45
4050.0 488.6179999999999 18 4500.0 -450.0 93 -72 191.207 208.99299999999994 45
3750.0 468.7059999999999 18 4200.0 -480.0 99 -69 214.32199999999992 188.92199999999994 48
4120.0 497.0009999999999 21 4800.0 -770.0 157 -77 209.62499999999994 196.63999999999993 77
4260.0 627.877 27 4950.0 -700.0 126 -73 314.585 222.0589999999999 75
4370.0 501.2339999999997 18 4890.0 -520.0 107 -86 199.3499999999999 206.613 52
6210.0 636.1959999999999 22 6780.0 -570.0 95 -97 270.07399999999996 276.93 38
4420.0 439.642 17 4860.0 -440.0 91 -77 148.58400000000003 217.91099999999994 44
4050.0 488.2039999999999 19 4650.0 -620.0 128 -73 205.93800000000002 195.759 62
4840.0 565.9219999999998 16 5370.0 -530.0 108 -104 196.34199999999996 222.59099999999998 53
4430.0 560.0389999999999 24 4770.0 -340.0 96 -89 223.71099999999998 200.40700000000007 26
4680.0 521.6530000000001 16 5130.0 -450.0 93 -85 211.24300000000002 209.31799999999998 45
3780.0 513.2109999999999 18 4320.0 -540.0 110 -76 210.711 181.83100000000007 54
3900.0 454.10799999999983 18 4350.0 -450.0 92 -86 163.125 176.87700000000004 45
2910.0 506.2850000000001 21 3600.0 -690.0 123 -69 223.27599999999995 175.49800000000002 69
3170.0 486.6270000000001 18 3780.0 -610.0 117 -81 192.87400000000002 173.78200000000004 61
5420.0 442.89400000000006 18 6060.0 -640.0 110 -93 153.859 213.20499999999998 46
4680.0 638.1920000000001 16 5340.0 -720.0 117 -84 188.9869999999999 231.641 77
3240.0 510.9439999999999 15 3690.0 -450.0 93 -68 236.92899999999995 172.18099999999998 45
3135.0 348.88500000000005 15 3690.0 -555.0 92 -60 145.884 153.666 37
2625.0 354.16600000000005 15 3180.0 -555.0 92 -64 139.09999999999997 136.079 37
5510.0 695.3449999999999 27 5880.0 -370.0 114 -95 340.56800000000004 254.28699999999995 29
3295.0 465.8519999999999 15 4170.0 -875.0 121 -67 180.30199999999996 159.25899999999996 69
3670.0 491.93799999999993 18 4290.0 -620.0 105 -74 196.33599999999998 191.84499999999994 62
5800.0 561.926 17 6540.0 -760.0 155 -120 154.604 227.89999999999992 76
4195.0 491.6339999999999 27 4770.0 -575.0 96 -86 215.09 195.304 39
3180.0 476.223 16 3780.0 -600.0 117 -75 181.83399999999997 169.55499999999995 55
4125.0 573.634 18 4800.0 -755.0 132 -92 211.39 225.88699999999997 57
4590.0 564.1999999999999 18 5160.0 -570.0 94 -81 241.66199999999995 233.86899999999991 38
4420.0 614.1610000000001 18 5100.0 -800.0 144 -108 164.749 193.25399999999996 80
3850.0 556.088 17 4770.0 -935.0 154 -102 170.612 215.05799999999996 69
3210.0 398.358 14 3780.0 -570.0 100 -67 162.308 165.226 70
4050.0 478.20499999999987 20 4530.0 -480.0 92 -75 212.77299999999997 201.94599999999994 48
4350.0 547.8230000000001 15 4980.0 -630.0 122 -91 210.35099999999997 196.12399999999997 63
3810.0 429.42199999999997 19 4290.0 -600.0 123 -82 152.117 178.02099999999996 60
2970.0 405.6789999999999 19 3480.0 -510.0 105 -61 179.50599999999997 151.13799999999995 51
3930.0 431.07199999999983 17 4380.0 -450.0 93 -67 178.11899999999997 186.10599999999997 45
3610.0 503.7679999999999 18 4200.0 -590.0 117 -81 231.33399999999997 173.73499999999996 59
4520.0 494.71699999999987 16 5130.0 -680.0 113 -85 179.48199999999997 203.86299999999997 68
4695.0 594.932 19 5340.0 -645.0 110 -88 243.32599999999996 244.4319999999999 46
4530.0 562.9669999999999 20 5100.0 -570.0 112 -88 228.20999999999998 212.176 57
4095.0 503.53899999999976 20 4770.0 -695.0 121 -79 234.112 202.62999999999997 51
3465.0 433.3769999999999 15 3930.0 -465.0 90 -65 181.17799999999994 170.71499999999997 51
3960.0 535.189 20 4530.0 -570.0 94 -84 224.83699999999993 190.39299999999994 38
3990.0 467.94199999999995 20 4440.0 -450.0 93 -67 207.61099999999993 180.32799999999997 45
5230.0 640.258 21 5700.0 -470.0 97 -90 254.99599999999995 245.6229999999999 47
4900.0 478.997 19 5490.0 -630.0 129 -90 182.695 208.213 63
4305.0 744.4509999999998 16 5520.0 -1475.0 140 -82 233.29799999999997 205.64199999999997 239
5065.0 682.723 16 5880.0 -825.0 163 -105 226.38699999999994 237.96499999999992 87
4230.0 520.7639999999999 19 4800.0 -570.0 113 -85 202.43 217.736 57
3840.0 500.81000000000006 19 4290.0 -450.0 93 -69 221.483 208.75199999999998 45
4060.0 521.952 16 4680.0 -620.0 120 -85 190.03 203.05399999999997 67
3290.0 434.894 17 3750.0 -460.0 95 -70 183.92699999999996 138.72299999999998 46
4000.0 422.29299999999995 18 4440.0 -440.0 91 -68 173.51399999999992 198.36999999999995 44
2740.0 543.6489999999997 12 4500.0 -1850.0 146 -64 156.386 169.45599999999996 286
4540.0 588.1970000000001 20 5220.0 -710.0 138 -91 246.77899999999994 232.176 64
4370.0 669.606 18 5040.0 -670.0 114 -110 285.79999999999995 223.778 48
3000.0 370.3269999999999 16 3450.0 -450.0 93 -56 151.283 143.15799999999996 45
2830.0 384.66300000000007 14 3270.0 -440.0 91 -59 159.69899999999998 158.71599999999995 44
3110.0 449.29900000000004 17 3720.0 -610.0 103 -70 179.66799999999995 154.757 42
4460.0 551.2160000000001 21 5010.0 -850.0 140 -81 230.12999999999994 216.07399999999996 85
3440.0 507.139 13 3960.0 -520.0 101 -85 213.21800000000002 146.69199999999998 52
3900.0 422.7029999999999 16 4380.0 -480.0 99 -78 159.968 173.632 48
3530.0 460.1410000000001 17 4410.0 -900.0 142 -69 156.029 172.82899999999995 90
3700.0 534.2009999999997 16 4260.0 -560.0 115 -78 206.92299999999994 203.94400000000002 56
3810.0 483.99499999999995 18 4410.0 -600.0 112 -85 177.52099999999996 190.64100000000002 60
3800.0 770.82 15 4560.0 -960.0 132 -77 193.59099999999998 190.981 96
4260.0 524.4409999999998 22 5040.0 -840.0 135 -73 215.03699999999995 224.77199999999996 84
4650.0 594.416 18 5070.0 -420.0 117 -95 260.91799999999995 208.073 28
3850.0 494.32599999999996 15 4260.0 -410.0 103 -87 186.30800000000005 173.39999999999998 33
3810.0 478.274 12 4380.0 -570.0 94 -85 149.62199999999996 199.82799999999997 38
4810.0 543.8479999999998 19 5280.0 -650.0 134 -82 205.711 247.36700000000002 65
4140.0 474.0709999999998 16 4710.0 -570.0 117 -92 166.353 177.60100000000006 57
3240.0 476.08900000000017 10 3930.0 -720.0 147 -74 158.48399999999995 166.228 72
4440.0 479.47699999999986 17 5160.0 -720.0 108 -79 177.70600000000002 199.33399999999995 53
3490.0 398.607 20 3990.0 -500.0 97 -69 156.08100000000002 148.91600000000003 50
3740.0 483.7650000000002 14 4320.0 -580.0 119 -85 160.303 178.88799999999995 58
4110.0 464.5470000000001 18 4560.0 -450.0 92 -66 208.79399999999993 199.902 45
4770.0 534.9929999999998 18 5280.0 -510.0 105 -84 216.503 240.60799999999995 51
2960.0 324.9239999999999 13 3420.0 -460.0 95 -59 128.78199999999998 124.14799999999998 46
2650.0 1161.2499999999995 15 3660.0 -1010.0 151 -82 156.786 156.08499999999998 93
5210.0 692.8470000000001 19 5790.0 -580.0 119 -111 272.96199999999993 258.16999999999996 58
4130.0 523.9049999999999 24 4590.0 -460.0 95 -82 264.623 187.80100000000002 46
4520.0 525.612 21 5250.0 -750.0 125 -78 235.30399999999992 230.75100000000006 57
4070.0 504.7889999999998 20 4650.0 -580.0 103 -82 194.81799999999996 200.15399999999994 58
2110.0 287.554 15 2550.0 -440.0 91 -47 124.314 111.86699999999999 44
2475.0 359.99699999999996 14 3030.0 -555.0 92 -57 167.322 131.74899999999997 37
3480.0 407.98599999999993 14 4050.0 -620.0 108 -64 166.41699999999994 171.53600000000003 62
3310.0 524.109 15 3810.0 -500.0 102 -78 224.67999999999998 198.98 50
4310.0 552.0600000000002 19 5100.0 -800.0 143 -79 244.71099999999998 232.25799999999998 62
4510.0 465.2470000000001 21 4920.0 -410.0 83 -67 208.55299999999997 217.876 41
4010.0 541.0260000000001 19 4530.0 -610.0 124 -89 209.73799999999997 196.47999999999996 61
5455.0 630.5930000000001 23 6030.0 -575.0 115 -90 302.56199999999995 255.992 59
4640.0 598.0609999999999 18 5220.0 -580.0 118 -96 255.94599999999997 215.896 58
4130.0 510.10300000000007 17 4680.0 -570.0 115 -77 204.342 206.59899999999996 57
4440.0 495.3640000000001 22 5130.0 -730.0 119 -73 221.77200000000005 195.928 54
3290.0 453.2839999999998 13 3810.0 -520.0 107 -72 147.27599999999998 174.04299999999995 52
4220.0 564.136 18 4740.0 -560.0 108 -97 207.48499999999999 216.10299999999998 56
4210.0 500.30600000000004 20 4650.0 -560.0 116 -71 243.0589999999999 204.72200000000004 56
4365.0 503.9179999999999 17 4920.0 -555.0 92 -77 211.51299999999995 226.561 37
3270.0 487.92600000000004 19 3900.0 -630.0 118 -69 218.855 171.04199999999997 63
2830.0 375.87099999999987 16 3300.0 -470.0 97 -65 144.33900000000003 142.928 47
5310.0 631.87 19 5970.0 -660.0 106 -90 256.91499999999996 262.2269999999999 66
3260.0 552.3599999999999 20 3870.0 -610.0 98 -83 221.90899999999996 186.35799999999998 42
2920.0 430.5189999999999 14 3720.0 -800.0 123 -74 172.08099999999993 160.417 80
2800.0 516.9679999999998 20 3270.0 -470.0 96 -75 209.57999999999993 152.55499999999998 47
3930.0 532.0399999999998 17 4530.0 -600.0 118 -89 200.96199999999996 203.377 60
4470.0 471.6169999999999 19 5010.0 -540.0 90 -72 205.85199999999998 225.05499999999995 36
4030.0 466.0719999999997 20 4560.0 -570.0 117 -79 204.64700000000002 188.77599999999998 57
3630.0 458.4199999999999 16 4080.0 -450.0 93 -65 205.88799999999995 163.75 45
4380.0 543.345 19 4860.0 -480.0 99 -92 213.41099999999994 218.981 48
4095.0 548.1140000000001 17 4830.0 -735.0 117 -77 223.39100000000008 229.79099999999994 77
2770.0 474.14500000000004 15 3510.0 -750.0 123 -66 203.837 149.83699999999996 63
4250.0 510.03299999999973 16 4710.0 -460.0 95 -95 191.2759999999999 182.46399999999997 46
4580.0 552.7769999999997 19 5310.0 -750.0 154 -95 203.9759999999999 231.85399999999998 75
4580.0 455.73599999999993 15 5160.0 -580.0 117 -91 164.38399999999996 187.174 58
5460.0 705.26 21 6090.0 -650.0 133 -107 282.017 280.5179999999999 65
4530.0 572.67 22 5010.0 -480.0 99 -86 263.298 221.86100000000002 48
3780.0 496.89000000000004 22 4200.0 -420.0 85 -73 221.33499999999998 190.695 42
4390.0 590.9280000000003 14 5010.0 -710.0 134 -109 176.79199999999997 248.44999999999996 71
3580.0 501.40699999999975 21 4110.0 -530.0 108 -72 221.64199999999997 190.91499999999996 53
5120.0 659.9449999999997 21 5700.0 -670.0 125 -82 231.892 227.60799999999995 67
4400.0 552.9379999999998 18 5280.0 -900.0 145 -82 232.67999999999992 220.99599999999998 90
3110.0 1026.7230000000004 18 4080.0 -970.0 123 -64 190.475 159.572 97
4350.0 535.8329999999999 19 4890.0 -540.0 102 -87 210.10799999999995 215.261 54
5160.0 553.78 24 5580.0 -420.0 87 -81 273.849 228.84099999999998 42
4640.0 565.8829999999998 19 5220.0 -640.0 115 -79 244.25499999999997 231.824 64
3860.0 524.7479999999998 16 4440.0 -580.0 118 -82 235.11599999999993 178.93999999999994 58
4120.0 461.9259999999999 16 4530.0 -410.0 84 -69 208.891 196.313 41
4320.0 445.675 18 4770.0 -450.0 93 -72 172.945 194.60499999999996 45
3460.0 549.3599999999998 18 4080.0 -620.0 115 -83 189.19 166.99999999999994 62
4410.0 540.5229999999999 21 4980.0 -570.0 94 -74 247.385 217.77000000000007 38
2790.0 370.688 13 3240.0 -450.0 93 -60 132.575 142.35099999999994 45
4200.0 540.928 22 4650.0 -450.0 93 -86 237.32699999999997 203.84999999999997 45
3970.0 466.68399999999997 19 4680.0 -770.0 158 -89 171.55499999999995 193.61 77
4290.0 477.76300000000003 17 4800.0 -510.0 104 -77 191.593 185.20000000000002 51
4665.0 521.0110000000002 14 5280.0 -615.0 119 -90 204.49000000000007 199.38299999999992 67
2500.0 1583.1189999999986 11 3630.0 -1230.0 145 -56 170.551 158.40300000000005 123
3630.0 487.6829999999999 17 4320.0 -690.0 128 -82 185.88499999999996 178.49399999999994 70
3870.0 446.681 18 4320.0 -450.0 92 -72 185.84199999999998 187.97899999999996 45
3880.0 438.13399999999984 18 4320.0 -500.0 103 -71 191.74699999999996 185.938 50
4020.0 546.201 21 4470.0 -450.0 93 -84 220.52099999999993 185.30799999999996 45
3825.0 442.757 22 4380.0 -555.0 92 -72 202.25799999999998 174.073 37
4320.0 540.487 16 4920.0 -600.0 100 -72 214.42299999999994 230.66999999999996 41
4480.0 525.4630000000001 21 4920.0 -440.0 90 -81 241.84599999999995 215.0 44
3395.0 538.5359999999998 17 4710.0 -1395.0 168 -86 190.065 200.82300000000004 121
4910.0 749.288 21 5670.0 -760.0 112 -88 238.28099999999995 225.403 76
4090.0 438.011 15 4530.0 -440.0 91 -69 193.55999999999997 191.16299999999995 44
5280.0 593.371 18 5850.0 -570.0 110 -97 231.58399999999995 254.77199999999993 57
3210.0 473.62899999999996 14 3750.0 -540.0 111 -84 167.53699999999998 163.08399999999997 54
4030.0 486.50699999999995 22 4740.0 -740.0 151 -79 189.10799999999995 202.28700000000006 74
4280.0 427.4029999999999 16 4800.0 -520.0 106 -73 185.68000000000004 176.286 52
4790.0 519.2230000000001 18 5250.0 -460.0 91 -70 265.636 206.88199999999998 46
2920.0 381.053 16 3480.0 -570.0 118 -62 166.55499999999998 146.37900000000002 57
3150.0 483.828 18 3600.0 -450.0 93 -71 205.38000000000002 165.882 45
3600.0 482.1539999999998 21 3960.0 -360.0 111 -70 196.84300000000002 179.35599999999994 28
4050.0 489.4609999999999 22 4680.0 -630.0 106 -85 190.30599999999995 179.45199999999997 44
4840.0 584.889 22 5280.0 -500.0 103 -76 297.4789999999999 241.47799999999992 50
5490.0 519.0649999999999 21 6000.0 -510.0 103 -84 225.93599999999992 236.00300000000001 51
3820.0 409.9529999999998 17 4890.0 -1070.0 109 -70 130.635 192.62499999999991 170
4630.0 481.1229999999999 15 5190.0 -740.0 131 -84 197.57099999999997 186.58700000000002 74
3390.0 426.272 16 3840.0 -450.0 93 -66 161.76799999999994 171.672 45
4960.0 640.3279999999999 19 5490.0 -530.0 107 -105 273.41800000000006 221.62899999999996 53
3570.0 416.57899999999995 17 4020.0 -450.0 93 -72 160.76399999999995 164.45499999999998 45
3270.0 431.59599999999995 14 3720.0 -450.0 93 -72 162.06599999999997 158.576 45
5125.0 439.9080000000001 13 5760.0 -635.0 108 -96 174.37 162.01999999999998 45
3260.0 464.383 15 3720.0 -460.0 95 -65 210.74199999999996 163.813 46
3940.0 513.3939999999999 17 4560.0 -620.0 119 -97 174.68099999999998 201.12299999999993 62
2945.0 467.529 17 3540.0 -595.0 100 -81 191.82199999999997 145.82999999999998 41
2500.0 353.34599999999995 16 2910.0 -410.0 84 -61 156.09299999999996 121.68400000000001 41
4380.0 504.3679999999999 19 4830.0 -450.0 93 -75 209.80999999999997 205.89399999999995 45
3605.0 541.9930000000002 19 4080.0 -475.0 93 -85 218.39199999999994 184.17499999999998 51
3740.0 508.18699999999984 18 4320.0 -580.0 115 -80 196.84199999999998 199.99699999999999 58
4560.0 547.3459999999999 21 5130.0 -590.0 121 -83 244.41299999999998 228.62499999999994 59
2900.0 343.32300000000004 17 3540.0 -700.0 113 -51 149.09999999999997 157.05700000000002 70
2370.0 412.799 17 3120.0 -790.0 113 -59 179.48899999999995 134.23299999999998 60
2095.0 488.4980000000001 12 3210.0 -1215.0 124 -78 159.96700000000004 137.732 123
3660.0 395.717 18 4110.0 -450.0 92 -63 156.36499999999998 172.01699999999997 45
2000.0 1672.1139999999991 11 3720.0 -1720.0 152 -69 117.094 168.16499999999996 172
4980.0 528.8149999999997 19 5430.0 -450.0 92 -81 250.82899999999998 217.22900000000004 45
3220.0 369.66099999999994 18 3780.0 -660.0 108 -62 173.71299999999994 142.62399999999997 66
3480.0 417.52700000000016 13 3930.0 -450.0 92 -60 189.10799999999995 172.17900000000003 45
4770.0 565.939 15 5520.0 -830.0 154 -102 174.127 217.72599999999997 83
4970.0 613.294 20 5580.0 -630.0 130 -93 245.94099999999997 239.55999999999997 63
3700.0 495.56500000000005 16 4230.0 -530.0 109 -69 218.495 191.7649999999999 53
4010.0 491.89699999999976 23 4620.0 -670.0 110 -74 210.673 182.91499999999996 67
4190.0 488.3420000000001 16 4620.0 -430.0 104 -82 212.38499999999993 182.31599999999997 35
3980.0 510.44800000000004 20 4680.0 -740.0 122 -75 210.487 196.46499999999997 74
4580.0 500.26399999999995 18 5070.0 -490.0 100 -86 193.72599999999997 216.40299999999996 49
4130.0 476.7299999999999 17 4590.0 -460.0 95 -77 217.493 163.46699999999996 46
3070.0 350.09799999999996 14 3510.0 -620.0 106 -64 141.968 142.45399999999998 62
4570.0 563.2049999999998 17 4920.0 -560.0 128 -85 232.43999999999994 210.41100000000003 48
2680.0 392.201 18 3150.0 -510.0 104 -69 159.65 141.106 51
2630.0 400.12099999999987 17 3180.0 -550.0 106 -64 158.87399999999997 145.88600000000005 55
3420.0 447.37499999999994 17 3960.0 -540.0 111 -70 171.59699999999998 173.54800000000006 54
4015.0 452.5999999999999 17 4590.0 -575.0 96 -81 182.19799999999998 179.81399999999994 39
3740.0 473.30299999999994 18 4290.0 -550.0 113 -80 173.594 174.00399999999996 55
3865.0 471.50900000000007 18 4440.0 -755.0 126 -70 208.41299999999998 193.34199999999996 51
3675.0 422.197 18 4230.0 -555.0 92 -72 152.529 200.67899999999997 37
3890.0 568.3050000000004 14 5070.0 -1280.0 166 -77 228.29899999999995 232.6659999999999 128
4920.0 611.4439999999997 20 5280.0 -450.0 130 -86 242.77400000000003 211.97400000000002 37
4540.0 500.87599999999986 20 4980.0 -440.0 90 -77 220.489 214.95399999999995 44
3310.0 417.73400000000004 16 3810.0 -500.0 95 -63 184.90999999999997 180.75299999999996 50
2860.0 380.01800000000003 16 3300.0 -440.0 91 -67 162.30599999999995 133.604 44
3650.0 589.5450000000001 17 4410.0 -795.0 159 -76 253.70499999999998 202.59999999999994 83
3880.0 482.97199999999987 18 4320.0 -440.0 90 -73 217.65899999999996 193.349 44
4780.0 555.859 26 5220.0 -440.0 91 -77 285.34600000000006 216.044 44
4610.0 587.703 21 5220.0 -610.0 118 -102 249.774 217.73199999999997 61
3740.0 556.9759999999998 17 4350.0 -610.0 114 -96 210.20000000000002 188.26699999999994 61
4335.0 472.19900000000007 19 4890.0 -555.0 92 -75 198.36599999999999 212.55699999999996 37
4370.0 497.36499999999995 16 4830.0 -460.0 95 -90 196.66999999999996 186.41500000000002 46
3180.0 431.18199999999996 17 3900.0 -750.0 114 -57 195.51399999999995 171.11299999999997 75
3380.0 495.67199999999985 21 3840.0 -460.0 95 -66 238.02299999999997 164.22199999999998 46
4390.0 503.8999999999999 18 4830.0 -440.0 91 -81 221.96999999999997 205.362 44
2970.0 601.6370000000005 15 4260.0 -1390.0 175 -86 206.88500000000002 185.677 139
5265.0 577.1220000000001 20 5820.0 -555.0 92 -87 252.67999999999995 227.303 37
3180.0 460.48500000000007 18 3630.0 -450.0 93 -78 187.12699999999998 144.16799999999995 45
4160.0 1466.6569999999992 20 4980.0 -820.0 112 -76 232.51599999999996 221.68799999999996 82
4610.0 593.1739999999999 22 5100.0 -490.0 101 -93 236.845 230.76500000000001 49
4845.0 496.82099999999986 19 5490.0 -645.0 110 -88 207.27800000000002 215.04599999999996 46
3320.0 480.3649999999999 18 3840.0 -520.0 107 -65 223.469 173.00399999999996 52
3290.0 526.8130000000001 19 3810.0 -520.0 106 -77 235.68200000000002 181.965 52
4290.0 570.2200000000001 19 4860.0 -570.0 94 -83 242.78099999999998 229.755 38
4170.0 461.528 20 4620.0 -450.0 93 -68 194.66000000000003 193.016 45
3540.0 588.9639999999999 16 4290.0 -750.0 124 -94 177.572 216.70199999999997 64
3430.0 520.4669999999999 17 3900.0 -470.0 96 -75 206.44699999999995 179.62500000000003 47
4415.0 607.2509999999997 21 5100.0 -685.0 108 -104 244.85999999999996 220.04499999999996 50
3090.0 392.5139999999998 16 3510.0 -420.0 87 -67 189.739 131.427 42
5525.0 674.2099999999997 22 6510.0 -1000.0 166 -115 263.9579999999999 264.19399999999996 70
3360.0 543.7529999999999 18 4140.0 -780.0 113 -82 239.89699999999993 183.158 59
