1635.0 302.834 18 1830.0 -195.0 49 -69 107.85999999999996 86.58699999999999 21
1870.0 280.9529999999999 14 2130.0 -260.0 48 -71 104.024 74.72599999999998 38
1665.0 278.15299999999996 15 1890.0 -225.0 29 -58 99.03999999999999 74.25000000000001 39
2250.0 265.49099999999993 18 2460.0 -210.0 27 -69 97.17299999999997 84.41199999999999 42
1665.0 306.5039999999999 20 1920.0 -255.0 38 -70 123.16299999999998 76.55799999999999 30
2680.0 320.82399999999996 22 2850.0 -290.0 48 -78 107.18299999999999 103.197 46
825.0 228.06499999999997 9 1230.0 -405.0 44 -59 56.3 48.208000000000006 81
1905.0 321.00299999999993 23 2010.0 -135.0 45 -81 120.00699999999999 72.484 9
1500.0 298.627 18 1770.0 -305.0 61 -65 119.07699999999998 74.15700000000001 47
1255.0 273.08199999999994 19 1410.0 -210.0 45 -69 84.859 56.95799999999999 28
1795.0 293.7539999999999 14 2040.0 -245.0 49 -73 70.535 84.73000000000002 33
1575.0 247.001 19 1830.0 -285.0 38 -60 83.31099999999999 77.39599999999999 53
1335.0 291.26199999999994 17 1440.0 -105.0 35 -63 108.37899999999999 72.61999999999999 7
1550.0 324.131 16 1950.0 -400.0 53 -86 101.229 70.43199999999999 56
1710.0 306.8770000000002 20 1830.0 -270.0 47 -69 100.098 86.19 38
1470.0 233.52100000000002 21 1680.0 -245.0 56 -60 76.46199999999997 62.89699999999998 33
1080.0 267.49 18 1410.0 -330.0 110 -72 79.594 47.778 22
1840.0 357.64900000000006 21 2130.0 -290.0 30 -78 119.859 90.64699999999998 58
1170.0 191.09900000000002 14 1380.0 -255.0 42 -51 65.05099999999999 52.11 45
2005.0 384.06299999999993 19 2340.0 -335.0 45 -94 136.305 97.15899999999998 61
1320.0 287.8829999999999 18 1440.0 -120.0 40 -77 85.912 52.11299999999999 8
1485.0 227.65499999999997 14 1590.0 -105.0 35 -66 66.13 55.568999999999974 7
1475.0 247.261 22 1590.0 -115.0 24 -60 89.94800000000001 69.39899999999999 17
765.0 208.853 18 1050.0 -285.0 59 -55 73.25499999999998 39.79599999999999 43
955.0 252.36899999999997 14 1290.0 -335.0 43 -64 93.01400000000001 53.50399999999998 45
1365.0 240.56 19 1470.0 -105.0 35 -68 86.06099999999999 52.584999999999994 7
1160.0 286.71099999999996 17 1380.0 -220.0 29 -68 91.19900000000001 67.93299999999996 44
1365.0 231.89 17 1470.0 -105.0 23 -55 91.50999999999999 60.80999999999999 15
1380.0 284.242 17 1500.0 -120.0 40 -78 87.13199999999998 59.76399999999999 8
2085.0 330.4309999999999 21 2340.0 -255.0 33 -81 111.272 92.36699999999996 51
1310.0 214.88699999999994 16 1620.0 -360.0 71 -56 81.877 52.818 56
1775.0 233.42900000000012 17 1860.0 -85.0 20 -63 85.349 59.66500000000001 11
1680.0 270.694 23 1800.0 -120.0 40 -75 101.51199999999996 60.55599999999999 8
1700.0 321.6779999999999 19 2010.0 -310.0 40 -83 98.713 82.33899999999997 62
865.0 233.403 14 1140.0 -275.0 51 -57 89.46399999999998 52.72899999999999 37
850.0 241.447 18 1290.0 -460.0 96 -63 94.19399999999999 42.50299999999999 42
1185.0 278.1969999999999 19 1290.0 -105.0 35 -71 100.645 43.06699999999999 7
1695.0 269.2390000000001 20 1800.0 -105.0 35 -65 105.99999999999996 66.82499999999997 7
1440.0 235.71699999999998 12 1560.0 -200.0 46 -58 75.81700000000001 61.059000000000005 24
2010.0 291.3539999999999 23 2130.0 -225.0 46 -68 114.76399999999998 86.70899999999999 29
2405.0 317.82400000000007 19 2550.0 -145.0 28 -72 128.42800000000005 94.05699999999997 23
1200.0 242.15700000000004 16 1380.0 -180.0 48 -71 81.85399999999998 52.778 20
1220.0 226.64100000000002 14 1380.0 -160.0 21 -54 79.44399999999999 52.55899999999999 32
1710.0 254.54400000000004 18 1830.0 -120.0 40 -74 65.49799999999999 70.08399999999999 8
1375.0 244.42000000000002 13 1590.0 -215.0 42 -63 78.95499999999998 56.711 29
1030.0 284.299 16 1260.0 -230.0 54 -70 98.56999999999998 52.087 30
1265.0 296.56300000000005 14 1530.0 -265.0 34 -64 101.12900000000003 75.42299999999996 53
1170.0 230.51500000000004 13 1290.0 -120.0 40 -58 70.43399999999997 59.65999999999998 8
2115.0 369.804 19 2220.0 -105.0 35 -86 121.25299999999997 101.80099999999997 7
1260.0 175.83099999999996 11 1500.0 -240.0 46 -53 61.242999999999995 32.491 32
1980.0 300.62300000000005 21 2100.0 -120.0 40 -85 89.69 85.034 8
1635.0 286.645 21 1800.0 -165.0 22 -70 113.27299999999998 71.244 33
2250.0 346.3110000000001 11 2370.0 -120.0 40 -83 110.88200000000005 99.29299999999998 8
2520.0 309.06000000000006 14 2820.0 -300.0 56 -72 110.38600000000002 104.01700000000001 33
1195.0 291.82500000000005 14 1620.0 -425.0 38 -77 94.13600000000001 60.064 85
910.0 235.60399999999998 19 1260.0 -350.0 47 -67 80.75000000000001 49.463 46
1525.0 279.689 18 1860.0 -335.0 32 -78 88.235 65.35799999999998 67
1720.0 305.8309999999999 18 2010.0 -290.0 39 -77 104.58900000000003 72.707 54
2055.0 321.5 17 2280.0 -330.0 46 -67 127.63199999999996 81.62700000000004 43
1200.0 256.975 23 1320.0 -120.0 40 -62 93.06299999999997 64.21000000000001 8
945.0 209.97299999999998 17 1050.0 -105.0 35 -53 68.07199999999999 34.0 7
2285.0 320.03799999999984 15 2460.0 -175.0 44 -88 95.37299999999996 80.77899999999998 19
1290.0 263.399 17 1410.0 -120.0 40 -59 101.911 47.33599999999999 8
945.0 162.532 10 1050.0 -105.0 35 -52 45.00999999999999 24.715999999999994 7
1320.0 295.38 18 1530.0 -210.0 35 -75 98.71200000000003 68.22 21
860.0 223.43999999999997 16 1080.0 -220.0 18 -66 68.217 43.748000000000005 44
2205.0 304.462 17 2490.0 -285.0 53 -82 92.56199999999998 92.08900000000001 47
1440.0 261.02 15 1650.0 -210.0 35 -63 84.652 72.66900000000001 21
2545.0 372.10099999999994 20 2700.0 -155.0 42 -84 151.45600000000002 101.04399999999998 15
1140.0 215.42999999999998 14 1350.0 -210.0 35 -60 71.12299999999999 46.959999999999994 21
1680.0 273.6589999999998 13 1890.0 -210.0 35 -75 83.96499999999999 63.041999999999994 21
700.0 261.7170000000001 17 990.0 -290.0 46 -67 88.74899999999998 33.745999999999995 34
1605.0 298.19699999999995 17 1920.0 -315.0 35 -70 96.55499999999998 71.57899999999998 63
2010.0 323.88399999999996 16 2130.0 -120.0 40 -83 112.45700000000002 83.99299999999998 8
1610.0 235.656 15 1830.0 -300.0 63 -60 76.469 69.69900000000001 44
1300.0 307.70200000000006 20 1620.0 -430.0 42 -80 102.64200000000001 66.613 86
1390.0 222.94299999999993 13 1680.0 -290.0 41 -58 78.633 60.844999999999985 37
1515.0 270.29100000000005 15 1830.0 -435.0 41 -68 102.75099999999999 66.92200000000001 87
1425.0 269.1619999999999 21 1530.0 -105.0 35 -67 102.58399999999997 63.949999999999996 7
1440.0 304.80999999999995 19 1560.0 -120.0 40 -83 91.495 59.04299999999999 8
1890.0 315.98600000000005 20 2010.0 -180.0 48 -77 115.983 63.09599999999999 20
1635.0 290.7749999999999 18 1740.0 -105.0 35 -75 88.704 75.742 7
1365.0 265.1239999999999 19 1560.0 -195.0 42 -67 87.45999999999997 72.03499999999998 25
1500.0 302.09799999999996 21 1770.0 -270.0 44 -74 111.222 67.95899999999999 30
1000.0 219.0610000000001 17 1200.0 -200.0 16 -62 68.886 58.65599999999999 40
2245.0 340.773 18 2520.0 -275.0 40 -84 103.92900000000002 102.24299999999995 49
1030.0 255.61299999999997 17 1470.0 -450.0 86 -57 91.01799999999999 67.17099999999999 74
2045.0 293.007 16 2430.0 -455.0 66 -72 90.365 90.783 75
1530.0 254.96600000000007 16 1710.0 -180.0 23 -69 89.82899999999998 56.97700000000001 36
1680.0 264.30899999999986 17 1800.0 -120.0 40 -68 90.58599999999997 60.37299999999999 8
1470.0 258.86300000000006 11 1680.0 -210.0 35 -65 86.08599999999998 64.904 21
1640.0 302.595 14 1890.0 -250.0 47 -65 110.39699999999999 89.60600000000001 36
1530.0 299.17999999999995 20 1740.0 -210.0 35 -75 108.40599999999999 75.90099999999997 21
1310.0 270.457 15 1620.0 -310.0 52 -60 112.98900000000002 65.16399999999999 46
1595.0 251.8120000000001 17 1800.0 -205.0 27 -69 88.29799999999999 64.26299999999998 41
1370.0 275.96099999999996 16 1590.0 -250.0 46 -67 92.574 69.74100000000003 24
1230.0 268.482 18 1350.0 -165.0 46 -66 72.82 62.26499999999999 17
2190.0 314.4340000000001 18 2640.0 -450.0 53 -69 122.60700000000004 103.28699999999999 65
1950.0 311.81100000000004 18 2070.0 -120.0 40 -84 98.84299999999995 70.80799999999999 8
2055.0 357.156 20 2220.0 -165.0 31 -78 127.46600000000004 109.22999999999996 27
1695.0 291.7889999999999 18 2070.0 -375.0 60 -73 88.48599999999998 78.13799999999999 59
1650.0 275.12499999999994 16 1770.0 -120.0 40 -79 83.73599999999999 57.35899999999999 8
1250.0 257.9150000000001 18 1650.0 -480.0 69 -52 105.046 62.24599999999998 80
1410.0 305.02099999999984 19 1530.0 -120.0 40 -74 114.86300000000001 63.51399999999998 8
1435.0 223.678 19 1620.0 -185.0 24 -57 78.314 66.57 37
1740.0 275.3159999999999 14 2100.0 -360.0 36 -67 86.05699999999999 74.935 70
1560.0 316.959 17 1770.0 -210.0 35 -75 115.52199999999999 82.07499999999999 21
1510.0 274.6059999999999 20 1740.0 -230.0 29 -69 99.201 74.05099999999999 46
1500.0 290.14200000000005 15 1740.0 -240.0 40 -85 82.85500000000002 67.15099999999998 24
2550.0 342.3529999999998 20 2820.0 -270.0 44 -84 117.61599999999996 100.80099999999996 30
1170.0 233.038 16 1350.0 -380.0 31 -61 74.16799999999999 53.921 76
1815.0 262.72 21 1920.0 -105.0 35 -77 77.51999999999997 73.14699999999999 7
1990.0 265.075 22 2190.0 -200.0 26 -71 96.88399999999999 78.143 40
2160.0 342.745 22 2370.0 -210.0 35 -91 116.93099999999997 83.86899999999999 21
1410.0 239.932 14 1530.0 -120.0 40 -54 98.62 56.362 8
2230.0 278.04200000000003 19 2430.0 -200.0 26 -69 107.42599999999997 89.08499999999998 40
1500.0 297.7830000000001 18 1620.0 -120.0 40 -77 115.212 48.45299999999999 8
1735.0 297.75299999999993 15 2220.0 -505.0 81 -65 112.35200000000003 93.04299999999998 65
2340.0 301.411 16 2460.0 -390.0 62 -73 98.89099999999998 91.336 62
1550.0 255.97200000000007 19 1770.0 -235.0 34 -65 85.46499999999999 70.30599999999998 45
1535.0 275.199 20 1710.0 -175.0 23 -69 100.53999999999998 67.22299999999997 35
1170.0 262.275 18 1380.0 -210.0 37 -67 93.72699999999998 58.082 36
960.0 278.069 15 1260.0 -395.0 38 -67 94.704 54.18799999999998 79
1580.0 258.6189999999999 22 2010.0 -430.0 108 -64 84.499 86.387 52
1980.0 348.7379999999999 18 2310.0 -330.0 65 -85 98.99199999999999 95.10399999999998 46
1695.0 285.867 22 1800.0 -105.0 35 -75 98.66899999999998 70.71399999999998 7
785.0 230.08299999999997 14 1050.0 -265.0 30 -63 76.839 45.78 53
1560.0 249.892 15 1680.0 -190.0 49 -54 87.92300000000003 65.88199999999999 22
2265.0 364.5920000000001 16 2520.0 -255.0 36 -82 119.75099999999998 96.44700000000002 43
1830.0 302.9189999999999 20 1950.0 -120.0 40 -76 106.02799999999999 73.02199999999999 8
740.0 229.57199999999997 18 1170.0 -430.0 65 -67 74.23699999999998 45.08 62
1350.0 249.028 18 1560.0 -210.0 35 -69 87.55999999999996 51.55699999999999 21
1265.0 253.46700000000004 21 1410.0 -145.0 28 -59 92.009 66.495 23
1215.0 256.01 15 1320.0 -105.0 35 -62 85.93700000000001 61.96199999999999 7
1425.0 252.0260000000001 14 1530.0 -105.0 35 -67 88.63100000000001 63.913999999999994 7
1445.0 271.18700000000007 12 1650.0 -205.0 48 -54 108.874 78.55799999999999 27
1985.0 327.9789999999998 19 2130.0 -145.0 42 -82 120.015 93.08999999999999 13
1220.0 232.47600000000003 18 1440.0 -355.0 74 -60 95.40899999999999 50.19999999999998 53
1865.0 354.51500000000004 20 2130.0 -265.0 53 -87 120.65099999999997 92.33799999999998 35
940.0 196.70200000000003 11 1200.0 -310.0 64 -45 67.27300000000001 48.23999999999998 46
1530.0 211.88200000000003 17 1620.0 -90.0 12 -49 71.20600000000002 64.298 18
1480.0 263.3550000000001 21 1740.0 -300.0 60 -65 74.31299999999999 74.767 46
1575.0 293.8099999999999 19 1860.0 -285.0 29 -74 95.35299999999997 69.61999999999996 57
1650.0 256.86899999999997 18 1770.0 -120.0 40 -61 95.136 71.556 8
1305.0 232.26300000000003 15 1440.0 -135.0 27 -61 83.90899999999999 45.983999999999995 21
1230.0 304.77599999999995 19 1590.0 -360.0 37 -79 109.19099999999999 75.41199999999999 68
1515.0 277.239 19 1620.0 -105.0 35 -76 89.87599999999998 59.793000000000006 7
2460.0 328.71500000000003 16 2580.0 -120.0 40 -87 98.28699999999999 102.51899999999999 8
1710.0 276.8 16 1920.0 -210.0 35 -65 109.39700000000003 73.95499999999998 21
1625.0 259.7589999999999 19 1770.0 -145.0 28 -66 88.84599999999999 71.37200000000001 23
930.0 232.953 20 1110.0 -180.0 24 -55 81.44899999999997 55.278 36
1330.0 253.81599999999995 18 1530.0 -500.0 68 -53 103.00200000000001 71.52200000000002 100
2065.0 327.34499999999997 21 2250.0 -185.0 33 -76 114.992 90.35499999999998 31
1050.0 204.97499999999994 15 1320.0 -295.0 63 -48 78.05999999999999 54.62799999999999 43
1790.0 296.7709999999999 16 2070.0 -280.0 28 -72 118.04400000000001 70.999 56
1770.0 341.8999999999999 18 1890.0 -120.0 40 -73 134.59600000000006 88.99699999999996 8
1050.0 257.74300000000005 15 1260.0 -360.0 42 -64 91.77800000000002 57.068999999999996 51
1650.0 283.6279999999999 22 1770.0 -120.0 40 -56 124.09999999999998 75.26299999999999 8
990.0 270.36799999999994 14 1530.0 -625.0 51 -67 75.57199999999999 54.849000000000025 123
1415.0 289.8270000000001 19 1710.0 -325.0 65 -62 102.28300000000004 71.46999999999997 49
1185.0 265.18699999999995 17 1500.0 -315.0 25 -67 96.79299999999998 62.022999999999996 63
1195.0 318.16600000000005 24 1740.0 -545.0 114 -77 103.66999999999997 73.582 75
1170.0 266.364 16 1290.0 -120.0 40 -67 93.36099999999998 49.503 8
2235.0 354.47299999999984 19 2370.0 -135.0 39 -77 140.14200000000002 98.882 13
1285.0 248.516 20 1530.0 -245.0 46 -59 90.945 63.427999999999976 33
2660.0 294.468 17 2880.0 -220.0 42 -68 124.66 99.80399999999995 30
1995.0 344.25600000000003 22 2130.0 -135.0 45 -85 127.00499999999998 89.637 9
1395.0 331.223 19 1680.0 -285.0 44 -74 98.68799999999996 68.97999999999998 51
1060.0 267.68500000000006 13 1500.0 -440.0 52 -67 93.77599999999998 61.413 66
1935.0 292.408 21 2040.0 -105.0 35 -73 107.13799999999999 78.77099999999997 7
1580.0 292.52899999999994 17 1950.0 -370.0 41 -66 110.00399999999999 81.71300000000001 68
1575.0 298.435 19 1740.0 -165.0 49 -70 110.39099999999999 66.74200000000002 15
2030.0 344.70899999999983 20 2400.0 -370.0 75 -79 128.529 89.34899999999998 56
1380.0 213.75400000000002 17 1650.0 -270.0 31 -53 73.37899999999999 65.518 54
1325.0 248.39100000000008 19 1590.0 -265.0 25 -70 75.96999999999997 51.16500000000002 53
1290.0 255.69300000000004 16 1500.0 -210.0 35 -63 94.97099999999999 57.44699999999999 21
2175.0 287.19699999999995 16 2280.0 -105.0 35 -73 89.27499999999999 87.69700000000002 7
1255.0 256.093 19 1560.0 -425.0 101 -69 83.12499999999999 61.99999999999999 55
2880.0 311.24700000000007 20 3000.0 -120.0 40 -75 116.85899999999998 115.567 8
1365.0 204.75999999999996 13 1710.0 -345.0 70 -58 72.18700000000001 53.881 53
1740.0 302.717 21 1860.0 -120.0 40 -83 96.07900000000001 86.696 8
1185.0 261.77700000000004 16 1320.0 -135.0 45 -65 95.89999999999998 56.30899999999998 9
2200.0 273.78099999999995 19 2400.0 -230.0 36 -69 87.101 79.37299999999998 42
1485.0 301.65000000000003 19 1650.0 -165.0 40 -77 101.66600000000003 57.21299999999999 19
2145.0 264.304 19 2250.0 -105.0 35 -70 96.22799999999998 70.73999999999998 7
1890.0 253.93300000000005 19 2010.0 -120.0 40 -61 94.96900000000001 76.90899999999999 8
1870.0 310.9789999999998 16 2310.0 -470.0 45 -77 92.52399999999999 93.44800000000001 90
1560.0 281.9620000000001 22 1680.0 -120.0 40 -74 95.21799999999998 66.63499999999998 8
1240.0 249.46499999999997 14 1440.0 -200.0 26 -66 74.118 62.072999999999986 40
1980.0 307.07599999999996 14 2100.0 -120.0 40 -80 89.79599999999999 83.361 8
1460.0 334.308 17 1710.0 -250.0 45 -89 112.84799999999998 57.17899999999999 36
1635.0 288.337 18 1860.0 -225.0 52 -82 74.26699999999998 65.489 27
765.0 214.52799999999996 13 960.0 -295.0 38 -47 65.667 40.75999999999999 59
1325.0 257.84000000000003 20 1500.0 -415.0 60 -64 100.24599999999998 59.44299999999999 69
1410.0 296.81299999999993 18 1740.0 -330.0 35 -69 99.803 76.716 66
2250.0 317.139 18 2490.0 -285.0 62 -77 119.31900000000002 88.06999999999996 41
2035.0 284.08299999999997 19 2220.0 -290.0 59 -65 102.04 86.85799999999996 44
1590.0 317.805 23 1710.0 -120.0 40 -75 125.10499999999999 65.15599999999998 8
760.0 193.81099999999995 14 960.0 -295.0 31 -48 60.06799999999999 37.68599999999999 59
1785.0 297.8689999999999 21 1890.0 -105.0 35 -74 103.14999999999996 75.509 7
1720.0 223.17499999999998 13 2130.0 -445.0 58 -57 77.70000000000005 78.499 89
1830.0 274.60299999999995 18 2130.0 -300.0 52 -58 118.19500000000005 86.69099999999997 44
1770.0 285.937 14 1890.0 -120.0 40 -71 91.27100000000003 67.99599999999998 8
1355.0 271.53200000000004 14 1830.0 -500.0 67 -55 101.728 91.38899999999998 100
2180.0 392.22699999999986 23 2340.0 -160.0 42 -89 173.99599999999998 85.03200000000002 18
1855.0 287.93599999999986 18 2070.0 -215.0 27 -69 89.71200000000003 72.75999999999998 43
1575.0 343.6769999999999 15 1770.0 -195.0 65 -82 122.91 64.66599999999997 13
1485.0 227.595 11 1740.0 -255.0 65 -64 67.04400000000001 52.411999999999985 27
1425.0 207.547 13 1530.0 -135.0 45 -57 65.892 53.58099999999999 9
1770.0 287.2029999999999 21 1890.0 -230.0 47 -69 116.69700000000002 80.37899999999996 30
1860.0 264.84499999999997 22 1980.0 -120.0 40 -73 94.36599999999999 71.70799999999998 8
1030.0 167.762 13 1140.0 -110.0 14 -41 47.82199999999999 49.86299999999999 22
1920.0 331.63999999999993 24 2160.0 -240.0 40 -81 114.76099999999997 92.76100000000002 24
1725.0 272.2419999999999 16 2040.0 -315.0 67 -66 90.31899999999997 69.79299999999999 47
885.0 221.87199999999996 17 1200.0 -315.0 40 -64 78.07199999999997 42.908 57
1560.0 284.06 14 1800.0 -240.0 48 -73 97.92800000000001 61.60699999999999 32
1330.0 223.50400000000008 23 1530.0 -200.0 26 -71 67.294 56.037000000000006 40
1400.0 252.091 15 1680.0 -280.0 46 -56 94.36100000000002 70.85399999999998 42
1050.0 290.0209999999999 17 1170.0 -120.0 40 -76 77.028 63.300999999999995 8
1395.0 240.194 19 1500.0 -105.0 35 -59 81.80699999999997 64.00199999999998 7
1445.0 230.77300000000005 15 1680.0 -285.0 37 -57 82.775 65.66699999999997 57
1785.0 311.91699999999986 23 2040.0 -255.0 41 -80 113.74999999999996 82.07799999999999 30
1145.0 230.46300000000002 15 1410.0 -265.0 35 -64 91.05600000000003 46.742 53
1935.0 315.9949999999999 19 2040.0 -105.0 35 -75 105.32499999999997 86.91 7
1220.0 237.30400000000003 18 1440.0 -220.0 29 -70 75.30300000000001 52.54099999999998 44
740.0 174.347 11 1020.0 -325.0 67 -37 65.04599999999999 42.864 49
1470.0 281.033 19 1590.0 -180.0 48 -72 107.40099999999998 61.17999999999999 20
1335.0 236.079 16 1440.0 -105.0 35 -57 86.51000000000002 57.35299999999997 7
820.0 221.67400000000004 10 1110.0 -290.0 33 -52 61.655999999999985 51.160999999999994 58
810.0 252.936 15 930.0 -120.0 40 -63 89.19600000000001 41.888000000000005 8
1295.0 218.40300000000002 14 1530.0 -235.0 41 -56 71.09700000000002 61.21200000000001 33
1590.0 277.825 16 1710.0 -120.0 40 -64 111.769 67.744 8
1065.0 205.022 15 1230.0 -165.0 21 -52 62.45299999999999 55.806 33
1085.0 220.06000000000003 21 1200.0 -115.0 24 -60 74.04000000000002 52.94599999999999 17
2285.0 350.3070000000002 14 2760.0 -550.0 64 -77 102.00700000000002 118.99100000000003 87
1630.0 277.271 15 1800.0 -170.0 46 -65 98.39400000000003 76.68799999999996 18
1065.0 225.8350000000001 18 1170.0 -105.0 35 -65 63.82 44.764 7
1360.0 227.12699999999995 16 1620.0 -260.0 44 -54 75.347 62.08099999999998 46
1605.0 307.5830000000001 12 1710.0 -105.0 35 -66 115.77200000000002 79.51899999999996 7
1345.0 257.188 15 1470.0 -125.0 25 -63 88.54499999999999 64.67899999999999 19
1800.0 297.54699999999997 21 2010.0 -210.0 35 -79 112.49699999999999 75.049 21
1525.0 286.155 16 1830.0 -305.0 48 -75 101.39900000000003 75.81299999999999 36
1365.0 307.8939999999999 20 1470.0 -105.0 35 -84 93.637 56.916999999999994 7
1240.0 291.939 13 1590.0 -375.0 82 -68 89.85400000000001 60.48699999999999 53
2190.0 323.8249999999999 17 2310.0 -120.0 40 -69 137.87500000000006 95.34899999999999 8
1375.0 253.15200000000004 17 1590.0 -230.0 33 -70 70.51800000000001 68.14399999999999 44
1770.0 298.5429999999999 12 2100.0 -330.0 65 -73 99.48600000000002 87.96099999999998 46
1935.0 250.958 13 2040.0 -105.0 35 -61 94.534 67.92099999999999 7
1735.0 271.0050000000001 20 1950.0 -215.0 31 -71 102.34199999999998 63.186 41
1480.0 266.9169999999999 22 1650.0 -170.0 22 -69 99.72399999999999 65.74999999999997 34
740.0 214.19900000000004 14 990.0 -250.0 24 -57 71.79199999999997 39.663 50
1285.0 283.31899999999996 15 1710.0 -425.0 41 -75 97.91999999999997 58.588999999999984 85
1635.0 326.02700000000004 21 1740.0 -105.0 35 -74 122.304 77.018 7
1755.0 288.61400000000003 16 2070.0 -315.0 41 -77 84.466 82.205 42
1935.0 313.7819999999999 18 2100.0 -165.0 31 -76 116.362 90.239 27
2025.0 332.2429999999999 18 2610.0 -635.0 94 -90 91.86299999999997 106.86699999999999 103
1760.0 299.678 16 1950.0 -190.0 24 -79 94.33700000000002 74.26399999999995 38
1050.0 234.18500000000003 11 1170.0 -120.0 40 -62 88.05100000000002 36.309 8
1045.0 273.77500000000003 18 1410.0 -365.0 55 -67 103.69800000000002 57.819999999999986 52
1490.0 351.408 19 1770.0 -280.0 36 -79 121.919 90.634 56
2100.0 307.6860000000001 16 2310.0 -360.0 42 -66 120.40100000000001 96.15399999999998 51
1425.0 225.765 12 1560.0 -135.0 18 -55 90.55600000000003 54.70899999999999 27
1785.0 255.51199999999994 16 1890.0 -105.0 35 -62 90.772 66.445 7
615.0 220.50800000000004 12 900.0 -360.0 70 -54 78.05199999999999 43.37899999999999 58
1005.0 235.77200000000008 20 1350.0 -345.0 66 -65 73.78999999999998 50.272 55
960.0 233.71100000000007 12 1260.0 -300.0 31 -67 66.226 50.407 60
2070.0 292.956 17 2430.0 -410.0 53 -69 108.58100000000002 99.595 82
1620.0 277.69100000000003 16 1920.0 -300.0 53 -65 95.68399999999997 65.06900000000002 44
2385.0 307.695 13 2490.0 -205.0 43 -74 105.26000000000005 105.541 27
1145.0 235.15399999999997 19 1410.0 -265.0 48 -58 94.74799999999999 60.108 39
1240.0 298.00899999999984 17 1500.0 -260.0 34 -75 97.87899999999998 66.65099999999998 52
1705.0 250.525 17 1890.0 -185.0 24 -62 92.37499999999999 75.88799999999998 37
1560.0 279.92099999999994 19 1680.0 -120.0 40 -72 106.68599999999996 67.976 8
2235.0 321.739 14 2340.0 -105.0 35 -81 101.16799999999998 94.61 7
1410.0 204.113 15 1530.0 -120.0 15 -60 53.15299999999999 63.222999999999985 24
1875.0 292.68899999999996 15 1980.0 -105.0 35 -72 96.024 87.857 7
2125.0 367.4390000000001 26 2370.0 -245.0 39 -86 138.70200000000003 93.661 28
2565.0 366.55499999999995 20 2790.0 -225.0 53 -90 108.76100000000002 105.036 29
1890.0 285.472 14 2010.0 -120.0 40 -65 91.137 98.18199999999996 8
2010.0 259.6770000000001 17 2130.0 -120.0 40 -78 73.93799999999999 68.04400000000003 8
1460.0 267.9479999999999 20 1740.0 -280.0 34 -65 77.06599999999999 77.34799999999998 56
725.0 243.01299999999995 15 930.0 -285.0 50 -60 76.27799999999999 46.294 41
915.0 199.23600000000005 12 1020.0 -105.0 23 -57 53.169 44.79099999999999 15
1415.0 268.17599999999993 19 1710.0 -295.0 30 -70 85.25299999999997 62.846000000000004 59
1905.0 282.9 19 2010.0 -105.0 35 -69 94.73 83.69299999999998 7
1410.0 259.11400000000003 17 1620.0 -210.0 35 -80 77.14199999999998 47.25999999999999 21
1245.0 269.7 18 1440.0 -195.0 25 -65 87.634 52.83699999999999 39
1730.0 307.01300000000003 17 1980.0 -250.0 28 -69 118.01800000000001 85.87499999999997 50
1710.0 328.85200000000003 17 1860.0 -150.0 44 -85 105.65999999999998 76.31499999999998 14
1365.0 262.8169999999999 21 1470.0 -105.0 35 -69 83.22399999999999 60.363 7
2055.0 257.657 17 2220.0 -165.0 22 -64 85.281 90.18099999999995 33
1050.0 255.747 20 1260.0 -210.0 47 -71 78.905 41.82399999999999 26
1470.0 287.486 17 1710.0 -240.0 40 -79 86.74399999999999 75.389 24
2205.0 299.00800000000004 14 2310.0 -105.0 35 -78 106.21800000000003 80.93799999999996 7
1935.0 294.08700000000005 16 2040.0 -105.0 35 -69 101.27100000000002 91.76499999999999 7
1840.0 260.19499999999994 20 2130.0 -425.0 72 -57 109.14399999999998 82.22900000000001 67
1605.0 305.1160000000001 13 2280.0 -695.0 75 -60 117.32900000000005 94.15299999999998 139
1800.0 295.40699999999987 19 1920.0 -120.0 40 -64 108.28699999999999 84.54799999999997 8
1500.0 282.871 15 1950.0 -450.0 53 -69 95.15199999999999 78.85799999999999 66
1010.0 247.86099999999996 17 1230.0 -470.0 69 -59 102.76899999999999 45.66099999999999 72
725.0 267.41999999999996 13 1260.0 -535.0 64 -57 112.25500000000002 50.29399999999998 82
1320.0 256.89300000000003 20 1560.0 -400.0 53 -62 108.748 57.935 56
1770.0 291.7379999999999 16 2130.0 -360.0 45 -73 108.82900000000002 67.93199999999999 51
1540.0 323.78299999999996 19 1860.0 -320.0 51 -74 105.283 79.66499999999998 50
2280.0 355.385 20 2520.0 -240.0 48 -82 133.81199999999998 108.56899999999997 34
1605.0 288.87100000000004 21 1740.0 -255.0 47 -79 94.91400000000002 68.11799999999997 37
1695.0 264.486 18 1800.0 -105.0 23 -69 97.79999999999998 66.06999999999996 15
1500.0 238.16600000000003 21 1620.0 -120.0 40 -68 79.88 61.44399999999999 8
1860.0 305.32699999999994 17 1980.0 -120.0 40 -77 98.17199999999998 85.488 8
1260.0 274.77899999999994 19 1470.0 -210.0 20 -66 97.11200000000001 80.721 42
1880.0 250.893 19 2100.0 -220.0 36 -62 95.85900000000001 73.73899999999996 22
1590.0 246.65100000000004 14 1710.0 -120.0 40 -54 107.07899999999998 58.66899999999998 8
1710.0 287.0059999999999 18 1980.0 -315.0 62 -70 93.39099999999999 68.286 49
2070.0 305.715 12 2280.0 -210.0 47 -70 108.28499999999997 86.42899999999999 26
1200.0 232.285 13 1440.0 -240.0 40 -66 59.63999999999998 57.74000000000001 24
2425.0 320.5500000000001 16 2580.0 -155.0 42 -71 118.69800000000001 98.15899999999996 15
1470.0 314.4609999999999 21 1590.0 -120.0 40 -79 114.06499999999997 76.712 8
1535.0 301.5529999999999 18 1800.0 -390.0 40 -73 113.52000000000001 77.48400000000001 78
2010.0 296.23199999999986 26 2160.0 -150.0 20 -67 113.828 100.71799999999998 30
1935.0 265.45500000000004 20 2160.0 -225.0 18 -65 94.788 84.94299999999998 45
1285.0 310.337 24 1560.0 -275.0 41 -85 111.66499999999998 61.099000000000004 49
1010.0 248.72899999999996 14 1320.0 -310.0 33 -69 66.52100000000002 53.28699999999998 62
1130.0 257.716 14 1530.0 -400.0 36 -59 89.05100000000002 50.72400000000001 80
1440.0 372.0829999999999 22 1770.0 -330.0 47 -90 123.82300000000005 72.33200000000001 42
2280.0 378.84099999999995 20 2490.0 -210.0 45 -95 121.269 94.736 28
1100.0 178.93100000000004 18 1200.0 -100.0 13 -50 60.41199999999999 45.87399999999999 20
2340.0 321.8100000000002 18 2460.0 -120.0 40 -82 103.138 90.56299999999999 8
1680.0 215.91299999999995 20 1890.0 -210.0 46 -54 84.78 64.20799999999998 26
1065.0 263.803 14 1590.0 -575.0 67 -61 61.566 65.60700000000001 91
975.0 270.4430000000001 18 1080.0 -105.0 35 -62 109.875 43.62500000000001 7
2005.0 262.69 18 2160.0 -155.0 41 -73 88.61999999999999 71.615 17
1350.0 243.232 13 1470.0 -120.0 40 -57 91.21500000000002 57.576999999999984 8
1635.0 290.255 21 1740.0 -105.0 35 -80 101.01400000000001 61.907999999999994 7
1080.0 244.55 16 1200.0 -120.0 40 -65 84.48499999999999 43.453999999999986 8
1010.0 301.86499999999995 19 1170.0 -160.0 42 -85 93.331 48.471 16
1635.0 286.84999999999997 16 1770.0 -135.0 45 -75 96.09499999999998 65.18900000000001 9
1765.0 305.85599999999994 20 1920.0 -155.0 41 -86 105.69299999999998 59.214999999999996 17
1735.0 294.2640000000001 15 2040.0 -385.0 57 -73 85.18000000000002 81.85899999999995 63
910.0 225.23400000000004 14 1080.0 -200.0 24 -53 72.80999999999999 38.682 36
990.0 238.91599999999994 15 1200.0 -210.0 35 -66 72.92 55.09099999999999 21
2075.0 298.7730000000001 17 2400.0 -325.0 34 -79 103.43800000000005 95.42799999999998 65
1785.0 318.693 19 1890.0 -105.0 35 -76 115.55200000000002 76.16599999999995 7
1500.0 329.64900000000006 23 1620.0 -120.0 40 -83 107.52799999999996 81.32899999999998 8
1205.0 290.5110000000001 17 1620.0 -415.0 44 -60 113.81300000000002 58.966 83
1080.0 250.20200000000008 16 1200.0 -120.0 40 -63 85.91799999999998 45.727999999999994 8
1715.0 262.199 16 1890.0 -175.0 23 -72 87.51799999999999 69.374 35
800.0 188.99000000000007 17 960.0 -160.0 45 -50 62.020999999999994 47.447 16
2100.0 312.24699999999996 19 2220.0 -120.0 40 -74 109.19400000000005 88.791 8
1110.0 196.97400000000005 12 1230.0 -120.0 40 -60 53.417 44.84999999999999 8
1915.0 213.23700000000002 15 2040.0 -125.0 17 -51 77.983 69.194 25
1060.0 229.88800000000003 12 1530.0 -515.0 59 -47 86.82900000000001 63.58799999999998 81
1280.0 269.40899999999993 18 1500.0 -220.0 42 -65 81.858 73.928 30
2070.0 318.957 20 2250.0 -180.0 33 -80 119.29899999999998 77.87899999999998 30
1930.0 293.3059999999998 16 2250.0 -390.0 75 -73 90.29799999999999 93.55000000000001 62
1670.0 296.962 20 2130.0 -460.0 46 -79 99.10799999999996 83.363 88
1005.0 249.227 21 1320.0 -315.0 36 -75 78.11099999999999 54.927 63
2640.0 345.94299999999987 19 2880.0 -240.0 40 -85 120.10199999999999 121.78500000000004 24
2130.0 308.53299999999996 19 2250.0 -120.0 40 -73 110.46399999999998 95.05599999999997 8
1550.0 314.591 17 1710.0 -260.0 47 -78 96.77000000000001 71.29100000000003 38
1515.0 252.418 18 1620.0 -105.0 35 -68 86.20999999999997 61.272 7
1605.0 272.7169999999998 18 1710.0 -105.0 35 -62 93.15799999999999 78.85 7
1665.0 378.8949999999999 23 1980.0 -315.0 66 -91 127.43300000000002 80.43299999999999 47
1440.0 257.86100000000005 18 1560.0 -120.0 40 -80 59.628 44.375 8
1410.0 223.05100000000007 15 1530.0 -120.0 40 -59 69.73699999999998 55.71699999999998 8
1545.0 247.20599999999996 18 1740.0 -195.0 42 -65 81.61699999999999 67.46699999999998 25
1785.0 301.8810000000002 13 2280.0 -595.0 104 -58 87.925 90.03699999999999 56
1945.0 339.06899999999996 16 2100.0 -155.0 42 -83 100.96500000000003 80.735 15
1590.0 325.209 18 1710.0 -120.0 40 -77 110.47999999999999 75.12700000000002 8
1830.0 279.867 18 1950.0 -120.0 40 -71 98.625 74.25499999999997 8
1615.0 253.5070000000001 17 1830.0 -215.0 42 -66 93.64199999999998 72.69299999999998 29
1920.0 339.57200000000006 20 2130.0 -210.0 35 -81 124.755 88.53999999999998 21
1275.0 284.055 18 1530.0 -255.0 33 -66 111.881 61.514999999999986 51
1215.0 240.70199999999997 20 1380.0 -165.0 18 -60 88.60100000000001 59.926 33
2190.0 294.80100000000004 14 2310.0 -120.0 40 -70 97.796 89.63500000000002 8
1410.0 231.53799999999998 20 1530.0 -120.0 40 -70 78.03399999999999 50.309 8
1560.0 301.21000000000004 18 1800.0 -240.0 40 -77 105.17600000000002 66.84 24
1830.0 211.83200000000002 9 2280.0 -485.0 64 -48 66.90800000000002 75.33099999999999 83
1215.0 256.109 12 1470.0 -255.0 40 -74 63.638000000000005 57.275 41
2105.0 329.31600000000003 16 2280.0 -230.0 53 -77 102.62200000000003 93.34599999999996 30
1050.0 221.106 15 1170.0 -120.0 40 -54 81.127 54.87999999999999 8
630.0 270.409 17 960.0 -330.0 34 -64 97.76399999999995 38.38199999999999 66
1485.0 253.95700000000008 18 1590.0 -105.0 35 -66 78.94299999999997 62.920999999999985 7
1455.0 270.61799999999994 16 1560.0 -105.0 35 -68 103.22500000000002 59.66599999999998 7
2455.0 364.93699999999984 24 2670.0 -215.0 52 -100 123.09900000000003 96.83899999999998 27
1635.0 271.4990000000001 23 1800.0 -165.0 22 -67 115.19500000000001 70.79299999999999 33
1815.0 320.15199999999993 17 1920.0 -105.0 35 -74 120.43700000000001 78.62199999999997 7
1180.0 267.1700000000001 13 1590.0 -430.0 76 -57 99.887 66.86700000000002 70
2960.0 381.7850000000001 17 3150.0 -190.0 52 -85 137.62 120.264 18
1485.0 305.745 17 1590.0 -105.0 35 -73 109.197 67.464 7
1750.0 269.0659999999999 16 1980.0 -230.0 47 -69 86.363 74.587 30
985.0 259.00999999999993 17 1290.0 -305.0 42 -68 94.56199999999997 46.709999999999994 40
1595.0 323.73999999999995 18 1950.0 -355.0 29 -73 105.064 94.85899999999998 71
1240.0 222.008 16 1440.0 -200.0 26 -62 73.591 55.937999999999995 40
1135.0 212.42100000000008 15 1320.0 -185.0 24 -61 65.39699999999999 52.63600000000001 37
2160.0 309.12199999999996 16 2280.0 -120.0 40 -78 105.74499999999999 85.87499999999999 8
1320.0 247.19999999999993 18 1680.0 -465.0 68 -61 92.85199999999999 66.47099999999999 72
1575.0 274.05099999999993 21 1680.0 -105.0 35 -65 108.44399999999997 61.115 7
1380.0 258.96600000000007 16 1500.0 -120.0 40 -73 84.611 55.94199999999999 8
1590.0 316.0199999999999 22 1710.0 -120.0 40 -80 109.15899999999999 65.62299999999999 8
1470.0 210.045 14 1680.0 -210.0 32 -57 67.464 55.13900000000001 34
1365.0 316.5109999999999 17 1470.0 -105.0 35 -67 115.52899999999998 78.99099999999996 7
1275.0 260.093 19 1380.0 -105.0 35 -68 92.335 62.19499999999999 7
710.0 212.36100000000008 15 960.0 -250.0 24 -51 71.213 38.895999999999994 50
1110.0 280.20099999999996 18 1230.0 -120.0 40 -69 116.256 45.78599999999999 8
1550.0 242.95299999999995 17 1770.0 -220.0 36 -51 105.178 71.604 22
2300.0 357.839 24 2490.0 -190.0 45 -89 122.32500000000002 102.14499999999997 22
1370.0 201.08500000000006 15 1680.0 -395.0 32 -47 84.20400000000004 50.08699999999998 79
1625.0 242.30099999999993 15 1740.0 -115.0 24 -57 93.24199999999999 65.42600000000002 17
1290.0 221.40800000000007 12 1410.0 -120.0 40 -58 72.51499999999999 52.19 8
1870.0 365.2 22 2010.0 -140.0 41 -82 129.40199999999996 98.698 12
1655.0 273.03499999999997 17 1890.0 -235.0 30 -69 90.02099999999999 79.166 41
1920.0 294.129 16 2160.0 -240.0 31 -73 86.20900000000002 79.79799999999999 48
1295.0 284.69900000000007 16 1950.0 -755.0 97 -71 88.22700000000002 67.93799999999999 151
1155.0 234.062 11 1410.0 -290.0 62 -58 79.16800000000002 58.13599999999999 42
1640.0 303.24899999999997 19 1800.0 -160.0 43 -73 98.62 72.71500000000002 16
1680.0 242.216 15 1830.0 -150.0 20 -65 80.6 74.76299999999999 30
2010.0 264.12699999999995 15 2130.0 -120.0 40 -62 94.79199999999999 90.32999999999997 8
1970.0 358.2680000000001 21 2250.0 -280.0 43 -89 113.27 93.27799999999999 32
1300.0 251.83999999999997 15 1530.0 -230.0 30 -67 73.57099999999997 56.29599999999998 46
650.0 207.98099999999997 13 1110.0 -460.0 33 -56 74.03299999999999 49.20299999999999 92
1770.0 313.027 18 1890.0 -120.0 40 -79 103.37999999999998 85.21300000000001 8
1495.0 274.8669999999999 18 1740.0 -245.0 32 -72 90.79999999999997 75.514 49
1680.0 295.72400000000005 22 1800.0 -120.0 40 -75 111.72800000000001 69.695 8
1530.0 262.524 18 1650.0 -170.0 46 -60 89.28699999999998 75.55699999999999 18
2385.0 348.80100000000004 16 2520.0 -135.0 45 -85 86.46599999999995 110.85400000000003 9
2140.0 319.40599999999995 18 2340.0 -200.0 49 -66 131.90900000000002 95.24499999999999 24
1455.0 290.62999999999994 20 1560.0 -135.0 45 -79 89.71499999999997 55.979000000000006 9
1415.0 298.936 18 1680.0 -265.0 48 -72 113.62199999999999 66.461 37
1755.0 292.92800000000005 17 1890.0 -135.0 42 -79 108.24399999999999 63.56000000000001 11
2325.0 282.5799999999999 16 2580.0 -360.0 68 -60 119.22300000000003 92.982 58
1760.0 315.29899999999986 16 1980.0 -220.0 36 -77 127.68800000000005 69.79499999999997 22
1240.0 273.384 16 1560.0 -405.0 43 -65 81.66099999999997 63.094 81
1740.0 298.1999999999999 17 1860.0 -120.0 40 -69 107.42899999999997 78.35 8
1210.0 221.90600000000003 19 1410.0 -200.0 50 -49 78.45600000000002 64.86899999999999 24
1800.0 269.053 15 1980.0 -180.0 23 -70 89.82100000000003 80.04499999999999 36
1280.0 297.06999999999994 19 1500.0 -250.0 46 -71 111.455 58.24099999999999 24
1790.0 291.7439999999999 19 2010.0 -220.0 36 -71 93.09199999999997 90.48700000000002 22
1530.0 230.87899999999996 11 1650.0 -270.0 52 -55 94.69000000000001 60.186999999999976 38
1470.0 264.8190000000001 16 1860.0 -495.0 96 -63 85.81 77.25999999999999 73
1820.0 288.33000000000004 20 2100.0 -325.0 63 -81 79.88199999999999 78.58499999999998 51
1990.0 302.56399999999996 15 2160.0 -170.0 25 -70 89.68299999999996 79.35499999999999 32
1070.0 297.0399999999999 13 1560.0 -490.0 44 -79 92.70200000000003 57.84599999999999 98
1500.0 319.4359999999999 15 1890.0 -510.0 44 -75 93.656 76.48700000000001 102
1680.0 317.87499999999994 13 1800.0 -120.0 40 -81 93.29399999999998 72.83200000000001 8
1740.0 295.447 18 1950.0 -210.0 35 -74 107.098 73.11199999999998 21
2035.0 344.943 17 2400.0 -395.0 40 -74 119.814 108.82899999999997 75
2640.0 362.17500000000007 16 2760.0 -220.0 56 -84 125.27100000000002 109.406 18
1555.0 291.061 19 1770.0 -215.0 34 -67 97.92899999999996 84.55700000000002 39
1170.0 214.21800000000002 14 1290.0 -120.0 40 -55 74.57800000000002 48.459999999999994 8
2535.0 315.61800000000005 18 2670.0 -165.0 55 -82 95.29199999999999 97.282 11
1290.0 254.65700000000007 16 1410.0 -120.0 40 -64 96.461 50.233 8
1560.0 290.09499999999997 16 1830.0 -270.0 43 -72 105.05699999999999 67.57099999999998 33
1710.0 331.306 24 1830.0 -120.0 40 -81 124.57199999999997 81.933 8
1560.0 281.574 15 1680.0 -120.0 40 -69 106.40000000000002 68.90199999999999 8
1800.0 260.759 16 2040.0 -240.0 20 -66 100.05100000000004 75.59199999999998 48
1485.0 286.015 18 1740.0 -380.0 52 -68 106.985 68.291 60
1565.0 228.018 17 1890.0 -325.0 42 -63 84.717 55.45099999999999 44
1815.0 239.274 16 1980.0 -165.0 22 -63 87.537 74.14599999999997 33
1250.0 332.35700000000014 21 1650.0 -435.0 79 -79 124.87499999999999 68.124 69
1495.0 242.90800000000007 20 1650.0 -170.0 49 -66 85.49699999999999 59.84499999999999 16
1635.0 352.25699999999995 19 1860.0 -335.0 84 -85 110.15099999999998 83.83100000000002 37
990.0 286.01300000000003 20 1410.0 -490.0 60 -75 106.08299999999998 54.14499999999999 74
1560.0 311.57099999999997 22 1680.0 -120.0 40 -76 125.22799999999997 52.550999999999995 8
1740.0 297.8310000000001 21 1860.0 -120.0 40 -71 108.184 67.65999999999998 8
2115.0 352.10100000000017 17 2280.0 -220.0 50 -71 131.25000000000003 95.87299999999998 30
1065.0 204.91 16 1440.0 -465.0 45 -54 66.666 59.273999999999994 93
1290.0 281.46199999999993 19 1410.0 -120.0 40 -74 98.975 51.014999999999986 8
1320.0 236.69900000000004 14 1440.0 -260.0 51 -58 84.41499999999998 51.13499999999999 36
1200.0 233.10000000000002 13 1410.0 -210.0 35 -57 87.99799999999999 61.449 21
1815.0 312.6089999999999 18 2070.0 -390.0 33 -72 105.23 83.41999999999999 78
1410.0 286.73399999999987 18 1710.0 -300.0 31 -66 91.208 86.97399999999999 60
1910.0 298.9060000000002 22 2250.0 -440.0 58 -72 107.55999999999999 96.10899999999997 88
1590.0 290.414 16 1710.0 -120.0 40 -78 90.48099999999998 66.92999999999998 8
1705.0 328.9940000000001 20 2130.0 -470.0 62 -73 115.06700000000001 96.169 94
1875.0 221.41099999999992 13 2160.0 -285.0 41 -55 71.80699999999999 72.52899999999998 36
1755.0 277.9459999999999 19 1860.0 -105.0 35 -67 113.48299999999999 62.969 7
1950.0 267.922 18 2130.0 -180.0 24 -70 94.149 78.51599999999998 36
1870.0 296.19699999999995 17 2130.0 -260.0 28 -66 102.39899999999996 95.638 52
1800.0 323.56300000000005 19 1920.0 -120.0 40 -87 95.50999999999998 75.30899999999997 8
2115.0 323.92999999999995 20 2220.0 -105.0 35 -76 116.16000000000003 91.38200000000002 7
2280.0 324.037 19 2400.0 -120.0 40 -86 110.82700000000003 97.33000000000001 8
1515.0 300.362 19 1650.0 -135.0 45 -77 105.824 70.28799999999998 9
1295.0 305.2830000000001 16 1680.0 -425.0 61 -67 102.11800000000001 75.63399999999999 75
1630.0 285.90399999999994 18 1860.0 -230.0 30 -76 117.32799999999999 64.658 46
2015.0 364.50400000000013 19 2280.0 -605.0 59 -88 125.03699999999999 93.38700000000001 100
885.0 246.85700000000006 16 1200.0 -335.0 73 -59 89.6 52.38599999999998 30
2730.0 379.35599999999994 20 2940.0 -210.0 35 -82 155.41900000000004 114.59399999999994 21
1350.0 224.75000000000003 17 1530.0 -180.0 24 -62 74.83299999999998 54.282999999999994 36
1685.0 295.07099999999997 15 1890.0 -205.0 33 -71 91.55300000000003 79.37200000000003 37
1180.0 228.91599999999997 18 1320.0 -140.0 18 -62 77.648 43.86299999999999 28
1485.0 244.611 21 1620.0 -135.0 45 -71 87.26399999999995 58.66 9
860.0 235.01100000000002 17 1080.0 -220.0 36 -59 84.728 43.77099999999999 22
1680.0 302.86 21 1800.0 -120.0 40 -77 107.67399999999998 73.16299999999998 8
1740.0 281.367 18 1860.0 -120.0 40 -73 101.00699999999996 67.655 8
1245.0 258.17800000000005 20 1590.0 -345.0 31 -68 71.35299999999998 69.18399999999998 69
1920.0 292.791 14 2040.0 -120.0 40 -71 96.85300000000001 85.41100000000004 8
1500.0 295.7219999999999 25 1620.0 -120.0 40 -75 92.746 71.58399999999996 8
1045.0 255.86300000000006 16 1410.0 -365.0 33 -63 83.05300000000001 63.38099999999999 73
1595.0 250.14400000000003 17 1710.0 -115.0 24 -64 87.378 61.057 17
1535.0 240.86200000000008 14 1710.0 -175.0 23 -66 65.44499999999998 69.97499999999998 35
1445.0 260.62500000000006 11 1680.0 -235.0 30 -64 80.15100000000001 61.270999999999994 47
845.0 236.402 13 1110.0 -265.0 26 -56 70.071 57.976999999999975 53
2190.0 349.324 19 2310.0 -120.0 40 -81 124.45100000000001 98.87799999999997 8
1140.0 276.52500000000003 22 1260.0 -120.0 40 -73 101.49099999999997 51.501999999999995 8
1060.0 331.19 20 1230.0 -170.0 51 -87 108.654 55.26699999999999 14
1245.0 268.93299999999994 18 1380.0 -135.0 45 -70 104.82499999999999 52.62799999999999 9
2255.0 291.51499999999993 16 2460.0 -205.0 53 -84 80.60199999999999 93.53299999999999 23
1545.0 362.35399999999987 22 1920.0 -405.0 47 -90 123.46000000000002 76.81899999999999 77
1665.0 225.3269999999999 15 2160.0 -495.0 39 -53 75.78800000000003 86.63999999999997 99
2050.0 321.01000000000005 16 2490.0 -470.0 98 -75 116.26100000000005 99.45399999999998 43
1890.0 345.11199999999997 22 2010.0 -120.0 40 -88 114.747 73.758 8
1215.0 208.73000000000002 16 1320.0 -105.0 35 -62 59.10699999999999 52.400999999999996 7
1560.0 236.86499999999998 16 1770.0 -210.0 41 -57 90.05099999999997 61.136999999999986 28
1650.0 268.33 14 1770.0 -120.0 40 -67 84.72700000000002 72.78899999999999 8
1765.0 326.3109999999999 17 2040.0 -340.0 34 -75 113.81700000000001 91.39799999999995 68
955.0 228.02599999999998 17 1440.0 -485.0 39 -67 73.444 51.32099999999998 97
970.0 290.603 17 1110.0 -140.0 41 -73 107.60599999999997 41.24399999999999 12
1480.0 309.52699999999993 18 1860.0 -380.0 52 -68 135.84 67.52199999999996 62
1590.0 276.589 12 1830.0 -270.0 50 -68 84.65200000000002 85.17699999999996 26
1090.0 208.74000000000007 12 1230.0 -140.0 18 -52 68.80300000000004 50.97399999999999 28
1230.0 212.447 18 1350.0 -150.0 50 -62 61.821999999999996 46.45899999999999 10
2070.0 304.2209999999999 18 2190.0 -120.0 40 -80 95.39699999999999 85.93799999999997 8
2130.0 360.888 25 2250.0 -135.0 45 -84 125.06799999999998 99.895 9
2145.0 321.8350000000001 17 2250.0 -105.0 35 -81 107.21600000000004 96.68599999999998 7
1645.0 236.891 18 1920.0 -275.0 31 -60 85.85700000000003 77.16299999999998 55
1815.0 341.5009999999999 17 1950.0 -135.0 33 -77 122.197 82.72800000000001 17
2670.0 373.622 18 2820.0 -150.0 50 -81 136.20700000000002 113.39499999999997 10
1250.0 167.96500000000003 11 1350.0 -100.0 13 -46 51.90999999999998 50.84099999999999 20
1280.0 286.344 14 1560.0 -280.0 32 -75 89.24000000000001 60.11799999999999 56
2245.0 254.713 13 2550.0 -305.0 23 -65 91.54200000000002 85.57199999999999 61
2100.0 329.86199999999997 18 2220.0 -120.0 40 -88 94.54999999999998 92.86400000000002 8
1040.0 227.55399999999997 19 1320.0 -280.0 34 -70 69.16199999999999 40.574 50
1680.0 292.78999999999985 17 1890.0 -210.0 35 -64 116.91500000000005 74.48499999999999 21
1790.0 206.644 12 1950.0 -160.0 45 -50 69.54099999999998 80.51999999999995 16
760.0 244.638 15 1140.0 -415.0 62 -63 81.537 45.00899999999999 59
1290.0 277.984 16 1410.0 -120.0 40 -72 88.899 50.39599999999999 8
1185.0 342.099 21 1530.0 -345.0 73 -83 116.22599999999997 71.14599999999997 51
1440.0 332.1670000000001 19 1560.0 -120.0 40 -82 122.10300000000002 67.22 8
1790.0 340.47400000000005 16 2010.0 -220.0 50 -94 84.774 85.52499999999998 28
1020.0 263.92600000000004 18 1260.0 -240.0 40 -62 89.52799999999999 59.51399999999999 24
1805.0 243.56499999999997 17 1920.0 -115.0 24 -62 93.27000000000004 69.413 17
775.0 189.48499999999999 10 990.0 -215.0 19 -50 62.071 37.214999999999996 43
1125.0 234.14999999999998 14 1560.0 -505.0 51 -60 80.54599999999998 54.875 95
715.0 218.12899999999996 13 1200.0 -540.0 66 -56 72.06899999999999 45.548999999999985 92
1675.0 321.69500000000005 18 1980.0 -305.0 30 -78 113.66499999999999 83.599 61
1455.0 218.83700000000005 14 1560.0 -105.0 35 -65 63.93499999999998 33.761 7
1670.0 330.6979999999999 20 1890.0 -220.0 36 -83 117.86399999999995 71.148 22
1170.0 258.268 20 1530.0 -360.0 47 -69 89.50499999999998 63.53699999999998 51
1590.0 322.15899999999993 18 1770.0 -180.0 44 -67 121.888 70.41099999999996 20
1725.0 252.88199999999998 18 1830.0 -105.0 35 -62 94.13000000000002 70.02100000000002 7
1540.0 238.17400000000006 14 1950.0 -410.0 44 -58 85.68199999999999 60.53900000000002 82
1440.0 239.688 14 1560.0 -120.0 40 -64 74.867 63.164999999999985 8
990.0 296.8220000000001 18 1140.0 -150.0 47 -78 92.42999999999999 46.82799999999999 12
1540.0 233.0420000000001 17 1860.0 -320.0 26 -65 79.56199999999998 65.22999999999998 64
1480.0 238.37599999999998 16 1710.0 -230.0 54 -59 100.56200000000001 57.99399999999998 28
2055.0 332.09099999999995 18 2280.0 -225.0 43 -74 120.20699999999998 97.95199999999998 31
935.0 216.24699999999999 16 1110.0 -175.0 23 -59 62.27099999999999 50.11399999999998 35
2190.0 333.26699999999994 19 2310.0 -120.0 40 -85 112.625 88.886 8
1350.0 250.12600000000006 17 1560.0 -210.0 35 -69 87.09699999999998 50.273999999999994 21
1765.0 243.26300000000006 15 1950.0 -185.0 24 -66 79.10400000000003 70.613 37
1620.0 267.007 14 1740.0 -120.0 40 -66 92.33500000000002 65.53 8
1710.0 307.35699999999997 19 1920.0 -335.0 36 -72 104.80499999999998 82.72600000000001 67
900.0 252.74200000000002 16 1380.0 -480.0 52 -68 82.038 61.514 96
1395.0 299.207 21 1530.0 -135.0 45 -72 99.39999999999999 76.64099999999999 9
1295.0 240.468 15 1500.0 -205.0 47 -72 61.763999999999996 53.53699999999999 27
1590.0 268.60499999999996 23 1710.0 -120.0 40 -77 77.77899999999997 65.46999999999998 8
1685.0 303.30200000000013 19 2130.0 -445.0 36 -69 122.802 75.855 89
2115.0 273.68899999999996 19 2220.0 -105.0 35 -68 104.45400000000001 77.83199999999997 7
1860.0 306.15299999999985 18 1980.0 -245.0 48 -79 105.505 81.00899999999999 33
2235.0 321.73999999999995 17 2370.0 -135.0 45 -88 85.45699999999998 89.512 9
2130.0 304.521 27 2250.0 -120.0 40 -79 106.91099999999997 95.593 8
2335.0 286.866 18 2580.0 -365.0 40 -68 108.98300000000003 93.408 73
1425.0 342.94199999999995 24 1530.0 -105.0 35 -83 133.058 73.41199999999999 7
900.0 258.9299999999999 17 1140.0 -240.0 40 -74 81.39699999999998 47.28399999999999 24
1575.0 341.017 21 1710.0 -135.0 45 -85 127.53100000000002 68.182 9
1340.0 306.014 19 1560.0 -220.0 36 -72 119.75100000000002 68.03099999999999 22
1630.0 291.51799999999986 18 1920.0 -360.0 59 -67 102.525 74.525 56
1170.0 195.274 11 1290.0 -120.0 40 -56 42.89999999999999 51.411999999999985 8
1140.0 234.34999999999997 13 1380.0 -240.0 40 -63 77.29000000000002 56.280000000000015 24
1410.0 310.30799999999994 19 1530.0 -150.0 50 -79 114.57699999999997 63.74199999999999 10
1375.0 277.53899999999993 19 1590.0 -215.0 28 -71 84.252 61.098999999999975 43
2290.0 242.59700000000007 13 2490.0 -200.0 26 -70 85.97200000000004 70.02599999999998 40
1950.0 290.799 20 2100.0 -150.0 44 -78 104.79800000000003 70.42999999999998 14
1330.0 220.96199999999993 15 1590.0 -260.0 42 -67 61.40499999999998 55.51899999999999 29
1145.0 205.30300000000003 15 1470.0 -325.0 33 -55 73.80000000000001 54.115 65
1665.0 339.56399999999996 23 1770.0 -105.0 35 -83 129.652 72.16399999999999 7
840.0 201.47400000000002 14 1020.0 -180.0 15 -52 70.67599999999997 37.74399999999999 36
1735.0 328.1170000000001 23 2040.0 -305.0 38 -85 120.11300000000003 80.11699999999998 55
2000.0 244.57000000000008 17 2190.0 -190.0 25 -62 82.37899999999998 79.309 38
2380.0 302.7459999999998 16 2670.0 -290.0 34 -81 102.41699999999999 89.14799999999998 58
1590.0 300.2450000000001 24 1710.0 -120.0 40 -77 95.651 72.21200000000002 8
2175.0 311.2819999999999 25 2280.0 -105.0 35 -74 123.47399999999998 90.01200000000001 7
1845.0 282.0930000000001 18 2130.0 -355.0 58 -69 97.50599999999996 74.195 55
1775.0 345.38999999999993 22 1980.0 -205.0 44 -85 128.12800000000001 76.09399999999998 25
2025.0 300.9670000000001 18 2130.0 -200.0 42 -72 99.87000000000003 99.515 26
2385.0 346.669 20 2490.0 -105.0 35 -77 146.40700000000004 88.21799999999999 7
2140.0 371.05200000000013 13 2490.0 -350.0 39 -85 129.087 90.381 70
1650.0 304.202 18 1770.0 -120.0 40 -72 122.40499999999997 70.50399999999999 8
1050.0 229.61100000000008 20 1230.0 -180.0 23 -63 76.77499999999999 53.89899999999999 36
2775.0 348.678 23 2880.0 -105.0 35 -76 145.64600000000002 101.21499999999999 7
1635.0 274.233 18 1740.0 -105.0 35 -69 96.44299999999997 65.765 7
1290.0 293.91 17 1560.0 -270.0 35 -66 95.851 76.22399999999999 54
2580.0 401.4560000000001 16 2730.0 -150.0 50 -97 130.94 97.72300000000001 10
770.0 220.039 13 1020.0 -250.0 24 -56 66.37899999999999 34.02799999999999 50
2115.0 289.133 19 2220.0 -105.0 35 -76 94.259 85.25999999999998 7
1170.0 261.89699999999993 17 1410.0 -240.0 40 -70 84.10799999999998 55.43999999999999 24
1370.0 386.44500000000005 17 1740.0 -480.0 67 -92 116.63299999999998 70.12999999999998 80
1850.0 277.25700000000006 13 2070.0 -220.0 51 -64 82.55699999999999 82.968 26
2145.0 264.015 14 2250.0 -105.0 35 -75 73.96200000000002 76.22999999999999 7
1175.0 265.286 22 1470.0 -295.0 29 -70 88.28999999999998 58.81499999999999 59
965.0 274.30099999999993 17 1200.0 -235.0 54 -74 91.73899999999996 44.13700000000001 29
1795.0 274.238 15 2040.0 -245.0 29 -71 92.28899999999997 79.817 47
1270.0 288.021 15 1500.0 -260.0 48 -71 93.98799999999999 68.23800000000003 25
1235.0 233.55599999999995 19 1410.0 -175.0 23 -67 70.627 45.203 35
1570.0 231.33400000000003 10 2100.0 -545.0 99 -69 66.77099999999999 58.655 93
1680.0 266.15 21 1890.0 -210.0 41 -65 82.99599999999998 72.886 28
1255.0 210.552 18 1440.0 -185.0 24 -61 58.00599999999998 51.917999999999985 37
1650.0 311.163 20 1770.0 -120.0 40 -80 115.52100000000002 62.71300000000004 8
1755.0 250.73600000000008 12 2010.0 -255.0 36 -74 54.02299999999999 61.254000000000005 49
1410.0 274.84499999999997 17 1710.0 -300.0 42 -70 102.78099999999999 58.717 39
2155.0 337.46799999999996 15 2310.0 -155.0 43 -78 116.989 92.98699999999998 15
1050.0 233.597 16 1290.0 -240.0 58 -51 85.29400000000001 50.519 30
2470.0 359.163 20 2700.0 -230.0 36 -89 122.81000000000002 110.66499999999998 42
1515.0 248.05000000000004 16 1740.0 -225.0 46 -63 81.134 74.064 29
1770.0 259.07499999999993 17 2070.0 -300.0 30 -61 98.239 79.16699999999999 60
1090.0 261.16100000000006 16 1320.0 -230.0 47 -70 81.744 44.867 30
1260.0 216.53899999999996 13 1740.0 -480.0 47 -62 72.048 65.87899999999996 96
2160.0 316.0340000000001 16 2280.0 -120.0 40 -76 106.968 91.215 8
1290.0 212.63499999999996 14 1470.0 -210.0 51 -59 64.51199999999999 46.324 24
790.0 247.96699999999998 15 1050.0 -260.0 21 -61 78.327 42.031000000000006 52
1845.0 283.1469999999999 16 2070.0 -225.0 43 -69 104.39499999999998 73.59800000000001 31
1790.0 263.89799999999997 16 2040.0 -250.0 29 -75 84.74999999999999 70.50500000000001 50
1605.0 294.2439999999999 16 1710.0 -105.0 35 -76 101.934 64.39099999999999 7
1845.0 285.11400000000003 19 1950.0 -225.0 43 -72 102.40699999999998 74.48799999999999 31
2260.0 349.462 18 2490.0 -230.0 54 -74 137.54600000000002 100.606 30
1470.0 284.3569999999999 19 1590.0 -120.0 40 -66 102.43199999999999 69.829 8
1770.0 339.34299999999996 13 1890.0 -120.0 40 -84 106.82499999999999 79.12800000000004 8
1080.0 240.30899999999994 16 1320.0 -240.0 40 -71 81.52499999999999 40.321999999999996 24
2160.0 344.7119999999998 21 2310.0 -150.0 50 -94 106.29299999999998 79.59199999999998 10
2235.0 362.41700000000014 18 2340.0 -120.0 40 -75 144.84100000000004 99.73299999999999 8
1185.0 216.9 17 1290.0 -105.0 35 -61 76.33899999999998 45.378 7
995.0 233.66700000000003 14 1320.0 -325.0 47 -66 76.45099999999998 46.46399999999999 41
920.0 207.45600000000005 16 1020.0 -100.0 13 -53 63.09599999999999 53.887999999999984 20
975.0 231.26400000000004 12 1290.0 -400.0 53 -57 87.069 51.22499999999998 66
1690.0 277.20300000000003 19 1890.0 -200.0 26 -71 101.901 78.05999999999997 40
1710.0 322.729 17 1830.0 -310.0 52 -71 120.33600000000001 82.20599999999999 48
1335.0 229.02900000000002 17 1560.0 -385.0 37 -62 70.149 59.32199999999999 77
2250.0 368.39799999999997 20 2370.0 -120.0 40 -85 144.217 91.52 8
1640.0 265.19200000000006 18 1860.0 -220.0 29 -68 93.99300000000001 74.319 44
1200.0 244.08000000000015 15 1470.0 -270.0 30 -65 61.522999999999996 65.72900000000001 50
1440.0 244.72499999999997 15 1560.0 -120.0 40 -65 78.45299999999996 61.096 8
905.0 274.06399999999996 17 1140.0 -235.0 43 -78 83.358 41.015 39
2615.0 330.62899999999996 13 2940.0 -325.0 34 -74 115.84599999999999 111.18 65
2275.0 325.3409999999999 16 2610.0 -370.0 75 -78 101.773 107.63399999999997 56
2100.0 264.65500000000003 17 2280.0 -305.0 32 -60 102.55500000000002 89.133 61
1090.0 278.17400000000004 17 1350.0 -260.0 38 -61 107.487 56.79299999999999 46
1150.0 213.24799999999988 15 1410.0 -480.0 54 -55 71.098 61.362999999999985 96
1470.0 301.341 21 1590.0 -120.0 40 -83 102.17299999999999 69.52699999999999 8
1650.0 237.76399999999998 18 1740.0 -90.0 30 -64 74.03799999999998 69.79499999999999 6
1770.0 301.993 21 1890.0 -120.0 40 -80 101.17299999999997 75.329 8
1115.0 222.85300000000007 20 1560.0 -475.0 56 -61 82.021 56.59899999999999 80
1090.0 205.52799999999996 14 1410.0 -350.0 51 -47 83.41999999999997 53.81199999999999 55
1830.0 299.94199999999995 23 1950.0 -375.0 61 -73 99.00800000000001 76.19000000000001 59
1800.0 344.042 21 2010.0 -210.0 35 -81 127.50999999999999 82.03500000000001 21
1715.0 317.497 18 2010.0 -295.0 48 -80 92.95199999999997 65.26300000000002 45
1470.0 260.77 12 2040.0 -570.0 65 -64 105.42799999999998 62.581999999999965 93
1125.0 173.1990000000001 12 1260.0 -135.0 18 -49 56.92100000000002 49.08699999999999 27
1260.0 210.63199999999998 21 1440.0 -180.0 24 -52 76.71999999999998 67.87599999999999 36
855.0 286.889 16 1410.0 -655.0 47 -66 95.64500000000001 62.715999999999994 131
1735.0 277.1739999999999 20 1890.0 -155.0 41 -72 89.13199999999999 67.06399999999998 17
1215.0 243.87600000000003 17 1320.0 -105.0 35 -72 74.428 53.833999999999996 7
1225.0 292.60300000000007 15 1590.0 -435.0 78 -71 93.40600000000002 75.91099999999999 73
1920.0 323.6819999999998 22 2040.0 -120.0 40 -89 103.11899999999997 70.74699999999999 8
1740.0 266.14699999999993 14 1860.0 -290.0 54 -63 106.82999999999998 68.02200000000002 42
1725.0 270.425 16 1830.0 -105.0 35 -71 93.92500000000001 70.47899999999998 7
2085.0 298.74299999999994 18 2190.0 -105.0 35 -83 87.96800000000002 81.69199999999996 7
2040.0 348.13599999999997 22 2160.0 -120.0 40 -87 111.156 88.46899999999997 8
1075.0 305.38899999999984 18 1380.0 -305.0 40 -80 94.769 66.20499999999998 61
1215.0 248.05400000000006 21 1350.0 -135.0 45 -74 95.10199999999999 45.425999999999995 9
1830.0 295.32599999999996 19 1950.0 -120.0 40 -74 98.50099999999999 85.90299999999996 8
1265.0 216.34299999999996 15 1560.0 -295.0 23 -61 70.02399999999999 56.900999999999975 59
1565.0 278.10100000000006 17 1770.0 -205.0 47 -68 80.232 74.76999999999998 25
1860.0 302.72299999999996 22 1980.0 -120.0 40 -73 113.54399999999997 88.74499999999999 8
2655.0 379.21100000000007 21 2820.0 -165.0 43 -91 127.20400000000004 118.201 19
1440.0 302.1479999999999 18 1590.0 -150.0 44 -77 102.536 67.81699999999996 14
1425.0 260.6950000000001 18 1560.0 -135.0 18 -62 111.06400000000002 61.672999999999995 27
1105.0 195.695 13 1260.0 -155.0 44 -58 56.86699999999999 43.021 15
800.0 186.25699999999995 16 1080.0 -280.0 50 -48 71.23299999999999 37.769 40
2355.0 313.48699999999997 14 2490.0 -135.0 45 -74 118.62400000000004 88.45999999999998 9
740.0 198.33700000000005 13 1200.0 -485.0 71 -56 60.01899999999999 50.79999999999999 75
1920.0 309.684 24 2040.0 -120.0 40 -76 123.80000000000001 78.22699999999996 8
2355.0 287.1259999999999 14 2460.0 -105.0 35 -77 94.64799999999998 83.09299999999999 7
1185.0 221.1 14 1290.0 -105.0 35 -60 64.93499999999999 44.689 7
1700.0 264.23900000000003 17 1860.0 -160.0 29 -67 94.06899999999999 77.159 26
1530.0 222.1020000000001 19 1680.0 -150.0 20 -63 79.31099999999999 64.88300000000001 30
1965.0 284.19699999999995 16 2070.0 -105.0 35 -71 91.37 79.63899999999995 7
1455.0 239.61700000000005 16 1710.0 -270.0 35 -65 80.59 66.606 52
1445.0 250.19599999999997 16 1710.0 -265.0 51 -71 82.37099999999998 53.61199999999998 37
1755.0 348.32199999999995 21 1860.0 -105.0 35 -83 128.435 83.11099999999999 7
1440.0 284.5709999999999 15 1560.0 -135.0 45 -65 101.90100000000002 60.26699999999998 9
2210.0 300.305 11 2430.0 -220.0 40 -73 80.03200000000001 96.74699999999999 32
2205.0 304.41699999999986 18 2340.0 -135.0 45 -78 92.398 96.82599999999996 9
995.0 261.269 18 1290.0 -295.0 40 -64 95.298 54.79 53
1740.0 262.5189999999999 19 1980.0 -400.0 52 -60 92.84499999999998 84.79399999999998 59
2190.0 325.516 21 2310.0 -120.0 40 -84 105.06799999999997 100.18199999999999 8
1485.0 307.63999999999993 18 1620.0 -250.0 52 -75 102.13299999999998 74.094 32
1115.0 258.67300000000006 17 1530.0 -450.0 67 -71 99.11699999999996 48.189 65
1800.0 336.2809999999999 20 1920.0 -120.0 40 -85 106.85899999999997 82.74000000000002 8
1110.0 279.25 20 1350.0 -240.0 40 -69 89.019 57.14299999999998 24
1485.0 287.90199999999993 17 1710.0 -225.0 50 -71 91.28399999999999 83.74600000000001 29
1230.0 230.77300000000002 15 1470.0 -240.0 40 -61 85.71199999999999 46.934 24
1015.0 294.2640000000001 15 1410.0 -395.0 65 -72 97.07499999999999 61.93000000000002 54
2045.0 260.226 14 2220.0 -175.0 32 -69 88.96500000000002 78.34 29
2070.0 311.37899999999996 24 2190.0 -120.0 40 -81 109.84200000000001 79.69199999999998 8
1145.0 278.98300000000006 18 1350.0 -205.0 27 -69 86.72999999999999 73.411 41
2030.0 321.83300000000014 19 2190.0 -160.0 42 -82 110.057 82.99900000000002 16
1350.0 281.87899999999996 20 1560.0 -210.0 35 -73 104.54699999999998 68.79699999999998 21
1630.0 291.9809999999999 19 1860.0 -230.0 38 -72 92.555 86.43799999999993 23
1350.0 229.14200000000002 12 1740.0 -390.0 26 -55 66.21800000000002 63.707 78
2540.0 333.139 16 2760.0 -220.0 48 -82 122.42399999999999 96.06099999999998 28
1710.0 263.2920000000001 16 1830.0 -120.0 40 -66 100.42600000000002 66.09299999999999 8
1470.0 255.19499999999996 17 1590.0 -120.0 40 -68 88.167 54.313 8
990.0 263.8960000000001 13 1380.0 -425.0 65 -69 89.761 62.573999999999984 61
1860.0 315.077 20 2250.0 -390.0 60 -80 94.399 90.623 62
2205.0 284.11299999999994 17 2310.0 -105.0 35 -71 95.00999999999998 82.342 7
1590.0 270.14000000000004 16 1920.0 -330.0 43 -64 87.79699999999997 85.014 60
1560.0 310.293 18 1860.0 -300.0 37 -78 101.03000000000004 66.118 56
870.0 191.27600000000004 13 1050.0 -180.0 15 -57 51.96699999999999 35.757 36
780.0 280.1640000000001 9 1770.0 -990.0 54 -54 90.73900000000006 72.97899999999994 177
1185.0 216.24799999999996 14 1290.0 -105.0 35 -59 62.32099999999999 52.031 7
1495.0 268.15900000000005 15 1740.0 -395.0 112 -66 86.74199999999998 79.25599999999997 39
1875.0 295.768 20 1980.0 -105.0 35 -74 92.76599999999998 76.74899999999998 7
1635.0 313.59399999999994 19 1740.0 -105.0 35 -71 109.588 77.29899999999999 7
1350.0 264.5590000000001 18 1560.0 -210.0 41 -65 102.12099999999997 59.743999999999986 28
1805.0 340.8839999999999 19 2130.0 -325.0 34 -80 120.84300000000003 76.41499999999998 65
3075.0 366.3950000000001 16 3210.0 -315.0 69 -79 123.05800000000005 129.817 45
970.0 226.508 12 1260.0 -365.0 47 -56 79.31 55.297999999999995 52
1065.0 260.363 20 1530.0 -465.0 41 -67 96.32499999999997 59.476 93
970.0 300.00899999999996 21 1350.0 -380.0 41 -77 112.71999999999996 46.638999999999996 76
1190.0 254.711 16 1410.0 -300.0 63 -67 76.466 55.37499999999999 44
1860.0 304.15199999999993 16 2070.0 -330.0 51 -68 124.11099999999999 79.35300000000004 45
3150.0 466.93199999999996 24 3270.0 -120.0 40 -98 192.81100000000004 154.212 8
1845.0 266.64900000000006 20 1950.0 -105.0 35 -71 92.41300000000001 71.72599999999998 7
1510.0 290.73 19 1800.0 -290.0 38 -73 91.497 78.71999999999998 58
1545.0 267.09799999999996 15 1650.0 -160.0 42 -64 92.68699999999998 75.65399999999998 18
1590.0 254.37400000000005 19 1800.0 -210.0 35 -77 85.439 52.067 21
2010.0 287.39899999999994 19 2220.0 -210.0 35 -74 109.42500000000003 76.49599999999998 21
2310.0 242.617 19 2430.0 -120.0 40 -73 70.42799999999998 73.987 8
1195.0 277.34900000000005 19 1650.0 -455.0 50 -76 90.58099999999996 73.157 91
675.0 262.227 19 1200.0 -540.0 99 -65 85.12699999999997 50.779999999999994 92
790.0 230.78800000000004 15 1140.0 -350.0 41 -57 86.79499999999999 47.196 49
1825.0 343.4920000000001 21 2010.0 -240.0 55 -83 105.65999999999998 88.78599999999999 32
1545.0 303.8499999999999 18 1650.0 -105.0 35 -76 109.73199999999999 73.03 7
1480.0 275.42699999999996 17 1770.0 -290.0 29 -73 95.80199999999999 70.71100000000004 58
1950.0 266.4429999999999 22 2070.0 -120.0 40 -74 83.35799999999998 75.78899999999999 8
2415.0 332.04599999999994 22 2550.0 -135.0 45 -88 106.54099999999998 89.11600000000001 9
1080.0 278.58899999999994 19 1200.0 -120.0 40 -77 89.15000000000002 57.09799999999999 8
2450.0 383.5119999999999 16 2760.0 -340.0 59 -90 143.171 101.77799999999995 40
1695.0 346.01499999999993 20 2040.0 -345.0 45 -90 111.81299999999997 84.393 69
1255.0 275.4419999999997 18 1560.0 -330.0 67 -57 109.431 61.001 50
1710.0 296.957 18 1830.0 -120.0 40 -73 91.48299999999998 81.98699999999998 8
2370.0 328.487 15 2490.0 -120.0 40 -86 107.75200000000001 100.219 8
1315.0 226.652 16 1440.0 -125.0 25 -68 73.87599999999999 51.462999999999994 19
1690.0 260.4770000000001 18 2010.0 -460.0 44 -64 93.04899999999998 77.78699999999998 86
1410.0 276.3 16 1680.0 -270.0 35 -68 111.179 64.22299999999997 54
1590.0 343.5619999999999 18 1710.0 -135.0 45 -77 133.75199999999998 66.53399999999999 9
1645.0 225.877 17 1770.0 -220.0 23 -52 83.42799999999998 66.86500000000001 44
1770.0 281.43599999999986 20 1980.0 -210.0 35 -76 87.185 83.98699999999997 21
1905.0 242.627 17 2070.0 -165.0 22 -67 81.99600000000001 73.95999999999998 33
1360.0 243.74100000000004 18 1650.0 -290.0 54 -67 72.97899999999998 49.596000000000004 42
1425.0 257.88699999999994 20 1530.0 -105.0 35 -65 79.90099999999998 72.68399999999998 7
1710.0 245.56999999999994 17 1830.0 -210.0 70 -78 60.739 55.85899999999999 14
2055.0 327.36200000000025 18 2310.0 -350.0 52 -81 93.688 96.534 44
1545.0 286.82499999999993 23 1710.0 -165.0 25 -71 115.45799999999998 59.405999999999985 27
1110.0 330.1560000000002 20 1350.0 -240.0 40 -86 112.41399999999999 57.31399999999999 24
1220.0 237.58500000000004 13 1500.0 -280.0 28 -62 76.393 58.547000000000004 56
1280.0 286.4579999999999 21 1680.0 -400.0 105 -68 118.884 71.143 46
1060.0 294.4489999999999 16 1620.0 -560.0 114 -67 89.69599999999998 74.582 78
1160.0 257.33 21 1500.0 -340.0 53 -65 86.95699999999997 68.97799999999998 44
2160.0 404.7019999999999 26 2370.0 -210.0 47 -96 148.47599999999997 100.41999999999997 26
1350.0 273.14000000000004 15 1470.0 -120.0 40 -67 105.01499999999999 55.64099999999998 8
1835.0 295.0439999999999 19 2040.0 -205.0 28 -74 98.20899999999999 88.84599999999998 35
1435.0 252.755 15 1620.0 -185.0 24 -57 93.034 79.12299999999999 37
1740.0 259.363 15 2130.0 -390.0 62 -70 70.365 78.77000000000001 62
1240.0 228.13700000000009 18 1380.0 -200.0 26 -55 77.11699999999998 62.75399999999999 40
2160.0 357.75500000000005 18 2490.0 -330.0 54 -86 95.09799999999998 89.415 50
1190.0 236.61300000000003 12 1440.0 -415.0 63 -51 85.73899999999999 66.52699999999999 67
1830.0 263.07500000000005 18 1950.0 -120.0 40 -84 70.835 56.90499999999998 8
1490.0 282.85699999999997 16 1770.0 -310.0 41 -63 106.89800000000002 82.19200000000001 58
1380.0 269.401 20 1590.0 -210.0 35 -75 77.63199999999998 71.045 21
1695.0 249.16600000000005 14 1950.0 -255.0 25 -67 80.037 67.865 49
1530.0 233.64499999999998 15 1800.0 -270.0 59 -61 84.50199999999998 62.38600000000001 38
1035.0 183.09900000000002 14 1140.0 -105.0 35 -54 60.69500000000001 35.119 7
1260.0 242.36099999999996 15 1380.0 -120.0 40 -62 82.19999999999999 55.262 8
840.0 210.793 16 990.0 -150.0 38 -60 63.229 40.583 16
1615.0 299.83299999999997 14 1770.0 -155.0 20 -69 114.55200000000006 60.98999999999998 31
1290.0 312.77400000000006 20 1650.0 -425.0 64 -70 118.01399999999998 68.78899999999999 69
1500.0 272.22700000000003 17 1710.0 -280.0 61 -62 97.34699999999998 64.99000000000001 40
2085.0 289.94999999999993 17 2190.0 -105.0 35 -74 98.69999999999996 82.961 7
1620.0 299.9249999999999 19 2220.0 -660.0 101 -66 109.618 93.17299999999997 90
985.0 242.82400000000007 18 1200.0 -215.0 42 -67 84.04299999999999 40.58 29
1740.0 279.2189999999999 18 1920.0 -330.0 110 -69 104.42399999999999 69.21199999999997 22
790.0 256.5900000000001 18 1260.0 -500.0 73 -66 87.89099999999998 38.513999999999996 76
1400.0 235.2470000000001 20 1770.0 -440.0 65 -64 86.53599999999999 52.93299999999999 66
735.0 191.88699999999994 14 960.0 -225.0 51 -43 76.596 43.147 31
2220.0 340.42099999999994 25 2520.0 -300.0 54 -85 121.656 97.67599999999997 44
1260.0 239.887 15 1440.0 -180.0 15 -64 83.764 48.33099999999999 36
1215.0 270.71600000000007 19 1440.0 -225.0 30 -75 94.35199999999999 48.657 45
1425.0 316.1459999999999 21 1530.0 -105.0 35 -75 119.64999999999998 64.92800000000003 7
1080.0 268.71700000000004 13 1350.0 -270.0 41 -71 81.88300000000001 49.718 44
1310.0 277.67999999999995 19 1650.0 -370.0 49 -72 100.79499999999999 74.17499999999998 70
1485.0 317.392 22 1680.0 -260.0 45 -86 98.22200000000001 58.828999999999986 44
2095.0 344.88700000000006 19 2340.0 -245.0 37 -77 107.80100000000002 84.53299999999999 45
1810.0 298.719 17 1950.0 -140.0 27 -67 101.73500000000001 90.04999999999998 22
1660.0 285.5390000000001 18 1860.0 -305.0 61 -71 104.02900000000001 68.912 47
2090.0 289.21900000000005 17 2430.0 -340.0 28 -72 109.24600000000004 90.866 68
1695.0 292.908 14 1800.0 -105.0 35 -73 104.50500000000001 72.20799999999998 7
1875.0 287.88599999999997 21 1980.0 -105.0 35 -72 103.794 77.568 7
1875.0 326.70399999999995 22 2130.0 -255.0 41 -83 123.48799999999996 74.49099999999999 30
1275.0 243.43900000000005 15 1410.0 -135.0 45 -61 90.73 62.524 9
2190.0 347.7210000000001 21 2310.0 -120.0 40 -83 131.00800000000007 95.32099999999996 8
1950.0 286.667 19 2160.0 -210.0 35 -73 114.386 64.25699999999999 21
2070.0 306.913 20 2190.0 -150.0 50 -74 103.42800000000003 91.43399999999998 10
2035.0 372.68300000000005 26 2220.0 -425.0 80 -89 123.93900000000001 97.62 69
1515.0 324.6410000000001 13 1800.0 -285.0 40 -80 90.99800000000002 74.08000000000004 55
1770.0 332.8899999999999 19 2010.0 -240.0 40 -87 119.22999999999999 66.829 24
2050.0 299.0339999999998 19 2280.0 -230.0 38 -77 99.07 74.68799999999999 23
1630.0 263.66599999999994 17 2010.0 -380.0 41 -59 98.85600000000001 83.99699999999999 76
1135.0 249.731 15 1380.0 -245.0 32 -59 85.02799999999999 60.202999999999996 49
2130.0 275.70799999999997 21 2250.0 -120.0 40 -69 84.27799999999998 90.19500000000001 8
1410.0 268.628 18 1560.0 -150.0 42 -62 87.36500000000001 79.50099999999998 14
1705.0 314.26499999999993 20 1950.0 -245.0 48 -81 101.92099999999998 75.67999999999999 33
1935.0 250.16799999999998 17 2040.0 -105.0 35 -68 75.733 79.691 7
1575.0 293.195 19 1710.0 -135.0 45 -82 95.59999999999998 62.884000000000015 9
1440.0 274.3949999999999 23 1560.0 -120.0 40 -76 108.64499999999995 54.269 8
1485.0 323.47900000000004 15 1950.0 -485.0 98 -70 119.012 82.24799999999998 45
1110.0 232.00999999999996 16 1320.0 -210.0 35 -56 80.16 56.58 21
1260.0 204.70799999999988 17 1410.0 -150.0 44 -55 70.73199999999999 50.522999999999996 14
1575.0 313.14300000000003 19 1770.0 -245.0 59 -76 108.06499999999998 69.06599999999999 31
2070.0 288.227 18 2280.0 -460.0 84 -57 97.86600000000001 99.56099999999999 68
1320.0 276.991 19 1530.0 -210.0 35 -70 101.64099999999999 53.893999999999984 21
1405.0 288.8069999999999 24 1530.0 -125.0 25 -62 121.9 63.35499999999999 19
2205.0 313.95 19 2310.0 -105.0 35 -77 118.03200000000004 82.62199999999997 7
940.0 206.25900000000007 18 1140.0 -200.0 26 -60 69.32199999999999 42.698 40
1965.0 304.7729999999999 21 2130.0 -180.0 45 -65 116.14299999999999 88.03000000000003 20
1810.0 473.0109999999996 11 2280.0 -470.0 55 -68 114.04300000000003 87.83199999999997 57
1800.0 306.83400000000006 25 1920.0 -120.0 40 -82 112.40499999999999 67.74 8
1280.0 248.492 17 1530.0 -250.0 34 -66 80.09799999999998 61.45699999999999 44
1430.0 261.988 13 1740.0 -310.0 35 -65 61.49899999999998 70.10499999999999 56
2055.0 322.87999999999994 18 2190.0 -135.0 45 -90 93.79499999999999 86.292 9
690.0 218.25099999999998 15 810.0 -120.0 40 -60 68.798 36.696999999999996 8
2375.0 415.751 22 2580.0 -205.0 47 -95 143.676 105.96799999999998 25
1155.0 264.29200000000003 21 1800.0 -745.0 111 -69 83.02399999999999 66.243 96
1565.0 320.0189999999999 21 1740.0 -175.0 47 -71 117.14699999999998 70.32399999999998 19
1590.0 247.017 11 1710.0 -120.0 40 -65 72.29599999999999 63.55499999999998 8
1950.0 331.553 17 2310.0 -360.0 48 -92 92.80699999999997 79.86699999999999 66
1330.0 204.02100000000007 14 1620.0 -310.0 64 -44 82.91400000000003 60.619 46
1290.0 265.34399999999994 20 1410.0 -120.0 40 -68 93.916 56.641999999999996 8
950.0 250.53700000000003 18 1320.0 -370.0 49 -80 75.54899999999999 47.112 49
1560.0 203.2800000000001 18 1800.0 -480.0 36 -54 77.614 61.40899999999998 96
1790.0 299.633 19 2040.0 -250.0 33 -76 98.01200000000001 76.34299999999998 50
1060.0 257.76400000000007 16 1260.0 -200.0 29 -70 81.24900000000002 58.233 38
1650.0 274.13 17 1770.0 -120.0 40 -77 87.776 55.72299999999998 8
1695.0 240.42000000000013 11 1830.0 -135.0 18 -58 79.677 83.02999999999997 27
2190.0 270.987 17 2310.0 -120.0 40 -71 87.54200000000002 82.229 8
2445.0 319.9860000000001 16 2580.0 -135.0 45 -77 106.70800000000003 94.972 9
2210.0 355.1249999999999 19 2610.0 -400.0 75 -94 92.24499999999999 96.91800000000002 62
1350.0 277.7489999999999 21 1470.0 -120.0 40 -66 115.36299999999999 57.942 8
1705.0 346.592 19 2160.0 -455.0 77 -82 113.384 74.83999999999999 75
1665.0 299.159 19 1770.0 -105.0 35 -82 110.63599999999998 67.46999999999998 7
2015.0 310.799 16 2280.0 -405.0 49 -69 125.60199999999998 92.658 67
1230.0 270.78799999999995 15 1470.0 -240.0 40 -73 96.07900000000001 52.536 24
1920.0 296.29999999999995 16 2040.0 -120.0 40 -83 83.752 85.42499999999998 8
1710.0 356.53000000000003 19 1830.0 -120.0 40 -82 148.32500000000005 73.12199999999999 8
1260.0 291.84100000000007 22 1560.0 -400.0 61 -75 102.20599999999996 64.74799999999999 56
1065.0 242.267 16 1200.0 -135.0 39 -64 84.26 46.495 13
1500.0 233.75699999999998 17 1740.0 -240.0 40 -61 83.99799999999998 69.78799999999998 24
2190.0 270.65799999999996 19 2310.0 -170.0 46 -64 99.40799999999997 76.48200000000001 18
1850.0 292.09099999999995 20 2010.0 -160.0 21 -70 101.28900000000002 75.73799999999994 32
1065.0 287.8849999999998 16 1230.0 -165.0 46 -78 84.381 47.547999999999995 17
1290.0 182.76600000000005 16 1470.0 -180.0 24 -55 54.123999999999995 50.17299999999999 36
795.0 150.30000000000004 11 840.0 -45.0 15 -39 48.81999999999999 32.458999999999996 3
930.0 244.91600000000005 16 1050.0 -120.0 40 -60 83.75 55.01599999999999 8
2050.0 304.722 11 2340.0 -290.0 44 -62 94.36000000000001 95.57500000000002 54
2370.0 297.55699999999996 15 2520.0 -150.0 50 -78 71.38099999999997 104.69300000000003 10
1785.0 248.247 15 1920.0 -135.0 18 -61 88.65800000000002 79.30699999999997 27
2310.0 344.14699999999993 18 2430.0 -175.0 47 -76 115.37299999999996 102.16199999999996 19
2070.0 264.19 13 2190.0 -285.0 62 -69 90.03200000000001 82.82599999999996 41
2565.0 338.811 16 2670.0 -105.0 35 -78 123.86800000000002 96.77300000000002 7
2225.0 272.181 16 2340.0 -115.0 24 -68 94.198 80.79599999999999 17
1335.0 323.7239999999999 20 1530.0 -195.0 48 -79 109.05599999999994 67.48499999999999 23
1430.0 281.6069999999999 22 1650.0 -220.0 29 -66 97.228 79.915 44
1190.0 231.75500000000002 16 1410.0 -220.0 36 -61 76.914 57.651999999999994 22
1605.0 316.836 21 1710.0 -105.0 35 -80 106.63800000000002 75.01999999999998 7
1830.0 301.3229999999999 21 1950.0 -120.0 40 -82 96.059 71.18299999999998 8
900.0 268.2900000000001 16 1020.0 -120.0 40 -63 116.26199999999999 39.205 8
1655.0 309.4400000000001 18 1980.0 -325.0 36 -72 125.83800000000004 75.52399999999999 65
1200.0 262.02199999999993 16 1410.0 -225.0 40 -71 84.969 53.556999999999974 22
1305.0 306.03999999999996 15 1740.0 -435.0 39 -69 102.78800000000001 68.16600000000001 87
1050.0 307.51399999999995 20 1170.0 -120.0 40 -80 103.17499999999997 63.25199999999998 8
1205.0 257.04800000000006 16 1620.0 -415.0 64 -60 90.24500000000002 70.30799999999998 58
1700.0 296.2619999999999 13 1920.0 -220.0 24 -64 104.52600000000001 65.56199999999997 44
1260.0 296.97299999999996 15 1500.0 -240.0 40 -68 108.138 63.833999999999975 24
1030.0 259.03599999999994 18 1350.0 -320.0 48 -69 97.082 51.82 43
1310.0 485.3959999999998 20 1680.0 -415.0 56 -70 110.39900000000004 59.62999999999999 46
1240.0 276.5739999999999 17 1380.0 -140.0 41 -72 87.19099999999999 60.41199999999999 12
1930.0 342.655 19 2160.0 -230.0 38 -79 113.41099999999997 106.61600000000001 23
2220.0 391.64899999999983 20 2460.0 -240.0 40 -95 122.10000000000004 105.16800000000002 24
1500.0 265.313 18 1620.0 -150.0 50 -63 88.05599999999997 75.07799999999999 10
1530.0 293.255 20 1650.0 -120.0 40 -68 95.87499999999999 82.142 8
1730.0 297.5730000000001 12 2130.0 -450.0 67 -60 126.85900000000005 86.09799999999996 74
2520.0 347.36999999999995 18 2640.0 -120.0 40 -74 144.155 96.98400000000001 8
1455.0 256.7899999999999 20 1650.0 -195.0 26 -65 82.58299999999997 67.942 39
2750.0 407.52699999999993 18 3000.0 -250.0 46 -91 152.32300000000004 103.36300000000001 24
1935.0 247.19499999999994 16 2040.0 -240.0 80 -62 89.41699999999999 80.49 16
1385.0 223.00900000000001 18 1560.0 -355.0 76 -53 81.87899999999999 58.07599999999998 37
1875.0 308.74999999999994 19 1980.0 -205.0 43 -75 111.32 73.781 27
1230.0 254.32300000000006 16 1350.0 -120.0 40 -72 83.52099999999997 54.15999999999999 8
1060.0 266.4559999999999 14 1470.0 -450.0 65 -68 100.87099999999998 44.11599999999999 80
1475.0 283.5299999999999 13 1680.0 -205.0 26 -60 114.15800000000004 66.027 41
1880.0 263.89799999999997 15 2220.0 -340.0 31 -66 79.44900000000001 89.57799999999999 68
695.0 207.77200000000005 12 930.0 -235.0 38 -59 62.59299999999999 35.16899999999999 26
1845.0 310.23499999999996 16 2160.0 -315.0 40 -79 109.31600000000005 79.33499999999998 63
1935.0 290.052 18 2160.0 -225.0 47 -77 85.03400000000003 81.59499999999996 29
2595.0 287.97400000000016 16 2700.0 -285.0 50 -66 98.97500000000001 106.20000000000002 43
1660.0 235.316 14 1920.0 -320.0 56 -57 91.56700000000004 66.13499999999999 48
1105.0 240.178 13 1290.0 -185.0 25 -61 80.53099999999999 56.504 37
1815.0 263.52399999999994 18 2160.0 -345.0 58 -58 106.16899999999998 82.05199999999999 53
1635.0 359.42499999999984 21 1770.0 -135.0 45 -80 132.976 86.827 9
2815.0 333.463 19 3090.0 -375.0 70 -84 113.50800000000007 103.72199999999998 61
1495.0 283.3489999999999 19 1680.0 -185.0 24 -68 107.67599999999999 69.02000000000001 37
1445.0 300.2009999999999 19 1620.0 -225.0 53 -70 111.35600000000001 75.624 29
925.0 258.427 18 1170.0 -245.0 27 -69 78.47099999999999 52.926 49
1410.0 323.68199999999996 17 1890.0 -480.0 48 -79 89.80700000000002 66.15299999999999 96
1260.0 255.49600000000007 15 1410.0 -150.0 44 -65 88.64399999999999 57.395999999999994 14
1440.0 247.63500000000002 13 1680.0 -240.0 23 -58 87.105 66.69300000000003 48
1125.0 289.2099999999999 20 1350.0 -255.0 39 -81 83.56899999999999 48.20499999999999 47
2775.0 351.96 16 2880.0 -120.0 40 -82 122.08900000000003 116.24999999999996 8
1175.0 295.52299999999997 22 1410.0 -235.0 39 -66 122.878 60.77699999999998 41
1025.0 269.91499999999996 15 1200.0 -175.0 22 -55 105.11299999999999 72.09099999999998 35
2475.0 402.82800000000003 22 2610.0 -135.0 45 -98 129.37099999999995 104.88399999999999 9
1545.0 353.20699999999994 21 1710.0 -165.0 43 -84 124.19699999999997 70.53399999999999 19
1560.0 278.28 18 1770.0 -210.0 35 -71 105.68799999999997 69.556 21
1050.0 207.292 14 1170.0 -120.0 40 -60 60.451 43.94499999999999 8
1070.0 232.771 16 1290.0 -570.0 78 -60 80.10799999999998 48.053 114
1200.0 259.6690000000001 14 1320.0 -120.0 40 -68 101.97600000000001 39.18300000000001 8
1320.0 257.3689999999999 20 1440.0 -225.0 46 -65 96.62399999999998 58.72999999999999 29
1840.0 228.87500000000006 14 2010.0 -170.0 49 -70 61.66999999999998 59.65099999999999 16
1765.0 292.804 15 2040.0 -275.0 30 -70 103.07300000000002 71.86900000000001 53
1440.0 275.63699999999994 15 1560.0 -120.0 40 -68 100.187 58.58199999999999 8
690.0 185.49400000000006 15 1020.0 -375.0 49 -54 63.15500000000001 38.154 75
1890.0 282.326 15 2160.0 -305.0 61 -69 90.35799999999999 80.39999999999999 47
1260.0 276.8399999999999 16 1620.0 -360.0 48 -68 109.31900000000002 63.427999999999976 72
2245.0 271.23499999999984 13 2580.0 -430.0 42 -57 104.33500000000004 95.55199999999996 86
1810.0 306.2789999999999 19 2190.0 -380.0 48 -81 100.37100000000002 91.345 55
395.0 162.441 12 630.0 -235.0 23 -43 60.44199999999999 27.343 47
1315.0 239.81900000000002 18 1530.0 -300.0 51 -58 87.76499999999999 58.34 44
1090.0 185.22299999999998 15 1320.0 -230.0 25 -53 66.95399999999998 47.59799999999999 46
2200.0 270.536 13 2490.0 -290.0 54 -66 96.66500000000002 86.79399999999998 42
1635.0 238.4960000000001 12 2010.0 -375.0 57 -55 89.46300000000002 75.56299999999999 59
1385.0 239.83400000000003 15 1500.0 -115.0 24 -58 90.451 57.89599999999999 17
2085.0 343.2969999999999 20 2280.0 -195.0 46 -70 148.64000000000001 85.11799999999998 23
1480.0 341.98399999999987 20 1680.0 -200.0 47 -82 124.58199999999998 58.90099999999998 26
1230.0 288.62499999999994 21 1350.0 -360.0 60 -70 103.66799999999999 55.712999999999994 56
1520.0 254.6420000000001 19 1680.0 -160.0 21 -63 98.092 63.98099999999999 32
1320.0 331.29699999999997 21 1620.0 -300.0 48 -88 94.72499999999998 67.106 36
1130.0 224.81599999999995 17 1410.0 -280.0 45 -54 88.41399999999999 60.254 32
2700.0 354.90400000000005 15 2820.0 -120.0 40 -86 125.587 105.90599999999995 8
1605.0 246.578 16 1920.0 -410.0 47 -61 95.01200000000001 65.52300000000002 61
1860.0 327.10799999999995 19 2070.0 -210.0 35 -79 122.299 80.74699999999999 21
2160.0 266.311 18 2280.0 -120.0 40 -67 99.162 79.97099999999999 8
1210.0 295.8769999999999 17 1440.0 -230.0 47 -72 101.11 67.43399999999998 30
1650.0 312.3199999999999 16 1770.0 -120.0 40 -75 95.88 71.601 8
1155.0 245.69 14 1500.0 -345.0 37 -69 58.289999999999985 47.839999999999996 69
1270.0 289.4300000000001 17 1530.0 -260.0 27 -69 95.49400000000001 67.66099999999999 52
1575.0 283.234 22 1710.0 -135.0 18 -65 103.92200000000001 83.269 27
1695.0 245.708 16 1800.0 -105.0 35 -67 83.11899999999997 49.390999999999984 7
915.0 221.65199999999993 16 1080.0 -165.0 46 -51 89.09999999999998 40.837 17
2095.0 288.53800000000007 16 2340.0 -245.0 38 -73 77.62200000000001 98.104 45
1145.0 270.82099999999997 16 1380.0 -235.0 47 -69 94.094 54.691 31
1140.0 244.48399999999998 16 1260.0 -120.0 40 -67 74.88599999999998 48.48599999999999 8
2100.0 314.701 15 2220.0 -120.0 40 -92 76.90300000000002 85.167 8
1875.0 339.747 14 2010.0 -135.0 45 -88 98.849 94.955 9
1575.0 309.80400000000003 16 1890.0 -315.0 32 -83 88.30899999999997 77.47400000000002 63
1045.0 195.90199999999993 15 1380.0 -345.0 81 -49 58.55700000000001 61.11499999999999 45
1200.0 254.51600000000002 18 1320.0 -120.0 40 -73 83.099 44.872000000000014 8
1530.0 249.389 16 1650.0 -120.0 40 -73 62.562 72.15800000000002 8
1545.0 286.0509999999998 16 1650.0 -105.0 35 -72 86.29799999999999 70.773 7
1290.0 254.07800000000003 14 1410.0 -120.0 40 -63 103.815 39.93699999999999 8
895.0 234.35300000000007 19 1230.0 -335.0 32 -66 88.63899999999998 47.208 67
2100.0 356.9820000000001 19 2220.0 -120.0 40 -91 116.90900000000002 87.67999999999999 8
1290.0 242.43800000000007 19 1470.0 -180.0 23 -66 91.337 51.53599999999998 36
1265.0 271.627 16 1620.0 -460.0 53 -70 104.21999999999998 50.676 68
1625.0 351.16599999999994 21 1800.0 -225.0 54 -75 139.0 75.89299999999997 29
1525.0 250.21600000000004 13 1680.0 -155.0 32 -67 65.44500000000001 65.37800000000001 23
1895.0 306.822 21 2100.0 -205.0 33 -77 97.74199999999998 93.944 37
2160.0 338.1899999999999 18 2280.0 -120.0 40 -79 129.00300000000004 99.09799999999997 8
1820.0 278.64499999999987 21 1980.0 -160.0 42 -68 99.11800000000001 76.314 18
1240.0 297.9619999999999 17 1500.0 -260.0 34 -77 97.64600000000002 64.818 52
1500.0 229.58499999999995 18 1620.0 -225.0 46 -65 76.834 56.334 29
