4350.0 560.1059999999999 19 4710.0 -360.0 74 -80 239.2219999999999 206.70999999999998 36
4650.0 540.058 17 5100.0 -450.0 92 -94 206.70999999999998 207.784 45
3630.0 461.1720000000001 15 4290.0 -720.0 106 -79 169.52500000000003 186.78199999999998 72
3790.0 442.1659999999998 19 4140.0 -470.0 82 -70 178.16599999999997 176.90199999999993 47
4320.0 496.01599999999996 19 4650.0 -330.0 64 -77 205.77599999999998 206.28300000000002 33
4280.0 590.4769999999999 19 4680.0 -610.0 125 -103 240.629 210.7019999999999 61
5190.0 528.623 20 5550.0 -360.0 60 -89 242.53399999999993 228.84799999999996 24
4840.0 557.8720000000001 20 5250.0 -410.0 70 -85 248.26 238.923 29
3695.0 483.802 18 4290.0 -595.0 91 -74 227.71599999999995 181.326 56
3660.0 2240.3760000000007 15 4560.0 -900.0 98 -91 183.35900000000004 192.57399999999998 90
3410.0 498.0839999999999 17 3900.0 -490.0 76 -85 187.67099999999994 181.49499999999998 49
4665.0 547.2440000000001 18 5160.0 -515.0 91 -83 236.20899999999992 217.70699999999997 39
5240.0 684.3959999999998 21 5940.0 -700.0 125 -118 274.83799999999997 229.95199999999997 70
4390.0 526.7629999999999 19 4800.0 -410.0 82 -97 202.48799999999997 211.87499999999994 41
4630.0 499.20700000000005 21 4920.0 -290.0 59 -84 232.81199999999998 200.50099999999998 29
4505.0 568.5709999999999 17 4860.0 -355.0 71 -91 228.04499999999996 202.098 35
4350.0 499.6250000000001 20 4710.0 -360.0 73 -74 236.76700000000002 197.488 36
3950.0 520.9870000000001 20 4350.0 -440.0 86 -80 268.895 181.132 44
4340.0 488.30299999999994 16 4860.0 -520.0 94 -91 170.38599999999997 206.65099999999998 52
5640.0 538.7519999999997 17 6120.0 -480.0 72 -101 236.10499999999996 231.88 36
4300.0 539.6650000000001 16 4890.0 -590.0 93 -94 200.49899999999994 223.87799999999996 59
5460.0 625.241 20 5850.0 -390.0 79 -105 240.00099999999998 259.60299999999995 38
4300.0 594.1910000000001 19 4740.0 -440.0 84 -113 207.289 194.745 44
4590.0 443.7979999999999 20 5010.0 -460.0 95 -78 166.077 220.33699999999996 46
4650.0 635.496 22 5010.0 -360.0 72 -98 266.80400000000003 216.0279999999999 36
3770.0 500.76099999999997 20 4170.0 -400.0 82 -90 187.634 186.78399999999996 40
4810.0 677.4879999999998 19 5580.0 -770.0 105 -98 294.87399999999997 243.887 77
4380.0 459.0760000000001 17 4680.0 -300.0 61 -74 225.18199999999996 189.65000000000003 30
4700.0 470.70899999999995 15 5340.0 -700.0 123 -78 196.72699999999998 199.93699999999995 59
4430.0 544.0379999999998 18 5100.0 -670.0 67 -92 202.625 204.39300000000003 67
4180.0 568.3849999999999 18 4710.0 -590.0 88 -86 237.53399999999993 225.01799999999994 59
3660.0 438.99699999999984 21 4080.0 -420.0 74 -74 176.099 176.725 42
4450.0 427.60400000000004 17 4980.0 -580.0 92 -76 146.18599999999998 199.07099999999994 58
3410.0 470.8839999999999 18 4110.0 -700.0 133 -75 199.611 182.28499999999997 70
4070.0 605.6669999999998 16 4770.0 -700.0 142 -86 197.80099999999996 195.95800000000003 70
4220.0 590.3280000000002 19 4800.0 -600.0 108 -104 202.299 223.27699999999993 60
5800.0 626.127 15 6270.0 -470.0 82 -118 194.975 280.7679999999999 47
3640.0 414.74800000000005 14 3960.0 -470.0 97 -78 132.094 183.382 47
4450.0 478.2990000000001 18 4830.0 -380.0 69 -85 214.87600000000003 191.916 38
5030.0 616.6789999999996 23 5400.0 -570.0 113 -102 248.72299999999993 246.15800000000002 57
5880.0 653.1649999999996 17 6540.0 -660.0 84 -114 229.60999999999987 261.9119999999999 66
2900.0 417.0569999999999 16 3210.0 -310.0 63 -71 182.64999999999998 143.47999999999996 31
4170.0 467.529 14 4500.0 -330.0 68 -90 164.14500000000004 189.09400000000002 33
4690.0 447.051 18 5160.0 -470.0 76 -85 160.29299999999998 201.899 47
4150.0 485.25999999999993 17 4470.0 -320.0 66 -86 184.89 205.64199999999997 32
4780.0 561.9229999999998 21 5490.0 -710.0 144 -90 200.086 195.06700000000004 71
3190.0 416.12399999999997 19 3510.0 -320.0 66 -77 158.781 153.38699999999997 32
2780.0 321.94599999999997 15 3090.0 -310.0 63 -58 112.73299999999998 138.03799999999995 31
3840.0 472.53600000000006 18 4140.0 -300.0 62 -80 190.76399999999998 192.73100000000002 30
2740.0 425.25799999999987 16 3180.0 -440.0 74 -84 167.52299999999994 135.822 44
5020.0 554.6080000000002 18 5700.0 -700.0 108 -108 208.39 195.215 70
1730.0 386.8789999999998 11 2910.0 -1240.0 120 -69 130.96899999999997 107.92999999999999 124
3600.0 561.5580000000003 18 4110.0 -510.0 96 -89 229.709 182.305 51
4250.0 492.1070000000002 15 4560.0 -310.0 54 -87 200.349 201.518 31
2390.0 378.0079999999999 12 3270.0 -900.0 98 -67 123.02199999999996 132.78599999999997 82
4220.0 515.0680000000002 19 4560.0 -340.0 69 -78 219.74499999999992 194.17199999999994 34
4620.0 485.22499999999985 19 5190.0 -570.0 83 -90 179.10699999999997 207.283 57
5710.0 604.7680000000001 18 6330.0 -640.0 116 -104 224.27300000000002 261.311 64
4720.0 547.4910000000001 17 4980.0 -260.0 53 -75 267.20599999999996 233.87699999999995 26
2750.0 443.299 15 3510.0 -800.0 107 -71 192.45599999999993 153.29399999999995 71
3420.0 450.17600000000016 18 3840.0 -620.0 101 -75 187.537 158.10699999999997 62
3940.0 532.3889999999998 17 4650.0 -710.0 104 -91 189.50699999999995 201.32199999999995 71
2270.0 589.299 14 3180.0 -910.0 104 -88 213.566 139.45599999999996 82
5305.0 656.038 17 5880.0 -695.0 108 -105 270.52399999999994 233.67799999999997 89
4700.0 930.2729999999995 24 5280.0 -580.0 80 -82 228.72299999999996 230.74599999999995 58
4880.0 579.3320000000001 19 5220.0 -340.0 70 -98 244.6229999999999 234.72799999999992 34
4300.0 488.56700000000006 18 4590.0 -290.0 57 -88 207.02199999999993 185.17000000000002 29
4190.0 447.79499999999996 16 4650.0 -670.0 95 -84 172.73899999999998 189.118 67
3090.0 362.7889999999999 15 3450.0 -360.0 60 -56 167.98099999999997 151.07 24
4305.0 471.6089999999999 15 4620.0 -315.0 64 -81 198.62899999999996 192.13099999999997 31
3200.0 404.12900000000013 18 3570.0 -370.0 73 -70 176.16500000000002 151.24300000000002 37
3440.0 543.9749999999999 17 4110.0 -700.0 111 -86 189.05999999999997 183.755 70
3780.0 519.0120000000001 19 4080.0 -390.0 77 -80 247.42999999999992 175.49699999999999 36
3560.0 434.6799999999999 16 4170.0 -640.0 90 -59 218.62399999999997 183.038 64
3960.0 504.74399999999986 18 4500.0 -540.0 86 -89 204.45599999999996 197.13899999999992 54
2930.0 402.30400000000014 17 3240.0 -310.0 63 -75 158.725 142.688 31
3320.0 426.22300000000007 17 3660.0 -460.0 81 -74 182.36700000000002 157.2 46
3190.0 476.64599999999996 18 3870.0 -800.0 124 -70 237.57 171.18699999999995 72
3770.0 569.6849999999998 18 4200.0 -430.0 82 -95 171.337 217.16 43
3510.0 385.40099999999995 15 3750.0 -240.0 50 -69 142.84499999999997 165.344 24
3710.0 450.6739999999999 20 3990.0 -370.0 76 -82 182.317 170.14099999999996 37
3440.0 348.21699999999987 19 3810.0 -520.0 78 -56 154.481 156.15799999999996 52
2720.0 397.93199999999996 16 3360.0 -640.0 63 -68 136.32 130.05599999999998 64
4600.0 585.7460000000001 19 5010.0 -410.0 84 -88 254.63299999999998 239.737 41
3460.0 416.6189999999999 16 3870.0 -410.0 71 -77 164.99999999999994 167.27499999999998 41
3420.0 1484.0889999999993 19 4590.0 -1195.0 126 -71 288.2009999999999 206.91199999999992 130
4850.0 458.26500000000004 15 5280.0 -430.0 82 -80 175.845 220.68899999999994 43
4250.0 525.8340000000001 15 4680.0 -430.0 79 -95 165.30299999999997 172.24800000000005 43
3790.0 421.682 21 4080.0 -290.0 59 -65 205.98600000000002 175.105 29
3450.0 403.995 13 3780.0 -330.0 66 -82 133.46899999999997 154.17599999999996 36
3390.0 373.22299999999996 19 3690.0 -300.0 62 -59 161.861 170.95299999999997 30
5365.0 500.8540000000001 20 5850.0 -485.0 74 -96 193.949 208.811 36
4000.0 494.13599999999997 17 4380.0 -520.0 89 -87 193.80499999999998 180.33299999999994 52
4680.0 556.3979999999998 17 5310.0 -630.0 106 -107 188.46899999999997 222.55099999999996 63
3650.0 487.209 19 4050.0 -400.0 76 -78 189.083 171.91999999999993 38
3530.0 463.67199999999985 21 3810.0 -280.0 54 -79 214.98999999999998 172.67899999999997 28
5170.0 610.147 19 5520.0 -350.0 71 -102 246.88299999999998 217.49199999999996 35
3880.0 461.82099999999997 21 4200.0 -320.0 66 -71 211.60899999999992 183.60699999999997 32
5290.0 625.6459999999997 17 5850.0 -560.0 91 -117 195.92499999999993 266.41299999999995 55
4020.0 526.313 22 4320.0 -300.0 61 -83 213.36999999999995 202.36100000000005 30
3870.0 511.35699999999997 17 4410.0 -580.0 82 -80 189.42999999999995 181.24999999999997 58
3890.0 518.3849999999998 17 4230.0 -340.0 70 -96 214.11599999999996 168.95299999999995 34
5660.0 600.43 19 6150.0 -490.0 87 -111 229.59599999999998 239.42000000000004 49
4630.0 437.8410000000001 17 4950.0 -530.0 85 -78 180.00199999999995 195.12099999999998 53
4640.0 573.693 18 5160.0 -550.0 96 -100 218.49800000000002 225.2559999999999 55
5060.0 536.5910000000001 15 5430.0 -370.0 70 -99 221.167 206.20699999999997 37
5700.0 548.431 21 6060.0 -360.0 74 -97 201.19399999999996 260.48299999999995 36
5290.0 643.553 21 5760.0 -470.0 86 -98 261.85600000000005 216.29899999999998 47
3040.0 460.53400000000005 12 3390.0 -350.0 65 -83 186.05299999999997 153.825 35
5020.0 708.7579999999997 21 5400.0 -380.0 77 -106 314.66 231.21899999999994 38
5810.0 575.8369999999999 23 6150.0 -340.0 65 -97 248.63699999999997 260.40399999999994 34
4870.0 486.1659999999997 21 5190.0 -320.0 62 -88 200.262 201.46899999999994 32
5170.0 595.0729999999998 21 5520.0 -350.0 71 -103 213.512 249.79 35
4560.0 461.69299999999976 18 4890.0 -330.0 67 -81 190.09099999999998 196.63 32
2980.0 432.5059999999999 17 3510.0 -530.0 83 -73 163.00500000000002 157.02899999999997 53
4830.0 535.431 18 5190.0 -360.0 67 -90 237.68099999999993 218.55499999999995 36
4025.0 525.1300000000001 17 4830.0 -815.0 125 -90 217.69299999999998 173.298 69
4720.0 513.387 18 5280.0 -610.0 94 -82 214.085 215.70899999999995 61
3380.0 538.666 14 4020.0 -640.0 99 -96 173.78500000000003 179.107 64
4850.0 569.7729999999999 21 5190.0 -340.0 70 -90 251.80399999999995 222.43499999999995 34
3100.0 523.5210000000002 15 3630.0 -530.0 87 -87 176.51100000000002 158.91899999999998 53
5360.0 661.4970000000002 14 6030.0 -670.0 96 -83 244.261 225.57699999999997 66
3960.0 628.2579999999999 15 4800.0 -930.0 129 -93 205.249 211.56000000000003 93
3970.0 538.8909999999997 21 4650.0 -680.0 61 -87 259.05799999999994 189.598 68
3350.0 1077.911 15 4230.0 -880.0 98 -88 196.95500000000004 154.238 88
3460.0 495.6159999999999 15 4350.0 -990.0 89 -71 181.27599999999995 177.80199999999996 99
5460.0 612.2749999999999 22 5940.0 -480.0 84 -95 270.084 264.155 36
4400.0 435.00499999999994 17 4740.0 -490.0 101 -75 179.784 189.79699999999994 49
4160.0 595.4510000000001 20 4650.0 -530.0 108 -101 240.15699999999993 201.245 53
3110.0 461.721 16 3570.0 -460.0 57 -68 175.23499999999999 154.41500000000002 46
5385.0 645.7929999999996 20 5850.0 -465.0 85 -114 215.19599999999994 237.23700000000002 45
4170.0 411.6290000000001 21 4470.0 -510.0 105 -76 149.12199999999996 195.26399999999998 51
3930.0 613.631 18 4380.0 -450.0 78 -111 208.99899999999997 192.48199999999997 45
4290.0 516.702 14 4650.0 -500.0 85 -82 190.03399999999996 202.76399999999995 50
3425.0 462.03299999999996 19 4080.0 -695.0 93 -76 186.83599999999998 180.39499999999998 57
3885.0 519.1799999999998 21 4470.0 -635.0 95 -84 216.065 188.72699999999998 51
4240.0 419.14 17 4740.0 -600.0 94 -80 173.55499999999995 177.83299999999997 60
3840.0 384.27299999999997 19 4140.0 -300.0 62 -67 166.183 170.41899999999995 30
4620.0 511.40200000000004 16 5190.0 -610.0 108 -91 188.41 208.09300000000002 59
3430.0 474.74199999999996 16 4020.0 -640.0 131 -86 185.738 174.84899999999996 64
3200.0 473.71799999999973 20 3780.0 -680.0 107 -78 201.47399999999996 169.13499999999996 68
4030.0 531.9700000000001 18 4380.0 -350.0 71 -94 202.84699999999998 204.44999999999996 35
4570.0 568.8509999999999 15 4950.0 -380.0 62 -91 228.18599999999998 217.95799999999994 38
4260.0 495.8189999999999 20 4800.0 -540.0 97 -90 184.38099999999997 207.89999999999998 54
5120.0 562.8149999999999 20 5790.0 -670.0 99 -88 269.957 218.05899999999994 67
3180.0 385.72799999999995 15 3480.0 -300.0 62 -71 148.664 154.38400000000001 30
3630.0 450.0750000000001 19 3990.0 -570.0 117 -86 187.45800000000003 153.758 57
5370.0 1406.7640000000006 16 6030.0 -840.0 124 -104 223.87599999999998 231.981 84
5100.0 515.7080000000001 17 5400.0 -300.0 62 -94 198.467 225.40699999999995 30
3780.0 453.93499999999995 18 4200.0 -440.0 91 -75 190.22100000000003 182.11199999999997 44
4380.0 553.8309999999999 17 4800.0 -420.0 85 -83 232.457 210.19599999999994 42
3890.0 678.166 14 4680.0 -790.0 105 -91 231.207 201.03699999999995 79
4010.0 594.3989999999999 19 4440.0 -520.0 106 -94 250.418 196.038 52
2140.0 405.2669999999998 9 2610.0 -470.0 77 -62 118.365 120.61499999999998 46
3530.0 498.50200000000024 19 4170.0 -760.0 102 -96 171.62899999999996 191.91000000000003 63
3490.0 501.43299999999994 19 3960.0 -470.0 89 -84 192.098 174.68399999999997 53
4720.0 543.635 20 5100.0 -530.0 99 -87 197.56599999999997 231.17799999999994 53
3670.0 492.671 18 4260.0 -640.0 90 -83 217.71699999999998 174.08700000000002 51
5270.0 487.47200000000004 23 5760.0 -560.0 87 -94 195.86600000000004 201.84599999999998 56
4120.0 516.2129999999997 21 4770.0 -800.0 143 -86 217.433 202.09399999999994 65
2710.0 512.7639999999999 14 3270.0 -660.0 93 -76 188.32999999999998 152.15900000000002 66
4080.0 494.616 20 4530.0 -470.0 97 -70 231.37299999999993 213.00199999999998 47
3770.0 409.979 18 4110.0 -340.0 69 -71 161.75599999999994 164.865 34
3105.0 438.7229999999999 13 3720.0 -765.0 103 -77 157.16200000000003 132.83399999999997 68
4620.0 556.8570000000001 19 5040.0 -420.0 73 -95 233.154 229.67899999999992 42
3500.0 1313.558 14 4380.0 -1120.0 120 -84 188.268 159.41399999999996 112
4660.0 557.5319999999999 19 5130.0 -570.0 97 -86 259.611 235.2 57
5630.0 644.4249999999998 20 6120.0 -670.0 117 -102 240.5859999999999 251.18299999999996 67
2895.0 393.1879999999999 20 3360.0 -615.0 84 -63 165.72000000000003 140.642 48
3470.0 428.797 17 3870.0 -400.0 68 -65 192.58699999999996 178.13799999999998 32
4060.0 542.1239999999999 16 5070.0 -1010.0 143 -100 187.65599999999998 202.56799999999996 94
4920.0 627.046 22 5430.0 -510.0 84 -100 236.61299999999997 238.055 51
3610.0 448.2580000000001 18 3960.0 -350.0 67 -72 194.44199999999995 170.80599999999995 35
4005.0 458.89900000000006 15 4560.0 -565.0 101 -70 193.989 202.53799999999998 44
3620.0 515.513 20 4440.0 -820.0 124 -77 218.503 215.83 82
3040.0 386.30000000000007 18 3360.0 -320.0 65 -64 164.55399999999997 157.315 32
5240.0 558.4659999999999 19 5580.0 -340.0 70 -97 227.62999999999994 224.80299999999994 34
5030.0 534.608 19 5340.0 -310.0 64 -96 203.80499999999992 229.37699999999998 31
4340.0 527.084 17 4710.0 -510.0 83 -85 217.67899999999995 208.02699999999993 51
5010.0 600.169 20 5400.0 -390.0 75 -95 229.91299999999998 240.84399999999997 39
4590.0 567.6950000000002 20 4980.0 -430.0 88 -80 258.36699999999996 230.26199999999997 43
4800.0 564.445 20 5280.0 -480.0 77 -80 204.87599999999992 246.34499999999997 48
5120.0 488.847 21 5460.0 -340.0 69 -82 192.79099999999997 218.72300000000004 34
3870.0 340.83799999999997 13 4200.0 -330.0 67 -66 136.292 126.61899999999996 33
3640.0 1265.2260000000003 17 4860.0 -1320.0 143 -87 172.86899999999997 208.99599999999995 132
3390.0 481.1529999999999 15 4200.0 -820.0 102 -77 143.95300000000003 194.54199999999994 72
3165.0 432.34099999999995 17 3690.0 -535.0 95 -73 137.88899999999998 177.021 41
4600.0 423.82599999999996 17 5310.0 -810.0 103 -81 142.48800000000003 212.093 68
3740.0 425.22599999999994 18 4050.0 -310.0 63 -77 175.676 153.297 31
3630.0 406.043 17 4110.0 -530.0 82 -77 175.86599999999993 151.969 53
3140.0 453.31199999999995 16 3930.0 -790.0 71 -92 148.16600000000003 178.47299999999998 79
4320.0 564.6790000000003 17 4890.0 -570.0 93 -102 195.03999999999994 217.016 45
5590.0 657.2349999999999 21 6060.0 -470.0 78 -106 273.22599999999994 281.753 35
4755.0 535.6129999999999 19 5190.0 -555.0 99 -90 236.2969999999999 217.29699999999997 43
6570.0 693.588 17 7110.0 -580.0 118 -107 290.114 271.9339999999999 58
4510.0 514.1970000000001 19 4830.0 -320.0 66 -84 198.37399999999994 217.92000000000002 32
3810.0 623.2539999999999 15 4350.0 -550.0 101 -73 194.01199999999997 197.46999999999994 55
3700.0 463.2739999999998 20 4050.0 -350.0 70 -77 187.51100000000002 194.74699999999993 34
5170.0 607.9029999999999 19 5640.0 -470.0 96 -98 266.10499999999996 237.68299999999996 47
4960.0 589.5359999999998 20 5370.0 -410.0 74 -102 213.37799999999996 234.688 41
2650.0 308.19299999999987 13 3090.0 -450.0 86 -62 100.544 124.41599999999997 45
3050.0 421.904 16 3360.0 -310.0 63 -75 180.069 135.651 31
3350.0 375.16799999999995 15 3630.0 -280.0 51 -76 139.94999999999996 145.326 28
5480.0 671.2510000000002 25 5910.0 -430.0 88 -111 270.071 268.747 43
2890.0 363.3139999999999 15 3210.0 -320.0 63 -67 143.44899999999998 137.935 32
3030.0 398.32899999999995 13 3510.0 -540.0 81 -78 155.79000000000002 156.007 54
4405.0 534.073 17 4890.0 -485.0 80 -88 196.57699999999994 216.44399999999996 36
4560.0 664.261 19 5490.0 -960.0 127 -93 278.17400000000004 239.28099999999998 96
3680.0 1730.3610000000008 18 4890.0 -1310.0 139 -80 159.206 212.58899999999997 131
3430.0 453.80299999999977 19 3870.0 -460.0 92 -80 171.992 173.22199999999998 46
4160.0 494.8579999999999 18 4470.0 -310.0 63 -78 222.59699999999992 188.173 31
4420.0 545.1229999999997 19 4800.0 -380.0 64 -78 237.68599999999992 211.23699999999997 38
4150.0 373.291 17 4470.0 -320.0 65 -79 135.66 168.79000000000002 32
2810.0 393.09899999999993 13 3150.0 -440.0 71 -60 149.795 150.38699999999997 44
3250.0 484.7209999999998 18 3840.0 -640.0 100 -90 164.33800000000002 158.26799999999997 64
3600.0 346.18799999999993 11 3990.0 -390.0 65 -75 125.98299999999998 146.25400000000002 26
3320.0 425.415 15 3630.0 -520.0 106 -67 160.394 167.176 52
4770.0 527.2189999999999 20 5190.0 -570.0 109 -95 173.982 191.92999999999998 57
4370.0 545.4039999999999 17 4740.0 -505.0 95 -99 194.77099999999996 216.49799999999996 46
4670.0 474.72499999999997 16 5010.0 -340.0 65 -96 171.499 205.81500000000003 34
5490.0 628.7739999999999 24 5970.0 -480.0 82 -99 268.04099999999994 252.09099999999998 47
5820.0 615.5199999999999 17 6240.0 -510.0 103 -116 208.61899999999994 270.712 51
4950.0 571.3829999999998 20 5250.0 -300.0 61 -98 254.54799999999994 226.22799999999992 30
4020.0 533.629 13 4320.0 -300.0 62 -89 243.8539999999999 184.25199999999995 30
3600.0 495.94700000000006 18 4200.0 -640.0 109 -86 195.45699999999994 179.99000000000004 64
3545.0 770.5660000000001 21 4410.0 -895.0 113 -88 171.871 206.39800000000002 88
4210.0 556.256 21 4620.0 -410.0 67 -99 198.11799999999994 214.765 41
3090.0 534.9339999999999 18 3570.0 -480.0 85 -77 215.48299999999998 160.638 48
4610.0 507.5829999999999 19 4950.0 -340.0 70 -103 188.69999999999996 200.96599999999998 34
2260.0 392.28200000000004 12 2880.0 -630.0 93 -56 120.50199999999998 138.27499999999998 63
3350.0 510.903 21 3870.0 -545.0 132 -77 216.96499999999997 163.83399999999997 58
3090.0 647.0829999999999 12 4050.0 -1020.0 126 -74 199.859 165.84399999999994 125
5235.0 602.294 15 5580.0 -345.0 69 -95 240.86999999999986 253.0649999999999 34
4570.0 572.0209999999997 18 5100.0 -530.0 86 -114 191.57699999999994 221.183 53
6630.0 562.4079999999998 20 7020.0 -390.0 80 -111 225.84100000000007 250.33299999999997 39
3950.0 503.38700000000006 21 4290.0 -340.0 65 -82 217.77599999999995 195.813 34
4810.0 697.1650000000002 16 5310.0 -500.0 87 -117 253.20999999999998 254.82499999999993 50
3630.0 532.7270000000001 17 4350.0 -750.0 120 -101 205.42099999999996 167.39699999999996 75
4650.0 476.01399999999984 20 5220.0 -580.0 111 -79 200.7 212.52200000000002 58
5560.0 480.83600000000007 16 5970.0 -410.0 72 -107 167.84600000000003 188.691 41
4610.0 631.6440000000002 22 4920.0 -310.0 64 -91 304.058 230.843 31
3150.0 479.42699999999996 18 4050.0 -960.0 116 -84 191.14700000000002 171.236 96
5080.0 546.2429999999999 16 5430.0 -350.0 72 -107 197.864 218.30299999999994 35
4610.0 607.8839999999997 21 5280.0 -680.0 139 -106 219.35599999999997 215.498 68
4600.0 642.8169999999999 17 5100.0 -590.0 112 -118 203.00499999999994 224.106 59
3780.0 499.0179999999999 21 4650.0 -870.0 94 -74 175.546 208.97400000000002 119
3510.0 489.8609999999998 17 3990.0 -480.0 84 -79 193.93699999999995 171.24200000000005 36
4230.0 544.3159999999999 17 4860.0 -630.0 95 -91 210.95199999999994 223.509 55
4600.0 592.3210000000001 18 5100.0 -650.0 116 -96 225.734 204.94899999999998 65
3880.0 411.36999999999995 20 4170.0 -290.0 60 -66 185.399 173.65499999999997 29
3210.0 518.4869999999997 17 3660.0 -450.0 72 -75 238.03299999999996 165.49699999999999 32
3510.0 358.4229999999999 15 3810.0 -300.0 60 -65 136.20199999999997 162.414 30
4120.0 589.6849999999997 16 4500.0 -380.0 76 -102 208.57999999999993 195.06799999999996 38
4260.0 488.08299999999986 22 4650.0 -410.0 83 -77 210.97499999999994 206.72400000000002 41
2760.0 1701.4409999999998 14 3870.0 -1110.0 116 -67 134.20300000000003 156.57199999999997 111
3860.0 461.4269999999999 24 4200.0 -340.0 69 -72 210.36899999999997 191.735 34
4650.0 605.8069999999998 18 5310.0 -660.0 98 -95 220.59700000000004 235.64700000000005 66
4680.0 572.006 19 5280.0 -600.0 103 -92 202.12299999999996 188.41299999999998 51
2970.0 447.38599999999997 13 3510.0 -540.0 93 -79 156.59099999999998 154.347 40
3250.0 463.9150000000001 15 3660.0 -410.0 73 -79 183.51399999999995 183.79699999999997 41
5020.0 534.2889999999999 21 5370.0 -350.0 71 -88 212.781 244.32100000000005 35
3270.0 482.8899999999999 18 3810.0 -550.0 107 -77 207.86999999999995 173.65899999999993 55
3510.0 442.9760000000001 16 4080.0 -630.0 116 -65 198.61499999999995 184.56099999999998 63
3720.0 579.7289999999998 16 4620.0 -950.0 145 -88 244.30299999999994 189.075 97
3970.0 394.37399999999974 17 4320.0 -350.0 72 -77 146.765 172.56 35
4490.0 448.4829999999997 20 4950.0 -460.0 76 -86 171.272 209.423 46
5330.0 554.4280000000001 20 5670.0 -340.0 64 -90 243.321 244.29399999999995 34
3230.0 410.84699999999987 14 3660.0 -430.0 55 -70 148.24799999999996 150.624 43
2230.0 302.8469999999999 11 2790.0 -580.0 86 -45 117.21199999999997 111.98299999999998 58
4060.0 494.35200000000003 18 4440.0 -380.0 71 -89 198.31699999999995 171.56300000000002 38
3350.0 496.7789999999998 16 3750.0 -400.0 72 -80 197.26199999999997 164.12899999999993 40
1790.0 1535.6930000000004 10 3360.0 -1570.0 144 -89 150.51699999999997 112.15099999999998 149
4200.0 481.55300000000017 18 4830.0 -670.0 96 -77 193.376 201.28599999999997 57
3465.0 645.876 16 4590.0 -1125.0 162 -112 160.47099999999998 212.526 105
3730.0 852.6070000000008 15 5100.0 -1370.0 144 -93 192.69699999999995 209.68799999999996 137
5000.0 563.1489999999999 19 5370.0 -370.0 75 -95 201.581 206.858 37
3900.0 497.301 18 4200.0 -300.0 61 -91 195.85399999999998 192.168 30
4480.0 535.965 20 4980.0 -510.0 104 -82 246.23699999999997 216.29099999999997 51
3870.0 440.28199999999987 20 4170.0 -480.0 78 -68 197.79299999999992 176.19699999999997 48
3280.0 1285.984 19 4680.0 -1400.0 150 -96 178.73199999999994 202.11399999999998 139
5620.0 698.0029999999997 22 6060.0 -520.0 88 -112 288.201 276.19199999999995 48
5340.0 581.7839999999999 15 5760.0 -660.0 108 -104 206.77799999999993 251.664 66
2310.0 503.4510000000001 16 3240.0 -1030.0 129 -73 184.37599999999992 143.728 103
4000.0 507.47900000000004 19 4380.0 -380.0 75 -72 236.32299999999995 197.649 38
4880.0 556.1529999999999 21 5220.0 -460.0 94 -94 241.395 203.27800000000002 46
4100.0 501.41999999999996 19 4500.0 -400.0 79 -82 218.65199999999996 193.38899999999998 40
4870.0 538.514 20 5190.0 -320.0 65 -89 246.46899999999997 208.753 32
3335.0 394.0079999999999 18 3660.0 -325.0 64 -59 184.29899999999998 153.71400000000003 32
3770.0 521.6400000000001 20 4350.0 -590.0 100 -78 224.47299999999996 210.00599999999991 59
2810.0 365.0450000000001 13 3450.0 -700.0 97 -62 140.041 145.75599999999997 70
4510.0 522.1359999999996 20 5070.0 -580.0 115 -95 198.671 193.042 58
3010.0 1638.879999999999 13 4200.0 -1190.0 133 -81 139.75699999999995 161.693 119
3600.0 503.26499999999993 19 3960.0 -360.0 73 -84 186.43299999999996 195.151 36
2910.0 445.56100000000004 15 3300.0 -390.0 73 -70 193.575 150.753 39
5775.0 625.2330000000001 22 6150.0 -420.0 80 -110 243.56500000000005 270.289 37
4595.0 594.4689999999999 19 5070.0 -475.0 77 -104 233.7479999999999 217.85899999999995 38
4810.0 527.4730000000001 21 5100.0 -290.0 59 -93 231.627 218.831 29
3900.0 439.15699999999987 16 4200.0 -420.0 87 -68 194.13599999999994 191.83499999999995 42
3110.0 1699.4439999999993 16 4440.0 -1330.0 135 -83 178.47999999999996 190.49800000000002 121
5020.0 715.8909999999998 18 5550.0 -530.0 98 -129 231.70399999999998 259.17299999999994 53
3635.0 416.556 21 4170.0 -535.0 76 -68 141.407 162.32599999999996 41
4210.0 455.944 18 4740.0 -650.0 115 -86 187.568 177.732 53
5220.0 545.446 14 5580.0 -360.0 73 -95 211.41099999999997 242.435 36
3640.0 493.301 16 4080.0 -480.0 89 -82 189.39899999999994 169.671 48
4500.0 540.3649999999999 19 5130.0 -630.0 96 -94 214.47600000000003 225.19999999999987 63
4030.0 578.1999999999997 21 4350.0 -320.0 64 -89 283.38499999999993 198.51500000000001 32
4500.0 574.2619999999998 19 4830.0 -330.0 67 -93 264.0139999999999 214.61299999999994 32
3760.0 567.179 15 4290.0 -530.0 71 -88 196.60999999999999 201.6849999999999 53
4550.0 522.9960000000001 16 4920.0 -370.0 73 -85 218.41500000000002 210.709 37
3240.0 383.7749999999999 12 3540.0 -300.0 61 -71 139.468 162.67199999999997 30
4120.0 500.3410000000001 20 4740.0 -660.0 100 -82 191.34499999999997 188.324 66
3330.0 382.47999999999996 15 3630.0 -300.0 58 -58 173.26899999999995 162.27999999999997 30
3310.0 517.1219999999998 19 3660.0 -350.0 71 -84 185.04 163.137 35
5330.0 519.5080000000002 21 5850.0 -560.0 105 -94 238.394 193.469 55
4100.0 453.29400000000004 18 4710.0 -640.0 92 -68 181.36099999999996 213.40200000000002 64
3765.0 503.88299999999987 19 4050.0 -465.0 95 -73 204.68599999999995 189.58299999999997 46
5300.0 559.86 19 5760.0 -600.0 97 -101 220.93300000000005 241.54499999999993 60
5020.0 554.7099999999999 21 5340.0 -320.0 66 -88 237.86199999999997 222.29299999999992 32
4830.0 581.976 18 5190.0 -360.0 73 -100 234.81199999999995 221.36499999999995 36
3920.0 506.5579999999999 19 4260.0 -340.0 70 -83 225.4539999999999 185.57399999999993 34
3900.0 561.3959999999997 19 4470.0 -730.0 117 -93 237.72899999999998 209.32199999999997 73
3150.0 374.59200000000016 16 3540.0 -790.0 100 -60 124.92399999999998 146.826 66
4940.0 557.0659999999999 19 5250.0 -310.0 63 -92 223.65599999999998 230.39 31
2100.0 355.46900000000005 14 2640.0 -540.0 83 -57 151.933 113.36899999999999 42
3580.0 553.267 13 4320.0 -760.0 123 -83 192.385 188.30599999999995 76
3450.0 421.8259999999999 18 3780.0 -470.0 80 -74 172.444 154.54900000000004 47
3610.0 452.01799999999986 20 3930.0 -320.0 66 -76 199.509 167.308 32
5185.0 603.292 21 5640.0 -515.0 88 -94 267.3469999999999 250.57299999999992 48
4950.0 511.592 18 5250.0 -300.0 62 -92 208.026 226.13299999999995 30
3890.0 572.894 18 4440.0 -550.0 101 -99 218.88999999999993 204.987 55
4600.0 626.609 23 5280.0 -720.0 103 -86 305.63500000000005 240.25599999999994 72
4985.0 546.9730000000002 17 5430.0 -445.0 76 -95 207.97699999999998 204.58199999999997 32
4280.0 541.0600000000002 19 4650.0 -370.0 76 -85 223.252 217.82899999999995 37
4195.0 509.8609999999999 19 4680.0 -500.0 92 -73 225.5879999999999 225.06999999999994 42
5460.0 605.5849999999998 19 5880.0 -510.0 89 -95 225.667 247.10699999999994 51
3400.0 511.01500000000004 17 4080.0 -770.0 119 -87 188.19399999999996 192.07699999999994 65
4000.0 443.19199999999995 16 4410.0 -410.0 78 -86 156.0469999999999 171.553 41
5130.0 593.285 16 5490.0 -360.0 75 -104 194.47499999999997 253.29999999999995 36
3910.0 460.61699999999985 19 4230.0 -320.0 63 -77 209.64899999999997 174.43899999999996 32
4350.0 516.7180000000001 19 4740.0 -390.0 69 -82 226.50599999999991 206.42099999999996 30
4100.0 527.459 19 4470.0 -370.0 70 -87 240.85299999999992 200.671 36
4360.0 507.46900000000005 18 4890.0 -530.0 101 -100 159.47699999999998 186.90999999999997 53
4400.0 566.3009999999998 21 4740.0 -550.0 83 -81 267.86599999999993 215.18399999999994 55
3000.0 366.09499999999986 15 3360.0 -360.0 66 -63 145.353 133.694 36
3070.0 867.0979999999998 16 4260.0 -1190.0 99 -91 238.19799999999998 168.932 119
3700.0 479.154 17 4020.0 -320.0 65 -92 185.75999999999996 192.759 32
4370.0 750.0939999999998 24 5040.0 -685.0 115 -84 264.80899999999997 225.16599999999994 60
5880.0 667.1249999999999 23 6330.0 -450.0 92 -130 248.48399999999992 244.21700000000004 45
4990.0 442.7880000000001 17 5340.0 -350.0 72 -100 170.87399999999997 168.91499999999996 35
4785.0 565.9949999999997 23 5280.0 -535.0 93 -90 247.164 235.099 40
5380.0 721.6039999999996 19 5760.0 -380.0 78 -108 292.43999999999994 262.31199999999995 38
3910.0 590.3919999999997 16 4410.0 -510.0 105 -78 279.33900000000006 196.572 51
5240.0 473.0319999999998 15 5550.0 -310.0 63 -90 187.10099999999997 210.09399999999994 31
5860.0 592.922 21 6300.0 -440.0 86 -115 205.95799999999997 268.465 40
4210.0 552.3909999999998 19 4560.0 -350.0 72 -105 202.588 211.99499999999995 35
4330.0 501.1559999999999 16 4860.0 -530.0 109 -96 173.72900000000004 201.203 53
4400.0 421.10399999999987 18 4950.0 -590.0 104 -88 173.63699999999997 164.84099999999998 47
4770.0 484.5259999999999 18 5070.0 -300.0 62 -77 215.22099999999995 211.56699999999995 30
4710.0 536.3910000000002 15 5100.0 -390.0 70 -86 198.05999999999997 233.55599999999998 39
4930.0 545.5139999999998 19 5340.0 -650.0 106 -88 203.517 227.80499999999998 65
3260.0 572.9290000000001 18 3720.0 -460.0 87 -95 211.38299999999998 166.796 46
4800.0 420.10099999999994 20 5190.0 -480.0 92 -83 162.684 185.30499999999998 48
4520.0 490.21799999999996 15 4890.0 -370.0 68 -89 201.93099999999998 184.11599999999996 37
4140.0 527.1699999999998 21 4500.0 -390.0 80 -90 230.818 204.97499999999997 39
4300.0 540.5720000000001 18 4620.0 -440.0 91 -85 215.877 230.36899999999997 44
4360.0 488.427 15 5010.0 -690.0 105 -83 189.71999999999994 205.47199999999995 69
3980.0 562.885 19 4380.0 -400.0 81 -98 206.13 207.20399999999998 40
4010.0 505.8339999999999 18 4380.0 -370.0 74 -85 215.36 170.938 37
3710.0 481.9269999999998 15 4080.0 -520.0 106 -90 160.306 185.64499999999995 52
4360.0 568.291 23 4740.0 -470.0 90 -82 240.49899999999994 246.53699999999995 47
5430.0 605.262 17 6000.0 -610.0 117 -107 208.51 250.20399999999987 61
4050.0 388.757 23 4350.0 -480.0 78 -67 171.36500000000004 158.98999999999998 48
4620.0 514.018 17 4920.0 -300.0 61 -80 240.53500000000003 219.08999999999995 30
2770.0 392.66599999999994 17 3330.0 -600.0 83 -64 183.75299999999996 142.601 60
4490.0 535.315 18 5040.0 -550.0 88 -96 201.39499999999998 205.4489999999999 55
2580.0 341.0469999999999 13 3060.0 -520.0 81 -63 137.39399999999998 125.013 52
3460.0 409.4339999999999 17 3990.0 -530.0 84 -80 165.70199999999994 146.65999999999997 53
3200.0 442.2529999999999 14 3780.0 -580.0 87 -75 160.565 181.73299999999995 58
3540.0 516.0959999999999 15 4200.0 -670.0 115 -82 174.32199999999997 185.82999999999998 67
4840.0 566.1830000000001 25 5130.0 -290.0 59 -90 251.13400000000004 235.85299999999998 29
4745.0 497.48799999999983 24 5160.0 -415.0 70 -86 195.02199999999996 220.40499999999997 29
3690.0 476.682 17 4140.0 -470.0 95 -69 232.19599999999997 186.02399999999997 47
4990.0 606.8829999999997 22 5460.0 -470.0 87 -110 256.86999999999995 228.56799999999996 47
4060.0 610.3569999999999 22 4800.0 -760.0 121 -86 252.19099999999992 196.37699999999992 76
4360.0 520.164 20 4860.0 -650.0 102 -84 228.46999999999997 207.099 65
3990.0 460.4619999999999 17 4410.0 -420.0 65 -70 219.677 192.102 40
3970.0 482.64199999999977 22 4350.0 -380.0 70 -70 225.58400000000003 189.96800000000005 38
5750.0 798.9259999999998 21 6390.0 -640.0 92 -114 266.0929999999999 248.09199999999998 64
3920.0 461.98099999999994 15 4290.0 -370.0 67 -94 151.07699999999997 167.002 37
4810.0 531.4660000000001 20 5130.0 -320.0 66 -92 219.475 220.417 32
3320.0 417.6879999999998 13 3690.0 -370.0 74 -77 156.84699999999998 142.86399999999998 37
3815.0 551.181 16 4320.0 -625.0 104 -86 203.56699999999992 197.89299999999997 50
5650.0 532.3999999999999 19 6000.0 -350.0 70 -102 193.62700000000004 226.08999999999997 35
2950.0 435.085 17 3390.0 -480.0 99 -88 137.12199999999996 148.35999999999996 48
4560.0 461.7699999999999 18 4920.0 -510.0 99 -78 213.643 187.44399999999996 51
4775.0 470.5649999999998 18 5250.0 -655.0 119 -88 165.17399999999995 199.682 53
4540.0 558.2059999999999 23 5070.0 -530.0 87 -84 232.494 223.34199999999993 53
3290.0 533.2869999999999 17 3870.0 -580.0 84 -82 160.33499999999998 184.04499999999996 58
3840.0 430.1379999999999 17 4140.0 -300.0 61 -71 196.45999999999998 173.27 30
2980.0 381.847 14 3510.0 -610.0 82 -58 171.20999999999998 161.79699999999997 49
4200.0 473.1909999999999 17 4530.0 -330.0 64 -80 213.61499999999995 172.427 33
2650.0 470.5529999999998 16 3210.0 -560.0 89 -83 191.299 138.589 56
2840.0 400.34299999999973 16 3330.0 -530.0 97 -80 141.39799999999997 145.82 53
3355.0 396.27900000000005 17 3750.0 -395.0 74 -74 150.393 139.835 39
3450.0 354.02099999999996 13 3750.0 -300.0 62 -63 131.89199999999997 159.59699999999998 30
5660.0 564.314 20 6090.0 -460.0 92 -111 191.14199999999997 257.49099999999993 46
4600.0 594.8989999999998 19 5100.0 -500.0 79 -97 210.47199999999995 215.72599999999997 50
3070.0 653.1909999999999 13 4290.0 -1240.0 111 -85 204.26199999999997 174.62499999999997 177
5530.0 670.064 22 5850.0 -320.0 66 -98 305.372 268.96 32
3730.0 500.85100000000017 18 4140.0 -410.0 84 -94 203.818 169.62099999999995 41
4980.0 492.59600000000006 17 5520.0 -640.0 132 -78 216.47599999999997 219.133 64
4960.0 568.7759999999997 21 5370.0 -410.0 75 -100 218.73899999999998 242.172 41
4980.0 592.8319999999997 18 5340.0 -360.0 74 -103 236.48699999999997 240.70999999999995 36
4090.0 502.1039999999999 19 4440.0 -620.0 128 -77 210.327 210.01399999999992 62
4890.0 534.0799999999999 15 5340.0 -450.0 78 -108 206.395 207.586 33
4640.0 611.3949999999996 25 5220.0 -680.0 105 -89 273.79699999999985 219.613 68
3940.0 470.7979999999999 17 4500.0 -560.0 83 -92 185.96699999999996 182.58299999999997 56
3460.0 526.545 23 4170.0 -720.0 124 -91 185.351 187.91499999999996 72
3690.0 432.51 13 3990.0 -300.0 62 -67 200.957 174.89099999999996 30
4290.0 502.86799999999994 18 4620.0 -330.0 64 -82 202.052 210.21 33
5175.0 555.8520000000001 21 5790.0 -625.0 112 -91 234.27300000000002 232.61499999999998 50
3800.0 547.139 15 4470.0 -670.0 96 -86 186.88999999999993 168.795 67
3220.0 414.81099999999986 17 3570.0 -350.0 72 -76 172.4019999999999 145.88899999999998 35
4170.0 429.35300000000007 19 4470.0 -300.0 62 -70 187.38799999999995 185.50399999999996 30
4740.0 501.47100000000006 21 5070.0 -330.0 67 -85 203.48999999999998 217.431 33
3405.0 1033.157 19 4380.0 -1035.0 104 -81 180.703 182.45299999999995 95
4160.0 594.79 15 5070.0 -960.0 109 -95 186.12400000000002 217.95499999999998 86
3790.0 448.79799999999994 23 4350.0 -630.0 114 -63 190.56599999999997 185.256 50
5020.0 562.6569999999998 18 5460.0 -440.0 80 -103 260.394 201.70499999999993 44
3170.0 390.74199999999996 17 3510.0 -340.0 69 -63 155.432 147.77200000000002 34
3750.0 468.675 16 4050.0 -300.0 61 -79 186.03 184.733 30
3920.0 466.46599999999984 22 4260.0 -340.0 65 -75 207.015 187.97399999999996 34
4170.0 510.8510000000001 17 4680.0 -510.0 81 -73 227.112 222.87399999999994 51
3630.0 367.78000000000003 16 3930.0 -300.0 62 -67 143.04299999999998 155.08699999999996 30
4820.0 508.88399999999996 20 5160.0 -480.0 82 -82 218.82 218.20699999999997 48
3825.0 457.66900000000004 17 4440.0 -615.0 83 -75 178.84400000000002 190.19099999999997 49
3780.0 438.56600000000014 13 4170.0 -570.0 96 -82 135.32999999999998 184.27099999999996 57
3400.0 391.3110000000001 15 3720.0 -320.0 66 -71 157.77399999999997 166.64600000000002 32
4490.0 507.49899999999997 21 4800.0 -310.0 64 -71 235.78200000000004 212.02599999999995 31
5120.0 553.4710000000001 19 5520.0 -400.0 78 -89 224.46699999999998 227.506 45
4530.0 558.7859999999998 24 4830.0 -300.0 62 -92 259.61499999999995 209.884 30
3160.0 563.65 17 3600.0 -440.0 84 -90 205.595 174.212 44
3140.0 758.8110000000001 14 3750.0 -610.0 83 -74 157.70999999999998 174.244 61
3030.0 375.55999999999995 14 3540.0 -590.0 83 -66 166.70700000000002 121.74799999999999 59
3350.0 438.983 18 3660.0 -310.0 63 -73 185.01299999999998 152.98099999999997 31
4510.0 610.3530000000002 17 5340.0 -870.0 115 -93 215.07699999999997 214.63799999999995 87
4680.0 505.22600000000006 17 4980.0 -540.0 84 -80 222.21099999999996 219.43299999999996 54
3770.0 537.4859999999999 22 4170.0 -400.0 81 -89 242.88900000000004 180.44800000000004 40
4190.0 594.2269999999999 23 5040.0 -940.0 114 -77 225.901 220.05299999999997 82
5080.0 600.7899999999998 21 5430.0 -350.0 71 -104 250.22799999999995 224.355 35
3510.0 481.676 13 3840.0 -480.0 95 -82 184.20099999999994 183.89299999999997 48
2330.0 352.6169999999999 15 3030.0 -720.0 96 -62 141.676 132.16299999999998 71
5010.0 521.5399999999998 17 5490.0 -480.0 73 -85 196.49799999999996 216.63599999999994 34
2890.0 388.853 14 3450.0 -560.0 83 -69 167.231 143.34599999999998 56
3990.0 480.5079999999999 18 4350.0 -360.0 74 -83 199.36099999999996 194.51299999999998 36
5185.0 543.6599999999999 20 5640.0 -455.0 69 -87 230.422 226.47299999999998 33
4500.0 564.033 18 4950.0 -450.0 75 -90 262.046 215.739 45
3610.0 406.1069999999999 18 3810.0 -290.0 52 -57 197.484 170.529 29
5100.0 627.9510000000002 17 5790.0 -700.0 128 -111 191.552 262.931 70
3420.0 444.7070000000001 16 4020.0 -600.0 91 -88 176.154 158.96399999999997 60
4230.0 531.3669999999998 22 4590.0 -360.0 74 -93 199.183 196.735 36
3845.0 456.4149999999998 19 4380.0 -535.0 89 -74 207.47599999999997 177.01999999999992 52
2380.0 1897.6259999999977 16 4110.0 -1730.0 137 -87 211.17300000000003 194.13299999999995 183
4650.0 581.4129999999998 22 5160.0 -550.0 101 -84 259.6000000000001 226.03699999999998 55
2770.0 388.321 18 3120.0 -350.0 72 -61 149.68299999999996 154.783 35
3985.0 541.1220000000002 19 4500.0 -515.0 85 -81 215.587 191.16600000000003 50
3465.0 470.19499999999977 15 3870.0 -405.0 72 -82 189.97199999999992 177.49599999999995 31
3495.0 1852.981999999998 15 4800.0 -1305.0 134 -77 235.059 218.04599999999996 125
3350.0 513.611 18 3870.0 -520.0 66 -71 189.494 194.499 75
4470.0 475.406 16 4800.0 -330.0 64 -96 161.76299999999998 213.08499999999998 33
3850.0 501.1189999999999 20 4170.0 -470.0 96 -85 184.37899999999996 167.67 47
3730.0 539.9970000000003 19 4530.0 -840.0 106 -92 225.11799999999997 196.69299999999998 84
3075.0 395.572 14 3480.0 -405.0 79 -83 130.37599999999998 150.50199999999998 39
4075.0 1433.2200000000005 18 5280.0 -1225.0 120 -86 245.32600000000008 210.50699999999995 110
4430.0 788.8610000000006 19 5550.0 -1210.0 144 -114 225.39399999999995 242.10699999999994 121
4590.0 471.2150000000001 15 4890.0 -300.0 62 -99 159.39999999999998 196.08700000000002 30
3990.0 393.753 19 4380.0 -390.0 70 -83 134.38099999999997 165.226 39
4635.0 518.5039999999998 21 5010.0 -375.0 62 -75 234.45399999999998 214.906 25
3970.0 614.032 23 4560.0 -590.0 74 -92 265.6039999999999 206.03799999999998 50
4440.0 568.5200000000003 20 4830.0 -390.0 76 -101 209.831 208.894 39
3740.0 498.7729999999998 18 4050.0 -460.0 94 -76 230.15299999999996 184.11999999999995 46
2910.0 434.3469999999998 18 3360.0 -450.0 75 -71 205.19599999999997 141.11399999999998 45
4185.0 487.863 17 4560.0 -375.0 74 -92 190.81999999999996 190.80699999999996 35
5470.0 688.2840000000001 21 6060.0 -610.0 116 -101 279.281 252.27599999999993 61
4060.0 546.024 22 4500.0 -480.0 99 -88 219.03599999999997 210.32399999999993 48
4060.0 541.6779999999999 18 4530.0 -470.0 71 -91 218.00499999999994 204.89199999999994 34
5390.0 657.0719999999999 16 5910.0 -590.0 89 -96 271.56 264.7060000000001 59
5640.0 576.7079999999999 18 5940.0 -300.0 62 -94 248.54 260.5239999999999 30
4700.0 538.6190000000001 18 5070.0 -370.0 75 -91 197.07399999999996 214.297 37
3900.0 537.8239999999997 17 4290.0 -390.0 64 -89 210.59799999999996 192.58 26
4110.0 494.43199999999985 19 4410.0 -300.0 62 -89 213.52599999999995 187.37999999999994 30
3450.0 382.2299999999999 16 3810.0 -360.0 60 -67 164.05599999999995 161.31999999999996 24
3500.0 348.8349999999999 16 4050.0 -700.0 124 -64 125.11799999999997 154.52199999999996 57
3680.0 666.8770000000003 19 4320.0 -800.0 125 -77 219.62199999999996 177.65000000000006 80
4450.0 568.2929999999999 17 5070.0 -720.0 103 -91 242.936 203.75299999999993 69
4380.0 503.80999999999995 17 4770.0 -390.0 70 -77 216.003 197.982 39
5180.0 637.83 21 5550.0 -370.0 76 -109 216.399 239.53899999999993 37
5010.0 603.4099999999999 25 5370.0 -360.0 72 -87 269.08699999999993 251.10500000000002 36
4650.0 429.73499999999996 17 5040.0 -390.0 70 -92 161.58499999999998 150.899 39
3690.0 412.4819999999999 17 3990.0 -300.0 62 -69 187.916 158.96699999999998 30
5900.0 710.8060000000002 19 6300.0 -520.0 99 -93 335.07099999999997 287.2889999999999 52
4875.0 624.7439999999999 16 5280.0 -585.0 88 -101 271.395 232.451 55
2930.0 384.308 14 3360.0 -430.0 71 -64 167.224 148.283 43
3330.0 413.97299999999996 19 3720.0 -410.0 85 -64 188.573 163.81699999999998 41
3390.0 470.45899999999995 20 3690.0 -480.0 98 -71 208.515 182.61699999999996 48
5260.0 750.975 21 6060.0 -960.0 138 -101 260.909 216.38399999999993 96
5470.0 657.438 21 5880.0 -410.0 76 -106 299.587 258.366 41
3490.0 423.77799999999996 17 3810.0 -320.0 66 -74 175.75000000000003 166.42200000000003 32
5360.0 632.1509999999998 21 5850.0 -560.0 83 -98 286.152 249.91699999999997 56
2140.0 291.6190000000001 12 2670.0 -530.0 107 -54 102.497 122.92299999999997 53
2870.0 1438.4799999999984 16 3690.0 -820.0 92 -82 194.32799999999995 159.28400000000002 82
3710.0 434.739 20 4020.0 -310.0 64 -68 179.204 181.71099999999998 31
4885.0 635.5229999999997 21 5340.0 -455.0 80 -112 229.962 228.13 45
4680.0 584.1089999999999 21 5040.0 -360.0 66 -97 249.45899999999995 224.92699999999996 36
5660.0 585.81 20 6270.0 -610.0 81 -111 227.62799999999996 211.707 52
1760.0 282.263 11 2370.0 -630.0 91 -56 79.48899999999999 99.48399999999998 63
3560.0 469.24100000000004 15 4440.0 -940.0 120 -86 162.472 190.91799999999995 94
3600.0 598.6310000000001 17 4290.0 -840.0 115 -97 212.927 197.88099999999997 84
5025.0 566.8349999999997 23 5580.0 -565.0 101 -82 240.18299999999988 235.06399999999996 44
5190.0 468.12299999999993 20 5550.0 -570.0 116 -83 195.87800000000001 200.64599999999996 57
5080.0 511.1839999999999 19 5610.0 -530.0 98 -91 212.53 208.19799999999992 53
4000.0 2678.7249999999963 14 5670.0 -1670.0 156 -107 191.31199999999998 184.17999999999995 167
4150.0 560.916 19 4800.0 -650.0 100 -88 246.18599999999998 221.865 61
2700.0 449.23700000000014 13 3720.0 -1020.0 80 -68 156.68499999999997 139.62599999999995 172
3920.0 484.18 17 4380.0 -460.0 86 -86 195.60000000000002 156.83799999999997 46
3150.0 466.84099999999995 17 3510.0 -360.0 67 -70 213.292 153.29199999999997 36
6660.0 916.3939999999993 19 7620.0 -960.0 189 -138 265.94599999999997 219.46599999999995 96
5835.0 629.9999999999998 20 6300.0 -465.0 86 -112 231.15499999999994 249.88299999999992 39
3540.0 435.883 16 3900.0 -360.0 74 -71 175.23 161.833 36
3020.0 427.72299999999996 17 3630.0 -710.0 120 -66 172.286 155.457 71
5280.0 600.5430000000001 23 5670.0 -430.0 87 -83 302.5599999999999 237.2259999999999 43
4120.0 497.37399999999997 16 4710.0 -590.0 97 -85 195.89899999999994 217.85299999999992 59
5030.0 604.3520000000001 16 5490.0 -460.0 71 -90 260.085 246.0079999999999 32
3710.0 450.3679999999999 15 4020.0 -310.0 63 -75 172.947 185.774 31
3650.0 387.541 15 4080.0 -430.0 66 -74 142.97899999999998 170.70799999999997 30
4695.0 543.7940000000001 23 5190.0 -495.0 76 -84 241.00499999999997 236.322 36
3375.0 406.2289999999999 17 3750.0 -375.0 62 -67 179.552 159.72499999999997 25
3140.0 393.12699999999995 18 3690.0 -580.0 85 -60 161.04299999999998 165.428 58
4690.0 577.326 23 5190.0 -570.0 96 -104 219.137 215.45399999999995 57
3600.0 462.9239999999998 21 4110.0 -560.0 85 -76 174.73799999999991 202.035 56
3000.0 439.731 17 3360.0 -360.0 67 -83 175.576 153.96099999999998 36
2620.0 423.7519999999999 16 3090.0 -550.0 92 -67 165.49599999999995 137.965 55
3840.0 445.12899999999996 15 4440.0 -600.0 84 -76 160.60999999999999 189.891 60
4000.0 527.3059999999998 16 4560.0 -660.0 100 -89 201.658 191.623 66
2605.0 389.2229999999999 18 2970.0 -365.0 72 -62 171.91699999999997 139.729 35
4180.0 556.1169999999998 21 4560.0 -380.0 69 -87 262.52599999999995 203.88899999999995 38
3830.0 423.30199999999985 16 4140.0 -310.0 63 -89 142.121 158.16299999999998 31
3940.0 486.8369999999999 19 4260.0 -470.0 96 -77 199.87499999999994 199.50599999999997 47
3600.0 440.23999999999995 18 4050.0 -470.0 97 -76 182.755 167.10199999999998 47
4660.0 617.8639999999999 15 5190.0 -800.0 151 -110 198.444 232.70400000000004 80
4330.0 456.0950000000001 16 4590.0 -260.0 53 -78 198.64299999999997 185.90399999999997 26
5010.0 512.7940000000001 24 5400.0 -390.0 66 -78 242.026 223.668 27
3400.0 574.8940000000001 21 3840.0 -440.0 77 -93 243.99199999999993 180.76 44
4830.0 555.0469999999999 20 5190.0 -360.0 74 -98 203.01399999999998 233.18500000000003 36
4240.0 548.3679999999998 19 4830.0 -590.0 54 -81 253.139 196.197 59
3120.0 410.342 17 3480.0 -510.0 102 -77 162.712 146.21399999999994 51
5770.0 591.806 17 6150.0 -380.0 77 -96 227.62899999999993 247.95699999999994 38
3010.0 427.659 17 3630.0 -620.0 90 -69 175.05499999999998 165.13499999999996 62
4080.0 460.0169999999999 20 4380.0 -300.0 62 -79 206.06799999999996 185.60399999999996 30
3420.0 467.21799999999996 19 3870.0 -450.0 81 -81 199.24499999999995 168.47299999999998 39
6670.0 554.691 20 7050.0 -380.0 78 -105 217.50699999999998 222.28899999999996 38
4110.0 468.7929999999999 20 4410.0 -300.0 61 -75 203.89799999999994 200.406 30
5210.0 507.86599999999993 17 5610.0 -400.0 72 -92 214.77800000000002 211.565 39
4950.0 666.958 23 5460.0 -510.0 78 -108 284.288 245.33700000000005 39
4755.0 517.798 20 5100.0 -345.0 67 -89 234.79900000000006 199.92399999999992 33
3320.0 577.3780000000002 17 3900.0 -580.0 75 -92 205.61899999999994 185.86499999999995 58
3240.0 776.9909999999998 17 3840.0 -600.0 94 -87 183.43499999999997 168.571 88
4995.0 547.9390000000001 15 5460.0 -465.0 71 -104 222.36799999999997 223.28399999999996 34
2510.0 435.733 14 2910.0 -450.0 73 -64 181.06599999999997 122.65999999999997 45
7550.0 481.4229999999999 16 8190.0 -640.0 96 -113 209.89399999999995 194.948 64
5030.0 607.7019999999998 20 5370.0 -340.0 70 -106 257.23599999999993 233.09300000000005 34
3780.0 511.2949999999999 17 4290.0 -610.0 90 -78 200.24100000000004 188.487 61
4070.0 593.7489999999997 19 4470.0 -460.0 94 -100 226.73799999999991 194.906 46
2560.0 426.42099999999994 12 3600.0 -1130.0 129 -87 119.24499999999996 158.83599999999998 101
4120.0 524.4000000000001 19 4710.0 -590.0 86 -101 196.91999999999996 199.95099999999996 47
3660.0 389.63599999999997 14 3960.0 -300.0 61 -82 133.90499999999997 167.71599999999995 30
3300.0 432.7519999999998 17 3720.0 -440.0 91 -84 182.679 139.17299999999997 44
3640.0 441.99499999999995 18 4020.0 -380.0 64 -86 157.26100000000002 171.00299999999993 26
3510.0 495.98199999999974 18 3930.0 -420.0 76 -78 180.301 162.44799999999998 42
3750.0 487.8160000000001 18 4050.0 -300.0 60 -93 213.27099999999996 163.79600000000005 30
4670.0 582.2689999999999 16 5280.0 -610.0 99 -101 190.17099999999996 224.13 61
5340.0 603.2730000000001 18 5700.0 -540.0 111 -98 238.17899999999997 256.092 54
4810.0 524.4979999999999 19 5460.0 -690.0 103 -84 204.46499999999997 224.84699999999995 69
3595.0 611.7829999999996 19 4320.0 -815.0 81 -101 225.4819999999999 209.50099999999998 78
3370.0 477.90099999999995 14 3750.0 -380.0 75 -75 228.76299999999995 170.703 38
5760.0 621.6180000000004 19 6210.0 -510.0 92 -105 265.163 242.02 51
3450.0 495.7049999999999 15 3810.0 -360.0 74 -100 183.44299999999998 163.807 36
2800.0 345.84900000000005 14 3330.0 -560.0 81 -56 154.84799999999998 147.71799999999993 56
3080.0 529.1429999999999 18 3660.0 -580.0 87 -73 190.252 162.32999999999998 57
5540.0 599.9109999999998 19 6030.0 -490.0 79 -92 234.04399999999998 274.6819999999999 49
3880.0 438.68999999999994 18 4200.0 -320.0 65 -74 179.56499999999994 186.99800000000002 32
5745.0 717.922 20 6390.0 -645.0 94 -122 304.203 273.60499999999996 51
4625.0 556.347 20 5040.0 -415.0 67 -97 219.53199999999998 220.99799999999996 29
3750.0 485.9149999999999 14 4050.0 -450.0 93 -83 199.802 175.971 45
4660.0 579.48 22 4980.0 -320.0 66 -86 251.13299999999998 228.5549999999999 32
3530.0 451.6739999999999 17 3930.0 -520.0 107 -83 172.515 160.249 52
3460.0 464.0809999999999 17 4080.0 -620.0 56 -76 177.381 183.12699999999998 62
3890.0 546.0410000000002 17 4650.0 -910.0 114 -100 211.581 203.70599999999996 91
4020.0 499.85399999999976 17 4620.0 -610.0 118 -88 194.93 197.32300000000004 61
2940.0 477.79999999999995 15 3330.0 -450.0 82 -75 207.07 153.80599999999995 45
4800.0 455.0989999999999 18 5280.0 -540.0 86 -77 185.40399999999997 224.81499999999997 54
4030.0 478.95799999999997 18 4380.0 -650.0 134 -80 194.60199999999998 200.878 65
3060.0 362.774 14 3360.0 -300.0 61 -67 143.86599999999999 150.152 30
4330.0 509.81699999999984 17 4740.0 -410.0 84 -95 196.682 197.99599999999995 41
3300.0 427.65299999999996 17 3840.0 -555.0 108 -89 139.46999999999997 170.89899999999997 51
3460.0 611.12 16 3990.0 -530.0 69 -83 227.94999999999993 185.26999999999992 51
3660.0 579.9160000000002 20 4290.0 -630.0 82 -74 190.61299999999994 173.98199999999994 51
3640.0 504.7429999999998 18 3960.0 -320.0 64 -83 191.87099999999995 169.572 32
4450.0 534.367 21 5040.0 -590.0 85 -80 235.17599999999996 206.86199999999997 59
5700.0 601.6669999999996 18 6300.0 -740.0 103 -97 223.78699999999998 252.42299999999994 74
4520.0 702.141 19 5400.0 -880.0 142 -116 292.05 222.432 88
4270.0 440.4319999999999 17 4950.0 -680.0 94 -85 154.88400000000001 176.95799999999994 68
4640.0 464.51599999999996 19 4980.0 -400.0 81 -81 166.84099999999995 189.46699999999993 40
5020.0 571.8779999999998 21 5340.0 -320.0 66 -100 234.35799999999992 227.23299999999995 32
4640.0 534.9300000000001 24 5040.0 -470.0 78 -87 244.106 209.02999999999994 47
3280.0 442.959 12 3960.0 -680.0 67 -82 154.48099999999997 169.31 68
3885.0 532.342 23 4290.0 -505.0 99 -86 263.518 176.93799999999996 47
4100.0 616.991 15 4530.0 -470.0 96 -89 253.75599999999997 200.604 47
3630.0 378.5979999999999 15 3930.0 -300.0 62 -82 124.95799999999998 159.995 30
5080.0 668.7019999999999 20 5580.0 -520.0 107 -95 285.27 253.59599999999995 52
4635.0 503.05799999999994 21 5040.0 -405.0 67 -93 232.83099999999993 182.862 27
4170.0 622.7999999999998 12 4680.0 -510.0 83 -114 167.419 230.266 51
5190.0 736.3389999999997 23 5970.0 -860.0 112 -91 330.965 287.06999999999994 73
4180.0 559.77 21 4830.0 -650.0 109 -88 244.122 214.76799999999997 65
3940.0 466.32700000000006 18 4380.0 -540.0 100 -87 190.858 177.129 54
4510.0 529.147 14 4860.0 -350.0 71 -97 197.01299999999995 200.53799999999998 35
3880.0 512.3190000000001 17 4260.0 -380.0 62 -92 187.28599999999994 197.70499999999996 38
4390.0 444.087 20 4710.0 -320.0 66 -73 185.35899999999995 206.94299999999998 32
4360.0 497.222 16 4740.0 -380.0 72 -84 193.98899999999998 203.16399999999993 38
4200.0 501.78199999999987 18 4500.0 -300.0 62 -96 193.33599999999993 204.75699999999998 30
4715.0 591.2230000000001 22 5130.0 -415.0 69 -98 224.68100000000004 194.84999999999997 30
3120.0 401.4579999999999 17 3480.0 -360.0 74 -74 160.58599999999998 145.456 36
4585.0 428.899 16 4950.0 -365.0 71 -78 191.76899999999998 188.966 35
2910.0 400.5079999999999 18 3450.0 -720.0 88 -71 140.48899999999998 147.206 72
4000.0 520.176 20 4440.0 -440.0 71 -75 208.96200000000002 199.61199999999994 44
3555.0 516.5489999999999 16 3990.0 -525.0 75 -97 191.07499999999996 168.881 40
3590.0 573.7330000000003 20 4230.0 -690.0 104 -88 231.509 185.972 69
4220.0 533.6279999999999 18 4560.0 -340.0 70 -96 233.90399999999994 181.309 34
1620.0 355.83199999999994 13 2580.0 -1000.0 98 -62 113.97199999999997 119.19199999999998 96
6850.0 518.893 17 7170.0 -320.0 66 -100 205.20999999999998 252.70499999999996 32
3730.0 475.5349999999999 16 4110.0 -380.0 78 -106 149.36700000000002 169.12099999999995 38
5180.0 578.1920000000001 23 5520.0 -340.0 70 -90 265.97799999999995 234.43400000000003 34
4500.0 540.8990000000001 18 4860.0 -360.0 69 -99 183.13499999999996 184.22299999999998 36
3890.0 469.38899999999995 21 4230.0 -340.0 70 -80 194.781 183.92299999999997 34
4100.0 515.0999999999998 20 4860.0 -760.0 109 -88 194.52199999999993 208.632 76
4000.0 540.63 20 4500.0 -520.0 105 -100 217.27199999999993 181.779 52
4130.0 546.188 23 4710.0 -580.0 95 -90 226.4429999999999 210.554 58
4390.0 493.5279999999999 18 4800.0 -410.0 75 -87 200.44899999999998 207.10299999999995 41
4790.0 487.55800000000005 19 5100.0 -310.0 63 -90 188.39000000000001 215.184 31
4710.0 563.4259999999999 13 5100.0 -390.0 76 -109 213.19799999999998 200.23400000000004 39
3030.0 488.9719999999999 15 3480.0 -450.0 76 -89 195.96899999999997 140.401 45
3790.0 517.7339999999999 22 4140.0 -350.0 72 -82 253.4339999999999 180.308 35
3140.0 439.24499999999995 16 3660.0 -520.0 68 -76 150.39999999999998 140.8 52
4330.0 506.9359999999999 19 5040.0 -750.0 108 -89 174.13000000000002 217.77199999999993 75
3820.0 450.976 18 4170.0 -350.0 72 -69 188.65299999999996 184.54800000000003 35
4890.0 577.406 22 5250.0 -360.0 74 -98 256.65399999999994 216.118 36
3380.0 396.19499999999994 15 3690.0 -310.0 63 -69 137.97 170.23099999999997 31
3330.0 380.022 15 3630.0 -300.0 62 -65 158.70599999999996 164.277 30
4120.0 491.5899999999998 23 4500.0 -380.0 64 -71 232.23799999999997 202.865 26
3610.0 464.0020000000001 18 3930.0 -320.0 64 -84 164.829 155.51000000000002 32
5540.0 585.5160000000001 24 6060.0 -760.0 97 -93 276.49499999999995 242.04299999999995 63
2870.0 418.13699999999983 18 3330.0 -460.0 77 -77 164.605 144.942 46
3650.0 505.9209999999998 18 4170.0 -560.0 91 -78 227.26699999999997 191.23099999999997 56
3440.0 429.99499999999995 16 3780.0 -340.0 65 -78 173.80399999999997 167.532 34
4880.0 701.21 22 5430.0 -590.0 104 -96 233.654 229.99199999999996 59
4060.0 496.1859999999999 14 4410.0 -350.0 66 -83 171.869 203.622 35
3420.0 427.4779999999999 17 3720.0 -390.0 79 -70 183.68399999999994 172.81399999999996 39
2920.0 424.6329999999999 15 3570.0 -650.0 65 -75 146.945 142.68299999999996 65
4490.0 589.562 22 5040.0 -610.0 101 -100 245.647 203.90099999999993 61
3500.0 436.232 16 4110.0 -620.0 114 -85 131.5 164.36600000000004 62
3130.0 455.497 18 3540.0 -410.0 75 -79 181.47 173.39000000000004 41
2610.0 304.69999999999993 17 3120.0 -570.0 87 -59 105.48999999999997 132.64199999999997 57
4460.0 548.9260000000002 19 4740.0 -460.0 94 -81 250.17499999999993 221.24699999999996 46
3930.0 515.6750000000001 17 4530.0 -640.0 123 -82 233.274 201.86099999999996 64
2990.0 344.4989999999999 16 3330.0 -340.0 64 -61 128.20499999999998 136.77399999999994 34
3100.0 538.609 17 3540.0 -600.0 104 -69 191.782 147.99099999999996 60
4340.0 497.10299999999984 20 4680.0 -340.0 69 -84 186.02800000000002 204.388 34
2940.0 512.9619999999999 14 3780.0 -840.0 130 -78 153.96199999999996 176.671 76
3460.0 497.876 17 4080.0 -620.0 73 -76 196.24099999999993 167.414 54
5340.0 543.612 20 5670.0 -490.0 80 -88 245.10999999999999 235.839 48
3290.0 417.0919999999999 19 3720.0 -430.0 74 -62 188.37099999999995 148.964 43
4030.0 467.87299999999993 17 4350.0 -320.0 65 -75 215.13599999999997 190.06599999999997 32
3120.0 518.7539999999999 17 4050.0 -950.0 119 -73 209.77700000000002 165.48999999999995 95
4940.0 594.3729999999997 20 5370.0 -430.0 87 -103 219.28199999999998 233.58499999999992 43
3640.0 498.73099999999994 20 3960.0 -320.0 64 -72 204.16299999999998 177.66 32
3970.0 556.9730000000001 18 4650.0 -680.0 90 -87 199.18200000000002 182.92299999999997 66
2890.0 409.662 15 3450.0 -600.0 91 -69 146.34999999999997 158.46800000000002 60
3730.0 519.7699999999999 19 4140.0 -410.0 69 -82 228.235 183.793 41
3550.0 528.8549999999999 20 3930.0 -380.0 75 -83 200.003 178.005 38
3985.0 442.78099999999984 20 4440.0 -525.0 75 -76 176.78900000000002 176.628 40
5590.0 619.6080000000001 21 6030.0 -790.0 120 -98 226.52699999999996 260.944 78
5420.0 636.1400000000001 23 5850.0 -430.0 81 -114 236.44700000000003 267.42800000000005 43
4880.0 606.4300000000002 17 5490.0 -610.0 91 -106 238.24799999999996 205.68499999999995 61
4000.0 467.73099999999994 19 4290.0 -290.0 59 -74 217.07499999999996 188.14899999999997 29
4220.0 512.1360000000001 16 4710.0 -490.0 81 -81 212.76700000000002 220.57099999999997 48
3890.0 423.4209999999999 20 4410.0 -530.0 109 -74 174.59499999999994 184.557 53
2760.0 680.2320000000002 12 3840.0 -1180.0 137 -78 145.77599999999998 150.38099999999997 118
4100.0 510.72499999999985 16 4500.0 -400.0 82 -87 218.805 194.44699999999997 40
4250.0 477.9099999999999 16 4560.0 -310.0 64 -85 187.99099999999999 188.05499999999998 31
3310.0 367.8789999999999 17 3810.0 -570.0 56 -64 143.78699999999998 162.41399999999993 57
4160.0 495.6550000000001 18 4500.0 -340.0 70 -71 239.51199999999997 197.21099999999996 34
3730.0 471.836 17 4050.0 -320.0 66 -73 188.3019999999999 182.45999999999995 32
4460.0 552.6000000000001 19 4770.0 -310.0 63 -93 226.20799999999994 213.57299999999995 31
4610.0 592.8789999999998 17 5010.0 -550.0 100 -92 246.86299999999994 218.01699999999997 55
4530.0 456.27699999999993 22 4830.0 -300.0 62 -74 201.09900000000002 200.399 30
3290.0 388.04200000000003 17 3630.0 -340.0 62 -68 157.82099999999997 159.804 34
4510.0 456.26500000000004 16 4830.0 -320.0 65 -91 176.18499999999995 195.93800000000002 32
2910.0 478.7669999999999 18 3600.0 -690.0 119 -67 202.373 159.302 69
2060.0 352.4269999999998 13 2670.0 -640.0 84 -50 160.45899999999997 121.52000000000001 64
3785.0 469.5849999999999 17 4230.0 -485.0 97 -87 167.979 172.78799999999998 47
3610.0 467.7179999999999 15 4140.0 -540.0 105 -71 204.36799999999994 185.87300000000002 54
4660.0 601.1050000000002 18 5010.0 -420.0 77 -80 283.01000000000005 248.02 42
3010.0 487.3399999999999 16 3840.0 -830.0 102 -78 165.32199999999997 162.03099999999998 83
4980.0 545.855 18 5280.0 -360.0 74 -86 233.77599999999995 241.19899999999993 36
4830.0 517.0649999999999 19 5130.0 -300.0 62 -94 199.985 227.98499999999999 30
3780.0 494.1569999999998 19 4170.0 -390.0 70 -94 205.08399999999995 165.22899999999998 39
3460.0 529.6929999999999 16 4140.0 -690.0 123 -89 190.74699999999999 174.547 69
2280.0 320.5919999999999 12 2610.0 -330.0 67 -70 103.388 117.06099999999999 33
2400.0 346.75699999999995 12 3030.0 -630.0 106 -55 136.31099999999998 136.963 63
4430.0 570.7099999999999 22 4890.0 -460.0 86 -95 230.44499999999996 178.27299999999997 46
4670.0 584.812 20 5040.0 -370.0 75 -88 262.15199999999993 226.38799999999998 37
2750.0 526.2140000000002 14 3630.0 -880.0 87 -86 176.858 169.76499999999996 88
4100.0 646.3900000000001 16 5160.0 -1060.0 155 -113 183.20899999999997 182.76100000000002 99
4150.0 521.997 20 4470.0 -320.0 65 -96 222.24099999999996 185.837 32
5670.0 578.4079999999999 20 6210.0 -560.0 114 -95 244.56199999999998 248.14500000000004 56
3690.0 389.78 14 4320.0 -750.0 82 -75 153.54299999999998 158.227 75
3440.0 1658.8699999999983 17 4380.0 -940.0 95 -89 208.11699999999996 178.358 94
5285.0 558.205 22 5730.0 -505.0 95 -93 228.91399999999993 249.2769999999999 44
4330.0 507.98799999999983 19 4680.0 -350.0 69 -86 181.92599999999993 198.26999999999995 34
3320.0 411.25099999999986 17 3780.0 -470.0 96 -62 179.79199999999997 175.795 47
2870.0 464.653 14 3390.0 -610.0 72 -73 159.361 151.70699999999997 61
3025.0 610.335 18 3840.0 -825.0 109 -71 253.30999999999992 177.126 70
3540.0 428.4929999999999 20 3840.0 -300.0 62 -66 193.21300000000002 175.362 30
3100.0 388.7349999999999 21 3510.0 -510.0 83 -66 174.622 149.15599999999998 39
4030.0 443.074 20 4470.0 -440.0 71 -75 181.18299999999994 193.46699999999993 44
3380.0 444.7629999999999 19 3930.0 -590.0 90 -71 190.726 171.95999999999995 59
4640.0 494.7089999999997 18 5010.0 -370.0 64 -81 215.26899999999995 191.00100000000003 37
4630.0 622.4339999999997 23 5310.0 -680.0 103 -102 262.6789999999999 247.85500000000002 68
4520.0 562.6159999999998 20 4920.0 -580.0 94 -80 230.93699999999995 221.91899999999993 58
3190.0 438.635 17 3510.0 -320.0 66 -71 197.15499999999994 155.31199999999998 32
3745.0 465.109 16 4140.0 -395.0 79 -79 164.444 185.99299999999994 39
3950.0 590.1040000000002 21 4620.0 -700.0 101 -76 273.871 217.24099999999999 70
3140.0 736.3520000000001 15 4200.0 -1060.0 125 -78 146.599 160.552 113
4540.0 551.1299999999999 20 4920.0 -380.0 69 -91 233.10299999999998 206.10699999999997 38
4690.0 582.5960000000001 20 5190.0 -520.0 98 -93 264.0229999999999 221.241 52
3320.0 410.34900000000005 20 3600.0 -280.0 58 -67 166.328 164.026 28
5260.0 532.8630000000002 20 5700.0 -440.0 76 -95 205.314 227.05499999999998 44
3270.0 417.94199999999995 18 3630.0 -360.0 73 -71 173.237 161.92199999999994 36
5030.0 630.3589999999998 16 5550.0 -520.0 106 -110 260.0789999999999 222.86599999999999 52
3795.0 548.3649999999999 16 4200.0 -405.0 82 -104 212.28099999999995 172.133 40
4400.0 509.81399999999985 23 4830.0 -430.0 88 -85 208.45 206.37499999999997 43
5130.0 564.2829999999999 16 5670.0 -540.0 98 -110 220.96099999999996 201.366 50
3960.0 547.8260000000001 21 4380.0 -420.0 82 -86 208.22699999999998 200.36899999999997 42
3950.0 476.07599999999985 18 4290.0 -340.0 64 -83 195.32800000000003 182.30099999999996 34
4730.0 566.6830000000002 17 5130.0 -400.0 77 -92 198.10699999999997 222.0569999999999 40
2790.0 438.638 13 3390.0 -620.0 102 -78 136.987 149.53699999999998 62
4310.0 508.535 22 4680.0 -370.0 76 -102 193.49800000000002 194.26399999999995 37
3050.0 418.6009999999999 18 3630.0 -580.0 86 -81 121.27099999999997 163.08299999999997 46
3720.0 484.789 13 4230.0 -510.0 85 -83 194.123 182.509 51
4170.0 455.1739999999999 17 4710.0 -540.0 82 -70 196.768 204.80899999999994 54
5055.0 611.8449999999998 23 5490.0 -435.0 74 -105 241.27599999999995 235.36799999999994 43
4900.0 591.8589999999998 20 5280.0 -530.0 108 -95 264.6769999999999 204.26999999999995 53
2730.0 669.3579999999996 16 3990.0 -1260.0 96 -99 183.396 175.87299999999996 147
4070.0 501.3439999999997 16 4470.0 -400.0 67 -84 221.24199999999993 195.39199999999994 40
4250.0 508.11900000000014 16 4590.0 -340.0 70 -97 194.243 186.77200000000002 34
4350.0 490.64500000000015 15 4650.0 -450.0 92 -78 209.73199999999997 207.68699999999998 45
3705.0 417.2059999999999 19 4050.0 -345.0 70 -68 180.92300000000003 172.52799999999996 34
4690.0 504.60199999999986 22 5010.0 -320.0 62 -77 232.28 217.51399999999992 32
3100.0 376.09700000000004 15 3450.0 -350.0 67 -67 122.1 142.00600000000003 35
2890.0 358.8299999999999 15 3450.0 -560.0 84 -60 157.86499999999998 139.10099999999994 56
4450.0 485.15 19 4830.0 -380.0 77 -78 198.733 200.044 38
4060.0 462.76099999999997 19 4320.0 -380.0 78 -81 205.73299999999998 186.00800000000004 38
3730.0 467.79599999999994 16 4290.0 -560.0 69 -82 158.871 171.56400000000002 82
3120.0 426.549 19 3450.0 -330.0 58 -70 195.64599999999996 148.51 33
4525.0 531.053 15 4920.0 -455.0 75 -93 211.39999999999995 194.23100000000002 33
4020.0 506.1079999999999 20 4740.0 -720.0 99 -80 224.935 211.06099999999995 71
3445.0 576.1099999999997 16 3900.0 -695.0 114 -101 204.90599999999992 195.584 69
4430.0 478.778 15 4890.0 -490.0 96 -97 154.09099999999998 201.46599999999998 45
2890.0 402.54900000000004 15 3270.0 -380.0 78 -65 172.40699999999998 152.25300000000004 38
4740.0 542.9920000000002 15 5130.0 -390.0 74 -94 213.97099999999995 215.51799999999997 39
3560.0 424.3539999999999 22 3900.0 -340.0 68 -62 191.378 165.07599999999996 33
3740.0 518.8270000000001 15 4170.0 -430.0 81 -96 189.00199999999998 168.17600000000002 43
4690.0 538.5299999999999 19 5070.0 -800.0 115 -77 242.40400000000002 224.21199999999993 80
4890.0 600.3009999999999 23 5310.0 -420.0 85 -102 233.76499999999993 212.61299999999994 42
4050.0 492.02699999999993 19 4350.0 -390.0 80 -75 225.57400000000004 191.582 39
3685.0 552.7529999999999 18 4380.0 -695.0 98 -78 219.804 167.57600000000002 66
4450.0 541.5840000000002 17 4830.0 -380.0 77 -93 230.02999999999992 197.75 38
4650.0 504.27199999999993 19 4950.0 -300.0 62 -87 207.97599999999994 220.36499999999995 30
4200.0 459.5150000000001 19 4560.0 -360.0 74 -71 211.37299999999993 193.72299999999998 36
3700.0 420.15599999999984 19 4020.0 -320.0 62 -77 165.987 168.27399999999997 32
5460.0 489.43799999999993 20 5940.0 -480.0 76 -91 239.66099999999992 177.63800000000003 36
3665.0 533.8100000000002 19 4590.0 -925.0 134 -86 185.20399999999998 199.97899999999996 84
2940.0 354.34299999999996 14 3360.0 -920.0 123 -69 134.17299999999994 143.827 92
2770.0 377.7639999999999 14 3210.0 -510.0 105 -57 163.42 148.51399999999995 51
4420.0 487.4239999999999 17 4800.0 -380.0 70 -79 210.665 205.039 38
2965.0 560.7729999999997 16 3930.0 -995.0 93 -70 205.762 176.75400000000002 147
3880.0 477.2199999999998 22 4200.0 -320.0 65 -76 197.561 180.032 32
4830.0 527.8320000000001 16 5340.0 -510.0 98 -99 192.012 199.98399999999995 51
5230.0 513.304 16 5580.0 -440.0 86 -91 218.76699999999994 213.21999999999997 44
2510.0 302.51500000000004 14 2880.0 -410.0 68 -47 137.459 122.72699999999998 41
3750.0 475.99699999999996 19 4050.0 -300.0 62 -75 216.03599999999997 187.452 30
3290.0 448.7040000000001 12 3840.0 -560.0 111 -76 166.66000000000003 175.32399999999998 56
2880.0 373.90899999999993 17 3180.0 -300.0 62 -64 154.76 156.33499999999998 30
4940.0 612.8309999999999 24 5520.0 -640.0 98 -95 267.647 241.62299999999996 64
2830.0 449.43299999999977 15 3360.0 -540.0 102 -79 141.50599999999997 153.51899999999995 62
3520.0 577.2489999999998 22 4440.0 -940.0 125 -95 215.76899999999998 202.658 94
5170.0 506.95899999999995 18 5550.0 -380.0 77 -86 222.6439999999999 185.381 38
5430.0 601.5029999999997 22 5850.0 -480.0 97 -97 249.93499999999992 246.69699999999997 48
3650.0 473.11100000000005 16 4020.0 -370.0 75 -98 189.14899999999994 157.90099999999995 37
3260.0 435.14799999999997 20 3600.0 -520.0 85 -69 197.95600000000002 143.40699999999995 52
3530.0 491.3349999999999 16 3930.0 -400.0 73 -89 201.07900000000004 170.78500000000003 40
5140.0 607.8150000000002 25 5460.0 -320.0 65 -79 297.1069999999999 252.95899999999995 32
2500.0 378.681 13 2820.0 -590.0 110 -68 149.53699999999998 114.52099999999999 50
4005.0 597.8359999999999 14 5070.0 -1065.0 88 -80 243.1949999999999 203.164 174
4680.0 544.1460000000001 19 5040.0 -360.0 74 -81 215.634 235.75100000000003 36
5000.0 532.8699999999998 20 5370.0 -370.0 76 -75 280.2829999999999 220.22699999999995 37
2880.0 1246.5030000000008 15 3900.0 -1020.0 131 -74 200.84399999999997 163.332 102
4340.0 597.42 19 4680.0 -340.0 69 -97 244.84299999999996 208.44099999999995 34
3530.0 478.6410000000001 14 4110.0 -720.0 107 -81 137.512 180.162 72
5380.0 673.0710000000001 21 6180.0 -860.0 103 -107 234.79799999999994 253.17 86
6090.0 581.7749999999999 21 6480.0 -390.0 73 -102 226.39399999999998 247.52099999999996 39
3840.0 516.6940000000002 18 4350.0 -520.0 103 -73 219.64300000000003 212.44399999999993 52
5970.0 587.687 19 6330.0 -360.0 74 -99 254.7979999999999 261.48099999999994 36
5055.0 640.8959999999998 20 5640.0 -725.0 114 -90 262.28599999999994 228.13999999999996 92
4110.0 514.6399999999995 19 4440.0 -330.0 65 -78 216.93699999999998 210.65699999999995 32
3540.0 430.60099999999994 18 4050.0 -510.0 81 -78 179.4669999999999 172.31599999999997 51
4140.0 441.34499999999997 13 4530.0 -390.0 75 -70 182.966 193.211 39
4370.0 490.475 20 4710.0 -340.0 66 -81 176.475 205.59300000000002 34
3820.0 432.4150000000001 12 4230.0 -410.0 84 -86 137.84499999999997 173.07799999999997 41
2600.0 426.24799999999993 16 3330.0 -730.0 70 -73 165.86699999999993 153.21299999999994 73
3350.0 446.8530000000001 17 3840.0 -510.0 92 -85 167.22899999999998 156.433 51
4170.0 459.57099999999986 15 4680.0 -510.0 81 -76 185.88599999999997 208.38 51
3540.0 430.30300000000005 19 3840.0 -390.0 80 -76 202.31400000000005 153.34099999999998 39
2750.0 464.1680000000001 16 3300.0 -550.0 82 -73 201.10199999999998 150.24099999999999 55
3600.0 450.52899999999994 17 4110.0 -510.0 80 -74 168.071 179.646 51
3980.0 443.5949999999999 20 4290.0 -520.0 106 -83 165.57399999999996 185.80400000000003 52
3360.0 415.8050000000001 15 3630.0 -270.0 56 -69 183.886 171.76199999999994 27
3520.0 399.45300000000003 18 3840.0 -320.0 66 -56 183.21999999999997 181.6759999999999 32
3310.0 565.7479999999999 17 3930.0 -650.0 107 -86 219.75699999999998 176.46600000000004 65
4580.0 557.82 20 4920.0 -340.0 70 -88 242.573 224.00199999999998 34
4930.0 546.757 22 5430.0 -650.0 98 -81 230.73899999999998 224.466 65
3205.0 442.45399999999995 19 3720.0 -535.0 98 -84 152.20200000000003 162.751 60
4055.0 476.5139999999999 17 4530.0 -475.0 87 -92 161.181 189.57500000000002 47
2870.0 542.268 20 3420.0 -550.0 67 -78 216.88799999999995 152.36899999999997 55
2800.0 416.3990000000001 15 3210.0 -410.0 69 -70 157.31599999999997 145.39000000000001 41
4275.0 493.54700000000014 19 4560.0 -405.0 71 -75 240.67700000000002 182.71899999999994 51
3760.0 426.86899999999997 19 4020.0 -260.0 53 -73 187.35699999999997 170.04399999999998 26
3530.0 515.1700000000001 16 4170.0 -640.0 98 -99 167.29599999999996 188.53199999999995 64
5490.0 565.2139999999998 19 5790.0 -300.0 62 -85 243.65299999999993 263.65799999999996 30
4980.0 583.4040000000001 22 5430.0 -450.0 74 -89 276.471 227.07699999999997 43
3595.0 422.0479999999999 19 4020.0 -425.0 71 -65 191.16599999999997 178.19999999999996 29
4670.0 530.2299999999999 22 5100.0 -430.0 87 -93 212.89899999999994 193.98899999999995 43
3830.0 542.5450000000002 18 4440.0 -610.0 114 -101 209.804 180.284 61
5080.0 587.7289999999997 16 5490.0 -410.0 74 -96 230.5569999999999 230.51199999999992 41
3570.0 394.96 19 3870.0 -360.0 74 -69 156.671 166.11599999999996 36
2490.0 296.82699999999994 16 2790.0 -500.0 80 -53 122.417 119.14300000000001 50
2980.0 403.75600000000003 14 3450.0 -520.0 80 -63 146.13199999999998 154.62899999999996 52
4590.0 525.1659999999999 21 4890.0 -300.0 61 -91 223.34500000000003 219.86799999999997 30
3840.0 418.81200000000007 16 4260.0 -440.0 90 -82 159.72600000000003 165.00499999999997 44
3680.0 625.2069999999998 19 4170.0 -490.0 77 -82 311.19800000000004 182.529 37
4270.0 627.3329999999997 19 4740.0 -470.0 77 -103 242.21099999999996 225.72400000000005 47
3640.0 483.49299999999994 15 4410.0 -770.0 145 -88 167.969 174.255 86
4040.0 538.5889999999999 17 4380.0 -340.0 67 -84 239.75699999999998 180.828 34
4450.0 561.1999999999999 22 4770.0 -400.0 79 -97 242.08199999999997 217.72400000000002 40
5080.0 607.4720000000001 18 5460.0 -410.0 84 -100 270.8759999999999 218.41799999999995 41
2415.0 541.4399999999998 14 3150.0 -735.0 107 -96 171.709 130.14999999999998 70
4450.0 507.79499999999996 21 4740.0 -290.0 59 -86 223.731 208.28899999999996 29
5965.0 626.396 20 6420.0 -455.0 78 -112 264.204 258.897 33
4680.0 490.179 20 4980.0 -300.0 61 -86 209.29899999999998 205.375 30
3940.0 417.6839999999999 17 4350.0 -410.0 71 -80 160.58999999999997 164.962 41
5810.0 582.6619999999999 20 6210.0 -490.0 77 -95 247.41099999999997 265.1689999999999 49
4740.0 481.6729999999999 14 5130.0 -390.0 73 -103 159.57899999999995 211.179 39
5840.0 586.7379999999999 21 6240.0 -640.0 104 -100 231.53699999999998 253.59999999999997 64
5100.0 545.286 20 5880.0 -840.0 116 -87 243.889 239.492 84
4260.0 527.5479999999999 23 4620.0 -360.0 74 -87 224.12999999999994 208.26599999999996 36
4140.0 576.3299999999998 20 4560.0 -420.0 81 -91 241.64899999999994 208.37199999999996 42
4440.0 513.282 15 5100.0 -710.0 98 -87 210.11299999999994 221.32899999999998 71
3240.0 373.32199999999995 21 3630.0 -390.0 65 -61 167.86499999999998 151.51000000000002 26
4130.0 436.9439999999999 17 4590.0 -500.0 103 -94 136.837 178.40999999999994 50
4530.0 498.97799999999995 19 4950.0 -440.0 89 -78 210.95699999999994 224.02699999999993 44
3310.0 432.29799999999994 20 3630.0 -520.0 105 -66 161.307 161.755 52
4510.0 506.066 17 4920.0 -410.0 84 -96 178.82399999999996 203.76900000000003 41
4010.0 493.18000000000006 17 4650.0 -640.0 131 -76 206.84799999999996 203.713 64
3500.0 459.5029999999999 17 3810.0 -310.0 63 -77 208.35799999999998 168.03 31
5270.0 529.6139999999998 18 5730.0 -460.0 75 -85 225.98399999999992 245.70299999999995 46
3630.0 446.902 13 3930.0 -300.0 62 -81 168.82199999999995 179.07099999999997 30
4170.0 521.3900000000001 18 4530.0 -360.0 67 -89 212.61099999999996 196.53000000000006 36
3760.0 576.8970000000002 16 4410.0 -650.0 109 -97 212.09699999999998 205.86999999999995 65
3750.0 523.47 15 4110.0 -360.0 67 -92 226.67799999999994 176.98799999999994 36
3640.0 407.57999999999987 16 3930.0 -470.0 96 -68 172.42399999999998 162.37899999999996 47
3480.0 584.823 20 3930.0 -450.0 78 -96 206.04999999999995 180.71399999999994 45
4090.0 487.018 17 4740.0 -650.0 91 -89 183.16699999999997 205.57599999999996 65
4350.0 608.272 19 5130.0 -780.0 102 -92 237.14999999999995 231.444 78
4260.0 545.436 19 5100.0 -840.0 137 -90 202.64899999999994 227.97899999999993 63
3640.0 460.1460000000001 13 4080.0 -540.0 86 -70 145.78299999999996 174.63299999999995 54
4220.0 538.4600000000002 16 4650.0 -430.0 83 -88 187.48599999999996 201.03899999999993 43
4010.0 479.72200000000004 16 4380.0 -370.0 75 -106 158.246 159.07399999999998 37
5105.0 619.1470000000003 23 5760.0 -755.0 128 -105 238.111 230.17300000000003 61
3330.0 405.63599999999997 20 3630.0 -300.0 62 -76 153.80999999999997 159.10700000000003 30
3360.0 445.068 15 3750.0 -570.0 117 -81 160.793 161.08799999999997 57
5220.0 523.2920000000001 18 5550.0 -330.0 64 -94 201.13299999999998 231.01499999999996 33
2370.0 298.2879999999999 12 2700.0 -330.0 64 -57 118.92099999999999 112.88799999999999 33
3990.0 437.8790000000001 16 4320.0 -450.0 93 -73 169.54400000000004 186.29199999999997 45
2870.0 483.452 17 3330.0 -460.0 74 -66 193.86300000000003 147.50699999999992 46
4250.0 488.5879999999999 18 4590.0 -490.0 99 -76 179.78399999999996 185.565 49
4465.0 656.1669999999999 20 5130.0 -665.0 86 -100 260.262 224.058 57
4220.0 542.1790000000003 16 4740.0 -640.0 98 -90 211.374 192.966 63
2670.0 340.01599999999996 13 2970.0 -300.0 62 -64 123.335 131.80499999999998 30
5140.0 964.864 17 5760.0 -620.0 90 -117 232.48499999999987 240.10299999999998 62
3570.0 424.82800000000003 16 4050.0 -530.0 81 -64 190.69299999999993 176.91999999999996 53
5480.0 660.4919999999998 20 6330.0 -890.0 115 -98 268.215 288.50699999999995 89
4780.0 633.5459999999999 21 5160.0 -460.0 75 -91 260.84999999999997 247.85399999999998 46
4560.0 505.4949999999999 19 4890.0 -330.0 68 -85 206.78399999999993 225.709 33
4650.0 543.6979999999999 22 5010.0 -360.0 73 -109 211.639 199.678 35
4760.0 509.6349999999998 18 5160.0 -400.0 68 -93 197.43299999999994 227.023 28
4050.0 465.24999999999994 18 4350.0 -450.0 93 -85 178.32099999999994 188.06199999999998 45
3140.0 478.81599999999986 14 3570.0 -430.0 87 -79 202.95699999999997 148.774 43
3780.0 506.92999999999984 19 4230.0 -570.0 81 -75 225.9129999999999 186.467 57
4670.0 530.4039999999998 19 5250.0 -700.0 98 -91 147.86299999999997 219.59199999999993 70
4610.0 458.45099999999985 17 4920.0 -310.0 64 -88 164.81199999999998 196.18000000000004 31
3570.0 411.44699999999995 16 3870.0 -450.0 93 -69 181.56599999999992 167.35899999999995 45
3820.0 513.145 16 4320.0 -500.0 77 -76 182.746 187.13999999999993 50
4110.0 503.59299999999985 19 4710.0 -600.0 95 -95 176.35999999999999 189.21099999999998 60
5300.0 715.527 18 6180.0 -880.0 119 -124 251.61899999999997 262.36299999999994 78
3620.0 449.442 18 3930.0 -310.0 63 -72 199.97600000000003 175.73 31
3910.0 455.429 17 4350.0 -440.0 78 -78 184.075 178.134 34
4620.0 490.0250000000001 21 4920.0 -300.0 62 -87 205.22199999999992 192.694 30
4260.0 537.0179999999998 16 5040.0 -870.0 114 -81 210.22599999999994 201.01699999999994 87
4270.0 467.5140000000002 15 4800.0 -530.0 95 -89 188.32999999999998 171.19799999999998 53
5870.0 688.3009999999997 20 6330.0 -460.0 93 -122 284.54199999999986 267.013 46
3850.0 576.4859999999999 18 4440.0 -590.0 90 -95 197.945 215.33899999999997 59
5025.0 653.6510000000002 22 5610.0 -605.0 103 -108 254.65199999999996 237.04199999999997 59
2880.0 461.57899999999995 14 3390.0 -510.0 69 -77 164.947 151.38699999999994 51
4230.0 506.17500000000007 20 4530.0 -300.0 62 -89 220.9709999999999 200.61799999999997 30
3840.0 459.13900000000007 19 4380.0 -560.0 115 -79 192.88899999999998 187.03199999999998 56
2930.0 549.1279999999999 13 3510.0 -580.0 80 -89 136.10100000000003 162.16299999999998 58
2140.0 436.016 11 2970.0 -880.0 119 -65 157.10999999999999 137.36499999999998 93
5130.0 593.78 17 5490.0 -360.0 68 -103 209.19099999999997 245.75699999999998 36
3420.0 375.27299999999997 15 3720.0 -300.0 61 -75 151.99699999999999 141.09699999999995 30
5245.0 605.255 22 5610.0 -425.0 80 -92 276.724 242.12899999999996 41
6460.0 641.2450000000001 19 6960.0 -500.0 83 -113 274.6019999999999 265.07199999999995 38
2360.0 523.6349999999999 13 3450.0 -1130.0 100 -80 171.94699999999997 145.14399999999995 113
4480.0 549.96 20 4890.0 -530.0 109 -87 227.05399999999995 214.424 53
3150.0 327.3239999999999 16 3450.0 -300.0 62 -63 120.842 144.387 30
4850.0 628.8720000000002 20 5430.0 -580.0 99 -107 257.116 231.31500000000003 58
4210.0 484.84599999999995 17 4620.0 -410.0 76 -74 214.433 211.39899999999994 40
4140.0 519.0129999999998 18 4860.0 -720.0 133 -88 189.65899999999996 221.14000000000001 59
4670.0 569.6779999999998 19 5040.0 -370.0 67 -93 264.0909999999999 218.14299999999997 37
4480.0 470.32699999999994 18 4950.0 -470.0 79 -78 179.37 182.82099999999994 47
6120.0 614.9709999999998 18 6510.0 -390.0 76 -105 249.04599999999985 256.021 39
3080.0 408.853 16 3390.0 -310.0 63 -72 174.505 137.06 31
3600.0 480.1469999999998 15 3930.0 -330.0 62 -93 143.88399999999996 183.72199999999998 33
4340.0 491.948 22 4800.0 -520.0 81 -82 216.90600000000003 195.016 52
4740.0 540.6380000000001 18 5100.0 -570.0 93 -90 233.4159999999999 218.80699999999996 57
5750.0 562.4979999999999 17 6390.0 -780.0 109 -104 208.57599999999996 241.11899999999994 78
4580.0 547.7890000000001 19 5130.0 -550.0 88 -80 235.17599999999993 238.91400000000002 43
3950.0 519.0060000000001 19 4620.0 -670.0 87 -89 205.3109999999999 178.91099999999994 67
5120.0 622.012 23 5520.0 -400.0 70 -93 286.52 239.6389999999999 40
3160.0 401.18600000000004 16 3480.0 -320.0 64 -52 166.79399999999995 156.411 32
3360.0 542.0909999999999 19 3870.0 -510.0 102 -92 229.24099999999999 165.02599999999998 51
4780.0 532.861 21 5280.0 -650.0 110 -99 186.358 223.481 65
3805.0 465.92599999999993 19 4230.0 -425.0 78 -82 170.02199999999996 168.907 41
4070.0 518.8750000000001 17 4380.0 -310.0 64 -82 223.18999999999994 198.72700000000003 31
3990.0 368.2739999999999 17 4260.0 -270.0 56 -75 145.369 167.24399999999991 27
3670.0 519.9100000000001 16 4110.0 -440.0 90 -88 228.08100000000002 180.73800000000003 44
3770.0 482.30699999999996 16 4170.0 -400.0 71 -75 185.182 184.46699999999998 40
4990.0 606.9449999999998 18 5370.0 -380.0 78 -90 283.52199999999993 243.3209999999999 38
5830.0 563.8100000000003 19 6150.0 -360.0 71 -88 244.23999999999995 264.034 36
3520.0 402.89 13 3810.0 -290.0 60 -71 160.32199999999995 171.48699999999994 29
3820.0 509.05600000000004 20 4140.0 -320.0 66 -78 211.95700000000002 187.25799999999995 32
3550.0 528.5510000000002 15 4230.0 -700.0 104 -92 171.26199999999997 192.09299999999996 70
3280.0 496.4829999999998 14 4020.0 -740.0 75 -72 185.58699999999996 173.73399999999998 118
5120.0 583.7189999999998 18 5490.0 -520.0 106 -93 246.48299999999995 228.06900000000005 52
4110.0 443.44899999999996 17 4410.0 -300.0 62 -79 180.853 192.76899999999995 30
3490.0 481.98800000000017 20 4050.0 -560.0 87 -72 211.257 190.187 56
5560.0 597.9729999999998 23 5940.0 -440.0 86 -96 222.99099999999999 259.191 44
2930.0 395.801 15 3480.0 -550.0 84 -72 141.693 141.81699999999995 55
4055.0 526.8609999999998 19 4470.0 -415.0 74 -85 211.25699999999998 192.63299999999998 32
3800.0 568.2620000000001 21 4140.0 -550.0 113 -96 234.90499999999997 195.917 55
3630.0 387.74500000000006 21 3930.0 -300.0 61 -58 183.94099999999997 167.868 30
3200.0 430.272 14 3570.0 -370.0 75 -67 184.47399999999996 169.515 37
3400.0 383.7660000000001 14 3780.0 -580.0 96 -72 141.028 160.07500000000002 58
2840.0 430.58799999999997 16 3450.0 -630.0 86 -83 149.60899999999995 146.007 54
4530.0 552.7339999999997 16 5040.0 -600.0 103 -97 215.34399999999994 222.787 59
4805.0 431.4539999999998 17 5250.0 -595.0 100 -92 133.25300000000001 169.94899999999993 47
3980.0 622.271 18 4650.0 -670.0 97 -98 210.93399999999994 192.554 67
3870.0 500.6779999999999 17 4350.0 -480.0 78 -89 164.85899999999998 192.566 48
3350.0 403.8199999999999 15 3780.0 -430.0 75 -73 146.41999999999996 159.377 43
5200.0 749.8620000000001 16 5760.0 -560.0 82 -82 237.5339999999999 235.94399999999996 56
4070.0 506.1649999999999 20 4560.0 -490.0 84 -96 195.14599999999996 192.41200000000003 49
4240.0 506.85400000000004 20 4590.0 -650.0 134 -91 198.77999999999994 205.95799999999997 65
3420.0 480.03200000000004 17 3750.0 -330.0 67 -68 225.33499999999995 160.36799999999994 33
3460.0 450.0820000000001 18 3780.0 -460.0 69 -70 208.85199999999992 165.8949999999999 46
3990.0 526.8489999999999 20 4590.0 -650.0 102 -91 214.94100000000003 191.929 65
3115.0 470.50799999999987 18 3600.0 -535.0 86 -74 174.34599999999998 169.13199999999995 52
4640.0 524.04 19 5070.0 -450.0 92 -79 234.14499999999995 199.96699999999998 45
3320.0 421.69999999999993 15 4200.0 -940.0 118 -65 177.84599999999998 182.778 94
5400.0 579.2599999999996 18 5790.0 -570.0 102 -90 230.87899999999996 257.874 44
3110.0 339.764 14 3450.0 -340.0 69 -66 115.895 140.284 34
3220.0 507.291 17 3840.0 -780.0 95 -66 211.18399999999997 177.16399999999996 78
