4290.0 537.1429999999998 16 4740.0 -450.0 64 -100 160.56199999999998 205.928 45
3700.0 425.56099999999986 16 3870.0 -470.0 51 -73 177.68899999999994 168.87 43
5220.0 597.4699999999999 19 5340.0 -120.0 16 -100 222.736 199.183 12
4160.0 518.064 18 4290.0 -150.0 26 -74 219.95699999999997 206.78300000000002 15
2960.0 373.3459999999999 15 3090.0 -130.0 27 -68 130.55999999999997 132.123 13
5440.0 574.5509999999998 22 5670.0 -230.0 28 -88 232.47699999999998 244.51099999999994 23
4220.0 590.868 19 4380.0 -160.0 32 -112 209.65000000000003 192.085 16
4800.0 518.448 20 4950.0 -150.0 29 -87 200.08499999999992 226.94 14
4440.0 563.7039999999998 18 4860.0 -420.0 57 -97 239.91599999999994 199.97999999999996 42
4430.0 535.4820000000001 15 4950.0 -560.0 49 -78 196.87499999999997 205.546 56
4620.0 511.2759999999999 18 4650.0 -30.0 6 -79 222.746 199.45799999999997 3
4830.0 527.0559999999998 22 4950.0 -120.0 17 -77 241.11999999999998 213.84799999999998 12
3920.0 517.107 16 4110.0 -190.0 24 -102 145.03499999999997 195.97299999999998 19
4430.0 591.4049999999999 17 4890.0 -470.0 69 -99 218.24699999999996 232.39399999999995 47
5370.0 652.82 19 5520.0 -290.0 42 -91 296.067 263.53399999999993 29
4515.0 399.644 18 4650.0 -135.0 13 -76 165.84499999999997 171.06499999999997 13
5010.0 591.3029999999997 21 5160.0 -150.0 30 -108 216.67000000000002 226.956 15
4520.0 500.99699999999996 16 4590.0 -70.0 14 -89 215.3739999999999 199.16099999999994 7
5610.0 601.4040000000003 19 5730.0 -120.0 24 -107 220.09599999999992 259.57 12
3580.0 426.93399999999986 18 3690.0 -110.0 22 -66 186.3799999999999 166.90200000000002 11
4750.0 552.0530000000001 19 4890.0 -140.0 21 -91 192.02499999999998 203.60699999999994 14
3930.0 1481.334999999999 22 4950.0 -1020.0 88 -92 284.554 219.53499999999997 111
4690.0 488.9920000000001 20 4770.0 -80.0 16 -92 200.001 200.44699999999995 8
3720.0 444.752 16 4020.0 -310.0 49 -75 172.84399999999997 173.51799999999994 30
3880.0 566.1889999999997 16 4380.0 -500.0 66 -105 175.91799999999998 195.40099999999995 50
4750.0 544.4310000000002 18 4860.0 -110.0 22 -88 229.53799999999995 228.35499999999996 11
4520.0 604.2289999999998 22 4860.0 -440.0 56 -91 251.02199999999993 220.064 44
4250.0 565.6619999999999 20 4470.0 -300.0 40 -81 213.90599999999995 228.531 30
4920.0 476.42699999999985 17 5310.0 -540.0 94 -91 193.84599999999998 194.6559999999999 40
5050.0 527.8509999999998 23 5250.0 -200.0 37 -91 233.06199999999995 215.274 25
3420.0 380.9509999999999 13 3420.0 0.0 0 -76 134.886 165.469 0
4325.0 436.48600000000005 18 4650.0 -375.0 36 -73 170.10899999999998 221.82499999999993 36
5240.0 639.8119999999998 26 5490.0 -400.0 68 -95 300.09599999999995 232.61299999999997 40
4115.0 456.354 20 4260.0 -145.0 14 -83 171.627 165.34499999999997 20
4380.0 461.4229999999997 16 4470.0 -390.0 77 -73 210.70799999999994 187.04099999999997 39
3760.0 424.63300000000004 14 3960.0 -200.0 31 -75 134.35899999999998 189.94099999999995 20
5370.0 712.6369999999997 21 5730.0 -380.0 72 -113 290.061 260.63199999999995 38
4725.0 555.054 21 4920.0 -195.0 38 -94 223.18899999999996 204.54499999999996 19
3940.0 375.238 16 3960.0 -140.0 26 -59 159.61199999999997 178.50399999999996 14
4940.0 492.74600000000004 14 5010.0 -70.0 8 -89 200.58299999999994 220.17399999999998 7
5070.0 537.5449999999998 19 5070.0 0.0 0 -72 266.654 234.279 0
3760.0 455.584 16 3900.0 -140.0 22 -87 190.49199999999996 142.45000000000002 14
3930.0 424.0250000000001 18 4350.0 -470.0 46 -80 147.16899999999995 177.954 47
3180.0 407.089 14 3330.0 -150.0 30 -73 166.81000000000003 152.03899999999996 15
3680.0 380.453 17 4020.0 -355.0 45 -71 148.73999999999998 152.70100000000002 30
3070.0 454.6539999999998 14 3330.0 -280.0 57 -91 145.68499999999997 151.86699999999996 28
4485.0 558.9959999999999 20 4650.0 -165.0 22 -107 222.671 217.09099999999998 13
4370.0 620.2029999999999 18 4800.0 -510.0 87 -85 205.968 218.39899999999997 50
4620.0 466.867 18 4650.0 -240.0 24 -69 238.15499999999994 192.17899999999997 23
3440.0 370.5689999999999 18 3540.0 -100.0 9 -74 140.75599999999997 154.563 10
6180.0 652.7049999999999 21 6360.0 -180.0 15 -98 295.1759999999999 281.74199999999996 18
4370.0 466.5219999999999 18 4500.0 -130.0 26 -96 171.57299999999995 184.26499999999993 13
4685.0 523.1880000000001 22 4860.0 -175.0 25 -91 207.66 224.459 13
6020.0 513.8599999999999 19 6150.0 -340.0 69 -102 196.63599999999997 228.51199999999997 34
4300.0 554.3519999999997 17 4440.0 -140.0 23 -108 194.50500000000002 210.642 14
4410.0 461.5120000000001 20 4410.0 0.0 0 -85 171.244 205.59899999999993 0
4340.0 543.3960000000001 20 4650.0 -330.0 58 -93 219.59199999999998 177.792 33
5160.0 589.2779999999996 21 5610.0 -530.0 51 -88 271.5629999999999 245.38199999999998 53
3350.0 473.66600000000005 17 3570.0 -260.0 35 -75 185.31900000000002 164.174 26
5465.0 556.5590000000001 23 5550.0 -85.0 16 -84 245.83699999999996 245.61099999999993 8
4840.0 600.5799999999998 20 5520.0 -770.0 83 -102 231.77599999999998 239.66099999999992 77
5230.0 595.3340000000002 21 5550.0 -330.0 59 -89 243.82899999999998 252.604 29
5920.0 527.958 18 6000.0 -170.0 34 -90 229.1 242.05500000000006 17
4140.0 456.2419999999999 16 4710.0 -570.0 71 -94 151.66600000000003 185.33599999999996 57
2800.0 310.77599999999995 15 2880.0 -80.0 16 -71 108.702 122.082 8
4500.0 464.02900000000005 18 4710.0 -210.0 19 -77 202.04299999999998 206.75900000000001 21
4975.0 510.54699999999997 23 5310.0 -335.0 42 -91 223.44 222.45699999999994 28
3790.0 472.459 17 3900.0 -290.0 38 -71 165.146 176.817 29
2990.0 496.091 19 3240.0 -250.0 18 -66 172.48799999999994 133.144 25
5050.0 466.4879999999999 19 5070.0 -20.0 4 -82 192.25699999999998 209.56599999999997 2
3340.0 588.2270000000001 18 3960.0 -680.0 68 -91 163.42799999999997 173.155 66
3965.0 428.57500000000005 19 4080.0 -115.0 19 -65 185.42100000000002 187.46799999999996 8
4320.0 505.9879999999998 18 4470.0 -150.0 28 -81 209.62999999999994 188.187 14
3340.0 400.609 16 3480.0 -140.0 19 -74 172.31399999999994 137.22899999999998 14
4910.0 506.96099999999984 21 5100.0 -190.0 27 -86 227.30899999999994 215.81099999999995 14
5920.0 640.0680000000001 16 6090.0 -170.0 28 -102 286.043 275.58 17
3310.0 410.66299999999995 16 3420.0 -110.0 22 -69 166.06500000000005 155.23100000000002 11
4980.0 597.1399999999996 16 5340.0 -390.0 60 -114 186.65499999999994 214.69499999999994 39
4120.0 469.05500000000006 21 4290.0 -170.0 34 -71 190.10000000000002 198.72599999999994 17
4760.0 563.5 21 5340.0 -620.0 76 -103 217.05599999999998 221.35099999999997 62
4775.0 538.93 18 4980.0 -345.0 37 -89 217.96499999999992 222.00399999999993 31
4490.0 497.18199999999996 19 4590.0 -100.0 9 -86 218.54799999999997 187.76599999999996 10
3720.0 1048.2160000000003 20 4470.0 -780.0 67 -92 231.82 182.58099999999996 78
3710.0 557.5969999999998 19 4170.0 -500.0 59 -100 179.65599999999998 177.648 50
5330.0 779.54 20 6150.0 -880.0 44 -93 237.352 223.99500000000006 137
5040.0 550.3820000000001 21 5430.0 -390.0 48 -94 238.38299999999992 221.82399999999996 39
3920.0 403.9249999999999 16 4020.0 -100.0 20 -72 169.42899999999997 159.33999999999995 10
3830.0 413.991 19 3930.0 -100.0 20 -71 181.92999999999998 164.672 10
3700.0 355.0169999999999 15 3780.0 -80.0 16 -64 160.10199999999998 141.51100000000002 8
4030.0 446.806 17 4080.0 -50.0 10 -74 203.61799999999997 178.76299999999995 5
4090.0 589.798 15 4350.0 -280.0 57 -104 190.634 194.64299999999997 28
4290.0 498.94599999999997 17 4590.0 -300.0 52 -91 164.80599999999995 213.05999999999995 30
4920.0 512.4799999999999 21 5190.0 -270.0 35 -89 196.23399999999992 216.41699999999997 27
4390.0 513.422 22 4590.0 -200.0 26 -97 211.67999999999995 198.80100000000002 20
4570.0 452.577 20 4680.0 -110.0 14 -73 214.24599999999998 189.31799999999996 11
3970.0 432.18899999999974 18 4290.0 -320.0 39 -73 169.52200000000002 177.68 32
4420.0 574.8679999999999 17 4650.0 -270.0 54 -90 236.21099999999996 209.54299999999995 27
4540.0 471.7830000000001 15 4680.0 -230.0 39 -95 178.59499999999994 175.843 23
5590.0 458.7429999999998 16 5760.0 -170.0 34 -92 175.402 203.464 17
4000.0 501.2209999999999 18 4080.0 -80.0 16 -94 205.07299999999998 186.47899999999998 8
4290.0 485.7250000000001 14 4410.0 -240.0 49 -89 194.49699999999996 184.32099999999997 24
4970.0 509.85999999999996 15 5220.0 -270.0 50 -94 188.408 192.72799999999998 27
4430.0 474.34099999999984 19 4650.0 -320.0 40 -78 176.61999999999995 210.56299999999996 32
5040.0 512.8430000000001 14 5100.0 -60.0 12 -87 219.73099999999997 225.24599999999998 6
4300.0 419.09199999999987 12 4710.0 -490.0 44 -72 159.70799999999994 196.97599999999994 49
4835.0 552.5809999999999 20 5100.0 -265.0 26 -103 226.51299999999995 219.17699999999996 25
4320.0 495.4900000000001 18 4560.0 -260.0 53 -90 179.99699999999999 200.1019999999999 26
5330.0 580.8789999999999 18 5520.0 -190.0 20 -98 235.41800000000003 251.8739999999999 19
3270.0 382.6859999999999 15 3270.0 0.0 0 -69 164.91699999999997 144.463 0
4620.0 458.0920000000001 16 4980.0 -360.0 43 -79 179.59299999999993 202.177 36
4920.0 516.1790000000001 22 5160.0 -300.0 35 -79 213.01800000000006 206.18799999999996 28
4560.0 560.845 18 4920.0 -360.0 49 -93 235.153 203.095 36
4550.0 556.8340000000001 23 4890.0 -340.0 49 -93 214.90300000000005 206.05300000000003 34
4870.0 607.3989999999998 19 5040.0 -260.0 44 -105 213.38899999999995 223.8779999999999 23
4170.0 512.2450000000001 18 4260.0 -90.0 11 -76 216.63600000000002 181.795 9
5170.0 586.7030000000001 17 5280.0 -110.0 22 -101 244.12499999999997 244.487 11
4200.0 483.6169999999999 22 4410.0 -210.0 18 -76 165.543 196.01599999999996 21
5925.0 673.406 20 6180.0 -255.0 33 -100 279.001 252.68599999999998 21
5450.0 577.4119999999999 20 5700.0 -250.0 30 -91 247.17199999999997 259.313 31
4400.0 760.4459999999999 16 5010.0 -650.0 77 -109 194.47699999999998 218.95399999999998 65
4370.0 540.3700000000001 16 5070.0 -700.0 90 -91 215.72299999999996 229.84599999999998 63
5210.0 633.7019999999999 18 5610.0 -400.0 48 -100 241.221 246.59599999999998 38
5050.0 586.873 19 5280.0 -290.0 36 -99 234.47799999999987 234.92799999999997 29
4470.0 510.33999999999986 20 4650.0 -180.0 36 -89 218.4669999999999 200.442 18
6220.0 690.4669999999999 22 6360.0 -140.0 28 -107 297.31399999999996 284.69299999999987 14
5350.0 458.3089999999999 24 5430.0 -260.0 50 -84 207.80499999999992 197.99099999999999 26
2770.0 477.82500000000005 15 3360.0 -680.0 70 -82 155.77699999999996 140.346 68
4760.0 454.75099999999986 22 5040.0 -300.0 36 -76 209.527 194.09000000000003 30
3405.0 381.51299999999986 17 3540.0 -135.0 22 -66 164.239 156.48399999999998 9
5810.0 441.2809999999997 17 5940.0 -175.0 33 -99 158.487 194.67399999999998 16
5400.0 619.7639999999999 19 5520.0 -120.0 24 -106 257.08499999999987 238.78999999999994 12
5830.0 633.3039999999999 18 6270.0 -440.0 62 -112 206.07900000000004 291.139 44
3210.0 365.9710000000001 16 3270.0 -60.0 12 -60 157.461 148.64299999999997 6
4580.0 544.6940000000001 25 4680.0 -250.0 51 -93 243.77 201.96099999999998 25
4860.0 564.561 17 5070.0 -210.0 42 -87 206.29299999999998 240.4239999999999 21
4140.0 453.32099999999986 19 4170.0 -120.0 24 -77 193.57799999999997 186.40199999999993 12
4155.0 523.6399999999999 22 4200.0 -45.0 7 -85 255.74299999999997 196.04200000000003 3
4850.0 509.40699999999987 16 5340.0 -530.0 53 -82 215.137 224.48299999999998 53
4530.0 539.3120000000001 18 4740.0 -210.0 19 -102 176.33800000000002 204.539 21
4600.0 465.97299999999996 19 4710.0 -110.0 12 -87 177.19499999999996 195.68999999999994 11
4290.0 549.434 21 4500.0 -210.0 42 -92 206.07999999999996 202.55299999999997 21
4240.0 479.9329999999998 16 4710.0 -510.0 58 -86 194.722 184.41399999999996 50
3540.0 396.7019999999999 14 3600.0 -60.0 9 -70 154.42600000000002 157.391 6
4045.0 509.6080000000001 22 4320.0 -285.0 52 -81 222.63100000000003 197.11699999999996 24
4670.0 512.2849999999999 22 4830.0 -160.0 27 -83 242.035 211.11599999999999 16
4640.0 488.3359999999999 20 4830.0 -210.0 43 -84 204.00999999999993 210.30299999999997 21
4200.0 568.4289999999999 21 4920.0 -770.0 79 -85 179.38999999999993 216.8919999999999 77
3940.0 486.92099999999994 19 4050.0 -110.0 13 -85 194.64999999999998 187.66299999999998 11
4940.0 468.46199999999993 18 5040.0 -190.0 24 -81 173.59900000000002 208.16599999999997 16
4740.0 734.506 17 5340.0 -720.0 90 -103 245.21699999999993 186.20999999999998 72
4280.0 497.6229999999998 19 4530.0 -300.0 26 -65 197.3959999999999 198.648 30
3840.0 578.5110000000002 15 4410.0 -610.0 78 -107 201.95199999999997 191.27399999999994 61
4450.0 583.299 18 4860.0 -410.0 47 -93 266.3059999999999 202.77899999999994 41
3645.0 438.97200000000004 18 3720.0 -75.0 12 -71 208.42299999999997 170.89900000000003 5
4485.0 455.57099999999986 20 4530.0 -345.0 69 -74 196.27099999999993 199.51399999999998 33
4710.0 570.494 18 5190.0 -480.0 89 -88 250.54499999999993 226.29299999999995 48
5680.0 611.146 19 5790.0 -110.0 22 -108 260.317 241.61399999999998 11
3980.0 512.7550000000001 17 4140.0 -370.0 48 -84 158.14699999999996 190.29999999999995 37
3950.0 548.9009999999998 21 4110.0 -280.0 57 -100 207.76499999999996 183.37500000000003 28
4120.0 436.6199999999998 16 4680.0 -560.0 84 -84 155.64199999999997 182.998 56
4800.0 467.31600000000003 18 5040.0 -240.0 22 -68 184.84199999999996 213.029 24
4775.0 480.80599999999987 18 4860.0 -405.0 45 -83 176.69099999999997 215.98899999999995 40
5050.0 519.9179999999999 19 5190.0 -140.0 12 -92 225.16599999999997 217.96999999999994 14
5680.0 615.3469999999998 22 5970.0 -290.0 49 -107 227.93399999999997 242.84 29
5250.0 606.208 22 5430.0 -260.0 52 -91 249.814 240.69600000000003 26
4480.0 418.6899999999999 17 4650.0 -170.0 23 -76 176.99300000000002 167.66399999999993 17
4640.0 511.21299999999985 22 4800.0 -160.0 32 -90 232.47999999999996 206.23799999999994 16
5700.0 522.574 17 5850.0 -150.0 25 -92 251.26399999999992 208.91899999999995 10
4560.0 562.9919999999998 20 4680.0 -120.0 19 -80 262.602 217.88000000000002 8
4650.0 508.1020000000001 21 4830.0 -180.0 30 -92 214.352 203.68200000000002 12
6560.0 673.5310000000004 22 6690.0 -130.0 27 -112 289.34899999999993 272.46 13
5450.0 638.2869999999998 20 5670.0 -220.0 44 -115 218.119 206.62999999999997 22
2755.0 643.8699999999997 16 3600.0 -845.0 42 -81 152.15399999999994 163.16099999999997 146
4110.0 460.7249999999999 17 4290.0 -320.0 54 -70 213.07099999999997 183.28399999999996 32
3750.0 389.71000000000004 18 3750.0 -210.0 19 -63 177.69599999999994 166.70599999999996 21
3250.0 373.734 18 3270.0 -20.0 1 -64 160.68099999999998 152.30399999999997 2
4200.0 466.80499999999995 18 4200.0 0.0 0 -67 223.75099999999995 200.97299999999996 0
5730.0 532.8469999999998 19 5880.0 -150.0 19 -94 232.13799999999995 219.96899999999997 15
3570.0 467.10899999999987 18 3930.0 -360.0 33 -76 207.167 172.986 35
4790.0 569.8169999999999 18 4980.0 -460.0 52 -106 236.25599999999997 211.29699999999997 46
3980.0 481.61899999999997 16 4080.0 -400.0 47 -74 167.02000000000004 180.87299999999996 40
4150.0 558.125 17 4440.0 -290.0 54 -95 214.43399999999997 205.497 29
4565.0 724.6079999999998 20 5130.0 -565.0 66 -107 307.1909999999999 229.79699999999997 72
4795.0 508.18599999999975 17 4980.0 -185.0 28 -95 194.41999999999993 202.581 25
4760.0 554.6539999999997 17 5100.0 -340.0 38 -117 167.48 211.177 34
4970.0 498.953 15 5010.0 -40.0 8 -79 226.01799999999997 215.80300000000005 4
5350.0 531.2179999999998 22 5430.0 -80.0 7 -85 230.79100000000003 236.176 8
4480.0 392.48199999999997 20 4590.0 -110.0 22 -79 156.58399999999995 169.733 11
4680.0 546.4459999999999 23 4800.0 -120.0 17 -92 196.20299999999995 209.06900000000002 12
3570.0 332.9029999999999 13 3690.0 -120.0 9 -62 154.65099999999995 129.27799999999996 12
5740.0 591.963 16 6000.0 -260.0 37 -105 221.61599999999993 245.04599999999996 26
4800.0 555.546 19 4950.0 -150.0 30 -93 231.57700000000006 209.87999999999994 15
4430.0 481.00700000000006 17 4470.0 -130.0 11 -84 193.51 189.00599999999997 13
5390.0 613.5500000000001 17 5700.0 -310.0 60 -117 219.12899999999996 249.23000000000005 31
4060.0 428.054 17 4140.0 -80.0 13 -73 166.998 180.38699999999994 8
4000.0 473.34599999999995 15 4320.0 -330.0 51 -86 193.10299999999995 162.28099999999998 33
4050.0 398.27899999999994 17 4230.0 -180.0 16 -59 181.73999999999998 186.39399999999995 18
4240.0 456.831 14 4380.0 -140.0 28 -81 175.75099999999995 184.57599999999996 14
3940.0 483.79200000000003 12 3990.0 -260.0 53 -70 231.72799999999995 179.07499999999996 26
4770.0 493.61600000000004 19 4890.0 -210.0 33 -85 198.61699999999996 205.73499999999999 21
5210.0 578.3829999999999 19 5550.0 -340.0 45 -90 265.89899999999994 235.22599999999997 34
3590.0 599.6249999999999 17 3810.0 -460.0 35 -62 179.591 147.91600000000003 46
5340.0 535.0939999999999 17 5490.0 -180.0 29 -89 220.66699999999997 238.35099999999997 18
5940.0 522.4379999999998 23 6030.0 -90.0 18 -101 185.30900000000003 241.47799999999998 9
4010.0 488.137 14 4170.0 -160.0 16 -94 184.68599999999995 192.488 15
4110.0 439.41300000000007 14 4170.0 -60.0 12 -79 182.91899999999993 184.6999999999999 6
4570.0 569.7370000000001 20 4710.0 -140.0 15 -79 259.8359999999999 216.55599999999993 14
4960.0 639.5360000000001 24 5220.0 -260.0 40 -105 269.90999999999997 238.663 26
4780.0 521.62 24 4890.0 -110.0 22 -86 216.43599999999998 216.975 11
4960.0 566.8899999999999 19 5070.0 -110.0 22 -97 266.47099999999995 215.26399999999995 11
3600.0 424.77799999999996 16 3870.0 -470.0 52 -70 136.726 168.45700000000002 47
3720.0 481.461 16 3840.0 -120.0 16 -73 214.35399999999993 187.99099999999996 12
3600.0 406.045 18 3810.0 -265.0 32 -71 151.25400000000002 173.73099999999997 45
4965.0 559.9020000000004 16 5280.0 -315.0 39 -103 217.42299999999994 230.61999999999992 28
4940.0 587.2929999999998 17 5280.0 -360.0 58 -98 257.11099999999993 229.90799999999996 36
3570.0 487.0550000000002 17 3930.0 -430.0 84 -84 186.75099999999998 168.06899999999993 43
4440.0 427.057 18 4440.0 0.0 0 -81 155.45799999999994 204.685 0
4215.0 583.5359999999995 18 4590.0 -375.0 53 -107 183.693 195.464 44
4570.0 489.08099999999996 15 4650.0 -80.0 16 -86 219.88899999999998 185.62899999999996 8
3040.0 345.6460000000001 17 3210.0 -170.0 20 -70 140.21400000000003 119.22099999999998 17
4470.0 533.657 18 4890.0 -420.0 41 -82 251.997 212.81 42
5050.0 592.7279999999998 20 5280.0 -230.0 40 -94 215.768 225.51299999999998 23
4390.0 483.073 20 4560.0 -190.0 31 -75 229.089 186.46899999999994 19
5410.0 559.4929999999999 21 5550.0 -140.0 28 -109 188.363 231.387 14
3890.0 1292.9129999999998 16 4860.0 -1070.0 91 -89 230.86799999999994 214.16799999999995 107
5790.0 821.927 19 6510.0 -1120.0 116 -119 257.20099999999996 269.233 106
4020.0 497.2309999999999 19 4320.0 -300.0 60 -63 217.20299999999995 187.12999999999994 30
5870.0 541.138 20 5940.0 -350.0 72 -95 230.70900000000003 241.283 35
3900.0 459.5570000000001 18 4080.0 -200.0 36 -77 210.81099999999995 176.93699999999995 16
4080.0 445.83200000000005 15 4230.0 -150.0 16 -72 186.143 188.799 15
4330.0 477.2149999999999 21 4530.0 -200.0 24 -83 194.471 189.973 20
5710.0 581.1719999999999 19 5880.0 -170.0 27 -105 235.33099999999996 248.461 17
4920.0 534.521 24 4980.0 -60.0 12 -82 216.97499999999997 223.74 6
4460.0 549.2689999999999 18 4740.0 -320.0 61 -100 186.25700000000003 207.85299999999998 32
3730.0 418.60299999999984 15 3990.0 -260.0 29 -85 120.51299999999998 182.121 23
4480.0 487.60900000000004 15 4620.0 -140.0 23 -78 212.99299999999997 204.267 10
4530.0 443.0039999999999 19 4620.0 -90.0 8 -79 183.23799999999994 192.913 9
5180.0 637.6489999999998 21 5370.0 -190.0 31 -104 250.66899999999995 261.405 19
3830.0 490.28000000000003 17 3960.0 -130.0 17 -89 194.392 185.26399999999995 13
3630.0 467.096 18 3780.0 -150.0 30 -75 190.70099999999996 169.84099999999995 15
5050.0 477.19499999999994 22 5130.0 -80.0 7 -86 201.061 214.41500000000005 8
4750.0 630.8050000000003 20 5130.0 -380.0 59 -108 247.42100000000002 220.92300000000003 31
6380.0 629.5529999999997 24 6510.0 -130.0 26 -109 279.65399999999994 265.72399999999993 13
3990.0 449.17199999999985 18 4050.0 -60.0 12 -72 188.796 187.737 6
4270.0 454.01599999999985 16 4560.0 -300.0 61 -84 184.72299999999996 181.06100000000004 30
2745.0 340.402 18 2820.0 -75.0 7 -56 134.004 125.12099999999997 7
3960.0 452.73199999999986 20 4320.0 -410.0 35 -74 150.44099999999997 177.111 41
5680.0 658.5200000000001 20 5910.0 -230.0 41 -119 245.56599999999995 269.9629999999999 23
5330.0 516.974 20 5490.0 -160.0 32 -103 200.11699999999993 210.664 16
3640.0 341.1379999999999 16 3660.0 -20.0 4 -60 153.29899999999998 135.195 2
3385.0 533.9900000000001 18 4050.0 -665.0 86 -83 239.49199999999996 180.56699999999995 59
4480.0 484.03599999999994 22 4710.0 -230.0 33 -82 215.964 190.19999999999996 23
4200.0 445.09499999999997 14 4380.0 -180.0 27 -90 172.57399999999996 159.01999999999995 18
4390.0 443.6319999999999 17 4710.0 -470.0 47 -74 184.41900000000007 189.63199999999998 47
3620.0 627.28 16 4140.0 -520.0 88 -91 251.02699999999996 194.99699999999999 52
5190.0 623.1069999999999 17 5550.0 -380.0 72 -108 219.11799999999997 244.35399999999996 38
4410.0 620.4439999999997 21 4710.0 -320.0 61 -95 247.90900000000002 216.41499999999994 31
4440.0 558.3270000000001 18 4650.0 -210.0 19 -72 230.78799999999998 205.67199999999997 21
6290.0 698.5709999999999 20 6630.0 -340.0 43 -114 277.98099999999994 280.847 34
4300.0 525.7359999999999 22 4380.0 -260.0 51 -82 261.947 177.0289999999999 24
5570.0 505.7359999999997 21 5670.0 -100.0 20 -101 199.89099999999996 217.29200000000003 10
6230.0 637.2510000000002 22 6360.0 -210.0 33 -105 245.44499999999996 283.66299999999995 21
5560.0 553.695 22 5670.0 -110.0 16 -93 222.82199999999997 247.7269999999999 8
5320.0 793.9969999999998 26 5460.0 -140.0 28 -115 368.27499999999986 244.19100000000003 14
4050.0 500.0709999999999 16 4140.0 -90.0 18 -90 186.93499999999995 187.35499999999996 9
4170.0 536.81 17 4320.0 -150.0 30 -95 228.70999999999998 183.39599999999996 15
4100.0 486.51 15 4260.0 -160.0 32 -84 178.51399999999995 175.462 16
5000.0 430.95600000000013 17 5070.0 -70.0 14 -76 207.22999999999996 184.87499999999997 7
5450.0 562.3099999999998 21 5550.0 -100.0 20 -95 239.32999999999993 250.6719999999999 10
3730.0 507.87599999999986 20 4020.0 -310.0 63 -84 210.452 186.37699999999998 31
4950.0 494.8739999999999 22 4950.0 -80.0 7 -70 235.32299999999987 224.75800000000004 8
4300.0 642.6519999999999 19 4620.0 -320.0 41 -101 283.3619999999999 214.93999999999997 32
4100.0 525.4609999999998 18 4230.0 -130.0 15 -94 219.87499999999997 197.40199999999996 13
4140.0 428.436 21 4350.0 -210.0 18 -71 198.78599999999994 169.80600000000004 21
4080.0 456.89400000000006 19 4290.0 -210.0 33 -70 198.857 192.15099999999998 21
5480.0 612.6450000000001 20 5640.0 -200.0 34 -115 260.6689999999999 210.60799999999998 20
5625.0 599.3419999999996 18 5820.0 -195.0 29 -107 248.123 232.16699999999992 15
4290.0 590.3280000000001 19 4470.0 -270.0 48 -100 208.77499999999995 203.78199999999993 27
3140.0 378.222 17 3480.0 -340.0 60 -60 157.635 156.073 34
4150.0 487.82299999999987 17 4290.0 -140.0 28 -93 180.95399999999995 175.387 14
4110.0 461.55100000000016 14 4230.0 -120.0 12 -81 165.04100000000003 165.40999999999997 12
3420.0 383.922 17 3750.0 -340.0 66 -83 144.54299999999998 152.42 34
3590.0 382.96599999999995 20 3660.0 -70.0 14 -65 177.93099999999998 149.99600000000004 7
3920.0 397.1549999999999 18 4170.0 -300.0 31 -70 138.06399999999996 198.98699999999997 30
4930.0 571.7189999999997 18 5370.0 -450.0 72 -83 239.96699999999998 254.759 45
3930.0 529.8509999999999 19 4620.0 -730.0 74 -87 162.049 192.18699999999995 69
3850.0 427.17099999999994 19 4200.0 -410.0 40 -64 196.42 176.52299999999997 41
5370.0 1030.1119999999992 16 5670.0 -370.0 32 -84 232.29399999999995 250.04499999999996 37
5060.0 574.724 21 5250.0 -190.0 31 -110 234.13799999999995 224.602 19
5330.0 479.5860000000001 19 5730.0 -400.0 57 -96 205.119 185.52399999999994 40
3030.0 442.5349999999998 16 3150.0 -210.0 29 -74 179.86900000000003 144.514 21
4960.0 539.482 19 5070.0 -110.0 12 -90 231.447 221.92700000000005 11
5060.0 605.6339999999999 27 5400.0 -340.0 46 -101 260.40499999999986 238.30099999999993 28
4360.0 453.182 16 4560.0 -200.0 18 -68 203.81299999999996 206.47799999999995 20
4780.0 484.36199999999997 17 5010.0 -230.0 41 -90 166.593 201.94899999999998 23
3600.0 483.87899999999985 16 3870.0 -280.0 57 -76 173.96599999999995 186.97299999999993 28
4610.0 519.974 19 4800.0 -190.0 26 -82 234.46200000000002 214.25699999999998 19
3990.0 430.82499999999993 21 4110.0 -320.0 65 -73 186.10799999999995 181.47100000000003 32
4440.0 530.2379999999999 16 4680.0 -240.0 23 -91 198.87900000000002 191.634 24
6355.0 759.2709999999996 22 6660.0 -365.0 58 -122 321.3299999999999 295.339 33
4660.0 572.7379999999999 17 4950.0 -490.0 63 -87 217.63699999999992 218.29399999999995 49
4770.0 501.87699999999995 22 4950.0 -180.0 35 -87 218.43399999999997 198.70799999999997 17
4610.0 604.413 17 4770.0 -160.0 26 -95 257.6509999999999 223.37100000000004 16
4560.0 507.605 20 4680.0 -120.0 11 -89 203.28399999999996 191.00699999999995 12
5890.0 603.121 20 6210.0 -320.0 28 -98 269.0459999999999 264.017 32
5190.0 566.499 21 5310.0 -120.0 19 -91 246.59699999999998 250.16499999999996 12
5010.0 671.7549999999995 20 5370.0 -540.0 84 -114 243.33899999999994 247.93599999999995 54
4560.0 504.1599999999998 20 4800.0 -240.0 32 -84 196.48999999999998 223.56599999999995 24
5310.0 496.9779999999999 24 5370.0 -60.0 12 -94 190.11099999999996 205.61 6
4230.0 529.4069999999998 20 4350.0 -120.0 23 -100 191.999 205.647 11
4940.0 483.28499999999985 19 5040.0 -100.0 9 -79 206.32899999999998 220.25900000000004 10
3945.0 427.26599999999996 17 4140.0 -195.0 27 -79 174.32099999999994 183.75799999999998 15
3560.0 1621.6500000000008 19 4410.0 -850.0 67 -59 223.452 190.51299999999998 85
6180.0 691.3269999999997 21 6300.0 -120.0 25 -104 328.5379999999999 273.1409999999999 12
3640.0 493.49299999999994 16 3930.0 -320.0 41 -87 204.31099999999995 178.37399999999997 31
4360.0 470.6020000000001 16 4590.0 -230.0 36 -79 195.667 197.21500000000003 23
4340.0 659.524 21 4620.0 -280.0 37 -88 290.41499999999996 227.30800000000002 28
4390.0 450.423 17 4500.0 -110.0 13 -85 179.90600000000003 190.34799999999996 11
2015.0 453.714 12 2640.0 -625.0 85 -86 128.645 119.39500000000001 62
5170.0 644.5049999999998 17 5400.0 -320.0 51 -113 238.05299999999994 246.45499999999996 29
3710.0 422.90299999999996 14 3810.0 -100.0 20 -66 202.94599999999997 163.68999999999994 10
4085.0 601.6990000000001 20 4440.0 -355.0 51 -90 264.10299999999995 197.34699999999998 35
5465.0 602.7959999999999 19 5910.0 -475.0 81 -111 206.45199999999997 261.34600000000006 39
5920.0 557.234 20 6300.0 -400.0 80 -116 197.01200000000003 189.665 39
5090.0 466.125 20 5190.0 -280.0 57 -85 185.27499999999995 214.23599999999996 28
4180.0 432.63 18 4410.0 -230.0 32 -71 198.23199999999997 176.66199999999995 23
4490.0 470.744 13 4770.0 -280.0 25 -91 146.60799999999995 191.35799999999995 28
5845.0 607.345 18 6090.0 -245.0 25 -94 247.455 264.77199999999993 23
3650.0 413.8129999999998 19 4050.0 -460.0 49 -61 191.79299999999992 175.24299999999994 46
4080.0 503.984 16 4290.0 -210.0 24 -99 193.85599999999994 196.38799999999998 18
4830.0 495.8039999999999 19 4980.0 -250.0 32 -67 233.38599999999994 218.17399999999998 25
4610.0 544.1739999999998 21 5040.0 -470.0 49 -85 208.20699999999997 218.71899999999994 47
4310.0 452.47699999999986 15 4470.0 -160.0 14 -71 205.28799999999995 198.43999999999994 16
3920.0 509.555 17 3990.0 -70.0 14 -86 220.21399999999997 181.69500000000002 7
4080.0 504.7859999999999 17 4380.0 -310.0 58 -83 216.2359999999999 197.94799999999992 31
4630.0 452.1899999999998 18 4890.0 -300.0 62 -76 186.815 211.79899999999995 30
4250.0 452.15299999999996 19 4350.0 -100.0 20 -80 193.77499999999995 177.95100000000002 10
4970.0 514.781 17 5250.0 -290.0 59 -91 206.71699999999998 203.748 29
5500.0 539.5689999999997 16 5640.0 -140.0 25 -98 224.04899999999998 234.112 14
3940.0 474.91599999999977 22 3960.0 -20.0 4 -72 236.1509999999999 173.99599999999998 2
5160.0 511.47499999999997 21 5400.0 -240.0 30 -83 229.426 227.49099999999999 24
4850.0 480.1330000000001 18 4950.0 -100.0 20 -86 199.499 207.457 10
4310.0 480.0349999999999 19 4470.0 -190.0 35 -97 173.64799999999997 186.24699999999996 19
4580.0 471.047 21 4860.0 -280.0 36 -72 206.48799999999997 214.1079999999999 28
3870.0 445.55299999999994 18 3990.0 -120.0 24 -80 193.67299999999992 173.46899999999997 12
3790.0 442.36299999999994 16 3930.0 -140.0 21 -79 175.35499999999996 166.10299999999992 14
4940.0 490.05699999999973 21 5070.0 -130.0 26 -86 211.034 202.64699999999996 13
5100.0 485.66600000000005 16 5190.0 -90.0 18 -88 224.35899999999998 198.02499999999998 9
4320.0 463.77799999999996 17 4470.0 -150.0 25 -77 204.59999999999997 198.3849999999999 15
6330.0 618.0100000000002 21 6660.0 -350.0 67 -113 240.83499999999995 266.729 31
4340.0 554.008 24 4440.0 -100.0 20 -89 236.477 201.53200000000004 10
4140.0 667.484 20 4560.0 -450.0 66 -88 216.382 239.156 45
4130.0 492.83799999999997 14 4470.0 -340.0 41 -90 176.80199999999996 182.64 34
4880.0 536.458 18 5130.0 -290.0 51 -94 196.894 217.24399999999994 29
5170.0 595.7989999999998 18 5460.0 -370.0 42 -103 244.281 210.98799999999997 37
4280.0 550.741 21 4470.0 -340.0 69 -92 225.15899999999996 200.99299999999994 34
4170.0 456.665 15 4290.0 -120.0 14 -80 197.48999999999995 175.31399999999996 12
3700.0 415.45100000000014 16 3720.0 -140.0 29 -59 180.83999999999997 174.62199999999996 14
4020.0 469.78599999999994 16 4140.0 -120.0 24 -78 175.84999999999997 185.332 12
4110.0 417.568 15 4320.0 -330.0 28 -73 157.724 165.01999999999995 33
4770.0 691.9510000000006 19 5550.0 -795.0 102 -99 267.88999999999993 229.351 77
4650.0 476.1699999999999 19 4770.0 -120.0 16 -92 182.72799999999995 204.71299999999997 12
4720.0 609.027 13 4950.0 -230.0 39 -114 232.05799999999996 216.04699999999994 23
6170.0 660.388 21 6450.0 -280.0 39 -96 269.29900000000004 211.42399999999998 28
4410.0 476.3959999999998 19 4470.0 -240.0 49 -66 224.17699999999996 202.03999999999996 24
5250.0 614.4810000000002 23 5670.0 -470.0 42 -83 300.4759999999999 245.51599999999993 47
4940.0 544.531 23 5130.0 -370.0 69 -97 236.87100000000004 216.42700000000002 37
3170.0 454.4539999999999 14 3480.0 -350.0 42 -72 166.45499999999998 161.51699999999994 30
4245.0 557.665 17 4950.0 -705.0 102 -102 204.932 184.37299999999993 62
4750.0 594.1729999999999 23 4890.0 -140.0 26 -85 275.722 214.33100000000002 13
3830.0 508.0969999999998 18 4020.0 -190.0 38 -76 193.7249999999999 187.31199999999998 19
3600.0 354.193 18 3720.0 -120.0 17 -57 153.393 158.661 12
4110.0 419.52500000000003 16 4170.0 -60.0 9 -71 174.76699999999994 179.90899999999996 4
4950.0 519.8589999999998 20 5250.0 -340.0 44 -79 208.29999999999995 210.607 34
3830.0 532.793 19 3990.0 -160.0 26 -89 236.92499999999995 180.33299999999997 16
5860.0 498.45199999999994 19 6000.0 -185.0 35 -105 183.48399999999998 207.56 17
4150.0 460.77 18 4260.0 -130.0 26 -75 195.99199999999996 179.756 13
4490.0 500.592 21 4560.0 -70.0 14 -78 214.786 211.80599999999998 7
3185.0 373.09999999999997 16 3300.0 -115.0 21 -65 150.85199999999998 138.089 10
5940.0 530.414 16 6210.0 -270.0 55 -107 187.15600000000003 228.12300000000002 27
4520.0 1359.2289999999998 20 5040.0 -520.0 32 -102 264.269 221.74299999999994 52
3410.0 387.5839999999999 16 3420.0 -10.0 2 -69 161.456 141.583 1
4270.0 610.6320000000001 19 4590.0 -320.0 43 -117 218.78999999999994 203.487 27
5080.0 683.8109999999997 21 5400.0 -340.0 62 -106 287.751 242.18700000000004 34
4710.0 472.8720000000001 19 4770.0 -60.0 12 -93 154.83400000000003 218.077 6
4530.0 431.7459999999999 20 4530.0 -50.0 7 -69 208.434 178.97299999999996 10
4330.0 576.2980000000001 21 4470.0 -140.0 24 -103 204.107 213.32199999999995 14
3350.0 348.94599999999986 17 3390.0 -40.0 3 -60 143.47599999999997 147.89499999999995 4
4760.0 488.65700000000004 23 4860.0 -100.0 15 -81 203.867 218.34 10
4830.0 538.7389999999998 20 4920.0 -90.0 18 -89 233.861 216.05599999999998 9
3630.0 492.9359999999998 18 3960.0 -330.0 57 -95 184.85299999999995 164.58100000000002 33
4170.0 555.0479999999999 18 4290.0 -120.0 24 -101 221.32000000000002 193.42999999999998 12
4810.0 578.954 17 5010.0 -290.0 32 -101 221.39799999999997 236.95099999999994 26
4380.0 474.1029999999998 17 4470.0 -90.0 8 -89 187.698 179.85500000000002 9
5960.0 617.5400000000002 18 6240.0 -430.0 77 -111 229.03 253.02599999999998 43
6280.0 701.3669999999997 21 6630.0 -350.0 44 -109 308.354 262.80100000000004 35
4030.0 403.3479999999999 14 4170.0 -140.0 17 -77 148.45099999999996 183.109 14
4340.0 485.00799999999987 23 4500.0 -160.0 22 -81 196.28200000000004 202.525 16
3550.0 484.11899999999986 17 4080.0 -550.0 64 -80 192.04299999999998 176.14200000000002 55
3790.0 513.7559999999999 15 4050.0 -260.0 38 -84 228.897 174.286 25
3665.0 542.0120000000001 18 3930.0 -265.0 43 -79 240.74899999999994 182.00599999999997 29
3580.0 410.45099999999996 17 3810.0 -230.0 30 -66 164.826 165.58199999999997 23
3530.0 431.3289999999999 16 3660.0 -130.0 15 -84 150.05300000000003 171.13499999999993 13
6530.0 674.8149999999999 25 7020.0 -490.0 60 -116 311.06699999999995 279.332 49
5570.0 553.9139999999999 20 5700.0 -130.0 19 -97 228.41799999999992 230.76499999999993 13
5365.0 538.6979999999999 20 5760.0 -395.0 46 -91 213.8209999999999 227.78599999999994 38
3730.0 395.93399999999986 15 4050.0 -380.0 49 -75 155.36199999999997 154.866 38
4650.0 451.4669999999999 12 4680.0 -30.0 6 -84 162.96999999999997 212.53099999999995 3
4290.0 481.2580000000001 23 4350.0 -60.0 12 -94 210.70799999999997 169.805 6
4220.0 510.31100000000004 17 4560.0 -340.0 40 -85 215.70199999999997 201.115 34
4380.0 484.32399999999996 19 4530.0 -150.0 25 -75 222.33899999999994 207.51799999999997 10
5100.0 608.5379999999999 17 5280.0 -180.0 36 -119 216.17399999999998 235.62900000000005 18
4230.0 490.56699999999984 17 4380.0 -150.0 29 -78 216.32299999999995 185.13699999999997 14
2940.0 434.022 16 3390.0 -480.0 57 -79 174.14999999999998 159.62399999999997 43
5960.0 538.553 16 6150.0 -190.0 38 -114 225.67000000000002 211.25799999999992 19
4770.0 599.3449999999999 16 5460.0 -690.0 91 -91 205.17399999999995 196.337 69
4140.0 444.23899999999986 22 4140.0 0.0 0 -74 188.948 195.60100000000006 0
6140.0 605.2489999999998 21 6270.0 -185.0 30 -97 268.1139999999999 260.641 21
5620.0 598.701 23 5730.0 -110.0 22 -90 277.36100000000005 255.751 11
4660.0 555.21 14 4950.0 -290.0 35 -93 178.44999999999993 225.2809999999999 29
4620.0 772.925 21 4920.0 -300.0 25 -90 226.06199999999995 198.03099999999995 30
4860.0 518.1199999999999 23 5070.0 -210.0 29 -72 234.67999999999995 235.859 21
4175.0 497.1339999999997 15 4500.0 -325.0 38 -93 167.79199999999997 192.855 30
4030.0 444.2459999999999 18 4170.0 -140.0 21 -83 153.829 197.70000000000002 14
4320.0 497.33500000000004 18 4470.0 -150.0 30 -101 188.509 177.91199999999998 15
4030.0 454.2269999999999 20 4260.0 -430.0 52 -77 185.42999999999995 185.66899999999998 43
5430.0 590.5879999999999 21 5640.0 -290.0 39 -101 197.80700000000002 244.63099999999997 29
4280.0 458.952 18 4470.0 -190.0 18 -80 185.132 185.72999999999996 19
5110.0 725.4669999999999 16 5760.0 -650.0 82 -79 195.85799999999995 212.53999999999996 65
4120.0 541.0229999999999 19 4200.0 -80.0 16 -93 234.78699999999995 186.239 8
5620.0 547.116 15 5760.0 -350.0 47 -90 217.82800000000003 238.85099999999997 35
4050.0 519.936 15 4260.0 -210.0 25 -77 157.977 173.31799999999998 21
4590.0 626.1259999999999 21 4890.0 -300.0 46 -106 240.421 218.40299999999996 30
4390.0 497.26299999999986 20 4530.0 -210.0 25 -76 230.92099999999985 204.55499999999995 21
4330.0 491.90599999999995 18 4440.0 -110.0 8 -76 229.28499999999997 197.26699999999997 11
4220.0 519.6629999999998 19 4380.0 -160.0 31 -82 184.95799999999997 215.232 15
5560.0 578.5619999999998 18 5700.0 -140.0 22 -100 257.565 240.99699999999993 13
4155.0 509.47 19 4680.0 -555.0 53 -74 233.196 217.79099999999997 54
4630.0 478.983 18 4920.0 -300.0 58 -87 184.86599999999999 187.60499999999996 30
4130.0 443.701 18 4350.0 -220.0 41 -96 170.04799999999994 160.35599999999997 22
4070.0 354.375 16 4110.0 -40.0 3 -67 150.793 149.72 4
3960.0 452.2449999999999 17 4080.0 -120.0 21 -79 197.123 168.86699999999993 12
3270.0 359.37699999999995 16 3270.0 -90.0 18 -70 144.04 132.849 9
3385.0 391.46500000000003 17 3480.0 -95.0 13 -70 154.05999999999997 138.981 8
4700.0 467.9479999999999 19 4830.0 -130.0 26 -89 179.94199999999995 184.374 13
3560.0 432.103 16 3810.0 -250.0 28 -71 162.66499999999994 179.89199999999994 25
3840.0 412.216 24 4020.0 -200.0 41 -54 210.67099999999996 175.953 20
3830.0 360.7139999999999 18 3930.0 -160.0 25 -69 145.05999999999997 153.33000000000004 14
3865.0 440.93999999999994 18 3960.0 -275.0 53 -75 185.32799999999997 167.76599999999996 25
5065.0 552.3560000000003 24 5340.0 -275.0 41 -101 232.927 215.13800000000003 23
3970.0 390.241 16 3990.0 -20.0 4 -69 173.874 161.388 2
5900.0 572.8479999999998 24 5970.0 -70.0 8 -88 271.4799999999999 251.244 7
3615.0 470.95699999999994 16 4020.0 -405.0 49 -84 174.559 180.61799999999994 40
4150.0 445.76400000000007 19 4290.0 -140.0 25 -76 187.171 169.26599999999996 14
6295.0 672.1320000000002 16 6690.0 -395.0 49 -110 249.7829999999999 287.5129999999998 34
3830.0 415.366 19 3930.0 -140.0 28 -66 190.1179999999999 173.864 14
5220.0 605.9340000000001 23 5400.0 -195.0 34 -92 277.235 247.07599999999994 19
4920.0 490.39799999999997 21 4920.0 -80.0 7 -73 226.19599999999988 208.12199999999996 8
4730.0 461.09799999999996 21 4800.0 -70.0 6 -73 203.369 208.60099999999997 7
3880.0 532.4209999999998 19 4170.0 -340.0 49 -85 241.72899999999998 186.80300000000005 34
3300.0 352.86199999999997 17 3450.0 -150.0 13 -53 163.61499999999998 154.34300000000002 15
5170.0 621.9129999999999 19 5490.0 -320.0 57 -97 231.8669999999999 256.8949999999999 32
3940.0 518.2929999999999 17 4380.0 -440.0 43 -85 154.5 205.943 44
4815.0 513.5590000000001 17 4830.0 -105.0 10 -79 239.53699999999992 215.459 10
5490.0 622.1049999999999 23 5700.0 -290.0 33 -96 280.9429999999999 248.73299999999995 29
3650.0 395.57999999999987 16 3750.0 -100.0 9 -86 149.77700000000002 147.95499999999998 10
5780.0 624.445 21 6120.0 -350.0 71 -97 278.9709999999999 263.06299999999993 35
4370.0 427.18000000000006 17 4680.0 -310.0 35 -73 192.776 179.35199999999998 31
4520.0 496.6899999999999 18 4560.0 -40.0 8 -80 203.69499999999994 217.72799999999995 4
5210.0 555.1360000000001 16 5370.0 -160.0 29 -106 229.66599999999997 215.21499999999992 16
4380.0 501.8109999999999 16 4680.0 -300.0 35 -87 180.04700000000003 191.9979999999999 30
5070.0 586.45 20 5310.0 -280.0 53 -96 260.983 230.164 28
3435.0 389.11199999999997 16 3570.0 -135.0 24 -76 156.406 154.2 11
3030.0 296.1299999999999 17 3030.0 0.0 0 -52 128.11899999999997 132.10899999999998 0
4900.0 925.8089999999999 16 5220.0 -320.0 21 -87 245.62999999999997 241.48099999999994 32
5000.0 589.9430000000001 16 5340.0 -360.0 68 -108 206.24500000000003 218.115 36
3990.0 436.04900000000004 18 4200.0 -210.0 38 -92 151.738 176.88200000000003 21
3860.0 454.27499999999986 17 3900.0 -40.0 8 -78 206.838 155.06899999999996 4
3750.0 434.8749999999999 18 3900.0 -150.0 23 -72 172.14499999999992 179.91299999999998 15
3520.0 457.5139999999999 17 3630.0 -110.0 22 -76 177.84799999999996 149.66699999999997 11
4370.0 710.8120000000002 17 4650.0 -420.0 66 -89 210.05999999999995 198.15799999999996 64
4390.0 465.84299999999996 16 4500.0 -110.0 17 -85 200.545 184.72699999999995 11
3895.0 525.219 15 4290.0 -445.0 66 -88 182.47299999999996 214.6559999999999 60
5015.0 1189.6499999999996 16 5400.0 -385.0 43 -104 248.67800000000003 240.099 38
4545.0 549.558 22 4740.0 -195.0 30 -97 230.15899999999996 209.78299999999996 17
4320.0 490.92299999999994 20 4440.0 -120.0 24 -78 205.21200000000002 204.74099999999993 12
4495.0 534.0709999999998 18 4680.0 -185.0 34 -90 185.10999999999999 206.864 17
4470.0 451.4089999999999 23 4500.0 -30.0 6 -67 219.58399999999997 186.20499999999996 3
4300.0 649.817 17 4920.0 -630.0 77 -101 223.39599999999993 247.71200000000002 63
4780.0 525.683 16 4980.0 -200.0 22 -86 220.157 232.88200000000003 18
3950.0 462.05399999999986 16 3990.0 -40.0 8 -84 182.23299999999995 176.80499999999992 4
5775.0 720.7529999999999 24 6090.0 -475.0 58 -112 317.157 266.21899999999994 45
4240.0 481.17199999999985 21 4410.0 -170.0 34 -92 185.15999999999997 180.04399999999998 17
4170.0 504.03 19 4290.0 -120.0 10 -93 181.33900000000003 172.83800000000002 12
3630.0 385.67499999999995 16 3630.0 0.0 0 -59 183.7 161.05699999999996 0
3770.0 462.00199999999984 21 3870.0 -100.0 20 -75 191.93699999999998 164.32699999999994 10
4850.0 454.5480000000001 20 5070.0 -260.0 37 -72 195.82299999999998 180.52800000000005 26
5370.0 678.5459999999999 19 5580.0 -280.0 32 -89 295.42999999999995 284.718 28
4880.0 503.87899999999985 21 5040.0 -160.0 27 -87 216.05699999999996 214.23600000000002 16
4610.0 450.5799999999999 20 4710.0 -100.0 20 -92 171.19299999999993 188.85200000000003 10
5210.0 586.6709999999999 21 5430.0 -290.0 31 -86 261.8359999999999 227.534 29
4545.0 517.9929999999998 20 4650.0 -285.0 57 -89 231.91499999999996 195.33399999999995 28
4960.0 623.6560000000001 15 5220.0 -260.0 49 -102 217.657 223.61399999999992 26
5285.0 580.2720000000004 16 5580.0 -335.0 67 -99 239.915 240.74199999999993 33
3900.0 444.2479999999999 17 3990.0 -90.0 16 -77 197.318 158.85399999999996 8
4020.0 499.46400000000006 19 4170.0 -150.0 30 -83 206.765 189.42799999999997 15
4260.0 518.9389999999999 20 4350.0 -90.0 13 -91 204.209 187.67799999999997 9
5220.0 579.1649999999997 19 5280.0 -60.0 5 -85 259.626 221.54799999999997 6
2980.0 525.117 16 3360.0 -430.0 44 -87 196.654 144.077 43
4365.0 449.81200000000007 19 4530.0 -165.0 31 -82 177.79099999999997 193.56099999999995 15
3130.0 427.63699999999994 18 3690.0 -580.0 52 -71 147.421 160.54299999999995 58
4570.0 503.251 18 4650.0 -150.0 13 -69 200.86799999999997 219.66999999999996 15
4430.0 1385.4180000000001 21 4920.0 -490.0 37 -83 231.03500000000003 220.22200000000007 49
3980.0 430.047 18 4050.0 -70.0 6 -67 191.30800000000002 183.51599999999996 7
4350.0 546.3369999999999 19 4560.0 -210.0 30 -88 238.74699999999996 193.59599999999998 21
3420.0 468.11899999999997 14 3660.0 -240.0 35 -69 213.53300000000007 161.34500000000003 24
3670.0 547.9960000000001 17 4050.0 -380.0 49 -98 184.10500000000002 178.98799999999997 38
5550.0 533.9369999999999 17 5760.0 -210.0 42 -96 212.48299999999998 211.79399999999995 21
4180.0 505.633 20 4410.0 -230.0 34 -96 189.83799999999994 183.73200000000003 23
5950.0 584.64 18 6090.0 -140.0 28 -103 232.353 259.4359999999999 14
4100.0 474.7780000000001 20 4140.0 -40.0 8 -65 224.742 194.88599999999997 4
4260.0 512.9759999999999 20 4680.0 -420.0 74 -77 207.84000000000003 218.531 42
5200.0 487.9860000000001 20 5280.0 -80.0 7 -90 217.00999999999996 192.03999999999996 8
4090.0 531.128 17 4410.0 -320.0 42 -93 214.63899999999995 191.88299999999995 32
3890.0 505.1419999999999 21 4440.0 -630.0 74 -75 243.49999999999997 195.023 63
3950.0 441.5420000000001 17 4110.0 -340.0 41 -80 183.69400000000005 176.749 34
4650.0 428.185 17 4740.0 -90.0 11 -80 175.11200000000002 189.71999999999997 9
5610.0 630.4789999999997 20 5760.0 -150.0 30 -109 238.32500000000005 264.10799999999995 15
5125.0 496.45700000000005 16 5310.0 -305.0 61 -90 195.34499999999994 206.81199999999995 30
4510.0 526.4729999999998 21 4740.0 -380.0 51 -90 220.853 203.24499999999992 38
3620.0 447.4549999999998 17 3840.0 -220.0 44 -81 201.51899999999992 146.11699999999996 22
4440.0 477.949 18 4560.0 -120.0 24 -77 206.84699999999995 208.21700000000004 12
5080.0 549.833 19 5400.0 -320.0 36 -94 194.81500000000003 206.026 32
4270.0 362.584 16 4410.0 -155.0 27 -81 131.48699999999997 142.95499999999998 15
5920.0 598.7080000000001 20 6060.0 -140.0 28 -106 251.00199999999995 250.748 14
6170.0 625.9929999999998 23 6330.0 -160.0 32 -110 269.294 262.67699999999996 16
4360.0 472.65400000000005 18 4530.0 -170.0 34 -80 190.94399999999996 198.50599999999997 17
4710.0 611.938 18 5370.0 -660.0 75 -118 174.59399999999997 199.79800000000003 66
4160.0 697.4119999999999 14 4560.0 -400.0 29 -92 199.08899999999994 173.96199999999996 40
4250.0 618.6750000000002 22 4470.0 -220.0 44 -101 254.703 199.077 22
5380.0 563.952 15 5700.0 -320.0 47 -90 221.61699999999996 233.08699999999993 32
4830.0 504.5660000000001 22 4890.0 -140.0 28 -89 200.907 220.87499999999994 14
4930.0 570.521 20 5370.0 -440.0 60 -99 234.14399999999995 241.45999999999995 44
5030.0 649.0289999999999 18 5460.0 -430.0 63 -98 285.93399999999997 257.12399999999997 43
4170.0 509.91599999999994 20 4560.0 -430.0 47 -80 216.13499999999993 211.46700000000004 43
3400.0 436.8289999999997 17 3840.0 -470.0 45 -68 167.80700000000002 166.778 47
4445.0 546.5670000000001 21 4530.0 -85.0 16 -74 263.92999999999995 224.69500000000005 8
5050.0 613.473 18 5310.0 -260.0 43 -102 233.40999999999994 232.01399999999995 26
5220.0 518.14 22 5460.0 -240.0 38 -84 208.13999999999996 237.13699999999992 24
2730.0 403.1970000000001 13 3030.0 -380.0 69 -71 144.17399999999995 136.422 38
3390.0 429.338 16 3510.0 -120.0 24 -73 171.84500000000003 156.01700000000002 12
3680.0 491.84099999999995 13 3900.0 -220.0 37 -90 161.18200000000002 163.254 22
5050.0 536.1990000000001 22 5190.0 -140.0 28 -95 213.154 227.556 14
5090.0 577.547 21 5310.0 -220.0 42 -95 261.095 199.338 20
5100.0 494.34899999999993 17 5220.0 -120.0 20 -98 170.33399999999997 221.61799999999994 9
4740.0 509.10399999999987 20 5070.0 -340.0 65 -90 217.36099999999996 204.99699999999999 30
3240.0 390.00299999999993 14 3390.0 -150.0 24 -73 135.557 126.457 15
4550.0 577.341 18 4710.0 -160.0 32 -89 281.44200000000006 204.11899999999997 16
5800.0 806.5849999999995 23 6120.0 -320.0 46 -112 297.452 277.43 32
3380.0 447.488 18 3510.0 -130.0 18 -73 196.45799999999997 162.10500000000002 13
3570.0 394.1770000000001 16 3660.0 -90.0 18 -76 154.905 151.10199999999998 9
4960.0 523.3829999999999 21 5070.0 -110.0 22 -93 204.82 216.47799999999998 11
4640.0 498.6809999999998 18 4860.0 -220.0 31 -84 227.93199999999996 205.51399999999995 22
5700.0 594.48 18 5850.0 -150.0 20 -97 240.38199999999995 259.236 15
4110.0 401.7959999999998 17 4290.0 -220.0 19 -53 195.15699999999998 190.96799999999996 22
4380.0 450.09100000000007 22 4530.0 -150.0 20 -94 171.23099999999997 169.16699999999994 15
5120.0 622.1929999999999 20 5280.0 -160.0 32 -107 246.79100000000003 244.3679999999999 16
4380.0 556.8320000000002 28 4800.0 -480.0 65 -88 260.394 196.35999999999996 46
4070.0 535.5880000000001 15 4350.0 -430.0 60 -93 206.76999999999992 203.07400000000004 43
3340.0 408.79000000000013 15 3570.0 -230.0 46 -89 157.96800000000002 146.94799999999998 23
4170.0 552.04 16 4410.0 -240.0 27 -94 200.20899999999992 205.47399999999996 24
5360.0 551.005 23 5460.0 -100.0 20 -90 237.97600000000003 234.92699999999996 10
4060.0 491.89899999999994 21 4170.0 -110.0 22 -81 196.111 194.482 11
4150.0 555.9149999999998 18 4530.0 -380.0 76 -81 156.45800000000003 201.70099999999996 38
4380.0 427.1329999999999 17 4500.0 -120.0 24 -73 182.39399999999998 190.02399999999994 12
4540.0 594.5569999999998 19 4680.0 -140.0 19 -88 285.9579999999999 219.67999999999995 14
4260.0 504.2749999999998 16 4800.0 -540.0 37 -80 191.73199999999997 191.22899999999998 96
4770.0 543.259 19 5070.0 -300.0 32 -94 232.83399999999992 185.41199999999998 28
3880.0 412.01599999999996 18 3990.0 -230.0 34 -77 186.55700000000002 141.33100000000002 23
3930.0 444.2769999999999 22 4170.0 -300.0 25 -73 192.59299999999996 186.368 30
4480.0 506.291 17 4770.0 -290.0 42 -92 225.83599999999996 176.02399999999994 26
4050.0 541.1280000000002 18 4470.0 -420.0 44 -93 224.62800000000001 203.653 42
3490.0 474.39899999999983 13 3690.0 -260.0 34 -81 160.97799999999992 164.197 26
4590.0 481.341 21 4650.0 -60.0 11 -72 228.18299999999996 207.519 5
4560.0 484.68799999999993 14 4980.0 -480.0 49 -89 148.849 212.71999999999994 48
4800.0 497.706 22 4800.0 0.0 0 -80 219.1819999999999 223.68499999999997 0
5880.0 1455.0110000000002 24 6300.0 -420.0 35 -117 306.7999999999999 282.47799999999995 42
5050.0 536.7789999999999 18 5430.0 -380.0 38 -84 174.67199999999994 197.91699999999994 38
3680.0 528.2709999999998 16 4050.0 -410.0 51 -85 183.04699999999997 185.9639999999999 41
4800.0 449.271 22 4800.0 0.0 0 -72 203.77199999999996 199.98399999999998 0
4160.0 510.41 18 4530.0 -370.0 46 -82 230.73199999999997 199.393 37
3480.0 373.695 15 3600.0 -120.0 18 -66 148.554 144.844 12
5000.0 528.0679999999999 18 5280.0 -280.0 40 -109 159.26 190.77200000000002 27
5590.0 646.0789999999997 21 5700.0 -110.0 22 -110 252.39299999999992 254.17899999999995 11
4340.0 473.095 20 4440.0 -100.0 8 -78 214.87699999999998 195.082 10
3540.0 396.0129999999999 15 3630.0 -90.0 7 -63 168.69199999999995 169.21699999999998 9
4730.0 511.7039999999999 17 4920.0 -280.0 40 -96 189.35999999999996 211.93800000000002 28
4850.0 470.8689999999999 17 5040.0 -310.0 44 -83 215.39499999999998 178.462 31
4360.0 535.9249999999998 14 4590.0 -230.0 30 -91 205.521 185.38699999999997 23
4050.0 481.80900000000014 16 4500.0 -460.0 76 -89 179.14300000000006 188.53699999999998 46
3550.0 383.2529999999999 16 3660.0 -110.0 22 -78 145.05799999999996 151.996 11
3480.0 372.8009999999999 19 3660.0 -180.0 26 -69 150.862 157.96499999999997 18
4960.0 571.953 25 5040.0 -260.0 53 -99 240.44599999999997 229.96299999999994 26
4460.0 490.03999999999996 18 4560.0 -190.0 31 -86 183.76500000000001 212.24599999999998 17
4620.0 458.9479999999999 17 4710.0 -90.0 18 -83 189.74699999999996 195.55899999999994 9
4720.0 501.2659999999999 20 5040.0 -340.0 50 -69 244.773 219.40399999999994 34
4680.0 551.4549999999999 17 5040.0 -370.0 76 -89 225.04999999999995 241.4869999999999 37
3660.0 506.98199999999997 18 3720.0 -150.0 27 -81 239.78999999999994 165.27499999999995 15
4560.0 466.74 13 4620.0 -60.0 12 -81 192.25 180.38500000000002 6
4710.0 491.19000000000005 20 4890.0 -390.0 73 -91 187.04899999999995 218.8879999999999 33
3560.0 490.905 16 4020.0 -460.0 50 -96 184.36200000000002 180.82999999999998 46
4120.0 481.27999999999986 17 4200.0 -80.0 10 -90 180.07599999999994 170.36299999999994 8
4360.0 548.4109999999997 19 4470.0 -110.0 22 -88 224.57299999999995 200.20299999999997 11
3130.0 423.96599999999995 16 3180.0 -50.0 10 -63 183.09300000000002 169.959 5
4770.0 525.6559999999998 16 5220.0 -530.0 65 -86 190.15400000000002 191.92799999999997 53
6080.0 562.118 20 6240.0 -160.0 32 -98 216.56799999999993 274.11499999999995 16
3890.0 1301.1449999999995 17 4560.0 -670.0 48 -87 194.74699999999996 180.83999999999995 67
5030.0 561.511 17 5190.0 -160.0 26 -92 208.85299999999998 225.65699999999993 16
5190.0 622.2740000000002 18 5550.0 -410.0 50 -93 253.6509999999999 228.95599999999996 41
3980.0 534.2959999999999 16 4110.0 -130.0 18 -87 208.73000000000002 196.7 12
4570.0 502.269 17 4650.0 -80.0 11 -90 216.51199999999997 194.51399999999998 8
4140.0 489.909 15 4200.0 -60.0 12 -87 196.07299999999998 190.06900000000002 6
4630.0 625.9439999999998 18 5070.0 -440.0 89 -93 220.24300000000002 223.70499999999993 44
4365.0 685.138 17 4980.0 -655.0 69 -96 258.12499999999994 210.87199999999999 65
4690.0 570.765 19 4890.0 -200.0 40 -98 228.82499999999996 202.89099999999996 20
4660.0 599.0869999999999 18 4830.0 -170.0 33 -90 245.00199999999992 240.1059999999999 16
5290.0 654.2059999999997 24 5490.0 -200.0 37 -111 285.12199999999996 243.49399999999991 20
4770.0 622.951 18 5400.0 -780.0 101 -110 211.25799999999998 204.38600000000002 78
5130.0 485.556 22 5220.0 -90.0 15 -92 193.99599999999998 201.38399999999993 7
4110.0 574.6139999999999 15 4260.0 -150.0 24 -105 230.753 183.59799999999996 15
5615.0 571.969 26 5760.0 -145.0 26 -94 246.51500000000004 251.52499999999992 12
3500.0 423.87999999999994 17 3600.0 -100.0 20 -80 173.02999999999997 158.864 10
4710.0 612.6399999999999 22 4980.0 -270.0 44 -96 249.81599999999997 229.476 27
4360.0 435.321 14 4440.0 -80.0 16 -89 167.58999999999997 167.32 8
4560.0 478.547 16 4740.0 -180.0 31 -90 171.322 216.23499999999999 18
4980.0 543.673 17 5100.0 -120.0 19 -86 243.23000000000005 233.76000000000008 12
6060.0 527.4 17 6210.0 -150.0 25 -112 209.24699999999999 221.73799999999997 15
5980.0 512.4830000000001 20 6060.0 -80.0 16 -98 196.511 205.42499999999998 8
4220.0 470.76099999999997 23 4290.0 -70.0 14 -80 209.24899999999997 187.39699999999993 7
4880.0 524.2539999999999 23 4980.0 -100.0 20 -103 200.80599999999995 192.13999999999996 10
5010.0 569.5930000000002 21 5160.0 -330.0 60 -94 214.767 224.28500000000003 33
3300.0 367.966 15 3600.0 -360.0 67 -66 138.18499999999997 156.41099999999994 36
4830.0 574.3779999999997 22 5340.0 -550.0 71 -102 226.55700000000002 213.12300000000002 55
5560.0 732.073 24 5700.0 -140.0 10 -96 343.7740000000001 260.398 14
4340.0 513.1349999999999 17 4410.0 -70.0 14 -99 209.595 183.822 7
5250.0 526.1540000000001 19 5430.0 -180.0 31 -88 224.68399999999997 222.91200000000003 18
5410.0 584.236 20 5520.0 -110.0 14 -98 258.50399999999996 228.71199999999993 11
2370.0 304.4410000000001 13 2370.0 0.0 0 -55 130.689 108.92399999999999 0
5790.0 437.90699999999987 18 5910.0 -120.0 24 -101 175.67099999999996 180.40499999999997 12
5170.0 615.0289999999998 24 5400.0 -230.0 36 -109 260.8209999999999 234.123 23
4940.0 598.986 19 5040.0 -100.0 20 -98 248.907 222.919 10
5300.0 655.7320000000001 21 5610.0 -310.0 48 -112 281.02099999999996 226.63699999999997 30
5480.0 593.5409999999999 16 5670.0 -190.0 25 -97 246.62599999999995 234.08499999999992 16
5690.0 659.592 22 5850.0 -160.0 32 -98 291.77299999999997 269.30999999999995 16
5250.0 510.87899999999985 20 5370.0 -120.0 22 -82 226.55999999999997 218.28099999999998 10
3970.0 508.24700000000007 21 4080.0 -530.0 60 -89 230.003 167.37199999999999 53
4980.0 642.804 23 5670.0 -710.0 78 -92 278.0229999999999 264.23699999999997 71
4650.0 479.15099999999995 17 4650.0 0.0 0 -86 210.92899999999995 196.73299999999998 0
4350.0 508.558 18 4470.0 -120.0 15 -97 186.39599999999996 198.43099999999995 12
5490.0 548.953 25 5550.0 -60.0 12 -94 247.52899999999997 237.68199999999996 6
3990.0 423.22700000000003 22 4260.0 -310.0 37 -72 194.11199999999997 180.881 31
4910.0 462.201 20 5010.0 -100.0 20 -74 215.338 206.9259999999999 10
4670.0 579.159 18 4950.0 -280.0 56 -104 222.27700000000002 207.22899999999993 28
4630.0 772.4050000000004 20 5040.0 -430.0 46 -86 205.308 214.53799999999998 43
5090.0 538.7339999999999 17 5370.0 -420.0 58 -111 181.23999999999998 205.26499999999996 42
4950.0 561.0379999999999 20 5250.0 -300.0 42 -94 228.61899999999997 229.07499999999993 30
4680.0 527.4320000000001 19 4860.0 -180.0 18 -91 235.60599999999994 212.553 17
4150.0 509.013 20 4350.0 -200.0 40 -78 220.71999999999994 201.90099999999993 20
3720.0 533.0859999999999 15 3870.0 -290.0 37 -93 215.91699999999997 177.302 29
4820.0 515.629 16 5010.0 -190.0 22 -94 203.40399999999994 194.8819999999999 19
4310.0 486.412 19 4620.0 -310.0 52 -93 183.38799999999995 183.75799999999998 31
3690.0 596.5789999999997 17 4290.0 -630.0 69 -93 237.39899999999997 209.80599999999995 63
3900.0 1230.7640000000001 16 4500.0 -600.0 47 -82 194.29499999999996 169.09499999999997 60
4190.0 503.249 21 4260.0 -340.0 59 -81 220.17 186.17699999999994 25
5100.0 550.204 21 5190.0 -90.0 18 -90 221.46799999999996 240.21399999999997 9
5710.0 619.972 17 5940.0 -230.0 28 -113 223.498 263.6549999999999 23
3180.0 404.60699999999986 15 3240.0 -60.0 12 -75 151.33399999999997 149.905 6
3270.0 508.08899999999994 20 3630.0 -360.0 45 -81 221.37199999999996 168.603 36
3590.0 493.8109999999999 20 3750.0 -320.0 56 -74 231.436 171.849 32
5040.0 416.0529999999999 19 5160.0 -120.0 10 -79 176.93199999999996 186.862 12
5090.0 456.71799999999996 16 5250.0 -160.0 25 -98 156.981 202.35399999999998 16
4630.0 463.0179999999999 19 5040.0 -410.0 36 -78 204.396 202.48099999999994 41
5310.0 626.1629999999999 19 5430.0 -120.0 24 -99 279.8469999999999 230.0099999999999 12
4460.0 571.337 18 4620.0 -400.0 73 -84 273.5879999999999 210.28499999999994 40
5290.0 515.3829999999999 19 5520.0 -230.0 38 -89 212.50200000000004 230.50499999999997 23
4030.0 478.52 14 4170.0 -140.0 25 -78 190.72699999999998 196.972 14
3100.0 965.8469999999982 12 4320.0 -1220.0 93 -89 172.00999999999996 199.763 122
3580.0 425.0059999999999 18 3690.0 -110.0 11 -75 176.99299999999997 163.71099999999993 10
5370.0 653.5059999999999 19 5550.0 -180.0 32 -115 279.97800000000007 233.54199999999994 18
5200.0 533.412 18 5310.0 -110.0 22 -95 218.46099999999993 228.48099999999997 11
3430.0 356.46500000000003 16 3870.0 -480.0 42 -74 117.44 150.05899999999997 48
2730.0 312.94899999999996 15 2970.0 -240.0 22 -54 141.10599999999997 132.02199999999996 24
4650.0 498.2369999999999 20 4890.0 -240.0 18 -79 199.89899999999997 205.96099999999996 24
3245.0 491.907 18 3510.0 -265.0 25 -75 207.03099999999998 169.64799999999994 25
3705.0 464.1229999999998 17 3930.0 -405.0 57 -74 193.80799999999996 170.25399999999996 40
4210.0 454.168 18 4320.0 -290.0 56 -74 188.69599999999997 190.28199999999998 29
3660.0 435.61800000000017 17 3780.0 -120.0 24 -79 182.094 157.77999999999994 12
4830.0 567.8169999999998 19 4950.0 -120.0 24 -88 254.59400000000002 225.25900000000004 12
4970.0 646.0369999999998 20 5460.0 -610.0 51 -98 271.83599999999996 237.85799999999998 61
4410.0 553.1650000000002 19 4830.0 -430.0 63 -84 218.52599999999993 216.355 43
3930.0 459.403 18 4260.0 -380.0 50 -86 188.55599999999995 152.20999999999998 38
4920.0 594.8629999999999 18 5250.0 -330.0 43 -98 226.41899999999998 224.01399999999992 33
3070.0 385.8409999999999 13 3210.0 -140.0 17 -70 158.19799999999998 137.59199999999998 14
4140.0 537.3910000000001 18 4440.0 -340.0 58 -99 187.14299999999997 188.72600000000003 34
2960.0 432.19100000000003 15 3090.0 -130.0 23 -77 180.03499999999994 138.653 13
4700.0 511.68 13 4800.0 -190.0 28 -91 215.82600000000002 200.15999999999997 14
5980.0 508.2439999999999 20 6120.0 -140.0 28 -100 188.40099999999995 232.42099999999996 14
4765.0 541.522 19 4830.0 -65.0 12 -96 239.196 194.44600000000005 6
5545.0 607.9579999999997 17 5670.0 -365.0 46 -96 262.051 257.252 36
4240.0 519.7570000000002 19 4350.0 -110.0 22 -90 224.72299999999998 198.76799999999994 11
5000.0 507.7009999999999 21 5160.0 -250.0 46 -82 214.94400000000002 218.92899999999997 25
3670.0 476.06100000000004 17 4110.0 -440.0 79 -80 186.726 187.92499999999995 52
5540.0 652.1469999999999 23 5790.0 -310.0 30 -80 318.79999999999995 260.8229999999999 31
4910.0 574.8249999999998 18 5040.0 -130.0 26 -107 226.18499999999997 222.125 13
3840.0 520.056 17 4110.0 -420.0 55 -96 184.15099999999993 177.63600000000002 41
4700.0 482.19199999999995 19 5010.0 -445.0 77 -72 210.41199999999995 224.27300000000002 33
4570.0 556.5730000000001 19 4800.0 -230.0 30 -106 208.61400000000003 192.22399999999993 23
3890.0 472.25 15 4290.0 -450.0 82 -89 166.05800000000002 170.97400000000002 45
5425.0 550.594 16 5610.0 -185.0 26 -96 252.66299999999995 220.08499999999992 14
4940.0 605.8620000000001 20 5100.0 -160.0 21 -104 232.28399999999993 231.82599999999994 16
4360.0 544.5640000000001 18 4710.0 -350.0 43 -85 211.48799999999994 195.781 35
4935.0 559.9959999999999 21 5100.0 -165.0 27 -99 221.90899999999996 215.84199999999996 20
4060.0 471.451 22 4260.0 -260.0 26 -69 221.24499999999995 185.96499999999995 26
4300.0 534.185 18 4350.0 -50.0 10 -91 247.76199999999997 179.355 5
4150.0 501.31099999999986 19 4530.0 -390.0 70 -88 202.75699999999998 188.97499999999997 39
3470.0 466.76099999999997 17 3780.0 -310.0 36 -77 182.88800000000003 174.22499999999997 31
3510.0 391.37200000000007 17 3570.0 -60.0 4 -68 153.46699999999998 166.88899999999995 6
4710.0 498.4559999999999 23 4710.0 0.0 0 -79 259.748 180.65500000000003 0
4290.0 522.619 21 4380.0 -90.0 7 -79 228.31799999999998 213.21699999999998 9
5605.0 612.7900000000001 19 5760.0 -305.0 59 -94 266.94899999999996 252.65 28
3060.0 444.2059999999999 17 3570.0 -510.0 75 -73 180.00400000000002 167.02700000000002 51
5480.0 753.2779999999999 21 5610.0 -130.0 9 -88 269.058 258.1469999999999 13
5970.0 619.7139999999998 19 6300.0 -330.0 38 -120 212.5500000000001 230.27299999999994 32
4630.0 545.5320000000002 19 5070.0 -500.0 61 -81 201.354 225.3369999999999 50
4910.0 535.0690000000002 19 5040.0 -170.0 34 -86 239.511 215.68599999999998 17
6000.0 509.08199999999977 17 6240.0 -240.0 49 -88 167.99399999999991 185.37299999999993 24
3820.0 501.0400000000001 20 4050.0 -230.0 26 -78 208.298 182.00199999999998 23
4360.0 479.8589999999999 21 4680.0 -410.0 70 -77 210.355 217.67099999999996 29
4890.0 454.8979999999999 20 5040.0 -150.0 30 -81 184.715 195.61499999999998 15
3525.0 416.515 19 3780.0 -255.0 46 -83 180.246 142.071 21
4200.0 471.27399999999994 20 4380.0 -180.0 28 -91 179.51199999999994 180.80600000000007 18
3980.0 448.92699999999985 23 4080.0 -100.0 19 -71 198.61699999999996 183.04000000000002 9
3960.0 355.16699999999986 18 4290.0 -330.0 29 -63 142.87000000000003 173.26899999999995 33
3890.0 719.1919999999998 19 4320.0 -450.0 51 -86 201.863 170.41099999999997 45
4320.0 459.25699999999995 23 4440.0 -120.0 11 -77 196.76000000000002 186.47799999999998 12
3790.0 1291.4370000000001 15 4290.0 -660.0 69 -89 164.01799999999992 182.91500000000002 66
3240.0 399.40000000000003 17 3510.0 -310.0 34 -59 162.59000000000003 163.625 31
3410.0 444.2369999999998 17 3570.0 -160.0 21 -95 157.09499999999997 158.88300000000004 16
4630.0 503.23999999999984 16 4710.0 -80.0 16 -93 190.97899999999996 202.04599999999996 8
5180.0 559.0619999999999 21 5340.0 -160.0 22 -101 219.69100000000003 227.68999999999997 16
4380.0 498.2159999999999 19 4530.0 -150.0 13 -73 240.04999999999995 205.64399999999992 15
3580.0 497.35899999999975 19 3930.0 -365.0 59 -93 183.839 164.694 30
3810.0 460.0089999999999 21 3960.0 -150.0 30 -79 201.86699999999996 178.282 15
6230.0 608.6489999999999 21 6360.0 -130.0 26 -109 257.49499999999995 264.02399999999994 13
4180.0 491.94299999999987 17 4260.0 -80.0 16 -82 212.908 201.92899999999997 8
6980.0 768.9939999999997 22 7170.0 -190.0 35 -119 312.8209999999999 322.1429999999999 19
4690.0 500.51900000000006 18 4830.0 -140.0 18 -83 196.53599999999997 221.10299999999995 14
3760.0 440.0309999999999 15 3990.0 -230.0 28 -88 156.121 160.906 23
5460.0 573.335 17 5700.0 -240.0 27 -93 247.17199999999997 254.91099999999994 21
3600.0 351.055 19 3660.0 -60.0 5 -58 159.22799999999995 150.94099999999997 6
4480.0 554.6619999999999 22 4560.0 -80.0 6 -81 265.524 209.664 8
5070.0 539.061 18 5130.0 -60.0 12 -73 255.70599999999996 238.19199999999992 6
5000.0 498.23600000000005 16 5220.0 -400.0 48 -82 189.71499999999995 220.73800000000003 40
4110.0 467.8409999999999 16 4290.0 -180.0 27 -104 126.15599999999995 183.30299999999994 18
3880.0 406.49399999999997 19 4050.0 -270.0 30 -62 182.16500000000002 182.148 27
3740.0 473.44500000000005 18 4110.0 -410.0 80 -76 178.15500000000003 192.184 45
3530.0 404.2529999999998 20 3600.0 -70.0 14 -78 164.284 156.69699999999997 7
5285.0 599.9230000000001 17 5640.0 -605.0 83 -100 232.66799999999998 251.72999999999993 59
5960.0 681.1799999999998 20 6150.0 -190.0 30 -107 279.08899999999994 272.0399999999999 18
5260.0 603.134 22 5640.0 -380.0 53 -97 245.24499999999995 246.98699999999994 38
5740.0 661.044 14 5970.0 -230.0 46 -131 236.66 237.48299999999992 23
3350.0 446.3469999999999 16 3750.0 -430.0 43 -66 199.89199999999994 165.251 43
4430.0 538.9709999999999 20 4560.0 -370.0 62 -81 237.23899999999998 209.81599999999997 29
2990.0 415.4779999999999 15 3300.0 -330.0 60 -70 168.41199999999998 153.64499999999995 33
3290.0 426.1549999999999 15 3600.0 -310.0 39 -76 176.00699999999995 163.48499999999993 26
5010.0 497.65799999999996 15 5160.0 -150.0 31 -113 153.408 200.63199999999998 15
4100.0 496.241 17 4260.0 -320.0 37 -90 185.87600000000003 193.929 32
4110.0 549.3319999999999 17 4230.0 -120.0 24 -93 213.22599999999997 196.44899999999996 12
3020.0 399.96899999999994 12 3270.0 -260.0 47 -77 131.51999999999998 141.09699999999995 26
4030.0 398.6880000000001 17 4170.0 -260.0 39 -75 141.816 157.47899999999996 26
5910.0 573.2269999999999 15 6270.0 -360.0 42 -111 200.48599999999993 233.63899999999992 34
4650.0 505.08899999999994 21 4800.0 -150.0 17 -72 249.33599999999996 207.50099999999995 15
5130.0 493.378 19 5280.0 -150.0 20 -95 183.353 223.933 12
6020.0 491.4129999999999 22 6120.0 -100.0 20 -94 210.20799999999994 213.50999999999996 10
4310.0 356.7370000000001 19 4410.0 -220.0 31 -67 155.83699999999996 159.94500000000002 22
4260.0 494.63699999999994 20 4470.0 -370.0 75 -79 219.569 170.74899999999997 37
5300.0 554.206 21 5370.0 -70.0 14 -89 271.431 215.29299999999998 7
4600.0 515.718 21 4680.0 -80.0 16 -85 235.19799999999998 201.83100000000002 8
5270.0 580.8570000000001 15 5790.0 -600.0 74 -101 205.75 259.33200000000005 60
5700.0 583.6529999999999 20 5910.0 -270.0 42 -100 242.864 223.076 27
3690.0 1165.5249999999992 16 4200.0 -610.0 40 -75 162.773 162.159 61
5170.0 507.4600000000001 18 5310.0 -140.0 28 -110 147.845 211.515 14
2640.0 321.38300000000004 14 2640.0 0.0 0 -57 140.17499999999998 123.61499999999998 0
3090.0 286.32599999999996 14 3150.0 -60.0 12 -56 99.48300000000002 128.417 6
4520.0 559.399 17 4710.0 -190.0 29 -96 215.523 197.18 19
5350.0 548.7589999999999 21 5490.0 -200.0 40 -98 220.22899999999993 188.02799999999993 20
5840.0 578.847 23 6060.0 -310.0 31 -99 243.819 262.05499999999995 31
2380.0 892.5320000000004 14 3120.0 -740.0 64 -60 177.629 140.537 74
4875.0 522.779 18 5070.0 -195.0 34 -107 182.276 216.86999999999995 15
3830.0 434.54599999999994 15 4110.0 -290.0 59 -74 192.08999999999997 176.38600000000005 29
4190.0 467.5339999999999 18 4350.0 -160.0 19 -76 215.815 181.31499999999997 16
4900.0 443.3919999999998 19 4950.0 -50.0 10 -78 157.95799999999994 228.54899999999992 5
5340.0 696.9119999999997 21 5670.0 -345.0 56 -107 245.23499999999996 236.968 29
4590.0 526.727 20 4770.0 -180.0 26 -95 239.83099999999996 191.70599999999996 18
5065.0 582.7099999999998 21 5280.0 -215.0 32 -96 239.63 234.95999999999995 28
5900.0 611.884 21 6000.0 -140.0 28 -109 232.15899999999996 273.616 14
4545.0 474.961 19 4680.0 -345.0 36 -78 185.64999999999995 213.44999999999996 34
3065.0 357.748 17 3240.0 -215.0 19 -51 178.40499999999997 135.65499999999997 21
4660.0 584.6129999999999 21 4890.0 -230.0 35 -98 259.15399999999994 204.68099999999995 23
3580.0 491.15899999999976 15 3780.0 -200.0 30 -93 168.00999999999996 165.16599999999997 20
4790.0 607.2969999999999 18 5040.0 -270.0 55 -91 261.348 227.29399999999995 27
3680.0 1692.7919999999988 14 4680.0 -1000.0 81 -84 144.66299999999998 202.41100000000003 100
4850.0 538.029 22 5220.0 -370.0 50 -107 212.257 208.93399999999997 30
5720.0 567.8929999999999 17 5850.0 -130.0 26 -102 210.47099999999998 245.31099999999992 13
4440.0 431.31299999999993 19 4470.0 -90.0 18 -75 177.16099999999997 182.11499999999998 9
4570.0 473.53499999999985 18 4710.0 -140.0 19 -83 184.79399999999993 190.76599999999996 14
5510.0 561.334 20 5640.0 -130.0 21 -97 216.84099999999992 264.89900000000006 13
5760.0 524.7130000000001 19 5760.0 0.0 0 -82 250.91499999999996 229.30500000000004 0
4470.0 507.19099999999986 21 4710.0 -240.0 38 -85 215.27099999999996 210.59399999999997 20
3050.0 722.4509999999999 17 3630.0 -610.0 56 -77 204.42299999999992 162.16199999999998 61
5410.0 576.834 22 5550.0 -140.0 20 -94 251.327 238.03899999999996 14
4920.0 553.6509999999997 19 5130.0 -210.0 37 -98 226.06799999999996 219.97799999999998 21
3930.0 413.404 23 4080.0 -170.0 35 -68 187.85899999999995 165.688 17
4970.0 677.8320000000001 19 5580.0 -620.0 81 -92 249.03899999999993 240.55000000000004 62
5340.0 555.1809999999998 26 5730.0 -390.0 45 -87 251.64 237.438 39
3950.0 511.738 21 4110.0 -300.0 37 -84 229.04699999999994 194.51099999999997 30
6120.0 605.9980000000002 19 6510.0 -400.0 82 -105 268.39699999999993 258.86299999999994 40
4910.0 609.4749999999999 18 5040.0 -130.0 26 -101 216.92599999999996 234.67199999999997 13
3760.0 474.84399999999994 17 3840.0 -80.0 5 -71 211.10299999999998 167.38999999999996 8
5610.0 659.629 18 5790.0 -180.0 20 -92 239.29 236.13700000000003 18
3420.0 551.554 16 3810.0 -390.0 41 -83 240.1909999999999 187.281 39
4990.0 536.7069999999999 22 5190.0 -270.0 37 -96 226.22099999999995 217.94600000000003 27
2810.0 259.849 9 2940.0 -130.0 26 -63 90.84199999999997 98.182 13
4120.0 438.781 19 4410.0 -290.0 33 -83 149.32800000000003 211.19699999999997 29
2770.0 348.947 17 3000.0 -350.0 33 -52 165.40599999999992 141.129 35
4890.0 563.1189999999998 22 5220.0 -360.0 62 -84 281.857 223.79999999999995 26
3050.0 366.71599999999995 17 3120.0 -70.0 14 -65 168.04899999999995 134.879 7
3610.0 380.371 16 3810.0 -200.0 18 -68 157.31900000000002 137.769 20
4740.0 2250.3160000000007 15 5460.0 -720.0 47 -95 199.37199999999996 208.40800000000002 72
3710.0 481.3890000000002 14 3870.0 -160.0 32 -86 184.058 159.851 16
4820.0 512.2110000000001 21 4920.0 -100.0 11 -83 220.15499999999997 212.533 10
4490.0 542.77 20 5220.0 -790.0 73 -80 215.45299999999997 229.62199999999996 79
5640.0 553.839 17 5730.0 -90.0 18 -94 246.06399999999985 240.8599999999999 9
3130.0 383.33099999999996 15 3360.0 -230.0 20 -66 177.505 140.48 23
4560.0 536.567 21 4620.0 -150.0 20 -94 210.56799999999998 210.69899999999996 15
3700.0 477.0450000000001 19 3780.0 -80.0 7 -80 213.861 176.52099999999996 8
5400.0 612.5540000000001 18 5580.0 -180.0 37 -106 209.98999999999998 220.14499999999995 18
3370.0 463.376 20 3480.0 -110.0 22 -76 218.82599999999994 160.752 11
4600.0 502.1759999999998 16 4890.0 -290.0 39 -91 180.09999999999994 209.41699999999994 29
4780.0 675.2369999999997 23 5130.0 -370.0 68 -111 247.24499999999995 257.823 32
4670.0 578.2269999999997 21 5010.0 -380.0 55 -105 230.45199999999997 222.65899999999993 38
3690.0 612.5439999999999 14 4410.0 -720.0 75 -99 180.926 227.78699999999995 72
3930.0 344.01599999999996 19 3990.0 -60.0 5 -58 160.71699999999996 149.942 6
4425.0 478.5850000000001 19 4530.0 -105.0 17 -76 206.16900000000004 213.243 7
5070.0 467.54999999999995 21 5070.0 -160.0 14 -70 227.329 221.35500000000002 16
3130.0 1024.7789999999998 13 3690.0 -680.0 60 -84 177.978 136.354 68
4480.0 548.0950000000001 19 4710.0 -230.0 38 -103 228.93099999999993 181.19799999999998 23
3255.0 406.5909999999999 15 3300.0 -45.0 7 -62 185.14799999999994 161.72299999999998 3
4610.0 795.3089999999999 20 5070.0 -740.0 77 -90 286.49999999999994 229.72300000000004 74
5010.0 454.99399999999986 20 5100.0 -90.0 18 -95 170.91199999999998 201.00099999999995 9
4280.0 403.44700000000006 18 4410.0 -130.0 26 -75 175.833 169.90899999999996 13
4900.0 749.2019999999999 21 5250.0 -370.0 66 -117 323.32699999999994 221.529 37
5930.0 612.5790000000001 19 6030.0 -100.0 20 -103 261.21199999999993 254.17299999999997 10
5350.0 547.5559999999999 21 5490.0 -140.0 25 -94 232.017 227.03499999999994 14
4780.0 493.5319999999999 23 5010.0 -250.0 51 -87 197.89899999999997 211.89899999999994 25
5280.0 533.2489999999999 16 5460.0 -180.0 29 -97 186.117 225.14899999999997 18
4135.0 511.035 17 4290.0 -155.0 29 -81 225.39499999999995 182.97899999999998 14
4380.0 527.731 19 4710.0 -370.0 75 -87 250.16799999999995 184.65999999999997 37
5080.0 534.0769999999999 19 5190.0 -110.0 19 -90 238.59099999999992 216.96499999999995 11
4275.0 515.857 14 4500.0 -225.0 35 -95 186.40299999999993 205.89999999999995 22
3330.0 383.91799999999984 17 3330.0 0.0 0 -66 173.87499999999997 151.553 0
4460.0 546.6369999999998 17 4770.0 -310.0 25 -105 193.997 214.87199999999996 31
4740.0 518.7879999999999 21 4860.0 -120.0 24 -77 241.14699999999996 212.92899999999997 12
5310.0 586.932 23 5400.0 -90.0 18 -99 249.94700000000003 237.17799999999997 9
5060.0 549.2719999999999 25 5310.0 -250.0 32 -90 187.41599999999997 235.053 25
4370.0 523.241 18 4710.0 -440.0 54 -82 228.76999999999998 199.46499999999997 44
4160.0 601.4199999999996 21 4320.0 -160.0 32 -110 234.81799999999993 190.63199999999995 16
3890.0 431.46099999999996 16 3990.0 -100.0 17 -76 157.24499999999998 186.23699999999997 10
3380.0 372.6299999999999 16 3510.0 -130.0 17 -64 166.42499999999995 159.792 10
4760.0 496.8549999999999 17 4860.0 -250.0 51 -92 197.40300000000002 208.81299999999993 25
4180.0 406.29599999999994 18 4260.0 -200.0 27 -68 162.96199999999996 186.28599999999997 20
3065.0 395.01699999999994 15 3330.0 -280.0 43 -85 124.44900000000001 138.385 21
3560.0 453.863 14 3810.0 -250.0 12 -72 160.639 163.688 47
4280.0 463.50899999999996 22 4650.0 -390.0 71 -87 193.17 187.75099999999995 34
4320.0 521.5990000000002 16 4470.0 -150.0 21 -87 205.241 185.74799999999993 14
5300.0 567.9540000000001 21 5580.0 -300.0 61 -89 226.17399999999992 246.86299999999994 30
4990.0 537.805 20 5160.0 -170.0 34 -87 249.79299999999995 215.507 17
5200.0 489.70699999999994 19 5280.0 -160.0 23 -87 199.68600000000004 202.45999999999995 16
4270.0 467.568 18 4440.0 -170.0 34 -88 177.668 179.30099999999993 17
4720.0 526.956 20 4800.0 -80.0 16 -94 214.68299999999996 197.68499999999995 8
5730.0 574.3889999999998 22 6000.0 -270.0 43 -107 206.42599999999996 260.40299999999996 27
5070.0 574.5619999999998 21 5220.0 -330.0 67 -99 264.37 221.21099999999993 33
4650.0 525.409 20 4770.0 -120.0 10 -93 221.66299999999995 222.89299999999994 12
4080.0 490.1149999999999 19 4260.0 -180.0 37 -85 198.67499999999995 184.85 18
4820.0 575.4600000000003 21 5040.0 -260.0 52 -89 260.867 215.70099999999994 26
5020.0 549.444 20 5190.0 -260.0 33 -88 207.44699999999997 228.59199999999998 26
4500.0 567.3219999999999 17 4590.0 -300.0 37 -78 260.2849999999999 227.511 30
3110.0 407.974 13 3210.0 -100.0 20 -64 172.91600000000003 162.587 10
4460.0 558.8509999999999 22 4740.0 -400.0 45 -89 235.195 199.013 40
4960.0 638.833 22 5190.0 -410.0 49 -91 274.21999999999997 212.85599999999994 41
4625.0 585.8489999999999 19 5190.0 -605.0 100 -97 224.4159999999999 234.08800000000002 62
4850.0 568.2139999999998 23 5130.0 -300.0 61 -93 231.726 228.83399999999997 30
5030.0 586.5219999999997 22 5190.0 -160.0 28 -81 236.46399999999997 231.58300000000003 16
4270.0 463.34999999999997 17 4590.0 -320.0 34 -73 211.292 190.44499999999996 32
4775.0 497.15999999999997 17 5040.0 -265.0 7 -78 160.61700000000002 228.29799999999997 53
4030.0 466.7099999999999 22 4170.0 -260.0 50 -76 212.81899999999996 172.06900000000002 26
4000.0 581.8289999999997 19 4230.0 -230.0 38 -90 251.32799999999995 191.37399999999994 23
4020.0 403.35799999999995 19 4050.0 -210.0 22 -57 183.09699999999998 180.72 21
4110.0 517.201 21 4230.0 -120.0 11 -76 252.05899999999994 192.28699999999995 12
5280.0 543.755 21 5430.0 -150.0 25 -90 231.37399999999997 239.148 15
3050.0 497.3699999999999 19 3150.0 -100.0 9 -77 247.88299999999995 148.835 10
6060.0 587.1790000000002 21 6210.0 -210.0 32 -96 265.88699999999994 249.95299999999992 21
4050.0 438.972 17 4290.0 -240.0 34 -81 157.53900000000002 182.0 23
6130.0 623.8090000000001 20 6180.0 -210.0 37 -86 307.7019999999999 273.871 21
4630.0 575.3269999999999 16 5010.0 -380.0 64 -106 216.986 202.213 38
4770.0 484.2929999999998 17 4830.0 -60.0 12 -81 200.355 214.384 6
4140.0 475.79499999999996 21 4230.0 -90.0 8 -74 214.29999999999998 191.57899999999998 9
4860.0 624.424 23 5070.0 -210.0 32 -105 266.4679999999999 232.20199999999994 21
4730.0 465.67900000000014 17 5070.0 -350.0 64 -87 187.04399999999998 177.777 33
4560.0 464.1169999999999 17 4560.0 0.0 0 -88 172.54399999999995 205.37399999999997 0
4190.0 453.6099999999999 18 4470.0 -280.0 31 -81 183.85699999999994 194.74999999999994 28
4720.0 599.385 18 4860.0 -140.0 26 -107 244.292 214.649 12
5460.0 682.368 18 5700.0 -330.0 67 -114 268.32899999999995 248.48600000000002 33
3060.0 390.75999999999993 15 3660.0 -620.0 52 -63 157.974 160.30299999999997 62
3950.0 475.2519999999997 18 4080.0 -130.0 22 -71 240.55799999999994 169.521 10
4150.0 516.802 18 4200.0 -50.0 10 -86 231.568 182.537 5
2930.0 1235.017000000001 16 3690.0 -760.0 47 -91 268.752 161.801 76
4020.0 524.8389999999999 22 4320.0 -300.0 36 -81 258.87800000000004 189.02399999999997 30
5010.0 545.024 21 5100.0 -270.0 55 -86 218.53999999999994 233.33999999999995 27
4890.0 452.251 19 5010.0 -120.0 21 -83 172.35199999999998 206.68900000000002 12
4890.0 468.271 20 4890.0 0.0 0 -69 234.91999999999996 192.20699999999994 0
4650.0 524.0719999999998 17 4890.0 -240.0 48 -93 178.94 196.68599999999992 24
6570.0 628.6260000000001 22 6720.0 -210.0 42 -111 259.554 278.57399999999984 21
4050.0 471.932 20 4170.0 -210.0 42 -82 194.34300000000002 195.43 21
3940.0 405.073 18 4440.0 -560.0 58 -77 157.595 167.189 55
5300.0 660.4480000000002 18 5490.0 -190.0 38 -114 287.2179999999999 252.48399999999998 19
3240.0 395.55899999999997 17 3330.0 -110.0 22 -65 151.372 151.44399999999996 11
3570.0 1249.6849999999997 15 4530.0 -960.0 83 -85 222.887 206.3 96
4150.0 435.969 19 4350.0 -200.0 24 -83 171.113 171.31099999999995 18
3880.0 389.8999999999999 20 4020.0 -180.0 36 -72 149.71300000000002 156.69099999999997 18
4360.0 691.134 22 4830.0 -480.0 76 -104 264.595 226.20899999999997 48
3280.0 454.52499999999986 22 3540.0 -260.0 36 -75 200.48799999999994 154.43699999999995 26
4720.0 625.8199999999999 23 5370.0 -680.0 77 -103 238.76600000000002 230.06899999999996 68
4770.0 442.1849999999999 15 4890.0 -120.0 14 -88 170.652 194.06899999999996 12
4230.0 440.6529999999999 19 4320.0 -90.0 18 -100 138.08300000000003 184.26000000000002 9
5430.0 458.914 17 5550.0 -120.0 17 -81 192.322 224.03099999999995 11
3910.0 532.2699999999999 17 4260.0 -400.0 67 -70 185.63299999999992 201.95999999999998 40
3300.0 359.1850000000002 15 3420.0 -120.0 13 -72 135.298 148.295 12
5120.0 664.4109999999996 22 5460.0 -340.0 31 -103 254.01800000000003 266.50600000000003 34
3100.0 390.69499999999977 17 3300.0 -210.0 42 -65 160.97099999999998 144.11300000000003 21
4750.0 613.319 21 4830.0 -80.0 16 -81 307.964 220.57199999999997 8
3540.0 423.6239999999999 17 3660.0 -120.0 17 -64 199.44300000000004 163.64700000000002 12
2930.0 1175.657000000001 15 3930.0 -1000.0 82 -76 183.124 188.342 100
3590.0 500.322 16 3870.0 -280.0 24 -80 179.93499999999997 179.60399999999998 28
3900.0 502.13 19 4290.0 -400.0 63 -74 231.63899999999992 186.40699999999998 40
4680.0 589.1719999999999 19 4860.0 -180.0 36 -89 278.1249999999999 224.665 18
4790.0 537.0450000000001 17 4920.0 -130.0 26 -87 238.62199999999996 208.31699999999998 13
4870.0 588.798 18 5100.0 -230.0 39 -93 226.127 223.06699999999998 23
5710.0 625.5260000000001 18 5910.0 -290.0 58 -98 278.4319999999999 249.95599999999996 29
4490.0 475.5549999999999 18 4740.0 -280.0 49 -83 188.97300000000004 199.49399999999994 21
3200.0 366.66999999999985 13 3450.0 -290.0 36 -67 129.533 140.173 29
3680.0 518.1059999999999 16 4140.0 -460.0 42 -102 175.25799999999998 179.74400000000003 46
3830.0 542.1770000000002 21 4020.0 -280.0 34 -89 184.403 175.99599999999998 28
5430.0 563.661 23 5430.0 0.0 0 -78 275.03999999999996 251.209 0
4680.0 612.4879999999999 23 4830.0 -150.0 30 -103 271.57499999999993 219.39000000000001 15
6370.0 633.781 20 6540.0 -170.0 15 -98 273.9689999999999 286.868 17
3900.0 429.162 18 3990.0 -90.0 18 -70 192.62899999999996 175.01199999999997 9
4420.0 553.9530000000001 21 4590.0 -170.0 34 -93 211.82799999999995 202.45 17
4730.0 484.43999999999994 22 4950.0 -240.0 38 -77 215.59199999999996 215.04899999999998 24
4020.0 594.9810000000002 21 4530.0 -510.0 45 -85 276.543 194.18199999999996 51
4260.0 454.40899999999993 18 4260.0 0.0 0 -66 226.42700000000002 183.28299999999996 0
4240.0 495.4879999999999 17 4440.0 -200.0 27 -92 172.23299999999995 195.38299999999998 20
6815.0 549.0149999999998 18 7290.0 -495.0 89 -100 248.64899999999997 246.75699999999995 43
5220.0 562.1589999999999 22 5340.0 -120.0 24 -108 227.31199999999998 224.04399999999998 12
5270.0 401.0839999999999 18 5430.0 -160.0 14 -79 162.423 189.65199999999993 16
6330.0 598.41 20 6450.0 -280.0 38 -91 235.49299999999994 279.45599999999996 28
3860.0 440.411 18 3900.0 -40.0 8 -62 198.74199999999993 176.496 4
5760.0 637.417 23 5910.0 -180.0 36 -100 287.44199999999995 258.914 18
5270.0 607.7469999999998 20 5370.0 -100.0 20 -102 257.89799999999997 232.79700000000003 10
4340.0 481.8610000000001 18 4500.0 -160.0 26 -85 193.12500000000006 197.253 16
3900.0 456.29699999999985 18 3900.0 0.0 0 -72 206.73199999999997 190.66899999999995 0
5515.0 635.3829999999998 25 5640.0 -125.0 23 -95 303.25100000000003 260.965 11
5505.0 674.0869999999999 21 5730.0 -225.0 35 -112 291.93699999999995 235.12600000000003 21
5210.0 538.49 20 5550.0 -340.0 49 -101 194.14099999999996 241.71999999999997 34
5540.0 541.2280000000002 18 5670.0 -130.0 26 -96 202.14099999999996 240.55399999999997 13
4085.0 520.4709999999998 23 4200.0 -205.0 40 -91 237.463 178.92999999999998 20
3510.0 426.82899999999984 21 3510.0 0.0 0 -64 214.13799999999998 161.86 0
4110.0 501.3539999999999 20 4260.0 -330.0 29 -90 191.55399999999997 218.154 33
4400.0 554.5019999999998 17 4560.0 -180.0 37 -84 269.691 202.14199999999997 18
4810.0 529.635 21 4980.0 -170.0 34 -103 178.15 217.49599999999992 17
4240.0 398.20299999999986 16 4380.0 -140.0 28 -88 167.27999999999997 141.148 14
5420.0 503.6780000000002 22 5520.0 -100.0 15 -87 223.203 227.34000000000003 10
3600.0 386.1360000000001 20 4020.0 -480.0 55 -76 144.57 152.69299999999998 48
5190.0 564.9169999999998 15 5280.0 -90.0 18 -82 257.38399999999996 233.58399999999997 9
4640.0 451.906 19 4800.0 -160.0 24 -81 176.37199999999996 204.42899999999995 16
6345.0 646.226 23 6570.0 -225.0 44 -112 256.8769999999999 269.29099999999994 22
3750.0 931.3889999999993 13 4530.0 -810.0 78 -104 192.101 196.93699999999998 81
5970.0 548.0439999999999 18 6120.0 -360.0 46 -87 252.169 248.1419999999999 36
3130.0 738.7559999999997 13 4110.0 -1180.0 60 -75 212.34299999999993 158.09899999999993 194
5400.0 529.6790000000001 17 5580.0 -180.0 22 -99 215.43599999999995 210.03499999999997 18
