2460.0 318.65599999999995 17 2460.0 0.0 0 -72 123.22300000000004 105.08899999999998 0
1680.0 224.396 22 1680.0 0.0 0 -66 72.43199999999997 57.88300000000001 0
1200.0 166.11100000000002 15 1200.0 0.0 0 -39 66.723 48.06399999999999 0
1485.0 238.64799999999997 21 1530.0 -45.0 6 -64 87.45699999999998 57.96799999999999 9
1470.0 189.363 17 1470.0 0.0 0 -55 71.131 51.027 0
1230.0 178.48199999999997 16 1230.0 0.0 0 -47 61.834 49.50599999999999 0
2190.0 235.63699999999997 15 2190.0 0.0 0 -53 100.37800000000001 83.665 0
2220.0 250.958 17 2220.0 0.0 0 -61 87.67000000000002 80.584 0
1380.0 189.28 15 1380.0 0.0 0 -56 64.31099999999998 49.08 0
2730.0 301.872 21 2730.0 -120.0 17 -65 121.69100000000002 114.89600000000002 24
1740.0 216.85399999999996 18 1740.0 0.0 0 -50 87.36999999999999 67.45 0
1800.0 217.02499999999995 16 1800.0 0.0 0 -59 72.54499999999999 69.33099999999999 0
1440.0 195.54 16 1440.0 0.0 0 -54 57.68099999999998 70.78399999999998 0
1705.0 264.217 26 1740.0 -35.0 4 -56 122.22100000000002 69.99399999999997 7
1920.0 234.18100000000004 18 1920.0 0.0 0 -53 88.67600000000002 81.48699999999997 0
1975.0 256.547 24 2010.0 -35.0 4 -51 109.23199999999999 86.465 7
1260.0 173.48699999999997 18 1260.0 0.0 0 -41 71.49199999999998 48.528999999999996 0
1770.0 231.69299999999998 19 1770.0 0.0 0 -57 92.65599999999998 69.024 0
1410.0 231.34099999999995 16 1410.0 0.0 0 -53 94.51599999999999 58.956999999999994 0
1350.0 175.107 13 1350.0 0.0 0 -46 63.514999999999986 51.728 0
1680.0 190.42399999999998 18 1680.0 0.0 0 -50 67.08600000000001 63.82999999999997 0
1680.0 201.44 18 1680.0 -45.0 15 -57 64.515 49.99899999999998 3
1860.0 192.139 14 1860.0 -35.0 4 -54 48.14999999999999 64.63999999999999 7
1890.0 232.42500000000004 18 1890.0 0.0 0 -59 82.87400000000001 76.014 0
2070.0 224.33899999999997 20 2070.0 0.0 0 -56 78.14600000000002 82.34299999999998 0
2070.0 246.678 16 2070.0 0.0 0 -63 76.604 89.48100000000005 0
1950.0 238.44299999999993 17 1950.0 0.0 0 -61 92.34299999999999 72.011 0
2340.0 246.22399999999996 15 2340.0 0.0 0 -57 95.82900000000004 92.78999999999996 0
1890.0 204.935 21 1890.0 0.0 0 -65 64.06700000000001 53.96299999999998 0
2310.0 232.06999999999994 19 2310.0 0.0 0 -61 80.647 86.00999999999998 0
1710.0 233.204 20 1830.0 -120.0 10 -54 97.81 72.24200000000002 24
2340.0 246.627 22 2340.0 0.0 0 -73 74.904 76.52499999999999 0
2135.0 225.95000000000005 15 2160.0 -25.0 1 -53 91.45300000000002 75.36799999999997 5
2100.0 238.45499999999998 20 2100.0 0.0 0 -61 85.13199999999998 84.25200000000001 0
1740.0 222.23000000000005 17 1740.0 0.0 0 -55 90.94500000000001 70.865 0
1800.0 213.03500000000003 19 1800.0 0.0 0 -47 87.20500000000003 68.62299999999999 0
1860.0 245.723 24 1860.0 0.0 0 -60 100.30999999999997 64.25599999999999 0
1320.0 183.401 19 1320.0 0.0 0 -56 58.086 45.419999999999995 0
1500.0 194.71999999999994 16 1500.0 0.0 0 -55 71.09099999999998 53.263999999999974 0
1350.0 188.40900000000002 16 1350.0 0.0 0 -49 59.42399999999999 61.523 0
1140.0 177.10899999999998 17 1140.0 -55.0 3 -40 56.30899999999998 51.44499999999999 11
2340.0 255.9239999999999 19 2340.0 0.0 0 -67 95.57800000000002 85.08600000000001 0
2145.0 247.757 16 2190.0 -45.0 3 -55 93.24900000000002 83.68499999999996 9
1200.0 185.36699999999996 15 1200.0 0.0 0 -47 60.82099999999999 57.713000000000015 0
1650.0 277.20900000000006 23 1650.0 0.0 0 -68 111.29499999999997 71.07499999999999 0
895.0 169.90299999999993 18 960.0 -65.0 4 -48 60.696 42.684000000000005 13
2160.0 258.884 17 2160.0 0.0 0 -56 103.27700000000002 89.57799999999995 0
1800.0 259.404 21 1800.0 0.0 0 -61 99.517 81.40899999999998 0
1860.0 210.07400000000004 19 1860.0 0.0 0 -59 66.023 66.85300000000001 0
1500.0 153.325 20 1500.0 0.0 0 -43 47.840999999999994 58.245 0
2370.0 294.3230000000001 20 2370.0 0.0 0 -75 114.24799999999999 82.26800000000001 0
1800.0 242.122 22 1800.0 0.0 0 -62 86.61799999999997 72.235 0
1800.0 199.51999999999995 18 1800.0 0.0 0 -51 72.16899999999998 63.80299999999998 0
870.0 141.92299999999994 14 870.0 0.0 0 -42 49.955999999999996 33.755 0
1290.0 216.80599999999995 18 1290.0 0.0 0 -57 83.36299999999996 57.867999999999995 0
2280.0 279.89399999999983 17 2280.0 0.0 0 -66 106.24200000000002 88.023 0
2190.0 262.19399999999996 17 2190.0 0.0 0 -55 114.19300000000001 86.46899999999994 0
2130.0 238.852 24 2130.0 0.0 0 -64 83.712 72.60300000000001 0
2850.0 307.1120000000001 16 2850.0 0.0 0 -83 110.01900000000002 93.868 0
1350.0 208.89999999999995 17 1350.0 0.0 0 -56 69.46 61.20599999999999 0
1140.0 137.44599999999997 14 1170.0 -30.0 2 -41 45.936 31.645999999999994 6
2280.0 315.47900000000004 19 2280.0 0.0 0 -60 134.088 103.299 0
2160.0 247.69799999999998 22 2220.0 -60.0 5 -59 90.77299999999995 81.45899999999997 12
1830.0 194.96100000000004 18 1830.0 0.0 0 -47 68.19900000000001 76.42900000000003 0
1260.0 181.39700000000005 20 1260.0 -30.0 4 -53 51.932999999999986 43.131 6
1650.0 256.66600000000005 24 1650.0 0.0 0 -68 83.29099999999998 73.517 0
2070.0 190.43299999999994 13 2070.0 0.0 0 -45 66.91699999999997 80.37099999999998 0
1740.0 239.64000000000004 18 1740.0 0.0 0 -49 114.401 66.25799999999998 0
2370.0 286.6820000000001 24 2370.0 0.0 0 -63 113.38799999999999 94.99600000000002 0
1620.0 172.61099999999996 11 1620.0 0.0 0 -44 66.44300000000001 55.92299999999998 0
1890.0 209.21 15 1890.0 0.0 0 -48 80.98700000000002 75.734 0
1440.0 226.433 20 1440.0 0.0 0 -48 99.08900000000001 63.208999999999996 0
2490.0 255.78200000000004 19 2490.0 0.0 0 -61 94.23899999999999 92.913 0
1950.0 220.74500000000003 19 1950.0 0.0 0 -60 85.11299999999997 69.49399999999999 0
1650.0 213.91399999999996 16 1650.0 0.0 0 -54 83.89800000000001 57.10999999999999 0
1710.0 229.48499999999999 17 1710.0 0.0 0 -51 95.19200000000001 76.216 0
1620.0 224.05899999999997 21 1620.0 0.0 0 -58 76.09899999999998 57.094 0
1950.0 243.357 21 1950.0 0.0 0 -73 76.42899999999999 67.024 0
2490.0 245.39499999999995 18 2490.0 0.0 0 -57 100.02600000000002 84.47099999999999 0
1590.0 216.53099999999995 20 1590.0 0.0 0 -46 86.02200000000002 76.31899999999997 0
1590.0 228.64400000000006 18 1590.0 -35.0 4 -52 96.354 61.07700000000002 7
1140.0 161.62199999999999 13 1140.0 0.0 0 -52 46.92399999999998 44.523999999999994 0
2340.0 241.8449999999999 19 2340.0 0.0 0 -53 105.48499999999999 90.19399999999999 0
2160.0 221.89700000000005 16 2160.0 0.0 0 -53 73.43899999999998 59.65500000000003 0
1320.0 203.68599999999995 15 1320.0 0.0 0 -52 76.384 53.59899999999998 0
1590.0 187.636 18 1590.0 0.0 0 -46 72.89899999999999 58.731 0
1260.0 145.511 16 1260.0 0.0 0 -40 54.69799999999998 46.044 0
1980.0 265.8450000000001 18 1980.0 0.0 0 -61 105.52400000000003 76.89 0
2460.0 287.281 25 2460.0 0.0 0 -64 118.27399999999996 98.16099999999999 0
1980.0 275.231 22 1980.0 0.0 0 -64 114.56700000000002 74.26399999999998 0
1920.0 222.75699999999998 18 1920.0 0.0 0 -62 74.144 72.352 0
1590.0 241.32700000000003 28 1650.0 -60.0 6 -55 83.26499999999999 70.20799999999998 12
1770.0 194.57700000000006 17 1770.0 -35.0 4 -52 68.72899999999998 66.71799999999999 7
2100.0 233.56699999999998 24 2100.0 0.0 0 -58 97.89 60.52199999999999 0
2400.0 291.03800000000007 20 2400.0 0.0 0 -70 97.662 108.26999999999998 0
1620.0 200.38400000000004 13 1620.0 -60.0 8 -34 100.289 65.645 12
2520.0 278.5320000000001 14 2520.0 0.0 0 -58 134.38100000000006 92.46299999999997 0
1830.0 233.12299999999993 18 1830.0 0.0 0 -65 76.443 68.69399999999999 0
1680.0 200.03199999999998 13 1680.0 0.0 0 -55 64.767 58.516999999999996 0
1315.0 216.73100000000005 18 1350.0 -35.0 4 -52 72.52300000000001 61.89199999999998 7
2100.0 213.97900000000004 13 2100.0 0.0 0 -52 74.608 77.00199999999998 0
1560.0 214.09499999999997 20 1560.0 0.0 0 -55 74.58299999999998 63.13399999999999 0
1500.0 243.303 18 1500.0 0.0 0 -47 113.911 69.53899999999999 0
2220.0 317.78600000000006 22 2220.0 0.0 0 -74 119.25999999999999 97.23399999999997 0
1530.0 148.53799999999995 15 1590.0 -60.0 4 -41 54.99099999999999 49.925999999999995 12
2370.0 240.19099999999995 18 2370.0 0.0 0 -47 100.98499999999999 93.23199999999996 0
1650.0 216.61599999999999 17 1650.0 0.0 0 -47 85.86399999999999 76.839 0
1380.0 179.72099999999995 16 1380.0 0.0 0 -45 72.674 55.13199999999999 0
2070.0 231.33400000000012 18 2070.0 0.0 0 -59 85.04300000000002 75.56199999999997 0
3210.0 346.885 20 3210.0 0.0 0 -76 131.011 131.93100000000004 0
1590.0 192.95899999999995 18 1590.0 0.0 0 -61 59.49299999999999 52.365 0
1680.0 195.90700000000004 20 1680.0 0.0 0 -56 61.92099999999997 59.743999999999986 0
2490.0 293.16 20 2490.0 0.0 0 -69 117.02999999999999 91.39099999999999 0
2280.0 228.79700000000005 20 2280.0 0.0 0 -61 79.42800000000003 78.42299999999996 0
1845.0 250.60599999999997 25 1890.0 -45.0 6 -70 88.02900000000001 67.59999999999998 9
1320.0 208.965 16 1320.0 0.0 0 -46 84.52099999999997 63.794999999999966 0
1495.0 192.536 18 1530.0 -35.0 4 -53 65.46999999999998 54.232999999999976 7
1710.0 281.89 20 1710.0 0.0 0 -72 121.42899999999999 67.268 0
1710.0 217.80499999999998 22 1710.0 0.0 0 -50 88.508 64.66799999999999 0
810.0 119.19199999999996 11 810.0 0.0 0 -32 45.62599999999998 30.408 0
2070.0 208.61299999999991 13 2070.0 0.0 0 -52 73.842 76.22300000000003 0
1560.0 209.624 19 1560.0 0.0 0 -54 76.954 54.98299999999999 0
1980.0 234.56500000000005 17 1980.0 0.0 0 -58 74.60399999999997 84.15499999999999 0
1470.0 246.34700000000004 21 1470.0 0.0 0 -63 91.10499999999999 68.37499999999999 0
2190.0 282.5490000000001 19 2190.0 0.0 0 -69 105.65200000000003 79.545 0
2070.0 241.49599999999998 15 2070.0 0.0 0 -58 88.75000000000001 84.18499999999997 0
2010.0 259.0009999999999 19 2010.0 0.0 0 -56 103.89599999999999 86.517 0
1860.0 234.63399999999996 14 1860.0 0.0 0 -44 99.04300000000002 86.43499999999996 0
1830.0 249.58699999999996 17 1830.0 0.0 0 -47 112.33900000000001 75.05299999999994 0
2400.0 276.39699999999993 17 2400.0 0.0 0 -74 96.42999999999999 86.686 0
1380.0 233.161 14 1380.0 0.0 0 -50 100.18700000000001 54.096 0
1780.0 184.29600000000002 12 1830.0 -50.0 4 -47 58.751 71.70100000000001 10
1920.0 229.53399999999996 17 1920.0 0.0 0 -65 77.142 61.125999999999976 0
860.0 129.20599999999993 12 990.0 -140.0 18 -36 42.14499999999999 29.678000000000004 28
1380.0 209.01200000000003 18 1380.0 0.0 0 -46 82.335 57.55999999999999 0
1770.0 185.15399999999997 19 1770.0 0.0 0 -48 67.41299999999998 66.10599999999997 0
1980.0 235.193 17 1980.0 0.0 0 -62 82.27800000000002 72.87299999999998 0
2250.0 256.986 21 2250.0 0.0 0 -63 89.85200000000002 90.61599999999997 0
1770.0 209.571 19 1770.0 0.0 0 -58 62.40599999999999 63.62399999999998 0
1710.0 244.93099999999995 17 1710.0 0.0 0 -65 74.268 79.18699999999995 0
1290.0 164.21000000000004 14 1290.0 0.0 0 -40 56.17399999999999 55.434000000000005 0
1380.0 229.42299999999997 21 1380.0 0.0 0 -63 83.40899999999998 54.654999999999994 0
2280.0 260.76400000000007 22 2280.0 0.0 0 -66 99.59899999999999 86.21 0
1500.0 189.77 18 1500.0 -50.0 4 -45 70.40299999999999 66.50199999999998 10
2100.0 240.72599999999994 19 2100.0 0.0 0 -61 82.015 84.87299999999999 0
1080.0 138.04499999999993 12 1080.0 0.0 0 -44 38.92099999999999 41.10399999999999 0
1560.0 267.407 19 1560.0 0.0 0 -51 105.36299999999997 92.34299999999996 0
2105.0 265.445 21 2130.0 -25.0 1 -55 118.705 85.611 5
1350.0 205.79499999999993 16 1350.0 0.0 0 -50 88.845 53.49399999999999 0
2280.0 265.9270000000001 22 2280.0 0.0 0 -59 105.82400000000001 90.48299999999999 0
1710.0 231.51799999999994 21 1710.0 0.0 0 -54 85.28199999999998 75.06099999999998 0
1980.0 257.65799999999996 18 1980.0 0.0 0 -58 96.04899999999999 84.97400000000002 0
1755.0 241.94500000000002 19 1830.0 -75.0 5 -54 86.957 83.656 15
1715.0 222.077 16 1770.0 -55.0 4 -48 90.299 66.616 11
1950.0 206.16200000000003 17 1950.0 0.0 0 -52 77.10400000000003 71.33699999999996 0
1800.0 177.20399999999995 16 1800.0 0.0 0 -55 60.709999999999994 56.844999999999985 0
2070.0 213.082 21 2070.0 0.0 0 -55 76.307 67.53899999999999 0
1710.0 211.66 19 1770.0 -60.0 5 -59 73.97299999999997 63.29400000000002 12
1980.0 267.07199999999995 24 1980.0 0.0 0 -68 109.68699999999998 71.17099999999998 0
1415.0 181.497 17 1440.0 -25.0 3 -37 73.669 63.002999999999986 5
1640.0 226.94300000000007 20 1710.0 -70.0 4 -51 88.86899999999997 70.27999999999999 14
2160.0 201.59400000000002 15 2160.0 -60.0 4 -44 77.38100000000001 83.93199999999997 12
1830.0 238.324 16 1830.0 0.0 0 -58 94.051 69.64399999999999 0
1470.0 210.85899999999998 18 1470.0 0.0 0 -50 86.18499999999999 59.70199999999999 0
2060.0 250.71900000000008 21 2100.0 -40.0 5 -64 87.305 82.87999999999998 8
1620.0 224.16000000000003 21 1620.0 0.0 0 -58 83.747 65.55999999999999 0
1590.0 197.76599999999996 18 1590.0 0.0 0 -48 78.11999999999998 58.72299999999999 0
1710.0 242.64699999999996 20 1710.0 0.0 0 -67 75.008 49.672 0
1560.0 214.75599999999994 18 1560.0 0.0 0 -57 68.375 67.86999999999999 0
2190.0 276.41799999999995 24 2190.0 -45.0 6 -67 105.95199999999998 84.70199999999998 9
1380.0 203.31499999999997 19 1380.0 0.0 0 -49 84.83799999999998 53.355999999999995 0
2520.0 265.308 19 2520.0 0.0 0 -60 101.54599999999999 102.311 0
1170.0 177.10399999999996 18 1170.0 0.0 0 -49 59.06599999999998 44.135999999999996 0
1320.0 204.23899999999998 21 1320.0 0.0 0 -47 72.76700000000001 64.86599999999999 0
1560.0 243.52099999999996 20 1560.0 0.0 0 -65 82.57600000000001 58.83800000000001 0
1440.0 177.355 16 1440.0 0.0 0 -40 61.74399999999998 61.857 0
1290.0 196.36799999999997 15 1290.0 0.0 0 -52 74.49900000000001 47.052 0
1980.0 250.3000000000001 18 1980.0 -60.0 20 -57 92.58200000000002 65.77399999999999 4
2400.0 304.20199999999994 21 2400.0 0.0 0 -68 118.31599999999999 99.04800000000004 0
1350.0 186.91900000000004 20 1350.0 0.0 0 -48 62.978 61.69899999999999 0
2310.0 244.31799999999993 17 2310.0 0.0 0 -75 65.48899999999998 83.35899999999998 0
2370.0 277.09800000000007 23 2370.0 0.0 0 -69 101.719 89.58699999999999 0
1650.0 203.34799999999996 16 1650.0 0.0 0 -44 74.94300000000003 76.94000000000001 0
1980.0 207.35799999999998 16 1980.0 0.0 0 -48 82.67099999999998 77.53399999999998 0
1260.0 192.26999999999998 17 1290.0 -30.0 4 -43 68.796 59.836000000000006 6
1830.0 279.50400000000013 24 1830.0 0.0 0 -67 95.92899999999999 75.32599999999998 0
1800.0 209.085 22 1800.0 0.0 0 -54 84.54599999999999 62.74199999999999 0
1950.0 216.469 19 1950.0 0.0 0 -52 79.43900000000001 74.11599999999997 0
1560.0 171.976 17 1560.0 0.0 0 -50 51.38399999999999 61.87399999999998 0
1470.0 185.856 16 1470.0 0.0 0 -46 64.92699999999999 58.938 0
2520.0 260.07699999999994 19 2520.0 0.0 0 -56 102.71499999999997 102.61499999999995 0
1560.0 238.33699999999993 20 1560.0 0.0 0 -55 99.085 67.97200000000002 0
1830.0 241.70200000000003 19 1830.0 0.0 0 -61 93.84800000000001 75.60499999999999 0
2190.0 292.97600000000006 21 2190.0 0.0 0 -62 119.099 98.95899999999997 0
2010.0 273.216 16 2010.0 -120.0 20 -59 97.99900000000001 81.354 12
2160.0 234.03900000000007 19 2160.0 0.0 0 -52 93.91900000000001 80.077 0
1560.0 211.63300000000004 23 1560.0 0.0 0 -60 69.03999999999999 56.55299999999998 0
1620.0 239.35999999999996 21 1620.0 0.0 0 -54 98.435 71.58899999999997 0
1590.0 174.60699999999997 16 1590.0 -60.0 8 -48 62.15999999999997 51.568 12
1910.0 200.64400000000003 14 2130.0 -220.0 18 -52 49.806 78.14900000000003 44
2250.0 243.16199999999998 19 2250.0 0.0 0 -57 104.39999999999996 77.00900000000001 0
1860.0 238.29700000000003 21 1860.0 0.0 0 -70 71.84800000000001 71.06400000000001 0
1920.0 277.46200000000005 23 1920.0 0.0 0 -59 114.52600000000001 88.35699999999997 0
1290.0 168.09399999999997 14 1290.0 0.0 0 -48 60.965999999999966 43.245999999999995 0
1770.0 244.7179999999999 17 1770.0 0.0 0 -57 98.92899999999996 64.12799999999999 0
1740.0 239.39800000000005 25 1740.0 0.0 0 -57 92.96499999999999 73.52399999999999 0
2010.0 259.1650000000001 18 2010.0 0.0 0 -52 106.11699999999999 90.96600000000001 0
1380.0 162.38400000000001 16 1410.0 -30.0 4 -47 54.01999999999999 51.388999999999996 6
1830.0 239.73499999999996 18 1830.0 0.0 0 -52 91.30199999999998 74.46600000000001 0
2220.0 263.96099999999996 19 2220.0 0.0 0 -65 98.945 87.79299999999999 0
2310.0 256.01500000000004 15 2310.0 0.0 0 -56 100.56200000000005 98.78 0
2280.0 239.18999999999997 19 2280.0 -90.0 6 -66 78.29300000000002 85.89399999999998 18
2100.0 281.76899999999995 21 2100.0 0.0 0 -69 111.655 74.74699999999999 0
1680.0 197.938 21 1680.0 0.0 0 -53 71.67699999999996 65.344 0
2490.0 289.39900000000006 17 2490.0 0.0 0 -71 104.86300000000003 96.61699999999996 0
2490.0 326.49199999999996 21 2490.0 0.0 0 -78 109.695 113.38399999999996 0
2850.0 261.76899999999995 17 2850.0 0.0 0 -68 80.754 85.46699999999998 0
1260.0 172.44399999999993 18 1260.0 0.0 0 -46 73.36099999999999 40.874 0
1590.0 229.085 15 1590.0 0.0 0 -66 60.03599999999999 60.55800000000001 0
1650.0 246.09399999999994 17 1650.0 0.0 0 -56 97.35399999999997 65.469 0
1440.0 191.47199999999995 18 1440.0 0.0 0 -45 67.569 69.98099999999998 0
1200.0 185.41700000000003 15 1200.0 -55.0 4 -48 60.507000000000005 51.270999999999994 11
1740.0 225.22 18 1740.0 0.0 0 -53 85.18299999999998 74.85300000000001 0
1680.0 256.78599999999994 17 1680.0 0.0 0 -74 81.16199999999998 68.16799999999999 0
2040.0 252.63800000000003 20 2040.0 0.0 0 -61 95.60500000000002 82.24099999999996 0
1500.0 238.081 21 1500.0 0.0 0 -68 83.57600000000001 56.92799999999999 0
1650.0 163.238 15 1650.0 0.0 0 -50 51.06599999999999 56.711 0
2340.0 309.89399999999995 24 2340.0 -40.0 5 -61 131.34000000000003 99.58300000000001 8
1770.0 202.60400000000004 17 1830.0 -60.0 4 -41 89.38500000000003 71.58500000000001 12
1140.0 173.98799999999994 15 1140.0 0.0 0 -49 66.29399999999998 40.805 0
2640.0 292.2880000000001 19 2640.0 -45.0 15 -66 107.809 102.59999999999998 3
1815.0 241.97799999999998 23 1830.0 -15.0 2 -60 89.43399999999998 70.705 3
2550.0 326.6850000000002 23 2550.0 0.0 0 -72 113.04200000000003 112.78999999999999 0
1680.0 208.665 16 1710.0 -30.0 2 -51 79.09999999999998 62.64199999999998 6
1740.0 216.78 16 1740.0 0.0 0 -62 60.864000000000004 71.83299999999997 0
1440.0 152.67600000000002 14 1440.0 0.0 0 -42 58.49899999999998 42.53599999999999 0
1875.0 246.302 19 1980.0 -105.0 14 -57 87.83500000000001 92.10000000000001 21
2970.0 334.5520000000002 16 3000.0 -30.0 4 -67 148.81800000000007 112.40599999999995 6
2040.0 250.41999999999993 21 2040.0 0.0 0 -60 89.692 85.20199999999997 0
2250.0 294.361 23 2250.0 0.0 0 -67 121.061 91.25499999999998 0
1470.0 256.42599999999993 25 1470.0 0.0 0 -64 98.44399999999997 61.443 0
1470.0 192.77700000000002 20 1470.0 0.0 0 -46 74.44800000000001 64.27399999999999 0
2700.0 295.708 16 2700.0 0.0 0 -72 99.14299999999999 111.55600000000001 0
1890.0 236.3909999999999 17 1890.0 0.0 0 -53 98.89700000000002 65.16 0
2100.0 258.21399999999994 17 2100.0 0.0 0 -61 95.822 89.76200000000001 0
2145.0 246.16699999999983 18 2220.0 -75.0 5 -69 80.61500000000001 84.959 15
1350.0 185.29599999999994 18 1350.0 0.0 0 -53 59.647 45.961999999999996 0
1290.0 168.85699999999994 18 1290.0 0.0 0 -39 68.64699999999998 49.529 0
2180.0 254.674 20 2220.0 -40.0 5 -61 99.50899999999999 84.05899999999997 8
1980.0 247.36 22 1980.0 0.0 0 -61 85.68100000000001 89.58300000000001 0
1755.0 240.27500000000003 15 1770.0 -15.0 5 -65 70.39 68.87800000000001 1
1950.0 210.568 19 1950.0 0.0 0 -50 81.03800000000001 72.841 0
2700.0 301.33699999999993 20 2700.0 0.0 0 -78 103.372 96.996 0
1650.0 222.03300000000004 15 1650.0 -100.0 8 -45 102.16600000000001 57.276 20
1470.0 193.11899999999994 16 1470.0 0.0 0 -44 83.95499999999998 57.563999999999986 0
1830.0 216.26799999999994 20 1830.0 0.0 0 -55 77.811 71.446 0
2460.0 327.98999999999995 16 2460.0 0.0 0 -73 128.22000000000003 101.94900000000004 0
2700.0 296.559 18 2700.0 -90.0 30 -71 99.79999999999998 105.98500000000003 6
3150.0 366.419 22 3150.0 0.0 0 -83 130.71599999999998 126.87599999999999 0
1500.0 202.24699999999996 18 1500.0 0.0 0 -45 82.97799999999997 65.36599999999999 0
1620.0 222.603 17 1620.0 -35.0 4 -50 104.77300000000001 49.06799999999998 7
1830.0 190.07900000000004 12 1830.0 0.0 0 -41 77.29400000000004 72.83899999999994 0
2220.0 222.302 18 2220.0 0.0 0 -61 71.17099999999999 83.53299999999999 0
1560.0 176.4869999999999 19 1560.0 0.0 0 -55 58.588999999999984 47.35 0
1170.0 209.25699999999998 18 1170.0 0.0 0 -58 69.715 49.364 0
1830.0 226.296 18 1830.0 0.0 0 -56 85.51800000000001 72.86899999999997 0
2020.0 254.54799999999997 19 2160.0 -140.0 11 -66 69.25 95.83 28
2460.0 326.775 20 2460.0 0.0 0 -76 153.96599999999998 80.082 0
1920.0 205.59799999999998 20 1920.0 0.0 0 -53 73.66099999999999 69.29699999999998 0
870.0 145.09999999999997 14 870.0 0.0 0 -38 55.37999999999998 28.428 0
960.0 163.513 15 960.0 0.0 0 -37 59.396 47.03899999999998 0
1230.0 183.84300000000005 15 1230.0 0.0 0 -49 64.907 52.06399999999999 0
1800.0 224.389 19 1800.0 0.0 0 -58 86.02399999999999 66.69500000000001 0
1780.0 188.75599999999997 16 1950.0 -195.0 15 -37 75.24699999999997 74.20899999999996 39
1770.0 181.40299999999993 16 1770.0 0.0 0 -59 70.64699999999998 45.846999999999994 0
2580.0 298.686 21 2580.0 0.0 0 -63 129.684 97.02199999999998 0
1260.0 166.77800000000005 19 1260.0 0.0 0 -49 58.07299999999999 46.522000000000006 0
2370.0 210.596 14 2370.0 0.0 0 -47 73.501 87.96000000000001 0
1860.0 187.33400000000003 13 1860.0 0.0 0 -44 69.65100000000002 70.972 0
1655.0 188.59099999999998 15 1710.0 -55.0 5 -51 65.665 65.27299999999997 11
1770.0 252.63899999999992 23 1770.0 -60.0 8 -46 112.03599999999999 83.12499999999999 12
1945.0 234.45499999999996 17 1980.0 -35.0 4 -52 85.26799999999999 76.95800000000001 7
2100.0 243.53000000000003 19 2100.0 0.0 0 -65 83.93 76.47 0
1590.0 197.678 16 1590.0 0.0 0 -45 78.28099999999999 50.746999999999986 0
1980.0 273.27600000000007 20 1980.0 0.0 0 -69 102.96399999999998 77.64300000000001 0
2400.0 260.352 18 2400.0 0.0 0 -59 88.37599999999999 101.72 0
2100.0 235.54999999999998 16 2100.0 0.0 0 -52 83.38899999999998 88.65100000000004 0
1750.0 268.201 22 1830.0 -80.0 6 -70 95.59399999999998 75.55199999999999 16
1650.0 232.52399999999997 21 1650.0 0.0 0 -53 89.056 75.146 0
1200.0 169.46299999999997 16 1200.0 0.0 0 -50 54.28899999999999 46.93 0
2880.0 287.432 19 2880.0 0.0 0 -72 97.466 102.33299999999998 0
1470.0 251.481 19 1470.0 0.0 0 -59 91.94899999999998 75.15899999999999 0
1145.0 156.937 18 1170.0 -25.0 1 -45 49.49699999999999 46.97499999999998 5
1380.0 201.31399999999996 20 1380.0 0.0 0 -57 68.18299999999998 57.47899999999999 0
2430.0 298.593 21 2430.0 0.0 0 -66 116.51699999999998 104.96200000000002 0
1590.0 192.351 16 1590.0 0.0 0 -54 58.568 60.53899999999999 0
2190.0 242.29300000000003 16 2190.0 0.0 0 -48 105.53700000000005 91.07099999999994 0
1890.0 211.27 16 1890.0 0.0 0 -61 66.15699999999998 60.69699999999998 0
1970.0 252.437 16 2100.0 -185.0 14 -61 73.672 85.477 37
1980.0 203.029 20 1980.0 0.0 0 -56 66.29799999999999 70.45899999999999 0
1740.0 263.194 17 1740.0 0.0 0 -52 104.04400000000001 87.88499999999996 0
1560.0 224.75 20 1560.0 0.0 0 -61 80.313 63.227999999999994 0
1440.0 184.39199999999994 16 1440.0 0.0 0 -44 69.66999999999999 61.17099999999999 0
1500.0 205.97799999999995 16 1500.0 0.0 0 -52 62.73199999999998 69.25800000000002 0
720.0 130.17999999999998 10 720.0 0.0 0 -35 43.298 37.57999999999999 0
1800.0 213.62499999999997 20 1800.0 0.0 0 -53 70.92899999999999 72.31099999999999 0
2460.0 342.46900000000005 20 2490.0 -30.0 4 -68 152.607 95.47599999999997 6
1980.0 277.4389999999999 23 1980.0 0.0 0 -68 103.94200000000001 85.87999999999998 0
2610.0 251.3180000000001 18 2610.0 0.0 0 -71 74.691 99.42800000000001 0
1620.0 191.96799999999996 15 1620.0 0.0 0 -52 71.704 59.68699999999998 0
2160.0 238.503 16 2160.0 0.0 0 -58 86.69799999999998 85.25700000000003 0
1650.0 211.145 16 1650.0 0.0 0 -48 80.46199999999999 70.49499999999999 0
1560.0 200.68099999999993 21 1560.0 -40.0 5 -57 61.00699999999999 57.10600000000001 8
1470.0 229.6970000000001 20 1470.0 0.0 0 -60 80.82799999999999 58.93999999999999 0
1445.0 198.45199999999997 19 1500.0 -55.0 4 -52 73.109 58.43999999999999 11
1530.0 247.949 25 1530.0 0.0 0 -63 98.68699999999998 64.457 0
1590.0 216.04999999999995 19 1590.0 0.0 0 -51 88.958 63.42699999999999 0
2280.0 240.92200000000003 23 2280.0 0.0 0 -58 90.93799999999999 78.87800000000001 0
2130.0 241.97500000000002 14 2130.0 0.0 0 -53 91.175 87.90099999999997 0
2460.0 314.28900000000004 13 2460.0 0.0 0 -74 123.15300000000003 93.839 0
2205.0 274.78599999999994 17 2220.0 -15.0 5 -68 85.954 89.128 1
1440.0 174.69099999999995 15 1440.0 0.0 0 -48 64.91499999999999 48.69400000000002 0
1830.0 217.88300000000007 20 1830.0 0.0 0 -62 69.083 66.99399999999999 0
1535.0 210.982 14 1740.0 -205.0 16 -50 66.714 76.494 41
1230.0 148.99599999999995 15 1230.0 0.0 0 -39 58.52999999999999 41.306000000000004 0
2640.0 317.704 19 2640.0 0.0 0 -66 140.48300000000006 104.74299999999995 0
1170.0 179.36800000000002 13 1230.0 -60.0 4 -43 67.156 52.14999999999998 12
2460.0 315.77 20 2460.0 0.0 0 -77 122.47400000000002 97.951 0
1725.0 219.56900000000002 21 1800.0 -75.0 5 -66 68.699 66.28099999999999 15
2010.0 246.13199999999992 19 2010.0 0.0 0 -55 105.97999999999999 81.62299999999996 0
1200.0 168.78599999999997 15 1200.0 0.0 0 -53 61.787 35.951 0
2400.0 296.566 21 2400.0 0.0 0 -86 74.792 93.784 0
1710.0 211.226 22 1710.0 0.0 0 -52 77.823 68.43799999999999 0
2340.0 289.12699999999995 18 2340.0 0.0 0 -69 119.403 80.83599999999997 0
1500.0 229.97700000000003 19 1500.0 0.0 0 -57 92.473 58.87399999999999 0
1560.0 167.17200000000003 18 1560.0 0.0 0 -49 53.93899999999999 53.835999999999984 0
2550.0 250.481 15 2550.0 0.0 0 -69 73.90499999999999 92.84900000000003 0
1800.0 211.47099999999998 17 1800.0 0.0 0 -50 84.01899999999999 69.68299999999998 0
1740.0 251.3499999999999 16 1740.0 0.0 0 -56 104.36600000000001 68.50599999999999 0
2580.0 287.528 23 2580.0 0.0 0 -73 99.69699999999999 103.93099999999998 0
1590.0 243.71399999999997 22 1590.0 0.0 0 -57 95.47799999999997 63.955999999999975 0
1740.0 231.04600000000005 19 1740.0 0.0 0 -55 89.27000000000002 71.78999999999998 0
2340.0 252.01700000000002 22 2340.0 0.0 0 -56 109.19 83.672 0
1680.0 252.64399999999992 23 1680.0 0.0 0 -57 107.29899999999996 75.69 0
1500.0 204.51100000000008 16 1500.0 -55.0 3 -39 88.53000000000003 66.71499999999997 11
1440.0 167.44599999999997 15 1440.0 0.0 0 -47 46.41499999999999 54.554 0
1505.0 180.4589999999999 16 1560.0 -55.0 4 -49 59.20599999999999 52.758999999999986 11
1440.0 216.231 16 1440.0 0.0 0 -62 74.25299999999999 47.69599999999998 0
2580.0 283.75500000000005 21 2580.0 -120.0 40 -62 111.28099999999999 98.31699999999995 8
2220.0 256.2230000000001 16 2220.0 0.0 0 -55 91.88900000000002 99.11299999999999 0
1915.0 218.636 17 1950.0 -35.0 4 -58 85.555 65.29599999999999 7
1290.0 206.83799999999997 16 1290.0 0.0 0 -56 71.28099999999999 55.814 0
2020.0 206.88000000000002 15 2100.0 -155.0 10 -56 64.898 75.93200000000003 31
2580.0 259.9390000000001 14 2580.0 0.0 0 -61 95.17300000000003 97.50699999999999 0
1770.0 268.5330000000001 18 1800.0 -30.0 2 -57 124.47100000000002 67.01899999999996 6
3030.0 318.048 17 3030.0 0.0 0 -79 116.21800000000005 111.91500000000002 0
1530.0 253.10899999999998 23 1530.0 0.0 0 -61 89.384 70.49199999999998 0
1920.0 249.32899999999992 18 1920.0 0.0 0 -68 89.33500000000002 67.41599999999995 0
1200.0 175.45599999999988 15 1200.0 0.0 0 -51 64.326 47.306999999999995 0
2100.0 260.447 18 2100.0 0.0 0 -53 107.871 85.63000000000001 0
1590.0 219.97899999999996 20 1590.0 0.0 0 -61 70.68299999999998 63.431 0
1710.0 252.60600000000008 23 1710.0 0.0 0 -63 107.30800000000002 66.737 0
2310.0 245.443 20 2310.0 0.0 0 -54 100.187 87.43799999999997 0
1580.0 205.93499999999995 19 1620.0 -40.0 5 -57 77.60399999999997 55.94399999999999 8
2070.0 286.47900000000004 23 2070.0 0.0 0 -62 110.61099999999995 85.16899999999998 0
2070.0 280.11799999999994 19 2070.0 0.0 0 -75 99.10299999999997 82.24799999999999 0
1950.0 312.69000000000005 22 1950.0 0.0 0 -68 124.39499999999998 81.88099999999999 0
1800.0 213.14800000000002 14 1800.0 0.0 0 -59 62.80899999999998 71.558 0
1500.0 238.3419999999999 18 1500.0 0.0 0 -50 107.40899999999999 65.726 0
3150.0 340.1110000000001 22 3150.0 0.0 0 -84 130.36500000000004 111.00799999999997 0
2250.0 240.88900000000007 21 2250.0 0.0 0 -61 85.80699999999997 79.06499999999997 0
1440.0 172.59999999999997 19 1440.0 0.0 0 -44 62.783999999999985 53.252 0
2310.0 229.29999999999998 21 2310.0 0.0 0 -69 72.49399999999999 72.31899999999999 0
1685.0 239.87499999999997 19 1710.0 -25.0 1 -69 81.783 61.02899999999998 5
1230.0 176.915 19 1230.0 0.0 0 -41 69.55799999999999 54.27199999999999 0
1800.0 198.383 15 1800.0 0.0 0 -50 70.441 61.36299999999999 0
2610.0 353.74700000000007 20 2610.0 0.0 0 -76 146.31200000000004 110.58899999999998 0
1770.0 208.64899999999997 18 1770.0 0.0 0 -48 86.19400000000002 70.25999999999998 0
2310.0 239.08199999999997 16 2310.0 0.0 0 -56 90.81199999999998 91.54499999999997 0
2340.0 234.67399999999998 17 2340.0 0.0 0 -68 83.34 75.23999999999998 0
1590.0 191.88099999999997 18 1590.0 0.0 0 -57 73.454 42.867000000000004 0
2070.0 245.617 19 2070.0 0.0 0 -61 101.55800000000002 72.69200000000001 0
1380.0 227.48800000000003 22 1380.0 0.0 0 -59 77.06399999999998 64.59099999999998 0
3060.0 379.84400000000016 25 3060.0 0.0 0 -92 154.13700000000006 110.90300000000002 0
2040.0 219.745 21 2100.0 -60.0 5 -56 75.98699999999998 77.65799999999997 12
1410.0 191.56099999999998 23 1410.0 0.0 0 -52 64.48999999999997 46.532999999999994 0
1500.0 185.67899999999995 19 1500.0 0.0 0 -45 68.11399999999999 60.43000000000001 0
1830.0 168.47099999999995 15 1830.0 0.0 0 -46 58.15699999999998 62.805 0
1945.0 235.32000000000005 25 2040.0 -120.0 13 -54 82.39900000000002 84.312 24
2250.0 254.786 18 2250.0 0.0 0 -61 100.38000000000002 81.16799999999999 0
1620.0 199.133 21 1620.0 0.0 0 -52 73.28199999999998 67.05299999999998 0
2250.0 257.606 17 2250.0 0.0 0 -55 108.61200000000002 80.25300000000001 0
2910.0 319.4250000000001 24 2910.0 0.0 0 -86 115.41200000000002 106.74199999999996 0
1770.0 171.97199999999998 10 1770.0 0.0 0 -50 48.75399999999997 62.05199999999998 0
1980.0 233.64199999999997 20 1980.0 0.0 0 -60 86.80799999999999 78.39999999999999 0
1980.0 239.03300000000002 22 1980.0 0.0 0 -66 83.12799999999999 69.72499999999998 0
2940.0 263.134 12 2940.0 0.0 0 -63 90.123 106.901 0
810.0 127.46099999999997 14 810.0 0.0 0 -36 39.881000000000014 33.134 0
1620.0 239.99699999999993 20 1620.0 0.0 0 -77 72.56099999999998 65.78299999999999 0
2040.0 264.11800000000005 19 2040.0 0.0 0 -79 80.03899999999999 72.841 0
1350.0 218.461 16 1350.0 0.0 0 -54 73.07599999999998 66.32199999999999 0
1200.0 205.375 19 1200.0 0.0 0 -53 71.99 52.019999999999996 0
1670.0 214.09699999999995 21 1710.0 -40.0 5 -59 73.119 66.194 8
1860.0 213.67299999999997 15 1860.0 0.0 0 -51 75.26799999999999 72.01799999999997 0
1435.0 241.716 20 1530.0 -95.0 12 -49 103.87099999999998 72.49999999999999 19
2220.0 305.0020000000002 20 2220.0 0.0 0 -76 120.33700000000003 82.895 0
2335.0 257.8830000000001 20 2400.0 -65.0 5 -59 87.77699999999999 89.31100000000002 13
2010.0 205.07899999999998 17 2010.0 0.0 0 -56 70.55799999999998 70.65699999999998 0
1890.0 237.44700000000003 18 1890.0 0.0 0 -65 73.923 74.79499999999999 0
1590.0 222.70400000000004 20 1590.0 0.0 0 -58 77.073 68.84199999999998 0
1980.0 278.82500000000005 20 1980.0 0.0 0 -66 101.31600000000006 88.38599999999997 0
1900.0 172.1719999999999 12 1950.0 -90.0 12 -40 49.79399999999999 77.06200000000003 18
1650.0 213.434 16 1650.0 0.0 0 -55 67.62899999999998 66.45000000000002 0
1680.0 224.29099999999997 17 1680.0 0.0 0 -53 99.597 51.81599999999999 0
1470.0 245.46600000000004 18 1470.0 0.0 0 -61 93.535 61.65199999999998 0
2340.0 285.154 20 2340.0 0.0 0 -74 100.722 98.10999999999999 0
1680.0 231.73100000000002 16 1770.0 -90.0 30 -71 78.25999999999999 63.775999999999975 6
1830.0 217.414 18 1830.0 -60.0 5 -54 83.68499999999997 69.20499999999997 12
3000.0 299.3790000000001 19 3000.0 0.0 0 -72 101.15 120.51700000000001 0
1710.0 221.426 16 1710.0 0.0 0 -54 88.13500000000002 70.337 0
1260.0 188.48799999999997 16 1260.0 0.0 0 -41 78.40899999999999 53.81399999999999 0
1590.0 153.113 15 1590.0 0.0 0 -31 63.52799999999999 63.27799999999999 0
2190.0 241.88799999999998 20 2310.0 -120.0 10 -56 91.57199999999997 84.12299999999999 24
2010.0 250.61999999999995 20 2010.0 0.0 0 -71 89.32 56.963999999999984 0
2610.0 287.38699999999994 18 2610.0 0.0 0 -69 97.872 104.25700000000005 0
1800.0 226.48499999999996 17 1800.0 0.0 0 -60 74.92199999999998 64.73899999999999 0
1320.0 181.7409999999999 17 1320.0 0.0 0 -54 60.37899999999998 44.525 0
1350.0 188.54899999999998 17 1350.0 0.0 0 -51 59.06300000000001 55.80099999999997 0
1285.0 183.61099999999993 18 1350.0 -65.0 4 -47 61.43199999999999 62.50199999999999 13
1650.0 217.111 19 1650.0 0.0 0 -48 83.378 79.597 0
1890.0 203.70699999999997 16 1890.0 0.0 0 -51 70.16999999999999 72.091 0
1800.0 246.288 18 1800.0 0.0 0 -62 97.62900000000002 76.26099999999997 0
1800.0 202.3690000000001 20 1800.0 -55.0 4 -49 78.686 68.247 11
1560.0 221.33700000000002 20 1560.0 0.0 0 -49 97.97799999999998 61.41 0
1890.0 229.74999999999991 18 1890.0 0.0 0 -60 86.97600000000001 69.697 0
990.0 186.02600000000004 20 990.0 0.0 0 -47 60.13100000000001 47.10799999999999 0
1920.0 214.67700000000005 20 1920.0 0.0 0 -52 84.45500000000001 77.72800000000001 0
1560.0 191.16199999999995 18 1560.0 -35.0 4 -51 58.63399999999999 61.687 7
930.0 156.26399999999995 15 930.0 0.0 0 -44 53.16299999999999 33.554 0
1410.0 205.33499999999995 18 1410.0 0.0 0 -56 76.51499999999999 55.294999999999995 0
2040.0 262.0289999999999 22 2040.0 -45.0 6 -62 90.905 85.88899999999998 9
2100.0 258.608 18 2100.0 0.0 0 -58 101.43000000000002 84.836 0
1590.0 217.24700000000007 16 1590.0 0.0 0 -53 93.51300000000002 59.252 0
2310.0 254.19000000000005 16 2310.0 0.0 0 -59 90.40300000000003 95.094 0
2970.0 324.85200000000003 20 2970.0 0.0 0 -69 140.28700000000006 115.10899999999992 0
2010.0 263.16799999999995 19 2010.0 -40.0 5 -57 111.37999999999997 81.42499999999998 8
870.0 143.46399999999997 15 870.0 0.0 0 -42 44.272999999999996 36.072 0
1470.0 214.53199999999998 17 1470.0 0.0 0 -57 83.20899999999999 55.296 0
1825.0 280.491 19 2070.0 -245.0 20 -62 98.90499999999999 85.23500000000001 49
1770.0 215.89599999999996 17 1770.0 0.0 0 -56 75.92300000000003 66.583 0
1830.0 170.86399999999995 13 1830.0 0.0 0 -53 39.77599999999999 61.45300000000003 0
1230.0 160.622 19 1230.0 0.0 0 -46 62.303999999999995 44.586 0
1500.0 191.388 17 1500.0 0.0 0 -56 80.32500000000002 44.169999999999995 0
2040.0 232.416 12 2040.0 0.0 0 -53 94.42100000000002 74.99699999999999 0
1530.0 215.144 15 1530.0 0.0 0 -49 77.385 72.03099999999998 0
1830.0 206.24899999999994 20 1830.0 0.0 0 -49 73.353 74.13199999999999 0
2160.0 286.36699999999996 20 2160.0 -45.0 15 -70 93.29199999999999 93.80300000000003 3
1980.0 250.033 17 1980.0 0.0 0 -66 83.35 76.699 0
1620.0 207.763 23 1620.0 0.0 0 -51 86.86199999999998 52.588999999999984 0
1350.0 138.34999999999997 12 1350.0 -45.0 3 -35 56.56899999999999 41.410000000000004 9
2310.0 245.89899999999992 20 2310.0 0.0 0 -70 69.40599999999999 92.41199999999999 0
1530.0 192.20100000000002 17 1530.0 0.0 0 -50 79.98300000000002 53.729999999999976 0
2310.0 260.0179999999999 22 2310.0 -105.0 35 -64 104.11099999999998 87.14099999999998 7
2070.0 242.12499999999997 24 2070.0 0.0 0 -53 97.75199999999998 89.58899999999998 0
2550.0 303.01800000000003 22 2550.0 0.0 0 -67 117.75599999999997 98.82799999999999 0
1440.0 166.08799999999997 14 1440.0 0.0 0 -42 60.708 54.00399999999999 0
1895.0 218.91299999999998 16 1920.0 -25.0 1 -56 72.62299999999999 74.822 5
1590.0 227.75700000000003 21 1590.0 0.0 0 -54 94.169 60.382999999999996 0
1230.0 194.99899999999994 19 1230.0 0.0 0 -50 67.833 55.77400000000001 0
1830.0 241.10699999999989 16 1830.0 0.0 0 -52 96.99799999999998 82.83399999999999 0
1980.0 238.53800000000004 18 1980.0 0.0 0 -55 94.169 78.12799999999997 0
1710.0 234.03999999999996 18 1710.0 0.0 0 -57 86.589 75.813 0
1950.0 212.3239999999999 17 1950.0 0.0 0 -68 54.67899999999999 69.216 0
1380.0 175.296 19 1380.0 0.0 0 -46 67.46099999999998 47.45299999999999 0
1920.0 262.42500000000007 20 1920.0 0.0 0 -64 123.242 61.748999999999995 0
1885.0 252.04400000000004 21 1920.0 -35.0 4 -58 116.36499999999997 65.94099999999996 7
1380.0 219.18099999999993 16 1380.0 0.0 0 -47 94.248 57.45100000000002 0
2120.0 237.08700000000005 18 2160.0 -40.0 5 -63 71.532 92.20699999999997 8
1740.0 183.381 19 1740.0 -110.0 9 -49 65.26599999999999 55.933 22
830.0 718.863 11 1980.0 -1150.0 23 -48 75.96299999999998 75.78099999999999 230
2490.0 271.93799999999993 18 2490.0 0.0 0 -67 95.94300000000003 68.50099999999998 0
1140.0 207.344 19 1140.0 0.0 0 -61 74.84799999999998 43.928000000000004 0
2310.0 286.963 20 2310.0 0.0 0 -71 122.798 76.51299999999998 0
1980.0 252.72900000000004 21 1980.0 0.0 0 -74 67.822 82.49899999999997 0
1590.0 229.41599999999988 16 1590.0 0.0 0 -55 92.91499999999999 58.704999999999984 0
1350.0 203.00399999999996 13 1350.0 0.0 0 -47 92.27500000000002 51.16599999999999 0
2070.0 232.64299999999994 19 2070.0 0.0 0 -56 87.329 83.482 0
1800.0 240.97999999999993 16 1800.0 0.0 0 -63 86.31900000000002 73.40799999999999 0
2070.0 236.42100000000002 14 2070.0 0.0 0 -58 87.22100000000005 74.20399999999998 0
1470.0 181.62099999999995 16 1470.0 0.0 0 -56 51.05799999999999 50.03899999999999 0
1740.0 191.72799999999998 17 1740.0 -65.0 5 -58 60.501000000000005 58.51699999999999 13
2580.0 354.02099999999984 18 2580.0 0.0 0 -77 146.60499999999996 111.37200000000001 0
1650.0 229.39299999999992 17 1860.0 -220.0 36 -65 73.814 62.36299999999998 22
1830.0 246.81900000000005 22 1830.0 0.0 0 -66 93.69999999999999 64.564 0
2250.0 263.18399999999986 19 2250.0 0.0 0 -72 85.02299999999998 80.13300000000001 0
1275.0 177.16999999999996 18 1320.0 -45.0 3 -41 66.88999999999999 55.77399999999999 9
2250.0 276.13700000000006 17 2250.0 0.0 0 -64 118.46400000000006 81.93199999999997 0
1770.0 211.41399999999993 14 1770.0 0.0 0 -52 75.53699999999999 69.70599999999999 0
1270.0 185.89099999999996 14 1290.0 -20.0 1 -55 62.94300000000001 50.034 4
1650.0 249.05899999999997 16 1650.0 0.0 0 -54 104.49400000000001 76.71499999999996 0
1950.0 216.386 16 1950.0 0.0 0 -56 72.85000000000001 75.00999999999999 0
2820.0 306.4130000000001 18 2820.0 0.0 0 -72 121.80100000000003 114.92799999999995 0
2790.0 296.1740000000001 20 2790.0 0.0 0 -72 117.56500000000004 98.57999999999997 0
2070.0 279.11699999999996 22 2070.0 -15.0 5 -62 95.39999999999998 99.26499999999997 1
1500.0 222.612 21 1500.0 0.0 0 -58 86.87599999999998 53.27299999999999 0
1620.0 228.41400000000002 18 1680.0 -60.0 5 -54 90.743 63.574999999999974 12
2250.0 202.54500000000004 12 2250.0 0.0 0 -53 54.71099999999999 81.995 0
1380.0 191.754 15 1380.0 0.0 0 -39 94.06800000000001 51.936 0
2535.0 283.3360000000001 20 2610.0 -75.0 6 -68 110.12100000000005 93.03299999999997 15
1920.0 217.86300000000003 12 1920.0 0.0 0 -58 65.08899999999998 81.617 0
2160.0 240.72299999999996 15 2160.0 0.0 0 -50 94.48799999999999 87.15700000000001 0
1770.0 218.05699999999993 16 1770.0 0.0 0 -58 78.54700000000001 69.96799999999998 0
1590.0 193.73 18 1590.0 0.0 0 -57 61.49299999999998 48.34599999999999 0
930.0 128.20199999999997 11 930.0 0.0 0 -43 40.713 35.827 0
2640.0 289.236 19 2640.0 0.0 0 -66 111.72400000000002 104.37999999999995 0
1770.0 221.06199999999995 13 1770.0 0.0 0 -53 94.09500000000004 66.62599999999999 0
1800.0 218.18200000000004 19 1800.0 0.0 0 -64 71.897 68.42099999999999 0
1740.0 176.114 18 1740.0 0.0 0 -45 54.04200000000002 60.19099999999999 0
1775.0 185.42699999999996 14 1800.0 -125.0 9 -48 53.079 73.66899999999998 25
2010.0 286.496 24 2010.0 0.0 0 -70 98.63199999999996 88.43299999999998 0
2280.0 258.77500000000003 20 2280.0 0.0 0 -57 96.20899999999999 92.45799999999998 0
2490.0 269.07199999999995 17 2490.0 0.0 0 -58 102.56700000000001 100.85300000000002 0
1620.0 200.77700000000007 19 1620.0 0.0 0 -53 68.11599999999999 66.329 0
1620.0 200.26399999999998 21 1620.0 -70.0 4 -51 76.93900000000001 61.25499999999999 14
1680.0 296.44800000000004 26 1680.0 0.0 0 -65 120.78799999999998 88.213 0
2340.0 209.71300000000002 18 2340.0 0.0 0 -55 64.22399999999998 81.86 0
2475.0 291.4819999999999 19 2520.0 -45.0 6 -68 106.89099999999998 95.85300000000001 9
1885.0 270.20099999999996 21 1920.0 -35.0 4 -57 134.74999999999997 66.45199999999996 7
2370.0 255.43699999999998 12 2370.0 0.0 0 -53 113.93200000000002 91.644 0
1920.0 240.59499999999989 21 1920.0 0.0 0 -68 75.01099999999998 74.79399999999998 0
1620.0 238.752 17 1620.0 0.0 0 -57 84.09199999999998 80.547 0
2125.0 228.1000000000001 14 2160.0 -35.0 4 -53 90.14399999999999 78.18699999999997 7
1680.0 253.38600000000008 19 1680.0 0.0 0 -58 103.11400000000002 75.62099999999998 0
895.0 175.231 18 960.0 -65.0 4 -48 68.87499999999999 33.32599999999999 13
1930.0 215.3519999999999 20 1950.0 -20.0 1 -56 74.19299999999998 58.19 4
1590.0 263.53900000000004 18 1590.0 0.0 0 -70 100.91199999999999 66.07600000000001 0
1710.0 200.48699999999997 18 1710.0 0.0 0 -61 62.819999999999986 51.858999999999995 0
1470.0 238.136 17 1470.0 0.0 0 -57 107.58900000000001 46.51900000000002 0
1050.0 170.35699999999997 15 1110.0 -60.0 4 -43 56.056999999999995 59.45400000000001 12
1560.0 217.16800000000003 16 1560.0 0.0 0 -54 85.37200000000001 63.446000000000005 0
1590.0 214.22100000000003 17 1590.0 0.0 0 -47 86.665 77.11799999999997 0
1560.0 277.77500000000015 19 1560.0 0.0 0 -63 114.97899999999998 71.881 0
1380.0 186.54599999999994 19 1380.0 0.0 0 -46 69.70699999999998 55.381999999999984 0
2280.0 317.5859999999999 18 2280.0 0.0 0 -77 122.565 98.64599999999999 0
2250.0 267.204 23 2250.0 -150.0 25 -60 98.82400000000004 96.42399999999998 15
1230.0 144.56099999999998 14 1230.0 0.0 0 -38 43.952000000000005 50.13299999999999 0
1500.0 149.77099999999996 14 1500.0 0.0 0 -44 51.184 44.97099999999998 0
1410.0 248.99599999999995 20 1410.0 0.0 0 -55 93.62400000000002 73.389 0
1710.0 182.36299999999997 18 1710.0 0.0 0 -50 64.59199999999998 54.411 0
1995.0 221.245 21 2040.0 -45.0 6 -64 77.244 71.36099999999998 9
1350.0 228.51399999999995 19 1350.0 0.0 0 -57 86.65699999999997 59.69199999999999 0
1830.0 199.40800000000002 16 1830.0 0.0 0 -46 74.997 77.57799999999997 0
1950.0 223.78699999999995 21 1950.0 0.0 0 -62 80.28900000000002 71.333 0
1950.0 186.33700000000002 16 1950.0 -60.0 5 -55 63.17700000000001 60.02599999999999 12
1810.0 232.356 20 1920.0 -110.0 9 -53 95.94900000000001 74.11500000000002 22
1710.0 242.609 16 1710.0 0.0 0 -58 90.45200000000003 76.05499999999999 0
1255.0 206.31 18 1290.0 -35.0 4 -49 79.39199999999995 62.04499999999999 7
1410.0 250.4729999999999 17 1410.0 0.0 0 -55 93.65299999999999 71.94599999999998 0
1530.0 226.93699999999995 19 1530.0 0.0 0 -58 85.30899999999995 58.995000000000005 0
1440.0 197.33799999999997 18 1440.0 0.0 0 -48 75.938 40.28499999999999 0
2580.0 251.45599999999996 18 2580.0 0.0 0 -61 97.27499999999999 94.66299999999997 0
1770.0 242.80599999999993 15 2070.0 -300.0 15 -55 77.14899999999997 93.96900000000001 60
2580.0 306.0050000000001 23 2580.0 0.0 0 -78 88.858 116.09600000000002 0
2040.0 283.756 24 2040.0 0.0 0 -81 105.44500000000001 65.08099999999999 0
2190.0 252.33200000000002 22 2190.0 0.0 0 -67 86.91499999999999 80.43599999999998 0
1190.0 183.57599999999996 14 1260.0 -70.0 4 -48 66.53799999999998 53.567999999999984 14
1950.0 221.64399999999998 20 1950.0 0.0 0 -52 92.698 75.10999999999999 0
1710.0 222.48199999999997 20 1710.0 0.0 0 -60 74.28899999999999 71.838 0
1620.0 197.32500000000005 18 1620.0 0.0 0 -48 70.92799999999998 64.519 0
2190.0 215.82500000000002 17 2190.0 0.0 0 -53 77.36400000000003 65.74199999999999 0
1890.0 251.163 22 1890.0 0.0 0 -58 108.14000000000001 66.202 0
2070.0 268.3890000000001 18 2070.0 0.0 0 -73 96.53400000000002 78.86999999999999 0
2190.0 226.05800000000002 16 2190.0 0.0 0 -66 67.055 74.13 0
1855.0 237.047 18 1890.0 -35.0 4 -51 95.61 73.79899999999996 7
1590.0 200.49499999999992 18 1590.0 0.0 0 -53 70.16699999999997 63.581 0
1890.0 281.26900000000006 17 1890.0 0.0 0 -60 120.14899999999999 79.745 0
1590.0 214.13400000000001 20 1590.0 0.0 0 -48 84.75899999999999 63.880999999999986 0
2430.0 302.06299999999993 19 2430.0 0.0 0 -82 102.746 86.96199999999999 0
2460.0 309.10800000000006 18 2460.0 0.0 0 -73 121.08200000000001 88.04299999999999 0
1710.0 251.45199999999994 21 1770.0 -60.0 5 -56 105.38999999999996 76.983 12
2160.0 237.925 17 2160.0 0.0 0 -51 93.24399999999999 81.47299999999997 0
2250.0 220.22999999999996 19 2250.0 0.0 0 -72 60.228999999999985 74.24899999999998 0
1830.0 250.97400000000005 18 2040.0 -210.0 17 -67 66.369 83.77100000000002 42
1650.0 257.60699999999997 21 1650.0 0.0 0 -67 94.19299999999997 69.624 0
2310.0 278.57800000000003 21 2310.0 0.0 0 -62 107.01099999999995 100.97899999999998 0
840.0 160.38599999999994 16 840.0 0.0 0 -38 57.93299999999999 39.742999999999995 0
1590.0 214.48999999999995 19 1590.0 -90.0 12 -46 88.36599999999999 65.95599999999999 18
2520.0 256.4030000000001 16 2520.0 -120.0 40 -58 115.73100000000005 78.11599999999996 8
1740.0 221.59800000000004 19 1740.0 0.0 0 -55 78.25200000000005 72.72299999999998 0
2280.0 259.466 20 2520.0 -290.0 48 -61 107.59299999999999 84.559 29
1740.0 235.83799999999997 17 1740.0 0.0 0 -58 85.778 69.14499999999998 0
2160.0 265.95799999999997 20 2160.0 0.0 0 -59 107.344 89.88399999999999 0
2220.0 256.07099999999997 18 2220.0 -35.0 4 -59 94.05400000000003 87.35699999999997 7
1560.0 169.28400000000002 13 1560.0 0.0 0 -45 64.62300000000002 58.51999999999996 0
1980.0 261.495 21 1980.0 0.0 0 -75 89.029 73.78300000000002 0
1530.0 175.13700000000003 15 1620.0 -90.0 10 -37 73.04599999999998 64.87199999999999 18
1230.0 151.97599999999997 13 1230.0 0.0 0 -44 47.907 46.890999999999984 0
2850.0 260.991 19 2850.0 0.0 0 -66 94.975 95.47799999999998 0
2250.0 259.073 20 2250.0 0.0 0 -65 101.471 70.1 0
1350.0 153.96599999999998 15 1350.0 0.0 0 -55 41.94800000000001 41.379999999999995 0
1710.0 250.18100000000004 19 1710.0 0.0 0 -54 105.93799999999999 75.05799999999998 0
1410.0 178.785 15 1410.0 0.0 0 -38 67.853 64.787 0
2940.0 309.06300000000005 19 2940.0 0.0 0 -72 112.49500000000002 114.21799999999999 0
1260.0 187.636 19 1260.0 0.0 0 -51 59.346 55.450999999999986 0
2220.0 264.95500000000004 18 2220.0 0.0 0 -67 109.20200000000001 83.20299999999997 0
1650.0 213.48999999999998 19 1650.0 0.0 0 -60 65.50699999999999 66.874 0
1890.0 216.507 19 1890.0 0.0 0 -51 79.30199999999999 79.22899999999996 0
2005.0 267.5849999999999 23 2040.0 -35.0 4 -55 99.37499999999999 88.604 7
1535.0 236.474 20 1560.0 -25.0 1 -60 80.51499999999999 69.43799999999999 5
1590.0 212.433 13 1590.0 0.0 0 -44 94.561 60.483999999999995 0
2100.0 225.604 19 2100.0 0.0 0 -56 87.66199999999999 79.33099999999999 0
1530.0 193.31899999999993 20 1530.0 0.0 0 -49 69.94199999999998 59.10999999999999 0
1680.0 218.34900000000002 19 1680.0 0.0 0 -56 75.41499999999998 67.29499999999997 0
1890.0 209.05099999999996 16 1890.0 0.0 0 -61 67.14399999999998 69.44699999999996 0
2400.0 277.48300000000006 19 2400.0 0.0 0 -72 98.14399999999999 93.40999999999997 0
1830.0 267.35200000000003 23 1830.0 0.0 0 -58 119.78699999999998 70.16399999999999 0
2395.0 308.64899999999994 21 2460.0 -65.0 4 -70 123.805 94.73299999999999 13
1980.0 216.55400000000003 17 1980.0 -70.0 4 -50 73.726 78.88599999999998 14
1800.0 262.96100000000007 19 1800.0 0.0 0 -66 94.567 75.24799999999999 0
1560.0 182.57999999999996 15 1560.0 0.0 0 -50 67.667 54.588 0
3120.0 319.24000000000007 20 3120.0 0.0 0 -73 120.03600000000003 124.71499999999997 0
2310.0 284.274 18 2310.0 0.0 0 -76 103.09 91.84899999999999 0
1260.0 200.48 17 1260.0 0.0 0 -47 75.85599999999998 49.791000000000004 0
1650.0 213.90500000000003 16 1650.0 0.0 0 -52 85.09199999999998 65.78399999999999 0
2340.0 261.1849999999999 20 2370.0 -30.0 4 -65 97.32000000000002 86.68499999999997 6
2790.0 313.65999999999997 19 2790.0 0.0 0 -64 138.53200000000004 109.98399999999998 0
1830.0 292.589 25 1830.0 0.0 0 -66 115.10999999999999 81.46399999999997 0
1290.0 167.70599999999996 16 1290.0 0.0 0 -48 59.536 47.21799999999998 0
2550.0 300.01 16 2550.0 0.0 0 -66 128.59000000000003 94.325 0
2010.0 257.42699999999996 21 2010.0 0.0 0 -63 93.86399999999999 77.64399999999999 0
1800.0 210.74300000000002 22 1800.0 0.0 0 -54 83.97299999999998 65.268 0
1950.0 249.295 18 1950.0 0.0 0 -64 84.913 73.809 0
1440.0 247.75099999999998 22 1440.0 0.0 0 -61 93.436 66.29799999999999 0
1560.0 208.2289999999999 18 1560.0 0.0 0 -51 77.70200000000001 67.11199999999998 0
1560.0 202.66900000000004 22 1560.0 0.0 0 -54 64.20699999999998 69.61799999999998 0
2010.0 243.613 24 2010.0 0.0 0 -56 92.97099999999995 79.48500000000001 0
1920.0 274.89900000000006 21 1920.0 0.0 0 -68 108.90599999999995 80.351 0
2250.0 264.27500000000003 19 2250.0 0.0 0 -50 127.51300000000002 89.64299999999997 0
1860.0 213.01799999999997 18 1860.0 0.0 0 -59 69.22599999999998 71.609 0
1560.0 193.617 23 1560.0 0.0 0 -56 67.99899999999995 51.087999999999994 0
1020.0 164.089 15 1080.0 -60.0 4 -41 54.72099999999998 47.07499999999999 12
1260.0 183.02299999999994 16 1260.0 0.0 0 -46 68.352 53.04499999999999 0
2010.0 211.89999999999995 16 2010.0 0.0 0 -57 62.261999999999986 80.456 0
2400.0 244.5190000000001 20 2400.0 -70.0 9 -52 96.97100000000002 95.19099999999997 14
1530.0 243.17 22 1530.0 0.0 0 -59 95.27999999999997 64.41600000000001 0
1710.0 233.79900000000004 16 1710.0 0.0 0 -54 90.15300000000002 71.55699999999997 0
1620.0 242.806 20 1620.0 0.0 0 -59 86.09199999999998 69.19999999999997 0
2250.0 273.5679999999999 21 2250.0 0.0 0 -76 90.329 90.64799999999998 0
1860.0 233.26700000000008 20 1860.0 0.0 0 -60 85.52900000000001 66.36999999999999 0
1860.0 222.99399999999991 19 1860.0 0.0 0 -58 78.94800000000001 71.64299999999999 0
1860.0 189.41800000000003 18 1860.0 0.0 0 -48 70.01100000000001 71.31599999999996 0
1890.0 264.437 19 1890.0 0.0 0 -74 93.32499999999999 77.443 0
1860.0 215.7899999999999 18 1860.0 0.0 0 -45 103.55900000000001 60.81899999999999 0
1650.0 199.95699999999997 20 1650.0 0.0 0 -49 76.009 62.349999999999994 0
2220.0 262.16900000000004 16 2220.0 0.0 0 -57 106.89500000000002 88.77799999999998 0
2460.0 269.2129999999999 17 2640.0 -180.0 60 -64 105.00400000000003 92.90400000000002 12
1890.0 243.12200000000004 19 1890.0 0.0 0 -62 95.783 75.21999999999998 0
2010.0 251.62099999999998 17 2010.0 0.0 0 -54 96.04900000000002 82.96200000000002 0
2340.0 281.1880000000001 18 2340.0 0.0 0 -60 126.11100000000003 90.54499999999994 0
2040.0 229.27299999999997 14 2040.0 0.0 0 -64 80.85200000000002 74.85899999999998 0
1410.0 198.705 18 1410.0 0.0 0 -55 71.076 60.55199999999999 0
1560.0 213.928 16 1560.0 0.0 0 -55 58.499999999999986 69.84300000000002 0
1740.0 230.146 20 1740.0 0.0 0 -53 98.03500000000001 67.12699999999998 0
2220.0 258.82300000000004 19 2220.0 0.0 0 -60 93.84599999999998 91.65999999999997 0
1790.0 251.26099999999997 17 1830.0 -40.0 5 -59 88.44799999999998 85.13300000000001 8
1230.0 177.41599999999997 16 1230.0 0.0 0 -48 59.16899999999999 48.443 0
1590.0 195.05099999999993 18 1590.0 0.0 0 -50 74.50899999999999 58.03599999999999 0
2130.0 245.835 18 2190.0 -60.0 5 -53 98.60400000000001 84.768 12
1590.0 198.71599999999995 16 1590.0 0.0 0 -37 76.432 75.82000000000001 0
1620.0 223.51799999999997 22 1620.0 0.0 0 -56 72.35699999999997 75.905 0
2580.0 253.1569999999999 23 2580.0 -45.0 6 -69 89.12500000000001 85.576 9
1345.0 221.53400000000005 17 1410.0 -65.0 4 -59 69.553 61.49999999999999 13
1710.0 224.32199999999997 18 1710.0 0.0 0 -53 81.83699999999999 68.32 0
1740.0 234.17099999999994 19 1740.0 0.0 0 -58 80.68299999999999 77.62499999999999 0
2220.0 271.478 20 2250.0 -30.0 5 -66 101.139 83.899 3
2340.0 265.724 17 2340.0 0.0 0 -63 106.16200000000002 86.116 0
1800.0 214.48299999999995 21 1800.0 0.0 0 -55 84.12899999999999 65.83299999999998 0
2700.0 272.2510000000001 19 2700.0 0.0 0 -59 111.527 104.85199999999999 0
2130.0 281.11300000000006 17 2130.0 0.0 0 -64 118.55200000000002 80.349 0
2160.0 213.57399999999996 17 2160.0 0.0 0 -59 86.16000000000001 65.633 0
1800.0 193.856 18 1800.0 0.0 0 -46 70.28899999999997 69.16999999999999 0
1050.0 166.384 17 1050.0 0.0 0 -42 60.98499999999999 43.056999999999995 0
1830.0 234.23 19 1830.0 0.0 0 -67 80.13499999999999 67.60300000000001 0
2370.0 268.81999999999994 19 2370.0 0.0 0 -58 118.346 93.58799999999998 0
2340.0 296.30800000000005 23 2340.0 0.0 0 -64 118.75799999999997 96.56599999999999 0
2070.0 268.06699999999995 21 2070.0 0.0 0 -74 101.70700000000001 70.139 0
1740.0 211.10699999999997 17 1740.0 0.0 0 -54 78.59700000000001 66.15699999999997 0
1860.0 197.445 18 1860.0 -35.0 4 -50 65.785 64.53699999999999 7
1200.0 192.39900000000003 13 1200.0 0.0 0 -33 83.94200000000002 66.40699999999997 0
1260.0 162.70699999999997 15 1260.0 0.0 0 -45 58.22999999999999 43.821999999999996 0
2550.0 260.7939999999999 20 2550.0 0.0 0 -66 91.66799999999998 84.974 0
960.0 168.27199999999996 14 960.0 0.0 0 -47 54.01599999999998 41.99799999999999 0
2220.0 232.74 16 2220.0 -120.0 20 -61 71.33999999999997 82.62199999999997 12
1605.0 232.662 17 1680.0 -75.0 5 -63 71.46499999999997 70.81300000000002 15
1320.0 192.75099999999998 17 1320.0 0.0 0 -48 70.70599999999999 57.550000000000004 0
1280.0 192.87400000000005 14 1380.0 -180.0 14 -42 66.18199999999999 60.412000000000006 36
1765.0 210.94799999999995 17 1800.0 -35.0 4 -51 75.73299999999999 70.25400000000002 7
1740.0 220.72899999999998 23 1740.0 0.0 0 -56 79.74699999999999 55.314 0
1170.0 150.44599999999997 14 1170.0 0.0 0 -46 40.10499999999999 41.01999999999998 0
1530.0 202.02900000000002 16 1530.0 0.0 0 -45 77.252 70.56899999999999 0
1830.0 250.23399999999998 14 1830.0 0.0 0 -52 118.94700000000003 65.326 0
1710.0 212.44199999999995 16 1710.0 0.0 0 -58 81.81499999999998 63.44199999999999 0
2100.0 237.13000000000005 19 2100.0 0.0 0 -60 74.84599999999999 83.12999999999998 0
2070.0 186.20600000000002 16 2070.0 0.0 0 -49 72.68799999999999 63.916 0
1680.0 209.656 13 1680.0 0.0 0 -51 73.92100000000002 69.98799999999999 0
1560.0 212.30700000000013 19 1740.0 -280.0 46 -50 67.25899999999999 69.89 28
1870.0 218.6599999999999 22 1920.0 -50.0 4 -49 76.33099999999999 74.11299999999999 10
1740.0 212.43600000000004 17 1740.0 0.0 0 -53 72.40800000000003 72.35599999999998 0
1530.0 193.95499999999998 15 1530.0 0.0 0 -51 65.012 53.32699999999999 0
1590.0 153.23499999999999 17 1590.0 0.0 0 -44 50.46199999999999 50.727 0
1980.0 240.59199999999998 18 1980.0 0.0 0 -59 78.05099999999997 88.51299999999995 0
1860.0 189.30499999999995 14 1860.0 0.0 0 -52 58.196000000000005 70.23999999999997 0
1410.0 217.91599999999997 20 1410.0 0.0 0 -57 79.88499999999999 57.65199999999998 0
1675.0 210.10599999999997 19 1710.0 -35.0 4 -50 81.088 65.68300000000002 7
1920.0 215.844 12 1920.0 0.0 0 -53 71.56199999999998 78.83399999999999 0
1440.0 214.00900000000007 24 1440.0 0.0 0 -54 72.24300000000001 65.72 0
2400.0 275.33800000000014 20 2400.0 0.0 0 -72 97.627 92.13300000000004 0
3390.0 322.921 16 3390.0 0.0 0 -77 133.97400000000005 116.83699999999999 0
1860.0 221.55400000000003 19 1860.0 0.0 0 -57 74.74 78.298 0
1830.0 215.36400000000003 17 1830.0 0.0 0 -53 79.629 67.87499999999999 0
1500.0 232.638 19 1500.0 0.0 0 -60 84.14599999999999 65.591 0
1530.0 197.15799999999993 16 1530.0 0.0 0 -44 79.49299999999998 61.952 0
1800.0 202.041 19 1800.0 0.0 0 -46 72.517 72.08200000000001 0
1140.0 178.77500000000003 17 1140.0 0.0 0 -52 61.29499999999999 42.563 0
1740.0 238.37499999999991 18 1740.0 0.0 0 -61 86.587 72.80699999999997 0
1800.0 235.59299999999993 18 1800.0 0.0 0 -71 68.02199999999998 69.618 0
2400.0 291.053 23 2400.0 0.0 0 -75 115.42000000000002 81.92699999999999 0
1260.0 176.3319999999999 17 1320.0 -60.0 8 -48 61.39699999999999 54.34099999999999 12
2040.0 238.94900000000004 21 2040.0 0.0 0 -60 86.066 74.618 0
2190.0 280.57699999999994 21 2190.0 0.0 0 -57 132.92700000000002 87.66099999999996 0
1560.0 226.98599999999996 23 1560.0 0.0 0 -61 85.50199999999998 63.22299999999998 0
2550.0 251.2120000000001 20 2550.0 0.0 0 -61 94.172 94.14200000000002 0
1920.0 214.83599999999996 18 1920.0 0.0 0 -46 81.94 80.06199999999998 0
1540.0 220.383 18 1650.0 -110.0 9 -51 90.27399999999997 72.89400000000002 22
1260.0 181.08499999999995 16 1260.0 0.0 0 -42 67.52099999999999 55.642999999999994 0
1380.0 243.41899999999995 23 1380.0 0.0 0 -59 88.71200000000002 69.82199999999999 0
2430.0 249.28899999999996 16 2430.0 0.0 0 -64 88.13799999999998 94.653 0
1410.0 204.54500000000002 19 1410.0 0.0 0 -57 66.86299999999999 50.574 0
1560.0 217.26299999999998 16 1560.0 0.0 0 -55 80.82300000000001 70.628 0
2490.0 332.28499999999997 22 2490.0 0.0 0 -74 138.091 104.44699999999999 0
1400.0 247.30200000000005 22 1470.0 -100.0 13 -55 92.84099999999998 68.66000000000001 20
900.0 151.54199999999997 14 900.0 0.0 0 -46 51.306 32.467 0
1770.0 178.296 15 1770.0 0.0 0 -43 66.88600000000002 72.93399999999995 0
1860.0 253.36800000000005 23 1860.0 0.0 0 -76 78.94499999999996 63.013999999999996 0
1620.0 228.58799999999997 23 1620.0 0.0 0 -65 67.33099999999997 66.45000000000002 0
1860.0 236.354 21 1860.0 0.0 0 -55 95.81099999999999 73.509 0
1110.0 162.28899999999996 16 1110.0 0.0 0 -48 47.749999999999986 45.749 0
2640.0 246.81699999999998 17 2640.0 0.0 0 -57 75.55599999999998 101.169 0
2610.0 247.496 18 2610.0 0.0 0 -58 106.17500000000001 85.13799999999995 0
1560.0 204.55 20 1560.0 0.0 0 -53 68.149 60.16799999999999 0
2310.0 265.573 18 2310.0 0.0 0 -62 98.475 92.44699999999999 0
2100.0 234.899 17 2100.0 0.0 0 -57 82.60699999999999 83.21800000000002 0
2010.0 264.2610000000001 19 2010.0 0.0 0 -62 100.14199999999998 85.40899999999999 0
1560.0 211.323 15 1560.0 0.0 0 -56 72.04800000000002 64.3 0
3150.0 279.651 19 3150.0 0.0 0 -70 109.30100000000003 103.57799999999995 0
2190.0 260.562 20 2190.0 0.0 0 -68 90.57299999999996 84.876 0
1755.0 282.8510000000001 21 1830.0 -75.0 5 -63 110.43499999999997 81.44299999999997 15
1770.0 216.88900000000004 20 1770.0 -55.0 4 -54 75.95599999999999 72.98199999999997 11
2400.0 378.9059999999998 24 2400.0 -45.0 6 -75 169.82000000000002 99.92299999999997 9
1500.0 251.52399999999997 21 1500.0 0.0 0 -67 93.44499999999996 62.666 0
1830.0 245.58799999999994 21 1830.0 0.0 0 -68 96.12 57.400999999999996 0
1710.0 256.65700000000004 23 1710.0 0.0 0 -58 94.398 81.12199999999999 0
1860.0 237.415 15 1860.0 0.0 0 -54 86.44399999999999 84.30999999999996 0
1860.0 234.88200000000006 19 1860.0 0.0 0 -59 89.00600000000003 57.83699999999998 0
1650.0 228.15599999999998 21 1650.0 0.0 0 -59 92.90599999999998 61.65499999999998 0
1890.0 232.0 18 1890.0 0.0 0 -53 91.378 72.25299999999999 0
2550.0 275.78599999999994 24 2550.0 -45.0 15 -59 106.98999999999997 102.82399999999997 3
1930.0 220.79000000000005 18 1980.0 -95.0 7 -46 74.043 90.18799999999995 19
2070.0 225.91400000000004 20 2070.0 0.0 0 -63 73.499 78.07800000000003 0
1110.0 179.05499999999995 17 1110.0 0.0 0 -52 55.31299999999999 49.18000000000001 0
1260.0 201.97199999999998 19 1260.0 0.0 0 -56 60.89099999999998 59.08 0
1620.0 214.02899999999997 16 1620.0 0.0 0 -59 71.757 60.419000000000025 0
1200.0 186.988 16 1200.0 0.0 0 -56 68.661 44.342999999999996 0
1230.0 188.48400000000007 19 1260.0 -30.0 4 -47 65.80399999999999 54.437999999999995 6
1530.0 205.10100000000003 17 1530.0 0.0 0 -54 78.81200000000001 58.09499999999998 0
2730.0 278.303 20 2730.0 0.0 0 -70 104.13599999999998 97.726 0
2490.0 289.556 20 2490.0 0.0 0 -72 92.25699999999996 97.78599999999999 0
1980.0 254.08999999999997 20 1980.0 0.0 0 -61 100.878 75.87699999999998 0
2100.0 318.73 22 2100.0 0.0 0 -86 102.13599999999997 87.65200000000003 0
1920.0 177.525 15 1920.0 -165.0 4 -45 54.61199999999999 67.57700000000003 33
2095.0 251.426 20 2160.0 -65.0 5 -61 89.236 82.20099999999998 13
2070.0 247.59900000000002 20 2070.0 0.0 0 -68 80.973 82.89999999999999 0
1920.0 204.19699999999997 16 1920.0 0.0 0 -57 82.29 61.05099999999998 0
2400.0 306.756 20 2400.0 0.0 0 -74 122.34599999999999 91.61899999999999 0
2250.0 255.11800000000002 19 2250.0 0.0 0 -71 78.312 88.134 0
2070.0 243.532 14 2070.0 0.0 0 -59 78.145 87.33599999999996 0
2060.0 255.40500000000006 21 2100.0 -40.0 5 -62 107.85100000000001 74.11799999999998 8
1650.0 209.91399999999993 16 1650.0 0.0 0 -47 80.41599999999998 69.29199999999997 0
2610.0 277.29999999999995 22 2610.0 0.0 0 -70 100.11899999999996 92.771 0
1680.0 217.56099999999998 16 1680.0 0.0 0 -51 85.333 70.226 0
1650.0 247.47799999999992 19 1650.0 0.0 0 -69 86.94599999999997 60.399999999999984 0
1770.0 234.55599999999995 22 1770.0 0.0 0 -58 75.26599999999999 77.03399999999999 0
1170.0 218.58100000000002 20 1170.0 0.0 0 -58 83.08999999999997 48.654999999999994 0
1830.0 240.48400000000007 17 1830.0 0.0 0 -57 100.587 70.76999999999997 0
1470.0 215.104 18 1470.0 0.0 0 -55 76.37599999999999 64.63499999999998 0
1890.0 243.33899999999994 23 1890.0 0.0 0 -54 96.83499999999997 78.10499999999998 0
1770.0 208.05599999999993 18 1770.0 0.0 0 -51 81.95700000000001 65.55999999999997 0
1380.0 175.79099999999997 18 1380.0 0.0 0 -48 61.20699999999999 53.484999999999985 0
1740.0 260.70400000000006 18 1740.0 0.0 0 -61 97.90700000000004 78.677 0
870.0 154.561 14 870.0 0.0 0 -46 47.684999999999995 25.25 0
2010.0 240.49299999999988 20 2010.0 0.0 0 -67 84.25299999999997 74.20999999999997 0
2280.0 268.96599999999995 15 2280.0 0.0 0 -63 104.15 87.27499999999998 0
2190.0 212.553 18 2190.0 0.0 0 -53 79.956 67.68199999999997 0
2430.0 235.41199999999998 16 2430.0 0.0 0 -63 88.09800000000001 77.184 0
1980.0 257.01900000000006 23 1980.0 0.0 0 -68 97.30799999999999 67.74 0
2190.0 257.461 16 2190.0 0.0 0 -58 105.42099999999999 92.20499999999996 0
2190.0 241.31399999999996 18 2190.0 0.0 0 -65 81.59599999999999 81.018 0
1560.0 218.96699999999998 24 1560.0 0.0 0 -50 80.62199999999997 63.52099999999998 0
1920.0 251.73999999999992 18 1920.0 0.0 0 -66 97.24500000000002 69.64899999999999 0
1560.0 196.59500000000008 20 1560.0 0.0 0 -52 69.27099999999999 48.556 0
1380.0 160.37799999999996 18 1380.0 0.0 0 -38 60.59499999999998 55.431 0
2760.0 316.0450000000001 17 2760.0 0.0 0 -73 126.14500000000004 111.45999999999998 0
2280.0 281.384 18 2280.0 0.0 0 -67 111.97699999999996 89.146 0
2070.0 222.979 21 2070.0 0.0 0 -61 79.84899999999999 72.31299999999999 0
1710.0 174.76999999999995 16 1710.0 0.0 0 -46 57.01799999999999 63.858 0
1710.0 280.496 22 1710.0 0.0 0 -66 113.71899999999997 72.47900000000001 0
1980.0 247.63199999999998 21 1980.0 0.0 0 -74 72.66199999999999 69.72799999999997 0
1170.0 171.14899999999994 17 1170.0 0.0 0 -46 56.38699999999999 48.88399999999999 0
1680.0 182.859 21 1680.0 -110.0 9 -50 54.65099999999998 65.65999999999998 22
1355.0 251.75899999999996 16 1530.0 -195.0 26 -56 98.14399999999998 59.60300000000001 39
2130.0 260.848 16 2130.0 0.0 0 -58 99.69400000000002 93.301 0
1170.0 156.79500000000002 15 1170.0 0.0 0 -46 50.464 43.976000000000006 0
1500.0 233.30900000000003 22 1500.0 0.0 0 -52 90.99499999999999 72.22199999999998 0
2090.0 263.504 20 2130.0 -40.0 5 -61 94.49300000000001 90.105 8
2070.0 238.84199999999996 18 2070.0 0.0 0 -50 95.70100000000004 83.77699999999996 0
2460.0 251.1899999999999 19 2460.0 0.0 0 -57 90.72399999999998 91.57499999999999 0
1470.0 199.216 18 1470.0 0.0 0 -53 69.00499999999998 60.74099999999999 0
2100.0 218.87 17 2100.0 0.0 0 -60 61.509000000000015 78.52499999999998 0
1230.0 162.69299999999993 17 1230.0 0.0 0 -44 67.23099999999998 43.388 0
2145.0 252.80100000000002 19 2190.0 -45.0 6 -62 95.61700000000002 79.55699999999996 9
2130.0 230.89100000000002 19 2130.0 0.0 0 -64 70.717 78.10300000000002 0
1560.0 208.459 20 1560.0 0.0 0 -57 72.24499999999999 56.620999999999995 0
1920.0 264.943 19 1920.0 0.0 0 -66 97.62899999999998 72.39099999999999 0
970.0 264.3409999999999 11 2100.0 -1200.0 27 -46 76.40400000000001 72.755 240
2010.0 276.10699999999997 19 2010.0 0.0 0 -60 124.14399999999999 78.51499999999999 0
1350.0 196.95400000000004 16 1350.0 0.0 0 -47 73.23499999999999 61.91100000000002 0
2200.0 227.73399999999998 22 2250.0 -50.0 4 -45 92.58199999999998 92.75799999999998 10
1440.0 255.52699999999993 21 1440.0 0.0 0 -56 106.93499999999996 65.63199999999999 0
1830.0 205.98200000000003 16 1830.0 0.0 0 -51 71.28400000000002 67.48599999999999 0
1290.0 186.47699999999995 14 1290.0 0.0 0 -55 64.188 45.14699999999999 0
1980.0 253.791 22 1980.0 0.0 0 -71 86.34799999999997 70.63099999999999 0
2280.0 258.43500000000006 19 2280.0 0.0 0 -56 105.44300000000001 89.72699999999998 0
1495.0 189.5 17 1530.0 -35.0 4 -53 68.58199999999998 49.855999999999995 7
2070.0 283.69899999999996 18 2070.0 -80.0 10 -58 110.671 95.11799999999995 16
1230.0 205.77399999999994 19 1230.0 0.0 0 -54 78.20899999999996 48.271000000000015 0
1140.0 172.717 18 1140.0 0.0 0 -44 59.53599999999999 53.19999999999998 0
1680.0 171.25400000000008 17 1680.0 0.0 0 -37 76.427 62.37799999999996 0
2405.0 286.22100000000006 20 2430.0 -25.0 1 -70 101.808 97.42399999999999 5
1675.0 242.29799999999994 24 1710.0 -35.0 4 -56 88.10999999999997 75.18299999999998 7
1600.0 201.86399999999992 13 1620.0 -20.0 1 -45 82.45700000000002 60.70099999999999 4
2190.0 267.5439999999999 22 2190.0 0.0 0 -63 101.75699999999999 92.13399999999999 0
1680.0 257.832 20 1680.0 0.0 0 -59 112.68700000000003 62.576 0
2400.0 259.7139999999999 23 2400.0 0.0 0 -61 90.29999999999998 99.63700000000001 0
2280.0 320.096 17 2280.0 0.0 0 -67 123.47500000000002 114.19400000000003 0
2550.0 271.35100000000006 18 2550.0 0.0 0 -69 96.232 92.286 0
1260.0 216.94 19 1260.0 0.0 0 -44 87.72999999999999 65.27899999999998 0
1740.0 213.794 18 1740.0 0.0 0 -55 80.55500000000004 63.29599999999998 0
2490.0 257.6789999999999 14 2490.0 0.0 0 -71 57.13399999999997 105.30599999999998 0
1770.0 217.78200000000004 18 1770.0 -120.0 10 -60 68.49399999999999 70.59599999999999 24
1440.0 230.8119999999999 20 1440.0 0.0 0 -61 78.88599999999998 59.31399999999998 0
2520.0 317.9480000000001 23 2520.0 0.0 0 -77 127.47700000000005 97.63899999999998 0
1980.0 257.83199999999994 20 1980.0 -90.0 6 -65 92.80199999999998 81.28100000000002 18
2100.0 255.93000000000004 16 2160.0 -60.0 10 -68 84.10100000000001 64.17099999999999 6
1650.0 173.33599999999996 19 1650.0 0.0 0 -55 62.660999999999966 43.891000000000005 0
1630.0 216.07699999999997 20 1650.0 -20.0 1 -56 78.63499999999999 57.692999999999984 4
3030.0 319.47100000000006 21 3030.0 0.0 0 -71 140.72800000000004 116.92499999999997 0
1740.0 200.50399999999993 15 1740.0 -35.0 4 -49 80.30700000000002 69.16399999999997 7
1860.0 244.26699999999994 20 1860.0 0.0 0 -69 82.861 69.74199999999998 0
2100.0 209.634 17 2100.0 0.0 0 -50 76.431 81.431 0
1210.0 175.3 14 1260.0 -70.0 8 -39 68.93299999999998 53.204999999999984 14
1860.0 278.193 24 1860.0 0.0 0 -66 98.72699999999999 80.96999999999998 0
1320.0 183.15999999999994 13 1320.0 0.0 0 -52 57.01399999999998 49.39599999999999 0
1770.0 244.35900000000004 18 1770.0 0.0 0 -67 77.54199999999999 73.327 0
1560.0 204.03099999999998 18 1560.0 0.0 0 -56 79.39299999999999 47.178999999999995 0
2040.0 236.016 19 2040.0 0.0 0 -53 99.685 79.40799999999997 0
1710.0 175.574 16 1710.0 -70.0 4 -48 63.729999999999976 58.589999999999975 14
1710.0 188.48399999999995 19 1710.0 0.0 0 -43 81.51100000000001 65.98199999999999 0
2365.0 260.7540000000001 16 2400.0 -35.0 4 -52 112.433 95.99700000000001 7
1920.0 214.83900000000003 15 1920.0 0.0 0 -51 88.27199999999999 74.20400000000001 0
1920.0 225.37199999999993 15 1920.0 0.0 0 -48 86.37599999999998 89.7 0
1800.0 237.2000000000001 18 1800.0 0.0 0 -55 87.929 72.08699999999999 0
1350.0 174.22900000000004 12 1410.0 -60.0 4 -44 68.74200000000002 54.506 12
2910.0 296.672 16 2910.0 0.0 0 -74 94.27600000000001 114.575 0
930.0 159.08199999999994 14 930.0 0.0 0 -41 53.31499999999999 51.019 0
1890.0 256.143 17 1890.0 0.0 0 -64 98.66000000000001 73.94799999999998 0
1740.0 189.97699999999995 19 1740.0 0.0 0 -50 68.07699999999998 63.25999999999998 0
1710.0 213.75799999999992 15 1710.0 0.0 0 -57 71.99599999999998 68.48600000000002 0
1470.0 210.3089999999999 22 1470.0 0.0 0 -46 78.25999999999999 67.731 0
2070.0 258.82000000000005 22 2070.0 0.0 0 -72 77.29599999999998 82.87599999999999 0
2220.0 276.51200000000017 17 2220.0 0.0 0 -72 93.941 83.92199999999998 0
1680.0 211.4119999999999 20 1680.0 0.0 0 -60 80.91699999999999 57.606 0
2340.0 289.36299999999983 20 2340.0 0.0 0 -66 118.85899999999998 88.049 0
1920.0 247.88 21 1920.0 0.0 0 -66 81.35699999999999 76.113 0
1500.0 202.283 16 1500.0 0.0 0 -53 70.22099999999998 54.748000000000005 0
1800.0 224.697 15 1800.0 0.0 0 -60 67.96100000000001 74.763 0
1770.0 241.86199999999994 21 1770.0 0.0 0 -63 85.14099999999999 69.429 0
2070.0 215.36899999999994 17 2070.0 0.0 0 -62 81.12299999999996 62.858999999999995 0
1560.0 225.75899999999993 18 1620.0 -110.0 15 -52 90.66199999999999 61.32999999999999 22
2050.0 242.70799999999997 18 2160.0 -110.0 9 -59 87.89099999999999 77.39799999999998 22
1680.0 235.70099999999996 20 1680.0 -30.0 10 -60 77.59799999999998 68.769 2
3000.0 311.16499999999985 19 3000.0 -30.0 10 -73 127.85900000000004 101.00699999999998 2
1800.0 162.45099999999996 16 1800.0 0.0 0 -49 37.246 61.866 0
2220.0 275.753 16 2220.0 0.0 0 -65 89.20099999999998 98.80400000000003 0
2220.0 221.3069999999999 19 2220.0 0.0 0 -58 76.27400000000002 79.33600000000001 0
1560.0 254.04399999999995 20 1560.0 -45.0 15 -62 92.45899999999999 68.08899999999998 3
2130.0 253.83500000000012 15 2280.0 -160.0 26 -56 93.31500000000001 88.52299999999997 16
1265.0 194.525 16 1290.0 -25.0 1 -45 81.47899999999997 51.355999999999995 5
1230.0 214.00099999999992 16 1230.0 0.0 0 -54 80.70199999999998 50.346999999999994 0
2010.0 257.214 24 2010.0 0.0 0 -64 94.98 80.70699999999998 0
2460.0 309.48100000000005 24 2460.0 0.0 0 -67 121.287 111.62499999999996 0
2580.0 265.803 16 2580.0 -30.0 4 -51 108.052 106.391 6
1590.0 198.03599999999997 18 1590.0 -65.0 4 -47 72.77199999999999 63.05599999999999 13
2460.0 257.845 17 2460.0 0.0 0 -71 72.90700000000001 101.42100000000002 0
960.0 220.49799999999996 14 960.0 0.0 0 -41 94.904 62.900999999999975 0
2220.0 224.43599999999995 18 2220.0 0.0 0 -61 84.61299999999997 59.052 0
1320.0 167.48699999999994 13 1320.0 0.0 0 -42 54.56399999999999 60.747 0
1675.0 183.90599999999992 18 1740.0 -115.0 14 -47 55.616 64.21099999999998 23
1860.0 235.81200000000004 21 1860.0 -35.0 4 -52 103.25200000000001 64.24199999999999 7
1200.0 213.51800000000003 21 1200.0 0.0 0 -53 78.03599999999999 58.009 0
1770.0 301.2610000000001 29 1860.0 -90.0 6 -68 119.76499999999997 80.593 18
2940.0 298.24300000000005 20 2940.0 0.0 0 -74 103.78899999999997 110.604 0
1620.0 175.05 15 1620.0 0.0 0 -49 61.086999999999996 52.45099999999999 0
1680.0 219.23700000000002 18 1800.0 -120.0 8 -54 70.749 78.88099999999997 24
1595.0 225.131 16 1650.0 -55.0 4 -46 116.24000000000001 55.07599999999998 11
2310.0 293.771 18 2310.0 0.0 0 -51 137.53900000000004 102.839 0
1920.0 248.62000000000003 22 1920.0 0.0 0 -58 90.23299999999999 82.73699999999997 0
2090.0 254.15300000000005 15 2190.0 -110.0 17 -52 94.25899999999999 88.88299999999998 11
1920.0 234.03500000000005 18 1920.0 -15.0 5 -60 84.61200000000002 80.68199999999999 1
1770.0 236.978 20 1770.0 0.0 0 -64 89.029 68.65599999999996 0
1830.0 233.14499999999998 17 1830.0 0.0 0 -45 90.9 89.72499999999998 0
1290.0 233.00600000000003 18 1290.0 0.0 0 -62 78.11199999999998 53.566999999999986 0
1950.0 167.17300000000003 18 1950.0 0.0 0 -42 59.403999999999996 60.838999999999984 0
1800.0 220.055 20 1800.0 0.0 0 -60 78.57 62.41699999999999 0
1890.0 240.74599999999995 16 1890.0 0.0 0 -57 90.75900000000003 76.85299999999998 0
1110.0 185.77799999999996 16 1110.0 0.0 0 -57 62.69099999999999 38.269 0
1470.0 216.06999999999996 20 1590.0 -120.0 10 -53 87.11799999999997 64.84399999999998 24
1200.0 214.31099999999998 15 1200.0 0.0 0 -42 100.603 48.632 0
2280.0 252.944 18 2280.0 0.0 0 -68 80.60499999999998 84.79299999999999 0
2070.0 222.918 14 2070.0 0.0 0 -51 88.98400000000001 80.362 0
2155.0 252.064 24 2190.0 -35.0 4 -55 99.45299999999999 91.685 7
1710.0 224.09300000000007 13 1710.0 0.0 0 -55 82.88899999999998 60.39299999999999 0
1110.0 199.37300000000005 19 1110.0 0.0 0 -55 67.96099999999998 45.536 0
1290.0 223.712 19 1290.0 0.0 0 -53 91.41499999999999 59.873 0
1560.0 180.792 18 1560.0 0.0 0 -43 71.801 57.368 0
2070.0 276.236 19 2070.0 0.0 0 -59 118.247 79.84600000000002 0
1200.0 162.26 16 1200.0 0.0 0 -50 52.501999999999995 43.339000000000006 0
2100.0 210.99099999999999 18 2100.0 0.0 0 -51 79.23199999999997 76.77199999999999 0
1550.0 188.61799999999997 19 1680.0 -130.0 17 -58 53.176 57.991 26
2940.0 330.003 17 2940.0 0.0 0 -76 133.71500000000003 87.78300000000002 0
1830.0 256.85 19 1830.0 0.0 0 -57 101.46600000000002 85.44599999999997 0
2540.0 275.12800000000004 21 2580.0 -40.0 5 -63 109.861 95.78199999999998 8
2100.0 239.2059999999999 19 2100.0 0.0 0 -66 93.90799999999999 67.62599999999999 0
1710.0 262.8669999999999 18 1710.0 0.0 0 -59 119.91499999999999 57.28899999999999 0
900.0 159.828 17 900.0 -65.0 4 -45 58.69799999999999 33.1 13
1765.0 239.82999999999998 22 1800.0 -35.0 4 -55 85.27199999999999 77.21 7
1860.0 223.15899999999993 22 1860.0 0.0 0 -59 82.77399999999999 67.99199999999998 0
1560.0 211.132 18 1560.0 0.0 0 -57 68.82999999999998 65.231 0
960.0 156.538 16 960.0 0.0 0 -46 54.010999999999996 31.583000000000002 0
2520.0 289.85099999999994 19 2520.0 0.0 0 -62 115.64799999999998 103.486 0
2340.0 267.3130000000001 20 2340.0 0.0 0 -67 95.48800000000001 88.65200000000002 0
1800.0 266.253 26 1800.0 0.0 0 -74 97.30499999999998 70.194 0
1710.0 215.9519999999999 15 1710.0 0.0 0 -47 80.07399999999997 72.62100000000001 0
1320.0 169.26299999999995 20 1320.0 0.0 0 -48 51.80199999999998 47.373999999999995 0
1380.0 166.80999999999992 13 1380.0 0.0 0 -46 57.05999999999999 50.138 0
2310.0 268.44100000000014 15 2310.0 0.0 0 -60 112.00900000000004 87.57300000000002 0
2310.0 222.69499999999994 16 2340.0 -30.0 4 -46 81.45799999999998 97.18000000000002 6
2205.0 248.55700000000002 22 2280.0 -205.0 16 -67 73.431 80.409 41
1830.0 277.39899999999994 19 2070.0 -320.0 53 -60 97.57699999999997 85.56899999999999 32
1710.0 192.30900000000003 20 1710.0 0.0 0 -55 60.261999999999986 57.954 0
2520.0 268.954 19 2520.0 0.0 0 -62 105.15400000000007 90.85699999999999 0
2730.0 275.88399999999996 21 2730.0 0.0 0 -62 111.59199999999997 103.64699999999995 0
1325.0 179.24499999999995 17 1380.0 -55.0 4 -50 60.40899999999997 51.129999999999995 11
1680.0 192.16499999999996 18 1680.0 0.0 0 -51 75.21899999999998 56.73199999999999 0
1380.0 214.43699999999995 20 1380.0 0.0 0 -42 99.728 61.98599999999999 0
2460.0 343.65399999999994 23 2460.0 0.0 0 -79 127.46500000000002 110.46799999999996 0
1470.0 191.77399999999994 16 1470.0 0.0 0 -53 65.24699999999999 51.01599999999999 0
2100.0 294.369 16 2100.0 0.0 0 -66 122.65599999999999 87.29399999999998 0
2125.0 288.58599999999996 20 2280.0 -185.0 24 -54 131.465 92.83999999999996 37
1860.0 249.05100000000004 19 1860.0 0.0 0 -57 85.283 81.69799999999998 0
1530.0 264.967 15 1530.0 0.0 0 -58 131.74200000000002 53.129 0
1800.0 234.24999999999994 19 1800.0 0.0 0 -69 75.64999999999998 64.30399999999999 0
1710.0 219.311 17 1710.0 0.0 0 -57 82.17299999999999 60.51600000000001 0
3120.0 362.8740000000001 23 3120.0 0.0 0 -73 151.471 122.93399999999993 0
1320.0 165.192 17 1320.0 -50.0 4 -45 57.264 48.951999999999984 10
1740.0 255.068 21 1920.0 0.0 0 -54 100.03200000000001 77.818 0
2250.0 273.24899999999997 18 2250.0 0.0 0 -70 100.37700000000001 88.85099999999994 0
1470.0 213.53500000000005 14 1470.0 0.0 0 -60 71.64 61.07999999999998 0
1260.0 227.793 21 1260.0 0.0 0 -64 76.68399999999998 51.198 0
1530.0 201.36400000000006 15 1530.0 0.0 0 -46 79.81599999999997 58.57299999999998 0
2340.0 245.32799999999997 16 2340.0 0.0 0 -60 92.57 83.17300000000002 0
1230.0 193.422 18 1260.0 -30.0 4 -44 77.88199999999999 52.951 6
2460.0 286.324 23 2460.0 0.0 0 -71 116.45900000000002 92.66899999999998 0
1260.0 172.22100000000006 15 1260.0 0.0 0 -49 62.748 46.827999999999996 0
1560.0 199.4449999999999 21 1560.0 0.0 0 -55 72.726 54.133999999999986 0
1500.0 176.908 20 1530.0 -30.0 2 -45 69.21799999999999 43.839 6
1560.0 157.58000000000004 17 1560.0 0.0 0 -52 47.792999999999985 53.79999999999999 0
1650.0 184.37299999999996 14 1650.0 0.0 0 -42 65.609 71.574 0
2010.0 291.96399999999994 24 2010.0 0.0 0 -67 122.32299999999998 79.904 0
1440.0 194.169 13 1440.0 0.0 0 -48 73.48800000000001 59.90699999999998 0
2160.0 234.45499999999998 16 2340.0 -190.0 31 -52 95.844 79.49799999999999 19
