1845.0 281.586 18 1890.0 -45.0 15 -65 102.91900000000003 82.52200000000002 3
1440.0 246.23700000000002 20 1440.0 0.0 0 -55 97.09699999999998 67.176 0
2070.0 257.66399999999993 19 2070.0 -55.0 7 -52 103.604 89.81400000000002 11
1820.0 234.34099999999998 15 1890.0 -70.0 5 -61 87.41199999999999 75.115 14
1290.0 207.067 18 1410.0 -165.0 22 -56 75.158 52.449 33
1530.0 215.147 15 1530.0 0.0 0 -58 77.63399999999999 54.900999999999996 0
2890.0 311.67600000000004 16 2970.0 -80.0 6 -70 118.44300000000003 121.98299999999996 16
1290.0 196.972 18 1290.0 -180.0 15 -52 71.674 52.614000000000004 36
1710.0 220.438 17 1800.0 -90.0 12 -66 73.88199999999999 63.312999999999974 18
1710.0 240.23800000000006 22 1710.0 0.0 0 -62 80.80999999999999 73.80599999999998 0
1585.0 213.575 14 1830.0 -245.0 24 -61 59.03800000000002 55.71099999999999 41
2320.0 262.48500000000007 15 2640.0 -320.0 28 -60 90.18200000000002 96.844 64
1515.0 261.893 19 1650.0 -135.0 14 -77 82.969 61.99699999999998 27
1040.0 197.93200000000007 14 1260.0 -220.0 13 -49 69.69399999999999 54.744 44
1210.0 235.718 19 1350.0 -140.0 10 -58 80.42999999999998 66.06099999999999 28
1900.0 223.91199999999998 15 1950.0 -50.0 6 -58 79.53399999999999 70.53199999999997 10
1300.0 254.38099999999997 17 1410.0 -110.0 14 -73 77.35100000000001 50.878 22
1965.0 292.77899999999994 21 2040.0 -75.0 10 -75 96.14099999999996 83.6 15
3120.0 264.4440000000001 16 3240.0 -120.0 17 -82 80.60899999999997 83.42300000000002 20
1410.0 193.41599999999997 15 1410.0 0.0 0 -56 64.972 50.436 0
1985.0 309.3590000000001 20 2070.0 -85.0 11 -69 126.85099999999998 77.581 17
1055.0 189.30399999999997 18 1140.0 -85.0 7 -44 66.83499999999998 57.36399999999998 17
2085.0 249.26 18 2220.0 -135.0 13 -77 69.91499999999999 71.91700000000002 27
1815.0 246.30100000000002 15 2040.0 -270.0 35 -61 84.75 68.226 54
1905.0 241.778 23 2070.0 -165.0 22 -65 84.38799999999998 69.88 33
1765.0 265.143 18 1800.0 -35.0 4 -66 98.625 73.87699999999998 7
990.0 233.961 15 1290.0 -335.0 43 -58 87.371 46.690000000000005 67
825.0 199.5779999999999 15 1230.0 -430.0 51 -61 53.70799999999999 42.95199999999999 86
1150.0 241.22000000000003 17 1290.0 -190.0 23 -61 87.52600000000001 50.14699999999999 36
1915.0 259.78000000000003 19 2010.0 -95.0 12 -74 73.85799999999999 65.46799999999999 19
2325.0 333.19300000000004 16 2640.0 -315.0 30 -71 116.12400000000001 109.903 63
1955.0 250.65299999999996 16 1980.0 -25.0 3 -63 95.33200000000002 79.17499999999998 5
1100.0 204.403 13 1260.0 -250.0 17 -45 72.355 56.77899999999999 50
2435.0 398.96999999999997 25 2640.0 -205.0 25 -95 150.75700000000003 105.592 41
1890.0 320.01 23 2010.0 -120.0 16 -86 106.16900000000003 81.729 24
1710.0 296.69999999999993 22 1770.0 -60.0 8 -78 100.59599999999998 77.41299999999998 12
1760.0 322.3050000000001 20 2010.0 -305.0 26 -71 102.12100000000002 78.19500000000002 61
1280.0 278.293 14 1530.0 -390.0 35 -56 119.12000000000005 61.36499999999998 78
2110.0 240.86199999999997 17 2190.0 -260.0 25 -57 101.25100000000003 74.17099999999996 52
1885.0 299.275 18 2100.0 -215.0 17 -75 101.10600000000001 84.39899999999999 43
1380.0 185.37199999999996 17 1380.0 0.0 0 -46 69.39399999999999 55.68499999999999 0
1800.0 297.4049999999999 22 1830.0 -30.0 10 -74 105.443 70.711 2
1090.0 322.7829999999999 21 1260.0 -200.0 32 -84 113.881 52.802 36
1205.0 232.14100000000008 15 1470.0 -265.0 25 -54 79.133 59.42700000000002 51
1955.0 252.13400000000004 16 2040.0 -85.0 11 -66 92.39200000000001 68.199 17
2560.0 410.4650000000001 17 2730.0 -170.0 28 -86 171.80900000000003 110.80099999999996 17
1450.0 237.83499999999987 15 1590.0 -235.0 18 -62 78.89299999999999 62.932999999999986 47
1350.0 235.64600000000004 15 1740.0 -560.0 36 -63 84.49000000000001 65.36999999999996 112
1255.0 278.163 19 1440.0 -185.0 24 -78 97.337 55.85899999999998 37
1050.0 269.13399999999996 18 1230.0 -180.0 12 -72 89.83399999999997 54.532 36
1670.0 240.5380000000001 15 1740.0 -70.0 5 -59 85.08900000000003 75.67899999999999 14
1655.0 246.027 18 1680.0 -25.0 3 -62 88.58099999999999 71.09299999999999 5
1810.0 248.89200000000005 14 1860.0 -50.0 6 -68 78.94099999999999 72.28599999999999 10
1740.0 250.327 19 1800.0 -170.0 22 -52 102.82300000000002 79.28399999999996 34
2090.0 334.81499999999994 18 2280.0 -190.0 25 -74 119.782 93.03099999999998 38
2070.0 249.81800000000004 18 2070.0 0.0 0 -58 92.21600000000002 75.39999999999998 0
2510.0 263.38900000000007 20 2730.0 -220.0 28 -67 95.16999999999999 95.09100000000001 44
1390.0 213.46199999999996 18 1590.0 -300.0 20 -53 82.895 62.559999999999995 60
1560.0 243.58700000000002 17 1650.0 -90.0 11 -64 92.41699999999999 59.144000000000005 18
1375.0 237.5349999999999 15 1530.0 -155.0 14 -73 67.76599999999998 51.327999999999996 31
1080.0 174.792 15 1080.0 0.0 0 -46 59.91899999999998 45.804 0
1890.0 221.41900000000004 19 1950.0 -290.0 23 -62 79.55399999999999 65.97499999999998 58
1560.0 266.96599999999995 13 1740.0 -180.0 12 -80 78.084 67.29199999999999 36
1630.0 246.83499999999998 23 1740.0 -155.0 20 -50 110.58099999999999 74.70599999999999 31
2030.0 275.6569999999999 21 2220.0 -230.0 29 -58 121.36600000000001 79.18 46
1675.0 243.04900000000004 15 1800.0 -125.0 8 -59 93.51799999999999 67.95300000000002 25
1785.0 283.765 20 1800.0 -15.0 5 -68 103.62299999999998 71.611 1
2125.0 225.09400000000002 16 2340.0 -215.0 28 -66 87.05600000000003 61.90099999999999 37
1710.0 240.39200000000008 16 1710.0 0.0 0 -55 93.41600000000001 77.14899999999999 0
1335.0 277.66600000000005 18 1860.0 -585.0 71 -73 73.314 72.328 115
1800.0 305.911 22 2100.0 -300.0 39 -74 123.90099999999998 60.683 60
1980.0 293.13199999999983 18 2070.0 -90.0 12 -76 98.22100000000005 83.43099999999997 18
2215.0 301.8810000000001 14 2460.0 -315.0 43 -72 119.69600000000004 87.50900000000003 53
1535.0 239.30399999999995 14 1590.0 -55.0 7 -60 75.55499999999999 69.71 11
1575.0 253.76700000000002 15 1650.0 -75.0 10 -69 73.437 68.42800000000001 15
730.0 212.63000000000002 15 1050.0 -320.0 27 -59 68.34 34.736 64
1130.0 198.72499999999997 17 1290.0 -160.0 8 -55 66.77799999999999 50.90299999999999 32
1610.0 244.69899999999998 16 1980.0 -380.0 58 -56 88.97099999999996 77.49999999999999 47
2145.0 285.66100000000006 17 2220.0 -75.0 16 -73 82.94599999999998 89.13300000000004 11
1620.0 338.12899999999996 16 1800.0 -180.0 12 -77 134.21 72.591 36
1275.0 234.79599999999994 16 1440.0 -205.0 27 -54 85.05099999999999 64.734 41
1815.0 303.589 17 1950.0 -135.0 18 -79 108.13999999999997 79.18399999999997 27
1855.0 314.08599999999984 17 2310.0 -545.0 37 -67 129.04100000000005 99.192 109
1020.0 174.96099999999998 14 1020.0 0.0 0 -48 55.13399999999999 41.437999999999995 0
1525.0 305.7369999999999 22 1860.0 -365.0 45 -71 111.82300000000002 77.15199999999996 73
1240.0 233.84199999999993 12 1710.0 -515.0 46 -53 83.88600000000001 62.81899999999999 103
1290.0 199.97299999999996 18 1290.0 0.0 0 -53 70.23999999999998 52.487999999999985 0
1240.0 170.01099999999997 13 1290.0 -50.0 6 -42 59.093 49.61000000000001 10
1300.0 252.48499999999999 19 1380.0 -80.0 10 -72 75.87899999999999 58.426 16
2055.0 344.5689999999999 18 2130.0 -75.0 25 -88 130.11800000000002 79.13499999999998 5
1670.0 253.5109999999999 19 1860.0 -190.0 26 -58 98.262 81.643 38
2040.0 287.79099999999994 16 2220.0 -180.0 12 -74 100.319 78.92899999999999 36
2205.0 310.529 19 2280.0 -75.0 10 -74 99.303 108.24499999999999 15
1965.0 276.59399999999994 20 2160.0 -315.0 36 -73 100.31200000000001 80.36399999999995 63
2570.0 322.25800000000004 19 2670.0 -100.0 13 -80 128.59600000000003 94.518 20
1420.0 238.16500000000016 13 1500.0 -80.0 6 -63 67.05100000000003 54.27699999999998 16
1810.0 250.04000000000005 18 1860.0 -50.0 6 -67 91.77500000000003 69.131 10
1920.0 316.60599999999977 19 2010.0 -90.0 12 -81 102.00800000000002 94.224 18
2300.0 307.02899999999994 21 2400.0 -115.0 18 -77 99.39399999999998 91.66199999999994 21
2030.0 307.14399999999995 21 2130.0 -100.0 13 -87 95.29399999999997 86.34099999999998 20
1345.0 277.7869999999999 13 1440.0 -95.0 12 -73 90.24 60.113 19
2250.0 291.029 16 2550.0 -300.0 21 -76 76.634 77.78399999999999 60
2260.0 295.81600000000003 19 2340.0 -520.0 72 -68 124.95400000000001 88.572 104
1500.0 295.36100000000005 19 1590.0 -90.0 12 -75 98.672 66.199 18
1800.0 279.24299999999994 15 1920.0 -120.0 10 -69 95.93500000000003 74.20799999999997 24
1980.0 270.98099999999994 18 2160.0 -180.0 12 -73 82.06300000000002 85.23100000000001 36
2470.0 312.92500000000007 18 2610.0 -140.0 10 -72 122.21700000000003 105.04299999999996 28
1315.0 241.78199999999993 19 1500.0 -230.0 30 -65 90.035 50.65399999999998 46
1600.0 215.10300000000007 16 1740.0 -140.0 10 -56 74.857 41.983999999999995 28
985.0 208.562 18 1170.0 -225.0 29 -56 77.18499999999999 39.826 45
1785.0 268.491 15 1830.0 -45.0 3 -60 99.94500000000001 72.75799999999998 9
2770.0 290.83199999999994 20 2850.0 -80.0 6 -76 104.02900000000002 104.77599999999995 16
1140.0 180.463 14 1140.0 -160.0 13 -39 81.00699999999998 44.24099999999999 32
2130.0 260.69800000000004 15 2160.0 -30.0 10 -70 81.71399999999998 73.834 2
1590.0 240.97100000000003 20 1650.0 -60.0 8 -68 85.40300000000002 55.531 12
1800.0 258.382 20 1800.0 0.0 0 -64 92.39499999999995 75.79599999999998 0
1530.0 258.142 16 1530.0 0.0 0 -57 115.036 56.893999999999984 0
1805.0 284.18199999999996 17 1920.0 -115.0 13 -80 95.15199999999999 52.77999999999999 21
1425.0 274.3689999999999 17 1560.0 -135.0 18 -74 82.185 61.009 27
1445.0 309.648 19 1830.0 -430.0 41 -72 102.65100000000001 71.81600000000002 86
2190.0 279.84799999999996 18 2280.0 -90.0 11 -74 81.04799999999997 97.358 18
1330.0 262.132 19 1470.0 -140.0 11 -65 95.79599999999998 65.201 28
1465.0 274.31299999999993 17 1590.0 -125.0 10 -66 83.942 58.10799999999998 25
1265.0 292.41399999999993 17 1410.0 -145.0 18 -72 100.69599999999997 65.56299999999999 29
1830.0 300.877 22 2160.0 -370.0 44 -71 102.89399999999996 93.48199999999996 74
2220.0 257.5899999999999 21 2220.0 0.0 0 -65 92.80300000000001 78.25999999999998 0
1640.0 299.7150000000001 16 1800.0 -305.0 15 -57 108.91700000000006 97.54799999999997 61
2220.0 254.35399999999998 21 2220.0 -30.0 10 -64 89.826 87.77699999999996 2
1010.0 209.862 19 1230.0 -220.0 13 -51 85.819 48.67099999999999 44
2305.0 343.405 20 2430.0 -125.0 16 -84 129.71500000000003 96.37099999999998 25
1400.0 261.66299999999995 18 1680.0 -350.0 40 -62 91.025 68.89299999999997 70
2190.0 319.673 16 2250.0 -60.0 20 -75 117.37599999999998 93.30199999999996 4
1240.0 265.05199999999996 24 1410.0 -170.0 22 -68 99.52800000000002 54.080999999999996 34
1305.0 258.29400000000004 15 1530.0 -225.0 18 -77 79.597 55.607 45
2165.0 286.1540000000002 14 2640.0 -525.0 84 -65 89.70300000000005 122.57999999999996 60
2515.0 283.5330000000001 12 2640.0 -125.0 10 -66 86.93900000000001 95.13399999999999 25
1980.0 261.99300000000005 14 2070.0 -90.0 12 -67 95.686 68.19899999999997 18
1820.0 288.71500000000003 19 1950.0 -130.0 14 -71 98.936 79.67299999999999 26
2650.0 308.356 17 2760.0 -110.0 14 -78 90.61599999999999 95.24099999999999 22
2250.0 276.48400000000004 19 2400.0 -150.0 26 -69 83.742 93.831 26
2055.0 283.744 20 2100.0 -45.0 6 -74 99.32 80.88799999999999 9
1710.0 224.728 22 1710.0 0.0 0 -63 77.87400000000001 55.82199999999999 0
1390.0 276.0609999999999 19 1560.0 -170.0 22 -77 91.043 60.314 34
1340.0 263.1099999999999 18 1590.0 -250.0 26 -72 96.54700000000001 61.72999999999998 50
2050.0 254.95700000000005 21 2130.0 -95.0 11 -66 91.38499999999999 75.89200000000001 17
1560.0 217.70600000000002 18 1560.0 0.0 0 -52 83.62099999999998 58.703999999999986 0
1840.0 314.2860000000001 17 2190.0 -350.0 94 -78 106.71300000000002 92.472 38
1590.0 182.49399999999994 18 1590.0 0.0 0 -49 66.56999999999998 51.59799999999999 0
2290.0 259.45200000000006 13 2340.0 -50.0 6 -67 77.24899999999998 98.337 10
1615.0 284.9 18 1770.0 -155.0 20 -78 81.395 73.92599999999999 31
855.0 198.60800000000006 16 930.0 -75.0 9 -55 59.81699999999999 39.324 15
1470.0 213.36499999999995 20 1530.0 -60.0 8 -69 65.17099999999999 58.79599999999999 12
1740.0 216.56000000000012 13 1740.0 0.0 0 -59 76.61300000000001 58.28099999999998 0
1920.0 310.33 20 2070.0 -150.0 50 -80 111.81700000000002 80.75899999999997 10
1150.0 211.13799999999998 14 1200.0 -50.0 3 -56 69.78099999999998 47.919999999999995 10
1880.0 281.4179999999999 17 1950.0 -85.0 14 -69 99.505 80.96699999999998 15
1420.0 279.8440000000001 23 1530.0 -110.0 14 -80 84.92299999999999 58.095999999999975 22
810.0 154.77800000000002 12 810.0 0.0 0 -45 52.59699999999999 30.131 0
2710.0 321.286 22 2880.0 -170.0 14 -80 117.96699999999998 95.23899999999998 34
1740.0 204.342 16 1740.0 0.0 0 -50 85.02199999999998 59.81399999999998 0
2090.0 233.958 15 2310.0 -255.0 33 -51 92.55600000000003 93.39599999999999 51
1835.0 227.636 14 1980.0 -145.0 11 -53 93.49499999999999 74.45799999999998 29
2160.0 266.57800000000003 20 2160.0 0.0 0 -67 100.295 83.97299999999998 0
2175.0 304.4479999999999 17 2220.0 -45.0 15 -72 101.21799999999995 92.61499999999998 3
1505.0 250.57700000000006 17 1680.0 -175.0 23 -75 81.30400000000002 51.37799999999999 35
2155.0 337.24499999999983 18 2460.0 -305.0 40 -85 100.70199999999998 99.95599999999995 61
2080.0 236.745 19 2160.0 -80.0 10 -72 72.88699999999999 68.70999999999997 16
2155.0 285.5860000000001 21 2400.0 -350.0 88 -81 75.81599999999997 98.72499999999998 42
1550.0 281.84700000000004 18 1950.0 -410.0 67 -57 100.044 98.44699999999996 41
1140.0 209.15 17 1140.0 0.0 0 -56 71.869 47.388 0
1380.0 287.92800000000005 20 1560.0 -180.0 12 -77 86.15400000000002 74.02999999999997 36
1525.0 306.0780000000001 19 1650.0 -125.0 16 -83 94.19 75.083 25
1495.0 214.05900000000005 18 1560.0 -65.0 8 -62 72.74899999999997 49.34599999999999 13
2030.0 302.61299999999994 22 2070.0 -40.0 5 -76 117.40900000000003 86.78299999999999 8
1485.0 226.17399999999998 19 1560.0 -75.0 9 -56 80.04199999999997 68.227 15
1710.0 231.18900000000005 16 1710.0 0.0 0 -59 86.80699999999999 66.157 0
2460.0 320.41099999999994 18 2490.0 -30.0 10 -73 102.92700000000002 108.17399999999999 2
1740.0 227.70000000000002 17 1740.0 0.0 0 -53 92.89700000000002 72.38299999999998 0
1830.0 256.24600000000004 18 1920.0 -90.0 12 -64 101.96100000000003 71.83599999999997 18
1640.0 276.684 17 1890.0 -250.0 24 -71 101.76099999999997 76.85599999999998 50
2025.0 327.5369999999999 17 2130.0 -105.0 11 -80 115.55300000000003 82.00599999999999 21
2205.0 295.6619999999999 19 2430.0 -225.0 43 -74 113.17099999999999 87.85899999999997 37
1740.0 212.30700000000004 15 1740.0 -30.0 10 -50 78.41000000000004 71.72099999999998 2
1415.0 245.84599999999998 19 1590.0 -175.0 23 -68 67.38 72.37599999999999 35
1285.0 277.45199999999994 19 1380.0 -95.0 9 -66 101.59899999999998 65.77299999999998 19
2220.0 344.25399999999996 16 2310.0 -90.0 30 -79 141.45100000000005 91.91900000000001 6
1860.0 232.802 18 1860.0 0.0 0 -63 76.02900000000001 69.721 0
1650.0 224.72300000000007 18 1650.0 0.0 0 -53 86.16999999999997 65.456 0
1680.0 215.30100000000004 17 1740.0 -60.0 5 -57 86.56899999999999 55.07499999999999 12
2530.0 346.976 18 2760.0 -335.0 95 -83 123.39000000000001 86.702 33
1230.0 283.134 14 1380.0 -150.0 10 -74 107.097 55.352999999999994 30
2055.0 316.90900000000005 20 2280.0 -225.0 32 -70 108.065 95.823 43
1725.0 270.1979999999999 14 1770.0 -45.0 6 -67 100.20100000000001 63.119999999999976 9
1500.0 191.2820000000001 17 1500.0 -160.0 26 -52 63.532 57.581999999999994 16
1880.0 352.357 21 2010.0 -130.0 20 -83 94.07199999999997 96.197 24
1695.0 249.4709999999999 21 1740.0 -45.0 6 -68 90.63199999999996 57.471 9
1830.0 287.07599999999996 24 1890.0 -60.0 8 -60 108.55199999999999 93.46999999999998 12
1630.0 242.68100000000004 16 1680.0 -50.0 6 -63 90.80699999999999 67.04599999999998 10
1095.0 214.229 14 1170.0 -75.0 10 -60 77.759 48.01399999999998 15
1635.0 260.942 20 1740.0 -105.0 11 -74 84.143 68.49899999999998 21
1780.0 213.10100000000008 16 1830.0 -50.0 6 -45 83.68500000000002 73.52699999999999 10
1410.0 238.43500000000006 18 1800.0 -480.0 41 -48 84.69400000000002 77.07899999999998 96
1985.0 259.52399999999994 21 2010.0 -25.0 3 -56 102.839 83.85999999999999 5
1055.0 244.95199999999997 14 1320.0 -265.0 18 -64 77.17699999999999 53.17999999999998 53
2670.0 337.63300000000004 16 2820.0 -150.0 27 -81 112.19100000000002 111.83 26
2005.0 258.10600000000005 16 2250.0 -395.0 32 -58 78.45899999999999 98.91399999999999 79
1900.0 293.4720000000001 14 2070.0 -170.0 22 -73 103.28100000000002 89.26099999999998 34
1740.0 261.355 20 1860.0 -255.0 85 -69 90.989 68.948 17
1920.0 303.4079999999999 19 1980.0 -90.0 18 -74 111.84700000000002 82.67399999999998 14
1525.0 271.62899999999985 17 1680.0 -155.0 21 -71 81.32899999999997 64.457 31
1630.0 327.879 20 1800.0 -170.0 22 -88 114.60999999999999 58.773999999999994 34
1425.0 281.776 17 1590.0 -165.0 11 -69 104.175 66.06199999999998 33
1720.0 211.90000000000006 18 1770.0 -50.0 6 -57 69.19699999999997 65.95 10
1680.0 232.25399999999993 14 1860.0 -180.0 12 -65 76.652 54.06199999999998 36
1120.0 177.46200000000005 13 1290.0 -255.0 21 -45 67.544 45.324000000000005 51
1520.0 211.25100000000003 14 1590.0 -70.0 5 -65 59.68299999999999 58.47200000000001 14
2490.0 336.9929999999999 20 2670.0 -180.0 24 -87 114.27799999999996 104.33400000000002 36
1260.0 191.50199999999995 15 1260.0 -190.0 15 -56 63.172999999999995 47.59699999999999 38
1465.0 286.2479999999999 19 1650.0 -185.0 17 -80 91.039 50.977999999999994 37
2750.0 334.59900000000005 17 2880.0 -130.0 17 -78 112.08100000000002 113.31700000000002 26
1885.0 323.315 13 2460.0 -595.0 83 -84 94.23000000000002 95.00099999999996 82
1500.0 252.866 19 1590.0 -90.0 7 -67 93.732 64.73099999999998 18
2160.0 237.351 13 2280.0 -120.0 16 -67 82.03000000000002 77.011 24
1175.0 185.23899999999998 16 1560.0 -415.0 58 -51 64.38099999999999 55.69999999999999 83
2055.0 236.33000000000007 15 2520.0 -465.0 48 -67 54.559 80.176 89
1590.0 265.314 17 1710.0 -120.0 16 -74 93.715 65.88099999999999 24
1910.0 286.1529999999999 19 1980.0 -70.0 9 -79 99.14399999999999 65.31399999999998 14
1115.0 269.42399999999986 17 1200.0 -85.0 5 -70 98.12099999999997 49.044 17
780.0 126.54899999999998 11 780.0 0.0 0 -38 42.443000000000005 29.778 0
2265.0 294.24100000000016 16 2340.0 -75.0 25 -72 103.25900000000001 73.91500000000002 5
1620.0 256.74300000000005 19 1620.0 0.0 0 -66 83.689 72.30099999999999 0
1530.0 266.678 15 1710.0 -195.0 17 -75 76.90599999999999 60.708999999999996 37
750.0 257.079 19 1200.0 -550.0 84 -63 88.62599999999996 59.00399999999999 72
1795.0 276.442 14 1950.0 -155.0 12 -70 74.33799999999997 80.86399999999999 31
970.0 225.689 16 1140.0 -170.0 22 -63 69.858 54.809999999999995 34
1020.0 261.349 19 1080.0 -60.0 8 -67 90.78299999999999 52.340999999999994 12
2280.0 256.901 20 2280.0 0.0 0 -62 96.53999999999999 89.04099999999998 0
1755.0 244.553 19 2040.0 -285.0 38 -66 78.70999999999998 73.34399999999997 57
1500.0 243.38500000000013 17 1710.0 -280.0 24 -50 100.00700000000002 73.53499999999998 56
1470.0 258.8400000000001 23 1500.0 -30.0 4 -72 93.59099999999998 47.927 6
1720.0 321.9220000000001 16 2070.0 -485.0 32 -66 91.38999999999999 88.56100000000004 97
1950.0 298.41199999999975 23 2130.0 -180.0 12 -82 88.311 83.448 36
1120.0 279.7499999999999 18 1200.0 -80.0 10 -78 94.243 47.229 16
1415.0 213.34199999999998 15 1560.0 -145.0 11 -51 89.79399999999997 56.084999999999994 29
1290.0 266.00199999999995 19 1350.0 -310.0 24 -67 97.43099999999998 63.184000000000005 62
1590.0 230.236 22 1590.0 0.0 0 -63 82.75799999999998 58.99 0
1445.0 208.889 16 1530.0 -85.0 7 -48 80.872 65.84799999999997 17
2085.0 252.502 16 2220.0 -365.0 33 -70 93.43199999999999 64.28299999999997 73
810.0 168.606 15 810.0 0.0 0 -43 65.804 35.391000000000005 0
1895.0 284.97900000000004 21 2010.0 -115.0 11 -75 115.52500000000003 72.47900000000001 23
1390.0 206.919 15 1440.0 -50.0 7 -59 70.18299999999999 58.89999999999999 10
1960.0 314.99799999999993 18 2340.0 -380.0 29 -80 116.55499999999999 87.088 76
1560.0 197.82799999999997 19 1560.0 -115.0 7 -51 68.94099999999999 59.832 23
1225.0 270.643 19 1380.0 -155.0 12 -63 101.85099999999998 66.03099999999998 31
2310.0 287.046 20 2370.0 -60.0 8 -72 95.83700000000003 92.90299999999998 12
2230.0 380.02600000000024 22 2550.0 -320.0 28 -81 159.34099999999998 102.70900000000002 64
1045.0 219.57999999999993 16 1110.0 -65.0 8 -51 84.54999999999998 55.51500000000001 13
1040.0 247.27800000000002 14 1200.0 -160.0 21 -69 75.97099999999999 44.623 32
1735.0 272.27299999999997 16 1830.0 -95.0 12 -68 104.64399999999999 57.026999999999994 19
1395.0 254.59 13 1560.0 -205.0 27 -53 70.13100000000003 72.37799999999996 41
1380.0 228.529 22 1530.0 -150.0 18 -62 91.20099999999998 52.676999999999985 26
1500.0 228.10300000000004 19 1500.0 0.0 0 -61 88.63899999999998 55.40500000000001 0
1560.0 212.96200000000002 20 1560.0 0.0 0 -56 72.17099999999998 57.752999999999986 0
1435.0 261.565 15 1710.0 -315.0 36 -59 90.93899999999998 81.58299999999997 63
1905.0 259.753 19 1980.0 -75.0 10 -74 77.48199999999996 65.37500000000001 15
1680.0 204.61099999999996 18 1680.0 0.0 0 -57 70.13299999999998 61.396999999999984 0
2825.0 333.79400000000004 15 3090.0 -265.0 15 -68 137.15300000000002 123.51599999999996 53
2525.0 316.802 18 2700.0 -175.0 20 -84 88.982 95.09299999999999 35
1440.0 284.1489999999999 22 1560.0 -120.0 10 -71 105.26199999999999 52.050999999999995 24
1225.0 234.58100000000005 16 1440.0 -215.0 28 -59 80.981 62.02599999999999 43
1470.0 217.71400000000003 15 1470.0 0.0 0 -51 81.10499999999999 65.91099999999999 0
2240.0 268.48 13 2580.0 -340.0 8 -60 92.56900000000003 108.81400000000002 68
1650.0 277.83599999999996 21 1650.0 0.0 0 -72 86.31199999999997 72.88999999999999 0
2220.0 343.03100000000006 20 2310.0 -90.0 15 -83 106.164 101.03 16
2055.0 326.0759999999999 21 2130.0 -75.0 10 -78 116.05899999999997 83.551 15
1740.0 209.37200000000007 21 1740.0 0.0 0 -63 68.95399999999998 55.109999999999985 0
1395.0 249.98700000000005 14 1470.0 -75.0 10 -63 89.252 55.08700000000001 15
1630.0 340.6849999999999 17 1800.0 -170.0 22 -86 119.722 78.52 34
1290.0 230.75199999999998 20 1290.0 0.0 0 -67 76.25999999999999 43.358000000000004 0
1745.0 232.578 16 1830.0 -85.0 11 -63 83.51799999999999 61.022999999999996 17
1650.0 254.75100000000003 16 1650.0 -180.0 24 -54 111.035 75.40299999999999 36
2205.0 297.158 18 2370.0 -325.0 25 -72 106.828 89.391 65
1740.0 210.76199999999994 18 1740.0 0.0 0 -59 69.6 60.755999999999986 0
1495.0 239.03099999999995 16 1530.0 -35.0 4 -60 82.68599999999998 64.835 7
1890.0 324.10999999999996 22 2040.0 -150.0 26 -85 96.973 83.83200000000002 22
855.0 282.962 15 1410.0 -975.0 36 -50 63.727999999999994 75.03799999999998 191
1640.0 270.22599999999994 16 1770.0 -130.0 10 -65 98.896 43.50999999999999 26
2110.0 263.59099999999995 17 2190.0 -80.0 6 -66 99.28099999999998 81.87399999999997 16
840.0 190.65699999999995 13 900.0 -60.0 8 -49 63.96400000000001 39.834999999999994 12
965.0 203.20600000000007 17 1080.0 -115.0 7 -54 64.88199999999999 49.36899999999999 23
2025.0 320.33800000000025 20 2280.0 -300.0 38 -78 124.93800000000002 86.00799999999997 60
1670.0 201.90999999999997 20 1710.0 -40.0 3 -68 62.24499999999999 50.75799999999999 8
1510.0 237.66600000000003 18 1680.0 -170.0 22 -65 83.45499999999998 57.66199999999999 34
1380.0 261.6100000000001 17 1560.0 -180.0 12 -78 75.15400000000001 59.595 36
1830.0 296.563 19 1890.0 -60.0 8 -65 120.89099999999999 82.81899999999995 12
940.0 195.486 15 990.0 -50.0 6 -54 61.41099999999998 47.30299999999999 10
1660.0 282.37199999999996 16 1830.0 -170.0 22 -70 90.52699999999999 74.717 34
1890.0 250.67900000000003 16 1950.0 -60.0 8 -71 79.71900000000001 74.24199999999998 12
2410.0 239.5660000000001 15 2490.0 -80.0 10 -68 73.05799999999999 83.55400000000002 16
1740.0 272.335 22 1830.0 -90.0 12 -69 98.19999999999999 71.15599999999998 18
1530.0 235.69100000000003 15 1530.0 0.0 0 -59 97.81400000000002 59.283999999999985 0
2085.0 292.9219999999999 16 2220.0 -150.0 15 -74 96.85300000000002 91.16899999999998 28
1490.0 264.81899999999996 16 1590.0 -100.0 8 -67 82.645 70.51500000000001 20
2115.0 244.982 16 2160.0 -45.0 6 -74 79.31499999999998 68.967 9
1710.0 304.9539999999999 24 1890.0 -180.0 12 -88 103.43900000000001 76.71999999999998 36
1850.0 232.05600000000004 18 1950.0 -130.0 18 -64 78.30900000000001 72.54099999999998 22
2085.0 313.54300000000006 17 2160.0 -275.0 26 -71 126.83799999999997 85.41799999999999 55
2155.0 298.2040000000001 20 2220.0 -65.0 8 -80 93.21099999999998 86.03999999999999 13
2010.0 234.68300000000008 15 2010.0 0.0 0 -62 75.5 78.732 0
1350.0 227.42199999999994 18 1350.0 0.0 0 -63 74.36099999999998 53.943999999999996 0
1445.0 275.9169999999999 19 1530.0 -100.0 10 -71 89.338 63.823999999999984 18
1140.0 217.343 16 1140.0 0.0 0 -49 85.62799999999999 53.79299999999999 0
1750.0 234.00600000000006 16 1830.0 -80.0 6 -64 75.59799999999998 72.642 16
1950.0 285.76299999999986 20 2040.0 -90.0 12 -73 107.03099999999999 71.5 18
1880.0 289.45099999999996 16 1980.0 -100.0 13 -73 111.35600000000002 68.87899999999998 20
2245.0 343.78999999999996 14 2460.0 -215.0 25 -86 106.33500000000002 110.38499999999995 39
1800.0 178.261 9 1800.0 0.0 0 -47 60.83900000000002 61.315000000000005 0
1220.0 278.9829999999999 20 1320.0 -130.0 20 -67 103.56599999999999 62.70899999999998 22
1395.0 216.37399999999997 18 1620.0 -305.0 40 -60 73.448 54.42199999999998 61
1080.0 171.256 14 1230.0 -150.0 12 -39 56.01899999999999 52.23900000000001 30
1735.0 245.81399999999996 15 2040.0 -305.0 40 -60 77.60399999999998 77.77099999999999 61
2670.0 294.39500000000004 16 2790.0 -135.0 33 -69 93.51299999999999 110.10600000000002 17
1330.0 223.09000000000003 14 1440.0 -110.0 14 -53 84.65800000000002 67.869 22
1590.0 285.5299999999999 20 1710.0 -120.0 17 -71 108.46100000000001 71.73099999999998 24
1850.0 241.78999999999994 16 1920.0 -300.0 24 -57 92.322 70.66499999999998 60
1680.0 285.6800000000001 18 1800.0 -120.0 17 -65 120.71800000000003 72.91699999999999 20
2280.0 299.657 18 2280.0 0.0 0 -57 132.71200000000002 96.64499999999998 0
1260.0 232.54699999999997 15 1320.0 -60.0 8 -58 78.24799999999999 60.319999999999986 12
1465.0 236.81700000000006 15 1560.0 -95.0 12 -73 65.55599999999997 58.476 19
1245.0 356.147 22 1500.0 -255.0 29 -89 121.367 59.681 51
1615.0 296.179 17 1890.0 -425.0 42 -71 88.86200000000001 83.64399999999999 81
2340.0 266.514 15 2340.0 0.0 0 -68 95.84800000000001 75.27 0
1410.0 175.78900000000004 15 1410.0 0.0 0 -48 58.958 57.992000000000004 0
1295.0 228.489 19 1530.0 -235.0 31 -63 83.52799999999999 51.698999999999984 47
1710.0 353.08500000000004 18 1980.0 -270.0 24 -87 124.302 78.781 54
2100.0 287.0139999999999 18 2160.0 -60.0 8 -66 111.65800000000004 90.20099999999996 12
1580.0 278.54999999999995 18 1680.0 -100.0 13 -68 101.05699999999999 66.16499999999999 20
1520.0 315.5969999999999 19 1680.0 -160.0 16 -77 105.94699999999999 82.79999999999998 32
2270.0 346.8280000000001 15 2490.0 -220.0 29 -88 117.078 97.52599999999998 44
1200.0 200.97 14 1230.0 -30.0 4 -56 56.718999999999994 51.74999999999998 6
1165.0 252.46200000000005 20 1260.0 -95.0 12 -70 87.91799999999999 49.13499999999999 19
1920.0 267.77499999999986 21 2010.0 -90.0 12 -63 88.65900000000002 88.443 18
1130.0 204.57399999999998 12 1200.0 -70.0 9 -52 69.17999999999999 46.414999999999985 14
3065.0 378.5089999999999 24 3180.0 -115.0 15 -85 162.03199999999995 121.51799999999999 23
1350.0 247.57700000000003 20 1530.0 -340.0 38 -67 87.18699999999998 57.07000000000001 52
1805.0 225.42100000000005 14 1830.0 -25.0 3 -60 73.03800000000001 72.35700000000004 5
2185.0 285.8090000000001 21 2280.0 -95.0 12 -70 104.31599999999999 87.59 19
1495.0 321.76699999999994 18 1710.0 -230.0 26 -81 107.85200000000002 74.60000000000001 44
1620.0 241.54200000000003 16 1620.0 0.0 0 -57 89.76400000000001 77.30199999999996 0
775.0 218.57099999999994 14 840.0 -65.0 5 -63 79.90499999999999 31.196000000000005 13
955.0 210.125 16 1260.0 -305.0 17 -59 77.551 39.019 61
2775.0 308.89900000000006 18 2880.0 -105.0 14 -77 109.57000000000005 106.845 21
1740.0 262.896 21 1800.0 -60.0 8 -58 108.79499999999997 73.52899999999998 12
1740.0 255.924 13 1860.0 -120.0 16 -71 73.74799999999999 77.66399999999999 24
1840.0 324.64599999999984 20 2010.0 -170.0 36 -76 117.56199999999997 86.14700000000002 22
2160.0 320.03799999999984 19 2340.0 -180.0 12 -71 145.99800000000005 77.85599999999997 36
1390.0 241.523 20 1470.0 -80.0 6 -65 88.11299999999997 47.480000000000004 16
1200.0 186.082 17 1230.0 -30.0 4 -53 65.10499999999999 47.883999999999986 6
1195.0 251.201 16 1320.0 -235.0 23 -66 84.49399999999999 47.43399999999999 47
1905.0 297.7250000000001 15 2040.0 -135.0 9 -76 96.17500000000003 89.39200000000004 27
2540.0 296.831 15 2640.0 -100.0 13 -78 106.06000000000002 91.191 20
1830.0 248.99599999999998 20 1830.0 0.0 0 -65 95.278 58.86799999999999 0
2305.0 332.00399999999985 25 2370.0 -65.0 8 -78 128.26999999999998 89.29399999999998 13
2220.0 275.499 18 2340.0 -120.0 24 -74 75.276 85.69599999999996 18
1940.0 327.63199999999995 20 2040.0 -100.0 19 -75 102.67099999999998 94.75900000000003 16
1950.0 227.702 16 1950.0 -60.0 20 -49 89.42400000000002 73.92999999999998 4
1270.0 279.789 18 1380.0 -110.0 11 -71 113.354 52.697 22
2065.0 337.999 22 2220.0 -385.0 30 -69 133.54199999999997 93.831 77
1620.0 203.06300000000005 13 1800.0 -255.0 21 -49 68.05300000000001 64.39800000000002 51
1755.0 312.62799999999993 17 1860.0 -325.0 28 -63 117.65899999999998 86.14399999999999 65
2340.0 318.549 18 2550.0 -210.0 19 -77 102.26100000000002 101.45999999999997 42
1230.0 194.50100000000006 18 1230.0 0.0 0 -56 71.02699999999999 41.126999999999995 0
1260.0 241.914 18 1260.0 0.0 0 -56 92.15099999999998 57.66599999999998 0
2170.0 288.414 17 2220.0 -50.0 6 -61 111.30100000000003 94.29000000000002 10
1485.0 210.35600000000005 15 1530.0 -45.0 6 -53 71.738 60.84400000000001 9
1785.0 278.813 19 1800.0 -45.0 15 -72 83.48199999999999 76.32100000000001 3
1160.0 251.07299999999998 17 1440.0 -280.0 18 -51 97.26699999999998 72.59699999999997 56
1960.0 279.9679999999999 17 2160.0 -200.0 13 -66 104.61300000000001 86.79999999999997 40
1215.0 269.98699999999985 17 1560.0 -380.0 40 -60 106.07999999999998 64.85699999999999 76
1870.0 313.1739999999999 23 1920.0 -50.0 6 -77 109.22299999999998 81.27599999999998 10
1710.0 226.93500000000003 22 1740.0 -30.0 4 -62 79.20299999999999 57.60299999999998 6
1930.0 223.108 15 1980.0 -50.0 6 -66 59.41099999999999 74.052 10
2240.0 292.035 21 2280.0 -40.0 5 -64 124.01299999999999 91.18099999999998 8
1305.0 243.1430000000001 15 1470.0 -165.0 13 -57 81.97599999999998 58.295000000000016 33
1425.0 223.61399999999995 17 1620.0 -295.0 24 -57 80.863 61.26599999999999 59
1460.0 259.5249999999999 20 1530.0 -70.0 9 -65 91.98599999999998 58.67999999999999 14
1885.0 317.0400000000001 21 1980.0 -220.0 20 -76 117.92100000000002 78.04999999999998 44
1380.0 226.60500000000005 20 1380.0 0.0 0 -64 72.93699999999998 60.999999999999986 0
1730.0 258.353 17 1830.0 -190.0 15 -64 91.09200000000001 75.33799999999998 38
2015.0 301.28999999999996 15 2130.0 -115.0 15 -83 96.40400000000001 82.53000000000004 23
1170.0 194.53400000000002 16 1170.0 0.0 0 -56 57.459999999999994 36.733 0
1875.0 254.60499999999993 13 1980.0 -105.0 11 -66 90.38100000000001 72.18799999999999 21
890.0 197.584 17 960.0 -70.0 9 -57 60.74599999999999 44.99100000000001 14
1340.0 220.586 17 1590.0 -250.0 20 -52 88.82400000000003 60.981 50
2275.0 319.365 16 2550.0 -275.0 36 -72 110.666 98.70499999999997 55
1535.0 231.63799999999998 16 1590.0 -55.0 7 -65 73.145 65.73 11
2505.0 314.1169999999999 18 2670.0 -165.0 11 -79 108.83799999999998 102.063 33
1820.0 297.299 19 1890.0 -70.0 9 -73 96.18199999999997 82.33399999999997 14
1620.0 233.13000000000005 20 1620.0 0.0 0 -60 92.11299999999997 60.861 0
2325.0 310.974 18 2460.0 -135.0 18 -80 101.05900000000005 97.31899999999996 27
2205.0 327.18300000000016 18 2280.0 -75.0 25 -83 110.053 79.29200000000002 5
1540.0 265.6529999999999 20 1680.0 -140.0 18 -74 92.47099999999999 61.13299999999998 28
1190.0 174.624 19 1230.0 -40.0 5 -45 58.535 47.98099999999999 8
1050.0 155.778 13 1200.0 -255.0 33 -44 50.722999999999985 42.181999999999995 51
2825.0 326.0800000000001 18 3270.0 -545.0 94 -77 112.649 114.23100000000001 57
1980.0 255.39199999999994 25 1980.0 0.0 0 -69 96.14199999999997 70.198 0
2390.0 293.10999999999996 19 2460.0 -70.0 9 -74 107.30500000000004 92.22199999999998 14
2010.0 310.14699999999993 20 2130.0 -120.0 16 -78 123.58699999999999 83.00399999999996 24
1530.0 197.83100000000002 14 1530.0 0.0 0 -55 64.38300000000001 60.67399999999998 0
2025.0 266.1890000000001 17 2040.0 -15.0 5 -71 73.38899999999998 71.51600000000003 1
1320.0 259.61 17 1410.0 -90.0 12 -68 90.19199999999998 58.45799999999999 18
1835.0 339.80400000000003 18 2100.0 -265.0 23 -86 110.245 88.54799999999996 53
1410.0 198.925 15 1410.0 0.0 0 -63 65.45199999999998 47.940000000000005 0
1060.0 206.9250000000001 16 1320.0 -290.0 38 -52 83.686 45.68499999999998 58
2050.0 291.6099999999999 17 2190.0 -140.0 26 -64 110.27899999999997 95.08399999999999 20
1305.0 282.1039999999999 14 1470.0 -165.0 11 -75 95.22000000000001 52.89399999999999 33
2020.0 279.553 24 2070.0 -50.0 6 -76 95.73200000000001 79.79599999999998 10
2100.0 240.80599999999998 19 2100.0 0.0 0 -49 104.34000000000002 82.61899999999997 0
1530.0 350.61099999999993 19 1890.0 -360.0 38 -96 125.85999999999997 62.065999999999995 72
2465.0 259.6000000000001 16 2580.0 -205.0 63 -58 105.87200000000003 87.37599999999999 17
1355.0 260.80800000000005 18 1380.0 -25.0 3 -70 91.45399999999995 52.083999999999996 5
1585.0 280.336 20 1830.0 -290.0 38 -76 89.77799999999999 68.32799999999997 58
1590.0 249.341 22 1590.0 0.0 0 -64 92.27099999999999 67.34899999999999 0
2190.0 267.22999999999996 24 2310.0 -165.0 55 -70 97.13499999999998 87.715 11
1925.0 228.53899999999996 16 2100.0 -175.0 15 -61 88.83200000000001 61.687999999999974 35
1310.0 283.748 22 1560.0 -285.0 37 -67 91.154 71.78500000000001 57
2010.0 301.679 18 2160.0 -150.0 19 -84 75.464 86.35999999999997 28
1380.0 209.35700000000006 15 1380.0 0.0 0 -57 72.82199999999999 54.41 0
1475.0 284.331 14 1740.0 -265.0 18 -58 79.97599999999998 60.00799999999998 53
2310.0 322.4969999999999 21 2460.0 -150.0 12 -77 119.71900000000002 96.998 30
1080.0 190.28599999999997 17 1080.0 -120.0 8 -52 62.32899999999999 49.42299999999999 24
2115.0 330.8349999999999 22 2130.0 -15.0 5 -74 141.191 75.69799999999998 1
1750.0 230.4650000000001 16 1800.0 -240.0 21 -60 66.83800000000001 83.14500000000002 48
1455.0 275.71299999999997 19 1530.0 -75.0 10 -65 120.34699999999998 64.02899999999998 15
1445.0 241.00500000000002 18 1650.0 -205.0 20 -67 93.35699999999997 47.980000000000004 41
1460.0 260.982 20 1530.0 -70.0 5 -74 87.82899999999998 61.37599999999999 14
1290.0 278.689 19 1410.0 -120.0 12 -75 96.87900000000002 63.478999999999985 24
1205.0 182.90700000000007 16 1230.0 -40.0 8 -56 51.311 50.91799999999999 6
2305.0 337.37899999999985 30 2370.0 -65.0 8 -80 127.123 100.483 13
1770.0 240.04700000000003 18 1800.0 -30.0 10 -65 66.708 75.19500000000001 2
1710.0 281.87800000000004 16 1800.0 -90.0 12 -74 97.93499999999999 63.41900000000002 18
1560.0 230.22700000000003 17 1560.0 0.0 0 -64 84.725 52.048999999999985 0
2030.0 342.526 20 2130.0 -100.0 13 -80 144.56499999999997 85.985 20
1835.0 229.45999999999995 21 1860.0 -155.0 11 -63 81.466 66.53099999999996 31
1620.0 233.00699999999995 20 1620.0 0.0 0 -71 63.37299999999998 59.42499999999998 0
1815.0 292.86699999999996 18 1860.0 -45.0 6 -72 120.02200000000002 68.53099999999999 9
2160.0 253.32599999999996 20 2220.0 -60.0 8 -67 86.02299999999998 81.47299999999998 12
1470.0 211.76799999999994 13 1590.0 -230.0 15 -52 73.824 55.84299999999999 46
1650.0 272.83500000000004 15 1740.0 -90.0 7 -67 99.613 71.03199999999997 18
1890.0 221.22299999999998 13 1890.0 0.0 0 -50 95.99399999999999 69.37699999999998 0
1500.0 194.50700000000003 12 1500.0 0.0 0 -48 63.149000000000015 61.771 0
1580.0 267.835 16 1680.0 -100.0 10 -71 87.96699999999998 73.24399999999999 20
1590.0 249.58399999999992 16 1770.0 -270.0 25 -64 85.119 70.33499999999997 54
2355.0 276.72400000000005 18 2430.0 -75.0 10 -67 90.44999999999997 98.741 15
1740.0 262.977 16 1980.0 -240.0 80 -55 101.66200000000003 85.278 16
1810.0 270.756 18 1980.0 -170.0 17 -68 103.88299999999998 70.671 34
1440.0 254.103 15 1530.0 -90.0 12 -67 93.86300000000001 56.56199999999999 18
1530.0 194.59800000000004 17 1530.0 0.0 0 -55 58.97699999999999 61.825999999999986 0
995.0 196.459 15 1350.0 -435.0 28 -51 69.39099999999999 44.635000000000005 87
1305.0 252.05599999999993 20 1380.0 -75.0 6 -70 82.93400000000001 57.601000000000006 15
1865.0 318.3800000000001 19 1980.0 -115.0 18 -82 99.93899999999998 80.50299999999999 21
2490.0 309.40299999999996 17 2580.0 -90.0 12 -72 113.998 99.26399999999997 18
1685.0 274.44800000000004 14 1890.0 -315.0 33 -72 90.01000000000002 74.01199999999996 63
1650.0 282.442 22 1680.0 -30.0 4 -72 102.603 76.41099999999997 6
1650.0 260.63200000000006 14 1710.0 -60.0 8 -68 99.884 65.05599999999998 12
1220.0 298.0889999999999 14 1530.0 -310.0 38 -68 74.405 69.24199999999998 62
1110.0 195.38900000000004 15 1110.0 -110.0 7 -48 64.965 49.57999999999999 22
1575.0 250.695 15 1770.0 -195.0 16 -66 89.24300000000002 63.031000000000006 39
1685.0 273.20799999999997 17 1920.0 -235.0 17 -64 105.22599999999998 72.73199999999999 47
2175.0 278.4519999999999 18 2250.0 -75.0 10 -72 100.15600000000002 87.268 15
2625.0 346.43899999999996 14 2790.0 -165.0 25 -75 131.95000000000007 112.14599999999997 27
1970.0 317.03199999999987 18 2040.0 -100.0 19 -73 124.96200000000003 78.59599999999999 16
1605.0 376.0480000000001 22 1770.0 -165.0 21 -91 141.051 81.55399999999999 33
1320.0 210.66500000000002 18 1440.0 -225.0 63 -54 77.59799999999998 63.011 23
2070.0 256.36000000000007 23 2160.0 -105.0 12 -73 70.50699999999999 88.49199999999999 19
1300.0 200.52499999999998 21 1710.0 -440.0 61 -54 74.414 55.42399999999999 88
2270.0 366.227 21 2460.0 -220.0 35 -83 138.13200000000003 102.83199999999997 40
1410.0 194.952 16 1410.0 0.0 0 -57 61.03299999999999 51.715999999999994 0
2060.0 301.09400000000005 23 2100.0 -40.0 5 -71 118.11199999999997 91.583 8
2640.0 299.866 18 2760.0 -120.0 15 -77 89.68699999999998 100.52 24
1365.0 229.00299999999993 14 1410.0 -45.0 6 -59 78.94800000000004 56.75 9
1320.0 266.578 23 1650.0 -330.0 23 -71 93.02299999999998 63.305999999999976 66
1050.0 201.077 15 1050.0 0.0 0 -45 84.95500000000001 45.18699999999999 0
2725.0 329.7710000000002 21 2910.0 -185.0 12 -71 116.60399999999998 94.13200000000003 37
1735.0 217.14600000000002 19 1830.0 -95.0 12 -71 59.612999999999985 66.69999999999999 19
1960.0 316.6249999999999 18 2130.0 -170.0 22 -68 131.14400000000006 91.20699999999998 34
2400.0 276.92700000000013 22 2490.0 -155.0 20 -79 91.18799999999999 87.52600000000001 31
2190.0 255.5760000000001 17 2190.0 0.0 0 -64 93.32300000000002 80.822 0
2210.0 252.3300000000001 19 2250.0 -270.0 20 -54 108.30300000000005 89.18499999999996 54
1960.0 326.913 18 2130.0 -370.0 54 -76 114.89599999999999 85.03599999999999 70
1225.0 257.174 17 1620.0 -420.0 56 -69 84.67099999999998 62.35200000000001 84
1510.0 282.7950000000002 17 1680.0 -170.0 22 -74 91.73599999999996 67.803 34
1390.0 253.338 20 1470.0 -80.0 11 -55 99.68699999999997 71.125 16
1290.0 201.43500000000003 17 1290.0 0.0 0 -48 68.63999999999999 55.655 0
1140.0 217.259 17 1230.0 -90.0 12 -62 77.31699999999998 40.611 18
2030.0 222.0 16 2100.0 -70.0 9 -64 74.75400000000002 66.333 14
1080.0 192.19399999999996 15 1080.0 0.0 0 -48 72.04199999999999 40.20899999999999 0
1365.0 221.79699999999997 18 1530.0 -165.0 13 -56 83.51599999999998 52.83 33
2260.0 305.2450000000001 21 2400.0 -140.0 22 -71 113.83500000000005 76.88400000000001 22
1500.0 217.46400000000006 15 1500.0 0.0 0 -60 69.05399999999999 53.052 0
1560.0 234.33999999999995 15 1560.0 0.0 0 -52 92.21900000000001 64.41599999999998 0
1915.0 240.06600000000006 19 2040.0 -125.0 8 -62 79.69 76.28500000000003 25
1485.0 265.51499999999993 20 1560.0 -75.0 10 -68 96.462 65.19599999999998 15
1490.0 268.5329999999999 20 1680.0 -190.0 15 -59 106.50399999999998 74.296 38
2070.0 298.6899999999999 15 2160.0 -90.0 30 -75 96.158 89.15699999999998 6
1700.0 236.73700000000002 18 1740.0 -40.0 3 -65 77.90199999999997 64.61999999999998 8
2040.0 312.77799999999996 18 2220.0 -180.0 19 -82 107.97300000000001 86.77 36
2250.0 315.7490000000001 25 2250.0 0.0 0 -74 124.36100000000002 93.39800000000002 0
1660.0 266.485 19 1740.0 -80.0 10 -65 88.80099999999996 72.73299999999999 16
1480.0 267.017 24 1800.0 -340.0 54 -68 99.37099999999998 70.574 38
1730.0 223.43199999999996 19 1860.0 -130.0 10 -67 69.112 62.97399999999999 26
1800.0 236.4890000000001 17 1800.0 0.0 0 -62 77.96999999999998 70.629 0
1620.0 242.25199999999998 12 1800.0 -180.0 12 -70 55.59599999999998 73.49400000000001 36
1440.0 228.82 18 1440.0 0.0 0 -65 71.25999999999999 56.232 0
1380.0 185.07000000000005 18 1380.0 0.0 0 -60 61.08399999999999 45.877999999999986 0
1110.0 227.50399999999996 17 1110.0 -15.0 5 -58 75.48599999999999 46.45000000000001 1
1820.0 275.0319999999999 19 1890.0 -70.0 9 -67 98.64599999999999 82.15699999999998 14
1505.0 193.601 11 1590.0 -85.0 11 -56 56.75799999999998 54.298000000000016 17
2310.0 278.8649999999999 16 2640.0 -365.0 45 -68 106.12200000000003 88.53999999999996 73
1395.0 232.08599999999998 19 1470.0 -75.0 10 -64 88.64799999999998 53.112 15
2000.0 302.09699999999987 18 2070.0 -70.0 9 -72 108.295 77.35499999999998 14
2520.0 258.48800000000006 17 2520.0 -250.0 16 -64 89.76100000000002 91.47399999999998 50
1470.0 270.1290000000001 18 1620.0 -150.0 14 -78 80.119 66.48799999999997 30
1510.0 274.84300000000013 18 1620.0 -140.0 22 -68 93.519 62.908999999999985 24
1755.0 275.1819999999999 20 1950.0 -195.0 17 -75 89.551 82.513 39
1500.0 216.713 18 1500.0 0.0 0 -60 80.651 50.144999999999975 0
1330.0 258.853 16 1500.0 -170.0 22 -72 78.62899999999999 58.54499999999999 34
2710.0 327.7990000000001 23 2790.0 -80.0 10 -81 120.01400000000002 108.07099999999996 16
1580.0 244.78300000000002 23 1650.0 -70.0 9 -69 84.78199999999998 64.55099999999999 14
1410.0 187.79299999999995 17 1590.0 -180.0 15 -53 69.144 56.92199999999998 36
945.0 225.09300000000005 15 1020.0 -75.0 7 -58 77.17299999999997 46.01099999999999 15
1865.0 329.768 17 2040.0 -175.0 21 -77 102.67900000000002 92.255 33
1800.0 237.42799999999997 16 1800.0 0.0 0 -56 89.64200000000001 74.08899999999997 0
1920.0 244.145 16 1920.0 0.0 0 -57 86.40000000000002 93.07799999999997 0
2315.0 265.364 20 2340.0 -25.0 3 -63 109.11000000000001 88.897 5
1980.0 256.95900000000006 20 2070.0 -90.0 12 -67 83.66199999999999 71.26299999999998 18
2165.0 332.25700000000006 23 2280.0 -115.0 15 -76 123.07300000000001 95.16499999999999 23
1805.0 247.54199999999994 18 1830.0 -25.0 3 -71 86.75499999999998 72.21099999999998 5
1350.0 273.147 20 1530.0 -180.0 12 -75 94.735 62.90799999999999 36
1575.0 266.2049999999999 15 1920.0 -345.0 31 -66 90.642 73.97500000000001 69
1860.0 278.72099999999995 15 1920.0 -90.0 18 -66 115.63000000000002 66.65899999999998 14
960.0 213.415 14 1020.0 -60.0 8 -53 69.689 51.532999999999994 12
1840.0 238.92200000000003 17 1890.0 -50.0 6 -72 84.56400000000002 57.13900000000001 10
1135.0 257.816 18 1470.0 -335.0 86 -70 75.454 63.774 39
1815.0 284.07199999999995 19 1920.0 -105.0 11 -81 91.04299999999998 65.93199999999999 21
1680.0 251.7300000000001 16 1710.0 -150.0 18 -63 75.29299999999999 70.668 26
1860.0 204.67099999999994 10 1860.0 -285.0 7 -45 78.88100000000003 78.04499999999996 57
1365.0 225.17200000000003 15 1530.0 -165.0 22 -56 80.014 63.32000000000001 33
1720.0 344.606 18 1890.0 -170.0 22 -88 118.90600000000002 72.10999999999997 34
1620.0 256.59299999999996 12 1680.0 -60.0 8 -61 100.424 68.09299999999999 12
1720.0 276.571 15 1980.0 -260.0 24 -67 91.023 82.29400000000001 52
1440.0 214.7860000000001 15 1470.0 -30.0 10 -62 54.95299999999999 55.181999999999995 2
1920.0 280.945 21 2100.0 -180.0 12 -75 104.06299999999999 64.31700000000001 36
2225.0 228.316 13 2250.0 -25.0 3 -57 85.18300000000002 81.85899999999998 5
1620.0 275.7490000000001 20 1770.0 -150.0 12 -78 89.78299999999999 61.527 30
1010.0 174.088 14 1170.0 -160.0 13 -44 72.884 37.076 32
1400.0 259.697 13 1500.0 -100.0 13 -67 77.85700000000003 65.62700000000001 20
1620.0 264.82099999999997 22 1680.0 -60.0 8 -71 99.62399999999998 58.775999999999996 12
1290.0 226.52499999999998 18 1290.0 -65.0 8 -64 74.01299999999999 46.399 13
1590.0 302.6789999999999 22 1770.0 -180.0 12 -79 98.68799999999999 66.68099999999998 36
1420.0 206.01100000000005 19 1470.0 -50.0 6 -53 66.42399999999999 62.34099999999999 10
1080.0 230.803 18 1260.0 -180.0 12 -58 83.673 48.579999999999984 36
1995.0 254.4340000000001 15 2010.0 -15.0 5 -58 78.287 82.89399999999998 1
1810.0 307.004 16 2100.0 -490.0 43 -71 112.93500000000004 82.59199999999997 98
2370.0 305.4249999999999 22 2550.0 -180.0 12 -77 107.97800000000001 99.45999999999998 36
1500.0 251.92700000000002 17 1560.0 -60.0 8 -68 77.506 69.10799999999999 12
1905.0 266.99199999999996 18 1950.0 -45.0 6 -67 94.415 78.76099999999998 9
1790.0 282.013 19 1860.0 -200.0 17 -72 100.49900000000001 77.46 40
1860.0 269.493 20 1860.0 0.0 0 -62 111.58099999999999 72.562 0
1530.0 269.3140000000001 12 1950.0 -420.0 43 -77 70.91900000000003 72.43199999999999 84
1800.0 283.78499999999985 13 2130.0 -330.0 38 -60 116.878 84.896 66
1655.0 227.3530000000001 14 1860.0 -205.0 20 -63 53.919999999999995 69.91800000000005 39
2550.0 297.8760000000001 19 2670.0 -120.0 14 -65 111.59200000000003 115.57499999999997 24
1715.0 272.2319999999999 18 1920.0 -235.0 32 -75 86.80599999999998 67.13299999999998 43
1970.0 252.464 18 2040.0 -100.0 19 -67 79.39999999999999 77.73599999999998 16
1550.0 237.64000000000004 11 1830.0 -280.0 21 -54 94.31500000000004 72.884 56
1470.0 181.24499999999995 16 1500.0 -30.0 4 -55 51.34099999999999 31.338999999999995 6
1770.0 286.081 21 1890.0 -120.0 16 -73 92.99199999999998 73.44999999999999 24
1410.0 256.087 19 1500.0 -90.0 12 -67 92.17299999999999 61.96399999999999 18
1330.0 273.51000000000005 17 1440.0 -110.0 14 -67 92.97500000000002 65.79699999999998 22
2075.0 335.243 17 2250.0 -175.0 26 -86 101.53999999999998 95.44200000000002 33
1270.0 208.07899999999995 16 1350.0 -80.0 6 -57 79.32599999999998 52.17899999999999 16
2250.0 258.00800000000004 15 2250.0 0.0 0 -57 99.94400000000003 96.67799999999995 0
2155.0 268.03099999999995 18 2250.0 -95.0 7 -72 93.62599999999996 81.68 19
2450.0 284.026 15 2520.0 -70.0 12 -56 120.67499999999995 95.33999999999999 12
1680.0 233.69600000000003 19 1680.0 0.0 0 -58 90.199 62.854 0
2700.0 206.27700000000004 13 2700.0 0.0 0 -59 63.86099999999999 81.88699999999997 0
1250.0 295.8579999999999 23 1590.0 -340.0 29 -75 108.13099999999999 59.94200000000001 68
1720.0 309.8709999999999 19 1890.0 -170.0 22 -73 119.352 75.075 34
1130.0 283.04699999999997 20 1230.0 -100.0 13 -78 92.90299999999999 54.361999999999995 20
1365.0 280.6059999999999 17 1530.0 -165.0 22 -74 69.79099999999997 62.391999999999996 33
1860.0 295.21000000000004 20 1920.0 -60.0 8 -74 106.50200000000001 76.43999999999998 12
2340.0 274.51599999999996 21 2340.0 0.0 0 -64 99.98300000000002 101.11200000000002 0
2970.0 379.541 23 3030.0 -60.0 8 -74 167.188 125.16099999999996 12
2550.0 244.51599999999996 19 2580.0 -30.0 4 -65 74.21999999999996 102.79799999999999 6
2415.0 301.26600000000013 19 2490.0 -75.0 13 -70 114.60199999999998 80.78099999999999 13
1805.0 242.9530000000001 15 1890.0 -85.0 8 -56 88.00699999999999 82.978 17
1785.0 224.50200000000007 20 1860.0 -75.0 13 -57 70.66199999999999 66.62200000000001 13
1530.0 176.67999999999992 17 1530.0 0.0 0 -52 62.32199999999999 57.84399999999998 0
1770.0 311.644 20 2010.0 -370.0 28 -84 101.95399999999998 73.56700000000001 74
1780.0 268.73400000000004 16 1950.0 -170.0 22 -76 76.88400000000003 75.103 34
1885.0 289.0979999999999 19 2010.0 -125.0 11 -72 107.149 75.01899999999999 25
1680.0 297.80899999999986 20 1800.0 -120.0 11 -76 108.76599999999996 66.978 24
1110.0 228.89999999999998 16 1380.0 -270.0 21 -55 96.70899999999999 52.69699999999999 54
2115.0 299.74999999999994 23 2190.0 -75.0 9 -78 99.24499999999998 90.365 15
2390.0 320.27 17 2520.0 -130.0 17 -85 100.51500000000001 98.76999999999998 26
2100.0 259.121 19 2100.0 0.0 0 -63 106.256 71.60199999999998 0
1400.0 235.65999999999997 16 1740.0 -415.0 38 -61 84.48399999999998 56.644 83
2620.0 255.82700000000008 12 2760.0 -140.0 13 -70 62.61 109.26299999999998 28
2205.0 249.1090000000001 15 2370.0 -210.0 27 -56 93.07100000000003 92.93299999999996 42
1245.0 254.93 15 1410.0 -215.0 28 -68 80.38700000000001 46.88099999999999 43
1665.0 228.44299999999996 19 1740.0 -90.0 15 -62 74.00799999999998 72.451 16
840.0 182.93700000000004 13 840.0 0.0 0 -47 68.48499999999999 36.315999999999995 0
1885.0 271.46099999999996 16 1980.0 -95.0 12 -74 82.64999999999996 75.555 19
1480.0 231.35 16 1530.0 -80.0 16 -62 78.76 53.75099999999999 12
1335.0 245.39700000000002 15 1530.0 -235.0 30 -55 89.22999999999998 73.61299999999999 47
1565.0 201.74999999999997 20 1620.0 -55.0 7 -58 69.06399999999998 57.12599999999999 11
1635.0 338.18999999999994 22 1800.0 -165.0 22 -91 113.402 68.09499999999997 33
2370.0 367.6849999999999 23 2520.0 -150.0 20 -90 134.484 98.08499999999997 30
1900.0 272.41200000000003 19 2010.0 -140.0 19 -63 102.94000000000001 77.61299999999999 24
1680.0 213.60500000000002 16 1680.0 0.0 0 -56 79.61099999999999 59.56799999999999 0
1325.0 249.074 16 1530.0 -205.0 27 -69 84.211 56.129000000000005 41
1545.0 242.125 19 1680.0 -135.0 18 -61 87.06199999999998 59.911 27
1980.0 218.43 18 1980.0 0.0 0 -57 74.38999999999997 72.78499999999998 0
1935.0 272.247 16 1950.0 -135.0 45 -67 70.15299999999999 91.50300000000001 9
1540.0 289.355 22 1740.0 -200.0 17 -79 102.84299999999999 60.51999999999998 40
1560.0 209.46899999999994 17 1560.0 0.0 0 -57 79.80799999999996 49.93999999999999 0
1650.0 330.44300000000004 26 1770.0 -120.0 16 -90 121.80600000000001 75.013 24
3090.0 301.424 20 3120.0 -30.0 4 -67 127.00400000000003 112.712 6
1725.0 243.98299999999998 20 1770.0 -45.0 6 -66 86.60400000000001 63.997 9
2595.0 292.1919999999999 16 2820.0 -225.0 29 -78 95.97500000000001 94.43299999999999 45
1050.0 178.202 17 1050.0 0.0 0 -50 56.06099999999999 41.961 0
1740.0 202.20800000000006 16 1740.0 0.0 0 -56 70.229 65.70199999999998 0
1470.0 255.32200000000003 21 1560.0 -150.0 20 -69 88.49600000000001 58.38899999999996 30
1805.0 299.57499999999993 18 2040.0 -235.0 33 -78 101.87299999999999 71.503 37
1750.0 262.06300000000005 16 1920.0 -170.0 25 -56 94.923 78.52099999999996 32
1745.0 354.1549999999998 20 1980.0 -235.0 21 -84 124.357 70.568 47
1990.0 302.16499999999996 16 2160.0 -170.0 22 -87 104.419 59.31099999999997 34
1845.0 326.494 19 2130.0 -325.0 48 -76 109.18699999999998 94.46000000000001 61
2190.0 275.19100000000014 19 2220.0 -30.0 4 -66 96.015 89.74500000000002 6
2335.0 265.34000000000003 20 2430.0 -180.0 14 -56 116.68100000000003 89.02599999999998 36
1470.0 282.721 16 1500.0 -30.0 10 -75 85.442 61.46400000000002 2
1170.0 220.17999999999992 16 1170.0 0.0 0 -58 82.54199999999999 49.55699999999998 0
2090.0 245.38300000000007 18 2490.0 -450.0 40 -55 91.42700000000002 95.53899999999996 90
1165.0 230.41200000000006 17 1260.0 -125.0 17 -62 89.731 36.898999999999994 21
1530.0 254.74500000000003 25 1530.0 0.0 0 -63 84.28199999999998 74.28699999999998 0
1455.0 298.428 18 1590.0 -135.0 10 -71 111.05 62.552 27
2280.0 273.17800000000005 18 2340.0 -60.0 5 -64 108.315 90.42799999999998 12
2240.0 222.90899999999996 15 2280.0 -40.0 5 -58 77.284 70.78699999999999 8
1625.0 285.853 19 1650.0 -25.0 3 -65 123.86499999999998 68.39699999999999 5
780.0 242.551 15 960.0 -430.0 45 -60 85.93399999999998 44.08099999999999 86
1170.0 164.53200000000004 15 1170.0 0.0 0 -52 49.106 43.025999999999996 0
1440.0 217.718 14 1440.0 0.0 0 -62 84.08199999999998 44.081999999999994 0
1850.0 320.0200000000001 17 1950.0 -100.0 16 -74 106.16600000000001 86.669 18
1150.0 254.02799999999993 18 1440.0 -395.0 54 -61 97.53500000000003 62.92099999999998 79
1335.0 260.6849999999999 16 1470.0 -260.0 21 -72 73.42200000000001 68.329 52
1615.0 247.657 13 1680.0 -65.0 8 -64 82.79699999999997 65.58200000000001 13
1260.0 203.233 17 1380.0 -280.0 24 -51 76.08499999999998 46.541999999999994 56
1230.0 229.35000000000005 20 1230.0 0.0 0 -56 83.242 55.43899999999999 0
1865.0 276.16299999999995 13 1950.0 -85.0 11 -75 77.36800000000002 78.00699999999998 17
1740.0 277.261 15 1920.0 -180.0 12 -73 91.18200000000003 71.63899999999998 36
2090.0 273.628 20 2190.0 -100.0 8 -72 95.926 77.83799999999998 20
2060.0 298.69900000000007 17 2310.0 -250.0 23 -74 110.35000000000002 72.52499999999998 50
1505.0 220.634 16 1560.0 -55.0 7 -62 68.16799999999999 64.87499999999999 11
1755.0 276.99899999999997 18 1800.0 -45.0 6 -67 105.80499999999998 72.25499999999998 9
2105.0 345.304 21 2250.0 -310.0 27 -76 144.99400000000003 89.90799999999999 62
1695.0 293.66399999999993 16 1770.0 -75.0 13 -67 99.36699999999999 72.49700000000001 13
1695.0 299.466 17 1770.0 -105.0 20 -74 97.16300000000001 87.26699999999997 17
1400.0 304.1790000000001 20 1500.0 -100.0 15 -69 123.79899999999999 62.14000000000001 16
2070.0 286.1110000000001 22 2100.0 -30.0 4 -69 110.693 86.65199999999999 6
990.0 249.79100000000003 17 1110.0 -120.0 13 -58 101.193 44.849 24
1260.0 250.05 18 1320.0 -60.0 8 -64 86.12899999999999 58.35199999999999 12
1475.0 300.6280000000001 20 1680.0 -205.0 15 -80 100.01799999999999 74.981 41
1230.0 179.50300000000004 15 1230.0 0.0 0 -49 60.085 42.29 0
980.0 179.643 13 1020.0 -40.0 5 -46 47.867 48.428999999999995 8
1560.0 246.449 17 1740.0 -180.0 13 -67 81.16199999999999 61.12999999999999 36
1700.0 228.07500000000002 18 1770.0 -70.0 5 -66 81.96999999999998 60.70299999999998 14
1780.0 254.8609999999999 16 1860.0 -80.0 10 -66 86.677 72.43999999999998 16
1355.0 300.24499999999983 18 1560.0 -305.0 25 -63 114.307 80.77399999999999 61
2090.0 275.208 21 2160.0 -70.0 5 -71 93.136 87.35299999999997 14
2290.0 268.1049999999999 14 2670.0 -435.0 43 -63 83.44 90.10599999999998 87
1700.0 285.71999999999986 16 1920.0 -220.0 28 -64 94.76299999999999 91.78699999999996 44
1010.0 261.411 18 1110.0 -100.0 10 -70 68.65399999999998 62.21599999999999 20
1445.0 303.28799999999995 18 1740.0 -410.0 37 -78 101.613 83.40899999999999 82
1240.0 241.31800000000004 17 1290.0 -50.0 6 -65 89.45900000000005 58.95799999999997 10
1350.0 166.77100000000002 14 1380.0 -330.0 29 -45 59.798 47.961 66
1870.0 265.1260000000001 18 1920.0 -50.0 6 -61 108.039 79.55199999999999 10
1360.0 205.66399999999993 18 1440.0 -80.0 10 -58 69.95299999999999 51.213 16
2405.0 327.64300000000003 21 2490.0 -85.0 11 -69 146.132 98.46799999999999 17
1355.0 288.66300000000007 16 1620.0 -265.0 23 -76 105.801 58.03099999999998 53
1245.0 243.87300000000016 18 1410.0 -205.0 27 -62 95.14599999999999 52.533 41
2055.0 353.88700000000006 20 2250.0 -195.0 33 -91 134.76600000000002 81.28200000000001 31
1295.0 211.18699999999995 16 1320.0 -25.0 3 -52 76.047 59.80299999999999 5
1140.0 254.7100000000001 15 1320.0 -180.0 12 -75 80.76399999999998 55.44499999999999 36
1380.0 281.53399999999993 18 1560.0 -180.0 15 -78 99.08300000000001 52.60299999999998 36
2560.0 321.29400000000004 20 2760.0 -200.0 16 -77 134.89400000000003 87.47999999999998 40
1265.0 199.37600000000006 16 1290.0 -25.0 3 -56 66.037 53.881999999999984 5
1830.0 292.92999999999995 20 1890.0 -60.0 8 -72 111.66400000000004 72.75200000000001 12
2070.0 260.48799999999994 22 2070.0 0.0 0 -63 102.47099999999998 78.503 0
1720.0 229.64300000000003 15 1770.0 -50.0 6 -57 90.30600000000001 62.976000000000006 10
2555.0 280.13700000000006 17 2820.0 -300.0 38 -57 111.60200000000002 103.88399999999997 60
1910.0 271.11100000000016 18 2010.0 -100.0 13 -74 94.80900000000001 73.096 20
1260.0 208.63399999999996 13 1560.0 -320.0 43 -48 72.89500000000002 59.343999999999966 64
1315.0 234.629 18 1560.0 -245.0 32 -56 93.29999999999998 63.195999999999984 49
1410.0 242.30100000000002 16 1500.0 -90.0 7 -65 94.58799999999997 56.931999999999995 18
1650.0 269.994 20 1800.0 -150.0 12 -74 72.74599999999998 69.13099999999999 30
1470.0 240.94800000000004 17 1500.0 -30.0 4 -66 77.25499999999998 71.463 6
960.0 200.19000000000005 16 960.0 0.0 0 -48 76.791 36.127 0
2160.0 274.4829999999999 15 2280.0 -120.0 16 -78 81.69500000000001 84.46099999999998 24
1625.0 252.824 12 1680.0 -55.0 7 -56 97.03500000000003 77.98499999999997 11
1495.0 219.73600000000002 14 1620.0 -125.0 10 -57 73.402 60.56199999999998 25
1670.0 281.95500000000004 22 1740.0 -70.0 9 -75 89.084 80.31599999999999 14
1580.0 254.87699999999998 18 1620.0 -40.0 5 -63 80.57999999999998 67.26399999999998 8
1980.0 320.47099999999995 21 2040.0 -60.0 8 -71 123.57299999999996 85.35899999999998 12
1800.0 235.53799999999995 16 1890.0 -90.0 7 -66 65.30199999999998 69.237 18
1680.0 253.36399999999998 23 1680.0 -130.0 8 -65 90.963 71.47999999999999 26
1020.0 248.67499999999998 15 1200.0 -180.0 16 -62 95.37699999999997 47.75799999999999 36
1795.0 279.3549999999999 21 1920.0 -125.0 12 -69 115.097 67.54799999999999 25
1920.0 276.86100000000005 14 2070.0 -150.0 18 -64 99.41000000000003 89.887 26
1550.0 230.76100000000002 19 1620.0 -70.0 9 -69 76.83999999999999 59.28399999999999 14
1895.0 217.852 19 1920.0 -25.0 3 -61 61.89299999999999 76.88400000000001 5
2570.0 340.9920000000001 21 2670.0 -100.0 13 -81 123.03399999999999 102.35000000000001 20
2420.0 270.9339999999999 19 2490.0 -70.0 9 -74 89.785 68.08099999999997 14
1315.0 231.41299999999998 16 1650.0 -335.0 28 -61 76.61199999999998 60.137999999999984 67
1485.0 298.837 19 1650.0 -270.0 17 -60 117.18199999999996 76.78699999999998 54
1950.0 232.04799999999997 19 1950.0 0.0 0 -61 81.543 69.07399999999998 0
1740.0 212.66799999999998 16 1950.0 -210.0 28 -60 76.42699999999998 71.65999999999998 42
2160.0 285.21200000000005 18 2220.0 -60.0 8 -74 96.26099999999997 81.25400000000002 12
2005.0 261.622 16 2100.0 -95.0 7 -58 89.69899999999998 88.087 19
1890.0 302.9149999999999 19 1980.0 -90.0 7 -72 105.66000000000001 84.205 18
1845.0 267.46 21 1920.0 -75.0 10 -74 88.31799999999997 75.20499999999998 15
980.0 231.97900000000007 11 1140.0 -160.0 21 -65 62.76800000000001 51.71899999999999 32
2565.0 268.09700000000004 16 2610.0 -45.0 6 -63 106.62499999999999 86.57499999999999 9
1410.0 233.346 18 1410.0 0.0 0 -58 86.46799999999996 61.46600000000001 0
1140.0 224.985 15 1140.0 0.0 0 -59 80.47699999999999 44.867000000000004 0
2070.0 271.37699999999995 18 2250.0 -180.0 12 -67 103.13600000000002 81.51699999999997 36
1790.0 266.405 16 1920.0 -130.0 17 -69 83.94499999999998 77.41299999999997 26
1355.0 293.121 20 1590.0 -235.0 23 -78 110.04999999999998 46.196 47
1620.0 258.20600000000013 22 1620.0 0.0 0 -64 103.71700000000003 60.486 0
1920.0 283.739 22 2010.0 -90.0 9 -74 98.154 80.74899999999997 18
1770.0 272.087 17 2160.0 -390.0 27 -60 106.73299999999999 86.007 78
1800.0 249.78500000000003 18 1860.0 -60.0 8 -58 106.35800000000002 67.88399999999999 12
2060.0 328.36800000000005 20 2190.0 -130.0 9 -76 118.673 100.19699999999997 26
2535.0 338.1860000000001 15 2730.0 -195.0 25 -78 117.73500000000001 113.41400000000003 39
1905.0 293.2179999999999 15 1950.0 -45.0 6 -69 112.91400000000002 78.899 9
1340.0 261.2150000000001 18 1410.0 -70.0 9 -69 91.46 53.336 14
1720.0 264.012 17 1830.0 -110.0 14 -67 94.577 63.54199999999999 22
1410.0 227.56599999999997 22 1410.0 0.0 0 -57 80.05699999999999 63.717 0
2160.0 290.6209999999999 18 2220.0 -60.0 8 -71 95.838 96.05299999999997 12
1435.0 281.89999999999986 17 1590.0 -155.0 20 -75 100.53199999999997 60.67499999999999 31
1725.0 287.575 21 1950.0 -225.0 21 -77 93.79200000000003 79.522 45
1590.0 266.90099999999995 17 1770.0 -180.0 12 -73 76.26799999999999 72.64600000000002 36
2325.0 279.01500000000004 17 2520.0 -195.0 12 -63 99.00399999999999 109.26599999999996 39
2010.0 224.36799999999994 15 2010.0 0.0 0 -59 79.416 68.73599999999999 0
1190.0 257.42600000000004 14 1260.0 -70.0 6 -60 103.949 49.427 14
1250.0 222.93100000000004 16 1290.0 -40.0 5 -63 81.01099999999998 50.72299999999999 8
1760.0 287.40400000000005 25 2010.0 -250.0 23 -68 111.25999999999998 86.22599999999998 50
2100.0 264.9549999999999 22 2100.0 0.0 0 -60 103.28699999999996 82.68699999999998 0
1905.0 277.883 20 2040.0 -135.0 21 -75 81.85699999999997 81.88199999999998 25
2250.0 282.08400000000006 18 2370.0 -120.0 14 -72 90.73100000000002 78.90699999999998 24
2140.0 275.60800000000006 16 2250.0 -110.0 11 -68 99.57 93.12999999999995 22
2760.0 368.379 21 2910.0 -150.0 26 -89 131.042 110.37899999999999 24
1695.0 342.2250000000001 21 2040.0 -345.0 28 -82 91.83299999999998 87.37399999999998 69
915.0 287.766 14 1200.0 -285.0 28 -74 94.53199999999998 57.36 57
1265.0 251.549 20 1500.0 -235.0 18 -55 102.49900000000005 64.86099999999999 47
990.0 180.916 12 1050.0 -60.0 8 -52 62.099999999999994 32.992 12
1120.0 256.051 15 1530.0 -410.0 28 -65 92.49 58.886 82
2100.0 267.95500000000004 17 2310.0 -210.0 17 -64 101.21400000000006 83.17699999999998 42
1790.0 305.389 23 1950.0 -160.0 32 -80 115.72999999999998 81.31299999999999 22
1830.0 259.884 16 1860.0 -30.0 10 -71 74.36399999999999 65.88800000000002 2
1295.0 301.20999999999987 19 1470.0 -175.0 23 -76 98.11600000000003 70.086 35
1320.0 227.749 17 1380.0 -160.0 21 -53 78.573 61.862999999999985 32
1865.0 208.81800000000007 15 1980.0 -220.0 13 -51 69.819 82.99500000000002 44
1680.0 251.87500000000006 16 2160.0 -495.0 75 -59 83.769 84.868 91
2205.0 313.27000000000015 13 2550.0 -345.0 43 -74 104.811 93.07599999999996 61
1170.0 233.44400000000005 16 1170.0 0.0 0 -55 88.37400000000002 52.335 0
1590.0 268.1770000000001 19 1590.0 0.0 0 -57 118.52099999999999 64.36099999999999 0
2410.0 362.92499999999984 18 2610.0 -200.0 20 -78 138.46 111.78899999999999 38
2040.0 249.08600000000007 19 2040.0 0.0 0 -59 87.85499999999998 89.27399999999997 0
2260.0 334.14399999999995 17 2460.0 -200.0 26 -87 122.63700000000004 89.24399999999996 40
1920.0 300.3329999999999 16 2100.0 -180.0 12 -73 103.91200000000003 88.11999999999996 36
1445.0 323.8529999999999 20 1620.0 -175.0 23 -81 127.21099999999998 67.83500000000001 35
960.0 202.58299999999994 18 1140.0 -180.0 15 -52 75.14899999999997 52.705 36
1325.0 231.05399999999997 18 1380.0 -55.0 7 -68 76.36399999999998 47.731 11
2190.0 290.2129999999999 16 2340.0 -150.0 15 -78 97.35800000000002 72.732 30
1440.0 177.31300000000002 15 1440.0 0.0 0 -47 62.428999999999995 54.93099999999998 0
1290.0 284.02699999999993 22 1560.0 -270.0 29 -71 99.90499999999997 64.10999999999999 48
2475.0 294.6620000000001 16 2490.0 -15.0 5 -63 115.47100000000003 98.35300000000002 1
2130.0 289.457 16 2280.0 -150.0 20 -68 105.33599999999997 91.60599999999998 30
2205.0 292.10699999999986 17 2220.0 -15.0 5 -67 111.76100000000001 84.25600000000001 1
1705.0 285.88999999999993 21 1800.0 -95.0 12 -67 113.15799999999999 72.62299999999999 19
1570.0 238.217 14 1680.0 -110.0 14 -61 73.476 68.31599999999997 22
1990.0 287.764 16 2100.0 -110.0 14 -71 109.63499999999998 74.98200000000003 22
1780.0 213.741 18 1950.0 -170.0 14 -47 74.40499999999999 80.32400000000001 34
1930.0 290.947 17 2100.0 -215.0 28 -59 123.51500000000004 85.374 43
1455.0 232.91800000000003 19 1560.0 -105.0 6 -46 106.46100000000003 68.654 21
1260.0 200.19800000000004 17 1260.0 0.0 0 -50 66.35099999999998 50.56799999999999 0
1280.0 208.5260000000001 16 1320.0 -40.0 5 -56 72.272 53.22699999999999 8
1485.0 268.954 22 1590.0 -105.0 11 -73 93.46399999999998 57.842999999999996 21
1530.0 197.89700000000002 15 1530.0 0.0 0 -59 54.26 50.99199999999999 0
1980.0 245.53600000000003 24 2040.0 -165.0 14 -55 105.745 73.65099999999998 33
2190.0 257.32099999999997 17 2220.0 -30.0 4 -59 93.96200000000005 89.154 6
1400.0 215.513 16 1440.0 -40.0 5 -49 94.112 51.75199999999999 8
1470.0 222.68299999999996 15 1470.0 0.0 0 -57 83.17500000000003 54.73299999999999 0
1710.0 335.7729999999999 20 1950.0 -240.0 17 -86 96.184 86.12700000000002 48
2305.0 332.13100000000014 24 2430.0 -125.0 10 -79 122.456 94.77600000000002 25
2165.0 285.4529999999999 16 2310.0 -145.0 11 -71 101.344 91.04999999999998 29
1310.0 226.28100000000003 17 1440.0 -130.0 8 -58 83.485 64.94199999999998 26
2040.0 261.10300000000007 18 2130.0 -90.0 11 -68 94.847 83.38600000000002 18
1920.0 242.16200000000006 20 1980.0 -240.0 23 -60 94.45099999999998 73.33999999999997 48
1175.0 227.20399999999998 12 1260.0 -85.0 8 -63 67.15400000000001 59.41599999999996 17
1360.0 263.407 14 1440.0 -190.0 18 -67 95.611 59.79299999999999 38
1450.0 282.3979999999999 22 1500.0 -50.0 6 -67 111.982 65.04199999999999 10
1655.0 252.92400000000006 15 1830.0 -175.0 23 -73 62.69399999999998 71.04400000000001 35
1495.0 232.85999999999999 17 1590.0 -95.0 12 -72 75.48399999999998 54.317999999999984 19
1320.0 215.45899999999992 20 1320.0 0.0 0 -56 74.82799999999997 52.63799999999999 0
1470.0 231.93900000000002 13 1710.0 -240.0 80 -56 74.37399999999998 73.48100000000002 16
1155.0 247.09799999999998 21 1410.0 -255.0 29 -67 86.38599999999997 55.60199999999999 51
2695.0 323.0180000000001 22 2910.0 -215.0 23 -90 110.50400000000002 91.66199999999999 43
2445.0 277.4410000000001 14 2490.0 -45.0 6 -63 101.82200000000002 102.207 9
2295.0 335.023 21 2520.0 -225.0 18 -83 128.007 87.83099999999997 45
1775.0 274.7119999999999 21 1800.0 -25.0 3 -64 111.40499999999997 74.87899999999996 5
1585.0 273.73199999999997 21 1680.0 -95.0 9 -68 103.35199999999999 65.956 19
2080.0 342.183 21 2280.0 -260.0 34 -87 104.94500000000001 91.28299999999999 52
1545.0 219.4290000000001 16 1560.0 -15.0 5 -59 68.12599999999999 64.71 1
1900.0 242.595 19 1980.0 -80.0 10 -62 84.479 76.32599999999998 16
1470.0 246.70200000000014 17 1650.0 -180.0 12 -70 77.84900000000002 55.397999999999996 36
1220.0 242.71399999999997 12 1290.0 -420.0 58 -57 92.67099999999999 56.325 84
2400.0 323.529 21 2490.0 -90.0 21 -78 92.17599999999999 104.26700000000001 12
1655.0 301.456 14 1800.0 -145.0 13 -75 96.47 70.53999999999998 29
2210.0 279.88699999999994 17 2310.0 -100.0 8 -74 102.53300000000003 76.10700000000001 20
1590.0 226.213 12 1860.0 -335.0 27 -52 72.25399999999999 78.67799999999997 67
2920.0 353.497 18 3000.0 -80.0 10 -78 141.95500000000007 109.41499999999999 16
1590.0 226.52899999999997 20 1590.0 0.0 0 -66 79.31499999999998 55.04699999999998 0
1390.0 202.49099999999999 18 1560.0 -170.0 14 -47 81.895 62.65599999999998 34
1990.0 248.648 17 2040.0 -50.0 6 -69 85.15499999999999 59.946999999999996 10
1380.0 192.94 14 1380.0 0.0 0 -56 57.32300000000001 38.29 0
1170.0 231.36600000000004 18 1170.0 0.0 0 -61 85.70100000000002 55.095000000000006 0
2285.0 286.01200000000006 15 2340.0 -55.0 7 -63 127.40100000000007 89.52299999999997 11
2575.0 327.818 18 2670.0 -95.0 12 -70 127.33300000000001 108.315 19
1820.0 294.15500000000003 19 1980.0 -210.0 27 -63 128.141 74.71999999999997 42
1695.0 230.41300000000004 18 1740.0 -45.0 6 -67 84.74799999999998 53.89599999999999 9
1740.0 242.686 17 1740.0 0.0 0 -64 71.23999999999998 68.53799999999998 0
1800.0 282.39799999999997 20 1890.0 -90.0 11 -82 88.41599999999998 70.23199999999999 18
1140.0 199.08999999999995 15 1140.0 0.0 0 -57 53.544999999999995 53.41399999999999 0
1650.0 238.60299999999998 14 1650.0 0.0 0 -69 77.58399999999997 63.175 0
1755.0 261.59799999999996 20 1800.0 -45.0 6 -74 81.74299999999998 72.84899999999998 9
910.0 276.6539999999998 17 1080.0 -170.0 22 -74 89.52199999999998 52.73199999999999 34
1670.0 280.5259999999999 23 1710.0 -40.0 5 -69 103.83399999999999 68.25999999999999 8
1590.0 269.487 17 1920.0 -330.0 28 -65 110.33000000000001 66.58099999999999 66
1930.0 261.2319999999999 17 2010.0 -80.0 11 -60 103.83000000000003 81.27599999999997 16
1140.0 170.31699999999995 12 1140.0 0.0 0 -46 55.16499999999999 43.574 0
1195.0 236.512 16 1380.0 -185.0 15 -71 66.137 48.278 37
1860.0 281.474 14 1950.0 -90.0 18 -70 95.43900000000001 78.05199999999998 14
1995.0 305.677 25 2040.0 -45.0 6 -70 124.75399999999998 83.58799999999998 9
1790.0 265.93899999999996 23 1830.0 -40.0 5 -65 95.31000000000002 67.64499999999998 8
1855.0 331.51100000000014 20 1950.0 -200.0 20 -74 150.31900000000005 75.80999999999999 40
2180.0 280.11400000000003 13 2430.0 -250.0 18 -68 102.40300000000002 96.05300000000004 50
1550.0 266.87399999999997 17 1590.0 -40.0 5 -66 92.315 67.81799999999998 8
1890.0 272.518 14 1950.0 -90.0 18 -66 104.45700000000002 77.30900000000001 14
1650.0 223.713 16 1650.0 0.0 0 -61 81.706 57.08799999999998 0
1155.0 238.36100000000002 19 1320.0 -165.0 16 -70 81.854 50.897999999999996 33
1570.0 184.89799999999994 13 1620.0 -230.0 21 -53 60.058 44.471999999999994 46
1060.0 192.93699999999993 16 1110.0 -185.0 51 -49 55.338999999999984 51.53 19
1650.0 233.815 22 1770.0 -120.0 8 -60 82.04999999999998 67.55199999999999 24
2760.0 268.07899999999995 15 2760.0 0.0 0 -65 101.16 100.34499999999998 0
1780.0 270.0449999999999 19 1830.0 -50.0 6 -66 102.73000000000002 71.53199999999998 10
2290.0 313.07599999999996 21 2340.0 -50.0 6 -70 126.93200000000002 99.09399999999997 10
1710.0 224.67899999999997 17 1710.0 0.0 0 -53 84.06799999999997 73.09999999999997 0
2160.0 221.93299999999996 18 2160.0 0.0 0 -55 83.42299999999999 82.95 0
1290.0 198.81500000000008 17 1380.0 -105.0 17 -58 56.865 55.32699999999999 19
1715.0 296.6429999999999 18 1740.0 -25.0 3 -67 118.949 77.64899999999997 5
1965.0 279.3509999999999 15 2190.0 -225.0 18 -72 94.81000000000002 77.342 45
1595.0 266.151 18 1740.0 -310.0 27 -73 86.15599999999999 63.246000000000016 62
1625.0 336.2890000000001 24 1860.0 -235.0 20 -92 110.41199999999996 70.19800000000001 47
1680.0 223.10699999999997 18 1680.0 0.0 0 -56 81.648 69.85799999999999 0
1500.0 192.589 17 1500.0 -45.0 6 -35 77.11399999999999 74.223 9
2255.0 387.162 17 2370.0 -115.0 20 -80 149.08499999999998 98.606 17
1955.0 324.45200000000006 18 2160.0 -205.0 21 -76 138.21700000000004 81.43 41
1395.0 243.77699999999996 20 1560.0 -165.0 11 -64 90.84299999999999 63.61399999999999 33
1825.0 292.007 18 2280.0 -455.0 45 -77 79.91699999999997 78.066 91
1635.0 261.44 21 1770.0 -135.0 13 -72 93.05599999999997 58.93399999999998 27
1315.0 268.239 19 1410.0 -95.0 12 -71 91.20799999999997 56.70299999999999 19
1125.0 194.144 15 1290.0 -205.0 27 -48 73.869 49.612 41
1770.0 252.03400000000002 19 1770.0 0.0 0 -59 98.34399999999998 75.527 0
1580.0 290.91200000000003 17 1770.0 -190.0 18 -70 95.88699999999999 71.95400000000001 38
1350.0 226.486 18 1350.0 0.0 0 -52 88.31400000000001 52.38399999999999 0
1640.0 252.013 22 1680.0 -40.0 5 -61 91.11399999999998 63.043000000000006 8
1520.0 265.2209999999999 23 1560.0 -40.0 3 -75 91.54599999999999 58.355999999999995 8
1550.0 251.91600000000003 22 1620.0 -70.0 5 -67 82.08499999999998 62.44899999999999 14
2090.0 249.94600000000003 17 2130.0 -40.0 5 -69 81.611 84.23599999999999 8
1235.0 311.47400000000016 20 1710.0 -475.0 83 -64 117.51899999999998 73.44400000000002 71
1530.0 229.488 14 1530.0 0.0 0 -60 85.028 47.661 0
1040.0 186.78599999999997 13 1140.0 -100.0 13 -46 63.187999999999995 49.97999999999998 20
1350.0 206.86400000000006 13 1350.0 0.0 0 -52 73.507 49.77299999999999 0
2030.0 290.7069999999999 20 2100.0 -70.0 7 -68 102.48299999999999 75.92099999999999 14
1390.0 283.379 18 1590.0 -200.0 26 -78 103.40799999999999 54.937000000000005 40
990.0 214.324 16 1170.0 -180.0 12 -52 80.12999999999998 49.93199999999998 36
1770.0 221.683 17 1800.0 -30.0 4 -56 85.14999999999998 61.00999999999999 6
1815.0 320.651 18 2070.0 -385.0 30 -84 112.01000000000003 77.534 77
1965.0 319.10699999999986 19 2130.0 -165.0 22 -80 105.55500000000005 92.72499999999998 33
1780.0 291.2259999999999 18 1950.0 -170.0 22 -81 90.38 68.90999999999998 34
1505.0 268.95099999999996 18 1620.0 -115.0 16 -72 97.03799999999998 52.85799999999998 23
1920.0 248.94899999999998 17 1920.0 0.0 0 -65 77.728 79.96500000000002 0
1250.0 270.268 18 1470.0 -220.0 29 -71 87.27699999999997 55.12199999999999 44
1170.0 280.57500000000005 15 1350.0 -180.0 12 -67 114.48100000000002 53.51899999999997 36
1610.0 269.017 19 1800.0 -190.0 20 -65 94.16099999999999 76.37799999999999 38
2105.0 288.0929999999999 19 2160.0 -55.0 7 -70 109.70899999999997 87.11499999999997 11
1620.0 226.118 14 1680.0 -60.0 8 -64 76.60500000000002 69.439 12
1560.0 234.31499999999994 21 1650.0 -90.0 6 -68 64.98599999999999 62.05299999999998 18
1800.0 288.0539999999999 20 1980.0 -180.0 12 -80 87.77999999999999 75.364 36
935.0 221.45 20 1050.0 -115.0 15 -57 74.73100000000001 55.033 23
1565.0 193.08499999999998 12 1590.0 -25.0 3 -54 58.27799999999999 52.318999999999974 5
1570.0 244.26500000000001 19 1650.0 -80.0 10 -66 79.44699999999999 64.032 16
900.0 162.38500000000002 10 900.0 -30.0 10 -41 56.184 30.281999999999993 2
1945.0 268.392 16 2280.0 -335.0 34 -58 83.79 86.46799999999999 67
1230.0 249.76500000000007 19 1230.0 -15.0 5 -60 87.31600000000002 53.282 1
2250.0 297.756 15 2280.0 -30.0 4 -65 108.819 97.28999999999999 6
1620.0 225.00500000000005 18 1620.0 0.0 0 -57 92.56599999999999 59.745000000000005 0
2010.0 264.11100000000005 18 2010.0 0.0 0 -65 96.38600000000001 72.338 0
2540.0 267.722 16 2580.0 -40.0 5 -72 90.35199999999998 86.28199999999997 8
2400.0 330.6659999999999 13 2580.0 -180.0 27 -89 78.57999999999998 89.64600000000002 32
2025.0 257.546 21 2100.0 -75.0 9 -73 73.813 86.09299999999998 15
820.0 274.1920000000001 20 1260.0 -470.0 61 -64 103.269 57.822999999999986 63
1620.0 286.07499999999993 15 1710.0 -90.0 12 -66 112.418 63.70999999999998 18
2070.0 249.21499999999997 15 2070.0 0.0 0 -55 101.79199999999997 80.73600000000002 0
1985.0 330.2979999999999 17 2130.0 -145.0 28 -80 117.06800000000001 73.838 23
1410.0 257.237 17 1590.0 -180.0 12 -67 79.52900000000001 69.003 36
1760.0 257.98999999999995 20 1800.0 -40.0 5 -63 83.87700000000001 68.744 8
1900.0 356.38299999999987 16 2070.0 -170.0 18 -79 148.38300000000004 87.50899999999999 34
1735.0 281.49599999999987 23 1830.0 -95.0 12 -71 98.50899999999997 82.02799999999999 19
1890.0 263.565 21 1890.0 0.0 0 -61 101.84700000000002 79.44399999999999 0
1710.0 251.67900000000006 16 1890.0 -180.0 40 -59 82.69800000000002 78.548 22
1660.0 240.05000000000004 15 1950.0 -330.0 39 -62 77.77000000000001 83.73900000000003 66
1820.0 292.8249999999999 19 1920.0 -100.0 8 -60 126.50500000000001 85.33999999999999 20
1820.0 348.38000000000005 22 1980.0 -160.0 21 -88 124.982 80.58399999999996 32
955.0 217.139 18 1140.0 -185.0 24 -60 70.627 46.19199999999999 37
930.0 177.00600000000003 16 930.0 0.0 0 -47 65.843 39.43299999999999 0
1435.0 236.74599999999998 17 1680.0 -245.0 28 -64 81.00399999999998 61.15499999999999 49
2240.0 279.837 17 2340.0 -100.0 13 -71 100.666 88.363 20
1650.0 257.90700000000004 14 1680.0 -30.0 4 -59 102.16000000000003 69.736 6
2315.0 258.644 14 2340.0 -25.0 3 -65 97.42300000000002 76.839 5
1670.0 261.3779999999998 17 2070.0 -400.0 42 -69 97.26299999999999 61.29699999999998 80
1415.0 239.55200000000005 14 1680.0 -305.0 39 -63 85.13899999999998 55.748999999999995 61
1875.0 303.43199999999996 14 2040.0 -165.0 13 -71 98.77200000000003 80.93699999999997 33
1735.0 331.5370000000001 15 2190.0 -455.0 40 -72 97.512 80.44399999999999 91
1320.0 252.922 15 1500.0 -180.0 24 -61 79.655 69.13199999999999 36
1920.0 269.8419999999999 25 1950.0 -30.0 10 -69 91.50699999999998 77.85100000000003 2
2205.0 293.38000000000017 14 2280.0 -75.0 10 -65 113.96900000000004 91.49599999999995 15
1865.0 302.30499999999995 21 1920.0 -55.0 7 -75 107.14600000000003 81.92599999999999 11
1995.0 283.998 18 2130.0 -135.0 17 -75 104.16900000000001 69.259 27
1640.0 270.27899999999994 18 1830.0 -190.0 14 -76 81.73399999999998 68.16299999999998 38
2350.0 304.27799999999996 15 2460.0 -110.0 12 -72 111.971 102.27999999999996 22
2370.0 292.25499999999994 17 2430.0 -60.0 8 -69 119.925 95.25999999999995 12
1270.0 173.31000000000003 16 1380.0 -110.0 7 -49 59.251000000000005 47.76299999999999 22
2250.0 296.453 17 2310.0 -420.0 71 -61 113.14699999999999 92.90400000000002 76
1260.0 236.7070000000001 19 1290.0 -30.0 4 -65 88.24499999999999 50.87899999999999 6
1470.0 213.49900000000005 15 1470.0 0.0 0 -50 76.233 59.65599999999999 0
1680.0 248.51800000000003 16 1680.0 0.0 0 -55 98.70400000000001 74.84299999999996 0
1710.0 220.14000000000007 17 1800.0 -90.0 12 -61 67.097 68.04999999999998 18
1890.0 263.252 19 1890.0 0.0 0 -60 104.98499999999999 68.42999999999999 0
1680.0 273.99699999999996 19 1710.0 -30.0 4 -65 96.05099999999999 78.214 6
1165.0 268.285 20 1290.0 -125.0 16 -66 92.32900000000002 59.334999999999994 25
1620.0 217.55700000000002 16 1680.0 -60.0 8 -59 94.591 48.09899999999998 12
2160.0 256.6050000000001 15 2160.0 0.0 0 -62 100.14600000000006 81.01999999999998 0
2210.0 288.7699999999999 21 2250.0 -40.0 5 -72 97.38100000000001 94.54299999999995 8
2100.0 269.6019999999999 16 2220.0 -240.0 80 -66 82.89199999999998 86.045 16
1560.0 215.05800000000002 17 1620.0 -115.0 15 -56 79.62 57.70999999999999 23
1890.0 276.752 16 1920.0 -30.0 10 -65 103.65100000000001 73.517 2
1810.0 311.816 17 2190.0 -380.0 39 -83 104.02000000000001 81.065 76
1265.0 316.96000000000004 17 1500.0 -235.0 16 -71 91.87099999999997 69.26599999999996 47
1590.0 286.98200000000014 21 1650.0 -60.0 8 -66 115.929 78.401 12
1230.0 203.20599999999996 16 1230.0 0.0 0 -48 73.37399999999998 51.979 0
1080.0 222.871 12 1170.0 -90.0 12 -56 83.21799999999999 47.54599999999999 18
1950.0 216.74699999999999 13 2040.0 -90.0 7 -62 62.066999999999986 77.046 18
1815.0 281.6670000000001 20 2010.0 -135.0 10 -72 103.43000000000004 65.57599999999998 27
1320.0 195.64700000000005 16 1320.0 0.0 0 -54 68.48599999999999 49.86099999999998 0
1445.0 228.892 20 1530.0 -195.0 25 -60 83.598 61.411999999999985 39
1560.0 245.063 20 1560.0 0.0 0 -63 90.92499999999998 57.59299999999999 0
2595.0 330.89799999999997 18 2670.0 -75.0 25 -78 102.95299999999997 106.895 5
1425.0 271.687 23 1650.0 -325.0 32 -68 100.502 64.32999999999998 65
1800.0 397.722 19 2040.0 -270.0 42 -97 122.38 88.63300000000002 42
1185.0 234.93700000000004 20 1230.0 -45.0 6 -69 72.80099999999999 54.96499999999999 9
1915.0 332.6770000000002 22 2190.0 -380.0 89 -78 110.807 92.25399999999999 50
1720.0 282.69700000000006 15 2040.0 -320.0 37 -71 74.048 89.93700000000001 56
2170.0 278.0799999999999 21 2190.0 -20.0 2 -71 104.71800000000002 79.89499999999998 4
1705.0 315.1009999999999 21 1830.0 -125.0 16 -78 106.68 81.40799999999999 25
1535.0 344.58099999999996 23 1620.0 -190.0 46 -87 121.18900000000001 61.663000000000004 24
1440.0 158.30300000000003 15 1440.0 0.0 0 -45 51.49899999999998 43.098 0
1230.0 245.17999999999998 15 1410.0 -180.0 12 -74 67.63799999999999 52.80599999999998 36
1290.0 252.97900000000007 18 1320.0 -130.0 23 -52 110.02100000000002 62.27899999999999 22
1000.0 253.64499999999995 15 1170.0 -170.0 20 -69 75.92699999999999 48.52299999999998 34
1455.0 277.586 14 1770.0 -315.0 87 -60 105.994 77.12299999999998 33
1245.0 233.50000000000006 12 1410.0 -165.0 11 -58 75.163 59.819999999999986 33
1080.0 214.468 16 1080.0 0.0 0 -59 70.306 38.086000000000006 0
1530.0 226.077 17 1560.0 -30.0 4 -54 84.969 64.551 6
2210.0 266.362 14 2310.0 -100.0 25 -67 91.58200000000002 80.02100000000002 12
1500.0 266.4699999999999 19 1560.0 -60.0 8 -70 92.80199999999996 58.22300000000001 12
1590.0 242.76199999999997 15 1620.0 -30.0 4 -57 94.17599999999999 71.836 6
925.0 223.82700000000008 16 1170.0 -245.0 32 -68 60.11499999999999 47.90599999999999 49
