1380.0 241.63800000000003 14 1560.0 -180.0 12 -62 90.755 54.32099999999998 36
1680.0 241.921 16 1680.0 -155.0 7 -63 82.63199999999999 69.13399999999999 31
1125.0 244.75800000000007 14 1380.0 -255.0 32 -56 88.42500000000001 49.23399999999999 51
2310.0 300.7169999999999 20 2310.0 -15.0 5 -71 105.75599999999999 97.84699999999998 1
1485.0 186.336 14 1620.0 -170.0 21 -50 63.821000000000005 50.948 34
1830.0 282.66499999999996 15 1830.0 0.0 0 -68 107.377 64.29799999999999 0
2145.0 232.6149999999999 19 2250.0 -105.0 6 -60 77.15599999999999 90.62800000000001 21
1855.0 267.71900000000005 20 1950.0 -95.0 12 -65 103.924 82.724 19
1680.0 212.84700000000004 15 1680.0 0.0 0 -57 86.13299999999998 53.210999999999984 0
2070.0 311.27 20 2070.0 0.0 0 -79 109.987 82.50199999999997 0
2070.0 341.28799999999995 19 2190.0 -120.0 13 -83 111.11399999999998 89.86300000000003 24
1590.0 199.46500000000003 17 1590.0 0.0 0 -49 76.12699999999998 60.27800000000001 0
2115.0 268.46500000000003 16 2130.0 -15.0 5 -75 68.88600000000001 78.19600000000004 1
1900.0 312.603 18 2010.0 -110.0 8 -82 102.90199999999996 64.11899999999997 22
1550.0 266.4549999999999 17 1590.0 -40.0 5 -74 89.99399999999999 56.868999999999986 8
1560.0 226.77200000000005 18 1560.0 0.0 0 -65 63.60199999999999 67.35 0
1920.0 278.978 20 1920.0 0.0 0 -68 105.315 81.03399999999996 0
1260.0 251.55899999999997 15 1260.0 0.0 0 -60 99.01999999999998 58.10599999999999 0
1710.0 285.8709999999999 22 1710.0 0.0 0 -75 115.455 55.072 0
2520.0 332.19100000000003 19 2520.0 0.0 0 -74 134.06300000000002 104.08399999999999 0
2455.0 367.04500000000013 21 2520.0 -65.0 12 -90 118.08200000000002 112.50900000000001 9
1590.0 230.79899999999998 13 1590.0 0.0 0 -58 84.36200000000002 58.08599999999999 0
1410.0 217.743 18 1410.0 0.0 0 -68 70.71499999999997 48.833 0
1290.0 228.13100000000003 18 1320.0 -30.0 4 -65 80.95799999999998 54.65699999999999 6
2350.0 322.7620000000001 23 2430.0 -80.0 10 -86 87.53799999999998 101.87900000000002 16
1470.0 258.415 18 1530.0 -60.0 4 -60 99.21899999999998 60.696000000000005 12
1470.0 228.31900000000007 17 1470.0 0.0 0 -63 63.08899999999999 61.67899999999999 0
1365.0 251.669 18 1500.0 -135.0 9 -70 79.684 56.493 27
1800.0 195.09600000000003 15 1800.0 0.0 0 -52 60.294999999999995 70.124 0
1650.0 219.12599999999998 17 1650.0 0.0 0 -60 71.28400000000002 64.06199999999998 0
2070.0 259.59499999999997 17 2220.0 -190.0 24 -56 104.44100000000002 89.66799999999998 38
2640.0 326.876 16 2640.0 0.0 0 -77 124.53000000000003 100.90899999999998 0
2235.0 324.981 23 2280.0 -75.0 25 -91 96.21300000000001 87.55099999999997 5
1245.0 259.27 20 1350.0 -105.0 6 -61 97.17299999999997 64.41999999999999 21
2540.0 297.305 21 2640.0 -100.0 12 -84 88.28599999999997 89.884 20
1005.0 169.03200000000004 16 1140.0 -195.0 26 -41 69.18100000000001 48.428 39
1830.0 250.73600000000008 23 1830.0 0.0 0 -76 78.96499999999997 68.09299999999998 0
1540.0 288.05799999999994 13 1710.0 -215.0 28 -65 110.76300000000006 74.56299999999996 43
1590.0 290.5479999999999 23 1590.0 0.0 0 -78 108.789 61.58999999999998 0
1625.0 240.34199999999996 14 1680.0 -55.0 4 -60 83.78499999999998 63.269999999999996 11
2305.0 333.47499999999997 18 2370.0 -65.0 8 -67 129.82500000000002 104.90099999999998 13
1740.0 316.32899999999984 21 1740.0 0.0 0 -70 129.54899999999995 75.533 0
2025.0 281.71599999999995 18 2070.0 -45.0 6 -68 95.12100000000001 79.32899999999998 9
1800.0 267.31500000000005 19 1800.0 0.0 0 -75 88.458 60.51699999999999 0
1430.0 244.68099999999993 19 1560.0 -130.0 8 -69 94.67899999999999 50.91099999999999 26
1805.0 357.56599999999986 23 1860.0 -55.0 4 -80 145.02199999999996 88.92599999999999 11
1320.0 215.05599999999998 16 1410.0 -90.0 7 -61 70.44099999999999 55.867 18
1530.0 218.68999999999997 21 1530.0 0.0 0 -67 67.152 49.533 0
2370.0 300.413 19 2370.0 0.0 0 -65 116.53900000000002 105.84099999999998 0
2820.0 367.6619999999999 20 2910.0 -90.0 12 -90 128.665 112.46099999999998 18
1680.0 238.95700000000002 18 1680.0 0.0 0 -63 81.55799999999998 66.93499999999999 0
1170.0 261.01199999999994 19 1530.0 -390.0 65 -64 102.19999999999999 59.13499999999999 39
1865.0 293.05899999999997 20 1920.0 -55.0 7 -83 94.955 72.953 11
2355.0 328.876 18 2400.0 -45.0 6 -87 112.32699999999997 92.55000000000001 9
1560.0 261.034 18 1740.0 -295.0 19 -76 84.40499999999997 59.79599999999999 59
1470.0 198.162 18 1470.0 0.0 0 -62 61.904999999999994 48.57199999999999 0
2130.0 349.09400000000005 22 2160.0 -30.0 4 -69 148.23899999999995 96.16799999999999 6
2190.0 275.79099999999994 23 2190.0 0.0 0 -66 104.065 83.929 0
1770.0 234.56700000000004 12 1770.0 0.0 0 -59 79.42500000000003 72.84099999999998 0
1710.0 232.35700000000003 16 1710.0 0.0 0 -71 66.87899999999999 61.742000000000004 0
1590.0 327.05500000000006 25 1680.0 -90.0 7 -88 93.754 83.539 18
1510.0 275.263 17 1680.0 -410.0 31 -63 97.916 78.68199999999996 82
1710.0 212.47799999999998 16 1710.0 0.0 0 -53 83.06699999999998 63.445999999999984 0
1020.0 168.763 10 1020.0 0.0 0 -52 49.02899999999999 39.995999999999995 0
1590.0 270.2340000000001 13 2010.0 -500.0 34 -68 64.585 65.13200000000003 100
2125.0 287.368 21 2190.0 -65.0 4 -71 109.33900000000001 80.73799999999997 13
2575.0 316.5219999999998 18 2640.0 -80.0 10 -73 127.75000000000003 96.90499999999996 14
2495.0 291.2670000000001 15 2640.0 -145.0 14 -78 86.98599999999999 100.31500000000003 29
2370.0 294.8469999999999 21 2370.0 -130.0 8 -72 119.50399999999999 79.18299999999998 26
1560.0 266.1730000000001 17 1890.0 -330.0 16 -68 98.18900000000001 70.854 66
1350.0 185.71400000000003 18 1350.0 0.0 0 -53 62.21499999999998 52.95299999999999 0
1950.0 302.6690000000001 18 1950.0 0.0 0 -77 102.30500000000004 83.80699999999999 0
2290.0 309.381 21 2340.0 -50.0 6 -85 98.501 92.85199999999998 10
1410.0 228.675 16 1410.0 0.0 0 -57 81.22 65.52499999999999 0
1470.0 208.99899999999997 18 1470.0 0.0 0 -58 75.337 65.302 0
1230.0 187.869 18 1230.0 0.0 0 -63 55.475999999999985 47.806999999999995 0
1860.0 287.10900000000004 16 1920.0 -60.0 4 -76 100.887 61.587999999999994 12
1530.0 278.926 22 1530.0 0.0 0 -64 102.15100000000001 82.35799999999998 0
1570.0 282.4840000000001 17 1890.0 -380.0 50 -65 112.35800000000002 76.89500000000001 76
1940.0 285.227 23 1980.0 -40.0 5 -74 98.93299999999998 75.46999999999997 8
2610.0 306.4230000000001 20 2610.0 0.0 0 -76 110.145 106.08599999999997 0
1505.0 212.90899999999993 14 1800.0 -345.0 28 -47 81.43100000000001 77.11599999999996 69
2430.0 321.4319999999999 23 2430.0 -30.0 10 -74 119.29599999999999 96.45399999999998 2
2520.0 279.05500000000006 17 2520.0 -60.0 20 -70 107.84399999999998 84.29899999999996 4
2205.0 352.95700000000005 19 2430.0 -225.0 14 -79 127.21599999999998 103.58499999999998 45
2310.0 269.3259999999999 20 2310.0 0.0 0 -68 88.17399999999998 87.01899999999998 0
1310.0 289.99099999999993 18 1470.0 -160.0 21 -71 110.71399999999998 59.599 32
930.0 169.79700000000005 14 1080.0 -150.0 20 -46 48.577 42.344 30
1830.0 278.451 18 1830.0 0.0 0 -65 106.53099999999999 75.30799999999999 0
900.0 203.82300000000004 17 900.0 0.0 0 -57 67.84499999999998 41.183 0
2170.0 265.8459999999999 18 2280.0 -155.0 20 -64 109.939 82.46100000000001 31
1610.0 298.9470000000001 21 2010.0 -450.0 73 -71 123.687 72.091 49
2010.0 351.64400000000006 23 2040.0 -30.0 10 -91 111.385 86.884 2
840.0 181.463 13 870.0 -30.0 2 -55 44.958999999999996 33.315999999999995 6
2220.0 310.967 17 2220.0 0.0 0 -72 125.75600000000001 80.945 0
1575.0 329.98299999999995 22 1590.0 -135.0 13 -89 96.35799999999998 70.42799999999998 25
1890.0 302.143 22 1890.0 0.0 0 -73 104.27999999999999 94.047 0
1710.0 254.34000000000003 13 1710.0 0.0 0 -66 101.67900000000004 64.51399999999995 0
1110.0 185.6780000000001 10 1140.0 -30.0 4 -54 62.706999999999994 39.34499999999999 6
2020.0 269.61600000000004 15 2070.0 -50.0 6 -67 82.35700000000006 90.74899999999995 10
1800.0 249.19100000000017 16 1800.0 0.0 0 -58 98.72900000000003 70.30199999999999 0
1390.0 264.7420000000001 17 1530.0 -140.0 12 -58 111.11 67.48299999999998 28
1170.0 204.97699999999998 16 1170.0 0.0 0 -54 73.314 56.49599999999999 0
1890.0 211.363 15 1890.0 0.0 0 -64 54.62099999999999 62.059000000000005 0
2280.0 254.583 16 2280.0 0.0 0 -67 97.10900000000001 76.54 0
2145.0 301.965 18 2160.0 -15.0 5 -77 94.72599999999998 93.58999999999997 1
2420.0 322.6049999999999 16 2520.0 -100.0 15 -81 115.92400000000004 89.24799999999998 16
1530.0 250.69200000000004 20 1530.0 -15.0 5 -66 78.61999999999999 71.59199999999998 1
2485.0 318.187 24 2550.0 -65.0 8 -84 96.34699999999998 103.13599999999997 13
1080.0 206.75099999999998 15 1230.0 -230.0 29 -56 69.04599999999999 48.76899999999999 46
1980.0 282.9809999999999 21 2100.0 -120.0 8 -69 126.72200000000004 69.72999999999999 24
1290.0 197.07099999999997 15 1290.0 -250.0 33 -52 74.89399999999999 38.02299999999999 50
1440.0 217.422 18 1440.0 0.0 0 -56 69.44999999999999 66.02399999999999 0
1680.0 261.14699999999993 20 1680.0 -150.0 21 -60 109.39799999999998 63.015999999999984 30
2130.0 284.485 16 2130.0 0.0 0 -74 109.16000000000003 81.52799999999998 0
1950.0 265.2770000000001 20 1950.0 -90.0 7 -61 106.12800000000004 75.81099999999998 18
2340.0 278.7389999999999 19 2340.0 0.0 0 -69 111.04199999999999 77.89899999999997 0
1150.0 194.612 12 1350.0 -200.0 13 -48 68.96 53.153 40
2120.0 298.1519999999999 18 2160.0 -55.0 10 -85 94.30700000000002 72.98199999999997 9
3055.0 350.003 18 3270.0 -275.0 37 -97 95.54699999999998 109.56200000000001 47
1190.0 239.35099999999986 14 1410.0 -250.0 34 -62 63.823999999999984 48.20399999999999 50
1645.0 274.467 15 1680.0 -35.0 2 -74 84.022 68.22200000000001 7
2160.0 302.0469999999999 20 2340.0 -180.0 12 -73 113.93700000000001 84.72600000000001 36
2085.0 334.1280000000001 17 2100.0 -15.0 5 -79 116.102 92.631 1
1900.0 336.9039999999999 19 2070.0 -170.0 11 -83 99.08899999999998 93.68699999999997 34
2215.0 263.04 14 2430.0 -215.0 17 -70 87.36 75.36099999999999 43
1875.0 286.118 19 1920.0 -45.0 6 -78 94.00000000000003 71.71699999999998 9
1920.0 231.20100000000002 16 1920.0 0.0 0 -69 70.03 66.52899999999998 0
2525.0 300.1840000000002 19 2580.0 -55.0 7 -72 116.061 89.82799999999997 11
1590.0 267.6120000000001 17 1590.0 0.0 0 -62 109.11100000000003 69.20499999999997 0
1980.0 279.5770000000001 17 1980.0 0.0 0 -76 87.183 80.77499999999998 0
2010.0 305.2160000000001 15 2010.0 0.0 0 -69 128.76700000000005 78.88699999999999 0
1830.0 228.57900000000004 17 1830.0 0.0 0 -64 71.44899999999998 66.449 0
2400.0 258.93500000000006 15 2400.0 0.0 0 -73 85.62599999999999 76.67299999999999 0
1800.0 259.41999999999996 19 1800.0 0.0 0 -62 105.05799999999994 71.703 0
780.0 175.34600000000003 15 780.0 0.0 0 -48 67.395 32.948 0
1890.0 301.0850000000001 22 1890.0 0.0 0 -73 111.30799999999995 79.97199999999998 0
1715.0 261.8959999999999 17 1830.0 -115.0 7 -65 97.109 66.00399999999998 23
1840.0 298.972 18 1980.0 -140.0 11 -71 101.631 76.98700000000001 28
1365.0 196.313 11 1500.0 -135.0 18 -44 76.54400000000001 64.38699999999997 27
1830.0 246.96500000000006 19 1830.0 0.0 0 -60 102.33900000000003 73.942 0
1770.0 252.17999999999998 16 1770.0 0.0 0 -61 103.302 68.93499999999999 0
1830.0 260.263 22 1830.0 0.0 0 -75 95.78099999999998 60.576 0
1560.0 266.0460000000001 20 1650.0 -195.0 65 -66 101.00500000000002 55.138 13
1740.0 266.5799999999999 19 1740.0 0.0 0 -65 101.33299999999998 70.99199999999999 0
2400.0 275.524 21 2400.0 0.0 0 -74 103.45400000000002 84.52099999999997 0
1050.0 166.32700000000003 13 1050.0 0.0 0 -51 55.58499999999999 38.38499999999999 0
1710.0 195.30900000000003 15 1710.0 0.0 0 -50 77.08399999999999 49.30999999999999 0
705.0 214.36400000000003 13 870.0 -165.0 11 -55 73.86699999999998 32.238 33
1665.0 201.03199999999995 13 1980.0 -345.0 48 -50 75.24400000000001 71.51199999999999 69
1440.0 246.86 14 1440.0 0.0 0 -66 77.199 64.21599999999998 0
1920.0 313.855 17 2100.0 -180.0 24 -62 126.75600000000003 95.09500000000001 36
2165.0 303.7599999999999 22 2280.0 -115.0 11 -81 109.072 74.951 23
1470.0 218.04700000000003 17 1470.0 0.0 0 -59 73.02 55.465999999999994 0
1800.0 219.812 19 1800.0 0.0 0 -55 79.551 74.14499999999997 0
1860.0 243.33800000000002 20 2040.0 -180.0 14 -64 90.28699999999999 69.879 36
1815.0 258.017 18 1920.0 -150.0 19 -57 104.88199999999998 77.38600000000001 30
1830.0 281.4690000000001 23 1830.0 0.0 0 -74 100.03100000000003 79.42999999999999 0
1685.0 275.4589999999999 15 1710.0 -70.0 8 -53 117.68200000000003 65.04299999999998 14
2550.0 346.6729999999999 24 2550.0 0.0 0 -75 146.76300000000006 108.943 0
940.0 200.612 16 1050.0 -110.0 7 -57 71.012 44.808 22
1740.0 281.7349999999999 20 1860.0 -150.0 18 -74 96.183 75.252 26
1500.0 262.9479999999999 24 1500.0 0.0 0 -64 103.137 68.576 0
1830.0 247.24299999999997 16 1890.0 -60.0 4 -68 70.031 71.86099999999998 12
2760.0 285.441 15 2760.0 0.0 0 -67 107.17700000000006 104.86100000000002 0
1515.0 266.9010000000002 16 1740.0 -310.0 20 -55 69.603 72.88300000000001 62
920.0 180.86799999999994 16 1050.0 -130.0 10 -54 60.437000000000005 33.547 26
1945.0 298.1180000000001 17 2160.0 -290.0 23 -67 110.62600000000002 80.045 58
1890.0 227.94100000000003 14 1890.0 0.0 0 -63 65.77699999999999 69.51599999999999 0
1110.0 203.529 18 1110.0 0.0 0 -58 68.119 39.773 0
2290.0 375.94699999999995 25 2370.0 -80.0 10 -91 134.83999999999995 102.03999999999999 16
2070.0 257.23600000000005 19 2070.0 0.0 0 -65 94.49099999999999 79.39699999999998 0
1980.0 291.48999999999995 19 1980.0 0.0 0 -77 93.61299999999997 74.76299999999999 0
1300.0 244.61399999999992 18 1380.0 -80.0 6 -60 93.84799999999998 64.13099999999999 16
2010.0 300.438 17 2190.0 -180.0 15 -62 124.75000000000001 89.359 36
1680.0 221.06600000000003 20 1680.0 -55.0 7 -58 83.29199999999999 64.681 11
1530.0 269.27699999999993 19 1530.0 0.0 0 -64 102.567 65.16799999999998 0
2160.0 275.317 18 2160.0 -120.0 8 -68 92.76999999999998 89.75500000000001 24
1770.0 280.30300000000005 17 1800.0 -30.0 4 -70 81.976 79.839 6
2220.0 348.27400000000006 18 2280.0 -60.0 8 -85 120.01000000000003 96.34299999999996 12
1950.0 236.84599999999998 17 2070.0 -225.0 14 -66 78.925 75.97799999999997 45
1955.0 376.0059999999999 23 2040.0 -100.0 10 -88 125.75599999999999 96.25300000000001 18
1480.0 341.66400000000004 19 1770.0 -290.0 31 -75 137.13800000000003 77.381 58
1320.0 243.3050000000001 18 1350.0 -30.0 2 -66 89.94899999999998 48.120999999999995 6
1950.0 289.913 19 1950.0 0.0 0 -69 106.43700000000001 84.24799999999998 0
2100.0 274.82599999999996 16 2100.0 -190.0 15 -66 100.331 83.31600000000002 38
2380.0 353.1139999999999 24 2400.0 -135.0 9 -68 146.238 109.21299999999998 27
1180.0 204.942 12 1290.0 -110.0 7 -59 66.731 40.168 22
1890.0 267.6120000000001 16 1890.0 -120.0 8 -65 99.28700000000005 77.36499999999997 24
2490.0 262.53099999999995 16 2520.0 -30.0 4 -68 93.98400000000002 96.47699999999995 6
1955.0 281.958 15 1980.0 -25.0 3 -73 108.87999999999998 68.83799999999998 5
2215.0 375.88500000000005 18 2460.0 -285.0 39 -88 130.47300000000004 101.91899999999998 39
1710.0 248.10099999999994 19 1710.0 0.0 0 -70 88.764 63.884999999999984 0
1630.0 310.37100000000004 20 1740.0 -110.0 10 -82 113.00799999999998 64.21700000000001 22
1530.0 197.51800000000006 10 1530.0 0.0 0 -52 70.59200000000003 56.83200000000001 0
2010.0 243.461 19 2010.0 0.0 0 -71 76.21000000000002 73.63199999999996 0
1325.0 278.47400000000005 18 1620.0 -355.0 39 -59 117.096 64.15700000000001 71
2040.0 265.79200000000003 19 2040.0 0.0 0 -65 100.57 78.01999999999997 0
1680.0 253.77300000000002 18 1770.0 -225.0 75 -61 88.929 59.27499999999999 15
2160.0 299.616 25 2160.0 0.0 0 -69 112.515 93.47899999999998 0
1410.0 191.51799999999994 16 1410.0 -105.0 6 -54 53.439 62.803000000000004 21
1440.0 220.547 17 1440.0 0.0 0 -62 73.84899999999998 55.90699999999998 0
2245.0 362.4319999999999 19 2460.0 -305.0 22 -77 131.58000000000004 101.17399999999998 61
2130.0 311.34799999999996 15 2670.0 -540.0 41 -74 90.271 107.25499999999998 108
1465.0 243.942 14 1590.0 -125.0 15 -62 87.38799999999999 60.425999999999995 25
2100.0 257.89099999999996 16 2100.0 0.0 0 -68 95.67000000000003 77.019 0
2600.0 330.585 16 2640.0 -40.0 5 -81 120.22800000000002 98.38599999999994 8
1700.0 223.7 17 1860.0 -160.0 18 -55 79.49499999999999 61.74299999999999 32
1460.0 240.639 17 1710.0 -250.0 20 -62 97.97600000000001 59.798000000000016 50
995.0 249.139 15 1170.0 -175.0 11 -64 85.00099999999999 47.916 35
1515.0 278.6589999999999 17 1590.0 -75.0 6 -60 86.90399999999997 76.965 15
1560.0 249.692 19 1560.0 -100.0 13 -57 93.56299999999999 73.33099999999999 20
1800.0 277.593 20 1800.0 0.0 0 -76 103.39299999999999 69.81199999999998 0
1980.0 321.4500000000001 19 1980.0 0.0 0 -76 134.202 82.21499999999997 0
1380.0 237.75300000000007 19 1380.0 0.0 0 -71 76.75300000000001 58.43 0
2190.0 268.764 17 2190.0 -60.0 20 -61 102.67700000000002 85.85700000000001 4
2865.0 334.08300000000014 14 2910.0 -45.0 15 -76 120.43100000000004 108.50699999999998 3
1530.0 239.873 14 1530.0 0.0 0 -62 87.18300000000002 59.27799999999997 0
1500.0 250.04800000000003 18 1500.0 0.0 0 -71 79.90900000000002 66.32099999999998 0
2040.0 225.838 17 2040.0 0.0 0 -64 70.642 72.13499999999998 0
2155.0 312.16100000000006 17 2370.0 -215.0 15 -77 116.03500000000003 85.44599999999998 43
1905.0 293.3510000000001 17 1980.0 -125.0 16 -65 114.89000000000001 90.04 25
1170.0 216.32200000000003 17 1170.0 0.0 0 -66 76.163 43.963999999999984 0
1650.0 199.16900000000004 15 1650.0 0.0 0 -56 56.114999999999995 64.17699999999999 0
1410.0 272.825 15 1800.0 -455.0 35 -71 84.60399999999998 79.69799999999998 91
2105.0 291.61699999999996 17 2190.0 -205.0 21 -68 107.81700000000001 82.02299999999998 41
1230.0 210.91899999999998 19 1230.0 0.0 0 -51 87.94599999999997 47.376999999999995 0
2135.0 248.6170000000001 11 2280.0 -145.0 7 -58 83.83700000000002 86.71700000000001 29
2190.0 249.86400000000003 19 2190.0 0.0 0 -61 85.79199999999999 90.21900000000001 0
2010.0 261.399 21 2010.0 0.0 0 -66 100.24499999999999 71.49599999999998 0
1080.0 208.07099999999997 18 1080.0 0.0 0 -49 78.29299999999999 58.65899999999999 0
1440.0 213.53400000000002 17 1440.0 0.0 0 -62 70.825 55.011999999999986 0
2185.0 337.26199999999983 22 2250.0 -65.0 8 -86 119.01299999999999 88.53299999999999 13
1705.0 297.173 21 1740.0 -35.0 2 -72 112.876 71.027 7
1835.0 301.91400000000016 17 1950.0 -115.0 13 -74 114.35200000000003 74.96600000000001 21
2460.0 245.65300000000002 17 2460.0 -150.0 7 -60 90.68500000000003 92.26299999999999 30
2460.0 308.8130000000001 20 2460.0 0.0 0 -67 112.491 113.39999999999996 0
1875.0 284.17699999999996 19 1920.0 -45.0 6 -67 99.29499999999999 83.725 9
2070.0 328.868 20 2100.0 -30.0 10 -73 141.536 73.32000000000001 2
2035.0 267.437 18 2130.0 -180.0 14 -65 89.47499999999998 86.56999999999995 36
1770.0 264.46999999999997 19 1950.0 -290.0 19 -77 83.875 71.33500000000001 58
1470.0 268.40500000000003 17 1470.0 0.0 0 -59 110.13300000000001 71.49199999999999 0
1560.0 253.14600000000004 20 1620.0 -60.0 4 -72 75.04199999999999 63.63 12
1635.0 275.02299999999985 18 1740.0 -150.0 19 -59 113.59299999999998 71.53399999999999 30
1370.0 261.0979999999999 19 1590.0 -220.0 14 -60 106.66399999999999 69.98799999999997 44
1355.0 239.15100000000004 14 1560.0 -205.0 16 -56 83.27600000000001 60.56900000000001 41
2070.0 260.06200000000007 17 2070.0 -120.0 20 -66 90.04 74.18399999999998 12
1320.0 197.96600000000004 17 1320.0 0.0 0 -59 66.988 48.53599999999999 0
1290.0 226.13300000000007 18 1290.0 0.0 0 -59 84.229 54.359 0
1170.0 231.67800000000003 18 1170.0 0.0 0 -59 88.346 49.528999999999996 0
1180.0 220.45300000000003 18 1230.0 -50.0 6 -53 76.77399999999999 61.55799999999998 10
1710.0 250.21300000000002 15 1710.0 -95.0 7 -64 90.07899999999998 69.28899999999999 19
1820.0 336.53200000000004 20 2190.0 -370.0 37 -74 113.93700000000001 98.58500000000001 70
2815.0 282.7520000000001 16 2970.0 -155.0 12 -67 110.01300000000005 102.65800000000002 31
995.0 235.42899999999992 19 1410.0 -435.0 60 -67 85.01499999999999 53.61499999999999 87
1830.0 283.84299999999996 24 1830.0 0.0 0 -72 101.519 75.357 0
2000.0 244.172 13 2040.0 -70.0 11 -53 84.68500000000002 85.323 7
1670.0 238.6749999999999 14 1920.0 -325.0 45 -55 87.84700000000004 76.88799999999996 65
2190.0 253.30600000000004 17 2190.0 0.0 0 -68 86.28999999999999 77.98100000000001 0
1735.0 290.79599999999994 18 1860.0 -125.0 8 -71 112.13599999999998 78.90299999999999 25
2310.0 282.2049999999999 15 2310.0 0.0 0 -70 97.80500000000002 90.43199999999996 0
1260.0 205.957 17 1260.0 0.0 0 -61 70.04899999999999 47.027 0
2520.0 312.97700000000003 15 2670.0 -150.0 12 -81 103.98400000000002 94.19599999999997 30
2220.0 272.21 21 2220.0 0.0 0 -65 112.46800000000003 91.22099999999998 0
1080.0 181.41699999999994 19 1320.0 -270.0 36 -44 65.845 58.28 54
1830.0 273.0769999999999 16 1830.0 -15.0 5 -60 106.82699999999998 80.61000000000001 1
1790.0 290.68699999999984 21 1830.0 -40.0 5 -79 105.68000000000002 71.45800000000001 8
2740.0 360.55099999999993 16 2820.0 -80.0 11 -81 138.177 120.53699999999999 16
1730.0 324.08699999999993 20 1860.0 -130.0 13 -77 121.211 73.24199999999999 26
1440.0 243.64 20 1440.0 0.0 0 -69 82.38699999999999 54.086999999999996 0
2140.0 327.3959999999999 17 2400.0 -260.0 15 -74 117.17500000000003 100.918 52
1775.0 303.077 21 1830.0 -55.0 7 -79 113.11900000000003 70.633 11
1230.0 253.89000000000001 18 1500.0 -350.0 25 -69 92.388 54.971 70
2040.0 294.692 11 2220.0 -180.0 12 -74 100.86100000000002 80.908 36
2615.0 316.55999999999995 20 2640.0 -25.0 3 -82 110.13000000000001 93.13299999999998 5
1170.0 218.28400000000002 15 1170.0 0.0 0 -57 74.19800000000001 52.42699999999999 0
1580.0 256.68199999999996 15 1620.0 -150.0 19 -64 82.767 71.47399999999999 30
1560.0 230.72800000000004 17 1560.0 -120.0 16 -62 86.56000000000002 56.763000000000005 24
1410.0 253.2649999999999 15 1410.0 0.0 0 -68 93.98199999999997 51.150999999999996 0
1770.0 252.31600000000003 19 1770.0 0.0 0 -63 83.71599999999998 75.57399999999998 0
1680.0 223.016 15 1680.0 0.0 0 -63 72.20100000000001 56.686 0
1665.0 265.60300000000007 21 1980.0 -315.0 84 -79 66.02 74.031 33
2610.0 255.43100000000004 17 2610.0 0.0 0 -65 94.61500000000002 90.561 0
1655.0 252.9280000000001 16 1680.0 -25.0 2 -66 79.92299999999999 71.38999999999999 5
1890.0 289.98899999999986 20 1890.0 0.0 0 -70 118.273 71.15599999999999 0
1400.0 206.57399999999996 18 1500.0 -100.0 6 -52 75.749 63.41299999999999 20
2240.0 281.4249999999999 18 2430.0 -190.0 15 -70 115.523 87.718 38
1915.0 290.633 17 2070.0 -215.0 21 -81 103.27299999999997 65.49699999999999 43
2390.0 345.45199999999977 17 2550.0 -160.0 18 -90 105.73799999999999 107.096 32
1890.0 244.71199999999996 17 1890.0 0.0 0 -65 82.11899999999999 64.81599999999999 0
2030.0 294.5160000000001 16 2130.0 -100.0 8 -75 101.30400000000003 82.50800000000001 20
1845.0 275.71900000000005 17 1860.0 -15.0 5 -75 82.237 80.971 1
1455.0 302.51700000000017 18 1590.0 -170.0 21 -62 125.31900000000003 64.012 34
2040.0 246.536 19 2040.0 0.0 0 -62 96.90799999999999 70.304 0
2040.0 276.56500000000005 20 2040.0 -60.0 20 -67 108.008 77.37400000000001 4
2280.0 251.869 19 2280.0 -400.0 66 -58 86.10499999999998 97.44900000000003 40
1950.0 299.604 23 1950.0 -15.0 5 -78 95.177 77.374 1
1830.0 343.9530000000001 21 2070.0 -240.0 17 -85 123.37800000000004 78.90899999999998 48
2100.0 309.6570000000002 20 2160.0 -60.0 14 -81 103.92599999999997 77.05500000000002 8
1740.0 222.92600000000004 15 1950.0 -380.0 24 -56 77.944 56.053000000000004 76
1560.0 278.5799999999999 19 1650.0 -90.0 6 -68 101.60099999999996 63.90399999999998 18
2690.0 284.79499999999996 16 2730.0 -40.0 3 -75 99.726 95.67699999999996 8
1710.0 298.26800000000003 20 1710.0 0.0 0 -74 111.98500000000001 72.432 0
1420.0 221.2830000000001 14 1470.0 -50.0 6 -54 75.146 69.39499999999997 10
1860.0 232.6310000000001 20 1860.0 0.0 0 -64 68.396 76.93599999999998 0
1650.0 235.661 19 1650.0 0.0 0 -66 72.404 58.12499999999998 0
1260.0 157.39599999999996 15 1260.0 -120.0 40 -51 47.93899999999999 42.669 8
1995.0 242.49200000000002 17 2010.0 -120.0 11 -58 92.35000000000002 74.35799999999998 22
2240.0 308.74799999999993 17 2280.0 -40.0 7 -76 94.12100000000001 88.64800000000002 6
1290.0 267.16499999999996 17 1290.0 0.0 0 -67 101.02999999999999 54.33299999999999 0
1530.0 249.02399999999994 18 1530.0 -140.0 6 -52 100.593 75.32399999999998 28
1070.0 187.33100000000002 14 1260.0 -190.0 12 -47 70.95899999999999 45.45399999999999 38
1505.0 240.945 20 1560.0 -55.0 7 -60 92.99699999999999 62.79999999999998 11
1425.0 262.73400000000015 16 1650.0 -225.0 18 -62 83.89199999999997 69.698 43
1740.0 318.46999999999986 23 1740.0 0.0 0 -82 101.38899999999998 79.42399999999999 0
1395.0 213.26600000000002 18 1470.0 -215.0 17 -51 77.39599999999999 60.632999999999996 43
1750.0 217.994 14 1800.0 -50.0 6 -58 88.09399999999997 51.105999999999995 10
1760.0 285.703 25 1830.0 -70.0 9 -81 82.79699999999998 87.783 14
1860.0 260.609 20 1860.0 0.0 0 -81 78.518 63.92799999999998 0
1740.0 253.54100000000003 18 1740.0 0.0 0 -62 95.36800000000001 67.01700000000001 0
1560.0 277.3 17 1740.0 -180.0 12 -69 90.963 74.84499999999998 36
1170.0 251.394 17 1350.0 -180.0 15 -61 94.77499999999999 59.142999999999994 36
2165.0 303.0860000000001 19 2250.0 -85.0 9 -72 109.101 87.95099999999996 17
1740.0 244.95800000000003 16 1740.0 -200.0 13 -49 95.58500000000001 86.45600000000002 40
2100.0 274.324 23 2160.0 -60.0 8 -68 105.91299999999997 80.16199999999996 12
1710.0 247.44299999999998 20 1710.0 0.0 0 -66 86.152 72.22800000000001 0
2420.0 364.16600000000005 19 2520.0 -100.0 13 -89 116.47300000000003 102.65899999999999 20
2130.0 303.28200000000004 20 2130.0 0.0 0 -69 118.32300000000002 96.68499999999996 0
1290.0 225.817 14 1290.0 0.0 0 -63 73.569 51.445 0
1680.0 285.538 16 1680.0 0.0 0 -70 100.20000000000003 66.74199999999999 0
1680.0 255.80099999999993 20 1680.0 0.0 0 -60 97.14499999999998 78.75399999999999 0
1650.0 232.86299999999997 20 1650.0 0.0 0 -62 81.67899999999999 63.13899999999999 0
2040.0 274.27200000000005 19 2040.0 0.0 0 -66 100.355 91.40499999999997 0
2100.0 256.67699999999996 16 2100.0 0.0 0 -62 88.02799999999999 86.513 0
1590.0 259.639 20 1590.0 0.0 0 -64 92.902 75.644 0
1710.0 244.56300000000002 14 1890.0 -180.0 12 -66 92.34100000000001 57.92799999999998 36
2340.0 245.55600000000004 16 2340.0 0.0 0 -63 86.13800000000006 87.00399999999996 0
1590.0 322.602 18 1830.0 -240.0 20 -79 118.04900000000002 76.82199999999999 48
1500.0 238.57799999999997 16 1500.0 0.0 0 -62 78.862 59.099999999999994 0
1110.0 190.51500000000001 16 1110.0 -50.0 6 -53 57.41099999999998 43.93 10
2185.0 356.4220000000001 16 2370.0 -185.0 13 -88 103.435 98.34900000000002 37
2250.0 303.73100000000005 13 2250.0 0.0 0 -63 120.06000000000004 100.24299999999997 0
2400.0 273.038 18 2400.0 -270.0 22 -57 97.15600000000002 114.586 54
1805.0 366.991 15 2130.0 -325.0 23 -90 112.64800000000004 73.91499999999996 65
2430.0 311.24 20 2430.0 0.0 0 -70 106.361 105.12399999999997 0
1470.0 236.093 15 1530.0 -60.0 8 -57 86.86799999999997 58.961999999999996 12
1770.0 290.9890000000001 21 1770.0 0.0 0 -70 109.693 70.17799999999998 0
2205.0 327.5569999999999 20 2250.0 -45.0 6 -75 140.37 80.50099999999998 9
1920.0 242.12099999999995 21 1920.0 0.0 0 -74 77.84099999999998 70.768 0
1980.0 301.829 19 1980.0 0.0 0 -66 124.03099999999999 90.70800000000001 0
2220.0 282.6239999999999 20 2220.0 0.0 0 -73 83.81199999999997 96.08899999999998 0
1650.0 235.38799999999998 18 1650.0 0.0 0 -70 77.93999999999998 53.999999999999986 0
1680.0 245.70899999999995 15 1680.0 0.0 0 -71 77.16600000000001 56.303 0
1900.0 237.7800000000001 20 2010.0 -110.0 14 -60 88.83799999999998 74.156 22
2275.0 293.29499999999996 18 2340.0 -65.0 5 -70 87.29599999999999 97.265 13
2160.0 239.245 19 2160.0 0.0 0 -65 82.86199999999998 72.93599999999998 0
1590.0 221.23300000000003 17 1590.0 0.0 0 -56 82.14399999999999 60.158999999999985 0
2190.0 341.2839999999999 18 2190.0 0.0 0 -74 140.84 85.586 0
930.0 191.46800000000002 16 930.0 0.0 0 -56 58.192999999999984 36.00599999999999 0
2190.0 273.57399999999996 19 2190.0 -110.0 7 -59 113.58999999999999 86.37499999999997 22
1380.0 266.142 20 1380.0 0.0 0 -64 105.60799999999999 55.60499999999999 0
2100.0 278.21399999999994 18 2100.0 0.0 0 -71 103.53300000000004 81.803 0
2280.0 289.4680000000001 18 2460.0 -180.0 15 -77 97.28299999999999 90.552 36
1555.0 272.1619999999999 17 1620.0 -65.0 5 -75 83.10499999999999 58.27999999999999 13
1495.0 273.9819999999999 18 1530.0 -35.0 2 -72 105.159 50.870999999999995 7
1680.0 250.36300000000003 18 1800.0 -120.0 8 -69 89.67299999999999 60.36699999999998 24
1920.0 237.921 18 1920.0 0.0 0 -64 89.25899999999999 69.253 0
2170.0 316.46700000000004 19 2220.0 -80.0 16 -71 130.744 83.967 12
2010.0 290.132 14 2190.0 -180.0 12 -79 82.42600000000002 74.61600000000003 36
1380.0 216.432 15 1410.0 -30.0 2 -58 65.799 57.34 6
1710.0 232.531 14 1740.0 -30.0 2 -63 77.43499999999997 63.199999999999974 6
2360.0 283.04900000000004 15 2430.0 -70.0 5 -65 96.49699999999999 97.98899999999998 14
1470.0 230.752 22 1470.0 0.0 0 -58 88.65399999999997 56.173000000000016 0
1275.0 267.02199999999993 20 1470.0 -195.0 20 -83 84.53000000000002 49.04200000000001 39
1380.0 264.635 18 1440.0 -180.0 12 -67 106.30699999999997 57.53199999999999 36
1695.0 205.02999999999997 19 1860.0 -165.0 22 -61 65.64999999999999 66.70799999999998 33
1950.0 270.3450000000001 26 1950.0 0.0 0 -70 104.063 73.292 0
1460.0 285.07000000000005 20 1560.0 -100.0 8 -72 105.99700000000003 68.68399999999998 20
1350.0 272.48499999999996 21 1410.0 -60.0 4 -71 101.50899999999997 60.510000000000005 12
915.0 247.83599999999996 15 1170.0 -285.0 28 -69 76.50499999999998 43.648999999999994 53
1500.0 244.429 18 1680.0 -180.0 12 -69 84.082 60.21899999999999 36
1620.0 248.3949999999999 17 1620.0 0.0 0 -66 97.445 54.29599999999999 0
1215.0 202.827 20 1440.0 -225.0 14 -64 70.26899999999999 48.14999999999999 45
1605.0 270.645 24 1650.0 -45.0 6 -65 108.84099999999998 63.196999999999996 9
1960.0 272.522 18 2160.0 -200.0 13 -53 104.42600000000002 104.62399999999997 40
2550.0 310.77099999999996 22 2610.0 -115.0 15 -70 117.832 103.11599999999999 23
1560.0 211.20800000000003 17 1560.0 -90.0 30 -66 67.20799999999998 54.413 6
1690.0 267.84299999999996 16 1740.0 -50.0 6 -57 78.72999999999999 93.00099999999998 10
1340.0 241.833 20 1380.0 -40.0 5 -69 83.79899999999998 40.50499999999999 8
1755.0 321.15799999999996 19 1770.0 -15.0 5 -76 103.382 77.268 1
1830.0 279.06299999999993 17 1920.0 -90.0 6 -67 105.063 72.35500000000002 18
1860.0 345.702 17 2040.0 -180.0 12 -81 127.15400000000002 82.11399999999998 36
1590.0 256.826 18 1590.0 0.0 0 -69 93.22000000000001 63.329 0
2100.0 290.56900000000013 27 2100.0 -125.0 8 -72 114.148 79.148 25
1655.0 252.914 22 1860.0 -205.0 26 -69 76.35499999999998 68.06599999999999 41
1920.0 260.6720000000001 21 1950.0 -30.0 4 -61 102.28600000000003 74.57699999999997 6
1560.0 308.159 20 1680.0 -120.0 8 -77 117.85199999999996 69.624 24
900.0 173.949 14 900.0 0.0 0 -48 67.56499999999998 35.17399999999999 0
1710.0 213.99400000000003 14 1860.0 -255.0 33 -52 86.92300000000002 66.22299999999998 51
1810.0 366.4769999999999 21 1860.0 -185.0 51 -77 144.29999999999998 83.66900000000001 19
1560.0 243.1930000000001 20 1560.0 0.0 0 -59 86.76399999999998 66.28699999999999 0
2020.0 351.90399999999994 22 2160.0 -140.0 14 -95 118.747 86.07399999999998 28
2535.0 337.9210000000001 15 2940.0 -425.0 63 -75 123.76400000000004 109.76199999999997 53
2135.0 261.445 16 2490.0 -355.0 17 -67 88.55599999999997 93.31599999999999 71
2000.0 298.34300000000013 22 2130.0 -130.0 25 -70 112.26899999999999 81.00200000000001 20
2370.0 316.94699999999995 22 2430.0 -60.0 8 -81 127.724 86.60099999999998 12
1995.0 265.7059999999999 19 2040.0 -45.0 3 -62 104.19899999999998 70.194 9
1350.0 216.55499999999995 21 1350.0 0.0 0 -56 81.553 49.47699999999998 0
2115.0 307.636 24 2160.0 -60.0 20 -76 95.523 89.18600000000002 4
1685.0 242.01600000000002 22 1740.0 -55.0 7 -59 80.98899999999998 65.57599999999998 11
1710.0 297.1219999999999 22 1710.0 0.0 0 -70 118.42 62.624999999999986 0
1605.0 284.8059999999999 22 1620.0 -15.0 5 -69 104.75599999999999 69.91999999999999 1
1065.0 218.76699999999994 15 1080.0 -15.0 2 -59 70.85699999999999 49.947999999999986 3
1410.0 297.33199999999994 18 1470.0 -60.0 4 -68 115.55199999999996 60.81899999999999 12
1790.0 273.207 21 1860.0 -70.0 9 -76 89.59100000000001 69.20599999999999 14
1350.0 262.40999999999997 14 1920.0 -600.0 48 -53 102.53100000000002 69.523 120
890.0 183.55899999999997 18 1080.0 -270.0 17 -48 78.289 40.408 54
1970.0 269.2009999999999 18 2010.0 -40.0 2 -73 86.83199999999997 73.42299999999999 8
1760.0 261.11 16 1800.0 -40.0 2 -65 89.54599999999996 74.917 8
1730.0 274.28900000000004 16 1890.0 -160.0 18 -69 87.201 78.918 32
740.0 148.65599999999998 15 900.0 -210.0 27 -40 51.581999999999994 36.547999999999995 42
1980.0 327.1049999999997 16 2160.0 -180.0 12 -81 118.43400000000001 85.74599999999998 36
1980.0 237.473 15 1980.0 0.0 0 -60 84.14500000000001 79.10299999999998 0
2000.0 265.13 20 2160.0 -260.0 19 -68 92.93999999999997 79.58599999999996 52
1410.0 233.07600000000008 21 1410.0 -165.0 22 -62 83.38799999999998 55.557999999999986 33
2130.0 241.31700000000012 17 2130.0 0.0 0 -59 96.65300000000006 76.77499999999999 0
1560.0 268.753 21 1560.0 0.0 0 -74 103.51599999999998 58.92700000000001 0
2925.0 312.6479999999999 14 3000.0 -75.0 19 -81 79.19200000000001 108.18199999999995 9
2080.0 275.19300000000004 17 2130.0 -50.0 4 -73 83.195 72.77400000000003 10
1985.0 304.76500000000004 21 2040.0 -105.0 13 -70 114.68500000000002 86.27999999999999 21
1170.0 245.09199999999996 15 1170.0 0.0 0 -55 90.57100000000001 53.986999999999995 0
1560.0 254.31199999999998 16 1560.0 -125.0 8 -66 90.76299999999998 62.36699999999999 25
1620.0 249.84799999999998 22 1620.0 0.0 0 -76 84.52799999999999 54.426 0
1950.0 234.76400000000004 16 1950.0 0.0 0 -57 82.84600000000002 78.167 0
1710.0 331.45799999999997 20 1950.0 -240.0 18 -79 92.9 80.03500000000003 48
1120.0 178.05299999999997 15 1170.0 -50.0 6 -51 61.98899999999999 43.474 10
2100.0 269.05899999999997 21 2100.0 0.0 0 -66 91.62200000000003 75.00999999999996 0
1730.0 343.84000000000003 16 1950.0 -220.0 22 -76 147.49700000000004 58.896 44
2820.0 328.6770000000001 19 2820.0 0.0 0 -77 123.518 105.49899999999998 0
1865.0 211.14499999999998 15 2010.0 -145.0 7 -57 60.68499999999999 78.029 29
1255.0 205.89599999999996 20 1470.0 -240.0 32 -52 66.339 53.289999999999985 48
1800.0 248.72400000000007 18 1800.0 0.0 0 -63 92.77799999999999 62.32600000000001 0
2545.0 352.9369999999999 20 2700.0 -155.0 12 -82 132.55 101.71999999999997 31
2250.0 282.411 22 2250.0 0.0 0 -68 115.28 86.06499999999998 0
1200.0 278.9590000000001 15 1320.0 -120.0 16 -70 98.57500000000002 55.27599999999999 24
1315.0 306.22900000000004 15 1710.0 -415.0 52 -67 112.20599999999999 73.71 83
1680.0 276.3249999999999 16 2100.0 -510.0 84 -74 77.71 82.37799999999999 51
1560.0 267.33400000000006 19 1560.0 0.0 0 -68 97.85599999999998 74.20499999999998 0
1950.0 246.52900000000002 16 1950.0 0.0 0 -75 64.618 76.29799999999999 0
1230.0 204.797 15 1230.0 0.0 0 -51 77.708 52.974999999999994 0
2425.0 316.83600000000007 14 2610.0 -285.0 37 -78 112.44100000000005 89.35099999999996 57
2160.0 274.45200000000006 21 2160.0 -60.0 8 -67 97.95799999999998 80.71399999999998 12
1665.0 337.5259999999998 20 1740.0 -75.0 6 -79 130.945 78.64399999999999 15
1320.0 250.09000000000003 21 1320.0 0.0 0 -61 104.56900000000002 44.63100000000001 0
1885.0 290.5950000000002 19 1950.0 -65.0 4 -82 101.43000000000002 66.76599999999996 13
1995.0 288.2780000000001 16 2010.0 -15.0 5 -74 89.974 82.005 1
1265.0 240.834 15 1350.0 -85.0 7 -58 73.94199999999998 66.27399999999999 17
2175.0 297.0849999999999 20 2220.0 -45.0 15 -68 118.525 92.497 3
1890.0 260.20099999999996 16 1890.0 0.0 0 -64 95.96599999999997 74.29099999999998 0
1470.0 253.46699999999998 20 1620.0 -185.0 24 -60 92.14799999999997 72.37599999999998 37
1710.0 249.37500000000006 20 1710.0 0.0 0 -68 91.30999999999997 62.48100000000002 0
1965.0 299.18199999999996 18 2070.0 -105.0 6 -74 102.86800000000001 84.83299999999997 21
860.0 199.58299999999997 16 1050.0 -190.0 12 -50 79.10199999999996 45.55399999999999 38
2340.0 306.822 16 2580.0 -240.0 18 -69 125.066 84.458 48
1770.0 312.80299999999994 20 1800.0 -30.0 4 -75 114.87000000000002 75.77099999999999 6
2700.0 301.8019999999999 18 2700.0 0.0 0 -78 105.55800000000002 90.59799999999998 0
1805.0 290.405 18 2010.0 -205.0 27 -60 129.02100000000002 75.41699999999997 41
2280.0 268.307 18 2280.0 0.0 0 -65 105.27699999999999 89.07099999999998 0
1290.0 218.46400000000003 15 1290.0 0.0 0 -61 73.10999999999999 45.13699999999999 0
3195.0 356.14099999999985 19 3300.0 -165.0 55 -75 132.3 129.29300000000003 11
1930.0 265.3 20 1980.0 -50.0 6 -79 71.46 80.51400000000001 10
1920.0 244.59000000000003 15 1920.0 0.0 0 -60 86.92899999999999 76.944 0
1680.0 218.333 16 1680.0 -165.0 22 -56 80.55700000000002 65.81099999999998 33
1440.0 328.994 17 1650.0 -315.0 22 -70 133.211 81.76599999999998 63
2000.0 295.564 22 2310.0 -380.0 32 -70 100.164 80.38499999999999 76
1410.0 245.82900000000004 14 1410.0 0.0 0 -65 85.519 60.869 0
1515.0 222.0239999999999 19 1560.0 -315.0 25 -64 76.38299999999995 46.265 63
2280.0 295.1029999999999 21 2280.0 0.0 0 -77 99.91499999999999 89.40199999999999 0
1005.0 213.40300000000005 17 1170.0 -235.0 31 -58 69.46 53.80299999999999 47
2340.0 296.35699999999997 20 2340.0 0.0 0 -78 104.69600000000003 83.734 0
1065.0 247.402 18 1290.0 -225.0 75 -62 95.464 55.809 15
1210.0 177.875 14 1470.0 -275.0 38 -44 73.02499999999999 43.56300000000004 55
2010.0 282.749 22 2010.0 0.0 0 -74 97.68699999999998 77.662 0
1610.0 239.8500000000001 19 1710.0 -100.0 6 -54 85.13599999999998 82.59899999999999 20
1440.0 189.47000000000003 16 1440.0 -180.0 15 -58 59.03399999999999 54.35499999999999 36
950.0 222.03699999999998 15 990.0 -40.0 5 -60 68.43299999999999 45.797999999999995 8
2580.0 322.768 19 2580.0 0.0 0 -78 129.14999999999998 95.94500000000001 0
1665.0 267.52899999999994 20 1830.0 -235.0 31 -57 118.41799999999999 72.74099999999999 47
1680.0 277.51099999999997 20 1860.0 -180.0 12 -68 98.64899999999997 76.69399999999999 36
1980.0 284.744 22 1980.0 0.0 0 -76 98.87399999999998 71.62399999999997 0
1830.0 272.95199999999994 18 1830.0 0.0 0 -73 98.88899999999997 59.65 0
1950.0 239.962 17 1950.0 0.0 0 -63 80.77699999999999 78.83800000000001 0
1440.0 259.188 20 1440.0 0.0 0 -65 99.59699999999997 63.721 0
2100.0 326.5019999999999 21 2160.0 -60.0 8 -84 116.05499999999999 84.62899999999998 12
2220.0 277.46200000000005 17 2220.0 0.0 0 -70 99.56500000000001 93.32499999999999 0
1680.0 278.0350000000001 19 1680.0 0.0 0 -69 99.84100000000001 61.16499999999998 0
1740.0 274.56199999999995 13 1740.0 0.0 0 -71 98.94600000000003 68.571 0
2460.0 305.1929999999998 23 2460.0 0.0 0 -79 111.35999999999999 90.45899999999999 0
1710.0 296.16 20 1740.0 -380.0 68 -79 102.98399999999995 65.47999999999999 37
1570.0 231.14700000000008 13 1710.0 -140.0 18 -53 85.79400000000001 69.70199999999998 28
2285.0 317.2829999999999 17 2370.0 -85.0 5 -71 121.17400000000004 100.71999999999998 17
1860.0 236.75099999999998 16 1860.0 -95.0 7 -67 74.78199999999998 66.264 19
1815.0 374.3779999999999 22 1920.0 -105.0 14 -87 126.12599999999999 88.948 21
2610.0 262.86199999999997 14 2610.0 -30.0 10 -62 84.07600000000004 106.70099999999996 2
2425.0 319.33799999999997 22 2520.0 -95.0 6 -80 115.25200000000002 96.82899999999998 19
1470.0 238.36200000000002 17 1470.0 0.0 0 -58 99.02299999999997 52.76699999999999 0
2170.0 328.7779999999999 19 2400.0 -335.0 76 -74 116.65400000000002 92.57599999999996 41
2010.0 243.34000000000003 17 2010.0 0.0 0 -59 80.29499999999999 84.64900000000002 0
1920.0 263.21599999999995 17 1920.0 0.0 0 -67 81.997 69.54099999999998 0
2140.0 267.025 19 2190.0 -50.0 6 -75 91.52499999999999 75.932 10
1320.0 180.94100000000003 14 1320.0 0.0 0 -56 58.704 39.34499999999999 0
1980.0 236.78899999999996 15 1980.0 -110.0 7 -58 94.14299999999996 76.30100000000002 22
1380.0 234.23999999999995 19 1380.0 0.0 0 -63 79.36099999999998 62.344999999999985 0
2090.0 287.9650000000001 19 2250.0 -160.0 8 -67 103.09600000000002 94.12499999999997 32
1560.0 280.8799999999999 20 1560.0 0.0 0 -68 102.585 71.939 0
1120.0 174.08799999999997 14 1200.0 -80.0 11 -45 63.949999999999996 47.95799999999999 16
1620.0 215.78500000000008 19 1620.0 0.0 0 -63 66.99199999999998 62.25600000000001 0
1920.0 288.866 18 1920.0 0.0 0 -67 112.85700000000001 85.24799999999999 0
2130.0 230.888 19 2130.0 -15.0 5 -59 80.83999999999999 76.57700000000001 1
2010.0 250.87700000000004 19 2010.0 -15.0 5 -67 87.44699999999997 67.08199999999998 1
1920.0 293.7289999999999 17 1920.0 0.0 0 -67 125.53100000000003 71.56499999999997 0
1230.0 221.86900000000003 10 1410.0 -180.0 12 -67 59.70399999999998 51.14800000000001 36
1350.0 216.24999999999997 18 1350.0 0.0 0 -62 75.43299999999999 53.654999999999994 0
1850.0 293.744 20 1920.0 -70.0 5 -72 94.726 94.46600000000001 14
825.0 196.926 14 1020.0 -195.0 65 -52 69.258 37.913999999999994 13
3315.0 365.5539999999999 19 3390.0 -75.0 10 -85 131.41000000000003 129.37900000000002 15
2850.0 356.4850000000001 18 3060.0 -210.0 16 -69 116.79699999999997 123.17300000000004 42
1320.0 238.845 18 1320.0 0.0 0 -59 96.10300000000001 50.73199999999999 0
1980.0 257.75499999999994 18 1980.0 0.0 0 -67 78.118 70.89199999999998 0
1590.0 230.71699999999998 18 1590.0 -30.0 10 -69 82.666 45.611 2
2255.0 322.97799999999995 15 2340.0 -85.0 5 -74 123.09800000000003 90.76799999999997 17
920.0 236.466 14 1140.0 -220.0 17 -56 94.052 43.192 44
1680.0 307.2429999999999 17 1710.0 -30.0 4 -81 82.297 77.56599999999997 6
1380.0 234.29 20 1380.0 0.0 0 -59 88.93999999999998 48.879 0
2430.0 317.782 15 2430.0 0.0 0 -77 115.649 92.46199999999999 0
1500.0 208.33200000000002 16 1500.0 0.0 0 -54 72.77699999999999 59.44799999999999 0
1920.0 286.6460000000002 18 2250.0 -330.0 23 -69 101.71600000000002 88.39099999999996 66
2195.0 281.036 16 2340.0 -145.0 11 -68 91.44900000000001 102.224 29
1415.0 213.10700000000003 17 1470.0 -55.0 7 -51 71.088 62.722 11
2130.0 287.49800000000005 14 2130.0 0.0 0 -70 103.92500000000001 90.18999999999998 0
2340.0 274.033 15 2340.0 0.0 0 -67 93.45199999999998 91.119 0
1410.0 225.62900000000002 18 1410.0 0.0 0 -66 62.18999999999999 59.047999999999995 0
1530.0 254.073 17 1530.0 0.0 0 -75 70.12700000000001 68.60299999999998 0
2175.0 283.38 21 2370.0 -195.0 26 -70 89.09699999999998 100.216 39
1920.0 226.26600000000002 21 1920.0 -140.0 6 -54 79.25999999999999 78.33600000000001 28
1030.0 208.07700000000003 19 1110.0 -80.0 6 -54 71.61099999999999 52.282999999999994 16
1710.0 233.13600000000008 16 1950.0 -240.0 80 -67 61.958 58.532000000000025 16
2910.0 384.7989999999999 19 2970.0 -60.0 8 -82 162.31500000000003 112.76799999999997 12
1980.0 224.52000000000004 13 2040.0 -195.0 65 -56 75.20100000000002 84.36099999999993 13
1680.0 258.96099999999996 16 1680.0 0.0 0 -64 88.03799999999998 71.26 0
1350.0 240.885 22 1350.0 0.0 0 -61 97.73799999999999 59.65699999999998 0
2185.0 313.35599999999994 22 2220.0 -140.0 37 -78 106.872 89.47399999999999 14
1710.0 248.40999999999997 18 1710.0 0.0 0 -65 99.77300000000001 57.284 0
1565.0 276.91299999999995 19 1590.0 -25.0 2 -70 98.05499999999998 72.61199999999998 5
1560.0 241.45800000000006 20 1560.0 0.0 0 -59 77.75199999999997 68.50099999999999 0
1565.0 265.1559999999999 18 1650.0 -85.0 11 -60 101.46699999999998 69.22399999999999 17
1665.0 191.26600000000005 14 1710.0 -45.0 6 -44 79.02399999999999 60.123 9
2115.0 263.30999999999995 14 2160.0 -75.0 13 -74 80.60099999999998 81.69799999999996 11
1560.0 265.423 19 1560.0 0.0 0 -65 100.02499999999999 64.53999999999998 0
2610.0 279.12600000000003 20 2610.0 -60.0 8 -70 97.86199999999998 100.814 12
1590.0 306.3530000000002 19 1590.0 -210.0 17 -68 127.97600000000004 69.23399999999997 42
1620.0 268.95399999999995 18 1620.0 0.0 0 -65 97.629 71.75 0
2085.0 310.18199999999996 16 2160.0 -75.0 6 -80 105.81400000000001 83.99299999999997 15
1410.0 241.13800000000003 20 1410.0 0.0 0 -57 93.41799999999999 62.649 0
1620.0 251.106 14 1800.0 -370.0 24 -59 95.10500000000003 75.43699999999995 74
1920.0 242.40800000000002 20 1920.0 0.0 0 -62 99.08899999999997 67.968 0
2505.0 272.351 19 2730.0 -225.0 14 -71 107.55899999999998 78.63199999999998 45
1950.0 332.6000000000001 16 2130.0 -180.0 12 -82 119.87400000000001 79.381 36
1740.0 253.302 22 1740.0 0.0 0 -64 83.38899999999998 72.358 0
1400.0 244.20699999999997 15 1500.0 -100.0 6 -59 90.904 64.76899999999999 20
1380.0 226.54100000000005 13 1380.0 0.0 0 -43 91.35300000000004 77.879 0
2670.0 313.946 19 2730.0 -60.0 5 -70 116.57699999999998 96.58 12
1740.0 288.31 18 1770.0 -30.0 4 -83 77.52899999999998 76.08099999999997 6
2310.0 265.21500000000003 17 2310.0 0.0 0 -59 110.31700000000001 91.80099999999996 0
1470.0 226.93499999999995 14 1560.0 -90.0 12 -51 87.05499999999999 68.011 18
1675.0 279.82500000000005 17 1950.0 -300.0 44 -68 88.68699999999998 76.88700000000001 58
1625.0 240.48800000000008 18 1680.0 -255.0 33 -58 92.60300000000004 66.48699999999998 51
1890.0 256.65500000000003 19 1890.0 -150.0 20 -61 111.79800000000002 61.07999999999998 30
1665.0 245.64699999999996 17 1770.0 -105.0 14 -68 94.24099999999999 55.63599999999999 21
1095.0 225.561 16 1620.0 -560.0 41 -56 77.64800000000001 55.461999999999996 112
1195.0 292.864 21 1230.0 -35.0 2 -77 105.24699999999996 53.570999999999984 7
1500.0 261.60400000000004 18 1500.0 -15.0 5 -70 69.379 70.69199999999998 1
2220.0 229.83399999999997 14 2340.0 -150.0 25 -56 84.74100000000003 73.95 15
1505.0 301.6650000000001 14 1680.0 -175.0 11 -65 121.31700000000004 67.51199999999997 35
1685.0 269.89599999999996 13 1860.0 -175.0 11 -62 105.197 69.21600000000001 35
1440.0 235.0129999999999 17 1620.0 -215.0 29 -58 96.53599999999996 64.38899999999997 43
1620.0 295.22499999999997 21 1620.0 0.0 0 -71 111.69000000000001 72.25500000000001 0
2340.0 344.5160000000001 26 2340.0 -105.0 35 -72 133.206 113.85399999999996 7
1410.0 264.735 22 1410.0 0.0 0 -61 102.45399999999997 69.25699999999999 0
2115.0 294.8879999999999 14 2400.0 -285.0 18 -69 115.07600000000001 86.07799999999997 57
1530.0 232.90999999999997 19 1530.0 0.0 0 -65 79.15999999999998 59.498000000000005 0
1500.0 225.758 18 1500.0 0.0 0 -61 76.14899999999997 64.87899999999999 0
2550.0 328.3269999999998 20 2550.0 0.0 0 -75 124.66099999999999 103.78399999999999 0
2345.0 278.30100000000004 17 2400.0 -55.0 12 -81 67.91399999999999 77.548 7
1380.0 272.21799999999996 12 1560.0 -180.0 12 -66 96.90100000000001 70.34799999999998 36
1590.0 247.68699999999995 19 1590.0 0.0 0 -71 81.21599999999998 65.029 0
2350.0 294.62899999999985 24 2610.0 -260.0 20 -85 93.26 92.20599999999999 52
2235.0 300.30299999999994 19 2250.0 -15.0 5 -76 109.54200000000002 73.87600000000003 1
2235.0 323.22400000000005 23 2280.0 -210.0 37 -81 108.15 86.61599999999999 36
1560.0 209.57199999999997 14 1560.0 0.0 0 -61 68.20400000000001 55.38699999999999 0
1830.0 267.99099999999993 16 1830.0 0.0 0 -61 90.93599999999999 92.574 0
2340.0 305.705 18 2340.0 -30.0 10 -79 95.31 94.393 2
2010.0 284.0269999999999 16 2010.0 0.0 0 -66 115.02000000000001 84.97500000000001 0
1680.0 278.67100000000005 25 1680.0 0.0 0 -74 106.31599999999999 62.90099999999999 0
1660.0 267.55000000000007 16 1830.0 -260.0 31 -66 95.267 72.47500000000002 52
990.0 245.07200000000003 17 990.0 0.0 0 -69 88.98699999999998 43.14999999999999 0
1290.0 230.21000000000006 14 1290.0 0.0 0 -63 97.87299999999998 37.527 0
2315.0 312.16999999999996 21 2400.0 -85.0 5 -83 106.47 81.95199999999998 17
2250.0 273.612 20 2250.0 -180.0 24 -61 105.55400000000002 91.73099999999997 36
1980.0 340.39 19 2040.0 -60.0 11 -89 112.289 83.07299999999996 10
2105.0 306.02200000000005 22 2310.0 -205.0 14 -71 113.316 98.70899999999996 41
1160.0 216.51100000000005 14 1350.0 -225.0 28 -59 56.513000000000005 58.556 45
2210.0 295.37899999999985 18 2250.0 -40.0 5 -78 99.21999999999998 85.288 8
1650.0 257.864 18 1650.0 -30.0 10 -67 100.60900000000004 56.014999999999986 2
1605.0 274.43499999999995 19 1650.0 -45.0 6 -82 85.75299999999999 62.203 9
1110.0 199.67000000000002 18 1110.0 0.0 0 -51 71.893 49.477 0
2130.0 253.38899999999998 19 2130.0 0.0 0 -64 99.25400000000002 81.87400000000001 0
1950.0 314.66399999999993 20 1950.0 0.0 0 -75 121.99700000000003 79.57799999999997 0
1830.0 226.534 15 1830.0 0.0 0 -55 84.977 71.35799999999998 0
1920.0 230.65900000000005 15 1920.0 0.0 0 -61 81.44200000000001 70.23799999999997 0
1500.0 213.40200000000002 17 1500.0 0.0 0 -59 67.222 59.42599999999999 0
2190.0 275.32500000000005 24 2190.0 -65.0 8 -78 87.09099999999998 82.85199999999999 13
1960.0 308.67799999999994 21 2070.0 -110.0 7 -69 120.70899999999999 87.81099999999996 22
1260.0 247.63099999999997 17 1320.0 -175.0 11 -61 86.875 59.74899999999998 35
2265.0 311.68000000000006 17 2370.0 -105.0 8 -74 108.63100000000004 96.10699999999999 21
2130.0 307.4559999999999 18 2130.0 0.0 0 -66 120.691 99.98999999999998 0
2700.0 291.348 14 2790.0 -90.0 18 -72 88.54499999999997 102.66300000000005 14
1580.0 261.17900000000003 11 1920.0 -410.0 30 -68 93.517 65.52499999999998 82
930.0 258.00399999999996 19 990.0 -60.0 8 -65 84.24599999999997 54.51699999999999 12
1470.0 220.15300000000002 21 1470.0 0.0 0 -67 58.41 56.77599999999999 0
1095.0 173.53099999999998 14 1170.0 -355.0 29 -46 54.325999999999986 52.339999999999996 71
1650.0 269.53299999999996 18 1650.0 0.0 0 -68 95.53199999999998 75.131 0
1440.0 284.098 20 1440.0 0.0 0 -84 99.67100000000002 46.208999999999996 0
1770.0 239.682 17 1770.0 0.0 0 -65 78.81599999999999 64.93099999999998 0
2160.0 283.3999999999999 23 2160.0 0.0 0 -69 111.53500000000003 80.97299999999996 0
1770.0 245.26400000000004 18 1770.0 -155.0 7 -62 83.27200000000002 73.50599999999996 31
1880.0 263.10400000000004 17 2040.0 -275.0 21 -77 78.723 77.03000000000002 55
2100.0 298.7269999999999 13 2100.0 -30.0 10 -66 125.65300000000002 86.02899999999995 2
1650.0 212.12499999999994 17 1650.0 0.0 0 -65 70.392 43.833999999999996 0
2225.0 294.0640000000001 21 2250.0 -155.0 11 -72 123.49400000000001 82.03 31
3240.0 387.34299999999985 19 3450.0 -210.0 20 -93 135.91 132.39400000000003 42
2430.0 374.484 16 2610.0 -210.0 22 -88 130.656 110.77499999999999 38
2460.0 303.24100000000004 19 2460.0 0.0 0 -67 124.96500000000005 99.27399999999997 0
1890.0 256.469 19 1890.0 0.0 0 -74 80.83199999999998 68.09800000000003 0
2490.0 336.2630000000001 20 2520.0 -30.0 10 -85 139.31500000000008 74.96000000000001 2
1555.0 305.1559999999999 16 1590.0 -35.0 4 -69 100.971 77.27799999999998 7
1660.0 233.66900000000007 16 1860.0 -230.0 30 -49 98.43700000000001 75.179 46
1740.0 274.197 19 1740.0 0.0 0 -70 102.69300000000001 67.773 0
2245.0 274.12999999999994 20 2310.0 -65.0 8 -75 83.56800000000004 77.05899999999995 13
1920.0 249.11100000000005 20 1920.0 0.0 0 -65 93.30299999999998 69.72899999999998 0
920.0 204.19500000000002 16 960.0 -40.0 2 -55 81.08699999999999 34.26400000000001 8
1530.0 226.88100000000006 12 1530.0 0.0 0 -55 86.614 65.70299999999997 0
1690.0 269.85499999999996 16 1800.0 -110.0 16 -66 97.889 64.82799999999997 18
1800.0 238.889 16 1800.0 0.0 0 -66 73.95399999999997 60.12100000000002 0
1700.0 222.57299999999992 12 1890.0 -260.0 34 -53 78.37200000000003 69.38400000000001 52
1830.0 294.804 20 1890.0 -60.0 5 -81 81.371 72.38600000000002 12
1730.0 223.02500000000003 14 1800.0 -70.0 9 -69 61.68799999999999 70.22399999999999 14
1980.0 267.856 23 1980.0 0.0 0 -76 97.65300000000005 71.94499999999998 0
1590.0 228.54500000000007 16 1590.0 0.0 0 -55 74.386 71.559 0
1890.0 257.961 19 1890.0 0.0 0 -62 92.04500000000003 79.25399999999999 0
1490.0 225.94299999999996 13 1620.0 -220.0 16 -54 84.45700000000001 56.28099999999999 44
1790.0 334.38400000000007 23 2160.0 -440.0 57 -87 98.85199999999998 90.417 88
1245.0 214.9670000000001 14 1530.0 -350.0 23 -49 86.72900000000001 61.21199999999998 70
1530.0 262.72799999999995 22 1530.0 0.0 0 -62 104.898 61.50799999999998 0
1455.0 286.78199999999987 14 1530.0 -75.0 10 -74 91.584 63.422000000000004 15
2550.0 319.15799999999996 16 2550.0 0.0 0 -69 127.12100000000001 107.985 0
930.0 223.949 14 930.0 -95.0 6 -47 87.06499999999998 50.334999999999994 19
1680.0 255.20399999999998 16 1680.0 0.0 0 -57 95.678 79.21799999999999 0
2040.0 232.39999999999998 14 2040.0 0.0 0 -69 72.322 64.366 0
2250.0 232.413 16 2250.0 0.0 0 -55 85.17200000000001 82.09000000000002 0
1680.0 226.62999999999997 16 1680.0 0.0 0 -61 66.69599999999998 67.123 0
2250.0 306.30100000000004 22 2250.0 0.0 0 -76 107.54800000000003 98.35799999999995 0
1860.0 245.18099999999998 17 1860.0 0.0 0 -65 86.62899999999998 72.84999999999997 0
1560.0 267.22099999999995 18 1560.0 0.0 0 -67 94.67699999999999 67.64299999999999 0
1455.0 216.05599999999995 17 1560.0 -105.0 6 -56 84.91899999999997 56.60999999999999 21
1380.0 220.02900000000002 18 1380.0 0.0 0 -59 82.945 55.717999999999996 0
2100.0 294.2509999999999 19 2100.0 -80.0 13 -62 112.09300000000002 96.73499999999997 8
1920.0 307.651 21 1920.0 0.0 0 -77 107.51499999999997 88.493 0
1820.0 280.6290000000001 16 1890.0 -185.0 12 -65 113.92800000000001 74.824 37
1920.0 266.7709999999999 17 1920.0 0.0 0 -68 107.118 68.01099999999998 0
1625.0 291.273 21 1800.0 -175.0 11 -70 101.82499999999995 74.69400000000002 35
1405.0 244.47699999999998 15 1560.0 -195.0 25 -61 94.28 61.343999999999994 39
1530.0 241.19000000000005 17 1530.0 0.0 0 -60 86.10699999999999 65.949 0
1350.0 260.31 19 1350.0 0.0 0 -65 92.159 58.52300000000001 0
2235.0 322.7829999999999 18 2280.0 -45.0 6 -78 124.42000000000004 83.14099999999996 9
1135.0 212.94100000000003 15 1170.0 -35.0 4 -59 82.47900000000001 43.51499999999999 7
1740.0 268.40899999999993 21 1740.0 0.0 0 -72 93.46 73.089 0
2355.0 317.29400000000004 19 2400.0 -45.0 15 -87 95.78500000000001 88.36400000000002 3
1560.0 239.68599999999998 21 1560.0 0.0 0 -64 88.86599999999999 53.221999999999994 0
1700.0 297.699 19 1770.0 -70.0 5 -77 103.31000000000003 82.896 14
1860.0 221.78800000000004 11 1860.0 0.0 0 -63 78.562 58.94 0
1710.0 253.05700000000002 12 1710.0 0.0 0 -66 77.78900000000002 63.787000000000006 0
1770.0 284.11299999999994 21 1770.0 0.0 0 -72 94.83499999999998 82.945 0
2085.0 298.37899999999985 16 2130.0 -45.0 6 -79 98.30900000000001 78.39899999999997 9
1770.0 274.43200000000013 15 1770.0 0.0 0 -66 103.60400000000003 68.07999999999998 0
1710.0 279.603 23 1710.0 0.0 0 -73 103.984 65.20999999999998 0
1500.0 267.9789999999999 20 1500.0 0.0 0 -74 91.80799999999999 56.95999999999998 0
2040.0 284.04999999999995 22 2040.0 0.0 0 -80 100.053 71.887 0
1595.0 260.834 18 1650.0 -105.0 13 -63 85.67299999999997 68.871 21
1800.0 240.68600000000004 17 1800.0 -50.0 6 -54 92.38500000000003 77.89399999999996 10
1920.0 267.48199999999997 19 1920.0 0.0 0 -67 92.90700000000001 79.371 0
1380.0 240.65500000000003 17 1380.0 0.0 0 -59 90.79899999999998 67.09099999999998 0
1965.0 343.30800000000016 16 2190.0 -225.0 18 -92 116.65399999999998 78.774 45
2660.0 355.58900000000006 15 2760.0 -100.0 9 -83 137.94300000000004 101.1 20
1115.0 220.64000000000004 13 1290.0 -175.0 11 -67 67.706 40.03899999999999 35
1825.0 255.55 16 1920.0 -95.0 7 -64 102.471 65.053 19
2055.0 311.33500000000015 18 2130.0 -75.0 13 -82 91.862 84.63699999999997 13
1410.0 259.9599999999999 18 1410.0 0.0 0 -67 95.98599999999999 51.01400000000001 0
2435.0 301.35599999999994 21 2460.0 -25.0 3 -71 108.128 100.408 5
1470.0 240.11800000000005 18 1470.0 0.0 0 -59 85.76599999999999 64.21499999999997 0
1290.0 286.6119999999999 24 1290.0 0.0 0 -67 110.00799999999998 63.986 0
2275.0 312.56199999999995 21 2310.0 -35.0 4 -78 101.78000000000002 99.50800000000001 7
2340.0 304.7999999999999 28 2340.0 0.0 0 -74 111.44699999999996 102.91799999999999 0
2520.0 288.74100000000004 19 2520.0 0.0 0 -73 113.23500000000001 91.51799999999997 0
1430.0 295.215 22 1560.0 -130.0 16 -61 118.61 75.57099999999997 22
2010.0 290.24700000000007 17 2190.0 -180.0 12 -74 103.97600000000001 86.51099999999998 36
1490.0 258.61799999999994 20 1680.0 -190.0 15 -68 93.217 66.30199999999998 38
1500.0 262.849 21 1500.0 0.0 0 -64 97.86000000000001 61.483 0
2190.0 263.83200000000005 15 2460.0 -270.0 22 -70 77.043 93.24300000000002 54
2115.0 238.71699999999993 16 2250.0 -135.0 13 -66 76.79899999999999 77.66300000000003 27
1365.0 252.696 13 1530.0 -205.0 27 -61 82.63099999999999 68.76199999999999 41
1800.0 299.4919999999999 17 1860.0 -60.0 8 -73 102.08 80.69999999999999 12
2075.0 305.93000000000006 18 2190.0 -165.0 21 -67 122.62700000000001 90.73599999999998 33
1800.0 312.958 16 1800.0 0.0 0 -65 136.07700000000003 76.14299999999999 0
2160.0 239.5870000000001 11 2160.0 0.0 0 -55 92.55900000000007 88.23699999999997 0
1170.0 203.03500000000005 14 1170.0 0.0 0 -52 64.66 51.30399999999998 0
2370.0 271.53900000000004 18 2370.0 -30.0 10 -63 112.74400000000003 85.68799999999997 2
1590.0 188.394 17 1590.0 0.0 0 -55 62.32599999999999 54.838999999999984 0
1380.0 249.58399999999997 18 1380.0 0.0 0 -66 91.58399999999999 63.90599999999999 0
2370.0 262.74199999999996 18 2370.0 0.0 0 -70 93.20900000000002 87.321 0
1920.0 274.62700000000007 17 1920.0 -125.0 8 -68 105.73100000000001 75.064 25
2520.0 277.6890000000001 18 2520.0 0.0 0 -61 115.70500000000004 84.65799999999999 0
1020.0 191.89000000000001 14 1050.0 -30.0 4 -52 64.27499999999999 40.730999999999995 6
1690.0 290.769 17 1740.0 -80.0 16 -76 80.067 90.069 12
1920.0 342.0239999999999 21 1980.0 -60.0 8 -75 142.93499999999997 88.14999999999996 12
2070.0 281.18399999999997 21 2070.0 0.0 0 -68 97.408 92.395 0
1935.0 246.14800000000002 18 2100.0 -165.0 22 -63 100.424 70.38299999999998 33
1610.0 294.86199999999997 22 1650.0 -40.0 5 -79 94.795 65.61099999999999 8
2090.0 273.163 17 2250.0 -160.0 13 -69 91.238 89.68999999999998 32
1320.0 235.75700000000003 18 1320.0 0.0 0 -64 74.03299999999999 57.57599999999998 0
1355.0 288.46500000000003 20 1530.0 -190.0 16 -74 101.21 54.27299999999999 36
1720.0 226.19899999999993 15 1980.0 -325.0 26 -60 67.202 51.33799999999999 65
2220.0 262.101 23 2220.0 -190.0 15 -67 102.52600000000001 79.06999999999998 38
1890.0 269.636 20 1890.0 0.0 0 -58 109.99300000000002 91.64399999999995 0
1530.0 217.64200000000005 17 1530.0 0.0 0 -60 70.919 56.049999999999976 0
2265.0 337.893 20 2310.0 -225.0 15 -84 123.02799999999999 87.006 45
2580.0 286.604 22 2580.0 0.0 0 -71 106.83100000000003 94.81800000000003 0
1920.0 292.217 17 1920.0 0.0 0 -76 106.99199999999998 76.477 0
1140.0 225.16900000000004 14 1140.0 0.0 0 -60 80.85099999999998 46.63 0
1770.0 304.8 20 1770.0 0.0 0 -78 116.22 56.559 0
1710.0 296.08900000000006 20 1710.0 0.0 0 -77 106.95899999999997 78.718 0
1590.0 259.1930000000001 20 1590.0 0.0 0 -74 73.29099999999997 56.026999999999994 0
1290.0 189.12900000000002 14 1290.0 0.0 0 -54 63.74099999999999 48.236999999999995 0
2165.0 310.80500000000006 17 2250.0 -85.0 14 -82 80.86899999999999 84.71600000000001 15
1470.0 164.51400000000004 13 1470.0 0.0 0 -51 44.650999999999996 50.79499999999999 0
1500.0 230.702 15 1500.0 0.0 0 -64 80.007 55.32399999999999 0
1830.0 266.69700000000006 22 1950.0 -120.0 8 -71 84.15299999999999 76.55499999999999 24
1770.0 270.571 21 1770.0 -15.0 5 -57 106.23700000000001 83.53200000000001 1
1500.0 282.65200000000004 14 1680.0 -180.0 12 -72 105.33800000000001 66.31599999999999 36
1380.0 216.999 13 1380.0 0.0 0 -60 85.0 48.674 0
995.0 201.44799999999992 17 1380.0 -435.0 59 -43 83.04799999999999 63.86 87
2460.0 325.337 23 2460.0 0.0 0 -81 121.17299999999997 96.41399999999999 0
1530.0 224.081 21 1530.0 0.0 0 -56 88.543 52.524000000000015 0
1540.0 293.30099999999993 17 1590.0 -50.0 6 -72 113.99599999999997 63.78199999999997 10
1960.0 305.62100000000004 24 2070.0 -110.0 15 -65 121.47699999999999 98.82199999999999 22
1690.0 279.27899999999994 16 1920.0 -380.0 38 -76 81.82 76.25699999999998 76
2375.0 296.54999999999995 16 2460.0 -140.0 17 -66 102.88599999999998 100.89799999999995 28
2010.0 276.76700000000005 16 2010.0 0.0 0 -67 102.81 78.49599999999998 0
1860.0 273.399 16 1950.0 -90.0 6 -68 109.11800000000002 67.62899999999998 18
1470.0 240.02199999999996 18 1470.0 0.0 0 -63 81.81 52.819999999999986 0
1500.0 237.32300000000006 16 1500.0 -60.0 8 -61 70.982 73.84599999999999 12
1690.0 248.946 20 1830.0 -140.0 9 -63 92.72799999999998 63.184999999999995 28
1740.0 279.948 17 1740.0 -170.0 8 -69 106.59900000000002 69.5 34
1775.0 330.16299999999984 19 1950.0 -175.0 11 -88 111.07999999999997 78.968 35
2490.0 318.94100000000003 17 2490.0 0.0 0 -71 106.04299999999999 122.16000000000003 0
1680.0 239.04600000000008 20 1680.0 0.0 0 -53 98.62399999999998 70.441 0
1025.0 227.73999999999995 18 1230.0 -235.0 30 -56 86.21699999999998 50.589999999999996 47
1170.0 251.30100000000002 19 1170.0 0.0 0 -63 92.53499999999997 61.59199999999999 0
1290.0 245.01299999999995 19 1320.0 -30.0 2 -74 74.053 46.134 6
1955.0 271.77500000000003 14 2130.0 -355.0 28 -71 62.24399999999999 84.77100000000004 71
1980.0 233.26699999999997 19 1980.0 -30.0 10 -62 83.06299999999999 67.66399999999999 2
2265.0 314.154 18 2310.0 -45.0 15 -81 103.53199999999994 89.62200000000001 3
1500.0 207.92299999999997 15 1500.0 0.0 0 -57 65.713 65.73999999999998 0
2240.0 261.647 19 2280.0 -40.0 3 -72 79.077 81.373 8
2130.0 308.144 22 2130.0 0.0 0 -78 111.09400000000002 91.819 0
1800.0 252.27000000000004 23 1800.0 0.0 0 -70 84.23800000000001 68.037 0
2925.0 349.288 17 3060.0 -135.0 13 -93 113.08300000000001 99.95799999999996 27
1010.0 174.14900000000003 18 1200.0 -190.0 12 -52 59.695 39.61200000000001 38
2595.0 259.341 18 2640.0 -45.0 6 -71 81.90299999999998 93.048 9
1875.0 264.46900000000005 12 1890.0 -15.0 5 -66 70.798 76.51100000000001 1
1110.0 244.17300000000003 17 1290.0 -180.0 12 -70 79.28099999999998 45.486000000000004 36
2640.0 371.41200000000015 21 2640.0 -30.0 10 -81 131.16600000000005 116.61399999999995 2
1500.0 247.63099999999997 21 1500.0 0.0 0 -58 95.64699999999999 58.620999999999995 0
1800.0 230.39399999999998 16 1800.0 0.0 0 -62 72.29699999999998 69.88499999999999 0
1260.0 234.57599999999996 18 1260.0 0.0 0 -67 78.26799999999999 46.786 0
1260.0 248.45199999999988 19 1470.0 -210.0 13 -59 89.77599999999998 63.600999999999985 42
1800.0 198.08700000000005 15 1800.0 0.0 0 -59 66.474 59.447999999999986 0
1025.0 223.506 18 1200.0 -175.0 11 -56 81.475 50.863 35
1680.0 213.61700000000005 13 2070.0 -480.0 79 -63 64.16 53.70299999999998 51
1300.0 229.34799999999998 16 1500.0 -200.0 12 -54 83.14099999999999 62.699999999999996 40
1360.0 218.026 15 1590.0 -250.0 30 -48 92.92100000000002 53.480999999999995 50
2220.0 296.81899999999985 17 2220.0 0.0 0 -69 110.19599999999998 96.18799999999997 0
1590.0 237.18400000000005 17 1590.0 0.0 0 -57 81.19900000000001 70.96399999999998 0
900.0 139.46500000000003 14 1050.0 -150.0 10 -36 55.26400000000001 35.964999999999996 30
1905.0 312.12699999999995 19 1920.0 -45.0 15 -76 96.41099999999999 92.90199999999999 3
1895.0 289.539 16 1950.0 -275.0 36 -68 97.07799999999996 91.447 55
1680.0 240.55900000000005 19 1680.0 0.0 0 -61 86.81599999999997 71.74499999999999 0
1840.0 228.497 17 2070.0 -230.0 30 -55 70.289 80.91499999999999 46
1950.0 215.041 10 1950.0 0.0 0 -62 54.808 76.59400000000002 0
1155.0 179.32399999999998 15 1290.0 -205.0 27 -46 71.78299999999999 43.145999999999994 41
2355.0 295.19199999999995 18 2610.0 -255.0 28 -70 92.45400000000001 99.09 45
1975.0 272.42999999999995 24 2010.0 -35.0 2 -78 84.35699999999997 70.106 7
1335.0 226.48499999999996 19 1650.0 -330.0 45 -54 91.617 67.493 66
1440.0 255.55699999999993 20 1440.0 0.0 0 -68 77.26899999999999 61.234999999999985 0
1170.0 190.642 14 1170.0 0.0 0 -49 77.106 48.05599999999999 0
1530.0 241.8980000000001 21 1530.0 0.0 0 -62 96.30999999999999 64.78 0
2210.0 254.43800000000002 14 2370.0 -160.0 13 -62 81.77900000000002 89.85100000000001 32
1260.0 260.53499999999997 21 1380.0 -165.0 22 -69 78.07499999999999 58.891000000000005 33
1560.0 258.918 17 1560.0 0.0 0 -63 93.488 64.67399999999999 0
2280.0 328.29 19 2310.0 -30.0 2 -80 108.04299999999999 100.113 6
1510.0 280.712 14 1560.0 -50.0 6 -77 95.537 55.883999999999986 10
1320.0 198.35399999999998 21 1470.0 -185.0 24 -57 68.37299999999999 51.770999999999994 37
2010.0 286.35899999999987 18 2010.0 0.0 0 -67 107.48000000000002 87.861 0
1440.0 241.13199999999998 17 1470.0 -30.0 4 -65 82.48200000000003 63.43899999999995 6
1260.0 220.566 19 1440.0 -180.0 12 -60 81.22699999999999 48.64899999999999 36
1345.0 228.96399999999994 18 1500.0 -155.0 20 -57 89.80399999999996 53.891000000000005 31
1605.0 301.4819999999999 23 1710.0 -105.0 11 -83 105.60500000000002 62.459999999999994 21
1530.0 238.06799999999993 14 1530.0 0.0 0 -66 88.52199999999999 49.87199999999999 0
1590.0 287.50899999999996 16 1770.0 -300.0 20 -75 100.65199999999999 64.07499999999999 60
1485.0 277.313 16 1710.0 -295.0 26 -68 102.722 64.00999999999999 59
1240.0 224.81300000000007 19 1290.0 -50.0 6 -54 87.05399999999999 61.34799999999999 10
1560.0 207.92300000000006 17 1560.0 0.0 0 -58 81.448 59.297 0
2360.0 319.92200000000014 20 2760.0 -500.0 81 -65 117.49499999999998 112.024 50
2010.0 237.37199999999996 17 2010.0 0.0 0 -69 80.69000000000001 63.60799999999998 0
1170.0 202.74699999999999 19 1170.0 -105.0 6 -56 75.52799999999998 47.896999999999984 21
2070.0 285.18300000000005 18 2100.0 -120.0 17 -72 83.41199999999999 88.58200000000002 20
1470.0 256.04600000000005 11 1530.0 -60.0 4 -62 81.40700000000001 70.83099999999999 12
1545.0 296.833 19 1680.0 -135.0 9 -77 93.51699999999998 73.179 27
1500.0 234.95400000000004 15 1560.0 -150.0 34 -66 83.54899999999999 54.25 18
1710.0 294.518 20 1710.0 0.0 0 -78 93.674 77.25299999999997 0
2270.0 264.97400000000005 23 2400.0 -130.0 6 -55 91.508 108.81099999999999 26
1590.0 232.801 16 1590.0 0.0 0 -59 86.684 79.291 0
1890.0 285.90899999999993 24 1890.0 0.0 0 -69 113.218 81.45500000000003 0
2070.0 240.02200000000005 14 2070.0 0.0 0 -59 100.76700000000002 68.05599999999997 0
1980.0 263.33399999999995 19 1980.0 0.0 0 -70 79.49300000000001 91.33299999999998 0
2700.0 303.52599999999995 19 2730.0 -90.0 18 -73 110.237 100.33299999999998 14
1880.0 282.02400000000006 18 2280.0 -440.0 72 -74 101.22 75.511 44
2040.0 275.385 19 2040.0 -130.0 8 -70 101.774 81.02299999999995 26
1510.0 289.2290000000001 21 1740.0 -230.0 22 -70 99.94099999999999 75.19999999999996 46
1560.0 230.764 19 1560.0 0.0 0 -54 89.271 63.250000000000014 0
1680.0 182.79800000000006 14 1680.0 0.0 0 -55 47.269999999999996 60.696 0
1415.0 223.534 14 1440.0 -25.0 2 -60 75.277 52.515999999999984 5
1560.0 279.1579999999999 22 1560.0 -15.0 5 -70 102.46599999999997 65.562 1
2295.0 298.67799999999994 17 2340.0 -45.0 6 -77 88.39799999999997 93.79699999999998 9
1980.0 267.711 17 1980.0 0.0 0 -62 89.08399999999997 94.74600000000001 0
1530.0 216.461 17 1530.0 0.0 0 -54 75.43099999999998 64.67299999999997 0
2020.0 321.832 23 2190.0 -170.0 14 -88 98.55699999999999 87.86899999999999 34
1360.0 242.398 19 1530.0 -170.0 14 -64 92.60999999999999 54.052 34
1800.0 282.55899999999997 22 1800.0 -240.0 16 -66 102.163 91.65800000000002 48
735.0 218.904 17 1020.0 -285.0 16 -54 78.22399999999999 40.754000000000005 57
1890.0 218.297 16 1890.0 0.0 0 -71 56.81899999999998 52.77299999999999 0
2250.0 234.08100000000005 20 2250.0 -210.0 13 -55 90.77500000000003 85.22400000000002 42
2010.0 302.025 21 2010.0 0.0 0 -68 132.101 83.45599999999999 0
1860.0 263.64500000000004 14 2250.0 -440.0 36 -61 83.616 93.65299999999996 88
2215.0 378.0509999999999 20 2340.0 -125.0 15 -94 127.35699999999999 87.09599999999999 25
2340.0 328.6809999999999 21 2340.0 0.0 0 -82 119.98799999999999 92.478 0
1830.0 284.3300000000001 22 2010.0 -180.0 24 -68 114.53099999999998 72.958 36
1360.0 218.80400000000006 17 1470.0 -110.0 7 -63 67.17 60.14299999999999 22
1860.0 287.395 19 1860.0 0.0 0 -73 94.57 75.76499999999999 0
1500.0 229.09499999999994 15 1500.0 0.0 0 -54 83.27199999999998 67.30199999999999 0
1800.0 268.189 19 1800.0 0.0 0 -74 101.92999999999998 53.00599999999999 0
1515.0 254.35699999999997 19 1680.0 -205.0 27 -65 91.017 73.23300000000002 41
2550.0 316.199 23 2550.0 0.0 0 -70 136.786 90.37899999999999 0
1800.0 342.9409999999999 21 1980.0 -180.0 12 -91 115.53899999999999 79.71999999999998 36
2535.0 269.323 14 2700.0 -165.0 8 -69 102.55699999999999 81.92500000000001 33
765.0 244.63700000000003 18 930.0 -165.0 11 -65 77.63400000000001 41.660999999999994 33
2635.0 309.3679999999999 22 2790.0 -155.0 14 -85 102.23199999999996 91.46899999999997 31
1405.0 277.306 20 1500.0 -95.0 7 -78 81.866 56.852 19
1935.0 275.977 18 2040.0 -105.0 6 -57 122.03400000000002 80.31099999999999 21
2715.0 323.17800000000005 15 2760.0 -45.0 6 -74 117.08600000000001 117.03699999999996 9
1990.0 258.23900000000003 15 2040.0 -50.0 6 -71 90.12499999999997 78.908 10
1530.0 248.34 22 1530.0 0.0 0 -63 91.45899999999996 61.675 0
2055.0 297.22100000000006 15 2280.0 -225.0 22 -63 84.39699999999999 101.09400000000004 45
1520.0 213.15999999999994 17 1620.0 -100.0 6 -54 76.574 70.869 20
2130.0 283.55300000000005 20 2130.0 -160.0 8 -65 115.07499999999997 77.98100000000004 32
1235.0 311.8379999999999 20 1410.0 -175.0 11 -76 104.46200000000002 68.62599999999998 35
1950.0 232.7800000000001 17 1950.0 0.0 0 -58 85.02100000000002 71.68999999999997 0
1300.0 235.615 19 1350.0 -50.0 6 -55 94.83399999999997 62.127999999999986 10
2070.0 251.80800000000002 19 2070.0 -240.0 16 -65 86.03099999999999 74.86699999999999 48
2250.0 281.063 16 2250.0 0.0 0 -73 102.07600000000005 83.48899999999995 0
2220.0 279.76599999999996 12 2220.0 0.0 0 -69 99.559 85.91099999999997 0
1230.0 192.377 15 1230.0 0.0 0 -63 57.640999999999984 45.28000000000001 0
1710.0 245.546 21 1710.0 0.0 0 -61 92.212 72.60399999999997 0
1730.0 301.22699999999986 17 1950.0 -220.0 18 -77 93.337 85.829 44
1595.0 248.36199999999994 20 1620.0 -25.0 3 -59 83.285 68.326 5
1410.0 191.94000000000003 16 1410.0 0.0 0 -65 56.29099999999999 45.96199999999999 0
1470.0 253.95799999999997 20 1470.0 0.0 0 -69 82.52499999999999 63.49499999999999 0
2190.0 289.7249999999999 17 2190.0 0.0 0 -72 97.99499999999998 91.00999999999998 0
1865.0 249.55699999999996 11 2040.0 -275.0 24 -65 79.825 75.412 55
2220.0 265.97799999999995 18 2220.0 0.0 0 -85 62.05 77.76399999999998 0
2440.0 364.957 20 2550.0 -320.0 28 -73 149.411 112.16999999999997 64
1920.0 268.36099999999993 16 1920.0 0.0 0 -55 99.137 86.473 0
1950.0 288.8300000000001 21 1950.0 -100.0 8 -68 113.03699999999999 81.57100000000003 20
1195.0 244.85000000000002 16 1350.0 -195.0 26 -59 97.26799999999994 52.763999999999996 39
1740.0 290.64399999999995 19 1740.0 0.0 0 -75 106.46600000000002 65.11699999999999 0
1110.0 266.072 17 1290.0 -180.0 12 -68 98.186 49.884 36
2190.0 288.71899999999994 18 2190.0 0.0 0 -67 106.576 93.279 0
1920.0 218.34900000000002 13 1920.0 -160.0 13 -53 75.03099999999998 73.495 32
3335.0 395.40399999999994 20 3450.0 -115.0 11 -82 159.92600000000002 131.57999999999998 23
2185.0 282.1840000000001 17 2280.0 -95.0 7 -66 87.32300000000001 98.292 19
2520.0 341.2379999999999 22 2520.0 0.0 0 -76 142.50400000000005 96.51699999999998 0
1415.0 289.9019999999999 17 1530.0 -115.0 8 -86 94.77900000000001 52.75299999999999 23
2030.0 313.70199999999994 22 2070.0 -40.0 5 -78 101.38100000000001 90.549 8
2370.0 262.624 15 2370.0 0.0 0 -77 68.21099999999998 82.07200000000002 0
2485.0 319.8609999999999 17 2760.0 -310.0 43 -74 99.23800000000001 105.33399999999996 58
1825.0 254.939 20 1920.0 -95.0 7 -68 85.667 81.45500000000001 19
2280.0 305.663 16 2310.0 -330.0 29 -76 90.994 97.364 66
1890.0 244.47300000000004 22 1890.0 0.0 0 -69 64.475 67.83600000000001 0
1590.0 228.08700000000005 19 1590.0 0.0 0 -55 81.942 69.33999999999997 0
1500.0 215.23000000000002 18 1680.0 -180.0 24 -67 60.93099999999999 60.60899999999999 36
1770.0 277.621 17 1770.0 -125.0 8 -75 82.52900000000001 77.44899999999998 25
2540.0 315.69600000000014 18 2730.0 -190.0 15 -66 109.44700000000005 121.40099999999998 38
1860.0 214.19299999999998 16 1860.0 -115.0 7 -60 61.361 76.451 23
2040.0 275.86300000000006 19 2040.0 0.0 0 -68 88.72 87.39900000000002 0
1980.0 241.196 14 1980.0 0.0 0 -64 72.321 79.65500000000002 0
1710.0 232.172 16 1710.0 0.0 0 -56 76.619 73.029 0
1635.0 325.92099999999994 13 1650.0 -15.0 5 -75 124.67800000000001 68.54899999999999 1
1195.0 220.34600000000003 15 1350.0 -155.0 20 -59 71.956 51.91499999999999 31
1290.0 225.23300000000006 17 1290.0 0.0 0 -63 70.429 53.947999999999986 0
1500.0 267.3029999999998 15 1500.0 0.0 0 -63 104.41 66.88999999999997 0
1200.0 207.78900000000004 18 1200.0 0.0 0 -60 67.255 46.365 0
2100.0 251.46000000000004 23 2100.0 -220.0 14 -59 100.31400000000005 82.12599999999998 44
1920.0 238.91800000000003 14 1920.0 0.0 0 -63 68.165 79.50500000000001 0
1020.0 146.608 8 1020.0 0.0 0 -42 42.090999999999994 43.67399999999999 0
1200.0 227.33700000000007 17 1200.0 0.0 0 -63 81.75199999999998 43.277 0
1920.0 221.99600000000007 15 1920.0 0.0 0 -61 59.95899999999999 73.828 0
1560.0 252.35900000000004 24 1560.0 0.0 0 -55 102.058 73.36599999999999 0
2105.0 293.852 20 2250.0 -145.0 10 -84 94.78500000000001 65.54599999999998 29
1350.0 232.877 18 1350.0 -110.0 7 -60 87.42099999999999 56.51700000000001 22
1860.0 302.4779999999999 24 1860.0 0.0 0 -79 120.623 66.88099999999999 0
1735.0 277.04100000000005 20 1860.0 -125.0 8 -77 92.52900000000001 71.02099999999997 25
1980.0 324.996 20 2070.0 -120.0 16 -80 121.77200000000002 79.728 20
1495.0 305.09199999999987 16 1590.0 -95.0 12 -75 102.339 72.25399999999996 19
2150.0 310.55600000000015 19 2190.0 -40.0 5 -86 106.10099999999997 85.57100000000001 8
2250.0 292.665 22 2250.0 -155.0 7 -70 109.03699999999999 92.45700000000001 31
1800.0 254.32200000000003 16 1800.0 0.0 0 -76 70.11699999999999 67.39299999999999 0
1555.0 341.75 19 1680.0 -125.0 14 -79 125.92600000000002 75.49000000000001 25
1835.0 294.37800000000004 18 1920.0 -85.0 11 -76 116.057 71.67799999999994 17
1920.0 250.90099999999998 15 1920.0 0.0 0 -63 94.56099999999999 73.685 0
2520.0 254.49200000000008 14 2520.0 0.0 0 -66 75.297 98.94599999999998 0
2295.0 280.47 20 2340.0 -45.0 6 -80 96.811 82.54099999999997 9
1930.0 227.77500000000006 13 2040.0 -110.0 7 -64 64.938 81.66599999999998 22
1565.0 251.3170000000001 18 1680.0 -115.0 7 -63 83.72999999999999 74.78400000000003 23
1085.0 239.07200000000003 17 1260.0 -175.0 11 -70 77.498 39.416999999999994 35
1925.0 267.9910000000001 14 1980.0 -205.0 27 -61 90.23600000000003 89.99099999999999 41
2370.0 308.816 19 2490.0 -120.0 8 -74 113.22900000000001 93.42599999999999 24
2050.0 294.514 14 2190.0 -140.0 9 -71 96.24800000000002 85.91800000000002 28
1415.0 277.7389999999999 13 1590.0 -225.0 25 -67 101.22700000000002 67.55699999999999 45
1830.0 235.63600000000005 15 1890.0 -60.0 8 -63 66.50500000000002 77.64199999999995 12
1320.0 216.92999999999998 17 1320.0 0.0 0 -64 72.34 46.466 0
1915.0 269.05000000000007 17 2100.0 -185.0 17 -67 88.11900000000001 86.35099999999996 37
1800.0 319.65099999999995 22 1980.0 -180.0 12 -80 105.12599999999999 82.344 36
1890.0 253.19700000000003 21 1890.0 0.0 0 -73 82.09699999999998 63.85599999999998 0
1140.0 259.2810000000001 18 1440.0 -360.0 48 -67 88.317 56.922999999999995 72
1135.0 208.96200000000002 17 1350.0 -240.0 31 -49 73.75299999999999 57.272999999999996 48
1920.0 267.5249999999999 21 1920.0 0.0 0 -65 113.43799999999999 70.509 0
1980.0 225.84799999999996 16 1980.0 0.0 0 -62 76.049 71.85799999999999 0
1585.0 269.33699999999993 23 1740.0 -155.0 16 -66 102.25599999999999 69.931 31
1680.0 274.3580000000001 18 1800.0 -230.0 24 -67 100.58999999999999 73.825 46
2520.0 324.9220000000001 17 2550.0 -30.0 10 -77 121.55300000000004 96.57199999999999 2
1790.0 248.15500000000003 16 1890.0 -100.0 14 -64 78.18199999999999 80.69900000000001 20
1920.0 281.95199999999994 18 1920.0 0.0 0 -73 109.69900000000001 70.74099999999999 0
2430.0 271.91799999999995 17 2430.0 0.0 0 -66 92.53400000000002 93.10200000000002 0
2280.0 283.462 19 2280.0 0.0 0 -73 93.13799999999996 93.44099999999997 0
875.0 211.14799999999997 18 1050.0 -175.0 11 -55 80.97399999999999 41.358 35
2400.0 333.131 16 2460.0 -60.0 8 -81 120.19100000000002 98.19299999999996 12
1650.0 231.71299999999997 20 1650.0 0.0 0 -60 87.434 63.004000000000005 0
2235.0 322.0959999999999 15 2310.0 -75.0 6 -76 108.895 90.91599999999998 15
1430.0 197.982 14 1650.0 -275.0 26 -55 61.21199999999999 51.55299999999998 55
1530.0 241.96899999999994 15 1530.0 0.0 0 -65 91.92899999999999 53.074 0
1680.0 289.473 17 1920.0 -240.0 80 -65 111.979 81.73299999999999 16
1650.0 267.8309999999999 23 1650.0 0.0 0 -66 100.63699999999999 78.374 0
1350.0 275.743 21 1650.0 -355.0 28 -57 98.26899999999999 83.89999999999998 71
2190.0 263.12 15 2190.0 0.0 0 -65 89.02800000000002 87.374 0
1770.0 270.055 15 1770.0 -15.0 5 -69 90.08499999999997 79.792 1
1380.0 253.88400000000001 19 1380.0 -120.0 8 -65 91.607 63.09199999999999 24
1320.0 244.73100000000002 19 1320.0 0.0 0 -63 97.55699999999997 49.702 0
2310.0 268.13100000000003 22 2310.0 0.0 0 -68 107.59799999999998 83.30300000000001 0
2330.0 359.712 22 2490.0 -160.0 16 -98 116.66599999999998 97.29599999999995 32
1695.0 288.69899999999996 17 1920.0 -225.0 14 -74 96.538 78.11599999999999 45
1495.0 215.95999999999998 19 1650.0 -225.0 29 -53 70.18699999999997 53.98799999999999 45
1645.0 196.65300000000002 15 1830.0 -185.0 24 -55 55.18899999999998 71.56 37
1665.0 235.25599999999994 17 1740.0 -225.0 75 -59 80.571 73.47200000000001 15
1085.0 257.23599999999993 20 1110.0 -25.0 3 -74 75.13400000000001 48.870000000000005 5
1680.0 270.659 17 1680.0 0.0 0 -71 87.81199999999998 67.27300000000002 0
1950.0 261.3549999999999 20 1950.0 0.0 0 -71 90.80000000000001 71.509 0
1860.0 323.293 20 1860.0 0.0 0 -80 131.569 70.32599999999998 0
1560.0 243.50399999999996 17 1560.0 0.0 0 -58 97.95999999999998 59.20000000000002 0
1800.0 295.342 20 1800.0 0.0 0 -73 97.59099999999998 82.43999999999998 0
1440.0 234.52100000000004 18 1440.0 0.0 0 -59 88.907 61.60699999999998 0
