1845.0 313.34999999999997 19 2160.0 -315.0 32 -79 97.44099999999999 84.44899999999998 63
1750.0 264.21399999999994 19 1920.0 -170.0 23 -75 95.645 71.854 34
1350.0 243.70200000000006 16 1500.0 -150.0 20 -65 80.56700000000002 57.52 30
1535.0 193.38299999999998 14 1620.0 -85.0 11 -53 59.892999999999994 49.07399999999999 17
2040.0 325.86800000000017 20 2130.0 -90.0 30 -90 91.82599999999996 95.119 6
1665.0 286.57000000000005 17 1980.0 -315.0 31 -73 75.008 66.17000000000002 63
1950.0 258.61799999999994 14 2100.0 -150.0 20 -61 93.066 79.67999999999998 30
1230.0 298.83799999999997 19 1410.0 -180.0 25 -74 94.68799999999997 76.81199999999997 36
1560.0 261.57699999999994 18 1680.0 -120.0 16 -63 90.591 71.232 24
1175.0 226.13100000000003 15 1230.0 -55.0 7 -61 81.24699999999999 51.21500000000001 11
1500.0 272.224 19 1620.0 -120.0 16 -74 101.844 59.48 24
2280.0 338.074 17 2430.0 -150.0 20 -73 140.65200000000002 97.01499999999997 30
2195.0 307.34299999999996 15 2460.0 -265.0 21 -79 105.80500000000002 102.27499999999998 53
1025.0 203.37800000000007 15 1200.0 -175.0 23 -62 54.77099999999999 49.47799999999999 35
1210.0 258.85300000000007 13 1380.0 -170.0 28 -63 91.64400000000002 56.26499999999998 17
1685.0 336.26099999999997 17 2130.0 -485.0 72 -75 85.032 84.71799999999999 68
780.0 331.68100000000015 18 1380.0 -620.0 84 -78 127.12900000000003 48.06699999999999 87
1050.0 277.52799999999996 19 1290.0 -240.0 47 -65 113.195 58.571 38
1550.0 301.08499999999987 16 1710.0 -160.0 21 -80 102.24000000000001 65.55599999999998 32
1490.0 263.1979999999999 19 1620.0 -130.0 17 -68 86.60299999999997 58.64299999999999 26
970.0 255.193 16 1200.0 -230.0 31 -65 89.92600000000003 51.55099999999999 46
1465.0 290.653 18 1710.0 -365.0 44 -74 91.20000000000002 65.70299999999997 73
1355.0 262.09499999999997 20 1590.0 -250.0 26 -66 93.29099999999998 67.79199999999999 48
1370.0 289.979 20 1650.0 -280.0 29 -66 126.26500000000001 68.92899999999999 56
1275.0 244.49800000000005 15 1440.0 -345.0 37 -64 74.64200000000001 56.86999999999999 69
1545.0 287.261 18 1770.0 -225.0 38 -74 82.67799999999998 77.883 39
1420.0 273.98600000000005 16 1590.0 -170.0 22 -76 95.576 59.91100000000002 34
1525.0 271.9329999999998 16 1740.0 -215.0 34 -76 85.83799999999998 64.161 23
1805.0 299.23100000000005 22 2010.0 -205.0 27 -75 106.814 80.67299999999997 41
1030.0 266.48699999999997 17 1260.0 -230.0 38 -79 75.65999999999998 45.94399999999999 23
1140.0 261.7320000000001 17 1530.0 -390.0 39 -65 78.897 64.42500000000001 76
1085.0 253.26500000000001 16 1560.0 -475.0 52 -63 82.601 65.03599999999997 73
2205.0 301.77600000000007 22 2340.0 -135.0 18 -67 124.74600000000001 93.48900000000002 27
1065.0 233.4310000000001 13 1260.0 -330.0 44 -54 72.215 56.69499999999999 66
2040.0 226.6550000000001 16 2040.0 0.0 0 -56 73.34000000000002 82.88199999999999 0
1825.0 338.71399999999977 18 2040.0 -215.0 62 -89 109.556 78.89800000000001 21
2240.0 343.908 21 2430.0 -190.0 31 -80 134.70500000000004 99.60099999999997 19
1870.0 366.4689999999999 20 2070.0 -315.0 40 -77 150.716 90.79799999999999 43
2200.0 310.292 22 2400.0 -200.0 26 -82 113.31 80.61299999999999 40
2320.0 339.351 24 2580.0 -260.0 24 -82 116.995 102.15099999999998 52
1605.0 272.836 12 2100.0 -495.0 41 -53 94.22600000000003 95.038 99
1400.0 265.4419999999999 17 1560.0 -160.0 21 -64 85.87500000000001 62.962999999999994 32
1900.0 272.006 15 2250.0 -350.0 41 -75 65.09499999999998 79.39699999999999 55
1990.0 281.54799999999994 15 2160.0 -170.0 22 -72 95.39199999999998 88.82199999999997 34
2280.0 304.23199999999997 22 2430.0 -150.0 20 -81 92.55999999999997 100.19699999999997 30
1560.0 294.9329999999999 21 1680.0 -120.0 16 -72 110.22099999999999 76.40799999999997 24
1330.0 215.41399999999996 19 1410.0 -80.0 10 -55 80.83799999999997 57.28999999999999 16
2325.0 266.81600000000003 19 2370.0 -45.0 15 -68 85.38499999999998 87.24000000000002 3
1790.0 228.38200000000003 15 1890.0 -100.0 13 -61 78.36499999999998 65.57499999999999 20
1620.0 316.8 17 1770.0 -150.0 23 -76 119.178 67.576 28
1170.0 227.08300000000006 14 1320.0 -150.0 20 -58 73.779 41.99299999999999 30
1795.0 284.53 17 1920.0 -125.0 32 -71 94.50899999999997 79.32900000000001 15
585.0 199.78300000000002 14 810.0 -225.0 18 -55 73.74499999999999 31.513999999999996 45
1620.0 253.37499999999994 16 1770.0 -150.0 20 -60 84.971 77.93299999999999 30
1135.0 185.068 16 1200.0 -65.0 5 -48 68.29399999999998 51.72999999999998 13
1100.0 215.65 15 1290.0 -190.0 25 -53 74.917 58.142 38
1450.0 205.58999999999992 13 1620.0 -230.0 35 -46 78.76299999999999 57.27099999999999 32
1365.0 250.04299999999995 17 1620.0 -255.0 23 -75 73.51199999999999 58.92799999999998 51
1995.0 247.97000000000006 20 2130.0 -135.0 17 -62 92.369 77.74600000000002 27
975.0 260.44 19 1350.0 -375.0 51 -62 108.59799999999998 55.144 75
1750.0 324.25900000000007 18 1920.0 -170.0 22 -74 119.237 70.98299999999998 34
1740.0 251.74300000000005 20 1740.0 0.0 0 -58 93.163 73.879 0
750.0 256.552 15 1080.0 -330.0 32 -44 129.512 51.495999999999995 66
1560.0 295.37599999999986 23 1800.0 -335.0 33 -75 110.613 70.303 67
2535.0 374.4530000000001 22 2820.0 -285.0 47 -93 127.61500000000001 107.51000000000005 27
1740.0 249.55700000000007 15 1830.0 -90.0 12 -57 92.25900000000001 79.32499999999997 18
1075.0 224.94500000000002 17 1320.0 -280.0 36 -48 93.49599999999995 44.59199999999999 56
1770.0 288.89 18 2250.0 -540.0 90 -73 85.15099999999998 83.07500000000002 84
2070.0 303.836 17 2400.0 -455.0 47 -89 93.92900000000002 91.55699999999995 91
1690.0 246.83100000000002 18 1800.0 -235.0 22 -62 75.07 76.511 47
2040.0 345.97200000000004 20 2130.0 -120.0 40 -89 122.20200000000001 83.502 8
1335.0 269.986 17 1620.0 -285.0 26 -80 91.44599999999997 58.84699999999997 57
2020.0 306.35799999999983 17 2340.0 -355.0 60 -70 116.424 89.83399999999999 61
2085.0 334.31899999999985 25 2220.0 -150.0 23 -78 131.6 94.411 28
1780.0 332.267 21 1980.0 -200.0 24 -86 115.18399999999998 60.581 40
1435.0 243.29899999999992 18 1740.0 -305.0 31 -67 82.67399999999998 62.23900000000001 61
1870.0 293.5849999999999 21 2070.0 -200.0 33 -81 108.73299999999998 66.41199999999999 20
1475.0 241.87100000000004 19 1590.0 -315.0 30 -62 95.79200000000003 56.409 63
1770.0 282.67199999999997 19 1950.0 -180.0 24 -81 92.02699999999997 73.70600000000002 36
2035.0 260.67800000000005 16 2220.0 -185.0 24 -71 80.57100000000004 85.36599999999997 37
690.0 213.37599999999998 15 1050.0 -360.0 43 -46 77.14699999999999 46.881 51
1605.0 235.57999999999996 18 1650.0 -45.0 6 -56 96.222 55.714 9
1405.0 271.05799999999994 18 1650.0 -245.0 22 -77 91.5 56.92399999999999 49
1045.0 226.98499999999999 14 1350.0 -305.0 21 -62 68.008 45.17399999999999 61
1485.0 266.385 18 1620.0 -135.0 18 -76 82.80999999999999 65.42399999999998 27
1380.0 263.68800000000005 17 1500.0 -120.0 16 -70 94.77100000000002 57.726000000000006 24
710.0 221.86299999999997 13 1020.0 -510.0 49 -46 81.30199999999998 48.980999999999995 102
1230.0 212.92900000000003 14 1320.0 -90.0 12 -61 71.323 47.79299999999998 18
1840.0 282.789 17 2040.0 -200.0 26 -82 89.19400000000002 74.62300000000003 40
1395.0 300.73299999999995 19 1710.0 -415.0 39 -67 111.639 73.54099999999998 83
1995.0 356.3589999999999 22 2160.0 -345.0 46 -72 135.63299999999998 84.27799999999998 69
2015.0 296.35999999999996 20 2280.0 -265.0 56 -74 100.69299999999997 89.19500000000002 39
1205.0 209.67799999999994 17 1380.0 -175.0 22 -51 78.84999999999998 51.77999999999999 35
1775.0 274.86299999999994 17 1920.0 -145.0 18 -67 97.44600000000004 82.461 29
1530.0 280.63000000000005 20 1770.0 -280.0 52 -70 102.348 75.202 46
1480.0 201.967 16 1560.0 -80.0 11 -57 60.19399999999998 55.36399999999998 16
1425.0 311.44799999999987 20 1740.0 -365.0 47 -70 112.276 82.16199999999999 73
1405.0 324.7379999999999 22 1710.0 -305.0 22 -72 123.02199999999999 79.499 61
1315.0 244.87399999999997 18 1410.0 -95.0 12 -61 93.174 62.824999999999996 19
1155.0 271.43 16 1320.0 -165.0 22 -67 93.78499999999998 55.05599999999998 33
2395.0 296.36499999999995 19 2520.0 -125.0 16 -65 112.61200000000002 105.60099999999997 25
1940.0 286.5179999999999 18 2130.0 -190.0 31 -74 91.55399999999997 75.42099999999998 19
1390.0 244.17600000000007 15 1470.0 -80.0 17 -68 70.34999999999998 54.996 12
1815.0 298.1549999999999 18 1950.0 -165.0 28 -73 88.64299999999999 76.619 29
1635.0 229.469 19 1770.0 -135.0 18 -70 71.625 62.998000000000005 27
1760.0 290.27900000000005 17 2010.0 -325.0 50 -78 80.64099999999999 71.53700000000003 55
1710.0 247.598 14 1950.0 -345.0 30 -59 85.75099999999998 81.59899999999999 69
1585.0 264.60400000000004 17 1680.0 -95.0 12 -54 91.20700000000002 90.09200000000001 19
1650.0 227.48999999999995 17 1650.0 -30.0 10 -51 99.371 68.07599999999998 2
1000.0 213.02300000000005 14 1170.0 -170.0 22 -63 66.168 43.280999999999985 34
1710.0 356.0710000000001 19 2130.0 -420.0 32 -77 112.78799999999998 86.00099999999999 84
1825.0 336.00000000000006 21 1950.0 -125.0 34 -88 113.661 72.641 13
845.0 238.99000000000007 13 1020.0 -175.0 13 -51 73.65599999999999 40.227 35
1470.0 263.4980000000001 16 1890.0 -440.0 67 -64 89.47599999999997 68.18400000000003 62
2950.0 334.2819999999999 17 3090.0 -140.0 36 -82 119.45700000000004 111.22799999999995 16
1310.0 238.21399999999994 19 1410.0 -100.0 13 -61 82.85699999999997 62.919 20
2205.0 343.44899999999996 18 2340.0 -135.0 18 -78 131.9430000000001 102.46399999999998 27
1730.0 261.66200000000003 16 1830.0 -100.0 19 -62 81.64300000000001 64.73399999999998 16
1005.0 250.47299999999993 15 1320.0 -365.0 59 -57 85.79299999999998 59.245999999999995 55
2130.0 304.92100000000016 14 2280.0 -150.0 25 -68 129.41200000000003 78.42300000000002 15
1520.0 220.6890000000001 14 1590.0 -70.0 9 -60 72.48299999999999 59.25200000000002 14
1500.0 220.463 17 1590.0 -90.0 12 -60 79.78999999999999 61.324 18
1855.0 343.523 20 2040.0 -185.0 26 -73 131.032 98.70699999999997 37
2355.0 320.65700000000004 16 2940.0 -650.0 53 -71 129.63600000000005 103.08399999999997 130
960.0 253.58100000000007 16 1170.0 -210.0 33 -58 102.11199999999998 46.669999999999995 21
1110.0 194.725 16 1230.0 -120.0 16 -59 59.30899999999999 48.77899999999999 24
1695.0 286.75699999999995 16 1980.0 -285.0 22 -77 75.53299999999999 81.33099999999999 55
2370.0 251.449 15 2520.0 -150.0 20 -69 77.24300000000001 83.26399999999995 30
1540.0 250.08100000000005 20 1710.0 -170.0 22 -73 75.54499999999999 58.661999999999985 34
2175.0 338.01599999999996 21 2340.0 -165.0 22 -80 114.033 88.988 33
1650.0 274.37 19 1890.0 -240.0 29 -74 76.664 69.141 48
1065.0 215.44799999999998 15 1200.0 -135.0 18 -63 71.36199999999998 50.173 27
1690.0 263.853 15 1890.0 -200.0 33 -74 75.44300000000001 62.164999999999985 20
2145.0 332.5590000000001 19 2340.0 -250.0 33 -73 129.346 98.53099999999995 50
1085.0 264.0899999999999 18 1320.0 -290.0 37 -69 92.47099999999998 51.238 58
2145.0 347.00600000000003 17 2250.0 -105.0 35 -85 126.81300000000003 90.35699999999999 7
2060.0 315.45300000000003 16 2430.0 -370.0 41 -78 112.23100000000004 73.1 74
1670.0 325.43500000000006 22 1980.0 -310.0 28 -80 104.48600000000006 77.375 62
840.0 210.87900000000005 16 1080.0 -240.0 20 -63 65.95199999999998 39.212999999999994 48
1700.0 276.49 19 1800.0 -130.0 23 -68 93.64399999999999 77.93199999999999 22
1980.0 273.783 18 2130.0 -165.0 17 -64 104.369 86.035 31
1675.0 283.618 23 1980.0 -305.0 40 -68 109.318 85.48899999999999 61
1400.0 274.16099999999994 19 1560.0 -160.0 21 -72 84.214 62.238 32
1440.0 274.6859999999999 16 1590.0 -150.0 20 -62 99.88000000000001 72.47499999999998 30
2000.0 298.4769999999999 17 2220.0 -220.0 29 -72 94.91800000000002 80.93299999999996 44
1665.0 197.46300000000008 14 1710.0 -320.0 44 -52 67.143 65.52800000000002 64
1275.0 223.02100000000007 15 1410.0 -135.0 18 -60 78.735 51.22099999999999 27
2010.0 291.891 17 2160.0 -150.0 20 -70 95.273 91.67099999999996 30
920.0 309.71200000000005 14 1500.0 -580.0 50 -69 108.16700000000002 48.77500000000001 116
1795.0 302.7269999999999 15 2010.0 -215.0 25 -72 89.25399999999996 75.27300000000001 43
1215.0 327.07200000000006 12 2160.0 -945.0 40 -68 103.53800000000003 82.11999999999995 189
1515.0 266.62 21 1590.0 -75.0 25 -69 93.74499999999999 66.857 5
2540.0 304.79599999999994 14 2730.0 -310.0 66 -76 113.20600000000003 94.07199999999997 28
985.0 355.753 20 1140.0 -155.0 26 -81 119.23599999999998 53.53500000000001 27
1950.0 330.05599999999987 17 2040.0 -90.0 30 -82 121.144 85.44999999999997 6
1135.0 261.947 21 1320.0 -215.0 34 -66 98.535 50.473000000000006 39
1800.0 292.279 17 2010.0 -210.0 26 -69 97.40299999999998 79.31900000000002 42
2170.0 369.7660000000001 21 2400.0 -230.0 30 -76 139.95400000000006 111.46199999999996 46
1255.0 229.55499999999995 15 1380.0 -125.0 16 -61 81.29899999999995 54.382 25
1255.0 309.36400000000003 18 1530.0 -275.0 27 -78 101.33799999999998 52.81099999999999 55
1235.0 236.485 15 1500.0 -355.0 48 -57 82.57100000000001 58.559999999999974 71
1890.0 272.2099999999999 23 2010.0 -120.0 16 -76 88.111 80.464 24
1185.0 269.73 16 1530.0 -345.0 39 -62 91.90900000000002 61.497999999999976 47
1730.0 337.2339999999999 17 1980.0 -350.0 46 -69 112.45700000000002 88.25599999999997 70
1345.0 250.32500000000002 15 1620.0 -320.0 37 -59 81.24 60.92900000000001 62
1570.0 264.01899999999995 15 1830.0 -290.0 34 -66 78.09599999999999 65.88300000000001 54
930.0 241.93899999999996 18 1290.0 -390.0 51 -57 90.97099999999996 60.55399999999998 78
2340.0 300.709 17 2460.0 -120.0 28 -76 99.24299999999998 87.51100000000004 16
2220.0 242.32600000000014 15 2340.0 -250.0 33 -65 76.15900000000002 76.30700000000003 50
1580.0 244.09399999999997 19 1830.0 -325.0 35 -58 86.16599999999998 54.68899999999999 65
1610.0 324.95199999999994 23 1800.0 -190.0 25 -72 96.45499999999998 67.74099999999999 38
1260.0 282.27700000000004 22 1620.0 -360.0 44 -60 98.212 66.667 50
2235.0 345.51000000000005 19 2490.0 -305.0 57 -82 104.06600000000002 102.96099999999998 49
1830.0 257.62899999999996 13 1980.0 -150.0 20 -69 77.17699999999998 65.71799999999996 30
1305.0 254.66300000000004 14 1530.0 -225.0 22 -74 71.966 60.929 45
1465.0 245.07799999999992 18 1560.0 -95.0 12 -55 105.458 57.878 19
1895.0 256.4049999999999 15 2040.0 -145.0 19 -62 103.76599999999999 68.105 29
1210.0 286.36899999999997 21 1380.0 -170.0 22 -72 105.93300000000004 57.922000000000004 34
1485.0 246.488 17 1560.0 -75.0 25 -63 89.95299999999997 61.893999999999984 5
2055.0 312.56899999999996 18 2220.0 -165.0 22 -73 103.5 86.36299999999999 33
1235.0 247.05800000000002 16 1530.0 -295.0 22 -68 82.09300000000002 60.07399999999998 59
1710.0 341.8500000000001 15 1890.0 -180.0 30 -71 131.49600000000004 90.04599999999998 18
1520.0 302.965 23 1710.0 -190.0 25 -77 103.79599999999999 74.765 38
1700.0 303.987 20 1830.0 -130.0 17 -70 120.72900000000004 79.80699999999996 26
680.0 251.588 18 1170.0 -590.0 96 -62 86.58 52.903999999999996 59
1305.0 250.718 18 1560.0 -255.0 21 -67 76.69899999999998 55.55999999999999 51
1180.0 251.3410000000001 20 1380.0 -325.0 34 -77 77.08699999999997 51.402 65
1690.0 278.1959999999999 18 1860.0 -170.0 22 -67 106.314 76.497 34
1260.0 238.90300000000005 17 1410.0 -150.0 20 -59 96.69599999999997 46.87499999999999 30
1440.0 270.553 21 1800.0 -360.0 40 -59 102.58399999999997 82.401 72
1465.0 265.33299999999997 11 1830.0 -365.0 29 -62 83.44200000000001 74.52499999999999 73
1150.0 275.11499999999995 18 1470.0 -365.0 50 -73 81.72599999999998 64.69899999999998 73
2110.0 294.78900000000004 17 2580.0 -510.0 78 -69 92.31099999999998 95.12 96
1300.0 291.50199999999995 21 1380.0 -80.0 10 -69 114.08999999999996 63.116 16
985.0 343.72600000000057 13 1590.0 -705.0 100 -62 91.322 80.638 84
1720.0 269.276 21 1950.0 -230.0 25 -76 96.98200000000001 65.211 46
920.0 176.06999999999996 14 1110.0 -190.0 15 -43 51.181 50.333 38
1975.0 311.86199999999997 16 2130.0 -155.0 20 -72 114.25600000000003 85.92200000000001 31
2125.0 339.889 17 2250.0 -125.0 20 -73 120.26599999999998 98.98699999999997 23
1470.0 314.653 18 1830.0 -360.0 55 -87 94.70600000000002 74.966 49
2290.0 401.69599999999974 18 2580.0 -290.0 35 -88 148.94 103.28999999999998 58
1985.0 297.39299999999986 16 2190.0 -205.0 28 -77 89.30899999999998 85.67299999999997 41
1100.0 237.427 16 1440.0 -390.0 39 -66 82.96399999999997 52.146 78
1755.0 275.72399999999993 17 1980.0 -225.0 20 -59 104.33099999999999 80.16199999999999 45
1060.0 226.16700000000003 14 1200.0 -140.0 18 -58 74.0 51.38099999999999 28
1920.0 222.86800000000002 16 1980.0 -150.0 20 -44 93.806 79.30799999999996 30
1040.0 212.34399999999997 15 1140.0 -100.0 13 -59 69.63699999999999 49.645999999999994 20
1415.0 287.936 21 1650.0 -235.0 37 -87 90.849 61.148999999999994 27
1045.0 230.495 12 1290.0 -245.0 54 -63 72.74599999999998 43.97399999999999 29
1040.0 316.93100000000004 21 1560.0 -550.0 81 -59 140.22199999999995 86.58999999999999 71
1390.0 243.94300000000004 20 1560.0 -170.0 22 -66 85.24699999999999 57.991 34
1400.0 226.6350000000001 15 1500.0 -100.0 13 -59 82.12199999999999 64.65500000000002 20
1800.0 276.816 20 1890.0 -90.0 30 -70 110.58800000000002 65.888 6
1300.0 216.359 20 1500.0 -230.0 34 -54 81.21699999999996 55.64299999999999 35
2745.0 387.533 16 2910.0 -165.0 55 -92 137.924 112.09599999999996 11
1500.0 294.062 19 1650.0 -150.0 20 -66 100.96499999999999 83.38999999999999 30
1920.0 283.18500000000006 17 2010.0 -90.0 30 -75 95.13700000000004 77.59899999999996 6
1620.0 256.71299999999997 15 1770.0 -150.0 20 -73 78.2 66.62 30
1300.0 308.61699999999996 23 1470.0 -170.0 20 -73 104.58799999999998 65.929 34
1790.0 334.42400000000015 19 2040.0 -250.0 27 -78 115.97800000000005 74.744 50
1460.0 265.71 20 1710.0 -250.0 39 -69 95.01299999999996 61.042 30
1380.0 248.73199999999994 14 1680.0 -300.0 32 -69 71.67499999999998 56.44799999999998 60
1175.0 259.1410000000001 18 1350.0 -175.0 23 -69 66.54099999999998 53.922999999999995 35
1865.0 356.334 20 2040.0 -175.0 22 -83 124.984 83.16299999999997 35
1515.0 239.01300000000003 21 1890.0 -375.0 38 -56 96.45700000000001 61.77499999999999 75
1865.0 300.94700000000006 20 2040.0 -295.0 39 -74 90.67599999999999 79.132 59
1695.0 231.85599999999994 17 1770.0 -75.0 25 -69 69.12199999999999 70.356 5
1180.0 232.6920000000001 21 1350.0 -170.0 14 -66 80.54699999999998 48.489999999999995 34
1215.0 305.18399999999997 17 1500.0 -285.0 28 -72 93.75699999999999 67.994 57
1135.0 273.82 18 1290.0 -155.0 20 -70 81.72399999999998 59.859999999999985 31
935.0 280.553 15 1110.0 -175.0 24 -70 105.59200000000001 53.316999999999986 35
2130.0 392.21799999999996 22 2430.0 -300.0 29 -89 126.29800000000002 99.71699999999997 60
1460.0 279.64799999999997 18 1590.0 -130.0 17 -75 74.1 60.84399999999999 26
1105.0 206.733 11 1380.0 -275.0 24 -52 68.396 53.702999999999996 55
1370.0 256.60799999999995 18 1650.0 -430.0 102 -65 83.02199999999999 67.92099999999998 52
2140.0 291.22999999999996 19 2310.0 -170.0 21 -77 85.23500000000001 92.69699999999999 30
2865.0 359.208 17 2970.0 -105.0 35 -82 137.83200000000005 117.389 7
1580.0 240.8659999999999 16 2070.0 -505.0 68 -56 71.93299999999998 77.74699999999999 101
1780.0 321.2559999999999 19 1890.0 -110.0 20 -78 131.03400000000005 61.600999999999985 18
2170.0 333.966 16 2400.0 -230.0 30 -83 111.64399999999999 98.14000000000001 46
1540.0 217.72899999999993 13 1770.0 -290.0 46 -52 70.93199999999999 67.364 46
1875.0 290.929 12 2250.0 -375.0 40 -71 74.51099999999997 88.144 71
1665.0 270.17100000000005 20 1800.0 -135.0 18 -70 102.88099999999999 65.75299999999999 27
1465.0 314.4919999999999 21 1590.0 -125.0 16 -65 130.71 80.907 25
2685.0 348.21400000000006 21 2820.0 -135.0 36 -93 114.03699999999998 101.759 15
1560.0 276.95200000000006 16 1710.0 -165.0 25 -70 87.368 72.67600000000003 31
1650.0 306.80199999999996 23 1800.0 -150.0 20 -70 128.11499999999998 72.82299999999998 30
1725.0 264.9559999999999 17 1980.0 -360.0 32 -63 104.295 84.42799999999998 72
1445.0 232.94800000000004 16 1500.0 -85.0 17 -59 80.51299999999999 61.155000000000015 13
1210.0 236.00099999999998 16 1350.0 -140.0 18 -71 69.44399999999997 53.47499999999998 28
2905.0 391.82199999999995 20 3090.0 -185.0 52 -106 110.63100000000003 119.43400000000003 19
1100.0 263.126 18 1230.0 -130.0 17 -72 84.05599999999998 53.721 26
1275.0 266.1789999999999 17 1470.0 -195.0 16 -72 88.00099999999999 65.928 39
1815.0 265.525 19 1950.0 -135.0 18 -70 101.62000000000003 73.45899999999999 27
1675.0 262.78200000000004 20 1830.0 -155.0 20 -67 96.22000000000001 68.56699999999998 31
1330.0 250.529 17 1530.0 -200.0 19 -68 81.928 60.08800000000001 40
1705.0 346.78999999999985 23 2040.0 -335.0 29 -90 106.82399999999998 97.948 67
1740.0 261.663 19 2010.0 -270.0 54 -74 67.66499999999999 72.61899999999999 42
1105.0 253.25600000000006 17 1470.0 -365.0 48 -60 90.53 70.422 73
1600.0 343.58400000000006 20 1860.0 -365.0 93 -73 142.92100000000002 53.59899999999999 43
1245.0 296.12600000000003 13 1620.0 -375.0 30 -63 77.78199999999997 64.638 75
890.0 174.46199999999993 17 930.0 -40.0 5 -48 55.75399999999999 44.991000000000014 8
1785.0 268.6810000000001 18 1890.0 -105.0 14 -66 95.83899999999997 74.758 21
1485.0 271.12300000000005 20 1620.0 -135.0 18 -70 100.331 65.357 27
1485.0 272.15099999999995 21 1650.0 -165.0 22 -75 79.56799999999998 58.04099999999998 33
1735.0 291.932 14 1890.0 -155.0 23 -73 78.92599999999999 80.42699999999998 29
2280.0 282.01100000000014 20 2400.0 -120.0 22 -74 83.765 85.988 20
1615.0 271.65 19 1890.0 -275.0 24 -69 109.16900000000001 60.31999999999998 55
1225.0 235.97300000000004 21 1350.0 -125.0 17 -66 77.78299999999999 55.65 25
1495.0 286.8900000000001 14 1830.0 -595.0 38 -56 88.96 77.024 119
1480.0 224.15500000000003 14 1710.0 -230.0 37 -60 73.51899999999999 61.65899999999999 26
1765.0 281.99200000000013 14 2310.0 -545.0 51 -65 89.183 87.86500000000002 109
1590.0 249.07900000000004 23 1740.0 -270.0 28 -64 85.72099999999998 74.30499999999999 54
1665.0 288.1449999999998 18 1830.0 -165.0 22 -69 106.729 78.92399999999998 33
1340.0 235.42699999999994 20 1440.0 -100.0 13 -56 90.432 65.38799999999999 20
1305.0 248.08900000000006 11 1530.0 -225.0 20 -66 71.57600000000002 57.615 45
1050.0 228.32899999999998 15 1170.0 -120.0 16 -62 70.26299999999998 52.015 24
1350.0 278.2659999999999 18 1560.0 -210.0 33 -66 98.67099999999996 69.46699999999998 21
1715.0 275.6409999999999 20 1920.0 -295.0 31 -64 101.311 69.09599999999999 57
1895.0 312.0999999999998 18 2160.0 -265.0 30 -73 92.53300000000002 89.25000000000003 53
1520.0 243.34299999999996 17 1680.0 -160.0 21 -63 82.66899999999997 72.12199999999999 22
1350.0 236.626 21 1470.0 -120.0 16 -65 78.972 58.62399999999999 24
1555.0 261.42100000000005 16 1680.0 -125.0 12 -69 89.52299999999997 61.95799999999999 25
1935.0 273.337 14 2070.0 -135.0 18 -68 98.54100000000005 82.27099999999994 27
1045.0 189.48000000000002 13 1170.0 -125.0 10 -56 62.649 40.19799999999999 25
730.0 273.2309999999999 13 1140.0 -410.0 30 -52 71.76999999999998 56.758 82
1265.0 269.31200000000007 15 1650.0 -385.0 36 -58 114.14000000000003 63.63399999999997 77
1570.0 271.436 18 1770.0 -230.0 30 -75 83.64799999999998 62.82200000000001 40
1165.0 303.44900000000007 22 1470.0 -305.0 24 -79 110.39399999999998 53.762 61
2580.0 318.60799999999995 14 2880.0 -390.0 58 -69 134.74800000000005 109.26199999999993 58
2320.0 309.663 20 2550.0 -230.0 29 -74 116.56499999999998 102.07399999999997 46
870.0 234.31200000000004 14 960.0 -90.0 12 -58 80.652 50.55299999999999 18
1330.0 255.117 18 1530.0 -200.0 33 -71 89.32899999999998 59.763000000000005 20
1805.0 228.327 13 1950.0 -445.0 26 -56 79.815 82.01300000000002 89
1700.0 347.49099999999993 17 1920.0 -220.0 29 -77 125.425 72.91299999999998 44
1530.0 206.22099999999995 14 1950.0 -570.0 64 -61 54.39000000000001 55.47299999999999 93
1565.0 234.92199999999997 19 1800.0 -285.0 31 -59 87.12500000000001 69.28699999999999 57
1200.0 256.35200000000003 16 1320.0 -120.0 16 -63 80.55600000000001 60.15399999999998 24
1530.0 140.20999999999998 15 1530.0 0.0 0 -41 37.678 52.68499999999998 0
2250.0 344.12700000000007 16 2610.0 -360.0 34 -86 137.58600000000007 90.199 72
2090.0 323.1850000000002 21 2280.0 -190.0 25 -82 115.97700000000003 86.37399999999998 38
1500.0 321.3759999999999 22 1710.0 -210.0 28 -75 123.00500000000002 67.68100000000001 42
1140.0 177.86499999999998 16 1260.0 -265.0 17 -47 68.728 50.56699999999999 53
1950.0 267.942 20 2130.0 -180.0 25 -64 109.29000000000002 81.24499999999999 36
1875.0 339.8120000000001 17 2220.0 -370.0 71 -68 120.92300000000002 90.75400000000002 60
1065.0 219.47700000000003 18 1200.0 -135.0 18 -60 74.70700000000001 49.867000000000004 27
1485.0 275.85 17 1560.0 -105.0 35 -72 90.193 72.88399999999997 7
1710.0 284.85200000000003 14 2280.0 -570.0 58 -64 94.858 93.34299999999999 114
1190.0 256.5640000000001 16 1350.0 -160.0 21 -66 81.88299999999998 55.812999999999995 32
1045.0 176.50899999999996 13 1200.0 -155.0 16 -46 62.00799999999998 44.78099999999999 31
1790.0 294.938 13 1980.0 -355.0 53 -72 83.48 82.762 52
2120.0 346.96399999999994 19 2340.0 -220.0 33 -81 111.51399999999998 84.92099999999998 22
2010.0 274.98999999999995 11 2160.0 -150.0 20 -71 92.77600000000001 79.68400000000001 30
1320.0 216.90400000000002 15 1440.0 -120.0 16 -60 61.304999999999986 63.359 24
1790.0 253.32100000000008 15 1950.0 -160.0 22 -65 85.08999999999997 73.309 32
805.0 202.31900000000002 15 1140.0 -335.0 89 -56 61.759 49.84299999999999 37
1595.0 274.736 19 1770.0 -175.0 23 -72 89.20699999999997 64.64699999999999 35
1300.0 289.573 20 1620.0 -320.0 33 -76 92.92999999999998 61.00999999999999 60
1965.0 310.172 21 2130.0 -270.0 57 -75 95.39399999999999 72.715 40
1170.0 235.81300000000005 16 1410.0 -240.0 18 -67 68.51899999999998 56.58799999999999 48
2570.0 328.4860000000001 16 2910.0 -430.0 60 -79 107.18100000000007 105.71000000000002 64
1635.0 268.95899999999995 16 1800.0 -165.0 21 -65 91.95599999999999 65.15799999999999 33
1130.0 256.643 15 1290.0 -160.0 21 -69 91.84300000000006 45.712999999999994 32
2530.0 383.4340000000001 18 2970.0 -440.0 54 -108 95.50399999999999 109.53600000000004 68
1545.0 275.2300000000001 17 1770.0 -275.0 42 -68 84.19399999999999 71.34400000000002 51
1765.0 296.417 17 2070.0 -400.0 45 -66 127.55999999999999 84.31999999999996 60
1665.0 218.94500000000008 16 1770.0 -240.0 80 -49 77.14200000000001 72.44699999999997 16
1185.0 233.16399999999996 16 1500.0 -375.0 39 -50 74.68499999999999 54.928999999999995 75
1485.0 227.27400000000003 21 1620.0 -135.0 18 -72 61.921 64.622 27
1080.0 244.99599999999998 15 1320.0 -240.0 36 -66 80.17600000000002 51.556999999999995 28
1185.0 291.205 17 1350.0 -165.0 22 -74 87.38899999999998 47.74600000000001 33
2460.0 358.8679999999999 21 2700.0 -270.0 49 -76 147.44000000000003 114.371 26
1485.0 338.545 20 1560.0 -75.0 25 -76 130.226 74.02 5
1300.0 248.72099999999998 14 1650.0 -350.0 36 -57 81.38599999999997 66.73700000000002 70
1325.0 283.10599999999994 12 1770.0 -475.0 61 -67 65.559 64.72300000000001 95
1400.0 283.858 12 1770.0 -370.0 29 -56 88.92999999999999 75.644 74
1730.0 231.838 17 1890.0 -175.0 26 -64 70.301 62.883999999999986 33
1245.0 258.71700000000004 21 1500.0 -255.0 17 -70 77.73999999999998 73.243 51
1335.0 209.50699999999998 17 1380.0 -45.0 6 -52 82.07999999999997 53.38099999999999 9
1430.0 256.636 14 1650.0 -220.0 22 -65 78.385 69.06799999999998 44
1905.0 323.40900000000005 18 2160.0 -360.0 68 -71 119.95999999999998 94.92600000000002 58
1155.0 232.863 19 1290.0 -135.0 18 -60 96.844 47.566 27
2390.0 239.13000000000002 16 2490.0 -100.0 13 -59 79.078 97.16699999999999 20
1445.0 258.481 17 1650.0 -205.0 19 -73 67.40199999999999 66.29099999999998 41
1160.0 201.333 16 1290.0 -130.0 17 -51 74.202 56.52700000000001 26
750.0 225.42100000000002 17 930.0 -180.0 12 -63 69.51899999999998 47.632999999999996 36
1230.0 282.651 20 1530.0 -300.0 55 -72 107.87099999999995 59.30899999999999 50
1500.0 242.04899999999995 24 1680.0 -180.0 15 -70 83.40399999999998 60.384 36
1770.0 267.39099999999996 18 1980.0 -210.0 28 -69 79.15999999999998 82.32 42
1720.0 261.063 23 1950.0 -230.0 25 -75 90.52499999999998 61.866 46
1060.0 323.078 17 1740.0 -700.0 86 -64 128.33700000000005 78.52899999999998 98
2475.0 308.42499999999995 17 2610.0 -135.0 18 -74 99.57499999999999 97.46600000000001 27
1195.0 248.60300000000007 20 1440.0 -245.0 32 -62 88.87499999999999 58.58699999999999 49
1155.0 254.91900000000004 18 1350.0 -195.0 26 -55 86.13799999999998 62.22499999999999 39
1205.0 256.4540000000001 16 1560.0 -405.0 33 -65 69.398 62.267 81
1605.0 219.15600000000003 14 1920.0 -350.0 46 -54 80.20600000000002 73.17099999999998 70
1310.0 258.463 16 1500.0 -190.0 31 -62 96.21699999999998 59.160000000000004 19
1000.0 263.541 17 1200.0 -200.0 19 -66 83.28099999999999 44.09 40
1395.0 266.997 11 1740.0 -380.0 50 -62 87.56200000000004 72.00299999999997 76
1710.0 327.9409999999999 17 1950.0 -240.0 38 -73 100.63899999999998 89.89500000000004 38
1335.0 250.832 16 1530.0 -195.0 26 -73 78.85099999999998 58.51 39
1625.0 230.16199999999995 15 1770.0 -195.0 26 -55 81.12699999999997 72.24499999999998 39
1705.0 342.0169999999999 18 2100.0 -395.0 59 -83 103.90900000000002 85.53800000000001 69
1120.0 240.31 15 1440.0 -395.0 34 -56 83.98299999999999 56.58100000000001 79
1200.0 272.345 18 1560.0 -360.0 28 -75 82.08399999999999 61.02499999999998 72
1565.0 208.78999999999994 15 1740.0 -175.0 18 -51 71.06499999999997 72.41999999999997 35
1740.0 268.5020000000001 17 2160.0 -420.0 38 -67 84.99199999999999 80.64900000000004 84
1470.0 239.186 18 1590.0 -120.0 16 -64 70.24499999999998 50.93300000000001 24
1825.0 263.84900000000005 19 1980.0 -275.0 36 -68 67.34700000000001 70.32900000000002 55
1675.0 261.943 18 1860.0 -185.0 24 -75 83.56800000000003 60.53300000000001 37
1205.0 287.834 14 1500.0 -345.0 46 -73 94.07100000000003 59.893999999999984 67
1920.0 337.6249999999999 14 2280.0 -360.0 37 -77 110.00800000000001 100.18400000000001 72
1220.0 196.10300000000004 15 1350.0 -130.0 17 -61 62.719999999999985 39.938 26
2255.0 277.521 14 2430.0 -175.0 23 -64 108.23900000000003 91.59999999999998 35
1895.0 222.26600000000008 10 1950.0 -55.0 7 -53 73.11899999999999 78.94699999999999 11
805.0 238.55000000000004 17 1080.0 -275.0 16 -67 82.24699999999999 34.103 55
1615.0 242.90399999999994 18 1770.0 -155.0 20 -71 65.56499999999998 75.45099999999998 31
1335.0 252.503 11 1590.0 -255.0 19 -66 66.28199999999997 56.43599999999998 51
2025.0 296.779 20 2250.0 -225.0 18 -75 99.755 89.603 45
1830.0 305.16999999999996 21 1890.0 -60.0 20 -77 123.08899999999997 68.49599999999998 4
1710.0 284.459 17 1890.0 -180.0 30 -79 95.126 69.75699999999998 18
990.0 190.90100000000004 14 1140.0 -150.0 20 -49 65.45299999999999 47.39 30
1370.0 273.27500000000003 21 1560.0 -190.0 25 -67 107.02999999999999 57.52299999999999 38
2710.0 331.305 15 2910.0 -400.0 49 -80 117.64500000000004 105.00299999999997 60
1115.0 230.921 20 1260.0 -145.0 11 -61 73.443 50.16700000000001 29
1180.0 201.21900000000002 18 1290.0 -110.0 14 -60 66.66099999999997 43.920999999999985 22
1860.0 339.228 21 2040.0 -180.0 23 -82 136.913 73.75699999999998 36
1330.0 249.19200000000004 13 1470.0 -140.0 19 -55 108.00399999999999 57.59299999999999 28
1220.0 254.55800000000002 16 1410.0 -190.0 18 -71 84.455 52.273999999999994 38
1270.0 221.01000000000002 17 1350.0 -80.0 10 -59 82.434 50.39699999999999 16
1815.0 313.6360000000001 14 2220.0 -450.0 57 -73 100.67600000000003 103.60099999999996 90
1975.0 376.425 17 2340.0 -395.0 43 -91 135.02300000000002 84.26199999999999 73
2015.0 322.24700000000007 15 2130.0 -115.0 33 -88 95.25199999999998 76.97300000000003 11
1350.0 246.06199999999998 17 1560.0 -345.0 90 -58 94.48599999999998 72.05599999999998 39
2090.0 341.47300000000007 19 2520.0 -430.0 53 -88 99.28699999999998 94.01499999999997 72
1850.0 281.9239999999999 14 2100.0 -250.0 28 -67 84.70199999999998 83.42099999999999 50
1645.0 252.91299999999995 18 1770.0 -125.0 16 -65 89.21599999999998 73.83599999999998 25
1100.0 242.635 20 1230.0 -130.0 17 -59 80.77799999999999 46.038 26
1965.0 322.25100000000003 23 2100.0 -135.0 18 -73 142.75199999999998 83.04899999999995 27
1265.0 288.2970000000001 19 1650.0 -445.0 59 -63 107.20900000000003 66.26599999999999 89
2215.0 278.319 14 2340.0 -245.0 32 -65 95.83600000000003 91.40999999999997 49
1525.0 324.762 14 1860.0 -515.0 51 -74 105.171 89.37099999999998 103
1325.0 226.903 18 1560.0 -235.0 16 -64 76.25500000000001 61.572 47
1815.0 260.191 13 1980.0 -165.0 20 -71 84.88599999999997 68.207 29
1470.0 256.25300000000004 20 1530.0 -170.0 27 -65 94.21799999999999 62.146999999999984 26
1860.0 263.69399999999996 19 2070.0 -210.0 28 -68 94.602 72.19299999999996 42
970.0 163.18000000000004 14 1050.0 -80.0 10 -52 51.772 38.388999999999996 16
2925.0 379.2850000000001 24 3030.0 -105.0 35 -92 139.483 111.26799999999996 7
1830.0 236.69800000000012 15 1980.0 -150.0 20 -56 90.749 75.636 30
2305.0 302.32199999999995 18 2490.0 -185.0 24 -79 102.92500000000003 89.36599999999999 37
2390.0 323.62899999999996 17 2580.0 -205.0 30 -79 118.51300000000002 97.01399999999998 39
2835.0 291.65700000000004 14 3000.0 -165.0 22 -77 92.126 105.15800000000002 33
1340.0 229.33900000000003 13 1500.0 -160.0 22 -67 85.21999999999998 38.251999999999995 32
1530.0 258.19000000000005 13 1860.0 -330.0 26 -70 82.00500000000004 68.30399999999999 66
1440.0 238.144 19 1560.0 -120.0 16 -59 86.39999999999999 61.33099999999999 24
1700.0 285.57200000000006 17 1830.0 -130.0 17 -68 104.89200000000004 76.30399999999999 26
1775.0 256.7070000000001 16 1920.0 -145.0 19 -67 91.58800000000004 69.01899999999999 29
1830.0 251.65299999999996 16 2010.0 -180.0 24 -72 71.22700000000002 76.21299999999998 36
1020.0 221.41699999999994 13 1230.0 -210.0 17 -61 64.64599999999999 53.595000000000006 42
750.0 218.02900000000005 12 870.0 -120.0 16 -55 73.101 30.701999999999998 24
1560.0 301.536 21 1650.0 -90.0 30 -72 116.33599999999998 61.80299999999999 6
1500.0 263.16700000000003 14 1800.0 -300.0 39 -66 80.79800000000002 73.02799999999998 40
1760.0 303.755 15 2340.0 -580.0 42 -69 93.435 91.75300000000001 116
1390.0 337.48699999999997 25 1620.0 -230.0 20 -76 99.49299999999998 78.97899999999997 46
1240.0 252.99400000000003 17 1530.0 -335.0 74 -54 100.75700000000005 62.60499999999998 47
2740.0 347.0910000000001 17 2940.0 -200.0 26 -81 125.19400000000006 102.25599999999997 40
1380.0 348.8699999999999 20 1620.0 -240.0 39 -99 112.08599999999994 63.78699999999999 24
1370.0 289.0629999999999 15 1560.0 -190.0 15 -72 110.96699999999998 67.55699999999997 38
1045.0 195.86800000000005 18 1170.0 -125.0 10 -52 66.468 51.886 25
1330.0 218.79200000000003 15 1470.0 -140.0 11 -62 68.457 45.42099999999999 28
2220.0 340.39200000000005 19 2400.0 -180.0 30 -77 138.44000000000003 87.56399999999996 18
1630.0 247.23399999999992 13 1770.0 -140.0 19 -60 80.035 73.82299999999998 28
1275.0 267.22599999999994 19 1350.0 -75.0 25 -67 91.52999999999999 62.27600000000001 5
1665.0 262.637 18 1800.0 -135.0 18 -65 97.342 72.17699999999998 27
1445.0 285.481 14 1800.0 -355.0 28 -62 89.32699999999996 77.244 71
765.0 164.088 14 840.0 -195.0 14 -48 52.081999999999994 32.363 39
1650.0 285.062 22 1710.0 -60.0 20 -67 111.71000000000002 66.64399999999999 4
1110.0 256.6500000000001 16 1500.0 -390.0 34 -58 108.07800000000002 60.608000000000004 78
1625.0 344.0469999999999 18 1830.0 -205.0 27 -84 121.03099999999998 81.36399999999998 41
1630.0 269.37500000000006 19 1800.0 -170.0 22 -72 100.498 70.85800000000002 34
1685.0 243.25500000000002 16 1800.0 -115.0 12 -64 78.708 65.38400000000001 23
2265.0 360.31000000000006 20 2460.0 -195.0 32 -88 124.60499999999999 96.62400000000001 35
1130.0 213.34300000000002 16 1470.0 -365.0 54 -51 86.50699999999996 51.87999999999999 53
1925.0 252.96099999999998 18 1980.0 -55.0 7 -64 91.00999999999998 73.09299999999999 11
1560.0 301.732 19 1680.0 -120.0 16 -67 119.61300000000003 78.02899999999998 24
1585.0 257.315 18 1740.0 -155.0 20 -57 96.16399999999997 81.626 31
1890.0 278.719 19 2040.0 -150.0 20 -67 102.82300000000004 79.29599999999999 30
1220.0 229.32300000000004 16 1350.0 -130.0 17 -51 90.849 54.116 26
1390.0 276.9819999999999 24 1560.0 -170.0 22 -68 91.94899999999997 55.68599999999999 34
1935.0 265.79299999999995 20 2130.0 -240.0 47 -73 94.901 81.96599999999998 38
1305.0 292.24899999999985 16 1620.0 -395.0 45 -71 114.67599999999997 64.038 75
1875.0 262.96799999999996 18 2010.0 -335.0 34 -70 93.531 69.583 67
1170.0 254.66800000000003 20 1260.0 -90.0 30 -71 86.03399999999996 50.94499999999999 6
1950.0 272.043 15 2100.0 -150.0 20 -69 83.903 88.75699999999996 30
1870.0 342.486 16 2070.0 -200.0 32 -75 101.66999999999999 88.675 36
1410.0 262.223 15 1620.0 -210.0 27 -76 80.805 58.408 42
1385.0 310.32399999999996 17 1680.0 -335.0 44 -60 107.76799999999997 85.63799999999998 67
2705.0 321.05499999999995 16 2970.0 -265.0 33 -74 105.53 110.88699999999997 51
1470.0 228.90300000000002 16 1650.0 -380.0 31 -63 76.459 53.715999999999994 76
1490.0 249.192 14 1830.0 -340.0 43 -63 79.77700000000002 70.365 45
1020.0 173.97500000000008 14 1020.0 0.0 0 -53 49.88599999999999 44.57599999999999 0
1370.0 267.152 14 1500.0 -130.0 17 -60 87.47200000000002 60.52000000000001 26
910.0 254.30899999999994 19 1050.0 -140.0 18 -67 77.123 51.662 28
2400.0 304.3049999999999 19 2520.0 -120.0 15 -68 129.80300000000003 96.17900000000002 24
2105.0 276.292 13 2430.0 -400.0 45 -65 74.79600000000002 93.05000000000001 78
1570.0 232.59300000000007 11 1650.0 -80.0 10 -57 85.73300000000005 65.371 16
1650.0 208.4560000000001 18 1650.0 -195.0 26 -55 76.08899999999998 59.21799999999998 39
1590.0 320.212 21 1800.0 -255.0 32 -80 118.635 79.56899999999999 45
1670.0 252.715 15 1800.0 -130.0 17 -62 83.16599999999998 75.57099999999998 26
1205.0 310.6099999999999 16 1500.0 -295.0 19 -71 121.62500000000003 54.397000000000006 59
1875.0 261.55999999999995 17 2010.0 -260.0 26 -66 78.86399999999999 73.86199999999998 52
1730.0 298.6479999999998 15 1920.0 -190.0 21 -79 85.329 77.48700000000001 38
1500.0 325.391 19 1740.0 -240.0 39 -74 130.655 82.47199999999998 24
1425.0 270.16100000000006 13 1680.0 -255.0 34 -57 105.41800000000003 57.58699999999999 28
1520.0 280.62499999999994 14 1710.0 -190.0 23 -67 98.02600000000001 62.791 38
1920.0 238.671 14 2220.0 -300.0 40 -74 48.918 77.96900000000002 52
995.0 220.609 19 1230.0 -235.0 23 -57 85.47 50.894 47
1665.0 333.60900000000004 22 1860.0 -300.0 34 -76 121.70499999999997 72.28099999999999 60
2110.0 312.486 17 2280.0 -170.0 22 -72 123.75600000000003 85.69599999999997 34
1150.0 301.7289999999999 17 1380.0 -230.0 32 -73 106.00199999999998 57.682999999999986 23
2595.0 399.80199999999974 19 2790.0 -195.0 41 -91 140.87100000000004 104.02199999999996 29
2325.0 372.56 21 2490.0 -180.0 60 -93 130.41300000000004 98.66099999999996 12
2735.0 312.7650000000002 11 3060.0 -325.0 48 -70 97.85000000000001 119.71600000000001 61
2065.0 329.323 18 2220.0 -155.0 20 -66 125.12200000000003 85.56799999999997 31
1440.0 281.31399999999996 17 1680.0 -240.0 24 -72 94.53399999999999 67.57100000000001 48
1585.0 263.89599999999996 19 1800.0 -215.0 19 -66 90.83399999999997 67.22199999999998 43
2075.0 333.323 20 2280.0 -205.0 26 -76 113.78300000000002 91.06299999999996 41
1965.0 291.44700000000006 14 2280.0 -315.0 32 -79 75.15300000000002 86.57200000000002 61
1460.0 279.4169999999999 17 1800.0 -340.0 25 -62 105.36200000000001 70.04599999999998 68
1080.0 216.33800000000002 16 1620.0 -570.0 78 -62 73.54299999999999 56.922999999999995 114
1675.0 291.23699999999997 17 1830.0 -155.0 20 -64 91.371 80.269 31
1245.0 243.42800000000014 14 1530.0 -320.0 43 -52 79.01699999999998 72.52600000000001 62
1950.0 333.932 17 2070.0 -120.0 31 -87 100.48799999999999 86.06799999999998 14
1705.0 229.48900000000003 18 1800.0 -95.0 12 -66 64.329 70.621 19
1320.0 251.40099999999998 16 1440.0 -120.0 16 -65 80.77699999999999 59.807 24
1310.0 208.15300000000005 14 1530.0 -220.0 18 -56 53.56599999999998 59.85100000000002 44
1905.0 272.8539999999999 15 2040.0 -135.0 18 -75 87.40000000000003 76.154 27
1415.0 355.34099999999995 17 1710.0 -295.0 34 -78 120.68600000000006 65.05899999999997 59
1110.0 239.75599999999997 17 1230.0 -120.0 16 -58 91.59400000000002 50.539 24
940.0 270.727 15 1320.0 -400.0 66 -60 96.359 63.571 40
1405.0 258.552 13 1560.0 -155.0 26 -66 91.14100000000005 61.441 27
1600.0 245.10000000000008 13 1740.0 -140.0 18 -64 85.05200000000002 63.745999999999995 28
1800.0 338.0079999999999 18 1980.0 -180.0 36 -79 116.98200000000003 92.22 28
1880.0 294.12500000000006 20 2010.0 -130.0 17 -76 104.57100000000003 82.73000000000002 26
1980.0 288.834 14 2280.0 -300.0 24 -72 105.27200000000005 76.01100000000004 60
1680.0 304.22499999999997 18 1740.0 -60.0 20 -68 114.10800000000003 90.53399999999999 4
655.0 232.46399999999994 18 1020.0 -415.0 37 -65 84.714 33.623999999999995 83
1575.0 235.943 15 1830.0 -300.0 40 -62 82.579 75.55599999999997 60
1630.0 284.83 16 1890.0 -260.0 30 -78 87.95599999999997 73.03999999999999 48
900.0 281.3330000000001 19 1140.0 -240.0 19 -72 101.757 46.80200000000001 48
1100.0 248.11000000000004 13 1290.0 -190.0 18 -63 82.39900000000002 61.30299999999999 38
1615.0 354.44300000000004 19 1860.0 -245.0 36 -88 108.10399999999998 77.155 27
1780.0 267.7219999999999 16 1920.0 -230.0 48 -68 93.977 79.991 34
1120.0 299.71200000000005 14 1440.0 -320.0 33 -65 76.05999999999997 66.03 64
1350.0 291.803 15 1620.0 -270.0 27 -76 94.17399999999999 68.18499999999997 54
1745.0 305.35899999999987 15 2010.0 -610.0 57 -76 92.39300000000001 88.19899999999998 110
1215.0 216.221 16 1470.0 -255.0 33 -59 77.157 40.68600000000001 51
1440.0 310.50600000000003 21 1620.0 -180.0 24 -80 110.131 63.137999999999984 36
1665.0 254.32999999999998 17 1800.0 -260.0 26 -67 84.16199999999999 75.929 52
1860.0 310.196 21 2040.0 -180.0 24 -84 100.781 88.35100000000003 36
2055.0 334.9059999999999 18 2220.0 -165.0 22 -74 109.39000000000001 92.61899999999997 33
2010.0 264.3379999999999 13 2190.0 -180.0 24 -64 97.83799999999998 81.01499999999996 36
1030.0 179.224 13 1080.0 -50.0 7 -48 52.59199999999999 40.86500000000001 10
1465.0 285.1759999999999 15 1740.0 -275.0 54 -72 76.58499999999998 75.66 43
2000.0 302.24599999999987 20 2370.0 -370.0 38 -81 81.535 90.11100000000002 74
1315.0 227.4420000000001 15 1410.0 -95.0 13 -60 83.04400000000001 51.38299999999999 19
1905.0 338.2799999999998 20 2160.0 -255.0 31 -80 137.23399999999998 74.22399999999996 49
825.0 201.61499999999998 13 990.0 -165.0 22 -49 66.03699999999999 49.803 33
1610.0 268.58300000000014 21 1740.0 -130.0 17 -71 85.968 68.72099999999999 26
985.0 228.84700000000007 18 1170.0 -185.0 17 -74 66.71799999999999 44.892 37
1720.0 332.40599999999984 22 1980.0 -260.0 34 -83 101.39399999999998 82.77400000000004 40
1530.0 256.60599999999994 23 1650.0 -120.0 16 -67 85.58499999999998 70.57599999999998 24
1530.0 270.5209999999999 17 1680.0 -150.0 20 -67 92.53499999999997 69.23599999999999 30
625.0 204.374 14 1110.0 -485.0 32 -49 72.45800000000001 44.077999999999996 97
1115.0 262.49399999999997 14 1380.0 -265.0 34 -72 71.372 56.067000000000014 41
1710.0 266.0209999999999 16 1800.0 -90.0 30 -77 80.92299999999997 66.04399999999998 6
2055.0 268.99399999999997 20 2220.0 -165.0 22 -73 93.735 76.22299999999998 33
2300.0 300.7089999999999 15 2610.0 -310.0 47 -73 101.68800000000002 96.29900000000002 47
2355.0 310.2459999999999 15 2430.0 -75.0 25 -71 114.92800000000001 93.27999999999999 5
1945.0 284.4949999999999 20 2100.0 -215.0 24 -66 104.271 71.621 43
1565.0 257.216 15 1710.0 -145.0 19 -67 81.51499999999999 52.59799999999999 29
1265.0 240.848 23 1560.0 -295.0 26 -63 87.71999999999998 57.385 59
1440.0 240.4950000000001 17 1560.0 -120.0 16 -65 87.10199999999999 55.623999999999995 24
900.0 216.962 16 990.0 -210.0 20 -56 72.29499999999999 46.770999999999994 42
2025.0 256.976 16 2100.0 -75.0 9 -64 93.07000000000001 77.63399999999997 15
1360.0 315.46999999999997 22 1620.0 -260.0 36 -81 97.81299999999999 67.681 29
1630.0 322.4429999999999 18 1770.0 -140.0 18 -70 111.71399999999998 82.181 28
1770.0 268.286 20 1920.0 -240.0 27 -62 106.87799999999999 79.81799999999997 48
1190.0 263.0930000000001 20 1380.0 -190.0 31 -71 90.50200000000001 51.65299999999999 19
1340.0 257.158 19 1470.0 -130.0 17 -68 94.79199999999997 54.049 26
1350.0 218.13100000000003 12 1500.0 -150.0 25 -66 62.998000000000005 51.346 15
1715.0 321.81 19 1860.0 -145.0 28 -69 113.3 80.924 23
1155.0 234.145 16 1290.0 -135.0 18 -66 79.09399999999998 53.141 27
930.0 257.87299999999993 17 1110.0 -180.0 23 -72 85.913 42.74599999999999 36
1940.0 338.33799999999985 18 2130.0 -190.0 25 -80 95.368 81.53999999999999 38
2340.0 352.14199999999994 22 2550.0 -210.0 28 -82 129.99500000000003 104.92999999999998 42
1095.0 196.45000000000002 15 1170.0 -75.0 9 -56 64.61499999999998 47.87499999999999 15
1185.0 239.0699999999999 19 1320.0 -135.0 18 -69 73.35099999999998 58.19199999999999 27
1155.0 264.9439999999999 17 1290.0 -135.0 18 -71 110.63799999999998 47.03599999999999 27
1370.0 220.11100000000005 15 1470.0 -100.0 13 -61 69.88199999999999 59.76099999999998 20
1155.0 217.03299999999993 18 1380.0 -225.0 18 -62 85.773 43.633999999999986 45
1660.0 322.4369999999999 17 1860.0 -200.0 16 -74 93.07899999999995 77.62599999999996 40
2140.0 295.47600000000006 16 2340.0 -200.0 26 -81 97.97600000000001 87.231 40
2085.0 279.403 20 2250.0 -165.0 22 -82 89.24000000000002 72.07199999999997 33
1345.0 267.63 19 1590.0 -245.0 22 -78 76.57499999999999 59.252 49
970.0 226.77 15 1230.0 -340.0 36 -61 70.624 56.590999999999994 68
1780.0 360.93400000000014 20 2250.0 -495.0 79 -89 121.19599999999998 92.91899999999998 87
1990.0 359.2429999999999 19 2190.0 -200.0 33 -85 132.56400000000002 91.47599999999998 20
-240.0 526.115 12 1680.0 -1985.0 47 -49 72.13099999999999 60.92199999999998 397
1540.0 299.00499999999994 19 1920.0 -380.0 37 -70 87.65799999999999 72.95100000000001 76
1565.0 344.32399999999984 19 1770.0 -205.0 49 -98 109.80300000000001 66.22999999999999 23
1240.0 305.584 17 1470.0 -230.0 33 -71 90.371 64.47099999999999 23
2000.0 278.16700000000014 18 2160.0 -160.0 21 -71 100.08200000000001 81.94699999999999 32
1090.0 175.02399999999997 16 1170.0 -80.0 10 -57 49.619 41.237999999999985 16
1915.0 256.23100000000005 17 2100.0 -185.0 24 -69 84.989 73.84199999999998 37
1910.0 210.27300000000002 17 2100.0 -190.0 17 -55 72.857 78.406 38
1690.0 269.955 13 1890.0 -200.0 33 -63 91.26599999999998 81.53900000000003 20
1195.0 241.70100000000005 15 1440.0 -335.0 44 -59 90.804 61.983999999999966 67
1650.0 237.14899999999994 14 1740.0 -90.0 14 -59 65.53099999999999 74.95699999999998 16
1950.0 371.6049999999999 20 2160.0 -210.0 33 -86 128.951 97.439 21
1890.0 238.46300000000008 19 2010.0 -150.0 26 -62 78.379 73.29399999999998 26
1980.0 309.8030000000001 20 2310.0 -330.0 29 -84 76.73599999999999 91.05200000000002 66
1685.0 285.87699999999995 16 2100.0 -455.0 75 -70 95.55699999999996 73.05099999999999 69
1690.0 280.781 20 1860.0 -170.0 18 -80 88.57799999999997 71.55799999999998 34
1600.0 252.019 14 1740.0 -140.0 18 -64 93.57400000000001 63.175999999999966 28
1670.0 274.2500000000001 18 1890.0 -220.0 32 -61 92.15500000000003 71.768 22
1205.0 271.507 16 1500.0 -295.0 20 -65 91.16500000000002 60.43099999999997 59
2305.0 336.2930000000001 20 2550.0 -290.0 53 -71 120.42699999999996 115.97200000000001 48
1335.0 230.537 20 1500.0 -180.0 27 -68 71.16499999999999 48.986 34
1830.0 319.432 23 1920.0 -90.0 30 -78 108.37499999999999 88.72299999999998 6
1000.0 286.80600000000004 13 1350.0 -350.0 27 -78 78.318 53.98599999999999 70
1305.0 238.866 17 1470.0 -165.0 22 -64 83.02699999999999 53.098 33
2000.0 286.3739999999999 17 2280.0 -490.0 42 -69 107.459 86.67499999999998 98
645.0 214.20700000000002 14 810.0 -165.0 22 -61 57.81200000000001 38.26199999999999 33
1700.0 264.45900000000006 18 2010.0 -310.0 33 -74 86.42400000000002 55.347 62
1575.0 243.67100000000002 10 1800.0 -225.0 17 -52 69.56400000000002 74.57900000000001 45
1665.0 288.84399999999994 15 1770.0 -105.0 23 -66 100.89400000000005 74.39099999999999 15
1515.0 278.607 16 1650.0 -135.0 21 -72 70.51399999999998 73.128 25
1580.0 188.94200000000006 15 1650.0 -70.0 9 -50 62.59500000000001 61.83000000000001 14
1665.0 285.17199999999997 19 1890.0 -225.0 27 -73 76.52 70.64299999999999 45
1730.0 243.30699999999996 22 1800.0 -70.0 9 -66 87.68299999999996 69.45199999999997 14
1260.0 219.05199999999996 17 1380.0 -120.0 16 -64 72.91999999999999 51.724 24
1580.0 270.554 20 1710.0 -130.0 17 -67 95.93399999999997 76.07999999999998 26
2710.0 364.79699999999985 12 3060.0 -350.0 42 -86 112.39599999999999 91.30099999999999 50
1890.0 300.985 24 2040.0 -150.0 20 -74 109.37100000000001 79.95399999999997 30
1715.0 268.52099999999996 15 2010.0 -295.0 39 -61 100.05300000000003 82.91199999999998 39
1290.0 266.04800000000006 17 1470.0 -360.0 29 -56 104.93799999999999 75.83000000000003 72
1845.0 306.244 17 2040.0 -195.0 26 -76 105.712 86.32 39
1305.0 293.43799999999993 17 1500.0 -195.0 26 -70 109.42499999999995 65.17099999999996 39
1545.0 296.9550000000001 18 1800.0 -255.0 26 -76 88.18799999999997 68.25700000000002 51
785.0 209.88400000000004 15 1020.0 -400.0 43 -57 74.435 39.639999999999986 80
1470.0 294.984 25 1560.0 -90.0 30 -75 105.11999999999998 66.12799999999997 6
2625.0 314.52299999999997 19 2730.0 -105.0 35 -88 90.41600000000003 93.54199999999999 7
2190.0 264.7219999999999 11 2340.0 -150.0 27 -60 88.92699999999996 85.01199999999997 22
1790.0 278.65899999999993 15 2010.0 -220.0 29 -71 100.81500000000001 84.50500000000001 44
2100.0 301.47800000000007 17 2250.0 -345.0 46 -76 116.35399999999997 85.64999999999999 69
1180.0 356.331 22 1590.0 -410.0 60 -82 146.575 65.52900000000001 62
740.0 266.93199999999996 21 1290.0 -600.0 93 -69 91.28699999999998 55.411 79
2220.0 324.911 15 2400.0 -180.0 27 -79 124.17599999999999 88.98099999999994 34
1205.0 238.6260000000001 14 1380.0 -175.0 13 -58 64.633 54.283999999999985 35
1400.0 290.58 17 1590.0 -350.0 33 -74 90.056 67.31399999999998 70
1560.0 228.31900000000005 12 1650.0 -90.0 30 -69 56.938 61.625 6
1100.0 234.815 17 1440.0 -475.0 95 -63 73.86599999999997 58.68799999999999 65
1665.0 297.7389999999999 19 1830.0 -165.0 22 -74 98.57499999999999 67.988 33
1230.0 220.45900000000006 17 1380.0 -150.0 20 -61 67.599 44.805 30
1400.0 237.908 12 1680.0 -375.0 27 -50 98.97300000000001 72.73599999999998 75
1185.0 224.10200000000003 20 1320.0 -135.0 18 -68 78.53699999999999 41.934 27
1660.0 273.3709999999999 18 1830.0 -170.0 22 -72 80.03499999999998 70.822 34
1830.0 285.40399999999994 15 1950.0 -120.0 16 -65 113.111 70.018 24
1530.0 286.83199999999994 16 1620.0 -90.0 30 -71 100.48000000000002 63.14399999999997 6
1890.0 243.77 25 2010.0 -120.0 16 -67 96.39099999999998 67.57900000000001 24
2250.0 306.88899999999995 15 2400.0 -150.0 20 -71 101.08300000000001 101.24999999999994 30
2410.0 284.0970000000001 14 2640.0 -230.0 32 -67 80.66999999999999 91.66600000000001 23
2485.0 340.13899999999995 17 2790.0 -305.0 29 -87 122.13100000000003 104.79799999999993 61
2190.0 365.28000000000003 16 2310.0 -120.0 40 -87 122.72300000000001 97.549 8
1435.0 286.79600000000005 17 1620.0 -185.0 25 -71 100.94400000000002 68.30099999999999 37
1405.0 289.86099999999993 15 1590.0 -185.0 24 -75 85.875 67.42099999999999 37
2700.0 379.6119999999999 19 2790.0 -90.0 30 -90 124.509 115.44000000000003 6
1330.0 276.13599999999985 15 1770.0 -440.0 43 -67 79.60099999999997 74.37 88
1530.0 383.86599999999993 16 1770.0 -240.0 32 -90 122.12700000000001 92.74399999999994 48
1880.0 301.19899999999984 20 2040.0 -160.0 21 -71 116.01099999999998 80.85699999999999 32
1280.0 262.79299999999995 14 1530.0 -370.0 69 -61 90.21300000000001 69.261 48
1695.0 291.382 15 1890.0 -195.0 19 -75 92.46600000000002 72.41199999999998 39
1715.0 317.6200000000002 17 1950.0 -355.0 70 -75 105.33500000000002 78.94600000000001 55
1245.0 298.03499999999997 16 1740.0 -495.0 40 -69 123.17500000000004 62.72299999999999 79
1485.0 285.65799999999996 20 1650.0 -165.0 22 -79 81.082 68.18099999999998 33
1470.0 270.516 19 1590.0 -120.0 15 -67 101.18799999999999 61.734 24
1530.0 316.78499999999997 16 1710.0 -180.0 24 -69 122.25100000000005 66.16799999999999 36
1965.0 306.99700000000007 18 2190.0 -225.0 27 -81 91.65400000000001 85.118 45
1610.0 270.259 13 1890.0 -280.0 34 -62 75.67200000000001 73.75799999999998 56
2210.0 279.05300000000005 24 2370.0 -160.0 21 -74 88.93999999999997 96.074 32
1690.0 276.6900000000001 17 1890.0 -200.0 21 -68 111.209 76.80099999999996 40
2165.0 304.40200000000004 14 2640.0 -475.0 30 -66 103.35800000000002 102.53999999999999 95
1290.0 260.57300000000004 22 1410.0 -120.0 16 -70 93.32499999999999 67.356 24
1260.0 204.45399999999995 12 1380.0 -120.0 10 -56 65.81099999999999 48.044999999999995 24
1770.0 317.823 21 1860.0 -90.0 30 -87 107.63499999999999 61.864999999999995 6
1060.0 291.026 20 1410.0 -350.0 40 -75 106.801 51.339999999999996 47
1265.0 267.03299999999996 16 1560.0 -295.0 29 -77 85.50099999999999 55.70599999999999 59
1475.0 241.22900000000004 20 1740.0 -265.0 35 -54 104.23799999999999 62.08200000000001 53
1525.0 233.821 15 1860.0 -335.0 32 -59 79.83000000000001 74.06299999999997 67
860.0 260.64500000000004 14 1080.0 -220.0 33 -63 94.629 43.22399999999999 22
1205.0 324.39200000000005 18 1590.0 -385.0 37 -85 102.339 63.59800000000002 77
1125.0 261.231 16 1290.0 -165.0 22 -64 78.619 57.98499999999998 33
590.0 229.585 14 780.0 -190.0 31 -60 71.112 36.59299999999999 19
2160.0 319.57999999999987 21 2310.0 -180.0 30 -79 108.20399999999998 91.65700000000001 32
1510.0 251.95899999999997 18 1620.0 -240.0 22 -65 95.579 57.75599999999998 48
1505.0 344.9030000000001 19 1740.0 -235.0 21 -75 117.61800000000001 73.29599999999998 47
1630.0 248.69000000000003 19 1830.0 -200.0 33 -66 100.92299999999999 56.02899999999999 20
1305.0 253.41099999999997 18 1440.0 -135.0 18 -69 79.61199999999998 62.75299999999999 27
1050.0 180.14799999999997 14 1110.0 -115.0 15 -48 53.994 57.353999999999985 23
1575.0 287.976 19 1740.0 -300.0 67 -69 96.067 79.65100000000001 42
1315.0 255.31399999999994 18 1590.0 -275.0 28 -62 88.91599999999998 71.465 55
1540.0 254.21099999999998 16 1830.0 -290.0 21 -67 90.132 76.49499999999998 58
1310.0 247.936 18 1500.0 -190.0 25 -71 79.8 56.641 38
1815.0 291.01199999999994 17 2190.0 -455.0 70 -69 97.842 94.85199999999998 58
1065.0 209.77199999999993 18 1200.0 -135.0 18 -61 74.00199999999998 47.63699999999999 27
1430.0 289.65399999999994 18 1650.0 -235.0 37 -62 109.23899999999995 68.35900000000001 23
950.0 275.9700000000001 14 1170.0 -220.0 33 -63 97.866 44.86099999999999 22
1770.0 292.37699999999995 18 1950.0 -180.0 24 -70 108.43099999999997 85.50699999999999 36
1310.0 277.69800000000004 15 1530.0 -220.0 32 -65 87.08800000000002 60.184 22
1240.0 274.697 20 1560.0 -320.0 27 -71 80.30899999999995 67.595 62
1925.0 285.42099999999994 22 2070.0 -145.0 19 -73 100.54199999999997 72.89099999999998 29
1590.0 262.73699999999997 16 1800.0 -210.0 28 -69 78.721 79.33200000000001 42
2135.0 295.72900000000004 19 2430.0 -330.0 60 -75 98.22500000000001 88.05099999999999 54
1170.0 222.374 17 1170.0 -30.0 10 -42 91.28799999999997 59.56499999999999 2
1905.0 286.8449999999999 18 1980.0 -75.0 25 -72 94.87599999999998 83.04 5
1320.0 269.589 15 1530.0 -210.0 33 -72 72.306 58.926 21
1560.0 294.753 15 1830.0 -340.0 42 -59 108.72699999999999 75.38699999999999 49
1290.0 219.03699999999998 20 1380.0 -90.0 12 -56 85.54999999999998 47.169000000000004 18
1540.0 270.47200000000004 13 1710.0 -170.0 17 -72 93.37800000000003 70.833 34
1470.0 258.21199999999993 22 1620.0 -150.0 20 -66 88.481 65.221 30
1010.0 254.97699999999998 18 1170.0 -160.0 21 -65 92.10799999999998 48.408 32
1670.0 324.66300000000007 24 1830.0 -225.0 29 -75 118.42700000000004 80.59299999999999 45
1050.0 181.143 14 1170.0 -120.0 16 -55 63.263999999999996 31.607999999999997 24
1320.0 283.3339999999999 19 1410.0 -215.0 38 -77 96.77499999999998 59.47999999999999 31
1740.0 312.89399999999995 19 1980.0 -240.0 22 -84 111.607 74.353 48
1305.0 229.38200000000003 16 1680.0 -395.0 60 -64 73.84499999999998 61.117 54
1400.0 291.52399999999994 17 1710.0 -310.0 38 -77 99.25399999999999 66.95599999999999 62
1680.0 292.60699999999986 20 1920.0 -240.0 32 -79 83.506 60.76 48
1215.0 254.70800000000003 20 1380.0 -165.0 22 -66 90.015 49.20299999999999 33
2085.0 273.69100000000003 17 2220.0 -135.0 18 -62 104.83999999999997 91.106 27
1445.0 278.2439999999999 15 1620.0 -175.0 22 -67 98.359 57.486999999999995 35
1080.0 248.33899999999997 13 1290.0 -210.0 33 -54 94.51700000000001 49.520999999999994 21
1890.0 271.71899999999994 16 2100.0 -265.0 35 -70 96.536 78.13 53
1575.0 220.88800000000012 18 1710.0 -135.0 18 -61 81.86100000000003 62.811999999999976 27
1180.0 209.05100000000004 18 1290.0 -110.0 14 -54 68.091 51.992 22
1195.0 251.12800000000004 18 1290.0 -95.0 22 -70 85.614 46.94 13
940.0 175.94900000000004 14 1020.0 -80.0 10 -50 59.29399999999999 44.244 16
990.0 231.01299999999986 18 1200.0 -225.0 40 -62 72.192 43.202999999999996 22
1050.0 272.301 17 1260.0 -255.0 39 -57 112.70900000000002 51.669999999999995 30
1060.0 255.66400000000002 16 1260.0 -200.0 22 -68 86.67699999999999 56.304 40
1715.0 295.6019999999999 15 1920.0 -205.0 27 -63 111.456 88.35699999999999 41
2185.0 328.55200000000013 14 2460.0 -275.0 54 -81 108.08400000000005 99.56699999999998 43
640.0 190.49400000000003 12 1050.0 -460.0 49 -42 71.866 46.583 72
1755.0 272.94300000000004 20 2130.0 -400.0 55 -62 116.274 73.31700000000001 80
1710.0 289.3149999999999 17 1860.0 -150.0 20 -73 109.22300000000001 63.66499999999999 30
1645.0 291.14300000000003 19 2010.0 -400.0 52 -64 110.03299999999996 74.761 80
1740.0 313.6940000000001 21 1950.0 -210.0 33 -78 112.36499999999998 71.73299999999999 21
1240.0 235.803 19 1410.0 -170.0 16 -66 77.56799999999998 52.502 34
1910.0 286.4320000000001 14 2040.0 -130.0 26 -76 87.01099999999998 82.00500000000002 20
2050.0 360.95899999999995 16 2370.0 -320.0 23 -79 106.111 87.88600000000001 64
1910.0 248.28799999999995 18 2010.0 -100.0 13 -54 103.26500000000001 81.11999999999999 20
1095.0 274.5799999999999 19 1230.0 -165.0 28 -67 96.41199999999996 64.87599999999999 29
1845.0 296.92000000000013 18 2010.0 -165.0 22 -68 114.88999999999999 74.90899999999999 33
1590.0 278.918 16 1980.0 -585.0 55 -60 93.262 88.30399999999999 113
2520.0 333.0369999999999 14 2670.0 -150.0 20 -67 126.28300000000004 114.09299999999995 30
1695.0 246.474 18 1770.0 -75.0 9 -65 87.70299999999999 65.16899999999998 15
1135.0 278.936 18 1410.0 -275.0 17 -65 95.495 57.839999999999996 55
1190.0 239.66000000000003 16 1680.0 -490.0 46 -64 56.112 77.48100000000001 98
1275.0 285.76699999999994 16 1500.0 -225.0 21 -73 98.76699999999998 63.31399999999999 45
1260.0 290.122 20 1350.0 -310.0 44 -70 114.70499999999997 54.547 50
2295.0 257.62600000000003 16 2370.0 -195.0 41 -72 71.11999999999999 86.16199999999999 29
1595.0 282.23499999999996 14 2010.0 -425.0 65 -61 105.549 86.09200000000004 56
1585.0 268.35299999999995 15 1830.0 -245.0 16 -65 103.24699999999999 75.59 49
1700.0 331.38499999999965 18 1920.0 -220.0 29 -84 93.50400000000002 84.62 44
1435.0 222.51599999999996 16 1620.0 -185.0 15 -70 65.27799999999999 55.79299999999999 37
2470.0 263.4170000000001 17 2760.0 -320.0 47 -72 74.492 88.91000000000001 48
1485.0 253.35699999999997 17 1680.0 -195.0 20 -59 84.15599999999999 69.79699999999998 39
1960.0 277.803 21 2190.0 -230.0 26 -80 89.07700000000003 75.85299999999997 46
1215.0 286.22599999999994 16 1380.0 -165.0 22 -69 85.54399999999998 49.563999999999986 33
1270.0 277.73600000000005 16 1470.0 -200.0 29 -67 88.537 52.767 30
1440.0 225.64 20 1560.0 -240.0 24 -60 86.36899999999999 53.226 48
2370.0 307.91800000000006 12 2520.0 -150.0 20 -69 100.32000000000006 99.274 30
710.0 156.846 11 750.0 -40.0 5 -50 43.949999999999996 25.234 8
2450.0 309.56299999999993 17 2610.0 -160.0 27 -76 79.44100000000002 88.58099999999997 28
1735.0 304.6019999999999 14 1980.0 -375.0 31 -72 112.95499999999998 77.76199999999996 75
1530.0 171.006 15 1530.0 -30.0 10 -45 63.294999999999995 50.48899999999999 2
1710.0 280.86 18 1920.0 -210.0 20 -77 85.20000000000002 66.55399999999999 42
1150.0 279.1609999999999 19 1320.0 -290.0 63 -63 104.29899999999999 63.66899999999998 42
1365.0 250.44100000000006 15 1500.0 -135.0 45 -69 68.73099999999998 61.93400000000001 9
1980.0 314.6099999999999 20 2100.0 -120.0 22 -85 97.64699999999998 76.42799999999997 20
1610.0 251.70999999999995 21 1740.0 -130.0 17 -71 87.53099999999998 59.68999999999999 26
1230.0 246.21599999999998 16 1320.0 -120.0 40 -67 77.55899999999997 59.498999999999974 8
885.0 236.6 20 1140.0 -305.0 33 -61 89.13699999999999 52.22999999999998 61
1955.0 289.7300000000001 17 2250.0 -295.0 26 -69 104.17999999999999 82.05200000000002 59
1660.0 278.8560000000001 13 1770.0 -110.0 27 -69 77.66 68.78500000000003 14
840.0 215.435 15 990.0 -150.0 20 -50 75.58499999999998 48.10999999999999 30
2035.0 281.21199999999993 14 2160.0 -245.0 33 -69 101.71300000000002 79.52900000000001 49
1080.0 228.53500000000005 19 1230.0 -150.0 20 -58 81.88 50.401999999999994 30
1420.0 266.201 17 1560.0 -140.0 19 -65 92.18100000000001 66.07099999999998 28
1160.0 203.81399999999996 15 1200.0 -40.0 5 -60 73.76199999999997 43.73399999999999 8
2770.0 367.53599999999994 21 2970.0 -200.0 29 -92 126.99000000000004 113.532 38
1820.0 254.03399999999996 19 1920.0 -100.0 13 -73 83.67299999999999 68.81700000000001 20
1220.0 349.1050000000001 18 1440.0 -235.0 41 -85 117.687 68.18099999999998 23
1475.0 265.5799999999999 22 1680.0 -295.0 74 -59 102.47799999999998 71.93499999999997 35
870.0 215.672 14 1140.0 -270.0 25 -59 65.687 46.23899999999999 54
1480.0 256.99800000000005 21 1560.0 -80.0 10 -70 89.48600000000002 60.83099999999999 16
1565.0 220.58200000000002 13 1620.0 -120.0 12 -53 64.71 62.083 24
1670.0 304.272 17 1890.0 -220.0 33 -71 106.856 69.04399999999998 22
1420.0 238.16000000000005 16 1800.0 -440.0 62 -65 78.26199999999996 53.43099999999999 62
1440.0 234.34099999999998 18 1530.0 -540.0 49 -55 93.831 61.979000000000006 108
1235.0 264.30800000000005 19 1410.0 -175.0 24 -68 95.75800000000002 61.44499999999999 35
1210.0 199.274 18 1290.0 -80.0 10 -53 65.43700000000001 51.876 16
1635.0 285.65000000000003 18 1830.0 -195.0 27 -75 74.24199999999999 70.53900000000003 33
1420.0 253.03500000000005 13 1560.0 -140.0 11 -62 97.57299999999998 63.25899999999999 28
1175.0 233.65800000000007 20 1380.0 -205.0 27 -75 68.50599999999997 47.11099999999998 41
1470.0 238.69699999999997 20 1620.0 -275.0 20 -65 87.54899999999999 57.64699999999999 55
1330.0 201.59000000000006 18 1410.0 -80.0 10 -63 56.79499999999998 53.030999999999985 16
1470.0 212.55000000000007 19 1620.0 -150.0 20 -62 80.06500000000003 49.778 30
2495.0 306.344 16 2640.0 -145.0 28 -81 102.77499999999998 89.18900000000004 23
1625.0 271.096 17 1920.0 -295.0 39 -63 117.49400000000003 68.481 39
1810.0 360.32600000000014 22 2220.0 -410.0 58 -80 126.19000000000001 94.243 60
1555.0 312.3499999999999 19 1950.0 -395.0 43 -74 99.28999999999998 79.25399999999998 79
980.0 206.95700000000002 13 1050.0 -70.0 9 -61 61.276999999999994 43.902999999999984 14
2085.0 269.18600000000004 16 2370.0 -330.0 43 -62 94.56500000000001 95.606 66
1785.0 319.13699999999994 20 1890.0 -105.0 35 -76 133.162 73.33999999999997 7
1185.0 238.36699999999993 18 1320.0 -135.0 15 -66 78.95199999999998 57.427 27
1920.0 279.34400000000005 15 2340.0 -570.0 53 -68 68.16299999999998 99.27099999999999 110
1725.0 324.9030000000001 20 1860.0 -135.0 33 -85 97.94800000000002 78.87400000000001 17
1335.0 327.888 22 1590.0 -300.0 60 -85 110.84099999999997 67.20599999999999 46
1635.0 296.15 20 1800.0 -165.0 55 -79 88.71699999999998 69.03699999999999 11
705.0 207.03599999999994 13 870.0 -165.0 21 -56 58.656 29.523999999999994 33
1290.0 265.844 22 1440.0 -210.0 28 -64 80.99799999999998 71.434 42
2120.0 294.2650000000001 14 2280.0 -235.0 46 -73 80.059 94.63700000000001 37
1050.0 205.252 17 1170.0 -120.0 16 -59 66.87699999999998 42.45899999999999 24
1330.0 247.01599999999996 16 1440.0 -110.0 15 -65 79.00600000000001 62.13099999999999 22
1470.0 254.63100000000009 17 1620.0 -150.0 20 -64 79.24299999999998 65.70800000000001 30
1725.0 305.513 17 1830.0 -105.0 35 -87 95.15599999999999 69.314 7
1640.0 270.09599999999995 13 1860.0 -310.0 48 -65 87.58 72.54699999999998 40
1795.0 348.27600000000007 19 2040.0 -245.0 24 -82 123.06600000000002 83.52199999999999 49
1965.0 276.6790000000001 15 2130.0 -165.0 27 -80 86.76399999999998 62.47299999999999 29
1695.0 260.03299999999996 18 1860.0 -165.0 22 -72 88.502 65.945 33
1620.0 247.93800000000005 16 2010.0 -390.0 100 -66 71.45599999999999 79.062 46
1680.0 274.05800000000005 16 1860.0 -180.0 24 -74 93.25000000000004 73.35600000000001 36
1725.0 268.577 20 1860.0 -135.0 18 -69 85.94100000000003 79.22299999999997 27
920.0 258.076 15 1050.0 -130.0 17 -68 73.704 41.893 26
725.0 256.32000000000005 16 1260.0 -535.0 61 -74 78.15699999999998 48.10999999999999 86
1245.0 247.08399999999997 14 1380.0 -135.0 18 -62 71.966 57.29999999999999 27
1120.0 252.12700000000004 18 1350.0 -350.0 48 -53 98.678 54.98899999999999 47
1845.0 258.947 15 2040.0 -315.0 57 -61 87.557 85.06 53
1090.0 294.70899999999995 17 1320.0 -230.0 36 -74 101.88599999999998 50.409000000000006 29
1800.0 285.6779999999998 23 1890.0 -120.0 40 -77 88.90899999999998 82.63499999999999 8
1425.0 221.79 17 1590.0 -165.0 22 -59 73.60399999999998 61.95299999999999 33
1785.0 286.40599999999995 17 2010.0 -315.0 45 -62 93.388 88.659 61
1740.0 297.50200000000007 16 1890.0 -150.0 20 -75 96.16600000000001 76.58899999999998 30
1790.0 262.83899999999994 19 2040.0 -250.0 18 -70 91.54599999999998 72.055 50
1545.0 240.25200000000004 13 1800.0 -255.0 23 -72 62.199999999999996 61.781999999999954 51
795.0 216.97299999999998 13 1140.0 -390.0 40 -62 71.86399999999999 38.48499999999999 78
1510.0 256.078 18 1800.0 -290.0 40 -67 85.77699999999999 63.49499999999999 34
1560.0 294.51599999999996 22 1680.0 -120.0 16 -67 105.015 90.71299999999998 24
1330.0 243.31499999999997 16 1530.0 -200.0 17 -66 70.73299999999998 57.321000000000005 40
1435.0 286.78799999999995 21 1680.0 -245.0 16 -68 121.50399999999999 68.41799999999999 49
1280.0 262.72 16 1410.0 -130.0 17 -55 104.25999999999999 69.32900000000001 26
1710.0 266.67 21 1830.0 -330.0 33 -69 102.09299999999999 72.12599999999998 66
2235.0 253.78500000000005 16 2280.0 -45.0 6 -63 101.32400000000004 86.32999999999997 9
1745.0 299.9460000000001 17 1950.0 -205.0 37 -75 102.85699999999999 80.52499999999999 29
2240.0 361.28800000000007 23 2400.0 -160.0 21 -71 139.65300000000005 109.22799999999998 32
2235.0 287.7549999999999 12 2340.0 -105.0 35 -76 80.326 85.53399999999996 7
1815.0 304.8639999999999 16 1950.0 -135.0 45 -78 90.236 76.11900000000001 9
1725.0 292.56399999999996 23 1920.0 -195.0 32 -72 100.56099999999996 87.67399999999999 35
1170.0 147.312 15 1320.0 -300.0 27 -41 55.25200000000001 43.245999999999995 60
1670.0 303.93999999999994 15 1890.0 -220.0 33 -73 106.00500000000005 70.97899999999998 22
1440.0 272.0619999999999 17 1740.0 -300.0 40 -63 100.34699999999997 71.47800000000001 60
1670.0 339.89799999999997 16 1860.0 -190.0 24 -79 116.98500000000007 80.18599999999996 38
1615.0 287.0159999999998 15 1800.0 -185.0 24 -66 105.91799999999996 79.68100000000004 37
1170.0 230.642 14 1380.0 -450.0 45 -55 74.27599999999998 50.51700000000001 69
1820.0 204.688 17 1920.0 -130.0 23 -58 68.70899999999999 62.05299999999999 22
1810.0 305.85399999999987 17 1980.0 -170.0 28 -83 89.143 63.329999999999984 17
2085.0 318.164 21 2250.0 -165.0 55 -82 98.52 95.52599999999998 11
1330.0 339.62400000000014 17 1740.0 -410.0 61 -72 119.875 79.27299999999998 78
1365.0 272.61299999999994 19 1530.0 -165.0 22 -72 77.08100000000002 66.91299999999998 33
1410.0 297.888 17 1590.0 -180.0 30 -69 112.99000000000004 66.84299999999998 18
1140.0 238.69699999999997 16 1380.0 -240.0 39 -66 69.728 63.40199999999999 24
1440.0 230.69500000000008 19 1680.0 -275.0 36 -49 87.838 70.67299999999999 55
2235.0 333.82499999999993 16 2310.0 -105.0 35 -80 122.30199999999999 94.13699999999997 7
1955.0 310.5369999999999 22 2160.0 -205.0 19 -80 96.87100000000001 86.60700000000001 41
1620.0 256.063 19 1740.0 -120.0 22 -72 76.16599999999998 65.43399999999998 20
1020.0 250.73500000000004 17 1170.0 -150.0 20 -68 73.053 51.36899999999999 30
2130.0 278.213 15 2220.0 -90.0 12 -66 116.86700000000005 80.01299999999996 18
1800.0 250.1279999999999 17 1950.0 -150.0 20 -72 65.533 65.676 30
1115.0 172.06699999999992 11 1170.0 -55.0 7 -49 59.274999999999984 34.72499999999999 11
1520.0 255.7499999999999 13 1710.0 -190.0 31 -60 97.759 65.14999999999999 19
1745.0 290.108 17 1950.0 -205.0 23 -79 81.148 73.28399999999999 41
1395.0 233.04799999999986 16 1530.0 -135.0 10 -58 88.84099999999997 56.844 27
2000.0 276.92299999999994 13 2100.0 -100.0 13 -66 92.80500000000002 94.06899999999997 20
1770.0 299.64000000000004 19 1860.0 -90.0 30 -75 116.883 74.46 6
2355.0 308.13099999999986 19 2430.0 -75.0 25 -74 108.43700000000001 99.09299999999999 5
1195.0 222.45800000000003 17 1380.0 -505.0 68 -57 82.84400000000002 53.58 69
2035.0 291.88899999999995 18 2340.0 -355.0 47 -74 103.076 74.414 71
1360.0 263.40900000000005 18 1500.0 -230.0 25 -63 85.31799999999998 54.626999999999995 46
1980.0 323.78499999999997 22 2190.0 -210.0 36 -85 84.846 79.99400000000001 36
2020.0 245.64499999999992 22 2100.0 -80.0 10 -59 99.21499999999997 80.35799999999999 16
1120.0 197.36400000000003 13 1200.0 -80.0 10 -50 52.757000000000005 55.61399999999999 16
1595.0 277.72999999999996 18 1710.0 -115.0 18 -72 94.48299999999999 59.223999999999975 21
1085.0 204.51099999999997 17 1320.0 -335.0 29 -53 64.961 55.711999999999996 67
1485.0 237.222 18 1620.0 -135.0 18 -68 75.86099999999998 62.43300000000001 27
1170.0 240.06 15 1470.0 -300.0 88 -55 86.023 65.61700000000002 28
970.0 236.05300000000003 19 1290.0 -320.0 34 -71 78.19899999999998 45.13999999999999 64
1220.0 292.70700000000005 18 1440.0 -365.0 40 -71 104.58400000000002 58.410999999999994 51
1130.0 222.711 14 1200.0 -70.0 5 -55 68.02899999999998 60.946 14
1470.0 324.218 17 1710.0 -240.0 31 -82 94.76599999999998 61.548 48
850.0 185.18800000000007 15 1020.0 -170.0 22 -61 52.87199999999999 36.278999999999996 34
2310.0 263.13900000000007 14 2550.0 -240.0 22 -60 91.47000000000003 97.12800000000003 48
1015.0 197.20200000000003 19 1350.0 -365.0 48 -51 74.088 46.303000000000004 73
1970.0 338.75799999999975 20 2160.0 -190.0 31 -83 112.28699999999999 87.91299999999998 19
2325.0 300.18099999999987 12 2400.0 -75.0 25 -78 86.72399999999999 85.65499999999997 5
1510.0 237.02900000000002 16 1650.0 -140.0 11 -67 67.025 73.84799999999997 28
1615.0 271.988 18 1770.0 -155.0 20 -63 92.944 68.83299999999998 31
1190.0 263.05499999999995 18 1440.0 -280.0 39 -65 81.40199999999999 69.726 52
1505.0 294.48199999999997 20 1650.0 -145.0 30 -81 100.36499999999998 66.29499999999999 19
1740.0 306.43300000000005 16 1950.0 -240.0 38 -74 121.3 76.57599999999996 44
1090.0 234.06899999999996 14 1290.0 -200.0 33 -59 87.48999999999998 53.661 20
2230.0 336.3099999999999 20 2400.0 -170.0 22 -80 128.445 89.45199999999998 34
1960.0 285.6529999999999 17 2190.0 -440.0 49 -61 97.49499999999998 87.17900000000002 65
1735.0 258.27200000000005 14 2010.0 -275.0 24 -70 78.12600000000002 80.096 55
2505.0 257.01099999999997 16 2640.0 -255.0 34 -65 94.98499999999997 93.61499999999998 51
2215.0 278.215 18 2430.0 -345.0 36 -79 88.74100000000003 84.49299999999995 69
910.0 214.66700000000003 18 990.0 -80.0 10 -53 73.38999999999999 50.21799999999999 16
1190.0 254.322 16 1410.0 -220.0 21 -70 74.80799999999996 61.48799999999999 44
3045.0 307.08899999999994 15 3210.0 -165.0 20 -77 124.30300000000004 103.61299999999997 33
1800.0 314.48199999999986 18 2070.0 -340.0 60 -78 101.57300000000002 73.84599999999999 52
1185.0 221.70300000000006 17 1320.0 -135.0 18 -65 67.003 55.29999999999999 27
910.0 241.25699999999998 17 1200.0 -330.0 49 -61 83.24399999999999 44.568000000000005 47
1500.0 234.54 18 1650.0 -340.0 35 -64 77.65300000000002 66.27999999999999 68
1920.0 330.2679999999999 17 2160.0 -240.0 27 -86 106.20500000000001 90.47000000000003 48
1255.0 241.322 18 1590.0 -370.0 48 -60 85.082 75.475 74
1540.0 325.89899999999994 19 1710.0 -170.0 23 -82 113.67400000000002 76.64399999999998 34
1780.0 319.961 18 2130.0 -375.0 72 -75 111.049 88.14799999999998 61
1210.0 280.3469999999999 20 1440.0 -230.0 38 -82 93.55 49.84399999999999 23
915.0 213.58099999999988 17 1140.0 -285.0 39 -45 95.32399999999998 46.478 57
1345.0 274.4979999999998 19 1500.0 -155.0 20 -67 85.43799999999999 75.03599999999997 31
1335.0 275.106 18 1560.0 -345.0 91 -67 90.024 73.923 39
1590.0 265.18699999999995 20 1800.0 -210.0 17 -66 102.097 74.054 42
1365.0 276.98999999999995 21 1410.0 -45.0 6 -70 101.98699999999997 54.97599999999999 9
1960.0 324.82300000000015 14 2160.0 -365.0 55 -73 113.455 100.07599999999998 53
1600.0 302.3589999999999 16 1770.0 -170.0 28 -72 96.41400000000003 69.59399999999998 17
1370.0 227.12799999999993 20 1470.0 -100.0 13 -61 91.38199999999998 46.982 20
1350.0 265.291 16 1440.0 -90.0 12 -64 97.719 63.05299999999998 18
1620.0 249.28499999999997 13 1830.0 -210.0 33 -59 80.31899999999999 59.42499999999998 21
1590.0 263.4059999999999 17 1770.0 -180.0 15 -64 100.305 69.74300000000001 36
1460.0 209.43800000000005 14 1530.0 -70.0 9 -57 57.63499999999998 51.65799999999999 14
1455.0 260.4290000000001 19 1770.0 -315.0 37 -56 98.089 70.51999999999998 40
1720.0 293.94899999999996 17 1950.0 -230.0 32 -63 103.245 72.24799999999998 23
2145.0 313.432 23 2220.0 -75.0 25 -75 123.54599999999998 85.08099999999999 5
1335.0 237.563 15 1470.0 -135.0 18 -62 72.525 43.449999999999996 27
1780.0 334.5260000000002 13 2370.0 -740.0 54 -70 127.49200000000006 90.94799999999996 148
2265.0 264.1880000000001 15 2610.0 -345.0 35 -66 90.44100000000002 92.30300000000003 69
2715.0 341.341 17 2880.0 -215.0 49 -80 116.63100000000001 116.63 29
2505.0 313.006 16 2580.0 -75.0 25 -73 106.98399999999998 103.23199999999999 5
3140.0 433.09500000000014 17 3420.0 -340.0 61 -96 148.34099999999998 115.476 38
2535.0 243.983 19 2670.0 -135.0 18 -68 72.724 90.33299999999998 27
2495.0 374.598 16 2760.0 -265.0 29 -75 125.59700000000002 109.773 53
1200.0 279.3099999999999 18 1290.0 -90.0 30 -74 101.67999999999999 45.93299999999999 6
1095.0 220.02800000000002 16 1260.0 -215.0 28 -50 68.309 55.597999999999985 43
1790.0 258.7849999999999 18 1860.0 -70.0 5 -59 96.00099999999999 83.63599999999998 14
1400.0 263.46599999999995 16 1590.0 -190.0 31 -67 84.11799999999998 64.756 19
2085.0 343.09999999999985 18 2310.0 -225.0 31 -83 113.96600000000004 102.19000000000001 45
1505.0 281.732 9 1800.0 -295.0 31 -77 60.27600000000002 74.60499999999999 57
1020.0 253.96700000000007 18 1170.0 -150.0 20 -58 87.56700000000001 56.22400000000001 30
2210.0 394.193 20 2460.0 -250.0 34 -91 155.65900000000005 101.09299999999999 50
1215.0 278.54699999999997 15 1590.0 -375.0 30 -77 72.803 62.712999999999994 75
1280.0 229.57000000000005 18 1500.0 -275.0 36 -73 57.824 58.091999999999985 55
1890.0 270.6820000000001 19 2010.0 -120.0 16 -70 94.89100000000002 75.02499999999995 24
1255.0 236.98599999999996 15 1530.0 -275.0 24 -54 93.79499999999999 67.60699999999999 55
1625.0 276.24000000000007 15 1950.0 -325.0 38 -63 98.144 71.061 42
1440.0 281.4709999999999 20 1590.0 -180.0 30 -73 107.12599999999998 52.93099999999997 32
1655.0 270.38699999999994 21 1800.0 -145.0 19 -76 85.58799999999998 68.99599999999998 29
1425.0 250.41999999999996 18 1590.0 -165.0 22 -69 74.62799999999997 58.824 33
1620.0 257.38200000000006 17 1770.0 -150.0 20 -68 82.83200000000002 64.489 30
1535.0 262.35300000000007 14 1980.0 -445.0 36 -61 96.43400000000001 73.86200000000002 89
1515.0 239.20100000000005 19 1830.0 -315.0 42 -65 82.14999999999999 67.30399999999999 63
1425.0 218.03899999999993 16 1530.0 -105.0 13 -58 84.67599999999997 49.517 21
1525.0 241.23999999999998 18 1740.0 -215.0 28 -72 66.886 55.96599999999999 43
1975.0 284.20899999999995 20 2190.0 -215.0 24 -82 86.66799999999998 73.967 43
1415.0 282.428 13 1680.0 -265.0 16 -76 84.51200000000001 69.921 53
1270.0 229.38499999999996 17 1380.0 -110.0 14 -59 82.107 56.08099999999999 22
1135.0 210.52800000000008 13 1320.0 -200.0 20 -56 77.62200000000001 37.380999999999986 38
2415.0 268.17600000000004 15 2490.0 -75.0 25 -60 103.76300000000002 90.43799999999993 5
2130.0 254.33200000000002 18 2280.0 -150.0 19 -66 85.74 80.30199999999998 30
1305.0 247.46799999999993 18 1440.0 -135.0 18 -69 91.35499999999998 54.46499999999998 27
1610.0 267.732 13 1800.0 -190.0 31 -67 89.33899999999998 70.60600000000001 19
965.0 284.39200000000005 22 1260.0 -295.0 24 -73 83.76499999999999 50.94799999999999 59
1590.0 307.43699999999995 14 1890.0 -300.0 58 -77 110.80099999999999 71.09799999999998 48
1720.0 277.78299999999996 18 1860.0 -195.0 26 -62 117.718 73.86399999999999 39
1940.0 294.3090000000001 16 2250.0 -310.0 28 -68 95.0 93.04299999999999 62
1190.0 234.8020000000001 16 1350.0 -160.0 21 -64 78.79299999999998 53.68899999999999 32
945.0 240.09999999999997 17 1080.0 -135.0 18 -64 79.589 48.718 27
1185.0 244.37500000000009 15 1500.0 -315.0 25 -73 66.523 60.58599999999999 63
1470.0 236.08800000000002 13 1590.0 -120.0 16 -58 78.88099999999999 66.21399999999998 24
1610.0 273.32000000000005 17 1770.0 -160.0 21 -59 101.28300000000003 77.521 32
1010.0 217.46400000000003 16 1290.0 -280.0 17 -59 67.00699999999999 47.20999999999999 56
1510.0 319.33399999999983 16 1710.0 -200.0 33 -67 132.49500000000003 86.885 20
2245.0 333.9990000000001 20 2700.0 -455.0 47 -71 106.29600000000002 111.231 91
870.0 177.772 13 930.0 -60.0 8 -43 60.17399999999999 41.392999999999994 12
1430.0 276.97099999999995 21 1590.0 -160.0 21 -73 99.86200000000002 72.54099999999998 32
1440.0 250.04100000000003 18 1590.0 -150.0 20 -65 82.87799999999999 61.39499999999998 30
1465.0 266.5440000000002 18 1650.0 -185.0 24 -73 84.85599999999998 66.49499999999998 37
1605.0 288.69599999999997 14 1740.0 -135.0 15 -66 101.46100000000001 64.22500000000001 27
2150.0 262.61599999999993 17 2220.0 -70.0 9 -66 104.083 75.70699999999998 14
1710.0 318.67399999999986 19 2100.0 -390.0 26 -78 114.63100000000003 76.82 78
1565.0 348.9759999999999 19 1830.0 -265.0 34 -91 108.27000000000001 85.56499999999998 41
1290.0 217.716 13 1380.0 -105.0 17 -59 70.02099999999999 45.825999999999986 19
1605.0 249.545 15 1770.0 -165.0 22 -63 82.44500000000002 79.24899999999997 33
760.0 242.832 16 1140.0 -380.0 50 -54 91.32999999999997 45.38599999999999 76
980.0 296.86699999999985 18 1230.0 -250.0 37 -72 99.59699999999997 54.29099999999999 28
1175.0 240.228 19 1410.0 -235.0 23 -57 93.01599999999999 58.726 47
1980.0 282.84999999999985 18 2100.0 -120.0 16 -70 106.20200000000001 75.394 24
1330.0 211.506 20 1440.0 -110.0 14 -56 77.51799999999999 57.574 22
720.0 212.76200000000009 17 930.0 -255.0 33 -55 62.221999999999994 42.81799999999999 51
825.0 235.28000000000006 14 1080.0 -355.0 32 -53 95.776 35.504000000000005 71
1400.0 234.43299999999996 15 1620.0 -220.0 33 -54 83.61699999999999 52.84899999999998 22
1745.0 310.795 20 1950.0 -220.0 35 -73 102.02799999999998 79.61700000000002 38
2865.0 310.784 17 3000.0 -135.0 17 -73 127.23500000000004 114.85300000000002 27
1580.0 278.70799999999997 21 2070.0 -545.0 49 -56 104.15199999999999 81.81999999999998 109
1500.0 264.82499999999993 17 1650.0 -150.0 20 -70 90.67799999999998 62.877999999999986 30
1550.0 287.3400000000001 20 1770.0 -250.0 46 -76 92.24600000000001 76.06999999999998 24
1110.0 165.363 13 1110.0 0.0 0 -44 54.847999999999985 46.21699999999999 0
1640.0 260.58599999999984 21 2040.0 -400.0 52 -62 81.47000000000004 85.34999999999997 80
1990.0 263.3109999999999 17 2130.0 -140.0 11 -65 95.957 78.88000000000001 28
1480.0 313.6699999999999 16 1650.0 -170.0 22 -76 98.54599999999999 76.28299999999999 34
1615.0 194.59100000000004 16 1740.0 -125.0 10 -54 69.33500000000001 62.58400000000001 25
1750.0 324.76099999999985 16 1920.0 -275.0 27 -72 128.55 76.633 55
1305.0 251.77300000000002 14 1440.0 -135.0 18 -65 82.92099999999999 47.379999999999995 27
1350.0 248.75100000000003 15 1530.0 -180.0 15 -60 89.10499999999998 66.86699999999999 36
1815.0 309.3070000000001 16 2220.0 -405.0 36 -80 98.19499999999998 76.57700000000001 79
2200.0 329.285 21 2370.0 -170.0 22 -75 125.622 93.90399999999997 34
1030.0 276.20399999999995 17 1350.0 -395.0 38 -60 90.27499999999999 56.738 79
1020.0 233.91900000000004 14 1230.0 -210.0 33 -61 74.64299999999999 43.114999999999995 21
1530.0 276.84299999999996 18 1740.0 -210.0 33 -56 108.505 70.46799999999999 21
1955.0 276.5009999999999 20 2130.0 -175.0 29 -69 93.08299999999998 84.92299999999999 31
